X,Y,VaccinationDate,VaccineText,Dose1,Dose2,SingleDose,Dose1Cum,Dose2Cum,SingleDoseCum,PartiallyVacc,FullyVacc,PartialPercent,FullyPercent,ObjectId
-7.6926,53.28823,2021/09/05 23:00:00+00,Mon 06 Sep 2021,2115,9581,68,3501561,3243479,234997,3736558,3478476,88.3761974298098,82.2721022210428,1
-7.6926,53.28823,2021/09/06 23:00:00+00,Tue 07 Sep 2021,2999,9903,138,3504560,3253382,235135,3739695,3488517,88.4503930214044,82.5095896087383,2
-7.6926,53.28823,2021/09/07 23:00:00+00,Wed 08 Sep 2021,2574,14697,181,3507134,3268079,235316,3742450,3503395,88.5155536381857,82.8614805911239,3
-7.6926,53.28823,2021/09/08 23:00:00+00,Thu 09 Sep 2021,3079,14705,135,3510213,3282784,235451,3745664,3518235,88.5915704158028,83.2124728063814,4
-7.6926,53.28823,2021/09/09 23:00:00+00,Fri 10 Sep 2021,3353,13863,109,3513566,3296647,235560,3749126,3532207,88.6734528315185,83.5429352882937,5
-7.6926,53.28823,2021/09/10 23:00:00+00,Sat 11 Sep 2021,2537,11248,57,3516103,3307895,235617,3751720,3543512,88.734805513889,83.8103185088791,6
-7.6926,53.28823,2021/09/11 23:00:00+00,Sun 12 Sep 2021,2023,12847,0,3518126,3320742,235617,3753743,3556359,88.7826530375727,84.1141727534488,7
-7.6926,53.28823,2021/09/12 23:00:00+00,Mon 13 Sep 2021,1572,7656,46,3519698,3328398,235663,3755361,3564061,88.8209215958131,84.2963386592381,8
-7.6926,53.28823,2021/09/13 23:00:00+00,Tue 14 Sep 2021,1519,10690,79,3521217,3339088,235742,3756959,3574830,88.8587171187229,84.5510445329651,9
-7.6926,53.28823,2021/09/14 23:00:00+00,Wed 15 Sep 2021,3246,12331,131,3524463,3351419,235873,3760336,3587292,88.9385891342839,84.845792847422,10
-7.6926,53.28823,2021/09/15 23:00:00+00,Thu 16 Sep 2021,1883,10526,110,3526346,3361945,235983,3762329,3597928,88.9857271049717,85.0973530362009,11
-7.6926,53.28823,2021/09/16 23:00:00+00,Fri 17 Sep 2021,2537,14526,89,3528883,3376471,236072,3764955,3612543,89.0478366438711,85.44302360399,12
-7.6926,53.28823,2021/09/17 23:00:00+00,Sat 18 Sep 2021,2273,11177,41,3531156,3387648,236113,3767269,3623761,89.1025668316141,85.7083491208875,13
-7.6926,53.28823,2021/09/18 23:00:00+00,Sun 19 Sep 2021,1854,8462,11,3533010,3396110,236124,3769134,3632234,89.1466773761865,85.908750538669,14
-7.6926,53.28823,2021/09/19 23:00:00+00,Mon 20 Sep 2021,948,5557,31,3533958,3401667,236155,3770113,3637822,89.1698324556163,86.0409166100207,15
-7.6926,53.28823,2021/09/20 23:00:00+00,Tue 21 Sep 2021,1443,6598,89,3535401,3408265,236244,3771645,3644509,89.2060669619353,86.1990759727853,16
-7.6926,53.28823,2021/09/21 23:00:00+00,Wed 22 Sep 2021,1884,8077,94,3537285,3416342,236338,3773623,3652680,89.2528501561253,86.3923345570757,17
-7.6926,53.28823,2021/09/22 23:00:00+00,Thu 23 Sep 2021,1678,8698,85,3538963,3425040,236423,3775386,3661463,89.294548220512,86.6000680224805,18
-7.6926,53.28823,2021/09/23 23:00:00+00,Fri 24 Sep 2021,1900,7321,79,3540863,3432361,236502,3777365,3668863,89.3413550664686,86.7750910947788,19
-7.6926,53.28823,2021/09/24 23:00:00+00,Sat 25 Sep 2021,2400,6547,50,3543263,3438908,236552,3779815,3675460,89.3993018944592,86.931121798556,20
-7.6926,53.28823,2021/09/25 23:00:00+00,Sun 26 Sep 2021,1536,7081,0,3544799,3445989,236552,3781351,3682541,89.4356310078443,87.0985999573322,21
-7.6926,53.28823,2021/09/26 23:00:00+00,Mon 27 Sep 2021,1165,3712,45,3545964,3449701,236597,3782561,3686298,89.4642496453418,87.1874596441734,22
-7.6926,53.28823,2021/09/27 23:00:00+00,Tue 28 Sep 2021,1434,5055,91,3547398,3454756,236688,3784086,3691444,89.5003185892951,87.3091716347202,23
-7.6926,53.28823,2021/09/28 23:00:00+00,Wed 29 Sep 2021,1637,3541,73,3549035,3458297,236761,3785796,3695058,89.5407631100559,87.394649118948,24
-7.6926,53.28823,2021/09/29 23:00:00+00,Thu 30 Sep 2021,1266,3892,77,3550301,3462189,236838,3787139,3699027,89.5725274325014,87.4885229802929,25
-7.6926,53.28823,2021/09/30 23:00:00+00,Fri 01 Oct 2021,1832,5103,38,3552133,3467292,236876,3789009,3704168,89.6167562359065,87.6101167120071,26
-7.6926,53.28823,2021/10/01 23:00:00+00,Sat 02 Oct 2021,1704,4036,39,3553837,3471328,236915,3790752,3708243,89.6579812649627,87.7064976606038,27
-7.6926,53.28823,2021/10/02 23:00:00+00,Sun 03 Oct 2021,1204,2991,9,3555041,3474319,236924,3791965,3711243,89.6866708577597,87.7774529601841,28
-7.6926,53.28823,2021/10/03 23:00:00+00,Mon 04 Oct 2021,331,1164,16,3555372,3475483,236940,3792312,3712423,89.6948780207445,87.8053620446858,29
-7.6926,53.28823,2021/10/04 23:00:00+00,Tue 05 Oct 2021,957,2755,68,3556329,3478238,237008,3793337,3715246,89.7191210814345,87.8721309815909,30
-7.6926,53.28823,2021/10/05 23:00:00+00,Wed 06 Oct 2021,978,2501,34,3557307,3480739,237042,3794349,3717781,89.7430566691596,87.9320882097363,31
-7.6926,53.28823,2021/10/06 23:00:00+00,Thu 07 Oct 2021,1205,2634,41,3558512,3483373,237083,3795595,3720456,89.7725267702519,87.9953566851955,32
-7.6926,53.28823,2021/10/07 23:00:00+00,Fri 08 Oct 2021,976,2694,43,3559488,3486067,237126,3796614,3723193,89.7966279203427,88.0600915701793,33
-7.6926,53.28823,2021/10/08 23:00:00+00,Sat 09 Oct 2021,729,2317,19,3560217,3488384,237145,3797362,3725529,89.8143194417048,88.1153420967859,34
-7.6926,53.28823,2021/10/09 23:00:00+00,Sun 10 Oct 2021,1529,3889,0,3561746,3492273,237145,3798891,3729418,89.8504829927242,88.2073238168086,35
-7.6926,53.28823,2021/10/10 23:00:00+00,Mon 11 Oct 2021,328,1065,12,3562074,3493338,237157,3799231,3730495,89.8585245933433,88.2327967693579,36
-7.6926,53.28823,2021/10/11 23:00:00+00,Tue 12 Oct 2021,561,1564,20,3562635,3494902,237177,3799812,3732079,89.8722662696954,88.2702611675363,37
-7.6926,53.28823,2021/10/12 23:00:00+00,Wed 13 Oct 2021,1026,1979,9,3563661,3496881,237186,3800847,3734067,89.8967458480506,88.3172808793916,38
-7.6926,53.28823,2021/10/13 23:00:00+00,Thu 14 Oct 2021,696,1518,7,3564357,3498399,237193,3801550,3735592,89.913373039919,88.353349823345,39
-7.6926,53.28823,2021/10/14 23:00:00+00,Fri 15 Oct 2021,950,1997,5,3565307,3500396,237198,3802505,3737594,89.9359604769521,88.4007006599316,40
-7.6926,53.28823,2021/10/15 23:00:00+00,Sat 16 Oct 2021,1376,2590,11,3566683,3502986,237209,3803892,3740195,89.9687654771247,88.4622189046678,41
-7.6926,53.28823,2021/10/16 23:00:00+00,Sun 17 Oct 2021,1709,2875,2,3568392,3505861,237211,3805603,3743072,90.0092336496521,88.5302650369653,42
-7.6926,53.28823,2021/10/17 23:00:00+00,Mon 18 Oct 2021,668,1171,3,3569060,3507032,237214,3806274,3744246,90.0251039849915,88.5580322108678,43
-7.6926,53.28823,2021/10/18 23:00:00+00,Tue 19 Oct 2021,1328,1730,10,3570388,3508762,237224,3807612,3745986,90.0567500486044,88.5991862846244,44
-7.6926,53.28823,2021/10/19 23:00:00+00,Wed 20 Oct 2021,2245,2255,0,3572633,3511017,237224,3809857,3748241,90.109848264457,88.6525210181423,45
-7.6926,53.28823,2021/10/20 23:00:00+00,Thu 21 Oct 2021,1753,1768,8,3574386,3512785,237232,3811618,3750017,90.1514990253107,88.6945265554939,46
-7.6926,53.28823,2021/10/21 23:00:00+00,Fri 22 Oct 2021,1491,1878,1,3575877,3514663,237233,3813110,3751896,90.1867874609687,88.7389682247977,47
-7.6926,53.28823,2021/10/22 23:00:00+00,Sat 23 Oct 2021,2006,1662,0,3577883,3516325,237233,3815116,3753558,90.2342329046214,88.7782774607653,48
-7.6926,53.28823,2021/10/23 23:00:00+00,Sun 24 Oct 2021,1943,2171,0,3579826,3518496,237233,3817059,3755729,90.280188286983,88.8296254458949,49
-7.6926,53.28823,2021/10/24 23:00:00+00,Mon 25 Oct 2021,1214,807,0,3581040,3519303,237233,3818273,3756536,90.3089015315465,88.848712421482,50
-7.6926,53.28823,2021/10/25 23:00:00+00,Tue 26 Oct 2021,1237,1164,5,3582277,3520467,237238,3819515,3757705,90.3382770255728,88.8763613365519,51
-7.6926,53.28823,2021/10/26 23:00:00+00,Wed 27 Oct 2021,1553,1384,4,3583830,3521851,237242,3821072,3759093,90.375102826055,88.9091899884911,52
-7.6926,53.28823,2021/10/27 23:00:00+00,Thu 28 Oct 2021,2139,1640,2,3585969,3523491,237244,3823213,3760735,90.4257412581888,88.948026189128,53
-7.6926,53.28823,2021/10/28 23:00:00+00,Fri 29 Oct 2021,2130,1315,0,3588099,3524806,237244,3825343,3762050,90.4761195208909,88.9791282621108,54
-7.6926,53.28823,2021/10/29 23:00:00+00,Sat 30 Oct 2021,1999,1420,0,3590098,3526226,237244,3827342,3763470,90.5233994021779,89.0127137705788,55
-7.6926,53.28823,2021/10/30 23:00:00+00,Sun 31 Oct 2021,1628,1310,0,3591726,3527536,237244,3828970,3764780,90.5619044780836,89.0436975847289,56
-7.6926,53.28823,2021/11/01 00:00:00+00,Mon 01 Nov 2021,256,243,0,3591982,3527779,237244,3829226,3765023,90.5679593303144,89.0494449639949,57
-7.6926,53.28823,2021/11/02 00:00:00+00,Tue 02 Nov 2021,1086,1054,9,3593068,3528833,237253,3830321,3766086,90.5938580146613,89.0745867918129,58
-7.6926,53.28823,2021/11/03 00:00:00+00,Wed 03 Nov 2021,2535,1788,5,3595603,3530621,237258,3832861,3767879,90.6539335016393,89.1169944091954,59
-7.6926,53.28823,2021/11/04 00:00:00+00,Thu 04 Nov 2021,1552,1221,0,3597155,3531842,237258,3834413,3769100,90.6906410432889,89.1458732161246,60
-7.6926,53.28823,2021/11/05 00:00:00+00,Fri 05 Nov 2021,1633,1015,0,3598788,3532857,237258,3836046,3770115,90.7292643780271,89.1698797591493,61
-7.6926,53.28823,2021/11/06 00:00:00+00,Sat 06 Nov 2021,1822,1318,5,3600610,3534175,237263,3837873,3771438,90.7724761554716,89.2011710462643,62
-7.6926,53.28823,2021/11/07 00:00:00+00,Sun 07 Nov 2021,730,765,0,3601340,3534940,237263,3838603,3772203,90.7897419450361,89.2192646476573,63
-7.6926,53.28823,2021/11/08 00:00:00+00,Mon 08 Nov 2021,509,488,1,3601849,3535428,237264,3839113,3772692,90.8018043459648,89.2308303614889,64
-7.6926,53.28823,2021/11/09 00:00:00+00,Tue 09 Nov 2021,1378,993,1,3603227,3536421,237265,3840492,3773686,90.8344201320052,89.2543402174165,65
-7.6926,53.28823,2021/11/10 00:00:00+00,Wed 10 Nov 2021,1624,1296,0,3604851,3537717,237265,3842116,3774982,90.8728306008448,89.2849929068352,66
-7.6926,53.28823,2021/11/11 00:00:00+00,Thu 11 Nov 2021,1406,1049,1,3606257,3538766,237266,3843523,3776032,90.9061086363479,89.3098272616883,67
-7.6926,53.28823,2021/11/12 00:00:00+00,Fri 12 Nov 2021,1153,1077,5,3607410,3539843,237271,3844681,3777114,90.933497381986,89.3354184730703,68
-7.6926,53.28823,2021/11/13 00:00:00+00,Sat 13 Nov 2021,1410,1331,0,3608820,3541174,237271,3846091,3778445,90.9668463727887,89.3668989743175,69
-7.6926,53.28823,2021/11/14 00:00:00+00,Sun 14 Nov 2021,1648,1799,0,3610468,3542973,237271,3847739,3780244,91.0058244840249,89.4094485022992,70
-7.6926,53.28823,2021/11/15 00:00:00+00,Mon 15 Nov 2021,1253,546,0,3611721,3543519,237271,3848992,3780790,91.035460147483,89.4223623668228,71
-7.6926,53.28823,2021/11/16 00:00:00+00,Tue 16 Nov 2021,1323,1020,4,3613044,3544539,237275,3850319,3781814,91.066846041664,89.4465817757463,72
-7.6926,53.28823,2021/11/17 00:00:00+00,Wed 17 Nov 2021,1512,1053,0,3614556,3545592,237275,3851831,3782867,91.1026075126525,89.471487085899,73
-7.6926,53.28823,2021/11/18 00:00:00+00,Thu 18 Nov 2021,1668,2427,5,3616224,3548019,237280,3853504,3785299,91.1421769180518,89.5290081820921,74
-7.6926,53.28823,2021/11/19 00:00:00+00,Fri 19 Nov 2021,1179,1458,0,3617403,3549477,237280,3854683,3786757,91.1700623507869,89.5634924576882,75
-7.6926,53.28823,2021/11/20 00:00:00+00,Sat 20 Nov 2021,1535,2901,10,3618938,3552378,237290,3856228,3789668,91.2066043300708,89.6323427500477,76
-7.6926,53.28823,2021/11/21 00:00:00+00,Sun 21 Nov 2021,1787,2749,0,3620725,3555127,237290,3858015,3792417,91.2488700368542,89.6973614562298,77
-7.6926,53.28823,2021/11/22 00:00:00+00,Mon 22 Nov 2021,718,464,2,3621443,3555591,237292,3858735,3792883,91.2658993087535,89.7083831794313,78
-7.6926,53.28823,2021/11/23 00:00:00+00,Tue 23 Nov 2021,2169,1533,4,3623612,3557124,237296,3860908,3794420,91.3172945974162,89.744735944583,79
-7.6926,53.28823,2021/11/24 00:00:00+00,Wed 24 Nov 2021,1627,3079,0,3625239,3560203,237296,3862535,3797499,91.3557760215553,89.817559733719,80
-7.6926,53.28823,2021/11/25 00:00:00+00,Thu 25 Nov 2021,1007,1109,0,3626246,3561312,237296,3863542,3798608,91.3795933504477,89.8437895427972,81
-7.6926,53.28823,2021/11/26 00:00:00+00,Fri 26 Nov 2021,1293,1056,12,3627539,3562368,237308,3864847,3799676,91.4104589057652,89.8690496294478,82
-7.6926,53.28823,2021/11/27 00:00:00+00,Sat 27 Nov 2021,1230,1525,5,3628769,3563893,237313,3866082,3801206,91.4396688374258,89.9052368322338,83
-7.6926,53.28823,2021/11/28 00:00:00+00,Sun 28 Nov 2021,1971,2247,0,3630740,3566140,237313,3868053,3803453,91.4862864692501,89.9583823516195,84
-7.6926,53.28823,2021/11/29 00:00:00+00,Mon 29 Nov 2021,543,961,1,3631283,3567101,237314,3868597,3804415,91.4991530302407,89.9811353510182,85
-7.6926,53.28823,2021/11/30 00:00:00+00,Tue 30 Nov 2021,1939,1589,6,3633222,3568690,237320,3870542,3806010,91.5451557161353,90.0188599186285,86
-7.6926,53.28823,2021/12/01 00:00:00+00,Wed 01 Dec 2021,1129,1321,1,3634351,3570011,237321,3871672,3807332,91.5718822123106,90.0501275539769,87
-7.6926,53.28823,2021/12/02 00:00:00+00,Thu 02 Dec 2021,1808,1357,1,3636159,3571368,237322,3873481,3808690,91.6146682579575,90.0822466529203,88
-7.6926,53.28823,2021/12/03 00:00:00+00,Fri 03 Dec 2021,1044,1131,3,3637203,3572499,237325,3874528,3809824,91.6394316575111,90.1090677561616,89
-7.6926,53.28823,2021/12/04 00:00:00+00,Sat 04 Dec 2021,1193,1673,0,3638396,3574172,237325,3875721,3811497,91.6676482149775,90.148637161561,90
-7.6926,53.28823,2021/12/05 00:00:00+00,Sun 05 Dec 2021,1352,1764,0,3639748,3575936,237325,3877073,3813261,91.6996254033217,90.1903588777142,91
-7.6926,53.28823,2021/12/06 00:00:00+00,Mon 06 Dec 2021,939,1247,0,3640687,3577183,237325,3878012,3814508,91.7218344120904,90.2198526305731,92
-7.6926,53.28823,2021/12/07 00:00:00+00,Tue 07 Dec 2021,483,688,1,3641170,3577871,237326,3878496,3815197,91.7332818670894,90.2361486977101,93
-7.6926,53.28823,2021/12/08 00:00:00+00,Wed 08 Dec 2021,813,1429,0,3641983,3579300,237326,3879309,3816626,91.7525107532757,90.2699470720769,94
-7.6926,53.28823,2021/12/09 00:00:00+00,Thu 09 Dec 2021,796,1140,0,3642779,3580440,237326,3880105,3817766,91.771337559431,90.2969100859174,95
-7.6926,53.28823,2021/12/10 00:00:00+00,Fri 10 Dec 2021,876,1523,1,3643655,3581963,237327,3880982,3819290,91.792080158675,90.3329553781042,96
-7.6926,53.28823,2021/12/11 00:00:00+00,Sat 11 Dec 2021,625,822,0,3644280,3582785,237327,3881607,3820112,91.8068625127542,90.3523971301893,97
-7.6926,53.28823,2021/12/12 00:00:00+00,Sun 12 Dec 2021,688,1188,0,3644968,3583973,237327,3882295,3821300,91.8231349281246,90.3804954288231,98
-7.6926,53.28823,2021/12/13 00:00:00+00,Mon 13 Dec 2021,713,1016,0,3645681,3584989,237327,3883008,3822316,91.8399986376583,90.4045256236143,99
-7.6926,53.28823,2021/12/14 00:00:00+00,Tue 14 Dec 2021,613,1124,1,3646294,3586113,237328,3883622,3823441,91.8545208223057,90.4311338609569,100
-7.6926,53.28823,2021/12/15 00:00:00+00,Wed 15 Dec 2021,782,1151,1,3647076,3587264,237329,3884405,3824593,91.8730401554962,90.4583806959958,101
-7.6926,53.28823,2021/12/16 00:00:00+00,Thu 16 Dec 2021,1029,1403,7,3648105,3588667,237336,3885441,3826003,91.8975433856179,90.4917296867986,102
-7.6926,53.28823,2021/12/17 00:00:00+00,Fri 17 Dec 2021,1175,2323,1,3649280,3590990,237337,3886617,3828327,91.9253578630534,90.5466963922068,103
-7.6926,53.28823,2021/12/18 00:00:00+00,Sat 18 Dec 2021,1246,1128,0,3650526,3592118,237337,3887863,3829455,91.9548279641458,90.5733755848491,104
-7.6926,53.28823,2021/12/19 00:00:00+00,Sun 19 Dec 2021,550,862,1,3651076,3592980,237338,3888414,3830318,91.9678600875021,90.5937870593617,105
-7.6926,53.28823,2021/12/20 00:00:00+00,Mon 20 Dec 2021,521,506,0,3651597,3593486,237338,3888935,3830824,91.9801826578625,90.6057548532242,106
-7.6926,53.28823,2021/12/21 00:00:00+00,Tue 21 Dec 2021,1394,1676,2,3652991,3595162,237340,3890331,3832502,92.0132005239339,90.6454425174562,107
-7.6926,53.28823,2021/12/22 00:00:00+00,Wed 22 Dec 2021,1130,1419,2,3654121,3596581,237342,3891463,3833923,92.0399743236423,90.6790516776908,108
-7.6926,53.28823,2021/12/23 00:00:00+00,Thu 23 Dec 2021,892,1230,0,3655013,3597811,237342,3892355,3835153,92.0610716993842,90.7081433505187,109
-7.6926,53.28823,2021/12/24 00:00:00+00,Fri 24 Dec 2021,95,114,0,3655108,3597925,237342,3892450,3835267,92.0633186172042,90.7108396519028,110
-7.6926,53.28823,2021/12/26 00:00:00+00,Sun 26 Dec 2021,3,4,0,3655111,3597929,237342,3892453,3835271,92.0633895725038,90.7109342589689,111
-7.6926,53.28823,2021/12/27 00:00:00+00,Mon 27 Dec 2021,377,573,0,3655488,3598502,237342,3892830,3835844,92.0723062884844,90.7244867211887,112
-7.6926,53.28823,2021/12/28 00:00:00+00,Tue 28 Dec 2021,407,709,0,3655895,3599211,237342,3893237,3836553,92.0819325574608,90.7412558236562,113
-7.6926,53.28823,2021/12/29 00:00:00+00,Wed 29 Dec 2021,791,1185,0,3656686,3600396,237342,3894028,3837738,92.1006411047835,90.7692831669905,114
-7.6926,53.28823,2021/12/30 00:00:00+00,Thu 30 Dec 2021,811,1090,1,3657497,3601486,237343,3894840,3838829,92.1198463392032,90.7950872442712,115
-7.6926,53.28823,2021/12/31 00:00:00+00,Fri 31 Dec 2021,691,1629,0,3658188,3603115,237343,3895531,3840458,92.1361897098732,90.8336159719433,116
-7.6926,53.28823,2022/01/01 00:00:00+00,Sat 01 Jan 2022,64,91,1,3658252,3603206,237344,3895596,3840550,92.1377270746975,90.8357919344638,117
-7.6926,53.28823,2022/01/02 00:00:00+00,Sun 02 Jan 2022,267,611,0,3658519,3603817,237344,3895863,3841161,92.1440420963601,90.8502431638117,118
-7.6926,53.28823,2022/01/03 00:00:00+00,Mon 03 Jan 2022,451,690,0,3658970,3604507,237344,3896314,3841851,92.1547090430637,90.8665628827152,119
-7.6926,53.28823,2022/01/04 00:00:00+00,Tue 04 Jan 2022,531,682,0,3659501,3605189,237344,3896845,3842533,92.1672681310894,90.8826933874864,120
-7.6926,53.28823,2022/01/05 00:00:00+00,Wed 05 Jan 2022,685,747,0,3660186,3605936,237344,3897530,3843280,92.1834695911603,90.9003612570819,121
-7.6926,53.28823,2022/01/06 00:00:00+00,Thu 06 Jan 2022,1421,1491,0,3661607,3607427,237344,3898951,3844771,92.2170787513949,90.9356260409734,122
-7.6926,53.28823,2022/01/07 00:00:00+00,Fri 07 Jan 2022,757,613,1,3662364,3608040,237345,3899709,3845385,92.2350067904222,90.9501482256208,123
-7.6926,53.28823,2022/01/08 00:00:00+00,Sat 08 Jan 2022,673,634,0,3663037,3608674,237345,3900382,3846019,92.2509244292947,90.9651434455988,124
-7.6926,53.28823,2020/12/28 00:00:00+00,Mon 28 Dec 2020,135,17,6,135,17,6,141,23,0.00333489908027741,0.000543990630116173,125
-7.6926,53.28823,2020/12/29 00:00:00+00,Tue 29 Dec 2020,70,1,0,205,18,6,211,24,0.00499052273715272,0.000567642396642963,126
-7.6926,53.28823,2020/12/30 00:00:00+00,Wed 30 Dec 2020,1050,0,0,1255,18,6,1261,24,0.0298248775902823,0.000567642396642963,127
-7.6926,53.28823,2020/12/31 00:00:00+00,Thu 31 Dec 2020,1023,1,0,2278,19,6,2284,25,0.0540206347471886,0.000591294163169753,128
-7.6926,53.28823,2021/01/01 00:00:00+00,Fri 01 Jan 2021,802,0,0,3080,19,6,3086,25,0.0729893515016743,0.000591294163169753,129
-7.6926,53.28823,2021/01/02 00:00:00+00,Sat 02 Jan 2021,1010,0,0,4090,19,6,4096,25,0.0968776356937323,0.000591294163169753,130
-7.6926,53.28823,2021/01/03 00:00:00+00,Sun 03 Jan 2021,16,1,0,4106,20,6,4112,26,0.097256063958161,0.000614945929696543,131
-7.6926,53.28823,2021/01/04 00:00:00+00,Mon 04 Jan 2021,1176,1,0,5282,21,6,5288,27,0.125070541393666,0.000638597696223333,132
-7.6926,53.28823,2021/01/05 00:00:00+00,Tue 05 Jan 2021,3503,3,0,8785,24,6,8791,30,0.207922679537012,0.000709552995803704,133
-7.6926,53.28823,2021/01/06 00:00:00+00,Wed 06 Jan 2021,6751,5,0,15536,29,6,15542,35,0.367595755359372,0.000827811828437654,134
-7.6926,53.28823,2021/01/07 00:00:00+00,Thu 07 Jan 2021,11708,4,0,27244,33,6,27250,39,0.644510637855031,0.000922418894544815,135
-7.6926,53.28823,2021/01/08 00:00:00+00,Fri 08 Jan 2021,12657,5,0,39901,38,6,39907,44,0.943871046784613,0.00104067772717877,136
-7.6926,53.28823,2021/01/09 00:00:00+00,Sat 09 Jan 2021,8064,3,0,47965,41,6,47971,47,1.13459889205665,0.00111163302675914,137
-7.6926,53.28823,2021/01/10 00:00:00+00,Sun 10 Jan 2021,4757,1,1,52722,42,7,52729,49,1.24713399719112,0.00115893655981272,138
-7.6926,53.28823,2021/01/11 00:00:00+00,Mon 11 Jan 2021,8321,3,0,61043,45,7,61050,52,1.44394034646054,0.00122989185939309,139
-7.6926,53.28823,2021/01/12 00:00:00+00,Tue 12 Jan 2021,8847,5,0,69890,50,7,69897,57,1.65318752492305,0.00134815069202704,140
-7.6926,53.28823,2021/01/13 00:00:00+00,Wed 13 Jan 2021,9855,3,0,79745,53,7,79752,60,1.88627568404457,0.00141910599160741,141
-7.6926,53.28823,2021/01/14 00:00:00+00,Thu 14 Jan 2021,8045,2,0,87790,55,7,87797,62,2.07655414575259,0.00146640952466099,142
-7.6926,53.28823,2021/01/15 00:00:00+00,Fri 15 Jan 2021,7648,2,0,95438,57,7,95445,64,2.25744285614948,0.00151371305771457,143
-7.6926,53.28823,2021/01/16 00:00:00+00,Sat 16 Jan 2021,5204,3,0,100642,60,7,100649,67,2.3805266491549,0.00158466835729494,144
-7.6926,53.28823,2021/01/17 00:00:00+00,Sun 17 Jan 2021,1101,4,0,101743,64,7,101750,71,2.40656724410089,0.0016792754234021,145
-7.6926,53.28823,2021/01/18 00:00:00+00,Mon 18 Jan 2021,8673,4,0,110416,68,7,110423,75,2.61169901518775,0.00177388248950926,146
-7.6926,53.28823,2021/01/19 00:00:00+00,Tue 19 Jan 2021,8351,15,0,118767,83,7,118774,90,2.80921491745297,0.00212865898741111,147
-7.6926,53.28823,2021/01/20 00:00:00+00,Wed 20 Jan 2021,8425,956,0,127192,1039,7,127199,1046,3.00848105044118,0.0247397477870225,148
-7.6926,53.28823,2021/01/21 00:00:00+00,Thu 21 Jan 2021,8948,956,0,136140,1995,7,136147,2002,3.22011705732289,0.0473508365866338,149
-7.6926,53.28823,2021/01/22 00:00:00+00,Fri 22 Jan 2021,6734,962,0,142874,2957,7,142881,2964,3.3793880531143,0.0701038359854059,150
-7.6926,53.28823,2021/01/23 00:00:00+00,Sat 23 Jan 2021,4154,456,0,147028,3413,7,147035,3420,3.47763749126659,0.0808890415216222,151
-7.6926,53.28823,2021/01/24 00:00:00+00,Sun 24 Jan 2021,1171,395,0,148199,3808,7,148206,3815,3.50533370986946,0.0902314892997043,152
-7.6926,53.28823,2021/01/25 00:00:00+00,Mon 25 Jan 2021,1331,1282,0,149530,5090,7,149537,5097,3.53681421111661,0.120553053987049,153
-7.6926,53.28823,2021/01/26 00:00:00+00,Tue 26 Jan 2021,980,3494,0,150510,8584,7,150517,8591,3.55999294231287,0.203192326231654,154
-7.6926,53.28823,2021/01/27 00:00:00+00,Wed 27 Jan 2021,2139,6693,0,152649,15277,7,152656,15284,3.61058407091367,0.36149359959546,155
-7.6926,53.28823,2021/01/28 00:00:00+00,Thu 28 Jan 2021,949,11535,0,153598,26812,7,153605,26819,3.6330295973476,0.634316726481984,156
-7.6926,53.28823,2021/01/29 00:00:00+00,Fri 29 Jan 2021,1536,11522,0,155134,38334,7,155141,38341,3.66935871073275,0.90683238040366,157
-7.6926,53.28823,2021/01/30 00:00:00+00,Sat 30 Jan 2021,605,7792,0,155739,46126,7,155746,46133,3.68366802948145,1.09112694518041,158
-7.6926,53.28823,2021/01/31 00:00:00+00,Sun 31 Jan 2021,204,4080,0,155943,50206,7,155950,50213,3.68849298985292,1.18762615260971,159
-7.6926,53.28823,2021/02/01 00:00:00+00,Mon 01 Feb 2021,979,8331,0,156922,58537,7,156929,58544,3.71164806928265,1.3846690195444,160
-7.6926,53.28823,2021/02/02 00:00:00+00,Tue 02 Feb 2021,802,5097,0,157724,63634,7,157731,63641,3.73061678603713,1.50522207353145,161
-7.6926,53.28823,2021/02/03 00:00:00+00,Wed 03 Feb 2021,1361,6859,0,159085,70493,7,159092,70500,3.76280684028009,1.6674495401387,162
-7.6926,53.28823,2021/02/04 00:00:00+00,Thu 04 Feb 2021,1387,10530,0,160472,81023,7,160479,81030,3.79561184045275,1.9165026416658,163
-7.6926,53.28823,2021/02/05 00:00:00+00,Fri 05 Feb 2021,3357,8602,0,163829,89625,7,163836,89632,3.87501082068319,2.11995513732925,164
-7.6926,53.28823,2021/02/06 00:00:00+00,Sat 06 Feb 2021,875,3861,0,164704,93486,7,164711,93493,3.89570611639413,2.21127460788919,165
-7.6926,53.28823,2021/02/07 00:00:00+00,Sun 07 Feb 2021,305,1295,0,165009,94781,7,165016,94788,3.9029199051848,2.24190364554138,166
-7.6926,53.28823,2021/02/08 00:00:00+00,Mon 08 Feb 2021,1124,869,0,166133,95650,7,166140,95657,3.92950449076091,2.26245703065316,167
-7.6926,53.28823,2021/02/09 00:00:00+00,Tue 09 Feb 2021,4206,528,0,170339,96178,7,170346,96185,4.02898382077259,2.27494516337931,168
-7.6926,53.28823,2021/02/10 00:00:00+00,Wed 10 Feb 2021,8791,575,0,179130,96753,7,179137,96760,4.2369065003096,2.28854492913221,169
-7.6926,53.28823,2021/02/11 00:00:00+00,Thu 11 Feb 2021,6137,432,0,185267,97185,7,185274,97192,4.38205739148451,2.29876249227179,170
-7.6926,53.28823,2021/02/12 00:00:00+00,Fri 12 Feb 2021,4354,515,0,189621,97700,7,189628,97707,4.48503718294216,2.31094315203308,171
-7.6926,53.28823,2021/02/13 00:00:00+00,Sat 13 Feb 2021,1185,1908,0,190806,99608,7,190813,99615,4.5130645262764,2.3560707225662,172
-7.6926,53.28823,2021/02/14 00:00:00+00,Sun 14 Feb 2021,2673,19,0,193479,99627,7,193486,99634,4.57628569820251,2.35652010613021,173
-7.6926,53.28823,2021/02/15 00:00:00+00,Mon 15 Feb 2021,1927,7865,0,195406,107492,7,195413,107499,4.62186265229964,2.54254124986341,174
-7.6926,53.28823,2021/02/16 00:00:00+00,Tue 16 Feb 2021,5601,8145,0,201007,115637,7,201014,115644,4.75433619661619,2.73518488822412,175
-7.6926,53.28823,2021/02/17 00:00:00+00,Wed 17 Feb 2021,9701,8458,0,210708,124095,7,210715,124102,4.98378198369258,2.93523152950771,176
-7.6926,53.28823,2021/02/18 00:00:00+00,Thu 18 Feb 2021,8433,8324,0,219141,132419,7,219148,132426,5.183237330813,3.13210883407671,177
-7.6926,53.28823,2021/02/19 00:00:00+00,Fri 19 Feb 2021,9361,6569,0,228502,138988,7,228509,138995,5.40464151727028,3.28747728839119,178
-7.6926,53.28823,2021/02/20 00:00:00+00,Sat 20 Feb 2021,5856,3563,1,234358,142551,8,234366,142559,5.54316991381769,3.37177218429267,179
-7.6926,53.28823,2021/02/21 00:00:00+00,Sun 21 Feb 2021,1089,1016,4,235447,143567,12,235459,143579,5.56902129463147,3.39589698615,180
-7.6926,53.28823,2021/02/22 00:00:00+00,Mon 22 Feb 2021,3915,1099,1,239362,144666,13,239375,144679,5.66164161235038,3.42191392932947,181
-7.6926,53.28823,2021/02/23 00:00:00+00,Tue 23 Feb 2021,13326,1054,0,252688,145720,13,252701,145733,5.97682505308639,3.4468428912487,182
-7.6926,53.28823,2021/02/24 00:00:00+00,Wed 24 Feb 2021,16887,2084,2,269575,147804,15,269590,147819,6.37627973795735,3.49618047622359,183
-7.6926,53.28823,2021/02/25 00:00:00+00,Thu 25 Feb 2021,18014,1737,1,287589,149541,16,287605,149557,6.80236631193747,3.53728724644715,184
-7.6926,53.28823,2021/02/26 00:00:00+00,Fri 26 Feb 2021,16047,2748,0,303636,152289,16,303652,152305,7.18190620939287,3.60228230086277,185
-7.6926,53.28823,2021/02/27 00:00:00+00,Sat 27 Feb 2021,8945,697,1,312581,152986,17,312598,153003,7.39349491274154,3.61879123389847,186
-7.6926,53.28823,2021/02/28 00:00:00+00,Sun 28 Feb 2021,2421,46,1,315002,153032,18,315020,153050,7.45077949126942,3.61990286692523,187
-7.6926,53.28823,2021/03/01 00:00:00+00,Mon 01 Mar 2021,5541,775,0,320543,153807,18,320561,153825,7.58183392959437,3.63823298598349,188
-7.6926,53.28823,2021/03/02 00:00:00+00,Tue 02 Mar 2021,12129,1589,0,332672,155396,18,332690,155414,7.86870620579781,3.67581564299456,189
-7.6926,53.28823,2021/03/03 00:00:00+00,Wed 03 Mar 2021,12809,1491,1,345481,156887,19,345500,156906,8.17168533500599,3.71110407865253,190
-7.6926,53.28823,2021/03/04 00:00:00+00,Thu 04 Mar 2021,18668,1674,2,364149,158561,21,364170,158582,8.61326381606116,3.75074443935143,191
-7.6926,53.28823,2021/03/05 00:00:00+00,Fri 05 Mar 2021,18376,2378,5,382525,160939,26,382551,160965,9.04800693659009,3.80710659898477,192
-7.6926,53.28823,2021/03/06 00:00:00+00,Sat 06 Mar 2021,10379,124,0,392904,161063,26,392930,161089,9.29348862137164,3.81003941803409,193
-7.6926,53.28823,2021/03/07 00:00:00+00,Sun 07 Mar 2021,1488,7,1,394392,161070,27,394419,161097,9.32870610173003,3.81022863216631,194
-7.6926,53.28823,2021/03/08 00:00:00+00,Mon 08 Mar 2021,6599,1479,1,400991,162549,28,401019,162577,9.48480776080685,3.84523324662596,195
-7.6926,53.28823,2021/03/09 00:00:00+00,Tue 09 Mar 2021,13743,3083,2,414734,165632,30,414764,165662,9.80990129171758,3.9181989463611,196
-7.6926,53.28823,2021/03/10 00:00:00+00,Wed 10 Mar 2021,13651,3967,3,428385,169599,33,428418,169632,10.1328425118744,4.01209645947246,197
-7.6926,53.28823,2021/03/11 00:00:00+00,Thu 11 Mar 2021,18383,2080,1,446768,171679,34,446802,171713,10.5676565877029,4.06131578561471,198
-7.6926,53.28823,2021/03/12 00:00:00+00,Fri 12 Mar 2021,17247,1320,2,464015,172999,36,464051,173035,10.9756259085235,4.09258342096313,199
-7.6926,53.28823,2021/03/13 00:00:00+00,Sat 13 Mar 2021,8237,162,0,472252,173161,36,472288,173197,11.1704455094047,4.09641500714047,200
-7.6926,53.28823,2021/03/14 00:00:00+00,Sun 14 Mar 2021,343,13,1,472595,173174,37,472632,173211,11.1785817170899,4.09674613187184,201
-7.6926,53.28823,2021/03/15 00:00:00+00,Mon 15 Mar 2021,2573,975,0,475168,174149,37,475205,174186,11.2394377123633,4.11980660423546,202
-7.6926,53.28823,2021/03/16 00:00:00+00,Tue 16 Mar 2021,8869,3793,0,484037,177942,37,484074,177979,11.4492052296894,4.20951775467158,203
-7.6926,53.28823,2021/03/17 00:00:00+00,Wed 17 Mar 2021,4834,2395,6,488871,180337,43,488914,180380,11.5636797796791,4.2663056461024,204
-7.6926,53.28823,2021/03/18 00:00:00+00,Thu 18 Mar 2021,11635,4662,2,500506,184999,45,500551,185044,11.8389153867513,4.37661748518335,205
-7.6926,53.28823,2021/03/19 00:00:00+00,Fri 19 Mar 2021,10262,6098,1,510768,191097,46,510814,191143,12.0816534666158,4.52086960923024,206
-7.6926,53.28823,2021/03/20 00:00:00+00,Sat 20 Mar 2021,5157,3095,2,515925,194192,48,515973,194240,12.2036729301275,4.59411913016371,207
-7.6926,53.28823,2021/03/21 00:00:00+00,Sun 21 Mar 2021,3575,42,1,519500,194234,49,519549,194283,12.2882516472273,4.59513615612436,208
-7.6926,53.28823,2021/03/22 00:00:00+00,Mon 22 Mar 2021,7322,2377,0,526822,196611,49,526871,196660,12.4614298817364,4.65135640515854,209
-7.6926,53.28823,2021/03/23 00:00:00+00,Tue 23 Mar 2021,12482,7361,2,539304,203972,51,539355,204023,12.7566985350569,4.8255043620953,210
-7.6926,53.28823,2021/03/24 00:00:00+00,Wed 24 Mar 2021,13525,9745,0,552829,213717,51,552880,213768,13.0765886773317,5.05599082689887,211
-7.6926,53.28823,2021/03/25 00:00:00+00,Thu 25 Mar 2021,20771,10193,2,573600,223910,53,573653,223963,13.5679068233927,5.2971205866395,212
-7.6926,53.28823,2021/03/26 00:00:00+00,Fri 26 Mar 2021,19608,9449,1,593208,233359,54,593262,233413,14.0316943132166,5.52062978031766,213
-7.6926,53.28823,2021/03/27 00:00:00+00,Sat 27 Mar 2021,11658,5309,0,604866,238668,54,604920,238722,14.3074266073859,5.64619700880839,214
-7.6926,53.28823,2021/03/28 00:00:00+00,Sun 28 Mar 2021,2434,470,0,607300,239138,54,607354,239192,14.3649950071121,5.65731333907598,215
-7.6926,53.28823,2021/03/28 23:00:00+00,Mon 29 Mar 2021,9184,3080,3,616484,242218,57,616541,242275,14.5822837861937,5.73023173527808,216
-7.6926,53.28823,2021/03/29 23:00:00+00,Tue 30 Mar 2021,13246,8628,1,629730,250846,58,629788,250904,14.8955987373741,5.93432282863775,217
-7.6926,53.28823,2021/03/30 23:00:00+00,Wed 31 Mar 2021,15701,10439,1,645431,261285,59,645490,261344,15.2669787753778,6.18124727117744,218
-7.6926,53.28823,2021/03/31 23:00:00+00,Thu 01 Apr 2021,19588,11577,2,665019,272862,61,665080,272923,15.7303168816376,6.45511107579114,219
-7.6926,53.28823,2021/04/01 23:00:00+00,Fri 02 Apr 2021,20050,13681,4,685069,286543,65,685134,286608,16.2046294075658,6.77878550071026,220
-7.6926,53.28823,2021/04/02 23:00:00+00,Sat 03 Apr 2021,7474,4607,0,692543,291150,65,692608,291215,16.3814027105871,6.88774918909918,221
-7.6926,53.28823,2021/04/03 23:00:00+00,Sun 04 Apr 2021,2968,159,0,695511,291309,65,695576,291374,16.4516011536386,6.89150981997694,222
-7.6926,53.28823,2021/04/04 23:00:00+00,Mon 05 Apr 2021,3366,581,3,698877,291890,68,698945,291958,16.5312839550673,6.90532245162859,223
-7.6926,53.28823,2021/04/05 23:00:00+00,Tue 06 Apr 2021,11877,8119,5,710754,300009,73,710827,300082,16.8123142449386,7.09746940289223,224
-7.6926,53.28823,2021/04/06 23:00:00+00,Wed 07 Apr 2021,18236,10424,3,728990,310433,76,729066,310509,17.2436988146208,7.34408637246707,225
-7.6926,53.28823,2021/04/07 23:00:00+00,Thu 08 Apr 2021,20068,10524,6,749058,320957,82,749140,321039,17.7184843758796,7.59313947399417,226
-7.6926,53.28823,2021/04/08 23:00:00+00,Fri 09 Apr 2021,20604,9112,8,769662,330069,90,769752,330159,18.2059945875297,7.8088435847185,227
-7.6926,53.28823,2021/04/09 23:00:00+00,Sat 10 Apr 2021,11071,4134,7,780733,334203,97,780830,334300,18.4680088571135,7.90678554990594,228
-7.6926,53.28823,2021/04/10 23:00:00+00,Sun 11 Apr 2021,2799,331,1,783532,334534,98,783630,334632,18.5342338033885,7.91463793639283,229
-7.6926,53.28823,2021/04/11 23:00:00+00,Mon 12 Apr 2021,7692,2739,6,791224,337273,104,791328,337377,18.7163051021118,7.97956203550887,230
-7.6926,53.28823,2021/04/12 23:00:00+00,Tue 13 Apr 2021,11406,8538,0,802630,345811,104,802734,345915,18.9860771511163,8.1815008181146,231
-7.6926,53.28823,2021/04/13 23:00:00+00,Wed 14 Apr 2021,20249,6546,2,822879,352357,106,822985,352463,19.4650490750504,8.33637258533203,232
-7.6926,53.28823,2021/04/14 23:00:00+00,Thu 15 Apr 2021,27017,10737,1,849896,363094,107,850003,363201,20.1040725030712,8.5903452542967,233
-7.6926,53.28823,2021/04/15 23:00:00+00,Fri 16 Apr 2021,27874,9776,1,877770,372870,108,877878,372978,20.7633654950055,8.82158857562913,234
-7.6926,53.28823,2021/04/16 23:00:00+00,Sat 17 Apr 2021,15759,4505,1,893529,377375,109,893638,377484,21.1361173354677,8.92816343559884,235
-7.6926,53.28823,2021/04/17 23:00:00+00,Sun 18 Apr 2021,1015,443,0,894544,377818,109,894653,377927,21.1601238784924,8.93864116817021,236
-7.6926,53.28823,2021/04/18 23:00:00+00,Mon 19 Apr 2021,6667,2197,0,901211,380015,109,901320,380124,21.3178102059265,8.99060409922957,237
-7.6926,53.28823,2021/04/19 23:00:00+00,Tue 20 Apr 2021,14974,7248,0,916185,387263,109,916294,387372,21.6719717578986,9.16203210301574,238
-7.6926,53.28823,2021/04/20 23:00:00+00,Wed 21 Apr 2021,26586,9793,1,942771,397056,110,942881,397166,22.3008012745464,9.39367750437913,239
-7.6926,53.28823,2021/04/21 23:00:00+00,Thu 22 Apr 2021,31529,12121,0,974300,409177,110,974410,409287,23.0465178213696,9.68036056645035,240
-7.6926,53.28823,2021/04/22 23:00:00+00,Fri 23 Apr 2021,33489,12325,0,1007789,421502,110,1007899,421612,23.8385918305852,9.97186858889304,241
-7.6926,53.28823,2021/04/23 23:00:00+00,Sat 24 Apr 2021,23582,6949,0,1031371,428451,110,1031481,428561,24.39634778882,10.1362247144877,242
-7.6926,53.28823,2021/04/24 23:00:00+00,Sun 25 Apr 2021,9693,259,1,1041064,428710,111,1041175,428821,24.6256280135307,10.1423741737847,243
-7.6926,53.28823,2021/04/25 23:00:00+00,Mon 26 Apr 2021,15488,2991,1,1056552,431701,112,1056664,431813,24.9919702252642,10.2131402592328,244
-7.6926,53.28823,2021/04/26 23:00:00+00,Tue 27 Apr 2021,25808,7741,4,1082360,439442,116,1082476,439558,25.6024696228537,10.3963231909828,245
-7.6926,53.28823,2021/04/27 23:00:00+00,Wed 28 Apr 2021,25926,8528,4,1108286,447970,120,1108406,448090,26.2157599288933,10.5981200629894,246
-7.6926,53.28823,2021/04/28 23:00:00+00,Thu 29 Apr 2021,31597,11263,1,1139883,459233,121,1140004,459354,26.9631084476068,10.8645335611471,247
-7.6926,53.28823,2021/04/29 23:00:00+00,Fri 30 Apr 2021,35988,13467,1,1175871,472700,122,1175993,472822,27.8143118731395,11.18307555273,248
-7.6926,53.28823,2021/04/30 23:00:00+00,Sat 01 May 2021,16438,6635,7,1192309,479335,129,1192438,479464,28.2032651736726,11.3401705860009,249
-7.6926,53.28823,2021/05/01 23:00:00+00,Sun 02 May 2021,12342,871,6,1204651,480206,135,1204786,480341,28.4953171867454,11.3609131852449,250
-7.6926,53.28823,2021/05/02 23:00:00+00,Mon 03 May 2021,14145,879,8,1218796,481085,143,1218939,481228,28.830060638399,11.3818923021542,251
-7.6926,53.28823,2021/05/03 23:00:00+00,Tue 04 May 2021,26501,6718,1,1245297,487803,144,1245441,487947,29.456879754892,11.5408085214477,252
-7.6926,53.28823,2021/05/04 23:00:00+00,Wed 05 May 2021,31937,13351,64,1277234,501154,208,1277442,501362,30.2137599355158,11.8580969694045,253
-7.6926,53.28823,2021/05/05 23:00:00+00,Thu 06 May 2021,37128,14302,121,1314362,515456,329,1314691,515785,31.0947645868722,12.1992263980204,254
-7.6926,53.28823,2021/05/06 23:00:00+00,Fri 07 May 2021,40432,14998,84,1354794,530454,413,1355207,530867,32.0530395594717,12.5559423407775,255
-7.6926,53.28823,2021/05/07 23:00:00+00,Sat 08 May 2021,25456,6976,4,1380250,537430,417,1380667,537847,32.6552135352437,12.7210316711345,256
-7.6926,53.28823,2021/05/08 23:00:00+00,Sun 09 May 2021,19582,878,1,1399832,538308,418,1400250,538726,33.1183860791379,12.7418215739115,257
-7.6926,53.28823,2021/05/09 23:00:00+00,Mon 10 May 2021,28656,4554,165,1428488,542862,583,1429071,543445,33.8000536422065,12.8534342601515,258
-7.6926,53.28823,2021/05/10 23:00:00+00,Tue 11 May 2021,33766,14738,145,1462254,557600,728,1462982,558328,34.6021086968965,13.2054435013697,259
-7.6926,53.28823,2021/05/11 23:00:00+00,Wed 12 May 2021,31112,20850,149,1493366,578450,877,1494243,579327,35.3414865702904,13.7021069466657,260
-7.6926,53.28823,2021/05/12 23:00:00+00,Thu 13 May 2021,35835,25405,135,1529201,603855,1012,1530213,604867,36.1922406122591,14.30617306376,261
-7.6926,53.28823,2021/05/13 23:00:00+00,Fri 14 May 2021,38038,27887,223,1567239,631742,1235,1568474,632977,37.0971808513406,14.971024220828,262
-7.6926,53.28823,2021/05/14 23:00:00+00,Sat 15 May 2021,28692,12376,5,1595931,644118,1240,1597171,645358,37.7759155953599,15.2638567421962,263
-7.6926,53.28823,2021/05/15 23:00:00+00,Sun 16 May 2021,23053,1126,4,1618984,645244,1244,1620228,646488,38.3212543761681,15.2905832383715,264
-7.6926,53.28823,2021/05/16 23:00:00+00,Mon 17 May 2021,35245,3884,108,1654229,649128,1352,1655581,650480,39.1574152781897,15.3850010903464,265
-7.6926,53.28823,2021/05/17 23:00:00+00,Tue 18 May 2021,38872,12401,112,1693101,661529,1464,1694565,662993,40.0794557444701,15.6809556448962,266
-7.6926,53.28823,2021/05/18 23:00:00+00,Wed 19 May 2021,36844,17511,195,1729945,679040,1659,1731604,680699,40.9554935248559,16.0997338230195,267
-7.6926,53.28823,2021/05/19 23:00:00+00,Thu 20 May 2021,38893,19595,112,1768838,698635,1771,1770609,700406,41.8780306782333,16.565839185963,268
-7.6926,53.28823,2021/05/20 23:00:00+00,Fri 21 May 2021,25644,23149,14911,1794482,721784,16682,1811164,738466,42.8372280697273,17.4660254199726,269
-7.6926,53.28823,2021/05/21 23:00:00+00,Sat 22 May 2021,16433,10190,13492,1810915,731974,30174,1841089,762148,43.5450071830415,18.02614655486,270
-7.6926,53.28823,2021/05/22 23:00:00+00,Sun 23 May 2021,8112,5483,10197,1819027,737457,40371,1859398,777828,43.9780473763805,18.3970062540001,271
-7.6926,53.28823,2021/05/23 23:00:00+00,Mon 24 May 2021,22348,8132,8430,1841375,745589,48801,1890176,794390,44.706001446542,18.7887268112168,272
-7.6926,53.28823,2021/05/24 23:00:00+00,Tue 25 May 2021,30105,16412,3210,1871480,762001,52011,1923491,814012,45.4939600483821,19.2528217740055,273
-7.6926,53.28823,2021/05/25 23:00:00+00,Wed 26 May 2021,19746,25328,3031,1891226,787329,55042,1946268,842371,46.0326763345628,19.9235622209387,274
-7.6926,53.28823,2021/05/26 23:00:00+00,Thu 27 May 2021,16800,35902,542,1908026,823231,55584,1963610,878815,46.4428452696703,20.7855272002411,275
-7.6926,53.28823,2021/05/27 23:00:00+00,Fri 28 May 2021,26817,31734,1522,1934843,854965,57106,1991949,912071,47.1131126812731,21.572090347856,276
-7.6926,53.28823,2021/05/28 23:00:00+00,Sat 29 May 2021,24302,7335,504,1959145,862300,57610,2016755,919910,47.6998184017366,21.7574965456595,277
-7.6926,53.28823,2021/05/29 23:00:00+00,Sun 30 May 2021,24110,1623,192,1983255,863923,57802,2041057,921725,48.2746036318707,21.8004245019056,278
-7.6926,53.28823,2021/05/30 23:00:00+00,Mon 31 May 2021,22331,7253,3413,2005586,871176,61215,2066801,932391,48.8834947093363,22.0526942436804,279
-7.6926,53.28823,2021/05/31 23:00:00+00,Tue 01 Jun 2021,27269,11404,3621,2032855,882580,64836,2097691,947416,49.6140977773489,22.4080620357454,280
-7.6926,53.28823,2021/06/01 23:00:00+00,Wed 02 Jun 2021,18435,20793,3972,2051290,903373,68808,2120098,972181,50.1440629099147,22.9937980337813,281
-7.6926,53.28823,2021/06/02 23:00:00+00,Thu 03 Jun 2021,16461,30579,1957,2067751,933952,70765,2138516,1004717,50.5796811458051,23.763331909497,282
-7.6926,53.28823,2021/06/03 23:00:00+00,Fri 04 Jun 2021,28819,23244,123,2096570,957196,70888,2167458,1028084,51.2642105726235,24.3160027379285,283
-7.6926,53.28823,2021/06/04 23:00:00+00,Sat 05 Jun 2021,20746,11399,8,2117316,968595,70896,2188212,1039491,51.7550793351205,24.5857984386996,284
-7.6926,53.28823,2021/06/05 23:00:00+00,Sun 06 Jun 2021,19769,3834,10,2137085,972429,70906,2207991,1043335,52.2228876252538,24.6767158292286,285
-7.6926,53.28823,2021/06/06 23:00:00+00,Mon 07 Jun 2021,19592,4454,8,2156677,976883,70914,2227591,1047797,52.6864622491789,24.7822500114711,286
-7.6926,53.28823,2021/06/07 23:00:00+00,Tue 08 Jun 2021,26214,18211,20,2182891,995094,70934,2253825,1066028,53.3069426922427,25.213445367021,287
-7.6926,53.28823,2021/06/08 23:00:00+00,Wed 09 Jun 2021,32562,19990,149,2215453,1015084,71083,2286536,1086167,54.0806156271006,25.689768293104,288
-7.6926,53.28823,2021/06/09 23:00:00+00,Thu 10 Jun 2021,27467,27351,238,2242920,1042435,71321,2314241,1113756,54.7358878187253,26.3422968798117,289
-7.6926,53.28823,2021/06/10 23:00:00+00,Fri 11 Jun 2021,26240,32769,9,2269160,1075204,71330,2340490,1146534,55.356723038287,27.1175544830268,290
-7.6926,53.28823,2021/06/11 23:00:00+00,Sat 12 Jun 2021,12020,19604,82,2281180,1094808,71412,2352592,1166220,55.6429567167942,27.5831631588732,291
-7.6926,53.28823,2021/06/12 23:00:00+00,Sun 13 Jun 2021,8426,18098,812,2289606,1112906,72224,2361830,1185130,55.8614517359687,28.0304180638948,292
-7.6926,53.28823,2021/06/13 23:00:00+00,Mon 14 Jun 2021,15832,31155,15,2305438,1144061,72239,2377677,1216300,56.2362612801187,28.7676436265348,293
-7.6926,53.28823,2021/06/14 23:00:00+00,Tue 15 Jun 2021,14471,41360,185,2319909,1185421,72424,2392333,1257845,56.5829015703354,29.7502562668903,294
-7.6926,53.28823,2021/06/15 23:00:00+00,Wed 16 Jun 2021,13220,48177,195,2333129,1233598,72619,2405748,1306217,56.9001900182923,30.8943395173242,295
-7.6926,53.28823,2021/06/16 23:00:00+00,Thu 17 Jun 2021,21347,42489,502,2354476,1276087,73121,2427597,1349208,57.4169574651361,31.9111526120774,296
-7.6926,53.28823,2021/06/17 23:00:00+00,Fri 18 Jun 2021,11824,49891,529,2366300,1325978,73650,2439950,1399628,57.7091277370416,33.1036746803582,297
-7.6926,53.28823,2021/06/18 23:00:00+00,Sat 19 Jun 2021,6128,32651,406,2372428,1358629,74056,2446484,1432685,57.8636683795276,33.8855311264343,298
-7.6926,53.28823,2021/06/19 23:00:00+00,Sun 20 Jun 2021,8377,26053,163,2380805,1384682,74219,2455024,1458901,58.0656544656664,34.5055858377006,299
-7.6926,53.28823,2021/06/20 23:00:00+00,Mon 21 Jun 2021,15267,32169,539,2396072,1416851,74758,2470830,1491609,58.4394942873888,35.2791878172589,300
-7.6926,53.28823,2021/06/21 23:00:00+00,Tue 22 Jun 2021,14936,43373,687,2411008,1460224,75445,2486453,1535669,58.8090058358369,36.3212846504293,301
-7.6926,53.28823,2021/06/22 23:00:00+00,Wed 23 Jun 2021,19843,39184,856,2430851,1499408,76301,2507152,1575709,59.2985737511749,37.2683013821619,302
-7.6926,53.28823,2021/06/23 23:00:00+00,Thu 24 Jun 2021,18817,44081,1007,2449668,1543489,77308,2526976,1620797,59.767446370802,38.3347122313218,303
-7.6926,53.28823,2021/06/24 23:00:00+00,Fri 25 Jun 2021,14971,49969,796,2464639,1593458,78104,2542743,1671562,60.1403637736299,39.5353941590543,304
-7.6926,53.28823,2021/06/25 23:00:00+00,Sat 26 Jun 2021,8841,30381,463,2473480,1623839,78567,2552047,1702406,60.3604198093951,40.2649092458067,305
-7.6926,53.28823,2021/06/26 23:00:00+00,Sun 27 Jun 2021,8602,30333,37,2482082,1654172,78604,2560686,1732776,60.5647474204201,40.9832133952253,306
-7.6926,53.28823,2021/06/27 23:00:00+00,Mon 28 Jun 2021,24037,24448,472,2506119,1678620,79076,2585195,1757696,61.1444285662252,41.5726154170729,307
-7.6926,53.28823,2021/06/28 23:00:00+00,Tue 29 Jun 2021,27918,30791,760,2534037,1709411,79836,2613873,1789247,61.8227139266805,42.3188523027596,308
-7.6926,53.28823,2021/06/29 23:00:00+00,Wed 30 Jun 2021,22320,36622,541,2556357,1746033,80377,2636734,1826410,62.3634169612494,43.1978229021947,309
-7.6926,53.28823,2021/06/30 23:00:00+00,Thu 01 Jul 2021,14658,48104,594,2571015,1794137,80971,2651986,1875108,62.724153704316,44.3496166285164,310
-7.6926,53.28823,2021/07/01 23:00:00+00,Fri 02 Jul 2021,13415,47055,782,2584430,1841192,81753,2666183,1922945,63.0599378336969,45.4810461838584,311
-7.6926,53.28823,2021/07/02 23:00:00+00,Sat 03 Jul 2021,9137,30262,468,2593567,1871454,82221,2675788,1953675,63.2871130511867,46.2078649692267,312
-7.6926,53.28823,2021/07/03 23:00:00+00,Sun 04 Jul 2021,6315,27670,206,2599882,1899124,82427,2682309,1981551,63.4413462207079,46.8671816129275,313
-7.6926,53.28823,2021/07/04 23:00:00+00,Mon 05 Jul 2021,15309,33174,5306,2615191,1932298,87733,2702924,2020031,63.9289273876577,47.7773015888784,314
-7.6926,53.28823,2021/07/05 23:00:00+00,Tue 06 Jul 2021,12164,48102,5448,2627355,1980400,93181,2720536,2073581,64.3454822997275,49.043853686388,315
-7.6926,53.28823,2021/07/06 23:00:00+00,Wed 07 Jul 2021,19458,43485,5013,2646813,2023885,98194,2745007,2122079,64.9242646784046,50.1909170594042,316
-7.6926,53.28823,2021/07/07 23:00:00+00,Thu 08 Jul 2021,17573,45366,5952,2664386,2069251,104146,2768532,2173397,65.4806724859473,51.4046784140261,317
-7.6926,53.28823,2021/07/08 23:00:00+00,Fri 09 Jul 2021,13317,44855,6504,2677703,2114106,110650,2788353,2224756,65.9494741502748,52.6194094910755,318
-7.6926,53.28823,2021/07/09 23:00:00+00,Sat 10 Jul 2021,8447,23648,4326,2686150,2137754,114976,2801126,2252730,66.2515781641215,53.2810440078959,319
-7.6926,53.28823,2021/07/10 23:00:00+00,Sun 11 Jul 2021,15122,15980,2135,2701272,2153734,117111,2818383,2270845,66.6597366990743,53.7094957585287,320
-7.6926,53.28823,2021/07/11 23:00:00+00,Mon 12 Jul 2021,16945,31502,6045,2718217,2185236,123156,2841373,2308392,67.2034908115252,54.5975486363101,321
-7.6926,53.28823,2021/07/12 23:00:00+00,Tue 13 Jul 2021,19916,36280,8454,2738133,2221516,131610,2869743,2353126,67.8744914278903,55.6555867601195,322
-7.6926,53.28823,2021/07/13 23:00:00+00,Wed 14 Jul 2021,20613,35425,9295,2758746,2256941,140905,2899651,2397846,68.5818684611735,56.7132937591976,323
-7.6926,53.28823,2021/07/14 23:00:00+00,Thu 15 Jul 2021,23424,28570,9533,2782170,2285511,150438,2932608,2435949,69.3613597305969,57.6144970191679,324
-7.6926,53.28823,2021/07/15 23:00:00+00,Fri 16 Jul 2021,23399,27109,9128,2805569,2312620,159566,2965135,2472186,70.1306807404138,58.4715660827992,325
-7.6926,53.28823,2021/07/16 23:00:00+00,Sat 17 Jul 2021,11372,19195,4640,2816941,2331815,164206,2981147,2496021,70.5093928260408,59.0353059379652,326
-7.6926,53.28823,2021/07/17 23:00:00+00,Sun 18 Jul 2021,16754,15643,1910,2833695,2347458,166116,2999811,2513574,70.9508293964968,59.4504653958099,327
-7.6926,53.28823,2021/07/18 23:00:00+00,Mon 19 Jul 2021,24688,18159,6200,2858383,2365617,172316,3030699,2537933,71.6813851609763,60.026598776636,328
-7.6926,53.28823,2021/07/19 23:00:00+00,Tue 20 Jul 2021,30393,17861,7657,2888776,2383478,179973,3068749,2563451,72.5813348773206,60.6301445548667,329
-7.6926,53.28823,2021/07/20 23:00:00+00,Wed 21 Jul 2021,30126,19554,6839,2918902,2403032,186812,3105714,2589844,73.4556224269835,61.2543856288082,330
-7.6926,53.28823,2021/07/21 23:00:00+00,Thu 22 Jul 2021,33348,15648,6890,2952250,2418680,193702,3145952,2612382,74.4073222084884,61.787449142789,331
-7.6926,53.28823,2021/07/22 23:00:00+00,Fri 23 Jul 2021,26922,20525,5562,2979172,2439205,199264,3178436,2638469,75.1756261923447,62.4044527761734,332
-7.6926,53.28823,2021/07/23 23:00:00+00,Sat 24 Jul 2021,15318,14562,2236,2994490,2453767,201500,3195990,2655267,75.590809301956,62.8017551502904,333
-7.6926,53.28823,2021/07/24 23:00:00+00,Sun 25 Jul 2021,14635,13490,1020,3009125,2467257,202520,3211645,2669777,75.9610777069329,63.1449422825941,334
-7.6926,53.28823,2021/07/25 23:00:00+00,Mon 26 Jul 2021,23687,17906,3376,3032812,2485163,205896,3238708,2691059,76.6011654644474,63.6482991778173,335
-7.6926,53.28823,2021/07/26 23:00:00+00,Tue 27 Jul 2021,25318,23523,3626,3058130,2508686,209522,3267652,2718208,77.2857421947988,64.2904209872531,336
-7.6926,53.28823,2021/07/27 23:00:00+00,Wed 28 Jul 2021,23281,24975,3228,3081411,2533661,212750,3294161,2746411,77.9127268736575,64.9574717586082,337
-7.6926,53.28823,2021/07/28 23:00:00+00,Thu 29 Jul 2021,19135,27559,2928,3100546,2561220,215678,3316224,2776898,78.434555798538,65.6785431647104,338
-7.6926,53.28823,2021/07/29 23:00:00+00,Fri 30 Jul 2021,21796,22618,2083,3122342,2583838,217761,3340103,2801599,78.9993363314313,66.2627654496887,339
-7.6926,53.28823,2021/07/30 23:00:00+00,Sat 31 Jul 2021,13634,12236,887,3135976,2596074,218648,3354624,2814722,79.3427836331668,66.5731475818197,340
-7.6926,53.28823,2021/07/31 23:00:00+00,Sun 01 Aug 2021,10995,9165,355,3146971,2605239,219003,3365974,2824242,79.6112311832458,66.7983123991548,341
-7.6926,53.28823,2021/08/01 23:00:00+00,Mon 02 Aug 2021,14887,15704,399,3161858,2620943,219402,3381260,2840345,79.9727720863743,67.1791767955357,342
-7.6926,53.28823,2021/08/02 23:00:00+00,Tue 03 Aug 2021,17211,25158,1085,3179069,2646101,220487,3399556,2866588,80.4055048067485,67.7998701044982,343
-7.6926,53.28823,2021/08/03 23:00:00+00,Wed 04 Aug 2021,21970,16994,1555,3201039,2663095,222042,3423081,2885137,80.9619126142913,68.2385867218037,344
-7.6926,53.28823,2021/08/04 23:00:00+00,Thu 05 Aug 2021,13389,29776,1403,3214428,2692871,223445,3437873,2916316,81.3117695447555,68.9760251503425,345
-7.6926,53.28823,2021/08/05 23:00:00+00,Fri 06 Aug 2021,12046,24483,925,3226474,2717354,224370,3450844,2941724,81.6185566083745,69.5769692342551,346
-7.6926,53.28823,2021/08/06 23:00:00+00,Sat 07 Aug 2021,6264,8243,562,3232738,2725597,224932,3457670,2950529,81.7800035666864,69.7852230385235,347
-7.6926,53.28823,2021/08/07 23:00:00+00,Sun 08 Aug 2021,8553,11820,145,3241291,2737417,225077,3466368,2962494,81.9857266319364,70.0682164250166,348
-7.6926,53.28823,2021/08/08 23:00:00+00,Mon 09 Aug 2021,5447,22759,587,3246738,2760176,225664,3472402,2985840,82.1284413911591,70.620390566351,349
-7.6926,53.28823,2021/08/09 23:00:00+00,Tue 10 Aug 2021,9228,25704,692,3255966,2785880,226356,3482322,3012236,82.3630669151048,71.2447025955922,350
-7.6926,53.28823,2021/08/10 23:00:00+00,Wed 11 Aug 2021,6909,30944,636,3262875,2816824,226992,3489867,3043816,82.5415194935495,71.9916253825082,351
-7.6926,53.28823,2021/08/11 23:00:00+00,Thu 12 Aug 2021,6657,38042,852,3269532,2854866,227844,3497376,3082710,82.7191206083991,72.9115371898012,352
-7.6926,53.28823,2021/08/12 23:00:00+00,Fri 13 Aug 2021,10815,27996,847,3280347,2882862,228691,3509038,3111553,82.9949475096345,73.5937250917334,353
-7.6926,53.28823,2021/08/13 23:00:00+00,Sat 14 Aug 2021,18050,5678,269,3298397,2888540,228960,3527357,3117500,83.4282242206388,73.7343821472682,354
-7.6926,53.28823,2021/08/14 23:00:00+00,Sun 15 Aug 2021,16958,3627,39,3315355,2892167,228999,3544354,3121166,83.8302332962947,73.8210895233554,355
-7.6926,53.28823,2021/08/15 23:00:00+00,Mon 16 Aug 2021,10113,22922,359,3325468,2915089,229358,3554826,3144447,84.0779145953632,74.3717262998656,356
-7.6926,53.28823,2021/08/16 23:00:00+00,Tue 17 Aug 2021,12790,26653,515,3338258,2941742,229873,3568131,3171615,84.3926013490022,75.0142974928654,357
-7.6926,53.28823,2021/08/17 23:00:00+00,Wed 18 Aug 2021,15149,25541,647,3353407,2967283,230520,3583927,3197803,84.7662046530593,75.633689954669,358
-7.6926,53.28823,2021/08/18 23:00:00+00,Thu 19 Aug 2021,11301,25494,526,3364708,2992777,231046,3595754,3223823,85.0459340957717,76.2491089196961,359
-7.6926,53.28823,2021/08/19 23:00:00+00,Fri 20 Aug 2021,14761,22054,671,3379469,3014831,231717,3611186,3246548,85.4109281568131,76.7865953140174,360
-7.6926,53.28823,2021/08/20 23:00:00+00,Sat 21 Aug 2021,11807,7835,231,3391276,3022666,231948,3623224,3254614,85.6956481222626,76.9773704628225,361
-7.6926,53.28823,2021/08/21 23:00:00+00,Sun 22 Aug 2021,7987,12174,156,3399263,3034840,232104,3631367,3266944,85.8882444570903,77.2689967440978,362
-7.6926,53.28823,2021/08/22 23:00:00+00,Mon 23 Aug 2021,10809,15180,273,3410072,3050020,232377,3642449,3282397,86.1503533337401,77.6344874922363,363
-7.6926,53.28823,2021/08/23 23:00:00+00,Tue 24 Aug 2021,9652,22730,372,3419724,3072750,232749,3652473,3305499,86.3874386414047,78.1808906025382,364
-7.6926,53.28823,2021/08/24 23:00:00+00,Wed 25 Aug 2021,9352,19303,306,3429076,3092053,233055,3662131,3325108,86.6158674025204,78.644678092362,365
-7.6926,53.28823,2021/08/25 23:00:00+00,Thu 26 Aug 2021,8520,19255,358,3437596,3111308,233413,3671009,3344721,86.8258477857453,79.108560189252,366
-7.6926,53.28823,2021/08/26 23:00:00+00,Fri 27 Aug 2021,9658,19051,426,3447254,3130359,233839,3681093,3364198,87.0643521994014,79.5692256458943,367
-7.6926,53.28823,2021/08/27 23:00:00+00,Sat 28 Aug 2021,9883,7795,146,3457137,3138154,233985,3691122,3372139,87.3015557658986,79.7570443238835,368
-7.6926,53.28823,2021/08/28 23:00:00+00,Sun 29 Aug 2021,8784,9135,24,3465921,3147289,234009,3699930,3381298,87.5098805254666,79.9736708535024,369
-7.6926,53.28823,2021/08/29 23:00:00+00,Mon 30 Aug 2021,5021,10978,79,3470942,3158267,234088,3705030,3392355,87.6305045347532,80.2351884359891,370
-7.6926,53.28823,2021/08/30 23:00:00+00,Tue 31 Aug 2021,4016,12711,136,3474958,3170978,234224,3709182,3405202,87.7287066693724,80.5390426805588,371
-7.6926,53.28823,2021/08/31 23:00:00+00,Wed 01 Sep 2021,4900,12399,173,3479858,3183377,234397,3714255,3417774,87.8486920809628,80.8363926893336,372
-7.6926,53.28823,2021/09/01 23:00:00+00,Thu 02 Sep 2021,4967,12254,243,3484825,3195631,234640,3719465,3430271,87.9719177845674,81.1319688156189,373
-7.6926,53.28823,2021/09/02 23:00:00+00,Fri 03 Sep 2021,4727,15909,159,3489552,3211540,234799,3724351,3446339,88.0874803158173,81.5120054001713,374
-7.6926,53.28823,2021/09/03 23:00:00+00,Sat 04 Sep 2021,4601,10515,129,3494153,3222055,234928,3729081,3456983,88.199353171489,81.7637548030825,375
-7.6926,53.28823,2021/09/04 23:00:00+00,Sun 05 Sep 2021,5293,11843,1,3499446,3233898,234929,3734375,3468827,88.3245656234819,82.0438863258258,376
