X,Y,VaccinationDate,VaccineText,Dose1,Dose2,SingleDose,Dose1Cum,Dose2Cum,SingleDoseCum,PartiallyVacc,FullyVacc,PartialPercent,FullyPercent,ObjectId
-7.6926,53.28823,2021/08/02 23:00:00+00,Tue 03 Aug 2021,17278,25326,1100,3193879,2657412,222214,3416093,2879626,72.5453486339824,61.1527473360591,1
-7.6926,53.28823,2021/08/03 23:00:00+00,Wed 04 Aug 2021,22039,17173,1569,3215918,2674585,223783,3439701,2898368,73.0466963989733,61.550759019025,2
-7.6926,53.28823,2021/08/04 23:00:00+00,Thu 05 Aug 2021,13466,29920,1416,3229384,2704505,225199,3454583,2929704,73.3627357686189,62.2162213014612,3
-7.6926,53.28823,2021/08/05 23:00:00+00,Fri 06 Aug 2021,12130,24638,939,3241514,2729143,226138,3467652,2955281,73.6402736346248,62.7593834407857,4
-7.6926,53.28823,2021/08/06 23:00:00+00,Sat 07 Aug 2021,6302,8365,574,3247816,2737508,226712,3474528,2964220,73.786294781358,62.949215178809,5
-7.6926,53.28823,2021/08/07 23:00:00+00,Sun 08 Aug 2021,8587,11902,152,3256403,2749410,226864,3483267,2976274,73.971879249261,63.2051981489547,6
-7.6926,53.28823,2021/08/08 23:00:00+00,Mon 09 Aug 2021,5496,22905,594,3261899,2772315,227458,3489357,2999773,74.1012086244218,63.7042311517301,7
-7.6926,53.28823,2021/08/09 23:00:00+00,Tue 10 Aug 2021,9284,25882,700,3271183,2798197,228158,3499341,3026355,74.3132323488232,64.2687358234087,8
-7.6926,53.28823,2021/08/10 23:00:00+00,Wed 11 Aug 2021,6957,31111,652,3278140,2829308,228810,3506950,3058118,74.474819740547,64.9432660275516,9
-7.6926,53.28823,2021/08/11 23:00:00+00,Thu 12 Aug 2021,6713,38191,855,3284853,2867499,229665,3514518,3097164,74.6355364418962,65.7724605731224,10
-7.6926,53.28823,2021/08/12 23:00:00+00,Fri 13 Aug 2021,10863,28134,855,3295716,2895633,230520,3526236,3126153,74.8843839982399,66.3880811406978,11
-7.6926,53.28823,2021/08/13 23:00:00+00,Sat 14 Aug 2021,18090,5775,275,3313806,2901408,230795,3544601,3132203,75.2743895770292,66.5165610618345,12
-7.6926,53.28823,2021/08/14 23:00:00+00,Sun 15 Aug 2021,16974,3679,43,3330780,2905087,230838,3561618,3135925,75.6357685552082,66.5956027587718,13
-7.6926,53.28823,2021/08/15 23:00:00+00,Mon 16 Aug 2021,10145,23046,377,3340925,2928133,231215,3572140,3159348,75.8592174362331,67.0930217989015,14
-7.6926,53.28823,2021/08/16 23:00:00+00,Tue 17 Aug 2021,12848,26783,522,3353773,2954916,231737,3585510,3186653,76.1431474437699,67.6728803520647,15
-7.6926,53.28823,2021/08/17 23:00:00+00,Wed 18 Aug 2021,15185,25685,652,3368958,2980601,232389,3601347,3212990,76.4794675282396,68.232182117846,16
-7.6926,53.28823,2021/08/18 23:00:00+00,Thu 19 Aug 2021,11332,25609,537,3380290,3006210,232926,3613216,3239136,76.7315217735241,68.7874277406625,17
-7.6926,53.28823,2021/08/19 23:00:00+00,Fri 20 Aug 2021,14801,22153,682,3395091,3028363,233608,3628699,3261971,77.060324189881,69.2723598066388,18
-7.6926,53.28823,2021/08/20 23:00:00+00,Sat 21 Aug 2021,11842,7911,240,3406933,3036274,233848,3640781,3270122,77.3169017778436,69.4454573003884,19
-7.6926,53.28823,2021/08/21 23:00:00+00,Sun 22 Aug 2021,7991,12211,159,3414924,3048485,234007,3648931,3282492,77.4899780352426,69.7081509573241,20
-7.6926,53.28823,2021/08/22 23:00:00+00,Mon 23 Aug 2021,10833,15287,281,3425757,3063772,234288,3660045,3298060,77.7259988358233,70.0387584634821,21
-7.6926,53.28823,2021/08/23 23:00:00+00,Tue 24 Aug 2021,9722,22846,382,3435479,3086618,234670,3670149,3321288,77.9405709222968,70.5320364152446,22
-7.6926,53.28823,2021/08/24 23:00:00+00,Wed 25 Aug 2021,9389,19433,308,3444868,3106051,234978,3679846,3341029,78.1464998140758,70.951263212461,23
-7.6926,53.28823,2021/08/25 23:00:00+00,Thu 26 Aug 2021,8545,19350,363,3453413,3125401,235341,3688754,3360742,78.3356732252304,71.3698953918606,24
-7.6926,53.28823,2021/08/26 23:00:00+00,Fri 27 Aug 2021,9688,19126,429,3463101,3144527,235770,3698871,3380297,78.5505213842618,71.7851722278652,25
-7.6926,53.28823,2021/08/27 23:00:00+00,Sat 28 Aug 2021,9905,7856,151,3473006,3152383,235921,3708927,3388304,78.7640741259065,71.9552116871282,26
-7.6926,53.28823,2021/08/28 23:00:00+00,Sun 29 Aug 2021,8786,9159,27,3481792,3161542,235948,3717740,3397490,78.951230083754,72.15028880375,27
-7.6926,53.28823,2021/08/29 23:00:00+00,Mon 30 Aug 2021,5037,11049,80,3486829,3172591,236028,3722857,3408619,79.0598964897799,72.3866281495897,28
-7.6926,53.28823,2021/08/30 23:00:00+00,Tue 31 Aug 2021,4040,12801,140,3490869,3185392,236168,3727037,3421560,79.1486644352925,72.6614477627186,29
-7.6926,53.28823,2021/08/31 23:00:00+00,Wed 01 Sep 2021,4919,12468,179,3495788,3197860,236347,3732135,3434207,79.256927350657,72.9300238887708,30
-7.6926,53.28823,2021/09/01 23:00:00+00,Thu 02 Sep 2021,4989,12302,246,3500777,3210162,236593,3737370,3446755,79.3680996460538,73.1964976161135,31
-7.6926,53.28823,2021/09/02 23:00:00+00,Fri 03 Sep 2021,4747,15999,163,3505524,3226161,236756,3742280,3462917,79.4723701275052,73.5397195145285,32
-7.6926,53.28823,2021/09/03 23:00:00+00,Sat 04 Sep 2021,4612,10540,132,3510136,3236701,236888,3747024,3473589,79.5731153747568,73.7663538481435,33
-7.6926,53.28823,2021/09/04 23:00:00+00,Sun 05 Sep 2021,5301,11872,1,3515437,3248573,236889,3752326,3485462,79.6857105056439,74.0184930388305,34
-7.6926,53.28823,2021/09/05 23:00:00+00,Mon 06 Sep 2021,2133,9637,73,3517570,3258210,236962,3754532,3495172,79.7325578950699,74.2246980031672,35
-7.6926,53.28823,2021/09/06 23:00:00+00,Tue 07 Sep 2021,3019,9949,153,3520589,3268159,237115,3757704,3505274,79.7999195991766,74.4392276169396,36
-7.6926,53.28823,2021/09/07 23:00:00+00,Wed 08 Sep 2021,2584,14755,184,3523173,3282914,237299,3760472,3520213,79.8587018176405,74.7564774585695,37
-7.6926,53.28823,2021/09/08 23:00:00+00,Thu 09 Sep 2021,3099,14753,136,3526272,3297667,237435,3763707,3535102,79.9274014118351,75.0726654826693,38
-7.6926,53.28823,2021/09/09 23:00:00+00,Fri 10 Sep 2021,3360,13906,115,3529632,3311573,237550,3767182,3549123,80.0011977301739,75.3704203544474,39
-7.6926,53.28823,2021/09/10 23:00:00+00,Sat 11 Sep 2021,2544,11294,60,3532176,3322867,237610,3769786,3560477,80.0564971871392,75.6115378791724,40
-7.6926,53.28823,2021/09/11 23:00:00+00,Sun 12 Sep 2021,2029,12859,1,3534205,3335726,237611,3771816,3573337,80.0996069788594,75.8846373479026,41
-7.6926,53.28823,2021/09/12 23:00:00+00,Mon 13 Sep 2021,1596,7697,50,3535801,3343423,237661,3773462,3581084,80.1345620119488,76.0491553560094,42
-7.6926,53.28823,2021/09/13 23:00:00+00,Tue 14 Sep 2021,1532,10740,81,3537333,3354163,237742,3775075,3591905,80.1688162454684,76.2789539058639,43
-7.6926,53.28823,2021/09/14 23:00:00+00,Wed 15 Sep 2021,3262,12366,134,3540595,3366529,237876,3778471,3604405,80.2409348921098,76.5444082883778,44
-7.6926,53.28823,2021/09/15 23:00:00+00,Thu 16 Sep 2021,1894,10566,113,3542489,3377095,237989,3780478,3615084,80.2835562477662,76.771191276447,45
-7.6926,53.28823,2021/09/16 23:00:00+00,Fri 17 Sep 2021,2551,14579,90,3545040,3391674,238079,3783119,3629753,80.3396414497037,77.0827073034146,46
-7.6926,53.28823,2021/09/17 23:00:00+00,Sat 18 Sep 2021,2277,11207,43,3547317,3402881,238122,3785439,3641003,80.3889097830983,77.321616247677,47
-7.6926,53.28823,2021/09/18 23:00:00+00,Sun 19 Sep 2021,1856,8479,12,3549173,3411360,238134,3787307,3649494,80.4285792860211,77.501934100631,48
-7.6926,53.28823,2021/09/19 23:00:00+00,Mon 20 Sep 2021,943,5588,32,3550116,3416948,238166,3788282,3655114,80.4492847278572,77.6212823910092,49
-7.6926,53.28823,2021/09/20 23:00:00+00,Tue 21 Sep 2021,1457,6636,90,3551573,3423584,238256,3789829,3661840,80.4821373622371,77.7641180851522,50
-7.6926,53.28823,2021/09/21 23:00:00+00,Wed 22 Sep 2021,1886,8113,96,3553459,3431697,238352,3791811,3670049,80.5242278091285,77.9384472872367,51
-7.6926,53.28823,2021/09/22 23:00:00+00,Thu 23 Sep 2021,1688,8733,87,3555147,3440430,238439,3793586,3678869,80.5619223314455,78.1257518995385,52
-7.6926,53.28823,2021/09/23 23:00:00+00,Fri 24 Sep 2021,1904,7361,79,3557051,3447791,238518,3795569,3686309,80.6040340146875,78.2837503480107,53
-7.6926,53.28823,2021/09/24 23:00:00+00,Sat 25 Sep 2021,2408,6566,51,3559459,3454357,238569,3798028,3692926,80.6562542008156,78.4242712799382,54
-7.6926,53.28823,2021/09/25 23:00:00+00,Sun 26 Sep 2021,1537,7088,0,3560996,3461445,238569,3799565,3700014,80.6888944716895,78.5747945329989,55
-7.6926,53.28823,2021/09/26 23:00:00+00,Mon 27 Sep 2021,1168,3771,45,3562164,3465216,238614,3800778,3703830,80.7146541649686,78.6558324468927,56
-7.6926,53.28823,2021/09/27 23:00:00+00,Tue 28 Sep 2021,1439,5097,91,3563603,3470313,238705,3802308,3709018,80.7471457813883,78.7660066338112,57
-7.6926,53.28823,2021/09/28 23:00:00+00,Wed 29 Sep 2021,1641,3583,77,3565244,3473896,238782,3804026,3712678,80.783629831721,78.8437316770112,58
-7.6926,53.28823,2021/09/29 23:00:00+00,Thu 30 Sep 2021,1280,3931,77,3566524,3477827,238859,3805383,3716686,80.8124475594867,78.9288469702205,59
-7.6926,53.28823,2021/09/30 23:00:00+00,Fri 01 Oct 2021,1834,5138,41,3568358,3482965,238900,3807258,3721865,80.8522657168638,79.0388300299836,60
-7.6926,53.28823,2021/10/01 23:00:00+00,Sat 02 Oct 2021,1705,4065,39,3570063,3487030,238939,3809002,3725969,80.8893019123121,79.1259840128505,61
-7.6926,53.28823,2021/10/02 23:00:00+00,Sun 03 Oct 2021,1194,3002,9,3571257,3490032,238948,3810205,3728980,80.9148492420853,79.1899266645105,62
-7.6926,53.28823,2021/10/03 23:00:00+00,Mon 04 Oct 2021,333,1207,17,3571590,3491239,238965,3810555,3730204,80.9222819647956,79.2159199576462,63
-7.6926,53.28823,2021/10/04 23:00:00+00,Tue 05 Oct 2021,958,2796,69,3572548,3494035,239034,3811582,3733069,80.944091696863,79.2767621021184,64
-7.6926,53.28823,2021/10/05 23:00:00+00,Wed 06 Oct 2021,971,2533,35,3573519,3496568,239069,3812588,3735637,80.9654554655677,79.331297050462,65
-7.6926,53.28823,2021/10/06 23:00:00+00,Thu 07 Oct 2021,1197,2666,44,3574716,3499234,239113,3813829,3738347,80.9918097766637,79.388847560591,66
-7.6926,53.28823,2021/10/07 23:00:00+00,Fri 08 Oct 2021,973,2752,45,3575689,3501986,239158,3814847,3741144,81.0134283815756,79.4482456332223,67
-7.6926,53.28823,2021/10/08 23:00:00+00,Sat 09 Oct 2021,728,2349,22,3576417,3504335,239180,3815597,3743515,81.0293556445264,79.4985970204975,68
-7.6926,53.28823,2021/10/09 23:00:00+00,Sun 10 Oct 2021,1499,3904,0,3577916,3508239,239180,3817096,3747419,81.0611889340775,79.5815037332442,69
-7.6926,53.28823,2021/10/10 23:00:00+00,Mon 11 Oct 2021,330,1090,15,3578246,3509329,239195,3817441,3748524,81.0685154750349,79.6049699006585,70
-7.6926,53.28823,2021/10/11 23:00:00+00,Tue 12 Oct 2021,561,1581,20,3578807,3510910,239215,3818022,3750125,81.0808537947341,79.6389692979708,71
-7.6926,53.28823,2021/10/12 23:00:00+00,Wed 13 Oct 2021,1026,2019,9,3579833,3512929,239224,3819057,3752153,81.1028334176062,79.6820366169899,72
-7.6926,53.28823,2021/10/13 23:00:00+00,Thu 14 Oct 2021,687,1556,7,3580520,3514485,239231,3819751,3753716,81.1175714449234,79.7152290329794,73
-7.6926,53.28823,2021/10/14 23:00:00+00,Fri 15 Oct 2021,952,2039,7,3581472,3516524,239238,3820710,3755762,81.1379371051499,79.7586786063093,74
-7.6926,53.28823,2021/10/15 23:00:00+00,Sat 16 Oct 2021,1373,2611,12,3582845,3519135,239250,3822095,3758385,81.1673494507324,79.814381553936,75
-7.6926,53.28823,2021/10/16 23:00:00+00,Sun 17 Oct 2021,1698,2882,2,3584543,3522017,239252,3823795,3761269,81.2034512467543,79.8756271890696,76
-7.6926,53.28823,2021/10/17 23:00:00+00,Mon 18 Oct 2021,666,1204,4,3585209,3523221,239256,3824465,3762477,81.217679601657,79.9012807005957,77
-7.6926,53.28823,2021/10/18 23:00:00+00,Tue 19 Oct 2021,1330,1764,12,3586539,3524985,239268,3825807,3764253,81.2461787841637,79.9389964592633,78
-7.6926,53.28823,2021/10/19 23:00:00+00,Wed 20 Oct 2021,2243,2283,0,3588782,3527268,239268,3828050,3766536,81.293811918562,79.9874790476856,79
-7.6926,53.28823,2021/10/20 23:00:00+00,Thu 21 Oct 2021,1745,1795,10,3590527,3529063,239278,3829805,3768341,81.3310817138669,80.0258106605206,80
-7.6926,53.28823,2021/10/21 23:00:00+00,Fri 22 Oct 2021,1491,1897,1,3592018,3530960,239279,3831297,3770239,81.3627663489638,80.0661172539615,81
-7.6926,53.28823,2021/10/22 23:00:00+00,Sat 23 Oct 2021,2008,1673,1,3594026,3532633,239280,3833306,3771913,81.4054301773214,80.1016669048677,82
-7.6926,53.28823,2021/10/23 23:00:00+00,Sun 24 Oct 2021,1943,2177,2,3595969,3534810,239282,3835251,3774092,81.4467348792406,80.1479409128275,83
-7.6926,53.28823,2021/10/24 23:00:00+00,Mon 25 Oct 2021,1215,819,2,3597184,3535629,239284,3836468,3774913,81.4725795179221,80.165375956671,84
-7.6926,53.28823,2021/10/25 23:00:00+00,Tue 26 Oct 2021,1235,1187,6,3598419,3536816,239290,3837709,3776106,81.4989338290181,80.1907109229382,85
-7.6926,53.28823,2021/10/26 23:00:00+00,Wed 27 Oct 2021,1549,1393,5,3599968,3538209,239295,3839263,3777504,81.5319351178522,80.2203993410785,86
-7.6926,53.28823,2021/10/27 23:00:00+00,Thu 28 Oct 2021,2144,1663,2,3602112,3539872,239297,3841409,3779169,81.5775083262422,80.2557578648294,87
-7.6926,53.28823,2021/10/28 23:00:00+00,Fri 29 Oct 2021,2131,1335,0,3604243,3541207,239297,3843540,3780504,81.6227629893731,80.2841083928818,88
-7.6926,53.28823,2021/10/29 23:00:00+00,Sat 30 Oct 2021,2007,1430,0,3606250,3542637,239297,3845547,3781934,81.6653843450295,80.3144763742414,89
-7.6926,53.28823,2021/10/30 23:00:00+00,Sun 31 Oct 2021,1624,1314,0,3607874,3543951,239297,3847171,3783248,81.6998721784057,80.3423809389313,90
-7.6926,53.28823,2021/11/01 00:00:00+00,Mon 01 Nov 2021,259,258,1,3608133,3544209,239298,3847431,3783507,81.705393629562,80.3478811537369,91
-7.6926,53.28823,2021/11/02 00:00:00+00,Tue 02 Nov 2021,1087,1073,9,3609220,3545282,239307,3848527,3784589,81.7286686698208,80.3708588850873,92
-7.6926,53.28823,2021/11/03 00:00:00+00,Wed 03 Nov 2021,2532,1834,5,3611752,3547116,239312,3851064,3786428,81.7825452912958,80.4099125338428,93
-7.6926,53.28823,2021/11/04 00:00:00+00,Thu 04 Nov 2021,1542,1249,1,3613294,3548365,239313,3852607,3787678,81.8153129802733,80.4364579720942,94
-7.6926,53.28823,2021/11/05 00:00:00+00,Fri 05 Nov 2021,1626,1057,2,3614920,3549422,239315,3854235,3788737,81.8498857590519,80.4589472673807,95
-7.6926,53.28823,2021/11/06 00:00:00+00,Sat 06 Nov 2021,1818,1337,5,3616738,3550759,239320,3856058,3790079,81.8885996261978,80.4874464498874,96
-7.6926,53.28823,2021/11/07 00:00:00+00,Sun 07 Nov 2021,725,765,0,3617463,3551524,239320,3856783,3790844,81.9039959803836,80.5036922580973,97
-7.6926,53.28823,2021/11/08 00:00:00+00,Mon 08 Nov 2021,513,510,1,3617976,3552034,239321,3857297,3791355,81.9149114645925,80.5145440332544,98
-7.6926,53.28823,2021/11/09 00:00:00+00,Tue 09 Nov 2021,1378,1033,1,3619354,3553067,239322,3858676,3792389,81.9441963920715,80.536502419776,99
-7.6926,53.28823,2021/11/10 00:00:00+00,Wed 10 Nov 2021,1625,1322,0,3620979,3554389,239322,3860301,3793711,81.9787054617983,80.5645768752706,100
-7.6926,53.28823,2021/11/11 00:00:00+00,Thu 11 Nov 2021,1398,1087,1,3622377,3555476,239323,3861700,3794799,82.0084151162892,80.5876820247246,101
-7.6926,53.28823,2021/11/12 00:00:00+00,Fri 12 Nov 2021,1154,1111,5,3623531,3556587,239328,3862859,3795915,82.0330280466359,80.6113817919955,102
-7.6926,53.28823,2021/11/13 00:00:00+00,Sat 13 Nov 2021,1412,1357,0,3624943,3557944,239328,3864271,3797272,82.0630137736846,80.6401995197612,103
-7.6926,53.28823,2021/11/14 00:00:00+00,Sun 14 Nov 2021,1648,1800,0,3626591,3559744,239328,3865919,3799072,82.0980112794753,80.6784249508432,104
-7.6926,53.28823,2021/11/15 00:00:00+00,Mon 15 Nov 2021,1245,567,0,3627836,3560311,239328,3867164,3799639,82.1244505359736,80.690465961634,105
-7.6926,53.28823,2021/11/16 00:00:00+00,Tue 16 Nov 2021,1319,1048,5,3629155,3561359,239333,3868488,3800692,82.1525674641695,80.7128278388169,106
-7.6926,53.28823,2021/11/17 00:00:00+00,Wed 17 Nov 2021,1518,1084,0,3630673,3562443,239333,3870006,3801776,82.184804244382,80.7358480428686,107
-7.6926,53.28823,2021/11/18 00:00:00+00,Thu 18 Nov 2021,1665,2471,5,3632338,3564914,239338,3871676,3804252,82.2202689498858,80.7884292469569,108
-7.6926,53.28823,2021/11/19 00:00:00+00,Fri 19 Nov 2021,1184,1524,0,3633522,3566438,239338,3872860,3805776,82.2454127889975,80.820793445273,109
-7.6926,53.28823,2020/12/28 00:00:00+00,Mon 28 Dec 2020,183,22,0,183,22,0,183,22,0.00388625216000231,0.000467199713224322,110
-7.6926,53.28823,2020/12/29 00:00:00+00,Tue 29 Dec 2020,73,1,0,256,23,0,256,23,0.00543650575388301,0.000488436063825427,111
-7.6926,53.28823,2020/12/30 00:00:00+00,Wed 30 Dec 2020,1055,1,0,1311,24,0,1311,24,0.0278408556380493,0.000509672414426533,112
-7.6926,53.28823,2020/12/31 00:00:00+00,Thu 31 Dec 2020,1029,1,0,2340,25,0,2340,25,0.0496930604065869,0.000530908765027638,113
-7.6926,53.28823,2021/01/01 00:00:00+00,Fri 01 Jan 2021,806,0,0,3146,25,0,3146,25,0.066809558991078,0.000530908765027638,114
-7.6926,53.28823,2021/01/02 00:00:00+00,Sat 02 Jan 2021,1014,0,0,4160,25,0,4160,25,0.088343218500599,0.000530908765027638,115
-7.6926,53.28823,2021/01/03 00:00:00+00,Sun 03 Jan 2021,18,2,0,4178,27,0,4178,27,0.0887254728114189,0.000573381466229849,116
-7.6926,53.28823,2021/01/04 00:00:00+00,Mon 04 Jan 2021,1187,3,0,5365,30,0,5365,30,0.113933020974931,0.000637090518033166,117
-7.6926,53.28823,2021/01/05 00:00:00+00,Tue 05 Jan 2021,3516,8,0,8881,38,0,8881,38,0.188600029688418,0.00080698132284201,118
-7.6926,53.28823,2021/01/06 00:00:00+00,Wed 06 Jan 2021,6767,8,0,15648,46,0,15648,46,0.332306414206099,0.000976872127650854,119
-7.6926,53.28823,2021/01/07 00:00:00+00,Thu 07 Jan 2021,11715,8,0,27363,54,0,27363,54,0.58109026149805,0.0011467629324597,120
-7.6926,53.28823,2021/01/08 00:00:00+00,Fri 08 Jan 2021,12673,5,0,40036,59,0,40036,59,0.850218532665861,0.00125294468546523,121
-7.6926,53.28823,2021/01/09 00:00:00+00,Sat 09 Jan 2021,8071,6,0,48107,65,0,48107,65,1.02161711836738,0.00138036278907186,122
-7.6926,53.28823,2021/01/10 00:00:00+00,Sun 10 Jan 2021,4771,3,1,52878,68,1,52879,69,1.12295698343586,0.00146530819147628,123
-7.6926,53.28823,2021/01/11 00:00:00+00,Mon 11 Jan 2021,8335,7,0,61213,75,1,61214,76,1.29996196569607,0.00161396264568402,124
-7.6926,53.28823,2021/01/12 00:00:00+00,Tue 12 Jan 2021,8870,8,0,70083,83,1,70084,84,1.48832839552788,0.00178385345049286,125
-7.6926,53.28823,2021/01/13 00:00:00+00,Wed 13 Jan 2021,9871,5,0,79954,88,1,79955,89,1.69795241231139,0.00189003520349839,126
-7.6926,53.28823,2021/01/14 00:00:00+00,Thu 14 Jan 2021,8065,6,0,88019,94,1,88020,95,1.86922357990931,0.00201745330710502,127
-7.6926,53.28823,2021/01/15 00:00:00+00,Fri 15 Jan 2021,7677,2,0,95696,96,1,95697,97,2.032255043474,0.00205992600830724,128
-7.6926,53.28823,2021/01/16 00:00:00+00,Sat 16 Jan 2021,5216,2,0,100912,98,1,100913,99,2.14302384820936,0.00210239870950945,129
-7.6926,53.28823,2021/01/17 00:00:00+00,Sun 17 Jan 2021,1107,4,0,102019,102,1,102020,103,2.16653248832479,0.00218734411191387,130
-7.6926,53.28823,2021/01/18 00:00:00+00,Mon 18 Jan 2021,8696,8,0,110715,110,1,110716,111,2.351203793152,0.00235723491672271,131
-7.6926,53.28823,2021/01/19 00:00:00+00,Tue 19 Jan 2021,8365,18,0,119080,128,1,119081,129,2.52884586593025,0.00273948922754261,132
-7.6926,53.28823,2021/01/20 00:00:00+00,Wed 20 Jan 2021,8437,960,0,127517,1088,1,127518,1089,2.70801695595177,0.0231263858046039,133
-7.6926,53.28823,2021/01/21 00:00:00+00,Thu 21 Jan 2021,8980,959,0,136497,2047,1,136498,2048,2.8987193843497,0.0434920460310641,134
-7.6926,53.28823,2021/01/22 00:00:00+00,Fri 22 Jan 2021,6761,967,0,143258,3014,1,143259,3015,3.04229835076378,0.0640275970623332,135
-7.6926,53.28823,2021/01/23 00:00:00+00,Sat 23 Jan 2021,4171,459,0,147429,3473,1,147430,3474,3.13087516912099,0.0737750819882406,136
-7.6926,53.28823,2021/01/24 00:00:00+00,Sun 24 Jan 2021,1178,397,0,148607,3870,1,148608,3871,3.15589159012909,0.0822059131768795,137
-7.6926,53.28823,2021/01/25 00:00:00+00,Mon 25 Jan 2021,1344,1286,0,149951,5156,1,149952,5157,3.18443324533698,0.109515860049901,138
-7.6926,53.28823,2021/01/26 00:00:00+00,Tue 26 Jan 2021,997,3495,0,150948,8651,1,150949,8652,3.20560588688628,0.183736905400765,139
-7.6926,53.28823,2021/01/27 00:00:00+00,Wed 27 Jan 2021,2154,6698,0,153102,15349,1,153103,15350,3.25134898608106,0.32597798172697,140
-7.6926,53.28823,2021/01/28 00:00:00+00,Thu 28 Jan 2021,979,11537,0,154081,26886,1,154082,26887,3.27213937331954,0.570981758611924,141
-7.6926,53.28823,2021/01/29 00:00:00+00,Fri 29 Jan 2021,1556,11525,0,155637,38411,1,155638,38412,3.30518313485486,0.815730699289665,142
-7.6926,53.28823,2021/04/15 23:00:00+00,Fri 16 Apr 2021,27946,9817,1,881471,374098,182,881653,374280,18.7230922165165,7.94834130298177,143
-7.6926,53.28823,2021/01/30 00:00:00+00,Sat 30 Jan 2021,618,7793,0,156255,46204,1,156256,46205,3.31830719952634,0.981225579524081,144
-7.6926,53.28823,2021/01/31 00:00:00+00,Sun 31 Jan 2021,213,4084,0,156468,50288,1,156469,50289,3.32283054220438,1.067954835379,145
-7.6926,53.28823,2021/02/01 00:00:00+00,Mon 01 Feb 2021,1003,8336,0,157471,58624,1,157472,58625,3.34413060185729,1.24498105398981,146
-7.6926,53.28823,2021/02/02 00:00:00+00,Tue 02 Feb 2021,819,5103,0,158290,63727,1,158291,63728,3.36152317299959,1.35335015110725,147
-7.6926,53.28823,2021/02/03 00:00:00+00,Wed 03 Feb 2021,1385,6861,0,159675,70588,1,159676,70589,3.39093551858213,1.49905275258144,148
-7.6926,53.28823,2021/02/04 00:00:00+00,Thu 04 Feb 2021,1413,10538,1,161088,81126,2,161090,81128,3.42096371833209,1.72286265156649,149
-7.6926,53.28823,2021/02/05 00:00:00+00,Fri 05 Feb 2021,3374,8611,0,164462,89737,2,164464,89739,3.49261516526022,1.90572886659261,150
-7.6926,53.28823,2021/02/06 00:00:00+00,Sat 06 Feb 2021,886,3866,0,165348,93603,2,165350,93605,3.5114305718928,1.98782859801648,151
-7.6926,53.28823,2021/02/07 00:00:00+00,Sun 07 Feb 2021,320,1297,1,165668,94900,3,165671,94903,3.51824744043575,2.01539338109672,152
-7.6926,53.28823,2021/02/08 00:00:00+00,Mon 08 Feb 2021,1155,876,0,166823,95776,3,166826,95779,3.54277542538003,2.03399642422329,153
-7.6926,53.28823,2021/02/09 00:00:00+00,Tue 09 Feb 2021,4234,533,2,171057,96309,5,171062,96314,3.63273260652631,2.04535787179488,154
-7.6926,53.28823,2021/02/10 00:00:00+00,Wed 10 Feb 2021,8808,578,0,179865,96887,5,179870,96892,3.81978238262085,2.05763248244232,155
-7.6926,53.28823,2021/02/11 00:00:00+00,Thu 11 Feb 2021,6163,441,0,186028,97328,5,186033,97333,3.95066201137546,2.0669977130574,156
-7.6926,53.28823,2021/02/12 00:00:00+00,Fri 12 Feb 2021,4376,521,0,190404,97849,5,190409,97854,4.0435922816059,2.07806185172058,157
-7.6926,53.28823,2021/02/13 00:00:00+00,Sat 13 Feb 2021,1199,1911,0,191603,99760,5,191608,99765,4.06905466597663,2.11864451771929,158
-7.6926,53.28823,2021/02/14 00:00:00+00,Sun 14 Feb 2021,2687,25,0,194290,99785,5,194295,99790,4.1261167400418,2.11917542648432,159
-7.6926,53.28823,2021/02/15 00:00:00+00,Mon 15 Feb 2021,1950,7881,0,196240,107666,5,196245,107671,4.16752762371395,2.28653910557163,160
-7.6926,53.28823,2021/02/16 00:00:00+00,Tue 16 Feb 2021,5625,8157,0,201865,115823,5,201870,115828,4.28698209584517,2.45976401742485,161
-7.6926,53.28823,2021/02/17 00:00:00+00,Wed 17 Feb 2021,9724,8462,0,211589,124285,5,211594,124290,4.49348436909032,2.63946601621141,162
-7.6926,53.28823,2021/02/18 00:00:00+00,Thu 18 Feb 2021,8449,8345,0,220038,132630,5,220043,132635,4.67291029531906,2.81668336197763,163
-7.6926,53.28823,2021/02/19 00:00:00+00,Fri 19 Feb 2021,9375,6579,0,229413,139209,5,229418,139214,4.87200108220443,2.9563973125823,164
-7.6926,53.28823,2021/02/20 00:00:00+00,Sat 20 Feb 2021,5880,3567,2,235293,142776,7,235300,142783,4.99691329644013,3.03218984787765,165
-7.6926,53.28823,2021/02/21 00:00:00+00,Sun 21 Feb 2021,1103,1020,4,236396,143796,11,236407,143807,5.02042193655555,3.05393587089318,166
-7.6926,53.28823,2021/02/22 00:00:00+00,Mon 22 Feb 2021,3933,1117,1,240329,144913,12,240341,144925,5.1039657398203,3.07767811086522,167
-7.6926,53.28823,2021/02/23 00:00:00+00,Tue 23 Feb 2021,13345,1059,0,253674,145972,12,253686,145984,5.38736483859206,3.10016740615179,168
-7.6926,53.28823,2021/02/24 00:00:00+00,Wed 24 Feb 2021,16922,2096,2,270596,148068,14,270610,148082,5.74676883616517,3.14472126971291,169
-7.6926,53.28823,2021/02/25 00:00:00+00,Thu 25 Feb 2021,18070,1748,2,288666,149816,16,288682,149832,6.13055216422834,3.18188488326484,170
-7.6926,53.28823,2021/02/26 00:00:00+00,Fri 26 Feb 2021,16072,2759,0,304738,152575,16,304754,152591,6.47186279108931,3.24047597457329,171
-7.6926,53.28823,2021/02/27 00:00:00+00,Sat 27 Feb 2021,8981,702,1,313719,153277,17,313736,153294,6.66260769218844,3.25540512904587,172
-7.6926,53.28823,2021/02/28 00:00:00+00,Sun 28 Feb 2021,2435,50,1,316154,153327,18,316172,153345,6.71433944225274,3.25648818292653,173
-7.6926,53.28823,2021/03/01 00:00:00+00,Mon 01 Mar 2021,5573,783,0,321727,154110,18,321745,154128,6.8326896241527,3.27311624544719,174
-7.6926,53.28823,2021/03/02 00:00:00+00,Tue 02 Mar 2021,12165,1602,0,333892,155712,18,333910,155730,7.09102982921515,3.30713687911016,175
-7.6926,53.28823,2021/03/03 00:00:00+00,Wed 03 Mar 2021,12870,1498,1,346762,157210,19,346781,157229,7.36436289780197,3.33897016866122,176
-7.6926,53.28823,2021/03/04 00:00:00+00,Thu 04 Mar 2021,18715,1683,3,365477,158893,22,365499,158915,7.76186490835347,3.37477465577468,177
-7.6926,53.28823,2021/03/05 00:00:00+00,Fri 05 Mar 2021,18421,2388,6,383898,161281,28,383926,161309,8.15318714088004,3.42561447911373,178
-7.6926,53.28823,2021/03/06 00:00:00+00,Sat 06 Mar 2021,10430,134,4,394328,161415,32,394360,161447,8.37476722305197,3.42854509549668,179
-7.6926,53.28823,2021/03/07 00:00:00+00,Sun 07 Mar 2021,1508,9,2,395836,161424,34,395870,161458,8.40683411245964,3.4287786953533,180
-7.6926,53.28823,2021/03/08 00:00:00+00,Mon 08 Mar 2021,6644,1491,3,402480,162915,37,402517,162952,8.54799213490519,3.46050580315135,181
-7.6926,53.28823,2021/03/09 00:00:00+00,Tue 09 Mar 2021,13799,3093,3,416279,166008,40,416319,166048,8.84109624590165,3.52625354461237,182
-7.6926,53.28823,2021/03/10 00:00:00+00,Wed 10 Mar 2021,13705,3975,3,429984,169983,43,430027,170026,9.1322041399416,3.61073174730357,183
-7.6926,53.28823,2021/03/11 00:00:00+00,Thu 11 Mar 2021,18442,2095,2,448426,172078,45,448471,172123,9.52388739042839,3.65526437451409,184
-7.6926,53.28823,2021/03/12 00:00:00+00,Fri 12 Mar 2021,17299,1328,3,465725,173406,48,465773,173454,9.89131872852872,3.68352995716416,185
-7.6926,53.28823,2021/03/13 00:00:00+00,Sat 13 Mar 2021,8271,168,0,473996,173574,48,474044,173622,10.0669645843505,3.68709766406514,186
-7.6926,53.28823,2021/03/14 00:00:00+00,Sun 14 Mar 2021,369,16,1,474365,173590,49,474414,173639,10.0748220340729,3.68745868202536,187
-7.6926,53.28823,2021/03/15 00:00:00+00,Mon 15 Mar 2021,2623,985,0,476988,174575,49,477037,174624,10.1305249816996,3.70837648736745,188
-7.6926,53.28823,2021/03/16 00:00:00+00,Tue 16 Mar 2021,8917,3808,2,485905,178383,51,485956,178434,10.3199319927108,3.78928698315766,189
-7.6926,53.28823,2021/03/17 00:00:00+00,Wed 17 Mar 2021,4871,2409,6,490776,180792,57,490833,180849,10.4235016745924,3.84057276985933,190
-7.6926,53.28823,2021/03/18 00:00:00+00,Thu 18 Mar 2021,11696,4675,2,502472,185467,59,502531,185526,10.6719245039242,3.9398951816207,191
-7.6926,53.28823,2021/03/19 00:00:00+00,Fri 19 Mar 2021,10330,6109,2,512802,191576,61,512863,191637,10.8913384783348,4.06967052014406,192
-7.6926,53.28823,2021/03/20 00:00:00+00,Sat 20 Mar 2021,5212,3114,2,518014,194690,63,518077,194753,11.0020648103689,4.1358429886171,193
-7.6926,53.28823,2021/03/21 00:00:00+00,Sun 21 Mar 2021,3620,51,3,521634,194741,66,521700,194807,11.0790041085968,4.13698975154956,194
-7.6926,53.28823,2021/03/22 00:00:00+00,Mon 22 Mar 2021,7378,2395,1,529012,197136,67,529079,197203,11.2357071396823,4.18787204758981,195
-7.6926,53.28823,2021/03/23 00:00:00+00,Tue 23 Mar 2021,12543,7380,3,541555,204516,70,541625,204586,11.5021383943238,4.34466002407777,196
-7.6926,53.28823,2021/03/24 00:00:00+00,Wed 24 Mar 2021,13589,9772,1,555144,214288,71,555215,214359,11.7907403989928,4.55220287850238,197
-7.6926,53.28823,2021/03/25 00:00:00+00,Thu 25 Mar 2021,20834,10212,3,575978,224500,74,576052,224574,12.233242236468,4.76913219989267,198
-7.6926,53.28823,2021/03/26 00:00:00+00,Fri 26 Mar 2021,19675,9484,1,595653,233984,75,595728,234059,12.6510886708954,4.97055898534416,199
-7.6926,53.28823,2021/03/27 00:00:00+00,Sat 27 Mar 2021,11716,5334,2,607369,239318,77,607446,239395,12.8999362272391,5.08387615215166,200
-7.6926,53.28823,2021/03/28 00:00:00+00,Sun 28 Mar 2021,2474,479,0,609843,239797,77,609920,239874,12.9524749586263,5.09404836408959,201
-7.6926,53.28823,2021/03/28 23:00:00+00,Mon 29 Mar 2021,9232,3102,3,619075,242899,80,619155,242979,13.1485926564275,5.15998723270602,202
-7.6926,53.28823,2021/03/29 23:00:00+00,Tue 30 Mar 2021,13304,8657,4,632379,251556,84,632463,251640,13.431206010227,5.34391526526219,203
-7.6926,53.28823,2021/03/30 23:00:00+00,Wed 31 Mar 2021,15783,10497,3,648162,262053,87,648249,262140,13.7664430408161,5.5668969465738,204
-7.6926,53.28823,2021/03/31 23:00:00+00,Thu 01 Apr 2021,19652,11613,7,667814,273666,94,667908,273760,14.1839284572832,5.81366334055865,205
-7.6926,53.28823,2021/04/01 23:00:00+00,Fri 02 Apr 2021,20103,13714,7,687917,287380,101,688018,287481,14.6109914678714,6.10504730715642,206
-7.6926,53.28823,2021/04/02 23:00:00+00,Sat 03 Apr 2021,7523,4638,5,695440,292018,106,695546,292124,14.7708587151965,6.20364768299735,207
-7.6926,53.28823,2021/04/03 23:00:00+00,Sun 04 Apr 2021,3007,166,2,698447,292184,108,698555,292292,14.8347588941553,6.20721538989834,208
-7.6926,53.28823,2021/04/04 23:00:00+00,Mon 05 Apr 2021,3403,595,3,701850,292779,111,701961,292890,14.9070899043026,6.2199147275578,209
-7.6926,53.28823,2021/04/05 23:00:00+00,Tue 06 Apr 2021,11942,8148,6,713792,300927,117,713909,301044,15.1608218212846,6.39307593035921,210
-7.6926,53.28823,2021/04/06 23:00:00+00,Wed 07 Apr 2021,18319,10448,6,732111,311375,123,732234,311498,15.5499779460499,6.61508073954317,211
-7.6926,53.28823,2021/04/07 23:00:00+00,Thu 08 Apr 2021,20149,10554,13,752260,321929,136,752396,322065,15.9781452468694,6.83948525634505,212
-7.6926,53.28823,2021/04/08 23:00:00+00,Fri 09 Apr 2021,20669,9148,15,772929,331077,151,773080,331228,16.4173979227027,7.03407393690298,213
-7.6926,53.28823,2021/04/09 23:00:00+00,Sat 10 Apr 2021,11134,4149,12,784063,335226,163,784226,335389,16.6540982865026,7.12243839175418,214
-7.6926,53.28823,2021/04/10 23:00:00+00,Sun 11 Apr 2021,2837,346,6,786900,335572,169,787069,335741,16.7144732312615,7.12991358716577,215
-7.6926,53.28823,2021/04/11 23:00:00+00,Mon 12 Apr 2021,7742,2774,8,794642,338346,177,794819,338523,16.8790549484201,7.18899311453804,216
-7.6926,53.28823,2021/04/12 23:00:00+00,Tue 13 Apr 2021,11465,8579,1,806107,346925,178,806285,347103,17.1225509444124,7.37120100269553,217
-7.6926,53.28823,2021/04/13 23:00:00+00,Wed 14 Apr 2021,20319,6579,2,826426,353504,180,826606,353684,17.5540948249774,7.51095742600141,218
-7.6926,53.28823,2021/04/14 23:00:00+00,Thu 15 Apr 2021,27099,10777,1,853525,364281,181,853706,364462,18.1295999262674,7.73984281278012,219
-7.6926,53.28823,2021/04/16 23:00:00+00,Sat 17 Apr 2021,15829,4535,2,897300,378633,184,897484,378817,19.0592848828826,8.04469062565899,220
-7.6926,53.28823,2021/04/17 23:00:00+00,Sun 18 Apr 2021,1047,468,0,898347,379101,184,898531,379285,19.0815193419619,8.05462923774031,221
-7.6926,53.28823,2021/04/18 23:00:00+00,Mon 19 Apr 2021,6716,2233,0,905063,381334,184,905247,381518,19.224142672599,8.10205000863258,222
-7.6926,53.28823,2021/04/19 23:00:00+00,Tue 20 Apr 2021,15048,7288,1,920111,388622,185,920296,388807,19.543728512795,8.25684176816404,223
-7.6926,53.28823,2021/04/20 23:00:00+00,Wed 21 Apr 2021,26670,9845,2,946781,398467,187,946968,398654,20.1101444560277,8.46595611253312,224
-7.6926,53.28823,2021/04/21 23:00:00+00,Thu 22 Apr 2021,31586,12164,1,978367,410631,188,978555,410819,20.7809370624648,8.72429631759557,225
-7.6926,53.28823,2021/04/22 23:00:00+00,Fri 23 Apr 2021,33560,12352,1,1011927,422983,189,1012116,423172,21.4936502249885,8.98662895657103,226
-7.6926,53.28823,2021/04/23 23:00:00+00,Sat 24 Apr 2021,23662,6977,1,1035589,429960,190,1035779,430150,21.9961659892625,9.13481621106554,227
-7.6926,53.28823,2021/04/24 23:00:00+00,Sun 25 Apr 2021,9725,286,2,1045314,430246,192,1045506,430438,22.2027319715594,9.14093228003866,228
-7.6926,53.28823,2021/04/25 23:00:00+00,Mon 26 Apr 2021,15542,3032,1,1060856,433278,193,1061049,433471,22.5328085689524,9.20534213141181,229
-7.6926,53.28823,2021/04/26 23:00:00+00,Tue 27 Apr 2021,25883,7787,6,1086739,441065,199,1086938,441264,23.0825964496644,9.37083701164623,230
-7.6926,53.28823,2021/04/27 23:00:00+00,Wed 28 Apr 2021,25999,8576,5,1112738,449641,204,1112942,449845,23.6348265106956,9.55306613615431,231
-7.6926,53.28823,2021/04/28 23:00:00+00,Thu 29 Apr 2021,31656,11320,4,1144394,460961,208,1144602,461169,24.3071693707266,9.79354657036123,232
-7.6926,53.28823,2021/04/29 23:00:00+00,Fri 30 Apr 2021,36083,13503,7,1180477,474464,215,1180692,474679,25.0735892639205,10.0804496669822,233
-7.6926,53.28823,2021/04/30 23:00:00+00,Sat 01 May 2021,16516,6671,16,1196993,481135,231,1197224,481366,25.424668612058,10.2224571434518,234
-7.6926,53.28823,2021/05/01 23:00:00+00,Sun 02 May 2021,12411,898,12,1209404,482033,243,1209647,482276,25.6884877955755,10.2417822224988,235
-7.6926,53.28823,2021/05/02 23:00:00+00,Mon 03 May 2021,14217,904,16,1223621,482937,259,1223880,483196,25.990744773681,10.2613196650518,236
-7.6926,53.28823,2021/05/03 23:00:00+00,Tue 04 May 2021,26597,6757,7,1250218,489694,266,1250484,489960,26.5557166450728,10.4049623405177,237
-7.6926,53.28823,2021/05/04 23:00:00+00,Wed 05 May 2021,32040,13426,68,1282258,503120,334,1282592,503454,27.2375733901731,10.691525655529,238
-7.6926,53.28823,2021/05/05 23:00:00+00,Thu 06 May 2021,37227,14360,132,1319485,517480,466,1319951,517946,28.0309422122798,10.9992828484402,239
-7.6926,53.28823,2021/05/06 23:00:00+00,Fri 07 May 2021,40547,15046,93,1360032,532526,559,1360591,533085,28.8939875007088,11.3207799601903,240
-7.6926,53.28823,2021/05/07 23:00:00+00,Sat 08 May 2021,25557,7021,9,1385589,539547,568,1386157,540115,29.4369160401766,11.4700715049161,241
-7.6926,53.28823,2021/05/08 23:00:00+00,Sun 09 May 2021,19629,904,1,1405218,540451,569,1405787,541020,29.8537856024763,11.4892904022101,242
-7.6926,53.28823,2021/05/09 23:00:00+00,Mon 10 May 2021,28767,4613,168,1433985,545064,737,1434722,545801,30.4682594071193,11.590821394434,243
-7.6926,53.28823,2021/05/10 23:00:00+00,Tue 11 May 2021,33880,14793,150,1467865,559857,887,1468752,560744,31.1909324180749,11.9081561814663,244
-7.6926,53.28823,2021/05/11 23:00:00+00,Wed 12 May 2021,31228,20916,165,1499093,580773,1052,1500145,581825,31.8576051724954,12.3558396884882,245
-7.6926,53.28823,2021/05/12 23:00:00+00,Thu 13 May 2021,35935,25466,147,1535028,606239,1199,1536227,607438,32.6238551748845,12.8997663364343,246
-7.6926,53.28823,2021/05/13 23:00:00+00,Fri 14 May 2021,38145,27946,232,1573173,634185,1431,1574604,635616,33.4388426019032,13.4981642236723,247
-7.6926,53.28823,2021/05/14 23:00:00+00,Sat 15 May 2021,28803,12419,17,1601976,646604,1448,1603424,648052,34.050874226227,13.7622594797476,248
-7.6926,53.28823,2021/05/15 23:00:00+00,Sun 16 May 2021,23120,1151,8,1625096,647755,1456,1626552,649211,34.5420285429294,13.7868724100943,249
-7.6926,53.28823,2021/05/16 23:00:00+00,Mon 17 May 2021,35337,3926,111,1660433,651681,1567,1662000,653248,35.2948146990374,13.872603557471,250
-7.6926,53.28823,2021/05/17 23:00:00+00,Tue 18 May 2021,38984,12470,121,1699417,664151,1688,1701105,665839,36.1252621892936,14.1399904478895,251
-7.6926,53.28823,2021/05/18 23:00:00+00,Wed 19 May 2021,36958,17573,202,1736375,681724,1890,1738265,683614,36.9144049776307,14.5174665798242,252
-7.6926,53.28823,2021/05/19 23:00:00+00,Thu 20 May 2021,39020,19644,128,1775395,701368,2018,1777413,703386,37.7457656309628,14.9373517039092,253
-7.6926,53.28823,2021/05/20 23:00:00+00,Fri 21 May 2021,25766,23228,14930,1801161,724596,16948,1818109,741544,38.6100001550254,15.7476883701462,254
-7.6926,53.28823,2021/05/21 23:00:00+00,Sat 22 May 2021,16526,10237,13516,1817687,734833,30464,1848151,765297,39.2479825997838,16.2521154059743,255
-7.6926,53.28823,2021/05/22 23:00:00+00,Sun 23 May 2021,8174,5513,10201,1825861,740346,40665,1866526,781011,39.6382005420791,16.58582341932,256
-7.6926,53.28823,2021/05/23 23:00:00+00,Mon 24 May 2021,22475,8182,8443,1848336,748528,49108,1897444,797636,40.2947860299641,16.9388777480634,257
-7.6926,53.28823,2021/05/24 23:00:00+00,Tue 25 May 2021,30238,16486,3219,1878574,765014,52327,1930901,817341,41.0052906120253,17.3573400366582,258
-7.6926,53.28823,2021/05/25 23:00:00+00,Wed 26 May 2021,19879,25404,3043,1898453,790418,55370,1953823,845788,41.4920702405038,17.9614505022078,259
-7.6926,53.28823,2021/05/26 23:00:00+00,Thu 27 May 2021,16940,35974,548,1915393,826392,55918,1971311,882310,41.8634515398159,18.7370444988614,260
-7.6926,53.28823,2021/05/27 23:00:00+00,Fri 28 May 2021,26930,31788,1551,1942323,858180,57469,1999792,915649,42.468284041286,19.4450431915517,261
-7.6926,53.28823,2021/05/28 23:00:00+00,Sat 29 May 2021,24402,7367,528,1966725,865547,57997,2024722,923544,42.9977062617716,19.6127041795474,262
-7.6926,53.28823,2021/05/29 23:00:00+00,Sun 30 May 2021,24182,1657,204,1990907,867204,58201,2049108,925405,43.5155759075301,19.6522250280161,263
-7.6926,53.28823,2021/05/30 23:00:00+00,Mon 31 May 2021,22478,7299,3435,2013385,874503,61636,2075021,936139,44.0658734606566,19.8801760153683,264
-7.6926,53.28823,2021/05/31 23:00:00+00,Tue 01 Jun 2021,27423,11475,3639,2040808,885978,65275,2106083,951253,44.7255169830281,20.2011422183534,265
-7.6926,53.28823,2021/06/01 23:00:00+00,Wed 02 Jun 2021,18595,20854,3994,2059403,906832,69269,2128672,976101,45.2052249067565,20.7288230580897,266
-7.6926,53.28823,2021/06/02 23:00:00+00,Thu 03 Jun 2021,16588,30669,1969,2075991,937501,71238,2147229,1008739,45.5993078648612,21.4219350690086,267
-7.6926,53.28823,2021/06/03 23:00:00+00,Fri 04 Jun 2021,28935,23321,143,2104926,960822,71381,2176307,1032203,46.2168184676402,21.9202247995129,268
-7.6926,53.28823,2021/06/04 23:00:00+00,Sat 05 Jun 2021,20876,11452,26,2125802,972274,71407,2197209,1043681,46.6607006679045,22.1639756317124,269
-7.6926,53.28823,2021/06/05 23:00:00+00,Sun 06 Jun 2021,19872,3872,34,2145674,976146,71441,2217115,1047587,47.0834314629701,22.2469248171603,270
-7.6926,53.28823,2021/06/06 23:00:00+00,Mon 07 Jun 2021,19716,4533,36,2165390,980679,71477,2236867,1052156,47.5028918600431,22.3439537030568,271
-7.6926,53.28823,2021/06/07 23:00:00+00,Tue 08 Jun 2021,26336,18298,38,2191726,998977,71515,2263241,1070492,48.0629793707967,22.7333434276787,272
-7.6926,53.28823,2021/06/08 23:00:00+00,Wed 09 Jun 2021,32692,20058,163,2224418,1019035,71678,2296096,1090713,48.760699669796,23.1627636731836,273
-7.6926,53.28823,2021/06/09 23:00:00+00,Thu 10 Jun 2021,27589,27434,259,2252007,1046469,71937,2323944,1118406,49.3520895613356,23.75086193038,274
-7.6926,53.28823,2021/06/10 23:00:00+00,Fri 11 Jun 2021,26349,32844,27,2278356,1079313,71964,2350320,1151277,49.9122195447903,24.448922010989,275
-7.6926,53.28823,2021/06/11 23:00:00+00,Sat 12 Jun 2021,12128,19682,97,2290484,1098995,72061,2362545,1171056,50.1718339308888,24.8689557895282,276
-7.6926,53.28823,2021/06/12 23:00:00+00,Sun 13 Jun 2021,8502,18144,827,2298986,1117139,72888,2371874,1190027,50.3699478456466,25.2718305967818,277
-7.6926,53.28823,2021/06/13 23:00:00+00,Mon 14 Jun 2021,15950,31257,39,2314936,1148396,72927,2387863,1221323,50.7094958554076,25.936443425194,278
-7.6926,53.28823,2021/06/14 23:00:00+00,Tue 15 Jun 2021,14613,41483,196,2329549,1189879,73123,2402672,1263002,51.0239849714594,26.8215532818975,279
-7.6926,53.28823,2021/06/15 23:00:00+00,Wed 16 Jun 2021,13346,48330,208,2342895,1238209,73331,2416226,1311540,51.3118224675068,27.8523232673739,280
-7.6926,53.28823,2021/06/16 23:00:00+00,Thu 17 Jun 2021,21497,42605,526,2364392,1280814,73857,2438249,1354671,51.7795106167949,28.7682683051502,281
-7.6926,53.28823,2021/06/17 23:00:00+00,Fri 18 Jun 2021,11948,49996,542,2376340,1330810,74399,2450739,1405209,52.0447526358028,29.8415109918289,282
-7.6926,53.28823,2021/06/18 23:00:00+00,Sat 19 Jun 2021,6242,32740,425,2382582,1363550,74824,2457406,1438374,52.1863353852603,30.5458145595146,283
-7.6926,53.28823,2021/06/19 23:00:00+00,Sun 20 Jun 2021,8460,26103,172,2391042,1389653,74996,2466038,1464649,52.3696475636491,31.1037996715586,284
-7.6926,53.28823,2021/06/20 23:00:00+00,Mon 21 Jun 2021,15400,32264,559,2406442,1421917,75555,2481997,1497472,52.7085584828921,31.8008404073387,285
-7.6926,53.28823,2021/06/21 23:00:00+00,Tue 22 Jun 2021,15062,43474,710,2421504,1465391,76265,2497769,1541656,53.0434982045727,32.7391473222979,286
-7.6926,53.28823,2021/06/22 23:00:00+00,Wed 23 Jun 2021,20003,39321,872,2441507,1504712,77137,2518644,1581849,53.4868070233708,33.5926999620082,287
-7.6926,53.28823,2021/06/23 23:00:00+00,Thu 24 Jun 2021,18942,44188,1026,2460449,1548900,78163,2538612,1627063,53.9108544721737,34.5528803180866,288
-7.6926,53.28823,2021/06/24 23:00:00+00,Fri 25 Jun 2021,15121,50070,818,2475570,1598970,78981,2554551,1677951,54.2493406644047,35.6335557274756,289
-7.6926,53.28823,2021/06/25 23:00:00+00,Sat 26 Jun 2021,8985,30484,487,2484555,1629454,79468,2564023,1708922,54.4504913772984,36.2912667419425,290
-7.6926,53.28823,2021/06/26 23:00:00+00,Sun 27 Jun 2021,8680,30424,49,2493235,1659878,79517,2572752,1739395,54.6358634816954,36.9384020538099,291
-7.6926,53.28823,2021/06/27 23:00:00+00,Mon 28 Jun 2021,24149,24566,502,2517384,1684444,80019,2597403,1764463,55.1593607603633,37.4707548906785,292
-7.6926,53.28823,2021/06/28 23:00:00+00,Tue 29 Jun 2021,28068,30925,794,2545452,1715369,80813,2626265,1796182,55.7722843114124,38.1443506953949,293
-7.6926,53.28823,2021/06/29 23:00:00+00,Wed 30 Jun 2021,22469,36767,565,2567921,1752136,81378,2649299,1833514,56.2614424111583,38.9371461360354,294
-7.6926,53.28823,2021/06/30 23:00:00+00,Thu 01 Jul 2021,14856,48235,623,2582777,1800371,82001,2664778,1882372,56.5901598821128,39.9747117537042,295
-7.6926,53.28823,2021/07/01 23:00:00+00,Fri 02 Jul 2021,13562,47168,804,2596339,1847539,82805,2679144,1930344,56.8952412948483,40.9934619647404,296
-7.6926,53.28823,2021/07/02 23:00:00+00,Sat 03 Jul 2021,9242,30398,491,2605581,1877937,83296,2688877,1961233,57.1019346952488,41.649431598458,297
-7.6926,53.28823,2021/07/03 23:00:00+00,Sun 04 Jul 2021,6387,27734,223,2611968,1905671,83519,2695487,1989190,57.2423069727221,42.2431362522131,298
-7.6926,53.28823,2021/07/04 23:00:00+00,Mon 05 Jul 2021,15478,33338,5325,2627446,1939009,88844,2716290,2027853,57.6840867742769,43.0641972755036,299
-7.6926,53.28823,2021/07/05 23:00:00+00,Tue 06 Jul 2021,12303,48264,5469,2639749,1987273,94313,2734062,2081586,58.0614991971598,44.2052901023528,300
-7.6926,53.28823,2021/07/06 23:00:00+00,Wed 07 Jul 2021,19603,43658,5041,2659352,2030931,99354,2758706,2130285,58.5848478213734,45.2394791402761,301
-7.6926,53.28823,2021/07/07 23:00:00+00,Thu 08 Jul 2021,17675,45493,5978,2677027,2076424,105332,2782359,2181756,59.0871512221414,46.3325353420656,302
-7.6926,53.28823,2021/07/08 23:00:00+00,Fri 09 Jul 2021,13442,45012,6515,2690469,2121436,111847,2802316,2233283,59.5109650710876,47.4267807794887,303
-7.6926,53.28823,2021/07/09 23:00:00+00,Sat 10 Jul 2021,8553,23770,4353,2699022,2145206,116200,2815222,2261406,59.7850414119455,48.0240106674436,304
-7.6926,53.28823,2021/07/10 23:00:00+00,Sun 11 Jul 2021,15178,16057,2146,2714200,2161263,118346,2832546,2279609,60.152939949759,48.4105759574356,305
-7.6926,53.28823,2021/07/11 23:00:00+00,Mon 12 Jul 2021,17035,31642,6074,2731235,2192905,124420,2855655,2317325,60.6436907758,49.2115261567069,306
-7.6926,53.28823,2021/07/12 23:00:00+00,Tue 13 Jul 2021,20019,36453,8474,2751254,2229358,132894,2884148,2362252,61.2487781134773,50.1656116801627,307
-7.6926,53.28823,2021/07/13 23:00:00+00,Wed 14 Jul 2021,20710,35592,9317,2771964,2264950,142211,2914175,2407161,61.8864420129767,51.1193149493078,308
-7.6926,53.28823,2021/07/14 23:00:00+00,Thu 15 Jul 2021,23544,28729,9555,2795508,2293679,151766,2947274,2445445,62.5893439815227,51.9323273957205,309
-7.6926,53.28823,2021/07/15 23:00:00+00,Fri 16 Jul 2021,23471,27304,9153,2818979,2320983,160919,2979898,2481902,63.2821586835331,52.706541029585,310
-7.6926,53.28823,2021/07/16 23:00:00+00,Sat 17 Jul 2021,11435,19346,4666,2830414,2340329,165585,2995999,2505914,63.6240851645615,53.2164682802187,311
-7.6926,53.28823,2021/07/17 23:00:00+00,Sun 18 Jul 2021,16813,15745,1921,2847227,2356074,167506,3014733,2523580,64.0219269567227,53.5916296499379,312
-7.6926,53.28823,2021/07/18 23:00:00+00,Mon 19 Jul 2021,24802,18303,6228,2872029,2374377,173734,3045763,2548111,64.680890915875,54.1125785665336,313
-7.6926,53.28823,2021/07/19 23:00:00+00,Tue 20 Jul 2021,30498,18059,7685,2902527,2392436,181419,3083946,2573855,65.491758490877,54.6592871764085,314
-7.6926,53.28823,2021/07/20 23:00:00+00,Wed 21 Jul 2021,30258,19720,6870,2932785,2412156,188289,3121074,2600445,66.2802217159948,55.2239617388918,315
-7.6926,53.28823,2021/07/21 23:00:00+00,Thu 22 Jul 2021,33455,15817,6918,2966240,2427973,195207,3161447,2623180,67.1375968988132,55.706770169808,316
-7.6926,53.28823,2021/07/22 23:00:00+00,Fri 23 Jul 2021,27012,20701,5594,2993252,2448674,200801,3194053,2649475,67.8300293465129,56.2651800088641,317
-7.6926,53.28823,2021/07/23 23:00:00+00,Sat 24 Jul 2021,15380,14714,2256,3008632,2463388,203057,3211689,2666445,68.204553625714,56.6255608785648,318
-7.6926,53.28823,2021/07/24 23:00:00+00,Sun 25 Jul 2021,14676,13579,1029,3023308,2476967,204086,3227394,2681053,68.5380705119044,56.9357814881458,319
-7.6926,53.28823,2021/07/25 23:00:00+00,Mon 26 Jul 2021,23760,18146,3400,3047068,2495113,207486,3254554,2702599,69.1148497942304,57.3933398981972,320
-7.6926,53.28823,2021/07/26 23:00:00+00,Tue 27 Jul 2021,25413,23762,3652,3072481,2518875,211138,3283619,2730013,69.7320843244515,57.9755132135759,321
-7.6926,53.28823,2021/07/27 23:00:00+00,Wed 28 Jul 2021,23373,25145,3245,3095854,2544020,214383,3310237,2758403,70.2973535047517,58.5784132071413,322
-7.6926,53.28823,2021/07/28 23:00:00+00,Thu 29 Jul 2021,19194,27753,2944,3115048,2571773,217327,3332375,2789100,70.767483834359,59.2303054615434,323
-7.6926,53.28823,2021/07/29 23:00:00+00,Fri 30 Jul 2021,21868,22799,2108,3136916,2594572,219435,3356351,2814007,71.2766465763711,59.7592392459651,324
-7.6926,53.28823,2021/07/30 23:00:00+00,Sat 31 Jul 2021,13688,12374,900,3150604,2606946,220335,3370939,2827281,71.58644245894,60.0411305638442,325
-7.6926,53.28823,2021/07/31 23:00:00+00,Sun 01 Aug 2021,11043,9248,360,3161647,2616194,220695,3382342,2836889,71.8286005648445,60.2451694204196,326
-7.6926,53.28823,2021/08/01 23:00:00+00,Mon 02 Aug 2021,14954,15892,419,3176601,2632086,221114,3397715,2853200,72.1550669826352,60.5915555350743,327
-7.6926,53.28823,2021/11/20 00:00:00+00,Sat 20 Nov 2021,1542,2922,10,3635064,3569360,239348,3874412,3808708,82.2783716051304,80.8830584252354,328
-7.6926,53.28823,2021/11/21 00:00:00+00,Sun 21 Nov 2021,1786,2752,0,3636850,3572112,239348,3876198,3811460,82.316299727304,80.9415008620897,329
-7.6926,53.28823,2021/11/22 00:00:00+00,Mon 22 Nov 2021,711,487,2,3637561,3572599,239350,3876911,3811949,82.3314412452826,80.9518854375336,330
-7.6926,53.28823,2021/11/23 00:00:00+00,Tue 23 Nov 2021,2162,1553,6,3639723,3574152,239356,3879079,3813508,82.3774816533858,80.9849929081207,331
-7.6926,53.28823,2021/11/24 00:00:00+00,Wed 24 Nov 2021,1627,3116,2,3641350,3577268,239358,3880708,3816626,82.412075668515,81.051207849295,332
-7.6926,53.28823,2021/11/25 00:00:00+00,Thu 25 Nov 2021,1001,1158,1,3642351,3578426,239359,3881710,3817785,82.4333544918173,81.0758207796416,333
-7.6926,53.28823,2021/11/26 00:00:00+00,Fri 26 Nov 2021,1292,1074,12,3643643,3579500,239371,3883014,3818871,82.4610466930012,81.0988834563944,334
-7.6926,53.28823,2021/11/27 00:00:00+00,Sat 27 Nov 2021,1226,1550,5,3644869,3581050,239376,3884245,3820426,82.4871886405911,81.1319059815792,335
-7.6926,53.28823,2021/11/28 00:00:00+00,Sun 28 Nov 2021,1967,2251,0,3646836,3583301,239376,3886212,3822677,82.5289605422235,81.1797090067822,336
-7.6926,53.28823,2021/11/29 00:00:00+00,Mon 29 Nov 2021,551,975,1,3647387,3584276,239377,3886764,3823653,82.5406830077553,81.2004356849689,337
-7.6926,53.28823,2021/11/30 00:00:00+00,Tue 30 Nov 2021,1929,1619,6,3649316,3585895,239383,3888699,3825278,82.5817753461684,81.2349447546957,338
-7.6926,53.28823,2021/12/01 00:00:00+00,Wed 01 Dec 2021,1085,1353,1,3650401,3587248,239384,3889785,3826632,82.6048380229212,81.2636987734096,339
-7.6926,53.28823,2021/12/02 00:00:00+00,Thu 02 Dec 2021,1775,1398,0,3652176,3588646,239384,3891560,3828030,82.6425325452382,81.29338719155,340
-7.6926,53.28823,2021/12/03 00:00:00+00,Fri 03 Dec 2021,1046,1163,3,3653222,3589809,239387,3892609,3829196,82.6648094770188,81.3181487763509,341
-7.6926,53.28823,2021/12/04 00:00:00+00,Sat 04 Dec 2021,1202,1694,0,3654424,3591503,239387,3893811,3830890,82.6903355704413,81.3541231542691,342
-7.6926,53.28823,2021/12/05 00:00:00+00,Sun 05 Dec 2021,1348,1770,0,3655772,3593273,239387,3895159,3832660,82.7189621710516,81.3917114948331,343
-7.6926,53.28823,2021/12/06 00:00:00+00,Mon 06 Dec 2021,934,1272,0,3656706,3594545,239387,3896093,3833932,82.738796922513,81.4187241327977,344
-7.6926,53.28823,2021/12/07 00:00:00+00,Tue 07 Dec 2021,484,728,1,3657190,3595273,239388,3896578,3834661,82.7490965525546,81.4342054323859,345
-7.6926,53.28823,2021/12/08 00:00:00+00,Wed 08 Dec 2021,815,1488,0,3658005,3596761,239388,3897393,3836149,82.7664041782945,81.4658051220804,346
-7.6926,53.28823,2021/12/09 00:00:00+00,Thu 09 Dec 2021,793,1185,0,3658798,3597946,239388,3898186,3837334,82.7832446043211,81.4909701975427,347
-7.6926,53.28823,2021/12/10 00:00:00+00,Fri 10 Dec 2021,889,1590,1,3659687,3599536,239389,3899076,3838925,82.8021449563561,81.524757231349,348
-7.6926,53.28823,2021/12/11 00:00:00+00,Sat 11 Dec 2021,639,834,0,3660326,3600370,239389,3899715,3839759,82.8157149843902,81.5424683477503,349
-7.6926,53.28823,2021/12/12 00:00:00+00,Sun 12 Dec 2021,689,1188,0,3661015,3601558,239389,3900404,3840947,82.8303468299544,81.5676971322645,350
-7.6926,53.28823,2021/12/13 00:00:00+00,Mon 13 Dec 2021,719,1042,0,3661734,3602600,239389,3901123,3841989,82.8456157660366,81.5898254095908,351
-7.6926,53.28823,2021/12/14 00:00:00+00,Tue 14 Dec 2021,627,1179,1,3662361,3603779,239390,3901751,3843169,82.8589521942141,81.6148843033001,352
-7.6926,53.28823,2021/12/15 00:00:00+00,Wed 15 Dec 2021,792,1223,1,3663153,3605002,239391,3902544,3844393,82.8757926202407,81.6408775964359,353
-7.6926,53.28823,2021/12/16 00:00:00+00,Thu 16 Dec 2021,1059,1509,7,3664212,3606511,239398,3903610,3845909,82.8984305699815,81.6730719039471,354
-7.6926,53.28823,2021/12/17 00:00:00+00,Fri 17 Dec 2021,1205,2423,1,3665417,3608934,239399,3904816,3848333,82.9240416088065,81.7245488178042,355
-7.6926,53.28823,2021/12/18 00:00:00+00,Sat 18 Dec 2021,1265,1165,0,3666682,3610099,239399,3906081,3849498,82.9509055923169,81.7492891662545,356
-7.6926,53.28823,2021/12/19 00:00:00+00,Sun 19 Dec 2021,558,877,0,3667240,3610976,239399,3906639,3850375,82.9627554759523,81.7679134457317,357
-7.6926,53.28823,2021/12/20 00:00:00+00,Mon 20 Dec 2021,533,579,0,3667773,3611555,239399,3907172,3850954,82.9740744508227,81.7802092927297,358
-7.6926,53.28823,2021/12/21 00:00:00+00,Tue 21 Dec 2021,1460,1769,3,3669233,3613324,239402,3908635,3852726,83.0051432317521,81.8178401059949,359
-7.6926,53.28823,2021/12/22 00:00:00+00,Wed 22 Dec 2021,1237,1539,2,3670470,3614863,239404,3909874,3854267,83.0314550701468,81.8505653222712,360
-7.6926,53.28823,2021/12/23 00:00:00+00,Thu 23 Dec 2021,959,1326,0,3671429,3616189,239404,3910833,3855593,83.0518207303733,81.8787247231682,361
-7.6926,53.28823,2021/12/24 00:00:00+00,Fri 24 Dec 2021,102,135,0,3671531,3616324,239404,3910935,3855728,83.0539868381346,81.8815916304994,362
-7.6926,53.28823,2021/12/25 00:00:00+00,Sat 25 Dec 2021,1,0,0,3671532,3616324,239404,3910936,3855728,83.0540080744852,81.8815916304994,363
-7.6926,53.28823,2021/12/26 00:00:00+00,Sun 26 Dec 2021,10,6,0,3671542,3616330,239404,3910946,3855734,83.0542204379912,81.881719048603,364
-7.6926,53.28823,2021/12/27 00:00:00+00,Mon 27 Dec 2021,386,581,0,3671928,3616911,239404,3911332,3856315,83.0624176693233,81.8940573683022,365
-7.6926,53.28823,2021/12/28 00:00:00+00,Tue 28 Dec 2021,464,735,0,3672392,3617646,239404,3911796,3857050,83.0722713360022,81.909666085994,366
-7.6926,53.28823,2021/12/29 00:00:00+00,Wed 29 Dec 2021,1079,1271,0,3673471,3618917,239404,3912875,3858321,83.0951853583008,81.9366574876081,367
-7.6926,53.28823,2021/12/30 00:00:00+00,Thu 30 Dec 2021,1065,1163,1,3674536,3620080,239405,3913941,3859485,83.1178233080416,81.9613765997077,368
-7.6926,53.28823,2021/12/31 00:00:00+00,Fri 31 Dec 2021,720,1664,0,3675256,3621744,239405,3914661,3861149,83.1331134804743,81.996713887108,369
-7.6926,53.28823,2022/01/01 00:00:00+00,Sat 01 Jan 2022,66,95,0,3675322,3621839,239405,3914727,3861244,83.134515079614,81.9987313404151,370
-7.6926,53.28823,2022/01/02 00:00:00+00,Sun 02 Jan 2022,270,620,0,3675592,3622459,239405,3914997,3861864,83.1402488942763,82.0118978777878,371
-7.6926,53.28823,2022/01/03 00:00:00+00,Mon 03 Jan 2022,3631,715,0,3679223,3623174,239405,3918628,3862579,83.2173580833089,82.0270818684676,372
-7.6926,53.28823,2022/01/04 00:00:00+00,Tue 04 Jan 2022,1190,754,0,3680413,3623928,239405,3919818,3863333,83.2426293405242,82.0430940768208,373
-7.6926,53.28823,2022/01/05 00:00:00+00,Wed 05 Jan 2022,2142,865,0,3682555,3624793,239405,3921960,3864198,83.2881176035118,82.0614635200908,374
-7.6926,53.28823,2022/01/06 00:00:00+00,Thu 06 Jan 2022,2463,1646,0,3685018,3626439,239405,3924423,3865844,83.3404227350423,82.0964185531802,375
-7.6926,53.28823,2022/01/07 00:00:00+00,Fri 07 Jan 2022,4842,748,0,3689860,3627187,239405,3929265,3866592,83.4432491446529,82.1123033434298,376
-7.6926,53.28823,2022/01/08 00:00:00+00,Sat 08 Jan 2022,9789,726,1,3699649,3627913,239406,3939055,3867319,83.6511530170377,82.1277421703168,377
-7.6926,53.28823,2022/01/09 00:00:00+00,Sun 09 Jan 2022,7116,663,0,3706765,3628576,239406,3946171,3867982,83.8022708879152,82.1418218707653,378
-7.6926,53.28823,2022/01/10 00:00:00+00,Mon 10 Jan 2022,6653,480,0,3713418,3629056,239406,3952824,3868462,83.9435563284643,82.1520153190539,379
-7.6926,53.28823,2022/01/11 00:00:00+00,Tue 11 Jan 2022,4767,1321,1,3718185,3630377,239407,3957592,3869784,84.0448112481304,82.1800897745485,380
-7.6926,53.28823,2022/01/12 00:00:00+00,Wed 12 Jan 2022,7553,864,1,3725738,3631241,239408,3965146,3870649,84.2052306405712,82.1984592178185,381
-7.6926,53.28823,2022/01/13 00:00:00+00,Thu 13 Jan 2022,7320,772,0,3733058,3632013,239408,3972466,3871421,84.3606807269713,82.2148536804825,382
-7.6926,53.28823,2022/01/14 00:00:00+00,Fri 14 Jan 2022,10721,797,0,3743779,3632810,239408,3983187,3872218,84.5883556417657,82.2317790519116,383
-7.6926,53.28823,2022/01/15 00:00:00+00,Sat 15 Jan 2022,8350,634,0,3752129,3633444,239408,3991537,3872852,84.7656791692849,82.2452428981927,384
-7.6926,53.28823,2022/01/16 00:00:00+00,Sun 16 Jan 2022,6966,1210,1,3759095,3634654,239409,3998504,3874063,84.9136328239228,82.2709601187707,385
-7.6926,53.28823,2022/01/17 00:00:00+00,Mon 17 Jan 2022,2558,541,0,3761653,3635195,239409,4001062,3874604,84.9679554087605,82.2824489844458,386
-7.6926,53.28823,2022/01/18 00:00:00+00,Tue 18 Jan 2022,4059,417,3,3765712,3635612,239412,4005124,3875024,85.0542174649022,82.2913682516983,387
-7.6926,53.28823,2022/01/19 00:00:00+00,Wed 19 Jan 2022,3479,595,0,3769191,3636207,239412,4008603,3875619,85.1280987286434,82.304003880306,388
-7.6926,53.28823,2022/01/20 00:00:00+00,Thu 20 Jan 2022,3685,912,0,3772876,3637119,239412,4012288,3876531,85.2063546806085,82.3233714320542,389
-7.6926,53.28823,2022/01/21 00:00:00+00,Fri 21 Jan 2022,3248,953,0,3776124,3638072,239412,4015536,3877484,85.2753303473609,82.343609674177,390
-7.6926,53.28823,2022/01/22 00:00:00+00,Sat 22 Jan 2022,4271,631,0,3780395,3638703,239412,4019807,3878115,85.3660308007782,82.3570098114063,391
-7.6926,53.28823,2022/01/23 00:00:00+00,Sun 23 Jan 2022,3092,676,0,3783487,3639379,239412,4022899,3878791,85.4316935968368,82.3713655844127,392
-7.6926,53.28823,2022/01/24 00:00:00+00,Mon 24 Jan 2022,645,454,0,3784132,3639833,239412,4023544,3879245,85.4453910429745,82.3810068875856,393
-7.6926,53.28823,2022/01/25 00:00:00+00,Tue 25 Jan 2022,696,1824,0,3784828,3641657,239412,4024240,3881069,85.4601715429929,82.419741991082,394
-7.6926,53.28823,2022/01/26 00:00:00+00,Wed 26 Jan 2022,699,877,0,3785527,3642534,239412,4024939,3881946,85.4750157520631,82.4383662705592,395
-7.6926,53.28823,2022/01/27 00:00:00+00,Thu 27 Jan 2022,1274,1153,0,3786801,3643687,239412,4026213,3883099,85.5020708627289,82.4628517828022,396
-7.6926,53.28823,2022/01/28 00:00:00+00,Fri 28 Jan 2022,1025,3077,0,3787826,3646764,239412,4027238,3886176,85.523838122095,82.5281960336019,397
-7.6926,53.28823,2022/01/29 00:00:00+00,Sat 29 Jan 2022,2325,3441,0,3790151,3650205,239412,4029563,3889617,85.5732126372426,82.6012703160203,398
-7.6926,53.28823,2022/01/30 00:00:00+00,Sun 30 Jan 2022,1634,7535,0,3791785,3657740,239412,4031197,3897152,85.6079128341248,82.7612862177996,399
-7.6926,53.28823,2022/01/31 00:00:00+00,Mon 31 Jan 2022,478,1377,1,3792263,3659117,239413,4031676,3898530,85.6180850460627,82.7905499089279,400
-7.6926,53.28823,2022/02/01 00:00:00+00,Tue 01 Feb 2022,751,3402,1,3793014,3662519,239414,4032428,3901933,85.6340547817147,82.8628172100235,401
-7.6926,53.28823,2022/02/02 00:00:00+00,Wed 02 Feb 2022,643,2980,0,3793657,3665499,239414,4033071,3904913,85.6477097551512,82.9261015348148,402
-7.6926,53.28823,2022/02/03 00:00:00+00,Thu 03 Feb 2022,908,2417,1,3794565,3667916,239415,4033980,3907331,85.6670135978477,82.9774510305682,403
-7.6926,53.28823,2022/02/04 00:00:00+00,Fri 04 Feb 2022,1167,6497,0,3795732,3674413,239415,4035147,3913828,85.6917964189991,83.1154236004236,404
-7.6926,53.28823,2022/02/05 00:00:00+00,Sat 05 Feb 2022,1777,5744,0,3797509,3680157,239415,4036924,3919572,85.7295334140173,83.2374051982764,405
-7.6926,53.28823,2022/02/06 00:00:00+00,Sun 06 Feb 2022,1407,7556,0,3798916,3687713,239415,4038331,3927128,85.7594129593131,83.3978670634183,406
-7.6926,53.28823,2022/02/07 00:00:00+00,Mon 07 Feb 2022,432,1338,0,3799348,3689051,239415,4038763,3928466,85.7685870627727,83.4262813005226,407
-7.6926,53.28823,2022/02/08 00:00:00+00,Tue 08 Feb 2022,894,1217,0,3800242,3690268,239415,4039657,3929683,85.7875723602101,83.4521259392042,408
-7.6926,53.28823,2022/02/09 00:00:00+00,Wed 09 Feb 2022,1333,1750,0,3801575,3692018,239415,4040990,3931433,85.8158804155614,83.4892895527561,409
-7.6926,53.28823,2022/02/10 00:00:00+00,Thu 10 Feb 2022,689,2531,0,3802264,3694549,239415,4041679,3933964,85.8305122611256,83.5430387561275,410
-7.6926,53.28823,2022/02/11 00:00:00+00,Fri 11 Feb 2022,551,4898,0,3802815,3699447,239415,4042230,3938862,85.8422134903068,83.6470544013717,411
-7.6926,53.28823,2022/02/12 00:00:00+00,Sat 12 Feb 2022,1396,5458,0,3804211,3704905,239415,4043626,3944320,85.8718594357459,83.7629624029525,412
-7.6926,53.28823,2022/02/13 00:00:00+00,Sun 13 Feb 2022,1567,4705,0,3805778,3709610,239415,4045193,3949025,85.9051367971378,83.8628794325307,413
-7.6926,53.28823,2022/02/14 00:00:00+00,Mon 14 Feb 2022,170,942,1,3805948,3710552,239416,4045364,3949968,85.9087682130906,83.8829053111476,414
-7.6926,53.28823,2022/02/15 00:00:00+00,Tue 15 Feb 2022,644,799,1,3806592,3711351,239417,4046009,3950768,85.9224656592284,83.8998943916285,415
-7.6926,53.28823,2022/02/16 00:00:00+00,Wed 16 Feb 2022,789,1771,0,3807381,3713122,239417,4046798,3952539,85.9392211398526,83.937503968543,416
-7.6926,53.28823,2022/02/17 00:00:00+00,Thu 17 Feb 2022,781,1175,2,3808162,3714297,239419,4047581,3953716,85.9558492023733,83.9624991532005,417
-7.6926,53.28823,2022/02/18 00:00:00+00,Fri 18 Feb 2022,790,3267,0,3808952,3717564,239419,4048371,3956983,85.9726259193482,84.0318783106143,418
-7.6926,53.28823,2022/02/19 00:00:00+00,Sat 19 Feb 2022,975,3542,0,3809927,3721106,239419,4049346,3960525,85.9933313611842,84.1070974644434,419
-7.6926,53.28823,2022/02/20 00:00:00+00,Sun 20 Feb 2022,1365,3587,0,3811292,3724693,239419,4050711,3964112,86.0223189797548,84.1832722540496,420
-7.6926,53.28823,2022/02/21 00:00:00+00,Mon 21 Feb 2022,250,988,1,3811542,3725681,239420,4050962,3965101,86.0276493037556,84.2042750047941,421
-7.6926,53.28823,2022/02/22 00:00:00+00,Tue 22 Feb 2022,470,956,0,3812012,3726637,239420,4051432,3966057,86.0376303885381,84.2245769559688,422
-7.6926,53.28823,2022/02/23 00:00:00+00,Wed 23 Feb 2022,822,1259,1,3812834,3727896,239421,4052255,3967317,86.0551079050829,84.2513347577262,423
-7.6926,53.28823,2022/02/24 00:00:00+00,Thu 24 Feb 2022,657,1203,0,3813491,3729099,239421,4052912,3968520,86.0690601874278,84.2768820874993,424
-7.6926,53.28823,2022/02/25 00:00:00+00,Fri 25 Feb 2022,688,1209,0,3814179,3730308,239421,4053600,3969729,86.0836707966413,84.302556835376,425
-7.6926,53.28823,2022/02/26 00:00:00+00,Sat 26 Feb 2022,956,2081,0,3815135,3732389,239421,4054556,3971810,86.103972747816,84.3467496809769,426
-7.6926,53.28823,2022/02/27 00:00:00+00,Sun 27 Feb 2022,668,1782,0,3815803,3734171,239421,4055224,3973592,86.1181586300175,84.3845928577481,427
-7.6926,53.28823,2022/02/28 00:00:00+00,Mon 28 Feb 2022,82,415,0,3815885,3734586,239421,4055306,3974007,86.1199000107668,84.3934059432476,428
-7.6926,53.28823,2022/03/01 00:00:00+00,Tue 01 Mar 2022,119,925,0,3816004,3735511,239421,4055425,3974932,86.1224271364884,84.4130495675536,429
-7.6926,53.28823,2022/03/02 00:00:00+00,Wed 02 Mar 2022,198,975,2,3816202,3736486,239423,4055625,3975909,86.1266744066086,84.4337974820909,430
-7.6926,53.28823,2022/03/03 00:00:00+00,Thu 03 Mar 2022,264,1261,0,3816466,3737747,239423,4055889,3977170,86.1322808031673,84.4605765201989,431
-7.6926,53.28823,2022/03/04 00:00:00+00,Fri 04 Mar 2022,722,1475,2,3817188,3739222,239425,4056613,3978647,86.1476559210025,84.4919426100367,432
-7.6926,53.28823,2022/03/05 00:00:00+00,Sat 05 Mar 2022,961,3322,0,3818149,3742544,239425,4057574,3981969,86.1680640539301,84.5624897667335,433
-7.6926,53.28823,2022/03/06 00:00:00+00,Sun 06 Mar 2022,455,1911,0,3818604,3744455,239425,4058029,3983880,86.1777265934536,84.6030724327323,434
-7.6926,53.28823,2022/03/07 00:00:00+00,Mon 07 Mar 2022,108,97,0,3818712,3744552,239425,4058137,3983977,86.1800201193186,84.6051323587406,435
