X,Y,VaccinationDate,VaccineText,Dose1,Dose2,SingleDose,Dose1Cum,Dose2Cum,SingleDoseCum,PartiallyVacc,FullyVacc,PartialPercent,FullyPercent,ObjectId
-7.6926,53.28823,2021/11/20 00:00:00+00,Sat 20 Nov 2021,1543,2922,10,3634852,3569118,239324,3874176,3808442,82.2733598263886,80.8774095559755,1
-7.6926,53.28823,2021/11/21 00:00:00+00,Sun 21 Nov 2021,1786,2752,0,3636638,3571870,239324,3875962,3811194,82.3112879485622,80.9358519928298,2
-7.6926,53.28823,2021/11/22 00:00:00+00,Mon 22 Nov 2021,712,487,2,3637350,3572357,239326,3876676,3811683,82.3264507028913,80.9462365682737,3
-7.6926,53.28823,2021/11/23 00:00:00+00,Tue 23 Nov 2021,2163,1553,6,3639513,3573910,239332,3878845,3813242,82.3725123473452,80.9793440388608,4
-7.6926,53.28823,2021/11/24 00:00:00+00,Wed 24 Nov 2021,1627,3115,2,3641140,3577025,239334,3880474,3816359,82.4071063624744,81.0455377436845,5
-7.6926,53.28823,2021/11/25 00:00:00+00,Thu 25 Nov 2021,1001,1158,1,3642141,3578183,239335,3881476,3817518,82.4283851857766,81.0701506740312,6
-7.6926,53.28823,2021/11/26 00:00:00+00,Fri 26 Nov 2021,1292,1074,12,3643433,3579257,239347,3882780,3818604,82.4560773869605,81.093213350784,7
-7.6926,53.28823,2021/11/27 00:00:00+00,Sat 27 Nov 2021,1226,1550,5,3644659,3580807,239352,3884011,3820159,82.4822193345505,81.1262358759687,8
-7.6926,53.28823,2021/11/28 00:00:00+00,Sun 28 Nov 2021,1967,2251,0,3646626,3583058,239352,3885978,3822410,82.5239912361828,81.1740389011718,9
-7.6926,53.28823,2021/11/29 00:00:00+00,Mon 29 Nov 2021,551,975,1,3647177,3584033,239353,3886530,3823386,82.5357137017146,81.1947655793584,10
-7.6926,53.28823,2021/11/30 00:00:00+00,Tue 30 Nov 2021,1930,1618,6,3649107,3585651,239359,3888466,3825010,82.5768272764784,81.2292534127346,11
-7.6926,53.28823,2021/12/01 00:00:00+00,Wed 01 Dec 2021,1085,1353,1,3650192,3587004,239360,3889552,3826364,82.5998899532312,81.2580074314485,12
-7.6926,53.28823,2021/12/02 00:00:00+00,Thu 02 Dec 2021,1775,1397,0,3651967,3588401,239360,3891327,3827761,82.6375844755481,81.2876746132383,13
-7.6926,53.28823,2021/12/03 00:00:00+00,Fri 03 Dec 2021,1046,1162,3,3653013,3589563,239363,3892376,3828926,82.6598614073287,81.3124149616886,14
-7.6926,53.28823,2021/12/04 00:00:00+00,Sat 04 Dec 2021,1203,1693,0,3654216,3591256,239363,3893579,3830619,82.6854087371018,81.3483681032562,15
-7.6926,53.28823,2021/12/05 00:00:00+00,Sun 05 Dec 2021,1348,1770,0,3655564,3593026,239363,3894927,3832389,82.7140353377121,81.3859564438202,16
-7.6926,53.28823,2021/12/06 00:00:00+00,Mon 06 Dec 2021,933,1272,0,3656497,3594298,239363,3895860,3833661,82.733848852823,81.4129690817848,17
-7.6926,53.28823,2021/12/07 00:00:00+00,Tue 07 Dec 2021,484,728,1,3656981,3595026,239364,3896345,3834390,82.7441484828645,81.428450381373,18
-7.6926,53.28823,2021/12/08 00:00:00+00,Wed 08 Dec 2021,815,1488,0,3657796,3596514,239364,3897160,3835878,82.7614561086044,81.4600500710674,19
-7.6926,53.28823,2021/12/09 00:00:00+00,Thu 09 Dec 2021,793,1185,0,3658589,3597699,239364,3897953,3837063,82.7782965346311,81.4852151465298,20
-7.6926,53.28823,2021/12/10 00:00:00+00,Fri 10 Dec 2021,889,1590,1,3659478,3599289,239365,3898843,3838654,82.7971968866661,81.5190021803361,21
-7.6926,53.28823,2021/12/11 00:00:00+00,Sat 11 Dec 2021,640,834,0,3660118,3600123,239365,3899483,3839488,82.8107881510508,81.5367132967374,22
-7.6926,53.28823,2021/12/12 00:00:00+00,Sun 12 Dec 2021,689,1188,0,3660807,3601311,239365,3900172,3840676,82.8254199966149,81.5619420812515,23
-7.6926,53.28823,2021/12/13 00:00:00+00,Mon 13 Dec 2021,719,1042,0,3661526,3602353,239365,3900891,3841718,82.8406889326971,81.5840703585779,24
-7.6926,53.28823,2021/12/14 00:00:00+00,Tue 14 Dec 2021,627,1178,1,3662153,3603531,239366,3901519,3842897,82.8540253608746,81.6091080159366,25
-7.6926,53.28823,2021/12/15 00:00:00+00,Wed 15 Dec 2021,793,1224,1,3662946,3604755,239367,3902313,3844122,82.8708870232519,81.635122545423,26
-7.6926,53.28823,2021/12/16 00:00:00+00,Thu 16 Dec 2021,1060,1508,7,3664006,3606263,239374,3903380,3845637,82.8935462093433,81.6672956165836,27
-7.6926,53.28823,2021/12/17 00:00:00+00,Fri 17 Dec 2021,1205,2423,1,3665211,3608686,239375,3904586,3848061,82.9191572481682,81.7187725304407,28
-7.6926,53.28823,2021/12/18 00:00:00+00,Sat 18 Dec 2021,1265,1164,0,3666476,3609850,239375,3905851,3849225,82.9460212316786,81.7434916425404,29
-7.6926,53.28823,2021/12/19 00:00:00+00,Sun 19 Dec 2021,558,877,0,3667034,3610727,239375,3906409,3850102,82.957871115314,81.7621159220176,30
-7.6926,53.28823,2021/12/20 00:00:00+00,Mon 20 Dec 2021,532,579,0,3667566,3611306,239375,3906941,3850681,82.9691688538338,81.7744117690156,31
-7.6926,53.28823,2021/12/21 00:00:00+00,Tue 21 Dec 2021,1460,1769,3,3669026,3613075,239378,3908404,3852453,83.0002376347632,81.8120425822808,32
-7.6926,53.28823,2021/12/22 00:00:00+00,Wed 22 Dec 2021,1238,1538,2,3670264,3614613,239380,3909644,3853993,83.0265707095086,81.8447465622065,33
-7.6926,53.28823,2021/12/23 00:00:00+00,Thu 23 Dec 2021,959,1326,0,3671223,3615939,239380,3910603,3855319,83.0469363697351,81.8729059631035,34
-7.6926,53.28823,2021/12/24 00:00:00+00,Fri 24 Dec 2021,100,135,0,3671323,3616074,239380,3910703,3855454,83.0490600047952,81.8757728704347,35
-7.6926,53.28823,2021/12/25 00:00:00+00,Sat 25 Dec 2021,1,0,0,3671324,3616074,239380,3910704,3855454,83.0490812411458,81.8757728704347,36
-7.6926,53.28823,2021/12/26 00:00:00+00,Sun 26 Dec 2021,10,6,0,3671334,3616080,239380,3910714,3855460,83.0492936046518,81.8759002885383,37
-7.6926,53.28823,2021/12/27 00:00:00+00,Mon 27 Dec 2021,386,581,0,3671720,3616661,239380,3911100,3856041,83.0574908359838,81.8882386082375,38
-7.6926,53.28823,2021/12/28 00:00:00+00,Tue 28 Dec 2021,464,735,0,3672184,3617396,239380,3911564,3856776,83.0673445026627,81.9038473259293,39
-7.6926,53.28823,2021/12/29 00:00:00+00,Wed 29 Dec 2021,1079,1272,0,3673263,3618668,239380,3912643,3858048,83.0902585249613,81.930859963894,40
-7.6926,53.28823,2021/12/30 00:00:00+00,Thu 30 Dec 2021,1065,1163,1,3674328,3619831,239381,3913709,3859212,83.1128964747021,81.9555790759936,41
-7.6926,53.28823,2021/12/31 00:00:00+00,Fri 31 Dec 2021,720,1663,0,3675048,3621494,239381,3914429,3860875,83.1281866471349,81.9908951270433,42
-7.6926,53.28823,2022/01/01 00:00:00+00,Sat 01 Jan 2022,66,95,0,3675114,3621589,239381,3914495,3860970,83.1295882462746,81.9929125803504,43
-7.6926,53.28823,2022/01/02 00:00:00+00,Sun 02 Jan 2022,270,620,0,3675384,3622209,239381,3914765,3861590,83.1353220609369,82.0060791177231,44
-7.6926,53.28823,2022/01/03 00:00:00+00,Mon 03 Jan 2022,3631,715,0,3679015,3622924,239381,3918396,3862305,83.2124312499695,82.0212631084029,45
-7.6926,53.28823,2022/01/04 00:00:00+00,Tue 04 Jan 2022,1190,754,0,3680205,3623678,239381,3919586,3863059,83.2377025071848,82.0372753167561,46
-7.6926,53.28823,2022/01/05 00:00:00+00,Wed 05 Jan 2022,2142,865,0,3682347,3624543,239381,3921728,3863924,83.2831907701724,82.055644760026,47
-7.6926,53.28823,2022/01/06 00:00:00+00,Thu 06 Jan 2022,2465,1645,0,3684812,3626188,239381,3924193,3865569,83.3355383744041,82.0905785567649,48
-7.6926,53.28823,2022/01/07 00:00:00+00,Fri 07 Jan 2022,4842,748,0,3689654,3626936,239381,3929035,3866317,83.4383647840146,82.1064633470145,49
-7.6926,53.28823,2022/01/08 00:00:00+00,Sat 08 Jan 2022,9789,726,1,3699443,3627662,239382,3938825,3867044,83.6462686563995,82.1219021739015,50
-7.6926,53.28823,2022/01/09 00:00:00+00,Sun 09 Jan 2022,7117,663,0,3706560,3628325,239382,3945942,3867707,83.7974077636275,82.13598187435,51
-7.6926,53.28823,2022/01/10 00:00:00+00,Mon 10 Jan 2022,6652,477,0,3713212,3628802,239382,3952594,3868184,83.9386719678261,82.1461116135868,52
-7.6926,53.28823,2022/01/11 00:00:00+00,Tue 11 Jan 2022,4766,1321,1,3717978,3630123,239383,3957361,3869506,84.0399056511415,82.1741860690814,53
-7.6926,53.28823,2022/01/12 00:00:00+00,Wed 12 Jan 2022,7552,863,1,3725530,3630986,239384,3964914,3870370,84.2003038072317,82.1925342760008,54
-7.6926,53.28823,2022/01/13 00:00:00+00,Thu 13 Jan 2022,7320,769,0,3732850,3631755,239384,3972234,3871139,84.3557538936318,82.208865029613,55
-7.6926,53.28823,2022/01/14 00:00:00+00,Fri 14 Jan 2022,10722,797,0,3743572,3632552,239384,3982956,3871936,84.5834500447768,82.2257904010421,56
-7.6926,53.28823,2022/01/15 00:00:00+00,Sat 15 Jan 2022,8350,634,0,3751922,3633186,239384,3991306,3872570,84.7607735722961,82.2392542473232,57
-7.6926,53.28823,2022/01/16 00:00:00+00,Sun 16 Jan 2022,6966,1209,1,3758888,3634395,239385,3998273,3873780,84.908727226934,82.2649502315505,58
-7.6926,53.28823,2022/01/17 00:00:00+00,Mon 17 Jan 2022,2558,539,0,3761446,3634934,239385,4000831,3874319,84.9630498117716,82.2763966245245,59
-7.6926,53.28823,2022/01/18 00:00:00+00,Tue 18 Jan 2022,4059,416,3,3765505,3635350,239388,4004893,3874738,85.0493118679133,82.2852946554264,60
-7.6926,53.28823,2022/01/19 00:00:00+00,Wed 19 Jan 2022,3479,595,0,3768984,3635945,239388,4008372,3875333,85.1231931316545,82.2979302840341,61
-7.6926,53.28823,2022/01/20 00:00:00+00,Thu 20 Jan 2022,3685,912,0,3772669,3636857,239388,4012057,3876245,85.2014490836196,82.3172978357823,62
-7.6926,53.28823,2022/01/21 00:00:00+00,Fri 21 Jan 2022,3248,953,0,3775917,3637810,239388,4015305,3877198,85.270424750372,82.3375360779051,63
-7.6926,53.28823,2022/01/22 00:00:00+00,Sat 22 Jan 2022,4271,630,0,3780188,3638440,239388,4019576,3877828,85.3611252037893,82.3509149787838,64
-7.6926,53.28823,2022/01/23 00:00:00+00,Sun 23 Jan 2022,3092,676,0,3783280,3639116,239388,4022668,3878504,85.426787999848,82.3652707517902,65
-7.6926,53.28823,2022/01/24 00:00:00+00,Mon 24 Jan 2022,644,454,0,3783924,3639570,239388,4023312,3878958,85.4404642096351,82.3749120549631,66
-7.6926,53.28823,2022/01/25 00:00:00+00,Tue 25 Jan 2022,696,1824,0,3784620,3641394,239388,4024008,3880782,85.4552447096534,82.4136471584595,67
-7.6926,53.28823,2022/01/26 00:00:00+00,Wed 26 Jan 2022,699,877,0,3785319,3642271,239388,4024707,3881659,85.4700889187236,82.4322714379366,68
-7.6926,53.28823,2022/01/27 00:00:00+00,Thu 27 Jan 2022,1274,1152,0,3786593,3643423,239388,4025981,3882811,85.4971440293894,82.4567357138291,69
-7.6926,53.28823,2022/01/28 00:00:00+00,Fri 28 Jan 2022,1025,3076,0,3787618,3646499,239388,4027006,3885887,85.5189112887555,82.5220587282781,70
-7.6926,53.28823,2022/01/29 00:00:00+00,Sat 29 Jan 2022,2325,3440,0,3789943,3649939,239388,4029331,3889327,85.5682858039031,82.5951117743459,71
-7.6926,53.28823,2022/01/30 00:00:00+00,Sun 30 Jan 2022,1635,7534,0,3791578,3657473,239388,4030966,3896861,85.6030072371359,82.7551064397747,72
-7.6926,53.28823,2022/01/31 00:00:00+00,Mon 31 Jan 2022,478,1376,1,3792056,3658849,239389,4031445,3898238,85.6131794490739,82.7843488945524,73
-7.6926,53.28823,2022/02/01 00:00:00+00,Tue 01 Feb 2022,751,3402,1,3792807,3662251,239390,4032197,3901641,85.6291491847259,82.8566161956479,74
-7.6926,53.28823,2022/02/02 00:00:00+00,Wed 02 Feb 2022,643,2980,0,3793450,3665231,239390,4032840,3904621,85.6428041581624,82.9199005204393,75
-7.6926,53.28823,2022/02/03 00:00:00+00,Thu 03 Feb 2022,908,2417,1,3794358,3667648,239391,4033749,3907039,85.6621080008588,82.9712500161927,76
-7.6926,53.28823,2022/02/04 00:00:00+00,Fri 04 Feb 2022,1168,6497,0,3795526,3674145,239391,4034917,3913536,85.6869120583609,83.1092225860481,77
-7.6926,53.28823,2022/02/05 00:00:00+00,Sat 05 Feb 2022,1777,5744,0,3797303,3679889,239391,4036694,3919280,85.7246490533791,83.2312041839009,78
-7.6926,53.28823,2022/02/06 00:00:00+00,Sun 06 Feb 2022,1407,7556,0,3798710,3687445,239391,4038101,3926836,85.7545285986748,83.3916660490428,79
-7.6926,53.28823,2022/02/07 00:00:00+00,Mon 07 Feb 2022,432,1338,0,3799142,3688783,239391,4038533,3928174,85.7637027021345,83.4200802861471,80
-7.6926,53.28823,2022/02/08 00:00:00+00,Tue 08 Feb 2022,894,1217,0,3800036,3690000,239391,4039427,3929391,85.7826879995719,83.4459249248286,81
-7.6926,53.28823,2022/02/09 00:00:00+00,Wed 09 Feb 2022,1333,1750,0,3801369,3691750,239391,4040760,3931141,85.8109960549232,83.4830885383806,82
-7.6926,53.28823,2022/02/10 00:00:00+00,Thu 10 Feb 2022,688,2532,0,3802057,3694282,239391,4041448,3933673,85.8256066641367,83.5368589781026,83
-7.6926,53.28823,2022/02/11 00:00:00+00,Fri 11 Feb 2022,551,4897,0,3802608,3699179,239391,4041999,3938570,85.8373078933179,83.6408533869962,84
-7.6926,53.28823,2022/02/12 00:00:00+00,Sat 12 Feb 2022,1395,5457,0,3804003,3704636,239391,4043394,3944027,85.8669326024065,83.7567401522264,85
-7.6926,53.28823,2022/02/13 00:00:00+00,Sun 13 Feb 2022,1567,4705,0,3805570,3709341,239391,4044961,3948732,85.9002099637984,83.8566571818046,86
-7.6926,53.28823,2022/02/14 00:00:00+00,Mon 14 Feb 2022,169,941,1,3805739,3710282,239392,4045131,3949674,85.9038201434006,83.8766618240709,87
-7.6926,53.28823,2022/02/15 00:00:00+00,Tue 15 Feb 2022,644,798,1,3806383,3711080,239393,4045776,3950473,85.9175175895383,83.8936296682011,88
-7.6926,53.28823,2022/02/16 00:00:00+00,Wed 16 Feb 2022,788,1772,0,3807171,3712852,239393,4046564,3952245,85.934251833812,83.9312604814663,89
-7.6926,53.28823,2022/02/17 00:00:00+00,Thu 17 Feb 2022,781,1173,2,3807952,3714025,239395,4047347,3953420,85.9508798963326,83.9562131934226,90
-7.6926,53.28823,2022/02/18 00:00:00+00,Fri 18 Feb 2022,790,3267,0,3808742,3717292,239395,4048137,3956687,85.9676566133075,84.0255923508364,91
-7.6926,53.28823,2022/02/19 00:00:00+00,Sat 19 Feb 2022,975,3541,0,3809717,3720833,239395,4049112,3960228,85.9883620551436,84.1007902683149,92
-7.6926,53.28823,2022/02/20 00:00:00+00,Sun 20 Feb 2022,1365,3587,0,3811082,3724420,239395,4050477,3963815,86.0173496737141,84.1769650579211,93
-7.6926,53.28823,2022/02/21 00:00:00+00,Mon 21 Feb 2022,250,988,1,3811332,3725408,239396,4050728,3964804,86.022679997715,84.1979678086656,94
-7.6926,53.28823,2022/02/22 00:00:00+00,Tue 22 Feb 2022,470,956,0,3811802,3726364,239396,4051198,3965760,86.0326610824975,84.2182697598402,95
-7.6926,53.28823,2022/02/23 00:00:00+00,Wed 23 Feb 2022,822,1259,1,3812624,3727623,239397,4052021,3967020,86.0501385990422,84.2450275615976,96
-7.6926,53.28823,2022/02/24 00:00:00+00,Thu 24 Feb 2022,657,1203,0,3813281,3728826,239397,4052678,3968223,86.0640908813871,84.2705748913708,97
-7.6926,53.28823,2022/02/25 00:00:00+00,Fri 25 Feb 2022,688,1209,0,3813969,3730035,239397,4053366,3969432,86.0787014906007,84.2962496392475,98
-7.6926,53.28823,2022/02/26 00:00:00+00,Sat 26 Feb 2022,956,2079,0,3814925,3732114,239397,4054322,3971511,86.0990034417754,84.3404000121472,99
-7.6926,53.28823,2022/02/27 00:00:00+00,Sun 27 Feb 2022,668,1782,0,3815593,3733896,239397,4054990,3973293,86.1131893239769,84.3782431889184,100
-7.6926,53.28823,2022/02/28 00:00:00+00,Mon 28 Feb 2022,82,414,0,3815675,3734310,239397,4055072,3973707,86.1149307047262,84.3870350380672,101
-7.6926,53.28823,2022/03/01 00:00:00+00,Tue 01 Mar 2022,117,925,0,3815792,3735235,239397,4055189,3974632,86.1174153577465,84.4066786623733,102
-7.6926,53.28823,2022/03/02 00:00:00+00,Wed 02 Mar 2022,198,975,2,3815990,3736210,239399,4055389,3975609,86.1216626278667,84.4274265769105,103
-7.6926,53.28823,2022/03/03 00:00:00+00,Thu 03 Mar 2022,261,1256,0,3816251,3737466,239399,4055650,3976865,86.1272053153736,84.4540994332655,104
-7.6926,53.28823,2022/03/04 00:00:00+00,Fri 04 Mar 2022,721,1471,1,3816972,3738937,239400,4056372,3978337,86.1425379605076,84.4853593413503,105
-7.6926,53.28823,2022/03/05 00:00:00+00,Sat 05 Mar 2022,961,3320,0,3817933,3742257,239400,4057333,3981657,86.1629460934353,84.555864025346,106
-7.6926,53.28823,2022/03/06 00:00:00+00,Sun 06 Mar 2022,455,1911,0,3818388,3744168,239400,4057788,3983568,86.1726086329588,84.5964466913447,107
-7.6926,53.28823,2021/04/15 23:00:00+00,Fri 16 Apr 2021,27944,9817,1,881401,374067,182,881583,374249,18.7216056719744,7.94768297611314,108
-7.6926,53.28823,2021/04/16 23:00:00+00,Sat 17 Apr 2021,15829,4535,2,897230,378602,184,897414,378786,19.0577983383405,8.04403229879036,109
-7.6926,53.28823,2021/04/17 23:00:00+00,Sun 18 Apr 2021,1047,468,0,898277,379070,184,898461,379254,19.0800327974199,8.05397091087167,110
-7.6926,53.28823,2021/04/18 23:00:00+00,Mon 19 Apr 2021,6716,2233,0,904993,381303,184,905177,381487,19.2226561280569,8.10139168176394,111
-7.6926,53.28823,2021/04/19 23:00:00+00,Tue 20 Apr 2021,15049,7288,1,920042,388591,185,920227,388776,19.5422632046035,8.2561834412954,112
-7.6926,53.28823,2021/04/20 23:00:00+00,Wed 21 Apr 2021,26667,9845,2,946709,398436,187,946896,398623,20.1086154387844,8.46529778566449,113
-7.6926,53.28823,2021/04/21 23:00:00+00,Thu 22 Apr 2021,31585,12164,1,978294,410600,188,978482,410788,20.7793868088709,8.72363799072694,114
-7.6926,53.28823,2021/04/22 23:00:00+00,Fri 23 Apr 2021,33559,12351,1,1011853,422951,189,1012042,423140,21.492078735044,8.98594939335179,115
-7.6926,53.28823,2021/04/23 23:00:00+00,Sat 24 Apr 2021,23661,6977,1,1035514,429928,190,1035704,430118,21.9945732629674,9.13413664784631,116
-7.6926,53.28823,2021/04/24 23:00:00+00,Sun 25 Apr 2021,9723,285,2,1045237,430213,192,1045429,430405,22.2010967725631,9.14023148046882,117
-7.6926,53.28823,2021/04/25 23:00:00+00,Mon 26 Apr 2021,15538,3032,1,1060775,433245,193,1060968,433438,22.5310884245537,9.20464133184197,118
-7.6926,53.28823,2021/04/26 23:00:00+00,Tue 27 Apr 2021,25881,7785,6,1086656,441030,199,1086855,441229,23.0808338325645,9.37009373937519,119
-7.6926,53.28823,2021/04/27 23:00:00+00,Wed 28 Apr 2021,25997,8574,5,1112653,449604,204,1112857,449808,23.6330214208945,9.55228039118207,120
-7.6926,53.28823,2021/04/28 23:00:00+00,Thu 29 Apr 2021,31655,11319,4,1144308,460923,208,1144516,461131,24.3053430445749,9.79273958903839,121
-7.6926,53.28823,2021/04/29 23:00:00+00,Fri 30 Apr 2021,36082,13502,7,1180390,474425,215,1180605,474640,25.0717417014182,10.0796214493087,122
-7.6926,53.28823,2021/04/30 23:00:00+00,Sat 01 May 2021,16515,6670,16,1196905,481095,231,1197136,481326,25.4227998132051,10.2216076894277,123
-7.6926,53.28823,2021/05/01 23:00:00+00,Sun 02 May 2021,12412,897,12,1209317,481992,243,1209560,482235,25.6866402330732,10.2409115321241,124
-7.6926,53.28823,2021/05/02 23:00:00+00,Mon 03 May 2021,14216,904,16,1223533,482896,259,1223792,483155,25.9888759748281,10.2604489746771,125
-7.6926,53.28823,2021/05/03 23:00:00+00,Tue 04 May 2021,26595,6757,7,1250128,489653,266,1250394,489919,26.5538053735187,10.404091650143,126
-7.6926,53.28823,2021/05/04 23:00:00+00,Wed 05 May 2021,32038,13426,68,1282166,503079,334,1282500,503413,27.2356196459178,10.6906549651543,127
-7.6926,53.28823,2021/05/05 23:00:00+00,Thu 06 May 2021,37226,14359,131,1319392,517438,465,1319857,517903,28.0289459953233,10.9983696853644,128
-7.6926,53.28823,2021/05/06 23:00:00+00,Fri 07 May 2021,40547,15046,93,1359939,532484,558,1360497,533042,28.8919912837523,11.3198667971145,129
-7.6926,53.28823,2021/05/07 23:00:00+00,Sat 08 May 2021,25555,7020,9,1385494,539504,567,1386061,540071,29.4348773505189,11.4691371054897,130
-7.6926,53.28823,2021/05/08 23:00:00+00,Sun 09 May 2021,19628,903,1,1405122,540407,568,1405690,540975,29.851725676468,11.4883347664331,131
-7.6926,53.28823,2021/05/09 23:00:00+00,Mon 10 May 2021,28766,4613,168,1433888,545020,736,1434624,545756,30.4661782447604,11.5898657586569,132
-7.6926,53.28823,2021/05/10 23:00:00+00,Tue 11 May 2021,33877,14793,150,1467765,559813,886,1468651,560699,31.1887875466642,11.9072005456893,133
-7.6926,53.28823,2021/05/11 23:00:00+00,Wed 12 May 2021,31228,20915,165,1498993,580728,1051,1500044,581779,31.8554603010847,12.3548628163606,134
-7.6926,53.28823,2021/05/12 23:00:00+00,Thu 13 May 2021,35932,25464,146,1534925,606192,1197,1536122,607389,32.6216253580714,12.8987257552549,135
-7.6926,53.28823,2021/05/13 23:00:00+00,Fri 14 May 2021,38144,27946,232,1573069,634138,1429,1574498,635567,33.4365915487394,13.4971236424928,136
-7.6926,53.28823,2021/05/14 23:00:00+00,Sat 15 May 2021,28802,12418,15,1601871,646556,1444,1603315,648000,34.0485594640115,13.7611551895164,137
-7.6926,53.28823,2021/05/15 23:00:00+00,Sun 16 May 2021,23119,1151,8,1624990,647707,1452,1626442,649159,34.5396925443633,13.7857681198631,138
-7.6926,53.28823,2021/05/16 23:00:00+00,Mon 17 May 2021,35336,3925,111,1660326,651632,1563,1661889,653195,35.2924574641207,13.8714780308891,139
-7.6926,53.28823,2021/05/17 23:00:00+00,Tue 18 May 2021,38982,12469,121,1699308,664101,1684,1700992,665785,36.1228624816757,14.138843684957,140
-7.6926,53.28823,2021/05/18 23:00:00+00,Wed 19 May 2021,36956,17572,202,1736264,681673,1886,1738150,683559,36.9119627973116,14.5162985805411,141
-7.6926,53.28823,2021/05/19 23:00:00+00,Thu 20 May 2021,39018,19644,128,1775282,701317,2014,1777296,703331,37.7432809779424,14.9361837046261,142
-7.6926,53.28823,2021/05/20 23:00:00+00,Fri 21 May 2021,25763,23227,14930,1801045,724544,16944,1817989,741488,38.6074517929532,15.7464991345125,143
-7.6926,53.28823,2021/05/21 23:00:00+00,Sat 22 May 2021,16524,10234,13516,1817569,734778,30460,1848029,765238,39.2453917650104,16.2508624612888,144
-7.6926,53.28823,2021/05/22 23:00:00+00,Sun 23 May 2021,8174,5514,10200,1825743,740292,40660,1866403,780952,39.6355884709551,16.5845704746346,145
-7.6926,53.28823,2021/05/23 23:00:00+00,Mon 24 May 2021,22474,8179,8443,1848217,748471,49103,1897320,797574,40.2921527224895,16.9375610943261,146
-7.6926,53.28823,2021/05/24 23:00:00+00,Tue 25 May 2021,30237,16485,3217,1878454,764956,52320,1930774,817276,41.0025935954989,17.3559596738691,147
-7.6926,53.28823,2021/05/25 23:00:00+00,Wed 26 May 2021,19878,25404,3043,1898332,790360,55363,1953695,845723,41.4893519876269,17.9600701394188,148
-7.6926,53.28823,2021/05/26 23:00:00+00,Thu 27 May 2021,16938,35973,547,1915270,826333,55910,1971180,882243,41.8606695778872,18.7356216633711,149
-7.6926,53.28823,2021/05/27 23:00:00+00,Fri 28 May 2021,26927,31786,1549,1942197,858119,57459,1999656,915578,42.4653958976043,19.443535410659,150
-7.6926,53.28823,2021/05/28 23:00:00+00,Sat 29 May 2021,24398,7365,528,1966595,865484,57987,2024582,923471,42.9947331726874,19.6111539259535,151
-7.6926,53.28823,2021/05/29 23:00:00+00,Sun 30 May 2021,24180,1657,204,1990775,867141,58191,2048966,925332,43.5125603457448,19.6506747744222,152
-7.6926,53.28823,2021/05/30 23:00:00+00,Mon 31 May 2021,22477,7298,3435,2013252,874439,61626,2074878,936065,44.0628366625206,19.8786045254238,153
-7.6926,53.28823,2021/05/31 23:00:00+00,Tue 01 Jun 2021,27416,11473,3639,2040668,885912,65265,2105933,951177,44.722331530438,20.1995282557077,154
-7.6926,53.28823,2021/06/01 23:00:00+00,Wed 02 Jun 2021,18593,20851,3994,2059261,906763,69259,2128520,976022,45.2019969814651,20.7271453863922,155
-7.6926,53.28823,2021/06/02 23:00:00+00,Thu 03 Jun 2021,16586,30664,1969,2075847,937427,71228,2147075,1008655,45.5960374668686,21.4201512155581,156
-7.6926,53.28823,2021/06/03 23:00:00+00,Fri 04 Jun 2021,28933,23320,143,2104780,960747,71371,2176151,1032118,46.2135055969464,21.9184197097118,157
-7.6926,53.28823,2021/06/04 23:00:00+00,Sat 05 Jun 2021,20874,11451,26,2125654,972198,71397,2197051,1043595,46.6573453245095,22.1621493055607,158
-7.6926,53.28823,2021/06/05 23:00:00+00,Sun 06 Jun 2021,19870,3872,34,2145524,976070,71431,2216955,1047501,47.0800336468739,22.2450984910086,159
-7.6926,53.28823,2021/06/06 23:00:00+00,Mon 07 Jun 2021,19715,4533,36,2165239,980603,71467,2236706,1052070,47.4994728075963,22.3421273769051,160
-7.6926,53.28823,2021/06/07 23:00:00+00,Tue 08 Jun 2021,26332,18294,38,2191571,998897,71505,2263076,1070402,48.0594753729475,22.7314321561246,161
-7.6926,53.28823,2021/06/08 23:00:00+00,Wed 09 Jun 2021,32692,20056,163,2224263,1018953,71668,2295931,1090621,48.7571956719468,23.1608099289283,162
-7.6926,53.28823,2021/06/09 23:00:00+00,Thu 10 Jun 2021,27589,27431,259,2251852,1046384,71927,2323779,1118311,49.3485855634864,23.7488444770729,163
-7.6926,53.28823,2021/06/10 23:00:00+00,Fri 11 Jun 2021,26350,32844,26,2278202,1079228,71953,2350155,1151181,49.9087155469411,24.4468833213313,164
-7.6926,53.28823,2021/06/11 23:00:00+00,Sat 12 Jun 2021,12126,19680,97,2290328,1098908,72050,2362378,1170958,50.1682874603385,24.8668746271693,165
-7.6926,53.28823,2021/06/12 23:00:00+00,Sun 13 Jun 2021,8502,18144,827,2298830,1117052,72877,2371707,1189929,50.3664013750962,25.2697494344229,166
-7.6926,53.28823,2021/06/13 23:00:00+00,Mon 14 Jun 2021,15950,31256,39,2314780,1148308,72916,2387696,1221224,50.7059493848572,25.9343410264845,167
-7.6926,53.28823,2021/06/14 23:00:00+00,Tue 15 Jun 2021,14611,41483,196,2329391,1189791,73112,2402503,1262903,51.0203960282078,26.819450883188,168
-7.6926,53.28823,2021/06/15 23:00:00+00,Wed 16 Jun 2021,13343,48329,208,2342734,1238120,73320,2416054,1311440,51.3081698152034,27.8501996323138,169
-7.6926,53.28823,2021/06/16 23:00:00+00,Thu 17 Jun 2021,21496,42604,525,2364230,1280724,73845,2438075,1354569,51.7758154917903,28.7661021973889,170
-7.6926,53.28823,2021/06/17 23:00:00+00,Fri 18 Jun 2021,11947,49993,542,2376177,1330717,74387,2450564,1405104,52.0410362744475,29.8392811750158,171
-7.6926,53.28823,2021/06/18 23:00:00+00,Sat 19 Jun 2021,6242,32739,424,2382419,1363456,74811,2457230,1438267,52.1825977875545,30.5435422700002,172
-7.6926,53.28823,2021/06/19 23:00:00+00,Sun 20 Jun 2021,8459,26101,172,2390878,1389557,74983,2465861,1464540,52.3658887295927,31.1014849093431,173
-7.6926,53.28823,2021/06/20 23:00:00+00,Mon 21 Jun 2021,15399,32263,559,2406277,1421820,75542,2481819,1497362,52.7047784124851,31.7985044087726,174
-7.6926,53.28823,2021/06/21 23:00:00+00,Tue 22 Jun 2021,15062,43472,710,2421339,1465292,76252,2497591,1541544,53.0397181341657,32.7367688510306,175
-7.6926,53.28823,2021/06/22 23:00:00+00,Wed 23 Jun 2021,20003,39319,872,2441342,1504611,77124,2518466,1581735,53.4830269529638,33.5902790180396,176
-7.6926,53.28823,2021/06/23 23:00:00+00,Thu 24 Jun 2021,18940,44187,1026,2460282,1548798,78150,2538432,1626948,53.9070319290655,34.5504381377674,177
-7.6926,53.28823,2021/06/24 23:00:00+00,Fri 25 Jun 2021,15121,50069,818,2475403,1598867,78968,2554371,1677835,54.2455181212965,35.6310923108059,178
-7.6926,53.28823,2021/06/25 23:00:00+00,Sat 26 Jun 2021,8983,30480,487,2484386,1629347,79455,2563841,1708802,54.446626361489,36.2887183798703,179
-7.6926,53.28823,2021/06/26 23:00:00+00,Sun 27 Jun 2021,8676,30423,49,2493062,1659770,79504,2572566,1739274,54.6319135204836,36.9358324553872,180
-7.6926,53.28823,2021/06/27 23:00:00+00,Mon 28 Jun 2021,24148,24565,502,2517210,1684335,80006,2597216,1764341,55.1553895628009,37.4681640559051,181
-7.6926,53.28823,2021/06/28 23:00:00+00,Tue 29 Jun 2021,28068,30924,793,2545278,1715259,80799,2626077,1796058,55.7682918774994,38.1417173879204,182
-7.6926,53.28823,2021/06/29 23:00:00+00,Wed 30 Jun 2021,22469,36763,565,2567747,1752022,81364,2649111,1833386,56.2574499772453,38.9344278831584,183
-7.6926,53.28823,2021/06/30 23:00:00+00,Thu 01 Jul 2021,14855,48233,623,2582602,1800255,81987,2664589,1882242,56.5861462118492,39.9719510281261,184
-7.6926,53.28823,2021/07/01 23:00:00+00,Fri 02 Jul 2021,13561,47167,803,2596163,1847422,82790,2678953,1930212,56.8911851518834,40.9906587664611,185
-7.6926,53.28823,2021/07/02 23:00:00+00,Sat 03 Jul 2021,9241,30397,491,2605404,1877819,83281,2688685,1961100,57.0978573159334,41.646607163828,186
-7.6926,53.28823,2021/07/03 23:00:00+00,Sun 04 Jul 2021,6387,27732,223,2611791,1905551,83504,2695295,1989055,57.2382295934067,42.2402693448819,187
-7.6926,53.28823,2021/07/04 23:00:00+00,Mon 05 Jul 2021,15477,33335,5324,2627268,1938886,88828,2716096,2027714,57.6799669222603,43.0612454227701,188
-7.6926,53.28823,2021/07/05 23:00:00+00,Tue 06 Jul 2021,12303,48261,5469,2639571,1987147,94297,2733868,2081444,58.0573793451432,44.2022745405675,189
-7.6926,53.28823,2021/07/06 23:00:00+00,Wed 07 Jul 2021,19601,43654,5041,2659172,2030801,99338,2758510,2130139,58.5806854966556,45.2363786330883,190
-7.6926,53.28823,2021/07/07 23:00:00+00,Thu 08 Jul 2021,17675,45492,5978,2676847,2076293,105316,2782163,2181609,59.0829888974235,46.3294135985272,191
-7.6926,53.28823,2021/07/08 23:00:00+00,Fri 09 Jul 2021,13439,45011,6515,2690286,2121304,111831,2802117,2233135,59.506739037318,47.4236377995998,192
-7.6926,53.28823,2021/07/09 23:00:00+00,Sat 10 Jul 2021,8553,23765,4352,2698839,2145069,116183,2815022,2261252,59.7807941418253,48.0207402694511,193
-7.6926,53.28823,2021/07/10 23:00:00+00,Sun 11 Jul 2021,15179,16056,2146,2714018,2161125,118329,2832347,2279454,60.1487139159894,48.4072843230924,194
-7.6926,53.28823,2021/07/11 23:00:00+00,Mon 12 Jul 2021,17034,31639,6074,2731052,2192764,124403,2855455,2317167,60.6394435056798,49.2081708133119,195
-7.6926,53.28823,2021/07/12 23:00:00+00,Tue 13 Jul 2021,20018,36450,8474,2751070,2229214,132877,2883947,2362091,61.2445096070065,50.1621926277159,196
-7.6926,53.28823,2021/07/13 23:00:00+00,Wed 14 Jul 2021,20706,35588,9317,2771776,2264802,142194,2913970,2406996,61.8820885611035,51.1158109514586,197
-7.6926,53.28823,2021/07/14 23:00:00+00,Thu 15 Jul 2021,23539,28726,9555,2795315,2293528,151749,2947064,2445277,62.5848843478964,51.9287596888195,198
-7.6926,53.28823,2021/07/15 23:00:00+00,Fri 16 Jul 2021,23471,27302,9153,2818786,2320830,160902,2979688,2481732,63.2776990499069,52.7029308499828,199
-7.6926,53.28823,2021/07/16 23:00:00+00,Sat 17 Jul 2021,11435,19343,4666,2830221,2340173,165568,2995789,2505741,63.6196255309353,53.2127943915648,200
-7.6926,53.28823,2021/07/17 23:00:00+00,Sun 18 Jul 2021,16813,15743,1921,2847034,2355916,167489,3014523,2523405,64.0174673230964,53.5879132885827,201
-7.6926,53.28823,2021/07/18 23:00:00+00,Mon 19 Jul 2021,24802,18302,6227,2871836,2374218,173716,3045552,2547934,64.6764100458981,54.1088197324772,202
-7.6926,53.28823,2021/07/19 23:00:00+00,Tue 20 Jul 2021,30498,18057,7685,2902334,2392275,181401,3083735,2573676,65.4872776209001,54.6554858696509,203
-7.6926,53.28823,2021/07/20 23:00:00+00,Wed 21 Jul 2021,30258,19719,6869,2932592,2411994,188270,3120862,2600264,66.2757196096674,55.220117959433,204
-7.6926,53.28823,2021/07/21 23:00:00+00,Thu 22 Jul 2021,33454,15817,6918,2966046,2427811,195188,3161234,2622999,67.1330735561352,55.7029263903492,205
-7.6926,53.28823,2021/07/22 23:00:00+00,Fri 23 Jul 2021,27012,20700,5593,2993058,2448511,200781,3193839,2649292,67.8254847674843,56.261293756704,206
-7.6926,53.28823,2021/07/23 23:00:00+00,Sat 24 Jul 2021,15378,14712,2256,3008436,2463223,203037,3211473,2666260,68.1999665739842,56.6216321537036,207
-7.6926,53.28823,2021/07/24 23:00:00+00,Sun 25 Jul 2021,14675,13579,1029,3023111,2476802,204066,3227177,2680868,68.5334622238239,56.9318527632846,208
-7.6926,53.28823,2021/07/25 23:00:00+00,Mon 26 Jul 2021,23761,18143,3400,3046872,2494945,207466,3254338,2702411,69.1102627425005,57.3893474642842,209
-7.6926,53.28823,2021/07/26 23:00:00+00,Tue 27 Jul 2021,25412,23762,3652,3072284,2518707,211118,3283402,2729825,69.7274760363711,57.9715207796629,210
-7.6926,53.28823,2021/07/27 23:00:00+00,Wed 28 Jul 2021,23372,25142,3245,3095656,2543849,214363,3310019,2758212,70.2927239803207,58.5743570641765,211
-7.6926,53.28823,2021/07/28 23:00:00+00,Thu 29 Jul 2021,19193,27751,2944,3114849,2571600,217307,3332156,2788907,70.7628330735774,59.2262068458774,212
-7.6926,53.28823,2021/07/29 23:00:00+00,Fri 30 Jul 2021,21868,22796,2108,3136717,2594396,219415,3356132,2813811,71.2719958155895,59.7550769212473,213
-7.6926,53.28823,2021/07/30 23:00:00+00,Sat 31 Jul 2021,13687,12373,900,3150404,2606769,220315,3370719,2827084,71.5817704618078,60.0369470027758,214
-7.6926,53.28823,2021/07/31 23:00:00+00,Sun 01 Aug 2021,11042,9245,360,3161446,2616014,220675,3382121,2836689,71.8239073313616,60.2409221502994,215
-7.6926,53.28823,2021/08/01 23:00:00+00,Mon 02 Aug 2021,14954,15890,419,3176400,2631904,221094,3397494,2852998,72.1503737491524,60.5872657922529,216
-7.6926,53.28823,2021/08/02 23:00:00+00,Tue 03 Aug 2021,17278,25325,1100,3193678,2657229,222194,3415872,2879423,72.5406554004995,61.1484363568871,217
-7.6926,53.28823,2021/08/03 23:00:00+00,Wed 04 Aug 2021,22038,17171,1569,3215716,2674400,223763,3439479,2898163,73.0419819291398,61.5464055671518,218
-7.6926,53.28823,2021/08/04 23:00:00+00,Thu 05 Aug 2021,13465,29915,1416,3229181,2704315,225179,3454360,2929494,73.3580000624349,62.211761667835,219
-7.6926,53.28823,2021/08/05 23:00:00+00,Fri 06 Aug 2021,12130,24637,939,3241311,2728952,226118,3467429,2955070,73.6355379284407,62.7549025708089,220
-7.6926,53.28823,2021/08/06 23:00:00+00,Sat 07 Aug 2021,6302,8365,574,3247613,2737317,226692,3474305,2964009,73.7815590751739,62.9447343088322,221
-7.6926,53.28823,2021/08/07 23:00:00+00,Sun 08 Aug 2021,8587,11902,151,3256200,2749219,226843,3483043,2976062,73.9671223067264,63.2006960426273,222
-7.6926,53.28823,2021/08/08 23:00:00+00,Mon 09 Aug 2021,5496,22905,594,3261696,2772124,227437,3489133,2999561,74.0964516818871,63.6997290454027,223
-7.6926,53.28823,2021/08/09 23:00:00+00,Tue 10 Aug 2021,9284,25881,700,3270980,2798005,228137,3499117,3026142,74.3084754062886,64.2642124807307,224
-7.6926,53.28823,2021/08/10 23:00:00+00,Wed 11 Aug 2021,6957,31108,652,3277937,2829113,228789,3506726,3057902,74.4700627980124,64.9386789758218,225
-7.6926,53.28823,2021/08/11 23:00:00+00,Thu 12 Aug 2021,6713,38191,855,3284650,2867304,229644,3514294,3096948,74.6307794993615,65.7678735213925,226
-7.6926,53.28823,2021/08/12 23:00:00+00,Fri 13 Aug 2021,10863,28132,855,3295513,2895436,230499,3526012,3125935,74.8796270557053,66.3834516162668,227
-7.6926,53.28823,2021/08/13 23:00:00+00,Sat 14 Aug 2021,18089,5772,275,3313602,2901208,230774,3544376,3131982,75.269611398144,66.5118678283517,228
-7.6926,53.28823,2021/08/14 23:00:00+00,Sun 15 Aug 2021,16973,3677,43,3330575,2904885,230817,3561392,3135702,75.6309691399724,66.5908670525878,229
-7.6926,53.28823,2021/08/15 23:00:00+00,Mon 16 Aug 2021,10144,23046,377,3340719,2927931,231194,3571913,3159125,75.8543967846466,67.0882860927175,230
-7.6926,53.28823,2021/08/16 23:00:00+00,Tue 17 Aug 2021,12848,26783,522,3353567,2954714,231716,3585283,3186430,76.1383267921834,67.6681446458807,231
-7.6926,53.28823,2021/08/17 23:00:00+00,Wed 18 Aug 2021,15185,25685,651,3368752,2980399,232367,3601119,3212766,76.4746256403025,68.2274251753114,232
-7.6926,53.28823,2021/08/18 23:00:00+00,Thu 19 Aug 2021,11332,25607,537,3380084,3006006,232904,3612988,3238910,76.726679885587,68.7826283254267,233
-7.6926,53.28823,2021/08/19 23:00:00+00,Fri 20 Aug 2021,14801,22150,682,3394885,3028156,233586,3628471,3261742,77.055482301944,69.2674966823511,234
-7.6926,53.28823,2021/08/20 23:00:00+00,Sat 21 Aug 2021,11840,7909,240,3406725,3036065,233826,3640551,3269891,77.3120174172053,69.4405517033995,235
-7.6926,53.28823,2021/08/21 23:00:00+00,Sun 22 Aug 2021,7991,12211,159,3414716,3048276,233985,3648701,3282261,77.4850936746043,69.7032453603352,236
-7.6926,53.28823,2021/08/22 23:00:00+00,Mon 23 Aug 2021,10833,15287,281,3425549,3063563,234266,3659815,3297829,77.721114475185,70.0338528664932,237
-7.6926,53.28823,2021/08/23 23:00:00+00,Tue 24 Aug 2021,9722,22845,382,3435271,3086408,234648,3669919,3321056,77.9356865616586,70.5271095819051,238
-7.6926,53.28823,2021/08/24 23:00:00+00,Wed 25 Aug 2021,9389,19433,308,3444660,3105841,234956,3679616,3340797,78.1416154534375,70.9463363791215,239
-7.6926,53.28823,2021/08/25 23:00:00+00,Thu 26 Aug 2021,8545,19348,363,3453205,3125189,235319,3688524,3360508,78.3307888645922,71.3649260858199,240
-7.6926,53.28823,2021/08/26 23:00:00+00,Fri 27 Aug 2021,9688,19126,429,3462893,3144315,235748,3698641,3380063,78.5456370236235,71.7802029218245,241
-7.6926,53.28823,2021/08/27 23:00:00+00,Sat 28 Aug 2021,9904,7856,151,3472797,3152171,235899,3708696,3388070,78.7591685289176,71.9502423810876,242
-7.6926,53.28823,2021/08/28 23:00:00+00,Sun 29 Aug 2021,8786,9159,27,3481583,3161330,235926,3717509,3397256,78.9463244867652,72.1453194977093,243
-7.6926,53.28823,2021/08/29 23:00:00+00,Mon 30 Aug 2021,5037,11049,80,3486620,3172379,236006,3722626,3408385,79.054990892791,72.381658843549,244
-7.6926,53.28823,2021/08/30 23:00:00+00,Tue 31 Aug 2021,4040,12801,140,3490660,3185180,236146,3726806,3421326,79.1437588383037,72.656478456678,245
-7.6926,53.28823,2021/08/31 23:00:00+00,Wed 01 Sep 2021,4919,12467,179,3495579,3197647,236325,3731904,3433972,79.2520217536681,72.9250333463795,246
-7.6926,53.28823,2021/09/01 23:00:00+00,Thu 02 Sep 2021,4989,12302,246,3500568,3209949,236571,3737139,3446520,79.3631940490649,73.1915070737222,247
-7.6926,53.28823,2021/09/02 23:00:00+00,Fri 03 Sep 2021,4747,15997,163,3505315,3225946,236734,3742049,3462680,79.4674645305163,73.5346864994361,248
-7.6926,53.28823,2021/09/03 23:00:00+00,Sat 04 Sep 2021,4612,10540,132,3509927,3236486,236866,3746793,3473352,79.568209777768,73.7613208330511,249
-7.6926,53.28823,2021/09/04 23:00:00+00,Sun 05 Sep 2021,5301,11872,1,3515228,3248358,236867,3752095,3485225,79.680804908655,74.013460023738,250
-7.6926,53.28823,2021/09/05 23:00:00+00,Mon 06 Sep 2021,2133,9637,73,3517361,3257995,236940,3754301,3494935,79.7276522980811,74.2196649880747,251
-7.6926,53.28823,2021/09/06 23:00:00+00,Tue 07 Sep 2021,3019,9947,153,3520380,3267942,237093,3757473,3505035,79.7950140021878,74.4341521291459,252
-7.6926,53.28823,2021/09/07 23:00:00+00,Wed 08 Sep 2021,2584,14754,184,3522964,3282696,237277,3760241,3519973,79.8537962206516,74.7513807344252,253
-7.6926,53.28823,2021/09/08 23:00:00+00,Thu 09 Sep 2021,3098,14753,136,3526062,3297449,237413,3763475,3534862,79.9224745784956,75.0675687585251,254
-7.6926,53.28823,2021/09/09 23:00:00+00,Fri 10 Sep 2021,3360,13906,114,3529422,3311355,237527,3766949,3548882,79.9962496604838,75.3653023939526,255
-7.6926,53.28823,2021/09/10 23:00:00+00,Sat 11 Sep 2021,2544,11291,60,3531966,3322646,237587,3769553,3560233,80.0515491174491,75.6063562096257,256
-7.6926,53.28823,2021/09/11 23:00:00+00,Sun 12 Sep 2021,2029,12859,1,3533995,3335505,237588,3771583,3573093,80.0946589091694,75.8794556783559,257
-7.6926,53.28823,2021/09/12 23:00:00+00,Mon 13 Sep 2021,1596,7697,50,3535591,3343202,237638,3773229,3580840,80.1296139422588,76.0439736864627,258
-7.6926,53.28823,2021/09/13 23:00:00+00,Tue 14 Sep 2021,1531,10740,81,3537122,3353942,237719,3774841,3591661,80.1638469394278,76.2737722363173,259
-7.6926,53.28823,2021/09/14 23:00:00+00,Wed 15 Sep 2021,3262,12366,134,3540384,3366308,237853,3778237,3604161,80.2359655860691,76.5392266188311,260
-7.6926,53.28823,2021/09/15 23:00:00+00,Thu 16 Sep 2021,1894,10566,113,3542278,3376874,237966,3780244,3614840,80.2785869417255,76.7660096069003,261
-7.6926,53.28823,2021/09/16 23:00:00+00,Fri 17 Sep 2021,2550,14579,90,3544828,3391453,238056,3782884,3629509,80.3346509073125,77.0775256338679,262
-7.6926,53.28823,2021/09/17 23:00:00+00,Sat 18 Sep 2021,2277,11206,43,3547105,3402659,238099,3785204,3640758,80.383919240707,77.3164133417797,263
-7.6926,53.28823,2021/09/18 23:00:00+00,Sun 19 Sep 2021,1856,8479,12,3548961,3411138,238111,3787072,3649249,80.4235887436299,77.4967311947337,264
-7.6926,53.28823,2021/09/19 23:00:00+00,Mon 20 Sep 2021,943,5588,32,3549904,3416726,238143,3788047,3654869,80.444294185466,77.6160794851119,265
-7.6926,53.28823,2021/09/20 23:00:00+00,Tue 21 Sep 2021,1456,6635,90,3551360,3423361,238233,3789593,3661594,80.4771255834953,77.7588939429044,266
-7.6926,53.28823,2021/09/21 23:00:00+00,Wed 22 Sep 2021,1886,8112,96,3553246,3431473,238329,3791575,3669802,80.5192160303867,77.9332019086383,267
-7.6926,53.28823,2021/09/22 23:00:00+00,Thu 23 Sep 2021,1686,8733,87,3554932,3440206,238416,3793348,3678622,80.5568680800024,78.12050652094,268
-7.6926,53.28823,2021/09/23 23:00:00+00,Fri 24 Sep 2021,1904,7361,79,3556836,3447567,238495,3795331,3686062,80.5989797632444,78.2785049694122,269
-7.6926,53.28823,2021/09/24 23:00:00+00,Sat 25 Sep 2021,2408,6566,51,3559244,3454133,238546,3797790,3692679,80.6511999493725,78.4190259013397,270
-7.6926,53.28823,2021/09/25 23:00:00+00,Sun 26 Sep 2021,1537,7088,0,3560781,3461221,238546,3799327,3699767,80.6838402202464,78.5695491544004,271
-7.6926,53.28823,2021/09/26 23:00:00+00,Mon 27 Sep 2021,1168,3771,45,3561949,3464992,238591,3800540,3703583,80.7095999135256,78.6505870682942,272
-7.6926,53.28823,2021/09/27 23:00:00+00,Tue 28 Sep 2021,1437,5097,91,3563386,3470089,238682,3802068,3708771,80.7420490572441,78.7607612552127,273
-7.6926,53.28823,2021/09/28 23:00:00+00,Wed 29 Sep 2021,1641,3583,77,3565027,3473672,238759,3803786,3712431,80.7785331075768,78.8384862984128,274
-7.6926,53.28823,2021/09/29 23:00:00+00,Thu 30 Sep 2021,1280,3931,77,3566307,3477603,238836,3805143,3716439,80.8073508353425,78.923601591622,275
-7.6926,53.28823,2021/09/30 23:00:00+00,Fri 01 Oct 2021,1834,5138,41,3568141,3482741,238877,3807018,3721618,80.8471689927195,79.0335846513851,276
-7.6926,53.28823,2021/10/01 23:00:00+00,Sat 02 Oct 2021,1705,4065,39,3569846,3486806,238916,3808762,3725722,80.8842051881679,79.1207386342521,277
-7.6926,53.28823,2021/10/02 23:00:00+00,Sun 03 Oct 2021,1194,3002,9,3571040,3489808,238925,3809965,3728733,80.909752517941,79.184681285912,278
-7.6926,53.28823,2021/10/03 23:00:00+00,Mon 04 Oct 2021,333,1207,17,3571373,3491015,238942,3810315,3729957,80.9171852406514,79.2106745790477,279
-7.6926,53.28823,2021/10/04 23:00:00+00,Tue 05 Oct 2021,958,2795,69,3572331,3493810,239011,3811342,3732821,80.9389949727187,79.2714954871693,280
-7.6926,53.28823,2021/10/05 23:00:00+00,Wed 06 Oct 2021,971,2532,35,3573302,3496342,239046,3812348,3735388,80.9603587414234,79.3260091991624,281
-7.6926,53.28823,2021/10/06 23:00:00+00,Thu 07 Oct 2021,1197,2667,44,3574499,3499009,239090,3813589,3738099,80.9867130525194,79.383580945642,282
-7.6926,53.28823,2021/10/07 23:00:00+00,Fri 08 Oct 2021,973,2752,45,3575472,3501761,239135,3814607,3740896,81.0083316574313,79.4429790182732,283
-7.6926,53.28823,2021/10/08 23:00:00+00,Sat 09 Oct 2021,728,2349,22,3576200,3504110,239157,3815357,3743267,81.0242589203822,79.4933304055485,284
-7.6926,53.28823,2021/10/09 23:00:00+00,Sun 10 Oct 2021,1499,3904,0,3577699,3508014,239157,3816856,3747171,81.0560922099332,79.5762371182952,285
-7.6926,53.28823,2021/10/10 23:00:00+00,Mon 11 Oct 2021,330,1090,15,3578029,3509104,239172,3817201,3748276,81.0634187508906,79.5997032857094,286
-7.6926,53.28823,2021/10/11 23:00:00+00,Tue 12 Oct 2021,561,1581,20,3578590,3510685,239192,3817782,3749877,81.0757570705898,79.6337026830218,287
-7.6926,53.28823,2021/10/12 23:00:00+00,Wed 13 Oct 2021,1027,2019,9,3579617,3512704,239201,3818818,3751905,81.0977579298126,79.6767700020408,288
-7.6926,53.28823,2021/10/13 23:00:00+00,Thu 14 Oct 2021,687,1554,7,3580304,3514258,239208,3819512,3753466,81.1124959571298,79.7099199453291,289
-7.6926,53.28823,2021/10/14 23:00:00+00,Fri 15 Oct 2021,952,2038,7,3581256,3516296,239215,3820471,3755511,81.1328616173562,79.7533482823084,290
-7.6926,53.28823,2021/10/15 23:00:00+00,Sat 16 Oct 2021,1373,2611,12,3582629,3518907,239227,3821856,3758134,81.1622739629387,79.8090512299351,291
-7.6926,53.28823,2021/10/16 23:00:00+00,Sun 17 Oct 2021,1698,2882,2,3584327,3521789,239229,3823556,3761018,81.1983757589606,79.8702968650687,292
-7.6926,53.28823,2021/10/17 23:00:00+00,Mon 18 Oct 2021,666,1203,4,3584993,3522992,239233,3824226,3762225,81.2126041138634,79.8959291402442,293
-7.6926,53.28823,2021/10/18 23:00:00+00,Tue 19 Oct 2021,1330,1761,12,3586323,3524753,239245,3825568,3763998,81.2411032963701,79.93358118986,294
-7.6926,53.28823,2021/10/19 23:00:00+00,Wed 20 Oct 2021,2243,2283,0,3588566,3527036,239245,3827811,3766281,81.2887364307683,79.9820637782823,295
-7.6926,53.28823,2021/10/20 23:00:00+00,Thu 21 Oct 2021,1745,1793,10,3590311,3528829,239255,3829566,3768084,81.3260062260733,80.0203529184161,296
-7.6926,53.28823,2021/10/21 23:00:00+00,Fri 22 Oct 2021,1491,1897,1,3591802,3530726,239256,3831058,3769982,81.3576908611701,80.060659511857,297
-7.6926,53.28823,2021/10/22 23:00:00+00,Sat 23 Oct 2021,2008,1673,0,3593810,3532399,239256,3833066,3771655,81.4003334531771,80.0961879264126,298
-7.6926,53.28823,2021/10/23 23:00:00+00,Sun 24 Oct 2021,1943,2177,2,3595753,3534576,239258,3835011,3773834,81.4416381550963,80.1424619343724,299
-7.6926,53.28823,2021/10/24 23:00:00+00,Mon 25 Oct 2021,1215,819,2,3596968,3535395,239260,3836228,3774655,81.4674827937778,80.159896978216,300
-7.6926,53.28823,2021/10/25 23:00:00+00,Tue 26 Oct 2021,1237,1187,6,3598205,3536582,239266,3837471,3775848,81.493879577575,80.1852319444831,301
-7.6926,53.28823,2021/10/26 23:00:00+00,Wed 27 Oct 2021,1549,1393,5,3599754,3537975,239271,3839025,3777246,81.5268808664091,80.2149203626234,302
-7.6926,53.28823,2021/10/27 23:00:00+00,Thu 28 Oct 2021,2144,1663,2,3601898,3539638,239273,3841171,3778911,81.5724540747991,80.2502788863743,303
-7.6926,53.28823,2021/10/28 23:00:00+00,Fri 29 Oct 2021,2131,1335,0,3604029,3540973,239273,3843302,3780246,81.61770873793,80.2786294144267,304
-7.6926,53.28823,2021/10/29 23:00:00+00,Sat 30 Oct 2021,2007,1430,0,3606036,3542403,239273,3845309,3781676,81.6603300935865,80.3089973957863,305
-7.6926,53.28823,2021/10/30 23:00:00+00,Sun 31 Oct 2021,1624,1313,0,3607660,3543716,239273,3846933,3782989,81.6948179269627,80.3368807241256,306
-7.6926,53.28823,2021/11/01 00:00:00+00,Mon 01 Nov 2021,259,258,1,3607919,3543974,239274,3847193,3783248,81.700339378119,80.3423809389313,307
-7.6926,53.28823,2021/11/02 00:00:00+00,Tue 02 Nov 2021,1087,1072,9,3609006,3545046,239283,3848289,3784329,81.7236144183778,80.3653374339311,308
-7.6926,53.28823,2021/11/03 00:00:00+00,Wed 03 Nov 2021,2532,1834,5,3611538,3546880,239288,3850826,3786168,81.7774910398528,80.4043910826865,309
-7.6926,53.28823,2021/11/04 00:00:00+00,Thu 04 Nov 2021,1542,1250,1,3613080,3548130,239289,3852369,3787419,81.8102587288303,80.4309577572885,310
-7.6926,53.28823,2021/11/05 00:00:00+00,Fri 05 Nov 2021,1626,1057,2,3614706,3549187,239291,3853997,3788478,81.8448315076089,80.453447052575,311
-7.6926,53.28823,2021/11/06 00:00:00+00,Sat 06 Nov 2021,1818,1336,5,3616524,3550523,239296,3855820,3789819,81.8835453747547,80.4819249987311,312
-7.6926,53.28823,2021/11/07 00:00:00+00,Sun 07 Nov 2021,725,765,0,3617249,3551288,239296,3856545,3790584,81.8989417289405,80.498170806941,313
-7.6926,53.28823,2021/11/08 00:00:00+00,Mon 08 Nov 2021,512,510,1,3617761,3551798,239297,3857058,3791095,81.9098359767989,80.5090225820981,314
-7.6926,53.28823,2021/11/09 00:00:00+00,Tue 09 Nov 2021,1378,1032,1,3619139,3552830,239298,3858437,3792128,81.9391209042778,80.5309597322691,315
-7.6926,53.28823,2021/11/10 00:00:00+00,Wed 10 Nov 2021,1625,1322,0,3620764,3554152,239298,3860062,3793450,81.9736299740046,80.5590341877637,316
-7.6926,53.28823,2021/11/11 00:00:00+00,Thu 11 Nov 2021,1398,1087,1,3622162,3555239,239299,3861461,3794538,82.0033396284955,80.5821393372177,317
-7.6926,53.28823,2021/11/12 00:00:00+00,Fri 12 Nov 2021,1154,1109,5,3623316,3556348,239304,3862620,3795652,82.0279525588422,80.6057966317874,318
-7.6926,53.28823,2021/11/13 00:00:00+00,Sat 13 Nov 2021,1412,1356,0,3624728,3557704,239304,3864032,3797008,82.057938285891,80.6345931232025,319
-7.6926,53.28823,2021/11/14 00:00:00+00,Sun 14 Nov 2021,1648,1800,0,3626376,3559504,239304,3865680,3798808,82.0929357916816,80.6728185542845,320
-7.6926,53.28823,2021/11/15 00:00:00+00,Mon 15 Nov 2021,1245,567,0,3627621,3560071,239304,3866925,3799375,82.11937504818,80.6848595650753,321
-7.6926,53.28823,2021/11/16 00:00:00+00,Tue 16 Nov 2021,1319,1048,5,3628940,3561119,239309,3868249,3800428,82.1474919763758,80.7072214422583,322
-7.6926,53.28823,2021/11/17 00:00:00+00,Wed 17 Nov 2021,1520,1084,0,3630460,3562203,239309,3869769,3801512,82.1797712292895,80.7302416463098,323
-7.6926,53.28823,2021/11/18 00:00:00+00,Thu 18 Nov 2021,1665,2470,5,3632125,3564673,239314,3871439,3803987,82.2152359347934,80.7828016140476,324
-7.6926,53.28823,2021/11/19 00:00:00+00,Fri 19 Nov 2021,1184,1523,0,3633309,3566196,239314,3872623,3805510,82.2403797739051,80.8151445760131,325
-7.6926,53.28823,2020/12/28 00:00:00+00,Mon 28 Dec 2020,184,21,0,184,21,0,184,21,0.00390748851060342,0.000445963362623216,326
-7.6926,53.28823,2020/12/29 00:00:00+00,Tue 29 Dec 2020,72,1,0,256,22,0,256,22,0.00543650575388301,0.000467199713224322,327
-7.6926,53.28823,2020/12/30 00:00:00+00,Wed 30 Dec 2020,1054,1,0,1310,23,0,1310,23,0.0278196192874482,0.000488436063825427,328
-7.6926,53.28823,2020/12/31 00:00:00+00,Thu 31 Dec 2020,1028,1,0,2338,24,0,2338,24,0.0496505877053847,0.000509672414426533,329
-7.6926,53.28823,2021/01/01 00:00:00+00,Fri 01 Jan 2021,806,0,0,3144,24,0,3144,24,0.0667670862898758,0.000509672414426533,330
-7.6926,53.28823,2021/01/02 00:00:00+00,Sat 02 Jan 2021,1014,0,0,4158,24,0,4158,24,0.0883007457993968,0.000509672414426533,331
-7.6926,53.28823,2021/01/03 00:00:00+00,Sun 03 Jan 2021,18,2,0,4176,26,0,4176,26,0.0886830001102167,0.000552145115628744,332
-7.6926,53.28823,2021/01/04 00:00:00+00,Mon 04 Jan 2021,1187,3,0,5363,29,0,5363,29,0.113890548273729,0.00061585416743206,333
-7.6926,53.28823,2021/01/05 00:00:00+00,Tue 05 Jan 2021,3516,8,0,8879,37,0,8879,37,0.188557556987216,0.000785744972240904,334
-7.6926,53.28823,2021/01/06 00:00:00+00,Wed 06 Jan 2021,6766,8,0,15645,45,0,15645,45,0.332242705154296,0.000955635777049748,335
-7.6926,53.28823,2021/01/07 00:00:00+00,Thu 07 Jan 2021,11715,8,0,27360,53,0,27360,53,0.581026552446247,0.00112552658185859,336
-7.6926,53.28823,2021/01/08 00:00:00+00,Fri 08 Jan 2021,12672,5,0,40032,58,0,40032,58,0.850133587263456,0.00123170833486412,337
-7.6926,53.28823,2021/01/09 00:00:00+00,Sat 09 Jan 2021,8071,6,0,48103,64,0,48103,64,1.02153217296498,0.00135912643847075,338
-7.6926,53.28823,2021/01/10 00:00:00+00,Sun 10 Jan 2021,4771,3,1,52874,67,1,52875,68,1.12287203803345,0.00144407184087518,339
-7.6926,53.28823,2021/01/11 00:00:00+00,Mon 11 Jan 2021,8334,7,0,61208,74,1,61209,75,1.29985578394307,0.00159272629508291,340
-7.6926,53.28823,2021/01/12 00:00:00+00,Tue 12 Jan 2021,8869,8,0,70077,82,1,70078,83,1.48820097742427,0.00176261709989176,341
-7.6926,53.28823,2021/01/13 00:00:00+00,Wed 13 Jan 2021,9871,5,0,79948,87,1,79949,88,1.69782499420779,0.00186879885289729,342
-7.6926,53.28823,2021/01/14 00:00:00+00,Thu 14 Jan 2021,8065,5,0,88013,92,1,88014,93,1.8690961618057,0.00197498060590281,343
-7.6926,53.28823,2021/01/15 00:00:00+00,Fri 15 Jan 2021,7676,2,0,95689,94,1,95690,95,2.03210638901979,0.00201745330710502,344
-7.6926,53.28823,2021/01/16 00:00:00+00,Sat 16 Jan 2021,5216,2,0,100905,96,1,100906,97,2.14287519375515,0.00205992600830724,345
-7.6926,53.28823,2021/01/17 00:00:00+00,Sun 17 Jan 2021,1107,4,0,102012,100,1,102013,101,2.16638383387058,0.00214487141071166,346
-7.6926,53.28823,2021/01/18 00:00:00+00,Mon 18 Jan 2021,8694,8,0,110706,108,1,110707,109,2.35101266599659,0.0023147622155205,347
-7.6926,53.28823,2021/01/19 00:00:00+00,Tue 19 Jan 2021,8364,17,0,119070,125,1,119071,126,2.52863350242424,0.0026757801757393,348
-7.6926,53.28823,2021/01/20 00:00:00+00,Wed 20 Jan 2021,8437,959,0,127507,1084,1,127508,1085,2.70780459244576,0.0230414404021995,349
-7.6926,53.28823,2021/01/21 00:00:00+00,Thu 21 Jan 2021,8980,958,0,136487,2042,1,136488,2043,2.89850702084369,0.0433858642780586,350
-7.6926,53.28823,2021/01/22 00:00:00+00,Fri 22 Jan 2021,6761,966,0,143248,3008,1,143249,3009,3.04208598725777,0.0639001789587265,351
-7.6926,53.28823,2021/01/23 00:00:00+00,Sat 23 Jan 2021,4171,459,0,147419,3467,1,147420,3468,3.13066280561498,0.073647663884634,352
-7.6926,53.28823,2021/01/24 00:00:00+00,Sun 24 Jan 2021,1178,397,0,148597,3864,1,148598,3865,3.15567922662308,0.0820784950732728,353
-7.6926,53.28823,2021/01/25 00:00:00+00,Mon 25 Jan 2021,1344,1286,0,149941,5150,1,149942,5151,3.18422088183096,0.109388441946295,354
-7.6926,53.28823,2021/01/26 00:00:00+00,Tue 26 Jan 2021,997,3495,0,150938,8645,1,150939,8646,3.20539352338027,0.183609487297158,355
-7.6926,53.28823,2021/01/27 00:00:00+00,Wed 27 Jan 2021,2154,6698,0,153092,15343,1,153093,15344,3.25113662257505,0.325850563623363,356
-7.6926,53.28823,2021/01/28 00:00:00+00,Thu 28 Jan 2021,979,11536,0,154071,26879,1,154072,26880,3.27192700981353,0.570833104157716,357
-7.6926,53.28823,2021/01/29 00:00:00+00,Fri 29 Jan 2021,1556,11525,0,155627,38404,1,155628,38405,3.30497077134885,0.815582044835457,358
-7.6926,53.28823,2021/01/30 00:00:00+00,Sat 30 Jan 2021,617,7793,0,156244,46197,1,156245,46198,3.31807359966973,0.981076925069873,359
-7.6926,53.28823,2021/01/31 00:00:00+00,Sun 31 Jan 2021,213,4084,0,156457,50281,1,156458,50282,3.32259694234777,1.06780618092479,360
-7.6926,53.28823,2021/02/01 00:00:00+00,Mon 01 Feb 2021,1003,8336,0,157460,58617,1,157461,58618,3.34389700200068,1.2448323995356,361
-7.6926,53.28823,2021/02/02 00:00:00+00,Tue 02 Feb 2021,819,5103,0,158279,63720,1,158280,63721,3.36128957314298,1.35320149665305,362
-7.6926,53.28823,2021/02/03 00:00:00+00,Wed 03 Feb 2021,1385,6861,0,159664,70581,1,159665,70582,3.39070191872551,1.49890409812723,363
-7.6926,53.28823,2021/02/04 00:00:00+00,Thu 04 Feb 2021,1411,10537,1,161075,81118,2,161077,81120,3.42068764577427,1.72269276076168,364
-7.6926,53.28823,2021/02/05 00:00:00+00,Fri 05 Feb 2021,3374,8610,0,164449,89728,2,164451,89730,3.4923390927024,1.9055377394372,365
-7.6926,53.28823,2021/02/06 00:00:00+00,Sat 06 Feb 2021,886,3866,0,165335,93594,2,165337,93596,3.51115449933498,1.98763747086107,366
-7.6926,53.28823,2021/02/07 00:00:00+00,Sun 07 Feb 2021,320,1296,1,165655,94890,3,165658,94893,3.51797136787794,2.01518101759071,367
-7.6926,53.28823,2021/02/08 00:00:00+00,Mon 08 Feb 2021,1154,874,0,166809,95764,3,166812,95767,3.54247811647161,2.03374158801607,368
-7.6926,53.28823,2021/02/09 00:00:00+00,Tue 09 Feb 2021,4234,533,2,171043,96297,5,171048,96302,3.6324352976179,2.04510303558766,369
-7.6926,53.28823,2021/02/10 00:00:00+00,Wed 10 Feb 2021,8808,578,0,179851,96875,5,179856,96880,3.81948507371244,2.0573776462351,370
-7.6926,53.28823,2021/02/11 00:00:00+00,Thu 11 Feb 2021,6163,441,0,186014,97316,5,186019,97321,3.95036470246705,2.06674287685019,371
-7.6926,53.28823,2021/02/12 00:00:00+00,Fri 12 Feb 2021,4376,520,0,190390,97836,5,190395,97841,4.04329497269749,2.07778577916277,372
-7.6926,53.28823,2021/02/13 00:00:00+00,Sat 13 Feb 2021,1199,1911,0,191589,99747,5,191594,99752,4.06875735706821,2.11836844516148,373
-7.6926,53.28823,2021/02/14 00:00:00+00,Sun 14 Feb 2021,2686,25,0,194275,99772,5,194280,99777,4.12579819478278,2.11889935392651,374
-7.6926,53.28823,2021/02/15 00:00:00+00,Mon 15 Feb 2021,1949,7880,0,196224,107652,5,196229,107657,4.16718784210434,2.28624179666322,375
-7.6926,53.28823,2021/02/16 00:00:00+00,Tue 16 Feb 2021,5625,8157,0,201849,115809,5,201854,115814,4.28664231423555,2.45946670851643,376
-7.6926,53.28823,2021/02/17 00:00:00+00,Wed 17 Feb 2021,9723,8462,0,211572,124271,5,211577,124276,4.4931233511301,2.63916870730299,377
-7.6926,53.28823,2021/02/18 00:00:00+00,Thu 18 Feb 2021,8448,8345,0,220020,132616,5,220025,132621,4.67252804100824,2.81638605306922,378
-7.6926,53.28823,2021/02/19 00:00:00+00,Fri 19 Feb 2021,9374,6579,0,229394,139195,5,229399,139200,4.87159759154301,2.95610000367389,379
-7.6926,53.28823,2021/02/20 00:00:00+00,Sat 20 Feb 2021,5879,3566,2,235273,142761,7,235280,142768,4.99648856942811,3.03187130261863,380
-7.6926,53.28823,2021/02/21 00:00:00+00,Sun 21 Feb 2021,1103,1020,4,236376,143781,11,236387,143792,5.01999720954353,3.05361732563417,381
-7.6926,53.28823,2021/02/22 00:00:00+00,Mon 22 Feb 2021,3932,1116,1,240308,144897,12,240320,144909,5.10351977645768,3.0773383292556,382
-7.6926,53.28823,2021/02/23 00:00:00+00,Tue 23 Feb 2021,13344,1059,0,253652,145956,12,253664,145968,5.38689763887883,3.09982762454217,383
-7.6926,53.28823,2021/02/24 00:00:00+00,Wed 24 Feb 2021,16922,2095,2,270574,148051,14,270588,148065,5.74630163645194,3.14436025175269,384
-7.6926,53.28823,2021/02/25 00:00:00+00,Thu 25 Feb 2021,18068,1747,2,288642,149798,16,288658,149814,6.13004249181392,3.18150262895402,385
-7.6926,53.28823,2021/02/26 00:00:00+00,Fri 26 Feb 2021,16070,2759,0,304712,152557,16,304728,152573,6.47131064597368,3.24009372026247,386
-7.6926,53.28823,2021/02/27 00:00:00+00,Sat 27 Feb 2021,8980,702,1,313692,153259,17,313709,153276,6.66203431072221,3.25502287473505,387
-7.6926,53.28823,2021/02/28 00:00:00+00,Sun 28 Feb 2021,2434,50,1,316126,153309,18,316144,153327,6.7137448244359,3.25610592861571,388
-7.6926,53.28823,2021/03/01 00:00:00+00,Mon 01 Mar 2021,5573,783,0,321699,154092,18,321717,154110,6.83209500633587,3.27273399113637,389
-7.6926,53.28823,2021/03/02 00:00:00+00,Tue 02 Mar 2021,12164,1602,0,333863,155694,18,333881,155712,7.09041397504771,3.30675462479934,390
-7.6926,53.28823,2021/03/03 00:00:00+00,Wed 03 Mar 2021,12868,1498,1,346731,157192,19,346750,157211,7.36370457093334,3.3385879143504,391
-7.6926,53.28823,2021/03/04 00:00:00+00,Thu 04 Mar 2021,18714,1682,3,365445,158874,22,365467,158896,7.76118534513423,3.37437116511326,392
-7.6926,53.28823,2021/03/05 00:00:00+00,Fri 05 Mar 2021,18420,2388,6,383865,161262,28,383893,161290,8.1524863413102,3.42521098845231,393
-7.6926,53.28823,2021/03/06 00:00:00+00,Sat 06 Mar 2021,10428,134,4,394293,161396,32,394325,161428,8.37402395078093,3.42814160483526,394
-7.6926,53.28823,2021/03/07 00:00:00+00,Sun 07 Mar 2021,1508,9,2,395801,161405,34,395835,161439,8.4060908401886,3.42837520469187,395
-7.6926,53.28823,2021/03/08 00:00:00+00,Mon 08 Mar 2021,6643,1491,3,402444,162896,37,402481,162933,8.54722762628355,3.46010231248993,396
-7.6926,53.28823,2021/03/09 00:00:00+00,Tue 09 Mar 2021,13799,3093,3,416243,165989,40,416283,166029,8.84033173728001,3.52585005395095,397
-7.6926,53.28823,2021/03/10 00:00:00+00,Wed 10 Mar 2021,13703,3975,3,429946,169964,43,429989,170007,9.13139715861876,3.61032825664215,398
-7.6926,53.28823,2021/03/11 00:00:00+00,Thu 11 Mar 2021,18442,2095,2,448388,172059,45,448433,172104,9.52308040910555,3.65486088385266,399
-7.6926,53.28823,2021/03/12 00:00:00+00,Fri 12 Mar 2021,17298,1328,3,465686,173387,48,465734,173435,9.89049051085528,3.68312646650274,400
-7.6926,53.28823,2021/03/13 00:00:00+00,Sat 13 Mar 2021,8271,168,0,473957,173555,48,474005,173603,10.066136366677,3.68669417340372,401
-7.6926,53.28823,2021/03/14 00:00:00+00,Sun 14 Mar 2021,369,16,1,474326,173571,49,474375,173620,10.0739938163994,3.68705519136394,402
-7.6926,53.28823,2021/03/15 00:00:00+00,Mon 15 Mar 2021,2620,985,0,476946,174556,49,476995,174605,10.1296330549743,3.70797299670603,403
-7.6926,53.28823,2021/03/16 00:00:00+00,Tue 16 Mar 2021,8917,3808,2,485863,178364,51,485914,178415,10.3190400659856,3.78888349249624,404
-7.6926,53.28823,2021/03/17 00:00:00+00,Wed 17 Mar 2021,4870,2408,6,490733,180772,57,490790,180829,10.4225885115166,3.84014804284731,405
-7.6926,53.28823,2021/03/18 00:00:00+00,Thu 18 Mar 2021,11694,4675,2,502427,185447,59,502486,185506,10.6709688681471,3.93947045460868,406
-7.6926,53.28823,2021/03/19 00:00:00+00,Fri 19 Mar 2021,10330,6108,2,512757,191555,61,512818,191616,10.8903828425577,4.06922455678144,407
-7.6926,53.28823,2021/03/20 00:00:00+00,Sat 20 Mar 2021,5212,3113,2,517969,194668,63,518032,194731,11.0011091745919,4.13537578890388,408
-7.6926,53.28823,2021/03/21 00:00:00+00,Sun 21 Mar 2021,3619,51,3,521588,194719,66,521654,194785,11.0780272364691,4.13652255183634,409
-7.6926,53.28823,2021/03/22 00:00:00+00,Mon 22 Mar 2021,7378,2395,1,528966,197114,67,529033,197181,11.2347302675547,4.18740484787659,410
-7.6926,53.28823,2021/03/23 00:00:00+00,Tue 23 Mar 2021,12542,7379,3,541508,204493,70,541578,204563,11.5011402858455,4.34417158801395,411
-7.6926,53.28823,2021/03/24 00:00:00+00,Wed 24 Mar 2021,13589,9772,1,555097,214265,71,555168,214336,11.7897422905145,4.55171444243855,412
-7.6926,53.28823,2021/03/25 00:00:00+00,Thu 25 Mar 2021,20832,10212,3,575929,224477,74,576003,224551,12.2322016552886,4.76864376382885,413
-7.6926,53.28823,2021/03/26 00:00:00+00,Fri 26 Mar 2021,19673,9484,1,595602,233961,75,595677,234036,12.6500056170147,4.97007054928033,414
-7.6926,53.28823,2021/03/27 00:00:00+00,Sat 27 Mar 2021,11716,5334,2,607318,239295,77,607395,239372,12.8988531733585,5.08338771608783,415
-7.6926,53.28823,2021/03/28 00:00:00+00,Sun 28 Mar 2021,2474,479,0,609792,239774,77,609869,239851,12.9513919047456,5.09355992802576,416
-7.6926,53.28823,2021/03/28 23:00:00+00,Mon 29 Mar 2021,9231,3102,3,619023,242876,80,619103,242956,13.1474883661962,5.15949879664219,417
-7.6926,53.28823,2021/03/29 23:00:00+00,Tue 30 Mar 2021,13302,8654,4,632325,251530,84,632409,251614,13.4300592472945,5.34336312014656,418
-7.6926,53.28823,2021/03/30 23:00:00+00,Wed 31 Mar 2021,15781,10495,3,648106,262025,87,648193,262112,13.7652538051824,5.56630232875697,419
-7.6926,53.28823,2021/03/31 23:00:00+00,Thu 01 Apr 2021,19651,11613,7,667757,273638,94,667851,273732,14.1827179852989,5.81306872274182,420
-7.6926,53.28823,2021/04/01 23:00:00+00,Fri 02 Apr 2021,20102,13714,7,687859,287352,101,687960,287453,14.6097597595366,6.10445268933959,421
-7.6926,53.28823,2021/04/02 23:00:00+00,Sat 03 Apr 2021,7523,4638,5,695382,291990,106,695488,292096,14.7696270068617,6.20305306518052,422
-7.6926,53.28823,2021/04/03 23:00:00+00,Sun 04 Apr 2021,3007,166,2,698389,292156,108,698497,292264,14.8335271858204,6.2066207720815,423
-7.6926,53.28823,2021/04/04 23:00:00+00,Mon 05 Apr 2021,3403,595,3,701792,292751,111,701903,292862,14.9058581959678,6.21932010974097,424
-7.6926,53.28823,2021/04/05 23:00:00+00,Tue 06 Apr 2021,11942,8148,6,713734,300899,117,713851,301016,15.1595901129498,6.39248131254238,425
-7.6926,53.28823,2021/04/06 23:00:00+00,Wed 07 Apr 2021,18318,10448,6,732052,311347,123,732175,311470,15.5487250013644,6.61448612172634,426
-7.6926,53.28823,2021/04/07 23:00:00+00,Thu 08 Apr 2021,20147,10554,13,752199,321901,136,752335,322037,15.9768498294827,6.83889063852822,427
-7.6926,53.28823,2021/04/08 23:00:00+00,Fri 09 Apr 2021,20666,9147,15,772865,331048,151,773016,331199,16.4160387962642,7.03345808273555,428
-7.6926,53.28823,2021/04/09 23:00:00+00,Sat 10 Apr 2021,11133,4149,12,783998,335197,163,784161,335360,16.6527179237135,7.12182253758675,429
-7.6926,53.28823,2021/04/10 23:00:00+00,Sun 11 Apr 2021,2837,346,6,786835,335543,169,787004,335712,16.7130928684725,7.12929773299834,430
-7.6926,53.28823,2021/04/11 23:00:00+00,Mon 12 Apr 2021,7742,2774,8,794577,338317,177,794754,338494,16.877674585631,7.18837726037061,431
-7.6926,53.28823,2021/04/12 23:00:00+00,Tue 13 Apr 2021,11464,8578,1,806041,346895,178,806219,347073,17.1211493452727,7.3705639121775,432
-7.6926,53.28823,2021/04/13 23:00:00+00,Wed 14 Apr 2021,20318,6578,2,826359,353473,180,826539,353653,17.5526719894872,7.51029909913277,433
-7.6926,53.28823,2021/04/14 23:00:00+00,Thu 15 Apr 2021,27098,10777,1,853457,364250,181,853638,364431,18.1281558544265,7.73918448591149,434
