X,Y,VaccinationDate,VaccineText,Dose1,Dose2,SingleDose,Dose1Cum,Dose2Cum,SingleDoseCum,PartiallyVacc,FullyVacc,PartialPercent,FullyPercent,ObjectId
-7.6926,53.28823,2021/07/19 23:00:00+00,Tue 20 Jul 2021,30458,17976,7670,2896416,2388176,180694,3077110,2568870,65.3465867981678,54.5534239686619,1
-7.6926,53.28823,2021/07/20 23:00:00+00,Wed 21 Jul 2021,30199,19650,6855,2926615,2407826,187549,3114164,2595375,66.1334785333412,55.1162934413442,2
-7.6926,53.28823,2021/07/21 23:00:00+00,Thu 22 Jul 2021,33418,15737,6903,2960033,2423563,194452,3154485,2618015,66.9897494259284,55.5970844189533,3
-7.6926,53.28823,2021/07/22 23:00:00+00,Fri 23 Jul 2021,26979,20659,5575,2987012,2444222,200027,3187039,2644249,67.6810775833967,56.1541988406227,4
-7.6926,53.28823,2021/07/23 23:00:00+00,Sat 24 Jul 2021,15354,14653,2244,3002366,2458875,202271,3204637,2661146,68.054794881275,56.5130294567296,5
-7.6926,53.28823,2021/07/24 23:00:00+00,Sun 25 Jul 2021,14657,13542,1027,3017023,2472417,203298,3220321,2675715,68.3878658041027,56.8224218486371,6
-7.6926,53.28823,2021/07/25 23:00:00+00,Mon 26 Jul 2021,23735,18053,3390,3040758,2490470,206688,3247446,2697158,68.9639018141577,57.2777929145766,7
-7.6926,53.28823,2021/07/26 23:00:00+00,Tue 27 Jul 2021,25372,23665,3637,3066130,2514135,210325,3276455,2724460,69.5799471087452,57.8575877586879,8
-7.6926,53.28823,2021/07/27 23:00:00+00,Wed 28 Jul 2021,23341,25081,3235,3089471,2539216,213560,3303031,2752776,70.1443243623202,58.4589162623089,9
-7.6926,53.28823,2021/07/28 23:00:00+00,Thu 29 Jul 2021,19164,27681,2937,3108635,2566897,216497,3325132,2783394,70.6136689469552,59.1091308450135,10
-7.6926,53.28823,2021/07/29 23:00:00+00,Fri 30 Jul 2021,21839,22731,2087,3130474,2589628,218584,3349058,2808212,71.1217698714373,59.6361745942317,11
-7.6926,53.28823,2021/07/30 23:00:00+00,Sat 31 Jul 2021,13663,12329,894,3144137,2601957,219478,3363615,2821435,71.4309074271375,59.9169828582302,12
-7.6926,53.28823,2021/07/31 23:00:00+00,Sun 01 Aug 2021,11017,9217,358,3155154,2611174,219836,3374990,2831010,71.6724709152251,60.1203209152357,13
-7.6926,53.28823,2021/08/01 23:00:00+00,Mon 02 Aug 2021,14933,15819,409,3170087,2626993,220245,3390332,2847238,71.9982790061473,60.4649444127905,14
-7.6926,53.28823,2021/08/02 23:00:00+00,Tue 03 Aug 2021,17251,25258,1091,3187338,2652251,221336,3408674,2873587,72.3877961488728,61.024501014779,15
-7.6926,53.28823,2021/08/03 23:00:00+00,Wed 04 Aug 2021,22014,17095,1559,3209352,2669346,222895,3432247,2892241,72.8884006415926,61.420643898892,16
-7.6926,53.28823,2021/08/04 23:00:00+00,Thu 05 Aug 2021,13439,29870,1411,3222791,2699216,224306,3447097,2923522,73.203760448019,62.0849381820452,17
-7.6926,53.28823,2021/08/05 23:00:00+00,Fri 06 Aug 2021,12099,24583,933,3234890,2723799,225239,3460129,2949038,73.4805125690526,62.626804903983,18
-7.6926,53.28823,2021/08/06 23:00:00+00,Sat 07 Aug 2021,6295,8316,569,3241185,2732115,225808,3466993,2957923,73.6262788795786,62.8154898790739,19
-7.6926,53.28823,2021/08/07 23:00:00+00,Sun 08 Aug 2021,8573,11870,149,3249758,2743985,225957,3475715,2969942,73.8115023295215,63.0707295769485,20
-7.6926,53.28823,2021/08/08 23:00:00+00,Mon 09 Aug 2021,5478,22850,591,3255236,2766835,226548,3481784,2993383,73.9403857413196,63.5685308713891,21
-7.6926,53.28823,2021/08/09 23:00:00+00,Tue 10 Aug 2021,9260,25821,694,3264496,2792656,227242,3491738,3019898,74.151772375203,64.1316127075774,22
-7.6926,53.28823,2021/08/10 23:00:00+00,Wed 11 Aug 2021,6937,31032,642,3271433,2823688,227884,3499317,3051572,74.3127226764088,64.8042528765168,23
-7.6926,53.28823,2021/08/11 23:00:00+00,Thu 12 Aug 2021,6686,38131,854,3278119,2861819,228738,3506857,3090557,74.4728447599411,65.6321520047009,24
-7.6926,53.28823,2021/08/12 23:00:00+00,Fri 13 Aug 2021,10845,28092,851,3288964,2889911,229589,3518553,3119500,74.7212251165716,66.2467957001487,25
-7.6926,53.28823,2021/08/13 23:00:00+00,Sat 14 Aug 2021,18070,5735,270,3307034,2895646,229859,3536893,3125505,75.1106997865959,66.3743199855083,26
-7.6926,53.28823,2021/08/14 23:00:00+00,Sun 15 Aug 2021,16961,3655,41,3323995,2899301,229900,3553895,3129201,75.4717602195159,66.45280953733,27
-7.6926,53.28823,2021/08/15 23:00:00+00,Mon 16 Aug 2021,10133,22997,370,3334128,2922298,230270,3564398,3152568,75.6948056098793,66.949039341826,28
-7.6926,53.28823,2021/08/16 23:00:00+00,Tue 17 Aug 2021,12827,26731,520,3346955,2949029,230790,3577745,3179819,75.9782471813523,67.5277511320567,29
-7.6926,53.28823,2021/08/17 23:00:00+00,Wed 18 Aug 2021,15172,25632,650,3362127,2974661,231440,3593567,3206101,76.314248720563,68.085884898555,30
-7.6926,53.28823,2021/08/18 23:00:00+00,Thu 19 Aug 2021,11322,25569,535,3373449,3000230,231975,3605424,3232205,76.5660481296403,68.6402385946463,31
-7.6926,53.28823,2021/08/19 23:00:00+00,Fri 20 Aug 2021,14785,22117,675,3388234,3022347,232650,3620884,3254997,76.8943621099334,69.1242574975467,32
-7.6926,53.28823,2021/08/20 23:00:00+00,Sat 21 Aug 2021,11823,7880,235,3400057,3030227,232885,3632942,3263112,77.1504300254815,69.2965904826746,33
-7.6926,53.28823,2021/08/21 23:00:00+00,Sun 22 Aug 2021,7989,12199,157,3408046,3042426,233042,3641088,3275468,77.3234213374781,69.5589868307019,34
-7.6926,53.28823,2021/08/22 23:00:00+00,Mon 23 Aug 2021,10828,15240,280,3418874,3057666,233322,3652196,3290988,77.5593147199552,69.8885749920311,35
-7.6926,53.28823,2021/08/23 23:00:00+00,Tue 24 Aug 2021,9706,22792,382,3428580,3080458,233704,3662284,3314162,77.7735470248191,70.3807061808611,36
-7.6926,53.28823,2021/08/24 23:00:00+00,Wed 25 Aug 2021,9374,19386,307,3437954,3099844,234011,3671965,3333855,77.9791361349884,70.7989136332486,37
-7.6926,53.28823,2021/08/25 23:00:00+00,Thu 26 Aug 2021,8534,19326,364,3446488,3119170,234375,3680863,3353545,78.1680971826371,71.2170573765844,38
-7.6926,53.28823,2021/08/26 23:00:00+00,Fri 27 Aug 2021,9672,19102,428,3456160,3138272,234803,3690963,3373075,78.3825843237082,71.631803303824,39
-7.6926,53.28823,2021/08/27 23:00:00+00,Sat 28 Aug 2021,9894,7841,150,3466054,3146113,234953,3701007,3381066,78.5958822291457,71.8015029814774,40
-7.6926,53.28823,2021/08/28 23:00:00+00,Sun 29 Aug 2021,8786,9150,26,3474840,3155263,234979,3709819,3390242,78.7830169506427,71.9963677345932,41
-7.6926,53.28823,2021/08/29 23:00:00+00,Mon 30 Aug 2021,5029,11021,80,3479869,3166284,235059,3714928,3401343,78.8915134658637,72.2321124626161,42
-7.6926,53.28823,2021/08/30 23:00:00+00,Tue 31 Aug 2021,4027,12767,140,3483896,3179051,235199,3719095,3414250,78.9800053388185,72.5062100398245,43
-7.6926,53.28823,2021/08/31 23:00:00+00,Wed 01 Sep 2021,4911,12439,178,3488807,3191490,235377,3724184,3426867,79.0880771270276,72.7741490753587,44
-7.6926,53.28823,2021/09/01 23:00:00+00,Thu 02 Sep 2021,4978,12283,243,3493785,3203773,235620,3729405,3439393,79.1989521135159,73.0401556029881,45
-7.6926,53.28823,2021/09/02 23:00:00+00,Fri 03 Sep 2021,4739,15972,160,3498524,3219745,235780,3734304,3455525,79.3029889951108,73.3827404108852,46
-7.6926,53.28823,2021/09/03 23:00:00+00,Sat 04 Sep 2021,4607,10531,131,3503131,3230276,235911,3739042,3466187,79.4036068242588,73.6091623809941,47
-7.6926,53.28823,2021/09/04 23:00:00+00,Sun 05 Sep 2021,5299,11858,1,3508430,3242134,235912,3744342,3478046,79.5161594824446,73.8610042627727,48
-7.6926,53.28823,2020/12/28 00:00:00+00,Mon 28 Dec 2020,163,27,4,163,27,4,167,31,0.00354647055038462,0.000658326868634271,49
-7.6926,53.28823,2021/09/05 23:00:00+00,Mon 06 Sep 2021,2129,9615,71,3510559,3251749,235983,3746542,3487732,79.5628794537671,74.066699554695,50
-7.6926,53.28823,2021/09/06 23:00:00+00,Tue 07 Sep 2021,3017,9928,151,3513576,3261677,236134,3749710,3497811,79.6301562124714,74.2807407324035,51
-7.6926,53.28823,2021/09/07 23:00:00+00,Wed 08 Sep 2021,2582,14734,184,3516158,3276411,236318,3752476,3512729,79.688895958234,74.5975446106708,52
-7.6926,53.28823,2021/09/08 23:00:00+00,Thu 09 Sep 2021,3093,14737,136,3519251,3291148,236454,3755705,3527602,79.757468134325,74.913392853161,53
-7.6926,53.28823,2021/09/09 23:00:00+00,Fri 10 Sep 2021,3356,13888,112,3522607,3305036,236566,3759173,3541602,79.8311157982097,75.2107017615765,54
-7.6926,53.28823,2021/09/10 23:00:00+00,Sat 11 Sep 2021,2543,11269,58,3525150,3316305,236624,3761774,3552929,79.8863515461231,75.4512459048352,55
-7.6926,53.28823,2021/09/11 23:00:00+00,Sun 12 Sep 2021,2025,12854,1,3527175,3329159,236625,3763800,3565784,79.929376392441,75.7242391918124,56
-7.6926,53.28823,2021/09/12 23:00:00+00,Mon 13 Sep 2021,1586,7682,49,3528761,3336841,236674,3765435,3573515,79.9640978256738,75.8884174183096,57
-7.6926,53.28823,2021/09/13 23:00:00+00,Tue 14 Sep 2021,1527,10724,80,3530288,3347565,236754,3767042,3584319,79.9982246410897,76.1178549502039,58
-7.6926,53.28823,2021/09/14 23:00:00+00,Wed 15 Sep 2021,3255,12357,133,3533543,3359922,236887,3770430,3596809,80.0701733969263,76.3830969692117,59
-7.6926,53.28823,2021/09/15 23:00:00+00,Thu 16 Sep 2021,1890,10546,110,3535433,3370468,236997,3772430,3607465,80.1126460981285,76.6093915212171,60
-7.6926,53.28823,2021/09/16 23:00:00+00,Fri 17 Sep 2021,2546,14558,89,3537979,3385026,237086,3775065,3622112,80.1686038819624,76.9204403484715,61
-7.6926,53.28823,2021/09/17 23:00:00+00,Sat 18 Sep 2021,2273,11197,42,3540252,3396223,237128,3777380,3633351,80.217766033604,77.1591156928774,62
-7.6926,53.28823,2021/09/18 23:00:00+00,Sun 19 Sep 2021,1855,8474,11,3542107,3404697,237139,3779246,3641836,80.2573930638256,77.3393061277277,63
-7.6926,53.28823,2021/09/19 23:00:00+00,Mon 20 Sep 2021,940,5577,33,3543047,3410274,237172,3780219,3647446,80.2780560329605,77.4584420545999,64
-7.6926,53.28823,2021/09/20 23:00:00+00,Tue 21 Sep 2021,1449,6620,90,3544496,3416894,237262,3781758,3654156,80.3107387765356,77.6009379671333,65
-7.6926,53.28823,2021/09/21 23:00:00+00,Wed 22 Sep 2021,1888,8092,95,3546384,3424986,237357,3783741,3662343,80.3528504597776,77.7747999695046,66
-7.6926,53.28823,2021/09/22 23:00:00+00,Thu 23 Sep 2021,1687,8721,87,3548071,3433707,237444,3785515,3671151,80.390523745744,77.9618497455991,67
-7.6926,53.28823,2021/09/23 23:00:00+00,Fri 24 Sep 2021,1904,7344,79,3549975,3441051,237523,3787498,3678574,80.432635428986,78.1194871761112,68
-7.6926,53.28823,2021/09/24 23:00:00+00,Sat 25 Sep 2021,2402,6564,51,3552377,3447615,237574,3789951,3685189,80.4847281970105,78.2599656353375,69
-7.6926,53.28823,2021/09/25 23:00:00+00,Sun 26 Sep 2021,1537,7085,0,3553914,3454700,237574,3791488,3692274,80.5173684678844,78.4104251793463,70
-7.6926,53.28823,2021/09/26 23:00:00+00,Mon 27 Sep 2021,1166,3751,45,3555080,3458451,237619,3792699,3696070,80.5430856884623,78.4910383662281,71
-7.6926,53.28823,2021/09/27 23:00:00+00,Tue 28 Sep 2021,1436,5083,91,3556516,3463534,237710,3794226,3701244,80.5755135958302,78.6009152442382,72
-7.6926,53.28823,2021/09/28 23:00:00+00,Wed 29 Sep 2021,1641,3565,76,3558157,3467099,237786,3795943,3704885,80.6119764098123,78.6782367967768,73
-7.6926,53.28823,2021/09/29 23:00:00+00,Thu 30 Sep 2021,1274,3918,77,3559431,3471017,237863,3797294,3708880,80.6406667194744,78.7630760174282,74
-7.6926,53.28823,2021/09/30 23:00:00+00,Fri 01 Oct 2021,1833,5126,41,3561264,3476143,237904,3799168,3714047,80.6804636405009,78.8728042409842,75
-7.6926,53.28823,2021/10/01 23:00:00+00,Sat 02 Oct 2021,1706,4048,39,3562970,3480191,237943,3800913,3718134,80.7175210722998,78.9595972058909,76
-7.6926,53.28823,2021/10/02 23:00:00+00,Sun 03 Oct 2021,1201,2996,9,3564171,3483187,237952,3802123,3721139,80.7432170565271,79.0234124394472,77
-7.6926,53.28823,2021/10/03 23:00:00+00,Mon 04 Oct 2021,332,1194,17,3564503,3484381,237969,3802472,3722350,80.7506285428869,79.0491296600251,78
-7.6926,53.28823,2021/10/04 23:00:00+00,Tue 05 Oct 2021,959,2778,69,3565462,3487159,238038,3803500,3725197,80.7724595113048,79.1095895501865,79
-7.6926,53.28823,2021/10/05 23:00:00+00,Wed 06 Oct 2021,976,2518,35,3566438,3489677,238073,3804511,3727750,80.7939294617626,79.1638059532711,80
-7.6926,53.28823,2021/10/06 23:00:00+00,Thu 07 Oct 2021,1207,2649,43,3567645,3492326,238116,3805761,3730442,80.8204749000139,79.2209742090893,81
-7.6926,53.28823,2021/10/07 23:00:00+00,Fri 08 Oct 2021,978,2728,45,3568623,3495054,238161,3806784,3733215,80.8421996866789,79.2798626093062,82
-7.6926,53.28823,2021/10/08 23:00:00+00,Sat 09 Oct 2021,726,2340,20,3569349,3497394,238181,3807530,3735575,80.8580420042273,79.3299803967248,83
-7.6926,53.28823,2021/10/09 23:00:00+00,Sun 10 Oct 2021,1526,3901,0,3570875,3501295,238181,3809056,3739476,80.8904486752446,79.4128234004197,84
-7.6926,53.28823,2021/10/10 23:00:00+00,Mon 11 Oct 2021,329,1087,13,3571204,3502382,238194,3809398,3740576,80.8977115071502,79.4361833860809,85
-7.6926,53.28823,2021/10/11 23:00:00+00,Tue 12 Oct 2021,560,1574,20,3571764,3503956,238214,3809978,3742170,80.9100285904988,79.470034128939,86
-7.6926,53.28823,2021/10/12 23:00:00+00,Wed 13 Oct 2021,1032,2001,9,3572796,3505957,238223,3811019,3744180,80.9321356314746,79.5127191936473,87
-7.6926,53.28823,2021/10/13 23:00:00+00,Thu 14 Oct 2021,700,1543,7,3573496,3507500,238230,3811726,3745730,80.9471497313495,79.545635537079,88
-7.6926,53.28823,2021/10/14 23:00:00+00,Fri 15 Oct 2021,953,2016,7,3574449,3509516,238237,3812686,3747753,80.9675366279266,79.588596674345,89
-7.6926,53.28823,2021/10/15 23:00:00+00,Sat 16 Oct 2021,1371,2608,11,3575820,3512124,238248,3814068,3750372,80.9968852644573,79.6442146765693,90
-7.6926,53.28823,2021/10/16 23:00:00+00,Sun 17 Oct 2021,1708,2877,2,3577528,3515001,238250,3815778,3753251,81.0331994239852,79.7053541299499,91
-7.6926,53.28823,2021/10/17 23:00:00+00,Mon 18 Oct 2021,668,1183,4,3578196,3516184,238254,3816450,3754438,81.0474702515892,79.7305616781134,92
-7.6926,53.28823,2021/10/18 23:00:00+00,Tue 19 Oct 2021,1328,1744,10,3579524,3517928,238264,3817788,3756192,81.0758844886934,79.7678102370677,93
-7.6926,53.28823,2021/10/19 23:00:00+00,Wed 20 Oct 2021,2244,2274,0,3581768,3520202,238264,3820032,3758466,81.1235388594423,79.8161016983347,94
-7.6926,53.28823,2021/10/20 23:00:00+00,Thu 21 Oct 2021,1750,1775,10,3583518,3521977,238274,3821792,3760251,81.1609148365003,79.8540085841576,95
-7.6926,53.28823,2021/10/21 23:00:00+00,Fri 22 Oct 2021,1493,1888,1,3585011,3523865,238275,3823286,3762140,81.1926419442983,79.8941240504431,96
-7.6926,53.28823,2021/10/22 23:00:00+00,Sat 23 Oct 2021,2006,1667,0,3587017,3525532,238275,3825292,3763807,81.2352420636041,79.9295250468952,97
-7.6926,53.28823,2021/10/23 23:00:00+00,Sun 24 Oct 2021,1943,2172,2,3588960,3527704,238277,3827237,3765981,81.2765467655233,79.975692873102,98
-7.6926,53.28823,2021/10/24 23:00:00+00,Mon 25 Oct 2021,1215,814,1,3590175,3528518,238278,3828453,3766796,81.3023701678542,79.9930004988419,99
-7.6926,53.28823,2021/10/25 23:00:00+00,Tue 26 Oct 2021,1238,1175,6,3591413,3529693,238284,3829697,3767977,81.328788188002,80.0180806289018,100
-7.6926,53.28823,2021/10/26 23:00:00+00,Wed 27 Oct 2021,1551,1388,4,3592964,3531081,238288,3831252,3769369,81.3618107131867,80.0476416289385,101
-7.6926,53.28823,2021/10/27 23:00:00+00,Thu 28 Oct 2021,2143,1652,2,3595107,3532733,238290,3833397,3771023,81.4073626852261,80.0827665528328,102
-7.6926,53.28823,2021/10/28 23:00:00+00,Fri 29 Oct 2021,2131,1324,0,3597238,3534057,238290,3835528,3772347,81.4526173483571,80.1108834810286,103
-7.6926,53.28823,2020/12/29 00:00:00+00,Tue 29 Dec 2020,71,1,0,234,28,4,238,32,0.00505425144306311,0.000679563219235377,104
-7.6926,53.28823,2020/12/30 00:00:00+00,Wed 30 Dec 2020,1052,0,0,1286,28,4,1290,32,0.0273948922754261,0.000679563219235377,105
-7.6926,53.28823,2020/12/31 00:00:00+00,Thu 31 Dec 2020,1026,1,0,2312,29,4,2316,33,0.0491833879921604,0.000700799569836482,106
-7.6926,53.28823,2021/01/01 00:00:00+00,Fri 01 Jan 2021,806,0,0,3118,29,4,3122,33,0.0662998865766514,0.000700799569836482,107
-7.6926,53.28823,2021/01/02 00:00:00+00,Sat 02 Jan 2021,1014,0,0,4132,29,4,4136,33,0.0878335460861724,0.000700799569836482,108
-7.6926,53.28823,2021/01/03 00:00:00+00,Sun 03 Jan 2021,18,2,0,4150,31,4,4154,35,0.0882158003969923,0.000743272271038693,109
-7.6926,53.28823,2021/01/04 00:00:00+00,Mon 04 Jan 2021,1185,3,0,5335,34,4,5339,38,0.113380875859302,0.00080698132284201,110
-7.6926,53.28823,2021/01/05 00:00:00+00,Tue 05 Jan 2021,3509,5,0,8844,39,4,8848,43,0.187899230118582,0.000913163075847537,111
-7.6926,53.28823,2021/01/06 00:00:00+00,Wed 06 Jan 2021,6757,6,0,15601,45,4,15605,49,0.331393251130252,0.00104058117945417,112
-7.6926,53.28823,2021/01/07 00:00:00+00,Thu 07 Jan 2021,11708,7,0,27309,52,4,27313,56,0.580028443967995,0.00118923563366191,113
-7.6926,53.28823,2021/01/08 00:00:00+00,Fri 08 Jan 2021,12663,5,0,39972,57,4,39976,61,0.848944351629794,0.00129541738666744,114
-7.6926,53.28823,2021/01/09 00:00:00+00,Sat 09 Jan 2021,8068,4,0,48040,61,4,48044,65,1.02027922827951,0.00138036278907186,115
-7.6926,53.28823,2021/01/10 00:00:00+00,Sun 10 Jan 2021,4762,3,1,52802,64,5,52807,69,1.12142796619258,0.00146530819147628,116
-7.6926,53.28823,2021/01/11 00:00:00+00,Mon 11 Jan 2021,8326,6,0,61128,70,5,61133,75,1.29824182129738,0.00159272629508291,117
-7.6926,53.28823,2021/01/12 00:00:00+00,Tue 12 Jan 2021,8857,7,0,69985,77,5,69990,82,1.48633217857138,0.00174138074929065,118
-7.6926,53.28823,2021/01/13 00:00:00+00,Wed 13 Jan 2021,9865,5,0,79850,82,5,79855,87,1.69582877725128,0.00184756250229618,119
-7.6926,53.28823,2021/01/14 00:00:00+00,Thu 14 Jan 2021,8052,3,0,87902,85,5,87907,90,1.86682387229138,0.0019112715540995,120
-7.6926,53.28823,2021/01/15 00:00:00+00,Fri 15 Jan 2021,7664,3,0,95566,88,5,95571,93,2.02957926329826,0.00197498060590281,121
-7.6926,53.28823,2021/01/16 00:00:00+00,Sat 16 Jan 2021,5210,3,0,100776,91,5,100781,96,2.14022064993002,0.00203868965770613,122
-7.6926,53.28823,2021/01/17 00:00:00+00,Sun 17 Jan 2021,1104,4,0,101880,95,5,101885,100,2.16366558099364,0.00212363506011055,123
-7.6926,53.28823,2021/01/18 00:00:00+00,Mon 18 Jan 2021,8681,5,0,110561,100,5,110566,105,2.34801834056183,0.00222981681311608,124
-7.6926,53.28823,2021/01/19 00:00:00+00,Tue 19 Jan 2021,8362,17,0,118923,117,5,118928,122,2.52559670428828,0.00259083477333487,125
-7.6926,53.28823,2021/01/20 00:00:00+00,Wed 20 Jan 2021,8429,957,0,127352,1074,5,127357,1079,2.704597903505,0.0229140222985929,126
-7.6926,53.28823,2021/01/21 00:00:00+00,Thu 21 Jan 2021,8962,957,0,136314,2031,5,136319,2036,2.8949180775921,0.0432372098238508,127
-7.6926,53.28823,2021/01/22 00:00:00+00,Fri 22 Jan 2021,6741,964,0,143055,2995,5,143060,3000,3.03807231699416,0.0637090518033166,128
-7.6926,53.28823,2021/01/23 00:00:00+00,Sat 23 Jan 2021,4164,456,0,147219,3451,5,147224,3456,3.12650048089716,0.0733928276774207,129
-7.6926,53.28823,2021/01/24 00:00:00+00,Sun 24 Jan 2021,1174,397,0,148393,3848,5,148398,3853,3.15143195650286,0.0818236588660596,130
-7.6926,53.28823,2021/01/25 00:00:00+00,Mon 25 Jan 2021,1340,1283,0,149733,5131,5,149738,5136,3.17988866630834,0.109069896687278,131
-7.6926,53.28823,2021/01/26 00:00:00+00,Tue 26 Jan 2021,988,3496,0,150721,8627,5,150726,8632,3.20087018070223,0.183312178388743,132
-7.6926,53.28823,2021/01/27 00:00:00+00,Wed 27 Jan 2021,2146,6696,0,152867,15323,5,152872,15328,3.2464433890922,0.325510782013745,133
-7.6926,53.28823,2021/01/28 00:00:00+00,Thu 28 Jan 2021,964,11534,0,153831,26857,5,153836,26862,3.26691523107167,0.570450849846897,134
-7.6926,53.28823,2021/01/29 00:00:00+00,Fri 29 Jan 2021,1546,11523,0,155377,38380,5,155382,38385,3.29974662910098,0.815157317823435,135
-7.6926,53.28823,2021/01/30 00:00:00+00,Sat 30 Jan 2021,609,7795,0,155986,46175,5,155991,46180,3.31267956661705,0.980694670759053,136
-7.6926,53.28823,2021/01/31 00:00:00+00,Sun 31 Jan 2021,207,4083,0,156193,50258,5,156198,50263,3.31707549119148,1.06740269026337,137
-7.6926,53.28823,2021/02/01 00:00:00+00,Mon 01 Feb 2021,993,8333,0,157186,58591,5,157191,58596,3.33816318733838,1.24436519982238,138
-7.6926,53.28823,2021/02/02 00:00:00+00,Tue 02 Feb 2021,812,5099,0,157998,63690,5,158003,63695,3.35540710402648,1.35264935153742,139
-7.6926,53.28823,2021/02/03 00:00:00+00,Wed 03 Feb 2021,1375,6862,0,159373,70552,5,159378,70557,3.384607086103,1.4983731893622,140
-7.6926,53.28823,2021/02/04 00:00:00+00,Thu 04 Feb 2021,1399,10532,0,160772,81084,5,160777,81089,3.41431674059394,1.72203443389305,141
-7.6926,53.28823,2021/02/05 00:00:00+00,Fri 05 Feb 2021,3361,8605,0,164133,89689,5,164138,89694,3.48569211496426,1.90477323081556,142
-7.6926,53.28823,2021/02/06 00:00:00+00,Sat 06 Feb 2021,880,3864,0,165013,93553,5,165018,93558,3.50438010349323,1.98683048953823,143
-7.6926,53.28823,2021/02/07 00:00:00+00,Sun 07 Feb 2021,309,1295,1,165322,94848,6,165328,94854,3.51096337217957,2.01435279991726,144
-7.6926,53.28823,2021/02/08 00:00:00+00,Mon 08 Feb 2021,1143,870,0,166465,95718,6,166471,95724,3.53523652091664,2.03282842494023,145
-7.6926,53.28823,2021/02/09 00:00:00+00,Tue 09 Feb 2021,4215,531,1,170680,96249,7,170687,96256,3.6247689750509,2.04412616346001,146
-7.6926,53.28823,2021/02/10 00:00:00+00,Wed 10 Feb 2021,8791,577,0,179471,96826,7,179478,96833,3.81145773318522,2.05637953775685,147
-7.6926,53.28823,2021/02/11 00:00:00+00,Thu 11 Feb 2021,6151,436,0,185622,97262,7,185629,97269,3.94208252573262,2.06563858661893,148
-7.6926,53.28823,2021/02/12 00:00:00+00,Fri 12 Feb 2021,4364,516,0,189986,97778,7,189993,97785,4.03475795975584,2.0765965435291,149
-7.6926,53.28823,2021/02/13 00:00:00+00,Sat 13 Feb 2021,1194,1910,0,191180,99688,7,191187,99695,4.06011416237356,2.11715797317721,150
-7.6926,53.28823,2021/02/14 00:00:00+00,Sun 14 Feb 2021,2683,22,0,193863,99710,7,193870,99717,4.11709129103633,2.11762517289044,151
-7.6926,53.28823,2021/02/15 00:00:00+00,Mon 15 Feb 2021,1935,7872,0,195798,107582,7,195805,107589,4.15818362944947,2.28479772482234,152
-7.6926,53.28823,2021/02/16 00:00:00+00,Tue 16 Feb 2021,5611,8152,0,201409,115734,7,201416,115741,4.27734079267227,2.45791645492255,153
-7.6926,53.28823,2021/02/17 00:00:00+00,Wed 17 Feb 2021,9706,8458,0,211115,124192,7,211122,124199,4.4834608116066,2.6375335083067,154
-7.6926,53.28823,2021/02/18 00:00:00+00,Thu 18 Feb 2021,8445,8337,0,219560,132529,7,219567,132536,4.66280179243294,2.81458096326812,155
-7.6926,53.28823,2021/02/19 00:00:00+00,Fri 19 Feb 2021,9366,6576,0,228926,139105,7,228933,139112,4.86170145216289,2.95423120482099,156
-7.6926,53.28823,2021/02/20 00:00:00+00,Sat 20 Feb 2021,5866,3564,1,234792,142669,8,234800,142677,4.98629512113958,3.02993879471393,157
-7.6926,53.28823,2021/02/21 00:00:00+00,Sun 21 Feb 2021,1097,1017,4,235889,143686,12,235901,143698,5.00967634315139,3.05162110867766,158
-7.6926,53.28823,2021/02/22 00:00:00+00,Mon 22 Feb 2021,3923,1109,1,239812,144795,13,239825,144808,5.09300778291013,3.07519345784489,159
-7.6926,53.28823,2021/02/23 00:00:00+00,Tue 23 Feb 2021,13338,1056,0,253150,145851,13,253163,145864,5.37625822722768,3.09761904407966,160
-7.6926,53.28823,2021/02/24 00:00:00+00,Wed 24 Feb 2021,16906,2091,2,270056,147942,15,270071,147957,5.73532244319117,3.14206672588777,161
-7.6926,53.28823,2021/02/25 00:00:00+00,Thu 25 Feb 2021,18042,1744,2,288098,149686,17,288115,149703,6.11851115343752,3.1791453940373,162
-7.6926,53.28823,2021/02/26 00:00:00+00,Fri 26 Feb 2021,16058,2754,0,304156,152440,17,304173,152457,6.45952447139007,3.23763030359274,163
-7.6926,53.28823,2021/02/27 00:00:00+00,Sat 27 Feb 2021,8965,700,1,313121,153140,18,313139,153158,6.64992959087958,3.25251698536412,164
-7.6926,53.28823,2021/02/28 00:00:00+00,Sun 28 Feb 2021,2424,47,1,315545,153187,19,315564,153206,6.70142774108726,3.25353633019297,165
-7.6926,53.28823,2021/03/01 00:00:00+00,Mon 01 Mar 2021,5558,780,0,321103,153967,19,321122,153986,6.81945937772821,3.27010068366183,166
-7.6926,53.28823,2021/03/02 00:00:00+00,Tue 02 Mar 2021,12149,1599,0,333252,155566,19,333271,155585,7.07745980118104,3.304057608273,167
-7.6926,53.28823,2021/03/03 00:00:00+00,Wed 03 Mar 2021,12840,1492,1,346092,157058,20,346112,157078,7.35015577924983,3.33576347972045,168
-7.6926,53.28823,2021/03/04 00:00:00+00,Thu 04 Mar 2021,18702,1679,3,364794,158737,23,364817,158760,7.74738171724351,3.37148302143151,169
-7.6926,53.28823,2021/03/05 00:00:00+00,Fri 05 Mar 2021,18400,2386,5,383194,161123,28,383222,161151,8.13823675005686,3.42225913571876,170
-7.6926,53.28823,2021/03/06 00:00:00+00,Sat 06 Mar 2021,10410,130,2,393604,161253,30,393634,161283,8.35934963251557,3.4250623339981,171
-7.6926,53.28823,2021/03/07 00:00:00+00,Sun 07 Mar 2021,1500,8,1,395104,161261,31,395135,161292,8.39122539476783,3.42525346115351,172
-7.6926,53.28823,2021/03/08 00:00:00+00,Mon 08 Mar 2021,6626,1483,3,401730,162744,34,401764,162778,8.53200116290256,3.45681067814675,173
-7.6926,53.28823,2021/03/09 00:00:00+00,Tue 09 Mar 2021,13775,3087,2,415505,165831,36,415541,165867,8.82457436513399,3.52240976515357,174
-7.6926,53.28823,2021/03/10 00:00:00+00,Wed 10 Mar 2021,13674,3969,3,429179,169800,39,429218,169839,9.11502393230531,3.60676054974116,175
-7.6926,53.28823,2021/03/11 00:00:00+00,Thu 11 Mar 2021,18411,2089,1,447590,171889,40,447630,171929,9.50602761957287,3.65114452249747,176
-7.6926,53.28823,2021/03/12 00:00:00+00,Fri 12 Mar 2021,17276,1324,2,464866,173213,42,464908,173255,9.87294928525877,3.67930392339454,177
-7.6926,53.28823,2021/03/13 00:00:00+00,Sat 13 Mar 2021,8246,166,0,473112,173379,42,473154,173421,10.0480642323155,3.68282915759432,178
-7.6926,53.28823,2021/03/14 00:00:00+00,Sun 14 Mar 2021,361,14,1,473473,173393,43,473516,173436,10.0557517912331,3.68314770285334,179
-7.6926,53.28823,2021/03/15 00:00:00+00,Mon 15 Mar 2021,2598,981,0,476071,174374,43,476114,174417,10.1109238300948,3.70398056279302,180
-7.6926,53.28823,2021/03/16 00:00:00+00,Tue 16 Mar 2021,8896,3803,0,484967,178177,43,485010,178220,10.2998424050422,3.78474240412903,181
-7.6926,53.28823,2021/03/17 00:00:00+00,Wed 17 Mar 2021,4851,2401,6,489818,180578,49,489867,180627,10.4029873599118,3.83585830002589,182
-7.6926,53.28823,2021/03/18 00:00:00+00,Thu 18 Mar 2021,11667,4668,2,501485,185246,51,501536,185297,10.6507943350761,3.93503205733305,183
-7.6926,53.28823,2021/03/19 00:00:00+00,Fri 19 Mar 2021,10302,6102,1,511787,191348,52,511839,191400,10.8695924553192,4.0646375050516,184
-7.6926,53.28823,2021/03/20 00:00:00+00,Sat 20 Mar 2021,5187,3107,2,516974,194455,54,517028,194509,10.9797878785884,4.13066131907043,185
-7.6926,53.28823,2021/03/21 00:00:00+00,Sun 21 Mar 2021,3598,44,2,520572,194499,56,520628,194555,11.0562387407524,4.13163819119809,186
-7.6926,53.28823,2021/03/22 00:00:00+00,Mon 22 Mar 2021,7348,2387,0,527920,196886,56,527976,196942,11.2122834449693,4.18232936008292,187
-7.6926,53.28823,2021/03/23 00:00:00+00,Tue 23 Mar 2021,12509,7369,3,540429,204255,59,540488,204314,11.4779926636903,4.33888373671427,188
-7.6926,53.28823,2021/03/24 00:00:00+00,Wed 24 Mar 2021,13557,9759,1,553986,214014,60,554046,214074,11.7659151051401,4.54615051858106,189
-7.6926,53.28823,2021/03/25 00:00:00+00,Thu 25 Mar 2021,20800,10202,2,574786,224216,62,574848,224278,12.2076736703443,4.76284624011474,190
-7.6926,53.28823,2021/03/26 00:00:00+00,Fri 26 Mar 2021,19646,9464,1,594432,233680,63,594495,233743,12.6249042506042,4.96384829855421,191
-7.6926,53.28823,2021/03/27 00:00:00+00,Sat 27 Mar 2021,11688,5320,0,606120,239000,63,606183,239063,12.8731147164299,5.07682568375209,192
-7.6926,53.28823,2021/03/28 00:00:00+00,Sun 28 Mar 2021,2449,475,0,608569,239475,63,608632,239538,12.9251225390521,5.08691295028761,193
-7.6926,53.28823,2021/03/28 23:00:00+00,Mon 29 Mar 2021,9205,3091,3,617774,242566,66,617840,242632,13.120666855387,5.15261821904743,194
-7.6926,53.28823,2021/03/29 23:00:00+00,Tue 30 Mar 2021,13272,8644,2,631046,251210,68,631114,251278,13.4025581732661,5.33622770634459,195
-7.6926,53.28823,2021/03/30 23:00:00+00,Wed 31 Mar 2021,15741,10465,2,646787,261675,70,646857,261745,13.7368820407793,5.55850858808636,196
-7.6926,53.28823,2021/03/31 23:00:00+00,Thu 01 Apr 2021,19617,11596,5,666404,273271,75,666479,273346,14.1535817122742,5.80487149140979,197
-7.6926,53.28823,2021/04/01 23:00:00+00,Fri 02 Apr 2021,20072,13700,4,686476,286971,79,686555,287050,14.579922686942,6.09589444004734,198
-7.6926,53.28823,2021/04/02 23:00:00+00,Sat 03 Apr 2021,7496,4615,3,693972,291586,82,694054,291668,14.7391740800997,6.19396390712325,199
-7.6926,53.28823,2021/04/03 23:00:00+00,Sun 04 Apr 2021,2986,163,0,696958,291749,82,697040,291831,14.8025858229946,6.19742543227123,200
-7.6926,53.28823,2021/04/04 23:00:00+00,Mon 05 Apr 2021,3380,587,3,700338,292336,85,700423,292421,14.8744283970781,6.20995487912588,201
-7.6926,53.28823,2021/04/05 23:00:00+00,Tue 06 Apr 2021,11907,8131,6,712245,300467,91,712336,300558,15.1274170417891,6.38275506396707,202
-7.6926,53.28823,2021/04/06 23:00:00+00,Wed 07 Apr 2021,18281,10434,3,730526,310901,94,730620,310995,15.5157024761797,6.60439885519081,203
-7.6926,53.28823,2021/04/07 23:00:00+00,Thu 08 Apr 2021,20097,10533,12,750623,321434,106,750729,321540,15.9427442504173,6.82833617227947,204
-7.6926,53.28823,2021/04/08 23:00:00+00,Fri 09 Apr 2021,20635,9128,11,771258,330562,117,771375,330679,16.3811899449278,7.02241518042297,205
-7.6926,53.28823,2021/04/09 23:00:00+00,Sat 10 Apr 2021,11105,4141,11,782363,334703,128,782491,334831,16.6172532182097,7.11058850811876,206
-7.6926,53.28823,2021/04/10 23:00:00+00,Sun 11 Apr 2021,2815,335,2,785178,335038,130,785308,335168,16.677076017853,7.11774515827133,207
-7.6926,53.28823,2021/04/11 23:00:00+00,Mon 12 Apr 2021,7714,2761,6,792892,337799,136,793028,337935,16.8410206444935,7.17650614038459,208
-7.6926,53.28823,2021/04/12 23:00:00+00,Tue 13 Apr 2021,11440,8559,1,804332,346358,137,804469,346495,17.0839857317208,7.35828930153006,209
-7.6926,53.28823,2021/04/13 23:00:00+00,Wed 14 Apr 2021,20287,6560,2,824619,352918,139,824758,353057,17.5148500490666,7.49764223417451,210
-7.6926,53.28823,2021/04/14 23:00:00+00,Thu 15 Apr 2021,27054,10759,1,851673,363677,140,851813,363817,18.0893995145795,7.72614536664241,211
-7.6926,53.28823,2021/04/15 23:00:00+00,Fri 16 Apr 2021,27907,9799,1,879580,373476,141,879721,373617,18.6820635871552,7.93426160253324,212
-7.6926,53.28823,2021/04/16 23:00:00+00,Sat 17 Apr 2021,15794,4518,1,895374,377994,142,895516,378136,19.0174917448996,8.03022867089964,213
-7.6926,53.28823,2021/04/17 23:00:00+00,Sun 18 Apr 2021,1033,453,0,896407,378447,142,896549,378589,19.0394288950706,8.03984873772194,214
-7.6926,53.28823,2021/04/18 23:00:00+00,Mon 19 Apr 2021,6688,2217,0,903095,380664,142,903237,380806,19.1814576078907,8.08692972700459,215
-7.6926,53.28823,2021/04/19 23:00:00+00,Tue 20 Apr 2021,15010,7262,1,918105,387926,143,918248,388069,19.5002364667639,8.24116934142042,216
-7.6926,53.28823,2021/04/20 23:00:00+00,Wed 21 Apr 2021,26628,9819,2,944733,397745,145,944878,397890,20.0657604832714,8.44973154067388,217
-7.6926,53.28823,2021/04/21 23:00:00+00,Thu 22 Apr 2021,31561,12144,0,976294,409889,145,976439,410034,20.7360009445929,8.7076257823737,218
-7.6926,53.28823,2021/04/22 23:00:00+00,Fri 23 Apr 2021,33526,12335,0,1009820,422224,145,1009965,422369,21.4479708348455,8.96957616703834,219
-7.6926,53.28823,2021/04/23 23:00:00+00,Sat 24 Apr 2021,23614,6965,0,1033434,429189,145,1033579,429334,21.94944601794,9.11748734897504,220
-7.6926,53.28823,2021/04/24 23:00:00+00,Sun 25 Apr 2021,9700,273,2,1043134,429462,147,1043281,429609,22.155481091472,9.12332734539034,221
-7.6926,53.28823,2021/04/25 23:00:00+00,Mon 26 Apr 2021,15512,3005,1,1058646,432467,148,1058794,432615,22.4849205983469,9.18716381529727,222
-7.6926,53.28823,2021/04/26 23:00:00+00,Tue 27 Apr 2021,25844,7760,5,1084490,440227,153,1084643,440380,23.0338590250349,9.35206407771485,223
-7.6926,53.28823,2021/04/27 23:00:00+00,Wed 28 Apr 2021,25961,8549,4,1110451,448776,157,1110608,448933,23.5852608683926,9.53369858440611,224
-7.6926,53.28823,2021/04/28 23:00:00+00,Thu 29 Apr 2021,31624,11289,2,1142075,460065,159,1142234,460224,24.2568816925032,9.77347821904319,225
-7.6926,53.28823,2021/04/29 23:00:00+00,Fri 30 Apr 2021,36034,13483,4,1178109,473548,163,1178272,473711,25.0221972954658,10.0598928796003,226
-7.6926,53.28823,2021/04/30 23:00:00+00,Sat 01 May 2021,16475,6644,11,1194584,480192,174,1194758,480366,25.3722997714756,10.2012207928507,227
-7.6926,53.28823,2021/05/01 23:00:00+00,Sun 02 May 2021,12376,886,7,1206960,481078,181,1207141,481259,25.6352695009691,10.2201848539374,228
-7.6926,53.28823,2021/05/02 23:00:00+00,Mon 03 May 2021,14180,890,12,1221140,481968,193,1221333,482161,25.9366557887,10.2393400421796,229
-7.6926,53.28823,2021/05/03 23:00:00+00,Tue 04 May 2021,26546,6746,5,1247686,488714,198,1247884,488912,26.50050213351,10.3827066450877,230
-7.6926,53.28823,2021/05/04 23:00:00+00,Wed 05 May 2021,31990,13384,66,1279676,502098,264,1279940,502362,27.181254588379,10.6683355606726,231
-7.6926,53.28823,2021/05/05 23:00:00+00,Thu 06 May 2021,37184,14331,125,1316860,516429,389,1317249,516818,27.9735615929556,10.9753282449622,232
-7.6926,53.28823,2021/05/06 23:00:00+00,Fri 07 May 2021,40490,15018,90,1357350,531447,479,1357829,531926,28.8353327003485,11.2961670298437,233
-7.6926,53.28823,2021/05/07 23:00:00+00,Sat 08 May 2021,25519,6999,9,1382869,538446,488,1383357,538934,29.3774542584935,11.4449913748562,234
-7.6926,53.28823,2021/05/08 23:00:00+00,Sun 09 May 2021,19609,896,1,1402478,539342,489,1402967,539831,29.7938990937812,11.4640403813454,235
-7.6926,53.28823,2021/05/09 23:00:00+00,Mon 10 May 2021,28720,4581,166,1431198,543923,655,1431853,544578,30.4073323172447,11.5648493376488,236
-7.6926,53.28823,2021/05/10 23:00:00+00,Tue 11 May 2021,33829,14762,147,1465027,558685,802,1465829,559487,31.1288585652679,11.8814620887607,237
-7.6926,53.28823,2021/05/11 23:00:00+00,Wed 12 May 2021,31172,20887,152,1496199,579572,954,1497153,580526,31.7940660114969,12.3282536690574,238
-7.6926,53.28823,2021/05/12 23:00:00+00,Thu 13 May 2021,35883,25434,140,1532082,605006,1094,1533176,606100,32.5590630692006,12.8713520993301,239
-7.6926,53.28823,2021/05/13 23:00:00+00,Fri 14 May 2021,38095,27922,228,1570177,632928,1322,1571499,634250,33.3729037332867,13.4691553687512,240
-7.6926,53.28823,2021/05/14 23:00:00+00,Sat 15 May 2021,28741,12405,8,1598918,645333,1330,1600248,646663,33.9834275767179,13.7327621887627,241
-7.6926,53.28823,2021/05/15 23:00:00+00,Sun 16 May 2021,23086,1137,5,1622004,646470,1335,1623339,647805,34.473796148448,13.7570141011492,242
-7.6926,53.28823,2021/05/16 23:00:00+00,Mon 17 May 2021,35293,3903,110,1657297,650373,1445,1658742,651818,35.225626668779,13.8422355761114,243
-7.6926,53.28823,2021/05/17 23:00:00+00,Tue 18 May 2021,38947,12435,117,1696244,662808,1562,1697806,664370,36.0552034686606,14.1087942488565,244
-7.6926,53.28823,2021/05/18 23:00:00+00,Wed 19 May 2021,36908,17538,195,1733152,680346,1757,1734909,682103,36.8431357850134,14.4853784540659,245
-7.6926,53.28823,2021/05/19 23:00:00+00,Thu 20 May 2021,38959,19619,119,1772111,699965,1876,1773987,701841,37.6730098938034,14.9045415422305,246
-7.6926,53.28823,2021/05/20 23:00:00+00,Fri 21 May 2021,25718,23181,14919,1797829,723146,16795,1814624,739941,38.5359914731805,15.7136465001326,247
-7.6926,53.28823,2021/05/21 23:00:00+00,Sat 22 May 2021,16500,10217,13503,1814329,733363,30298,1844627,763661,39.1731457002655,16.2173727363908,248
-7.6926,53.28823,2021/05/22 23:00:00+00,Sun 23 May 2021,8141,5499,10199,1822470,738862,40497,1862967,779359,39.5626203702897,16.550740968127,249
-7.6926,53.28823,2021/05/23 23:00:00+00,Mon 24 May 2021,22422,8163,8437,1844892,747025,48934,1893826,795959,40.2179529134893,16.9032643881053,250
-7.6926,53.28823,2021/05/24 23:00:00+00,Tue 25 May 2021,30188,16442,3215,1875080,763467,52149,1927229,815616,40.927310732618,17.3207073318713,251
-7.6926,53.28823,2021/05/25 23:00:00+00,Wed 26 May 2021,19823,25362,3039,1894903,788829,55188,1950091,844017,41.4128161800605,17.9238409252933,252
-7.6926,53.28823,2021/05/26 23:00:00+00,Thu 27 May 2021,16888,35935,544,1911791,824764,55732,1967523,880496,41.7830082437389,18.698521758871,253
-7.6926,53.28823,2021/05/27 23:00:00+00,Fri 28 May 2021,26889,31765,1536,1938680,856529,57268,1995948,913797,42.3866515095754,19.4057134702384,254
-7.6926,53.28823,2021/05/28 23:00:00+00,Sat 29 May 2021,24366,7350,517,1963046,863879,57785,2020831,921664,42.9150756215827,19.5727798404173,255
-7.6926,53.28823,2021/05/29 23:00:00+00,Sun 30 May 2021,24156,1642,200,1987202,865521,57985,2045187,923506,43.4323081768232,19.6118971982246,256
-7.6926,53.28823,2021/05/30 23:00:00+00,Mon 31 May 2021,22434,7274,3423,2009636,872795,61408,2071044,934203,43.981416494316,19.8390624406046,257
-7.6926,53.28823,2021/05/31 23:00:00+00,Tue 01 Jun 2021,27368,11431,3626,2037004,884226,65034,2102038,949260,44.6396159448467,20.1588181716054,258
-7.6926,53.28823,2021/06/01 23:00:00+00,Wed 02 Jun 2021,18535,20825,3986,2055539,905051,69020,2124559,974071,45.1178797967341,20.6857132663695,259
-7.6926,53.28823,2021/06/02 23:00:00+00,Thu 03 Jun 2021,16542,30640,1964,2072081,935691,70984,2143065,1006675,45.5108797009582,21.3781032413679,260
-7.6926,53.28823,2021/06/03 23:00:00+00,Fri 04 Jun 2021,28884,23277,132,2100965,958968,71116,2172081,1030084,46.1270736499999,21.8752249725892,261
-7.6926,53.28823,2021/06/04 23:00:00+00,Sat 05 Jun 2021,20817,11421,21,2121782,970389,71137,2192919,1041526,46.5695967238257,22.118211296167,262
-7.6926,53.28823,2021/06/05 23:00:00+00,Sun 06 Jun 2021,19827,3848,27,2141609,974237,71164,2212773,1045401,46.9912232286601,22.2005021547463,263
-7.6926,53.28823,2021/06/06 23:00:00+00,Mon 07 Jun 2021,19662,4488,24,2161271,978725,71188,2232459,1049913,47.4092820265934,22.2963205686585,264
-7.6926,53.28823,2021/06/07 23:00:00+00,Tue 08 Jun 2021,26280,18249,27,2187551,996974,71215,2258766,1068189,47.9679467018567,22.6844361122443,265
-7.6926,53.28823,2021/06/08 23:00:00+00,Wed 09 Jun 2021,32640,20025,156,2220191,1016999,71371,2291562,1088370,48.6644140561706,23.1130069037252,266
-7.6926,53.28823,2021/06/09 23:00:00+00,Thu 10 Jun 2021,27548,27391,248,2247739,1044390,71619,2319358,1116009,49.2546996574789,23.6999583979892,267
-7.6926,53.28823,2021/06/10 23:00:00+00,Fri 11 Jun 2021,26301,32807,20,2274040,1077197,71639,2345679,1148836,49.8136616416506,24.3970840791717,268
-7.6926,53.28823,2021/06/11 23:00:00+00,Sat 12 Jun 2021,12074,19640,92,2286114,1096837,71731,2357845,1168568,50.0720230830637,24.8161197492327,269
-7.6926,53.28823,2021/06/12 23:00:00+00,Sun 13 Jun 2021,8467,18120,817,2294581,1114957,72548,2367129,1187505,50.2691813620443,25.2182725205658,270
-7.6926,53.28823,2021/06/13 23:00:00+00,Mon 14 Jun 2021,15908,31206,23,2310489,1146163,72571,2383060,1218734,50.6074976634705,25.8814625134877,271
-7.6926,53.28823,2021/06/14 23:00:00+00,Tue 15 Jun 2021,14552,41419,193,2325041,1187582,72764,2397805,1260346,50.9206276530838,26.7651495347009,272
-7.6926,53.28823,2021/06/15 23:00:00+00,Wed 16 Jun 2021,13294,48255,201,2338335,1235837,72965,2411300,1308802,51.2072122044457,27.7941781394281,273
-7.6926,53.28823,2021/06/16 23:00:00+00,Thu 17 Jun 2021,21440,42545,514,2359775,1278382,73479,2433254,1351861,51.6734350455424,28.7085941599611,274
-7.6926,53.28823,2021/06/17 23:00:00+00,Fri 18 Jun 2021,11899,49946,536,2371674,1328328,74015,2445689,1402343,51.9375090652672,29.7806476110061,275
-7.6926,53.28823,2021/06/18 23:00:00+00,Sat 19 Jun 2021,6197,32701,413,2377871,1361029,74428,2452299,1435457,52.0778813427405,30.4838681248111,276
-7.6926,53.28823,2021/06/19 23:00:00+00,Sun 20 Jun 2021,8424,26083,169,2386295,1387112,74597,2460892,1461709,52.2603653034558,31.0413648007913,277
-7.6926,53.28823,2021/06/20 23:00:00+00,Mon 21 Jun 2021,15352,32211,549,2401647,1419323,75146,2476793,1494469,52.5980445143639,31.7370676464836,278
-7.6926,53.28823,2021/06/21 23:00:00+00,Tue 22 Jun 2021,15014,43428,699,2416661,1462751,75845,2492506,1538596,52.9317312913591,32.6741640894586,279
-7.6926,53.28823,2021/06/22 23:00:00+00,Wed 23 Jun 2021,19945,39254,867,2436606,1502005,76712,2513318,1578717,53.3737022200693,33.5261877119255,280
-7.6926,53.28823,2021/06/23 23:00:00+00,Thu 24 Jun 2021,18885,44136,1014,2455491,1546141,77726,2533217,1623867,53.7962843606807,34.4850089415654,281
-7.6926,53.28823,2021/06/24 23:00:00+00,Fri 25 Jun 2021,15065,50032,804,2470556,1596173,78530,2549086,1674703,54.1332840083697,35.5645800607232,282
-7.6926,53.28823,2021/06/25 23:00:00+00,Sat 26 Jun 2021,8940,30439,471,2479496,1626612,79001,2558497,1705613,54.3331393038767,36.2209956578034,283
-7.6926,53.28823,2021/06/26 23:00:00+00,Sun 27 Jun 2021,8645,30384,45,2488141,1656996,79046,2567187,1736042,54.5176831906003,36.8671965702444,284
-7.6926,53.28823,2021/06/27 23:00:00+00,Mon 28 Jun 2021,24100,24513,495,2512241,1681509,79541,2591782,1761050,55.0399912336345,37.3982752260769,285
-7.6926,53.28823,2021/06/28 23:00:00+00,Tue 29 Jun 2021,28018,30856,780,2540259,1712365,80321,2620580,1792686,55.6515556582451,38.0701084136935,286
-7.6926,53.28823,2021/06/29 23:00:00+00,Wed 30 Jun 2021,22412,36708,556,2562671,1749073,80877,2643548,1829950,56.1393121588513,38.861459782493,287
-7.6926,53.28823,2021/06/30 23:00:00+00,Thu 01 Jul 2021,14783,48181,607,2577454,1797254,81484,2658938,1878738,56.4661395946023,39.8975388556198,288
-7.6926,53.28823,2021/07/01 23:00:00+00,Fri 02 Jul 2021,13505,47114,796,2590959,1844368,82280,2673239,1926648,56.7698406445487,40.9149724129188,289
-7.6926,53.28823,2021/07/02 23:00:00+00,Sat 03 Jul 2021,9200,30337,483,2600159,1874705,82763,2682922,1957468,56.9754722274192,41.5694767384448,290
-7.6926,53.28823,2021/07/03 23:00:00+00,Sun 04 Jul 2021,6359,27703,212,2606518,1902408,82975,2689493,1985383,57.1150162872191,42.1622894654747,291
-7.6926,53.28823,2021/07/04 23:00:00+00,Mon 05 Jul 2021,15417,33274,5315,2621935,1935682,88290,2710225,2023972,57.5552883078812,42.9817789988207,292
-7.6926,53.28823,2021/07/05 23:00:00+00,Tue 06 Jul 2021,12243,48188,5462,2634178,1983870,93752,2727930,2077622,57.9312778952738,44.1211092085701,293
-7.6926,53.28823,2021/07/06 23:00:00+00,Wed 07 Jul 2021,19540,43587,5026,2653718,2027457,98778,2752496,2126235,58.4529700841405,45.1534719203416,294
-7.6926,53.28823,2021/07/07 23:00:00+00,Thu 08 Jul 2021,17638,45458,5969,2671356,2072915,104747,2776103,2177662,58.9542966127808,46.2455937227047,295
-7.6926,53.28823,2021/07/08 23:00:00+00,Fri 09 Jul 2021,13393,44943,6513,2684749,2117858,111260,2796009,2229118,59.3770274078464,47.3383313792351,296
-7.6926,53.28823,2021/07/09 23:00:00+00,Sat 10 Jul 2021,8516,23712,4335,2693265,2141570,115595,2808860,2257165,59.6499357494213,47.9339473045443,297
-7.6926,53.28823,2021/07/10 23:00:00+00,Sun 11 Jul 2021,15157,16015,2140,2708422,2157585,117735,2826157,2275320,60.0172609057686,48.3194932497074,298
-7.6926,53.28823,2021/07/11 23:00:00+00,Mon 12 Jul 2021,16997,31596,6061,2725419,2189181,123796,2849215,2312977,60.5069286779289,49.1191905042933,299
-7.6926,53.28823,2021/07/12 23:00:00+00,Tue 13 Jul 2021,19976,36384,8463,2745395,2225565,132259,2877654,2357824,61.1108692526737,50.071577119701,300
-7.6926,53.28823,2021/07/13 23:00:00+00,Wed 14 Jul 2021,20682,35515,9305,2766077,2261080,141564,2907641,2402644,61.7476836981491,51.0233903536426,301
-7.6926,53.28823,2021/07/14 23:00:00+00,Thu 15 Jul 2021,23489,28672,9543,2789566,2289752,151107,2940673,2440859,62.4491628312048,51.8349374918638,302
-7.6926,53.28823,2021/07/15 23:00:00+00,Fri 16 Jul 2021,23436,27224,9137,2813002,2316976,160244,2973246,2477220,63.1408944793346,52.6071124360706,303
-7.6926,53.28823,2021/07/16 23:00:00+00,Sat 17 Jul 2021,11410,19284,4651,2824412,2336260,164895,2989307,2501155,63.4819715063389,53.1154044877081,304
-7.6926,53.28823,2021/07/17 23:00:00+00,Sun 18 Jul 2021,16789,15700,1916,2841201,2351960,166811,3008012,2518771,63.8791974443326,53.4895040398971,305
-7.6926,53.28823,2021/07/18 23:00:00+00,Mon 19 Jul 2021,24757,18240,6213,2865958,2370200,173024,3038982,2543224,64.5368872224489,54.008796521146,306
-7.6926,53.28823,2021/10/29 23:00:00+00,Sat 30 Oct 2021,2003,1427,0,3599241,3535484,238290,3837531,3773774,81.4951537586111,80.1411877533364,307
-7.6926,53.28823,2021/10/30 23:00:00+00,Sun 31 Oct 2021,1624,1312,0,3600865,3536796,238290,3839155,3775086,81.5296415919873,80.169049845325,308
-7.6926,53.28823,2021/11/01 00:00:00+00,Mon 01 Nov 2021,258,235,1,3601123,3537031,238291,3839414,3775322,81.535141806793,80.1740616240669,309
-7.6926,53.28823,2021/11/02 00:00:00+00,Tue 02 Nov 2021,1087,1053,9,3602210,3538084,238300,3840510,3776384,81.5584168470518,80.1966146284053,310
-7.6926,53.28823,2021/11/03 00:00:00+00,Wed 03 Nov 2021,2537,1798,5,3604747,3539882,238305,3843052,3778187,81.6123996502798,80.2349037685391,311
-7.6926,53.28823,2021/11/04 00:00:00+00,Thu 04 Nov 2021,1547,1224,0,3606294,3541106,238305,3844599,3779411,81.6452522846597,80.2608970616748,312
-7.6926,53.28823,2021/11/05 00:00:00+00,Fri 05 Nov 2021,1628,1018,1,3607922,3542124,238306,3846228,3780430,81.6798462997889,80.2825369029374,313
-7.6926,53.28823,2021/11/06 00:00:00+00,Sat 06 Nov 2021,1820,1321,5,3609742,3543445,238311,3848053,3781756,81.7186026396359,80.3106963038344,314
-7.6926,53.28823,2021/11/07 00:00:00+00,Sun 07 Nov 2021,726,765,0,3610468,3544210,238311,3848779,3782521,81.7340202301723,80.3269421120443,315
-7.6926,53.28823,2021/11/08 00:00:00+00,Mon 08 Nov 2021,509,493,1,3610977,3544703,238312,3849289,3783015,81.7448507689789,80.3374328692412,316
-7.6926,53.28823,2021/11/09 00:00:00+00,Tue 09 Nov 2021,1382,1000,1,3612359,3545703,238313,3850672,3784016,81.7742206418602,80.3586904561929,317
-7.6926,53.28823,2021/11/10 00:00:00+00,Wed 10 Nov 2021,1628,1300,0,3613987,3547003,238313,3852300,3785316,81.8087934206388,80.3862977119744,318
-7.6926,53.28823,2021/11/11 00:00:00+00,Thu 11 Nov 2021,1404,1054,1,3615391,3548057,238314,3853705,3786371,81.8386304932334,80.4087020618585,319
-7.6926,53.28823,2021/11/12 00:00:00+00,Fri 12 Nov 2021,1161,1083,5,3616552,3549140,238319,3854871,3787459,81.8633920780343,80.4318072113125,320
-7.6926,53.28823,2021/11/13 00:00:00+00,Sat 13 Nov 2021,1416,1333,0,3617968,3550473,238319,3856287,3788792,81.8934627504854,80.4601152666638,321
-7.6926,53.28823,2021/11/14 00:00:00+00,Sun 14 Nov 2021,1651,1798,0,3619619,3552271,238319,3857938,3790590,81.9285239653278,80.4982982250446,322
-7.6926,53.28823,2021/11/15 00:00:00+00,Mon 15 Nov 2021,1246,548,0,3620865,3552819,238319,3859184,3791138,81.9549844581768,80.509935745174,323
-7.6926,53.28823,2021/11/16 00:00:00+00,Tue 16 Nov 2021,1320,1027,4,3622185,3553846,238323,3860508,3792169,81.9831013863727,80.5318304226437,324
-7.6926,53.28823,2021/11/17 00:00:00+00,Wed 17 Nov 2021,1522,1060,0,3623707,3554906,238323,3862030,3793229,82.0154231119876,80.5543409542809,325
-7.6926,53.28823,2021/11/18 00:00:00+00,Thu 18 Nov 2021,1674,2428,5,3625381,3557334,238328,3863709,3795662,82.0510789446468,80.6060089952934,326
-7.6926,53.28823,2021/11/19 00:00:00+00,Fri 19 Nov 2021,1186,1461,0,3626567,3558795,238328,3864895,3797123,82.0762652564597,80.6370353035216,327
-7.6926,53.28823,2021/11/20 00:00:00+00,Sat 20 Nov 2021,1539,2908,10,3628106,3561703,238338,3866444,3800041,82.1091603635408,80.6990029745756,328
-7.6926,53.28823,2021/11/21 00:00:00+00,Sun 21 Nov 2021,1786,2752,0,3629892,3564455,238338,3868230,3802793,82.1470884857144,80.7574454114299,329
-7.6926,53.28823,2021/11/22 00:00:00+00,Mon 22 Nov 2021,714,468,2,3630606,3564923,238340,3868946,3803263,82.1622937127448,80.7674264962124,330
-7.6926,53.28823,2021/11/23 00:00:00+00,Tue 23 Nov 2021,2165,1540,4,3632771,3566463,238344,3871115,3804807,82.2083553571986,80.8002154215405,331
-7.6926,53.28823,2021/11/24 00:00:00+00,Wed 24 Nov 2021,1624,3089,1,3634395,3569552,238345,3872740,3807897,82.2428644269254,80.8658357448979,332
-7.6926,53.28823,2021/11/25 00:00:00+00,Thu 25 Nov 2021,1012,1120,1,3635407,3570672,238346,3873753,3809018,82.2643768500843,80.8896416939218,333
-7.6926,53.28823,2021/11/26 00:00:00+00,Fri 26 Nov 2021,1290,1065,12,3636697,3571737,238358,3875055,3810095,82.292026578567,80.9125132435191,334
-7.6926,53.28823,2021/11/27 00:00:00+00,Sat 27 Nov 2021,1234,1528,5,3637931,3573265,238363,3876294,3811628,82.3183384169617,80.9450685689906,335
-7.6926,53.28823,2021/11/28 00:00:00+00,Sun 28 Nov 2021,1969,2247,0,3639900,3575512,238363,3878263,3813875,82.3601527912953,80.9927866487913,336
-7.6926,53.28823,2021/11/29 00:00:00+00,Mon 29 Nov 2021,548,963,1,3640448,3576475,238364,3878812,3814839,82.3718115477753,81.0132584907708,337
-7.6926,53.28823,2021/11/30 00:00:00+00,Tue 30 Nov 2021,1932,1593,6,3642380,3578068,238370,3880750,3816438,82.4129675952402,81.047215415382,338
-7.6926,53.28823,2021/12/01 00:00:00+00,Wed 01 Dec 2021,1101,1330,1,3643481,3579398,238371,3881852,3817769,82.4363700536027,81.075480998032,339
-7.6926,53.28823,2021/12/02 00:00:00+00,Thu 02 Dec 2021,1797,1370,0,3645278,3580768,238371,3883649,3819139,82.4745317756329,81.1045747983555,340
-7.6926,53.28823,2021/12/03 00:00:00+00,Fri 03 Dec 2021,1052,1137,3,3646330,3581905,238374,3884704,3820279,82.496936125517,81.1287842380408,341
-7.6926,53.28823,2021/12/04 00:00:00+00,Sat 04 Dec 2021,1206,1674,0,3647536,3583579,238374,3885910,3821953,82.522547164342,81.1643338889471,342
-7.6926,53.28823,2021/12/05 00:00:00+00,Sun 05 Dec 2021,1350,1768,0,3648886,3585347,238374,3887260,3823721,82.5512162376534,81.2018797568098,343
-7.6926,53.28823,2021/12/06 00:00:00+00,Mon 06 Dec 2021,941,1256,0,3649827,3586603,238374,3888201,3824977,82.5711996435691,81.2285526131648,344
-7.6926,53.28823,2021/12/07 00:00:00+00,Tue 07 Dec 2021,485,705,1,3650312,3587308,238375,3888687,3825683,82.5815205099612,81.2435454766892,345
-7.6926,53.28823,2021/12/08 00:00:00+00,Wed 08 Dec 2021,817,1443,0,3651129,3588751,238375,3889504,3827126,82.5988706084023,81.2741895306066,346
-7.6926,53.28823,2021/12/09 00:00:00+00,Thu 09 Dec 2021,798,1156,0,3651927,3589907,238375,3890302,3828282,82.615817216182,81.2987387519014,347
-7.6926,53.28823,2021/12/10 00:00:00+00,Fri 10 Dec 2021,887,1556,1,3652814,3591463,238376,3891190,3829839,82.6346750955158,81.3318037497874,348
-7.6926,53.28823,2021/12/11 00:00:00+00,Sat 11 Dec 2021,641,826,0,3653455,3592289,238376,3891831,3830665,82.6482875962511,81.3493449753839,349
-7.6926,53.28823,2021/12/12 00:00:00+00,Sun 12 Dec 2021,691,1190,0,3654146,3593479,238376,3892522,3831855,82.6629619145165,81.3746162325992,350
-7.6926,53.28823,2021/12/13 00:00:00+00,Mon 13 Dec 2021,717,1034,0,3654863,3594513,238376,3893239,3832889,82.6781883778975,81.3965746191207,351
-7.6926,53.28823,2021/12/14 00:00:00+00,Tue 14 Dec 2021,626,1147,1,3655489,3595660,238377,3893866,3834037,82.6915035697244,81.4209539496108,352
-7.6926,53.28823,2021/12/15 00:00:00+00,Wed 15 Dec 2021,794,1178,2,3656283,3596838,238379,3894662,3835217,82.7084077048028,81.4460128433201,353
-7.6926,53.28823,2021/12/16 00:00:00+00,Thu 16 Dec 2021,1062,1441,7,3657345,3598279,238386,3895731,3836665,82.7311093635954,81.4767630789905,354
-7.6926,53.28823,2021/12/17 00:00:00+00,Fri 17 Dec 2021,1207,2381,1,3658552,3600660,238387,3896939,3839047,82.7567628751216,81.5273480661224,355
-7.6926,53.28823,2021/12/18 00:00:00+00,Sat 18 Dec 2021,1267,1150,0,3659819,3601810,238387,3898206,3840197,82.7836693313332,81.5517698693136,356
-7.6926,53.28823,2021/12/19 00:00:00+00,Sun 19 Dec 2021,558,863,0,3660377,3602673,238387,3898764,3841060,82.7955192149686,81.5700968398824,357
-7.6926,53.28823,2021/12/20 00:00:00+00,Mon 20 Dec 2021,548,538,0,3660925,3603211,238387,3899312,3841598,82.807156735098,81.5815219965058,358
-7.6926,53.28823,2021/12/21 00:00:00+00,Tue 21 Dec 2021,1473,1725,2,3662398,3604936,238389,3900787,3843325,82.8384803522346,81.6181971739939,359
-7.6926,53.28823,2021/12/22 00:00:00+00,Wed 22 Dec 2021,1267,1479,2,3663665,3606415,238391,3902056,3844806,82.8654292811474,81.6496482092341,360
-7.6926,53.28823,2021/12/23 00:00:00+00,Thu 23 Dec 2021,964,1267,0,3664629,3607682,238391,3903020,3846073,82.8859011231269,81.6765546654457,361
-7.6926,53.28823,2021/12/24 00:00:00+00,Fri 24 Dec 2021,102,124,0,3664731,3607806,238391,3903122,3846197,82.8880672308882,81.6791879729202,362
-7.6926,53.28823,2021/12/26 00:00:00+00,Sun 26 Dec 2021,8,6,0,3664739,3607812,238391,3903130,3846203,82.888237121693,81.6793153910239,363
-7.6926,53.28823,2021/12/27 00:00:00+00,Mon 27 Dec 2021,388,580,0,3665127,3608392,238391,3903518,3846783,82.8964768257262,81.6916324743725,364
-7.6926,53.28823,2021/12/28 00:00:00+00,Tue 28 Dec 2021,455,728,0,3665582,3609120,238391,3903973,3847511,82.9061393652497,81.7070925376101,365
-7.6926,53.28823,2021/12/29 00:00:00+00,Wed 29 Dec 2021,1088,1239,0,3666670,3610359,238391,3905061,3848750,82.9292445147037,81.7334043760049,366
-7.6926,53.28823,2021/12/30 00:00:00+00,Thu 30 Dec 2021,1057,1132,1,3667727,3611491,238392,3906119,3849883,82.9517125736397,81.7574651612359,367
-7.6926,53.28823,2021/12/31 00:00:00+00,Fri 31 Dec 2021,722,1651,0,3668449,3613142,238392,3906841,3851534,82.9670452187737,81.7925263760784,368
-7.6926,53.28823,2022/01/01 00:00:00+00,Sat 01 Jan 2022,64,96,0,3668513,3613238,238392,3906905,3851630,82.9684043452122,81.7945650657361,369
-7.6926,53.28823,2022/01/02 00:00:00+00,Sun 02 Jan 2022,270,618,0,3668783,3613856,238392,3907175,3852248,82.9741381598745,81.8076891304075,370
-7.6926,53.28823,2022/01/03 00:00:00+00,Mon 03 Jan 2022,3628,706,0,3672411,3614562,238392,3910803,3852954,83.0511836398553,81.8226819939319,371
-7.6926,53.28823,2022/01/04 00:00:00+00,Tue 04 Jan 2022,1186,721,0,3673597,3615283,238392,3911989,3853675,83.0763699516682,81.8379934027153,372
-7.6926,53.28823,2022/01/05 00:00:00+00,Wed 05 Jan 2022,2146,813,0,3675743,3616096,238392,3914135,3854488,83.1219431600582,81.855258555754,373
-7.6926,53.28823,2022/01/06 00:00:00+00,Thu 06 Jan 2022,2454,1594,0,3678197,3617690,238392,3916589,3856082,83.1740571644333,81.8891092986122,374
-7.6926,53.28823,2022/01/07 00:00:00+00,Fri 07 Jan 2022,4833,702,0,3683030,3618392,238392,3921422,3856784,83.2766924468884,81.9040172167342,375
-7.6926,53.28823,2022/01/08 00:00:00+00,Sat 08 Jan 2022,9787,696,1,3692817,3619088,238393,3931210,3857481,83.484553846572,81.9188189531031,376
-7.6926,53.28823,2022/01/09 00:00:00+00,Sun 09 Jan 2022,7114,658,0,3699931,3619746,238393,3938324,3858139,83.6356292447483,81.9327924717986,377
-7.6926,53.28823,2022/01/10 00:00:00+00,Mon 10 Jan 2022,6650,445,0,3706581,3620191,238393,3944974,3858584,83.7768509762457,81.9422426478162,378
-7.6926,53.28823,2022/01/11 00:00:00+00,Tue 11 Jan 2022,4765,1269,1,3711346,3621460,238394,3949740,3859854,83.8780634232105,81.9692128130796,379
-7.6926,53.28823,2022/01/12 00:00:00+00,Wed 12 Jan 2022,7544,793,1,3718890,3622253,238395,3957285,3860648,84.0382916884959,81.9860744754568,380
-7.6926,53.28823,2022/01/13 00:00:00+00,Thu 13 Jan 2022,7301,702,0,3726191,3622955,238395,3964586,3861350,84.1933382842345,82.0009823935788,381
-7.6926,53.28823,2022/01/14 00:00:00+00,Fri 14 Jan 2022,10722,727,0,3736913,3623682,238395,3975308,3862077,84.4210344353796,82.0164212204658,382
-7.6926,53.28823,2022/01/15 00:00:00+00,Sat 15 Jan 2022,8344,617,0,3745257,3624299,238395,3983652,3862694,84.5982305447952,82.0295240487867,383
-7.6926,53.28823,2022/01/16 00:00:00+00,Sun 16 Jan 2022,6969,1206,1,3752226,3625505,238396,3990622,3863901,84.7462479084849,82.0551563239622,384
-7.6926,53.28823,2022/01/17 00:00:00+00,Mon 17 Jan 2022,2551,506,0,3754777,3626011,238396,3993173,3864407,84.8004218388683,82.0659019173664,385
-7.6926,53.28823,2022/01/18 00:00:00+00,Tue 18 Jan 2022,4039,380,3,3758816,3626391,238399,3997215,3864790,84.886259167998,82.0740354396466,386
-7.6926,53.28823,2022/01/19 00:00:00+00,Wed 19 Jan 2022,3478,546,0,3762294,3626937,238399,4000693,3865336,84.9601191953887,82.0856304870748,387
-7.6926,53.28823,2022/01/20 00:00:00+00,Thu 20 Jan 2022,3677,863,0,3765971,3627800,238399,4004370,3866199,85.0382052565489,82.1039574576436,388
-7.6926,53.28823,2022/01/21 00:00:00+00,Fri 21 Jan 2022,3245,927,0,3769216,3628727,238399,4007615,3867126,85.1071172142495,82.1236435546508,389
-7.6926,53.28823,2022/01/22 00:00:00+00,Sat 22 Jan 2022,4266,608,0,3773482,3629335,238399,4011881,3867734,85.1977114859138,82.1365552558163,390
-7.6926,53.28823,2022/01/23 00:00:00+00,Sun 23 Jan 2022,3090,677,0,3776572,3630012,238399,4014971,3868411,85.2633318092712,82.1509322651732,391
-7.6926,53.28823,2022/01/24 00:00:00+00,Mon 24 Jan 2022,634,432,0,3777206,3630444,238399,4015605,3868843,85.2767956555523,82.1601063686329,392
-7.6926,53.28823,2022/01/25 00:00:00+00,Tue 25 Jan 2022,691,1794,0,3777897,3632238,238399,4016296,3870637,85.2914699738177,82.1982043816113,393
-7.6926,53.28823,2022/01/26 00:00:00+00,Wed 26 Jan 2022,695,841,0,3778592,3633079,238399,4016991,3871478,85.3062292374855,82.2160641524668,394
-7.6926,53.28823,2022/01/27 00:00:00+00,Thu 27 Jan 2022,1264,1122,0,3779856,3634201,238399,4018255,3872600,85.3330719846453,82.2398913378412,395
-7.6926,53.28823,2022/01/28 00:00:00+00,Fri 28 Jan 2022,1017,3035,0,3780873,3637236,238399,4019272,3875635,85.3546693532066,82.3043436619156,396
-7.6926,53.28823,2022/01/29 00:00:00+00,Sat 29 Jan 2022,2325,3417,0,3783198,3640653,238399,4021597,3879052,85.4040438683542,82.3769082719196,397
-7.6926,53.28823,2022/01/30 00:00:00+00,Sun 30 Jan 2022,1634,7532,0,3784832,3648185,238399,4023231,3886584,85.4387440652364,82.5368604646471,398
-7.6926,53.28823,2022/01/31 00:00:00+00,Mon 31 Jan 2022,470,1352,0,3785302,3649537,238399,4023701,3887936,85.4487251500189,82.5655720106598,399
-7.6926,53.28823,2022/02/01 00:00:00+00,Tue 01 Feb 2022,742,3372,1,3786044,3652909,238400,4024444,3891309,85.4645037585155,82.6372022212373,400
-7.6926,53.28823,2022/02/02 00:00:00+00,Wed 02 Feb 2022,638,2940,0,3786682,3655849,238400,4025082,3894249,85.478052550199,82.6996370920046,401
-7.6926,53.28823,2022/02/03 00:00:00+00,Thu 03 Feb 2022,907,2371,1,3787589,3658220,238401,4025990,3896621,85.4973351565448,82.7500097156304,402
-7.6926,53.28823,2022/02/04 00:00:00+00,Fri 04 Feb 2022,1157,6425,0,3788746,3664645,238401,4027147,3903046,85.5219056141903,82.8864532682425,403
-7.6926,53.28823,2022/02/05 00:00:00+00,Sat 05 Feb 2022,1774,5719,0,3790520,3670364,238401,4028921,3908765,85.5595789001567,83.0079039573302,404
-7.6926,53.28823,2022/02/06 00:00:00+00,Sun 06 Feb 2022,1405,7554,0,3791925,3677918,238401,4030326,3916319,85.5894159727512,83.168323349771,405
-7.6926,53.28823,2022/02/07 00:00:00+00,Mon 07 Feb 2022,432,1306,0,3792357,3679224,238401,4030758,3917625,85.5985900762109,83.196058023656,406
-7.6926,53.28823,2022/02/08 00:00:00+00,Tue 08 Feb 2022,890,1183,0,3793247,3680407,238401,4031648,3918808,85.6174904282459,83.2211806264171,407
-7.6926,53.28823,2022/02/09 00:00:00+00,Wed 09 Feb 2022,1319,1662,0,3794566,3682069,238401,4032967,3920470,85.6455011746887,83.2564754411162,408
