X,Y,VaccinationDate,VaccineText,Dose1,Dose2,SingleDose,Dose1Cum,Dose2Cum,SingleDoseCum,PartiallyVacc,FullyVacc,PartialPercent,FullyPercent,ObjectId
-7.6926,53.28823,2021/11/02 00:00:00+00,Tue 02 Nov 2021,1090,1081,9,3618458,3554273,240451,3858909,3794724,81.9491444617615,80.5860892984296,1
-7.6926,53.28823,2021/11/03 00:00:00+00,Wed 03 Nov 2021,2530,1855,6,3620988,3556128,240457,3861445,3796585,82.0029998468859,80.6256101468982,2
-7.6926,53.28823,2021/11/04 00:00:00+00,Thu 04 Nov 2021,1538,1262,1,3622526,3557390,240458,3862984,3797848,82.035682590461,80.6524316577074,3
-7.6926,53.28823,2021/11/05 00:00:00+00,Fri 05 Nov 2021,1631,1077,3,3624157,3558467,240461,3864618,3798928,82.0703827873432,80.6753669163566,4
-7.6926,53.28823,2021/11/06 00:00:00+00,Sat 06 Nov 2021,1815,1342,5,3625972,3559809,240466,3866438,3800275,82.1090329454372,80.7039722806163,5
-7.6926,53.28823,2021/11/07 00:00:00+00,Sun 07 Nov 2021,693,768,0,3626665,3560577,240466,3867131,3801043,82.1237497364038,80.7202817978779,6
-7.6926,53.28823,2021/11/08 00:00:00+00,Mon 08 Nov 2021,515,523,3,3627180,3561100,240469,3867649,3801569,82.1347501660152,80.7314521182941,7
-7.6926,53.28823,2021/11/09 00:00:00+00,Tue 09 Nov 2021,1368,1047,1,3628548,3562147,240470,3869018,3802617,82.1638227299881,80.7537078137241,8
-7.6926,53.28823,2021/11/10 00:00:00+00,Wed 10 Nov 2021,1615,1346,1,3630163,3563493,240471,3870634,3803964,82.1981406725595,80.7823131779838,9
-7.6926,53.28823,2021/11/11 00:00:00+00,Thu 11 Nov 2021,1387,1098,2,3631550,3564591,240473,3872023,3805064,82.2276379635444,80.805673163645,10
-7.6926,53.28823,2021/11/12 00:00:00+00,Fri 12 Nov 2021,1147,1132,6,3632697,3565723,240479,3873176,3806202,82.2521234757875,80.829840130629,11
-7.6926,53.28823,2021/11/13 00:00:00+00,Sat 13 Nov 2021,1399,1361,0,3634096,3567084,240479,3874575,3807563,82.2818331302784,80.8587428037971,12
-7.6926,53.28823,2021/11/14 00:00:00+00,Sun 14 Nov 2021,1646,1801,0,3635742,3568885,240479,3876221,3809364,82.3167881633678,80.8969894712297,13
-7.6926,53.28823,2021/11/15 00:00:00+00,Mon 15 Nov 2021,1245,578,1,3636987,3569463,240480,3877467,3809943,82.3432486562168,80.9092853182278,14
-7.6926,53.28823,2021/11/16 00:00:00+00,Tue 16 Nov 2021,1319,1058,5,3638306,3570521,240485,3878791,3811006,82.3713655844127,80.9318595589168,15
-7.6926,53.28823,2021/11/17 00:00:00+00,Wed 17 Nov 2021,1508,1096,0,3639814,3571617,240485,3880299,3812102,82.4033900011192,80.9551345991756,16
-7.6926,53.28823,2021/11/18 00:00:00+00,Thu 18 Nov 2021,1656,2488,5,3641470,3574105,240490,3881960,3814595,82.4386635794676,81.0080768212241,17
-7.6926,53.28823,2021/11/19 00:00:00+00,Fri 19 Nov 2021,1165,1533,0,3642635,3575638,240490,3883125,3816128,82.4634039279179,81.0406321466956,18
-7.6926,53.28823,2021/11/20 00:00:00+00,Sat 20 Nov 2021,1543,2927,12,3644178,3578565,240502,3884680,3819067,82.4964264531026,81.1030457811123,19
-7.6926,53.28823,2021/11/21 00:00:00+00,Sun 21 Nov 2021,1784,2757,0,3645962,3581322,240502,3886464,3821824,82.534312102575,81.1615943997195,20
-7.6926,53.28823,2021/11/22 00:00:00+00,Mon 22 Nov 2021,714,502,2,3646676,3581824,240504,3887180,3822328,82.5495173296054,81.1722975204225,21
-7.6926,53.28823,2021/11/23 00:00:00+00,Tue 23 Nov 2021,2156,1573,7,3648832,3583397,240511,3889343,3823908,82.5954515559556,81.2058509543722,22
-7.6926,53.28823,2021/11/24 00:00:00+00,Wed 24 Nov 2021,1620,3126,2,3650452,3586523,240513,3890965,3827036,82.6298969166306,81.2722782590525,23
-7.6926,53.28823,2021/11/25 00:00:00+00,Thu 25 Nov 2021,988,1166,1,3651440,3587689,240514,3891954,3828203,82.650899667375,81.297061080204,24
-7.6926,53.28823,2021/11/26 00:00:00+00,Fri 26 Nov 2021,1287,1088,12,3652727,3588777,240526,3893253,3829303,82.6784856868059,81.3204210658652,25
-7.6926,53.28823,2021/11/27 00:00:00+00,Sat 27 Nov 2021,1201,1553,6,3653928,3590330,240532,3894460,3830862,82.7041179619814,81.3535285364523,26
-7.6926,53.28823,2021/11/28 00:00:00+00,Sun 28 Nov 2021,1962,2253,0,3655890,3592583,240532,3896422,3833115,82.7457836818608,81.4013740343566,27
-7.6926,53.28823,2021/11/29 00:00:00+00,Mon 29 Nov 2021,541,984,2,3656431,3593567,240534,3896965,3834101,82.7573150202372,81.4223130760493,28
-7.6926,53.28823,2021/11/30 00:00:00+00,Tue 30 Nov 2021,1952,1627,6,3658383,3595194,240540,3898923,3835734,82.7988957947141,81.4569920365809,29
-7.6926,53.28823,2021/12/01 00:00:00+00,Wed 01 Dec 2021,1078,1358,2,3659461,3596552,240542,3900003,3837094,82.8218310533633,81.4858734733984,30
-7.6926,53.28823,2021/12/02 00:00:00+00,Thu 02 Dec 2021,1775,1398,0,3661236,3597950,240542,3901778,3838492,82.8595255756803,81.5155618915387,31
-7.6926,53.28823,2021/12/03 00:00:00+00,Fri 03 Dec 2021,1043,1167,3,3662279,3599117,240545,3902824,3839662,82.8817387984091,81.540408421742,32
-7.6926,53.28823,2021/12/04 00:00:00+00,Sat 04 Dec 2021,1203,1696,1,3663482,3600813,240546,3904028,3841359,82.9073073645328,81.5764465087121,33
-7.6926,53.28823,2021/12/05 00:00:00+00,Sun 05 Dec 2021,1346,1772,1,3664828,3602585,240547,3905375,3843132,82.9359127287925,81.6140985583279,34
-7.6926,53.28823,2021/12/06 00:00:00+00,Mon 06 Dec 2021,933,1283,0,3665761,3603868,240547,3906308,3844415,82.9557262439033,81.6413447961491,35
-7.6926,53.28823,2021/12/07 00:00:00+00,Tue 07 Dec 2021,482,736,2,3666243,3604604,240549,3906792,3845153,82.9660046375943,81.6570172228927,36
-7.6926,53.28823,2021/12/08 00:00:00+00,Wed 08 Dec 2021,801,1502,1,3667044,3606106,240550,3907594,3846656,82.9830361907763,81.6889354578462,37
-7.6926,53.28823,2021/12/09 00:00:00+00,Thu 09 Dec 2021,797,1197,0,3667841,3607303,240550,3908391,3847853,82.9999615622054,81.7143553695157,38
-7.6926,53.28823,2021/12/10 00:00:00+00,Fri 10 Dec 2021,892,1598,1,3668733,3608901,240551,3909284,3849452,83.0189256232922,81.7483122941269,39
-7.6926,53.28823,2021/12/11 00:00:00+00,Sat 11 Dec 2021,639,836,1,3669372,3609737,240552,3909924,3850289,83.0325168876769,81.76608711958,40
-7.6926,53.28823,2021/12/12 00:00:00+00,Sun 12 Dec 2021,689,1190,0,3670061,3610927,240552,3910613,3851479,83.0471487332411,81.7913583767953,41
-7.6926,53.28823,2021/12/13 00:00:00+00,Mon 13 Dec 2021,726,1053,1,3670787,3611980,240553,3911340,3852533,83.0625875601281,81.8137414903289,42
-7.6926,53.28823,2021/12/14 00:00:00+00,Tue 14 Dec 2021,628,1191,1,3671415,3613171,240554,3911969,3853725,83.0759452246562,81.8390552202454,43
-7.6926,53.28823,2021/12/15 00:00:00+00,Wed 15 Dec 2021,796,1233,1,3672211,3614404,240555,3912766,3854959,83.0928705960852,81.8652608768871,44
-7.6926,53.28823,2021/12/16 00:00:00+00,Thu 16 Dec 2021,1055,1524,7,3673266,3615928,240562,3913828,3856490,83.1154236004236,81.8977737296574,45
-7.6926,53.28823,2021/12/17 00:00:00+00,Fri 17 Dec 2021,1211,2435,1,3674477,3618363,240563,3915040,3858926,83.1411620573522,81.9495054797217,46
-7.6926,53.28823,2021/12/18 00:00:00+00,Sat 18 Dec 2021,1258,1179,0,3675735,3619542,240563,3916298,3860105,83.1678773864083,81.9745431370804,47
-7.6926,53.28823,2021/12/19 00:00:00+00,Sun 19 Dec 2021,555,881,1,3676290,3620423,240564,3916854,3860987,83.1796847973426,81.9932735983106,48
-7.6926,53.28823,2021/12/20 00:00:00+00,Mon 20 Dec 2021,526,599,0,3676816,3621022,240564,3917380,3861586,83.1908551177587,82.0059941723207,49
-7.6926,53.28823,2021/12/21 00:00:00+00,Tue 21 Dec 2021,1446,1795,4,3678262,3622817,240568,3918830,3863385,83.2216478261304,82.0441983670521,50
-7.6926,53.28823,2021/12/22 00:00:00+00,Wed 22 Dec 2021,1209,1567,2,3679471,3624384,240570,3920041,3864954,83.2473650467083,82.0775182011452,51
-7.6926,53.28823,2021/12/23 00:00:00+00,Thu 23 Dec 2021,950,1354,0,3680421,3625738,240570,3920991,3866308,83.2675395797793,82.1062722198591,52
-7.6926,53.28823,2021/12/24 00:00:00+00,Fri 24 Dec 2021,105,143,0,3680526,3625881,240570,3921096,3866451,83.2697693965925,82.109309017995,53
-7.6926,53.28823,2021/12/25 00:00:00+00,Sat 25 Dec 2021,2,22,0,3680528,3625903,240570,3921098,3866473,83.2698118692937,82.1097762177083,54
-7.6926,53.28823,2021/12/26 00:00:00+00,Sun 26 Dec 2021,11,8,0,3680539,3625911,240570,3921109,3866481,83.2700454691503,82.1099461085131,55
-7.6926,53.28823,2021/12/27 00:00:00+00,Mon 27 Dec 2021,389,583,0,3680928,3626494,240570,3921498,3867064,83.2783064095341,82.1223269009135,56
-7.6926,53.28823,2021/12/28 00:00:00+00,Tue 28 Dec 2021,470,740,1,3681398,3627234,240571,3921969,3867805,83.2883087306672,82.1380630367089,57
-7.6926,53.28823,2021/12/29 00:00:00+00,Wed 29 Dec 2021,1076,1294,0,3682474,3628528,240571,3923045,3869099,83.311159043914,82.1655428743868,58
-7.6926,53.28823,2021/12/30 00:00:00+00,Thu 30 Dec 2021,1070,1182,1,3683544,3629710,240572,3924116,3870282,83.3339031754078,82.1906654771479,59
-7.6926,53.28823,2021/12/31 00:00:00+00,Fri 31 Dec 2021,721,1668,0,3684265,3631378,240572,3924837,3871950,83.3492145841912,82.2260877099505,60
-7.6926,53.28823,2022/01/01 00:00:00+00,Sat 01 Jan 2022,68,96,0,3684333,3631474,240572,3924905,3872046,83.3506586560321,82.2281263996082,61
-7.6926,53.28823,2022/01/02 00:00:00+00,Sun 02 Jan 2022,271,624,0,3684604,3632098,240572,3925176,3872670,83.356413707045,82.2413778823833,62
-7.6926,53.28823,2022/01/03 00:00:00+00,Mon 03 Jan 2022,3631,718,1,3688235,3632816,240573,3928808,3873389,83.4335441324282,82.2566468184655,63
-7.6926,53.28823,2022/01/04 00:00:00+00,Tue 04 Jan 2022,1191,769,0,3689426,3633585,240573,3929999,3874158,83.4588366259941,82.2729775720778,64
-7.6926,53.28823,2022/01/05 00:00:00+00,Wed 05 Jan 2022,2144,888,0,3691570,3634473,240573,3932143,3875046,83.5043673616829,82.2918354514115,65
-7.6926,53.28823,2022/01/06 00:00:00+00,Thu 06 Jan 2022,2465,1681,0,3694035,3636154,240573,3934608,3876727,83.5567149659146,82.327533756772,66
-7.6926,53.28823,2022/01/07 00:00:00+00,Fri 07 Jan 2022,4854,770,0,3698889,3636924,240573,3939462,3877497,83.6597962117324,82.3438857467349,67
-7.6926,53.28823,2022/01/08 00:00:00+00,Sat 08 Jan 2022,9792,733,1,3708681,3637657,240574,3949255,3878231,83.867763793169,82.3594732280761,68
-7.6926,53.28823,2022/01/09 00:00:00+00,Sun 09 Jan 2022,7115,663,0,3715796,3638320,240574,3956370,3878894,84.0188604276959,82.3735529285246,69
-7.6926,53.28823,2022/01/10 00:00:00+00,Mon 10 Jan 2022,6658,497,0,3722454,3638817,240574,3963028,3879391,84.160252049998,82.3841073947734,70
-7.6926,53.28823,2022/01/11 00:00:00+00,Tue 11 Jan 2022,4776,1351,1,3727230,3640168,240575,3967805,3880743,84.2616980968195,82.4128189407861,71
-7.6926,53.28823,2022/01/12 00:00:00+00,Wed 12 Jan 2022,7563,897,1,3734793,3641065,240576,3975369,3881641,84.4223298527663,82.4318891836258,72
-7.6926,53.28823,2022/01/13 00:00:00+00,Thu 13 Jan 2022,7328,794,0,3742121,3641859,240576,3982697,3882435,84.5779498299712,82.4487508460031,73
-7.6926,53.28823,2022/01/14 00:00:00+00,Fri 14 Jan 2022,10726,820,0,3752847,3642679,240576,3993423,3883255,84.8057309265186,82.466164653496,74
-7.6926,53.28823,2022/01/15 00:00:00+00,Sat 15 Jan 2022,8355,641,0,3761202,3643320,240576,4001778,3883896,84.9831606357909,82.4797771542313,75
-7.6926,53.28823,2022/01/16 00:00:00+00,Sun 16 Jan 2022,6965,1214,1,3768167,3644534,240577,4008744,3885111,85.1310930540781,82.5055793202117,76
-7.6926,53.28823,2022/01/17 00:00:00+00,Mon 17 Jan 2022,2567,548,0,3770734,3645082,240577,4011311,3885659,85.1856067660712,82.5172168403411,77
-7.6926,53.28823,2022/01/18 00:00:00+00,Tue 18 Jan 2022,4063,433,3,3774797,3645515,240580,4015377,3886095,85.2719537676153,82.5264758892032,78
-7.6926,53.28823,2022/01/19 00:00:00+00,Wed 19 Jan 2022,3489,614,0,3778286,3646129,240580,4018866,3886709,85.3460473948626,82.5395150084722,79
-7.6926,53.28823,2022/01/20 00:00:00+00,Thu 20 Jan 2022,3699,927,1,3781985,3647056,240581,4022566,3887637,85.4246218920866,82.5592223418301,80
-7.6926,53.28823,2022/01/21 00:00:00+00,Fri 21 Jan 2022,3254,968,0,3785239,3648024,240581,4025820,3888605,85.4937249769426,82.5797791292119,81
-7.6926,53.28823,2022/01/22 00:00:00+00,Sat 22 Jan 2022,4271,639,0,3789510,3648663,240581,4030091,3889244,85.58442543036,82.593349157246,82
-7.6926,53.28823,2022/01/23 00:00:00+00,Sun 23 Jan 2022,3091,677,0,3792601,3649340,240581,4033182,3889921,85.650066990068,82.607726166603,83
-7.6926,53.28823,2022/01/24 00:00:00+00,Mon 24 Jan 2022,646,457,0,3793247,3649797,240581,4033828,3890378,85.6637856725563,82.6174311788277,84
-7.6926,53.28823,2022/01/25 00:00:00+00,Tue 25 Jan 2022,699,1829,0,3793946,3651626,240581,4034527,3892207,85.6786298816264,82.6562724640771,85
-7.6926,53.28823,2022/01/26 00:00:00+00,Wed 26 Jan 2022,701,887,0,3794647,3652513,240581,4035228,3893094,85.6935165633978,82.6751091070603,86
-7.6926,53.28823,2022/01/27 00:00:00+00,Thu 27 Jan 2022,1274,1164,0,3795921,3653677,240581,4036502,3894258,85.7205716740636,82.69982821916,87
-7.6926,53.28823,2022/01/28 00:00:00+00,Fri 28 Jan 2022,1033,3091,0,3796954,3656768,240581,4037535,3897349,85.7425088242346,82.765469778868,88
-7.6926,53.28823,2022/01/29 00:00:00+00,Sat 29 Jan 2022,2328,3442,0,3799282,3660210,240581,4039863,3900791,85.791947048434,82.838565297637,89
-7.6926,53.28823,2022/01/30 00:00:00+00,Sun 30 Jan 2022,1634,7538,0,3800916,3667748,240581,4041497,3908329,85.8266472453162,82.9986449084682,90
-7.6926,53.28823,2022/01/31 00:00:00+00,Mon 31 Jan 2022,480,1388,0,3801396,3669136,240581,4041977,3909717,85.8368406936047,83.0281209631025,91
-7.6926,53.28823,2022/02/01 00:00:00+00,Tue 01 Feb 2022,754,3412,1,3802150,3672548,240582,4042732,3913130,85.8528741383085,83.100600627704,92
-7.6926,53.28823,2022/02/02 00:00:00+00,Wed 02 Feb 2022,646,2994,0,3802796,3675542,240582,4043378,3916124,85.8665928207968,83.1641822614038,93
-7.6926,53.28823,2022/02/03 00:00:00+00,Thu 03 Feb 2022,909,2429,1,3803705,3677971,240583,4044288,3918554,85.8859178998438,83.2157865933645,94
-7.6926,53.28823,2022/02/04 00:00:00+00,Fri 04 Feb 2022,1174,6518,0,3804879,3684489,240583,4045462,3925072,85.9108493754495,83.3542051265824,95
-7.6926,53.28823,2022/02/05 00:00:00+00,Sat 05 Feb 2022,1777,5747,0,3806656,3690236,240583,4047239,3930819,85.9485863704677,83.476250433487,96
-7.6926,53.28823,2022/02/06 00:00:00+00,Sun 06 Feb 2022,1408,7555,0,3808064,3697791,240583,4048647,3938374,85.9784871521141,83.6366910622784,97
-7.6926,53.28823,2022/02/07 00:00:00+00,Mon 07 Feb 2022,439,1348,0,3808503,3699139,240583,4049086,3939722,85.987809910028,83.6653176628887,98
-7.6926,53.28823,2022/02/08 00:00:00+00,Tue 08 Feb 2022,900,1234,0,3809403,3700373,240583,4049986,3940956,86.0069226255689,83.6915233195304,99
-7.6926,53.28823,2022/02/09 00:00:00+00,Wed 09 Feb 2022,1332,1781,0,3810735,3702154,240583,4051318,3942737,86.0352094445696,83.729345259951,100
-7.6926,53.28823,2022/02/10 00:00:00+00,Thu 10 Feb 2022,688,2543,0,3811423,3704697,240583,4052006,3945280,86.0498200537832,83.7833492995296,101
-7.6926,53.28823,2022/02/11 00:00:00+00,Fri 11 Feb 2022,552,4914,0,3811975,3709611,240583,4052558,3950194,86.061542519315,83.8877047263834,102
-7.6926,53.28823,2022/02/12 00:00:00+00,Sat 12 Feb 2022,1398,5459,0,3813373,3715070,240583,4053956,3955653,86.0912309374553,84.0036339643149,103
-7.6926,53.28823,2021/04/09 23:00:00+00,Sat 10 Apr 2021,11167,4165,12,785668,335596,208,785876,335804,16.6891382649944,7.13125147725364,104
-7.6926,53.28823,2021/04/10 23:00:00+00,Sun 11 Apr 2021,2859,362,8,788527,335958,216,788743,336174,16.7500228821678,7.13910892697605,105
-7.6926,53.28823,2021/04/11 23:00:00+00,Mon 12 Apr 2021,7771,2796,13,796298,338754,229,796527,338983,16.9153266352468,7.19876183581455,106
-7.6926,53.28823,2021/04/12 23:00:00+00,Tue 13 Apr 2021,11507,8592,1,807805,347346,230,808035,347576,17.1597145579643,7.38124579652985,107
-7.6926,53.28823,2021/04/13 23:00:00+00,Wed 14 Apr 2021,20346,6595,2,828151,353941,232,828383,354173,17.5918318199956,7.52134200144535,108
-7.6926,53.28823,2021/04/14 23:00:00+00,Thu 15 Apr 2021,27123,10797,1,855274,364738,233,855507,364971,18.1678465937,7.75065211523608,109
-7.6926,53.28823,2021/04/15 23:00:00+00,Fri 16 Apr 2021,27969,9830,1,883243,374568,234,883477,374802,18.7618273200129,7.95942667799555,110
-7.6926,53.28823,2021/04/16 23:00:00+00,Sat 17 Apr 2021,15845,4549,2,899088,379117,236,899324,379353,19.0983597679886,8.05607330958118,111
-7.6926,53.28823,2021/04/17 23:00:00+00,Sun 18 Apr 2021,1070,483,0,900158,379600,236,900394,379836,19.1210826631318,8.06633046692152,112
-7.6926,53.28823,2021/04/18 23:00:00+00,Mon 19 Apr 2021,6738,2252,0,906896,381852,236,907132,382088,19.2641731934821,8.11415472847521,113
-7.6926,53.28823,2021/04/19 23:00:00+00,Tue 20 Apr 2021,15088,7306,1,921984,389158,237,922221,389395,19.5846084877021,8.26932874231749,114
-7.6926,53.28823,2021/04/20 23:00:00+00,Wed 21 Apr 2021,26713,9875,4,948697,399033,241,948938,399274,20.1519800667119,8.47912264990581,115
-7.6926,53.28823,2021/04/21 23:00:00+00,Thu 22 Apr 2021,31619,12183,1,980316,411216,242,980558,411458,20.8234734727188,8.73786634562968,116
-7.6926,53.28823,2021/04/22 23:00:00+00,Fri 23 Apr 2021,33617,12350,3,1013933,423566,245,1014178,423811,21.537439579928,9.00019898460513,117
-7.6926,53.28823,2021/04/23 23:00:00+00,Sat 24 Apr 2021,23698,6988,2,1037631,430554,247,1037878,430801,22.0407410891742,9.14864107530686,118
-7.6926,53.28823,2021/04/24 23:00:00+00,Sun 25 Apr 2021,9746,298,2,1047377,430852,249,1047626,431101,22.2477530348338,9.15501198048719,119
-7.6926,53.28823,2021/04/25 23:00:00+00,Mon 26 Apr 2021,15576,3049,3,1062953,433901,252,1063205,434153,22.5785941408484,9.21982532252177,120
-7.6926,53.28823,2021/04/26 23:00:00+00,Tue 27 Apr 2021,25913,7808,9,1088866,441709,261,1089127,441970,23.1290828211303,9.38582987517061,121
-7.6926,53.28823,2021/04/27 23:00:00+00,Wed 28 Apr 2021,26027,8591,5,1114893,450300,266,1115159,450566,23.6819074999782,9.56837754493771,122
-7.6926,53.28823,2021/04/28 23:00:00+00,Thu 29 Apr 2021,31687,11331,6,1146580,461631,272,1146852,461903,24.3549511595791,9.80913405170244,123
-7.6926,53.28823,2021/04/29 23:00:00+00,Fri 30 Apr 2021,36121,13521,8,1182701,475152,280,1182981,475432,25.1221992704464,10.0964406389848,124
-7.6926,53.28823,2021/04/30 23:00:00+00,Sat 01 May 2021,16572,6681,18,1199273,481833,298,1199571,482131,25.4745103269188,10.2387029516616,125
-7.6926,53.28823,2021/05/01 23:00:00+00,Sun 02 May 2021,12451,908,14,1211724,482741,312,1212036,483053,25.7392214371615,10.2582828669158,126
-7.6926,53.28823,2021/05/02 23:00:00+00,Mon 03 May 2021,14252,920,21,1225976,483661,333,1226309,483994,26.0423278692911,10.2782662728315,127
-7.6926,53.28823,2021/05/03 23:00:00+00,Tue 04 May 2021,26653,6784,10,1252629,490445,343,1252972,490788,26.6085526853684,10.4225460388154,128
-7.6926,53.28823,2021/05/04 23:00:00+00,Wed 05 May 2021,32098,13457,69,1284727,503902,412,1285139,504314,27.2916623751542,10.7097889170459,129
-7.6926,53.28823,2021/05/05 23:00:00+00,Thu 06 May 2021,37271,14377,132,1321998,518279,544,1322542,518823,28.0859655966873,11.0179071279174,130
-7.6926,53.28823,2021/05/06 23:00:00+00,Fri 07 May 2021,40597,15065,97,1362595,533344,641,1363236,533985,28.9501576480487,11.3398926757313,131
-7.6926,53.28823,2021/05/07 23:00:00+00,Sat 08 May 2021,25609,7037,10,1388204,540381,651,1388855,541032,29.4942117140984,11.4895452384173,132
-7.6926,53.28823,2021/05/08 23:00:00+00,Sun 09 May 2021,19667,921,5,1407871,541302,656,1408527,541958,29.9119732031234,11.5092100990739,133
-7.6926,53.28823,2021/05/09 23:00:00+00,Mon 10 May 2021,28841,4640,173,1436712,545942,829,1437541,546771,30.5281246794638,11.6114206545171,134
-7.6926,53.28823,2021/05/10 23:00:00+00,Tue 11 May 2021,33919,14811,153,1470631,560753,982,1471613,561735,31.2516896171447,11.929201404912,135
-7.6926,53.28823,2021/05/11 23:00:00+00,Wed 12 May 2021,31287,20925,171,1501918,581678,1153,1503071,582831,31.9197427343543,12.3772034571929,136
-7.6926,53.28823,2021/05/12 23:00:00+00,Thu 13 May 2021,35995,25474,152,1537913,607152,1305,1539218,608457,32.6873730995324,12.9214061776969,137
-7.6926,53.28823,2021/05/13 23:00:00+00,Fri 14 May 2021,38211,27941,236,1576124,635093,1541,1577665,636634,33.5038470710931,13.5197828285842,138
-7.6926,53.28823,2021/05/14 23:00:00+00,Sat 15 May 2021,28851,12444,22,1604975,647537,1563,1606538,649100,34.1170042219989,13.7845151751776,139
-7.6926,53.28823,2021/05/15 23:00:00+00,Sun 16 May 2021,23169,1170,9,1628144,648707,1572,1629716,650279,34.6092203562313,13.8095528325363,140
-7.6926,53.28823,2021/05/16 23:00:00+00,Mon 17 May 2021,35387,3942,115,1663531,652649,1687,1665218,654336,35.3631532752717,13.895708706925,141
-7.6926,53.28823,2021/05/17 23:00:00+00,Tue 18 May 2021,39004,12487,125,1702535,665136,1812,1704347,666948,36.1941104379424,14.1635415607061,142
-7.6926,53.28823,2021/05/18 23:00:00+00,Wed 19 May 2021,37021,17584,207,1739556,682720,2019,1741575,684739,36.9846972981204,14.5413574742504,143
-7.6926,53.28823,2021/05/19 23:00:00+00,Thu 20 May 2021,39074,19637,136,1778630,702357,2155,1780785,704512,37.8173746051897,14.9612638346861,144
-7.6926,53.28823,2021/05/20 23:00:00+00,Fri 21 May 2021,25841,23243,14933,1804471,725600,17088,1821559,742688,38.6832655645992,15.7719827552339,145
-7.6926,53.28823,2021/05/21 23:00:00+00,Sat 22 May 2021,16587,10241,13522,1821058,735841,30610,1851668,766451,39.3226708448479,16.2766221545679,146
-7.6926,53.28823,2021/05/22 23:00:00+00,Sun 23 May 2021,8211,5522,10204,1829269,741363,40814,1870083,782177,39.7137382411672,16.6105850041209,147
-7.6926,53.28823,2021/05/23 23:00:00+00,Mon 24 May 2021,22544,8209,8450,1851813,749572,49264,1901077,798836,40.3719376916979,16.9643613687847,148
-7.6926,53.28823,2021/05/24 23:00:00+00,Tue 25 May 2021,30326,16477,3222,1882139,766049,52486,1934625,818535,41.0843747816638,17.3826962392759,149
-7.6926,53.28823,2021/05/25 23:00:00+00,Wed 26 May 2021,19962,25385,3049,1902101,791434,55535,1957636,846969,41.5730444453458,17.9865306322677,150
-7.6926,53.28823,2021/05/26 23:00:00+00,Thu 27 May 2021,17004,36019,551,1919105,827453,56086,1975191,883539,41.9458485801482,18.7631439737502,151
-7.6926,53.28823,2021/05/27 23:00:00+00,Fri 28 May 2021,27027,31813,1558,1946132,859266,57644,2003776,916910,42.5528896620808,19.4718222296597,152
-7.6926,53.28823,2021/05/28 23:00:00+00,Sat 29 May 2021,24463,7383,534,1970595,866649,58178,2028773,924827,43.0837347180567,19.6399504173686,153
-7.6926,53.28823,2021/05/29 23:00:00+00,Sun 30 May 2021,24236,1674,209,1994831,868323,58387,2053218,926710,43.6028573085007,19.6799384655505,154
-7.6926,53.28823,2021/05/30 23:00:00+00,Mon 31 May 2021,22572,7322,3442,2017403,875645,61829,2079232,937474,44.1552997330378,19.9085265434208,155
-7.6926,53.28823,2021/05/31 23:00:00+00,Tue 01 Jun 2021,27537,11506,3653,2044940,887151,65482,2110422,952633,44.8176615082863,20.230448382183,156
-7.6926,53.28823,2021/06/01 23:00:00+00,Wed 02 Jun 2021,18683,20886,4007,2063623,908037,69489,2133112,977526,45.2995143034254,20.7590848576963,157
-7.6926,53.28823,2021/06/02 23:00:00+00,Thu 03 Jun 2021,16669,30704,1976,2080292,938741,71465,2151757,1010206,45.695466060383,21.4530887953404,158
-7.6926,53.28823,2021/06/03 23:00:00+00,Fri 04 Jun 2021,28993,23337,151,2109285,962078,71616,2180901,1033694,46.3143782623016,21.9518881982592,159
-7.6926,53.28823,2021/06/04 23:00:00+00,Sat 05 Jun 2021,20945,11485,33,2130230,973563,71649,2201879,1045212,46.7598744252116,22.1964884844827,160
-7.6926,53.28823,2021/06/05 23:00:00+00,Sun 06 Jun 2021,19929,3898,43,2150159,977461,71692,2221851,1049153,47.1840068194169,22.2801809422017,161
-7.6926,53.28823,2021/06/06 23:00:00+00,Mon 07 Jun 2021,19797,4578,45,2169956,982039,71737,2241693,1053776,47.605378488044,22.3783565910306,162
-7.6926,53.28823,2021/06/07 23:00:00+00,Tue 08 Jun 2021,26389,18349,43,2196345,1000388,71780,2268125,1072168,48.1666977071325,22.7689355512861,163
-7.6926,53.28823,2021/06/08 23:00:00+00,Wed 09 Jun 2021,32778,20104,173,2229123,1020492,71953,2301076,1092445,48.8664566957895,23.1995450324247,164
-7.6926,53.28823,2021/06/09 23:00:00+00,Thu 10 Jun 2021,27669,27485,270,2256792,1047977,72223,2329015,1120200,49.4597790952338,23.7889599433584,165
-7.6926,53.28823,2021/06/10 23:00:00+00,Fri 11 Jun 2021,26417,32890,40,2283209,1080867,72263,2355472,1153130,50.0216292230872,24.4882729686528,166
-7.6926,53.28823,2021/06/11 23:00:00+00,Sat 12 Jun 2021,12197,19715,103,2295406,1100582,72366,2367772,1172948,50.2828363354808,24.9091349648655,167
-7.6926,53.28823,2021/06/12 23:00:00+00,Sun 13 Jun 2021,8540,18165,831,2303946,1118747,73197,2377143,1191944,50.4818421769638,25.3125406808841,168
-7.6926,53.28823,2021/06/13 23:00:00+00,Mon 14 Jun 2021,16007,31297,48,2319953,1150044,73245,2393198,1223289,50.8227917858645,25.9781940904758,169
-7.6926,53.28823,2021/06/14 23:00:00+00,Tue 15 Jun 2021,14679,41574,205,2334632,1191618,73450,2408082,1265068,51.1388736282114,26.8654275822394,170
-7.6926,53.28823,2021/06/15 23:00:00+00,Wed 16 Jun 2021,13457,48381,215,2348089,1239999,73665,2421754,1313664,51.4292170136297,27.8974292760507,171
-7.6926,53.28823,2021/06/16 23:00:00+00,Thu 17 Jun 2021,21557,42671,535,2369646,1282670,74200,2443846,1356870,51.8983704711093,28.814967040122,172
-7.6926,53.28823,2021/06/17 23:00:00+00,Fri 18 Jun 2021,12004,50034,552,2381650,1332704,74752,2456402,1407456,52.1650140892568,29.8892290716296,173
-7.6926,53.28823,2021/06/18 23:00:00+00,Sat 19 Jun 2021,6303,32793,432,2387953,1365497,75184,2463137,1440681,52.3080409105553,30.5948068203513,174
-7.6926,53.28823,2021/06/19 23:00:00+00,Sun 20 Jun 2021,8506,26135,177,2396459,1391632,75361,2471820,1466993,52.4924361428247,31.1535776773676,175
-7.6926,53.28823,2021/06/20 23:00:00+00,Mon 21 Jun 2021,15459,32330,572,2411918,1423962,75933,2487851,1499895,52.832876079311,31.8522960848452,176
-7.6926,53.28823,2021/06/21 23:00:00+00,Tue 22 Jun 2021,15120,43530,722,2427038,1467492,76655,2503693,1544147,53.1693023455337,32.7920470716453,177
-7.6926,53.28823,2021/06/22 23:00:00+00,Wed 23 Jun 2021,20069,39375,881,2447107,1506867,77536,2524643,1584403,53.6142038906268,33.6469376014434,178
-7.6926,53.28823,2021/06/23 23:00:00+00,Thu 24 Jun 2021,19006,44260,1030,2466113,1551127,78566,2544679,1629693,54.0396954112706,34.6087319201675,179
-7.6926,53.28823,2021/06/24 23:00:00+00,Fri 25 Jun 2021,15195,50112,840,2481308,1601239,79406,2560714,1680645,54.3802202931593,35.690766455995,180
-7.6926,53.28823,2021/06/25 23:00:00+00,Sat 26 Jun 2021,9046,30541,508,2490354,1631780,79914,2570268,1711694,54.5831123868023,36.3501339058087,181
-7.6926,53.28823,2021/06/26 23:00:00+00,Sun 27 Jun 2021,8718,30469,56,2499072,1662249,79970,2579042,1742219,54.7694401269764,36.9983735079075,182
-7.6926,53.28823,2021/06/27 23:00:00+00,Mon 28 Jun 2021,24214,24628,520,2523286,1686877,80490,2603776,1767367,55.2947000227441,37.5324252528241,183
-7.6926,53.28823,2021/06/28 23:00:00+00,Tue 29 Jun 2021,28140,31015,808,2551426,1717892,81298,2632724,1799190,55.9094498999449,38.208229638003,184
-7.6926,53.28823,2021/06/29 23:00:00+00,Wed 30 Jun 2021,22548,36851,587,2573974,1754743,81885,2655859,1836628,56.4007528711015,39.0032761318072,185
-7.6926,53.28823,2021/06/30 23:00:00+00,Thu 01 Jul 2021,14986,48309,639,2588960,1803052,82524,2671484,1885576,56.7325708492438,40.0427530210301,186
-7.6926,53.28823,2021/07/01 23:00:00+00,Fri 02 Jul 2021,13647,47249,813,2602607,1850301,83337,2685944,1933638,57.0396484789358,41.0634145036205,187
-7.6926,53.28823,2021/07/02 23:00:00+00,Sat 03 Jul 2021,9301,30462,505,2611908,1880763,83842,2695750,1964605,57.2478921329302,41.7210405726849,188
-7.6926,53.28823,2021/07/03 23:00:00+00,Sun 04 Jul 2021,6441,27772,231,2618349,1908535,84073,2702422,1992608,57.3895810641408,42.3157220985677,189
-7.6926,53.28823,2021/07/04 23:00:00+00,Mon 05 Jul 2021,15583,33438,5338,2633932,1941973,89411,2723343,2031384,57.8338667550665,43.1391828294761,190
-7.6926,53.28823,2021/07/05 23:00:00+00,Tue 06 Jul 2021,12398,48282,5483,2646330,1990255,94894,2741224,2085149,58.2135939401649,44.2809552195446,191
-7.6926,53.28823,2021/07/06 23:00:00+00,Wed 07 Jul 2021,19690,43747,5054,2666020,2034002,99948,2765968,2133950,58.7390661994386,45.3173103652291,192
-7.6926,53.28823,2021/07/07 23:00:00+00,Thu 08 Jul 2021,17750,45573,5993,2683770,2079575,105941,2789711,2185516,59.2432808717607,46.4123840203257,193
-7.6926,53.28823,2021/07/08 23:00:00+00,Fri 09 Jul 2021,13504,45080,6528,2697274,2124655,112469,2809743,2237124,59.668687447002,47.5083496021476,194
-7.6926,53.28823,2021/07/09 23:00:00+00,Sat 10 Jul 2021,8620,23855,4362,2705894,2148510,116831,2822725,2265341,59.9443777505056,48.107575707059,195
-7.6926,53.28823,2021/07/10 23:00:00+00,Sun 11 Jul 2021,15220,16103,2153,2721114,2164613,118984,2840098,2283597,60.3133168694986,48.4952665236328,196
-7.6926,53.28823,2021/07/11 23:00:00+00,Mon 12 Jul 2021,17093,31739,6090,2738207,2196352,125074,2863281,2321426,60.805639185484,49.298616430522,197
-7.6926,53.28823,2021/07/12 23:00:00+00,Tue 13 Jul 2021,20090,36550,8485,2758297,2232902,133559,2891856,2366461,61.4124679039106,50.2549954798428,198
-7.6926,53.28823,2021/07/13 23:00:00+00,Wed 14 Jul 2021,20783,35681,9331,2779080,2268583,142890,2921970,2411473,62.0519793659123,51.2108860930997,199
-7.6926,53.28823,2021/07/14 23:00:00+00,Thu 15 Jul 2021,23615,28816,9580,2802695,2297399,152470,2955165,2449869,62.756920024116,52.0262770107798,200
-7.6926,53.28823,2021/07/15 23:00:00+00,Fri 16 Jul 2021,23520,27405,9162,2826215,2324804,161632,2987847,2486436,63.4509664344613,52.8028266432104,201
-7.6926,53.28823,2021/07/16 23:00:00+00,Sat 17 Jul 2021,11486,19414,4676,2837701,2344218,166308,3004009,2510526,63.7941883328764,53.314410329191,202
-7.6926,53.28823,2021/07/17 23:00:00+00,Sun 18 Jul 2021,16847,15802,1928,2854548,2360020,168236,3022784,2528256,64.1929008154122,53.6909308253486,203
-7.6926,53.28823,2021/07/18 23:00:00+00,Mon 19 Jul 2021,24868,18408,6246,2879416,2378428,174482,3053898,2552910,64.853648628015,54.2144918130683,204
-7.6926,53.28823,2021/07/19 23:00:00+00,Tue 20 Jul 2021,30559,18163,7693,2909975,2396591,182175,3092150,2578766,65.6659815112084,54.7635788942105,205
-7.6926,53.28823,2021/07/20 23:00:00+00,Wed 21 Jul 2021,30339,19821,6885,2940314,2416412,189060,3129374,2605472,66.456483425984,55.3307168733636,206
-7.6926,53.28823,2022/02/13 00:00:00+00,Sun 13 Feb 2022,1567,4705,0,3814940,3719775,240583,4055523,3960358,86.1245082988473,84.1035509938931,207
-7.6926,53.28823,2022/02/14 00:00:00+00,Mon 14 Feb 2022,175,950,1,3815115,3720725,240584,4055699,3961309,86.1282458965531,84.1237467633147,208
-7.6926,53.28823,2022/02/15 00:00:00+00,Tue 15 Feb 2022,649,814,1,3815764,3721539,240585,4056349,3962124,86.1420495244438,84.1410543890546,209
-7.6926,53.28823,2022/02/16 00:00:00+00,Wed 16 Feb 2022,800,1785,0,3816564,3723324,240585,4057149,3963909,86.1590386049247,84.1789612748776,210
-7.6926,53.28823,2022/02/17 00:00:00+00,Thu 17 Feb 2022,794,1188,2,3817358,3724512,240587,4057945,3965099,86.1759427400031,84.2042325320929,211
-7.6926,53.28823,2022/02/18 00:00:00+00,Fri 18 Feb 2022,796,3290,0,3818154,3727802,240587,4058741,3968389,86.1928468750816,84.2741001255705,212
-7.6926,53.28823,2022/02/19 00:00:00+00,Sat 19 Feb 2022,979,3553,0,3819133,3731355,240587,4059720,3971942,86.2136372623201,84.3495528792563,213
-7.6926,53.28823,2022/02/20 00:00:00+00,Sun 20 Feb 2022,1366,3587,0,3820499,3734942,240587,4061086,3975529,86.2426461172412,84.4257276688624,214
-7.6926,53.28823,2022/02/21 00:00:00+00,Mon 21 Feb 2022,252,988,2,3820751,3735930,240589,4061340,3976519,86.2480401502939,84.4467516559575,215
-7.6926,53.28823,2022/02/22 00:00:00+00,Tue 22 Feb 2022,474,973,0,3821225,3736903,240589,4061814,3977492,86.2581061804788,84.4674146250924,216
-7.6926,53.28823,2022/02/23 00:00:00+00,Wed 23 Feb 2022,828,1270,1,3822053,3738173,240590,4062643,3978763,86.2757111151271,84.4944060267064,217
-7.6926,53.28823,2022/02/24 00:00:00+00,Thu 24 Feb 2022,660,1230,0,3822713,3739403,240590,4063303,3979993,86.2897271065239,84.5205267379458,218
-7.6926,53.28823,2022/02/25 00:00:00+00,Fri 25 Feb 2022,690,1221,0,3823403,3740624,240590,4063993,3981214,86.3043801884386,84.5464563220297,219
-7.6926,53.28823,2022/02/26 00:00:00+00,Sat 26 Feb 2022,960,2088,0,3824363,3742712,240590,4064953,3983302,86.3247670850157,84.5907978220848,220
-7.6926,53.28823,2022/02/27 00:00:00+00,Sun 27 Feb 2022,671,1782,0,3825034,3744494,240590,4065624,3985084,86.339016676269,84.628640998856,221
-7.6926,53.28823,2022/02/28 00:00:00+00,Mon 28 Feb 2022,85,426,0,3825119,3744920,240590,4065709,3985510,86.3408217660701,84.6376876842121,222
-7.6926,53.28823,2022/03/01 00:00:00+00,Tue 01 Mar 2022,131,940,0,3825250,3745860,240590,4065840,3986450,86.3436037279989,84.6576498537771,223
-7.6926,53.28823,2022/03/02 00:00:00+00,Wed 02 Mar 2022,206,993,2,3825456,3746853,240592,4066048,3987445,86.3480208889239,84.6787800226252,224
-7.6926,53.28823,2022/03/03 00:00:00+00,Thu 03 Mar 2022,278,1271,0,3825734,3748124,240592,4066326,3988716,86.353924594391,84.7057714242392,225
-7.6926,53.28823,2022/03/04 00:00:00+00,Fri 04 Mar 2022,733,1505,2,3826467,3749629,240594,4067061,3990223,86.3695333120828,84.7377746045951,226
-7.6926,53.28823,2022/03/05 00:00:00+00,Sat 05 Mar 2022,962,3341,0,3827429,3752970,240594,4068023,3993564,86.3899626813611,84.8087252519534,227
-7.6926,53.28823,2022/03/06 00:00:00+00,Sun 06 Mar 2022,456,1914,0,3827885,3754884,240594,4068479,3995478,86.3996464572352,84.8493716270039,228
-7.6926,53.28823,2022/03/07 00:00:00+00,Mon 07 Mar 2022,112,121,0,3827997,3755005,240594,4068591,3995599,86.4020249285025,84.8519412254266,229
-7.6926,53.28823,2022/03/08 00:00:00+00,Tue 08 Mar 2022,119,492,0,3828116,3755497,240594,4068710,3996091,86.4045520542241,84.8623895099224,230
-7.6926,53.28823,2022/03/09 00:00:00+00,Wed 09 Mar 2022,125,343,0,3828241,3755840,240594,4068835,3996434,86.4072065980492,84.8696735781785,231
-7.6926,53.28823,2022/03/10 00:00:00+00,Thu 10 Mar 2022,257,507,0,3828498,3756347,240594,4069092,3996941,86.4126643401537,84.8804404079333,232
-7.6926,53.28823,2022/03/11 00:00:00+00,Fri 11 Mar 2022,495,2181,0,3828993,3758528,240594,4069587,3999122,86.4231763337012,84.9267568885943,233
-7.6926,53.28823,2022/03/12 00:00:00+00,Sat 12 Mar 2022,473,2387,2,3829466,3760915,240596,4070062,4001511,86.4332636002367,84.9774905301804,234
-7.6926,53.28823,2022/03/13 00:00:00+00,Sun 13 Mar 2022,359,1082,0,3829825,3761997,240596,4070421,4002593,86.4408874501025,85.0004682615308,235
-7.6926,53.28823,2022/03/14 00:00:00+00,Mon 14 Mar 2022,109,120,0,3829934,3762117,240596,4070530,4002713,86.4432022123181,85.0030166236029,236
-7.6926,53.28823,2022/03/15 00:00:00+00,Tue 15 Mar 2022,222,757,0,3830156,3762874,240596,4070752,4003470,86.4479166821515,85.0190925410079,237
-7.6926,53.28823,2022/03/16 00:00:00+00,Wed 16 Mar 2022,196,798,0,3830352,3763672,240596,4070948,4004268,86.4520790068693,85.0360391487876,238
-7.6926,53.28823,2022/03/18 00:00:00+00,Fri 18 Mar 2022,2,6,0,3830354,3763678,240596,4070950,4004274,86.4521214795705,85.0361665668912,239
-7.6926,53.28823,2022/03/19 00:00:00+00,Sat 19 Mar 2022,743,2778,0,3831097,3766456,240596,4071693,4007052,86.4679000880672,85.0951611488611,240
-7.6926,53.28823,2022/03/20 00:00:00+00,Sun 20 Mar 2022,394,1401,0,3831491,3767857,240596,4072087,4008453,86.476267210204,85.1249132760532,241
-7.6926,53.28823,2022/03/21 00:00:00+00,Mon 21 Mar 2022,54,111,0,3831545,3767968,240596,4072141,4008564,86.4774139731364,85.12727051097,242
-7.6926,53.28823,2022/03/22 00:00:00+00,Tue 22 Mar 2022,138,573,0,3831683,3768541,240596,4072279,4009137,86.4803445895194,85.1394389398644,243
-7.6926,53.28823,2022/03/23 00:00:00+00,Wed 23 Mar 2022,98,220,0,3831781,3768761,240596,4072377,4009357,86.4824257518783,85.1441109369966,244
-7.6926,53.28823,2022/03/24 00:00:00+00,Thu 24 Mar 2022,148,239,0,3831929,3769000,240596,4072525,4009596,86.4855687317673,85.1491864247903,245
-7.6926,53.28823,2022/03/25 00:00:00+00,Fri 25 Mar 2022,436,1621,0,3832365,3770621,240596,4072961,4011217,86.4948277806294,85.1836105491147,246
-7.6926,53.28823,2022/03/26 00:00:00+00,Sat 26 Mar 2022,874,1847,0,3833239,3772468,240596,4073835,4013064,86.5133883510547,85.2228340886749,247
-7.6926,53.28823,2022/03/27 00:00:00+00,Sun 27 Mar 2022,380,802,0,3833619,3773270,240596,4074215,4013866,86.5214581642831,85.239865641857,248
-7.6926,53.28823,2022/03/27 23:00:00+00,Mon 28 Mar 2022,40,51,0,3833659,3773321,240596,4074255,4013917,86.5223076183072,85.2409486957377,249
-7.6926,53.28823,2022/03/28 23:00:00+00,Tue 29 Mar 2022,138,192,3,3833797,3773513,240599,4074396,4014112,86.5253019437419,85.2450897841049,250
-7.6926,53.28823,2022/03/29 23:00:00+00,Wed 30 Mar 2022,110,134,0,3833907,3773647,240599,4074506,4014246,86.5276379423081,85.2479354550854,251
-7.6926,53.28823,2022/03/30 23:00:00+00,Thu 31 Mar 2022,228,355,0,3834135,3774002,240599,4074734,4014601,86.5324798302451,85.2554743595488,252
-7.6926,53.28823,2022/03/31 23:00:00+00,Fri 01 Apr 2022,310,903,0,3834445,3774905,240599,4075044,4015504,86.5390630989315,85.2746507841416,253
-7.6926,53.28823,2022/04/01 23:00:00+00,Sat 02 Apr 2022,726,1538,0,3835171,3776443,240599,4075770,4017042,86.5544806894679,85.3073122913661,254
-7.6926,53.28823,2022/04/02 23:00:00+00,Sun 03 Apr 2022,536,816,0,3835707,3777259,240599,4076306,4017858,86.56586337339,85.3246411534566,255
-7.6926,53.28823,2022/04/03 23:00:00+00,Mon 04 Apr 2022,46,50,0,3835753,3777309,240599,4076352,4017908,86.5668402455177,85.3257029709867,256
-7.6926,53.28823,2022/04/04 23:00:00+00,Tue 05 Apr 2022,130,166,0,3835883,3777475,240599,4076482,4018074,86.5696009710958,85.3292282051865,257
-7.6926,53.28823,2022/04/05 23:00:00+00,Wed 06 Apr 2022,159,209,0,3836042,3777684,240599,4076641,4018283,86.5729775508414,85.3336666024621,258
-7.6926,53.28823,2022/04/06 23:00:00+00,Thu 07 Apr 2022,119,173,0,3836161,3777857,240599,4076760,4018456,86.5755046765629,85.3373404911161,259
-7.6926,53.28823,2022/04/07 23:00:00+00,Fri 08 Apr 2022,267,417,0,3836428,3778274,240599,4077027,4018873,86.5811747821734,85.3461960493167,260
-7.6926,53.28823,2022/04/08 23:00:00+00,Sat 09 Apr 2022,561,1018,0,3836989,3779292,240599,4077588,4019891,86.5930883748607,85.3678146542287,261
-7.6926,53.28823,2022/04/09 23:00:00+00,Sun 10 Apr 2022,412,719,0,3837401,3780011,240599,4078000,4020610,86.6018377513083,85.3830835903109,262
-7.6926,53.28823,2022/04/10 23:00:00+00,Mon 11 Apr 2022,71,92,0,3837472,3780103,240599,4078071,4020702,86.603345532201,85.3850373345662,263
-7.6926,53.28823,2022/04/11 23:00:00+00,Tue 12 Apr 2022,191,175,0,3837663,3780278,240599,4078262,4020877,86.6074016751658,85.3887536959214,264
-7.6926,53.28823,2022/04/12 23:00:00+00,Wed 13 Apr 2022,145,231,0,3837808,3780509,240599,4078407,4021108,86.610480946003,85.3936592929102,265
-7.6926,53.28823,2022/04/13 23:00:00+00,Thu 14 Apr 2022,356,426,0,3838164,3780935,240599,4078763,4021534,86.618041086817,85.4027059782663,266
-7.6926,53.28823,2022/04/14 23:00:00+00,Fri 15 Apr 2022,445,989,0,3838609,3781924,240599,4079208,4022523,86.6274912628345,85.4237087290108,267
-7.6926,53.28823,2022/04/15 23:00:00+00,Sat 16 Apr 2022,42,88,0,3838651,3782012,240599,4079250,4022611,86.6283831895597,85.4255775278637,268
-7.6926,53.28823,2022/04/17 23:00:00+00,Mon 18 Apr 2022,35,61,0,3838686,3782073,240599,4079285,4022672,86.6291264618307,85.4268729452504,269
-7.6926,53.28823,2022/04/18 23:00:00+00,Tue 19 Apr 2022,218,268,1,3838904,3782341,240600,4079504,4022941,86.6337772226124,85.4325855235621,270
-7.6926,53.28823,2022/04/19 23:00:00+00,Wed 20 Apr 2022,246,607,0,3839150,3782948,240600,4079750,4023548,86.6390013648603,85.4454759883769,271
-7.6926,53.28823,2022/04/20 23:00:00+00,Thu 21 Apr 2022,169,238,0,3839319,3783186,240600,4079919,4023786,86.6425903081118,85.45053023982,272
-7.6926,53.28823,2022/04/21 23:00:00+00,Fri 22 Apr 2022,196,250,0,3839515,3783436,240600,4080115,4024036,86.6467526328297,85.4558393274703,273
-7.6926,53.28823,2022/04/22 23:00:00+00,Sat 23 Apr 2022,323,1010,0,3839838,3784446,240600,4080438,4025046,86.6536119740738,85.4772880415774,274
-7.6926,53.28823,2022/04/23 23:00:00+00,Sun 24 Apr 2022,182,252,0,3840020,3784698,240600,4080620,4025298,86.6574769898832,85.4826396019289,275
-7.6926,53.28823,2022/04/24 23:00:00+00,Mon 25 Apr 2022,42,55,0,3840062,3784753,240600,4080662,4025353,86.6583689166085,85.4838076012119,276
-7.6926,53.28823,2022/04/25 23:00:00+00,Tue 26 Apr 2022,144,237,0,3840206,3784990,240600,4080806,4025590,86.661426951095,85.4888406163044,277
-7.6926,53.28823,2022/04/26 23:00:00+00,Wed 27 Apr 2022,121,208,0,3840327,3785198,240600,4080927,4025798,86.6639965495177,85.4932577772294,278
-7.6926,53.28823,2022/04/27 23:00:00+00,Thu 28 Apr 2022,104,126,0,3840431,3785324,240600,4081031,4025924,86.6662051299803,85.4959335574052,279
-7.6926,53.28823,2022/04/28 23:00:00+00,Fri 29 Apr 2022,171,222,0,3840602,3785546,240600,4081202,4026146,86.6698365459331,85.5006480272386,280
-7.6926,53.28823,2022/04/29 23:00:00+00,Sat 30 Apr 2022,280,722,0,3840882,3786268,240600,4081482,4026868,86.6757827241014,85.5159806723726,281
-7.6926,53.28823,2022/04/30 23:00:00+00,Sun 01 May 2022,185,746,0,3841067,3787014,240600,4081667,4027614,86.6797114489626,85.531822989921,282
-7.6926,53.28823,2022/05/01 23:00:00+00,Mon 02 May 2022,11,26,0,3841078,3787040,240600,4081678,4027640,86.6799450488192,85.5323751350366,283
-7.6926,53.28823,2022/05/02 23:00:00+00,Tue 03 May 2022,88,117,0,3841166,3787157,240600,4081766,4027757,86.6818138476721,85.534859788057,284
-7.6926,53.28823,2022/05/03 23:00:00+00,Wed 04 May 2022,119,127,0,3841285,3787284,240600,4081885,4027884,86.6843409733936,85.5375568045833,285
-7.6926,53.28823,2022/05/04 23:00:00+00,Thu 05 May 2022,120,157,0,3841405,3787441,240600,4082005,4028041,86.6868893354658,85.5408909116277,286
-7.6926,53.28823,2022/05/05 23:00:00+00,Fri 06 May 2022,141,255,0,3841546,3787696,240600,4082146,4028296,86.6898836609005,85.546306181031,287
-7.6926,53.28823,2022/05/06 23:00:00+00,Sat 07 May 2022,442,1080,0,3841988,3788776,240600,4082588,4029376,86.6992701278662,85.5692414396802,288
-7.6926,53.28823,2022/05/07 23:00:00+00,Sun 08 May 2022,273,436,0,3842261,3789212,240600,4082861,4029812,86.7050676515803,85.5785004885422,289
-7.6926,53.28823,2022/05/08 23:00:00+00,Mon 09 May 2022,26,30,0,3842287,3789242,240600,4082887,4029842,86.7056197966959,85.5791375790603,290
-7.6926,53.28823,2022/05/09 23:00:00+00,Tue 10 May 2022,93,102,1,3842380,3789344,240601,4082981,4029945,86.7076160136524,85.5813249231722,291
-7.6926,53.28823,2022/05/10 23:00:00+00,Wed 11 May 2022,126,131,0,3842506,3789475,240601,4083107,4030076,86.7102917938282,85.5841068851009,292
-7.6926,53.28823,2022/05/11 23:00:00+00,Thu 12 May 2022,221,390,0,3842727,3789865,240601,4083328,4030466,86.714985027311,85.5923890618354,293
-7.6926,53.28823,2022/05/12 23:00:00+00,Fri 13 May 2022,176,318,0,3842903,3790183,240601,4083504,4030784,86.7187226250168,85.5991422213265,294
-7.6926,53.28823,2022/05/13 23:00:00+00,Sat 14 May 2022,330,628,0,3843233,3790811,240601,4083834,4031412,86.7257306207152,85.612478649504,295
-7.6926,53.28823,2022/05/14 23:00:00+00,Sun 15 May 2022,169,254,0,3843402,3791065,240601,4084003,4031666,86.7293195639668,85.6178726825567,296
-7.6926,53.28823,2022/05/15 23:00:00+00,Mon 16 May 2022,27,32,0,3843429,3791097,240601,4084030,4031698,86.729892945433,85.6185522457759,297
-7.6926,53.28823,2022/05/16 23:00:00+00,Tue 17 May 2022,104,91,0,3843533,3791188,240601,4084134,4031789,86.7321015258955,85.6204847536806,298
-7.6926,53.28823,2022/05/17 23:00:00+00,Wed 18 May 2022,92,111,0,3843625,3791299,240601,4084226,4031900,86.7340552701508,85.6228419885974,299
-7.6926,53.28823,2022/05/18 23:00:00+00,Thu 19 May 2022,77,90,0,3843702,3791389,240601,4084303,4031990,86.7356904691471,85.6247532601515,300
-7.6926,53.28823,2022/05/19 23:00:00+00,Fri 20 May 2022,126,184,0,3843828,3791573,240601,4084429,4032174,86.7383662493228,85.6286607486621,301
-7.6926,53.28823,2022/05/20 23:00:00+00,Sat 21 May 2022,395,756,0,3844223,3792329,240601,4084824,4032930,86.7467546078103,85.6447154297165,302
-7.6926,53.28823,2022/05/21 23:00:00+00,Sun 22 May 2022,232,408,0,3844455,3792737,240601,4085056,4033338,86.7516814411497,85.6533798607617,303
-7.6926,53.28823,2022/05/22 23:00:00+00,Mon 23 May 2022,28,30,0,3844483,3792767,240601,4085084,4033368,86.7522760589665,85.6540169512798,304
-7.6926,53.28823,2022/05/23 23:00:00+00,Tue 24 May 2022,67,76,0,3844550,3792843,240601,4085151,4033444,86.7536988944568,85.6556309139255,305
-7.6926,53.28823,2022/05/24 23:00:00+00,Wed 25 May 2022,83,97,0,3844633,3792940,240601,4085234,4033541,86.7554615115567,85.6576908399338,306
-7.6926,53.28823,2022/05/25 23:00:00+00,Thu 26 May 2022,81,133,0,3844714,3793073,240601,4085315,4033674,86.7571816559554,85.6605152745637,307
-7.6926,53.28823,2020/12/28 00:00:00+00,Mon 28 Dec 2020,215,17,0,215,17,0,215,17,0.00456581537923769,0.000361017960218794,308
-7.6926,53.28823,2020/12/29 00:00:00+00,Tue 29 Dec 2020,75,2,0,290,19,0,290,19,0.0061585416743206,0.000403490661421005,309
-7.6926,53.28823,2020/12/30 00:00:00+00,Wed 30 Dec 2020,1057,1,0,1347,20,0,1347,20,0.0286053642596891,0.00042472701202211,310
-7.6926,53.28823,2020/12/31 00:00:00+00,Thu 31 Dec 2020,1033,1,0,2380,21,0,2380,21,0.0505425144306311,0.000445963362623216,311
-7.6926,53.28823,2021/01/01 00:00:00+00,Fri 01 Jan 2021,815,0,2,3195,21,2,3197,23,0.0678926128717344,0.000488436063825427,312
-7.6926,53.28823,2021/01/02 00:00:00+00,Sat 02 Jan 2021,1016,0,0,4211,21,2,4213,23,0.0894687450824576,0.000488436063825427,313
-7.6926,53.28823,2021/01/03 00:00:00+00,Sun 03 Jan 2021,20,2,1,4231,23,3,4234,26,0.0899147084450808,0.000552145115628744,314
-7.6926,53.28823,2021/01/04 00:00:00+00,Mon 04 Jan 2021,1186,3,0,5417,26,3,5420,29,0.115101020257992,0.00061585416743206,315
-7.6926,53.28823,2021/01/05 00:00:00+00,Tue 05 Jan 2021,3527,11,0,8944,37,3,8947,40,0.190001628828091,0.000849454024044221,316
-7.6926,53.28823,2021/01/06 00:00:00+00,Wed 06 Jan 2021,6776,9,0,15720,46,3,15723,49,0.333899140501182,0.00104058117945417,317
-7.6926,53.28823,2021/01/07 00:00:00+00,Thu 07 Jan 2021,11723,8,0,27443,54,3,27446,57,0.582852878597942,0.00121047198426301,318
-7.6926,53.28823,2021/01/08 00:00:00+00,Fri 08 Jan 2021,12675,5,0,40118,59,3,40121,62,0.852023622466955,0.00131665373726854,319
-7.6926,53.28823,2021/01/09 00:00:00+00,Sat 09 Jan 2021,8074,7,0,48192,66,3,48195,69,1.02348591722028,0.00146530819147628,320
-7.6926,53.28823,2021/01/10 00:00:00+00,Sun 10 Jan 2021,4779,4,1,52971,70,4,52975,74,1.12499567309357,0.00157148994448181,321
-7.6926,53.28823,2021/01/11 00:00:00+00,Mon 11 Jan 2021,8338,6,0,61309,76,4,61313,80,1.30206436440558,0.00169890804808844,322
-7.6926,53.28823,2021/01/12 00:00:00+00,Tue 12 Jan 2021,8879,10,0,70188,86,4,70192,90,1.4906219213928,0.0019112715540995,323
-7.6926,53.28823,2021/01/13 00:00:00+00,Wed 13 Jan 2021,9878,5,0,80066,91,4,80070,95,1.70039459263052,0.00201745330710502,324
-7.6926,53.28823,2021/01/14 00:00:00+00,Thu 14 Jan 2021,8079,4,0,88145,95,4,88149,99,1.87196306913685,0.00210239870950945,325
-7.6926,53.28823,2021/01/15 00:00:00+00,Fri 15 Jan 2021,7690,2,0,95835,97,4,95839,101,2.03527060525935,0.00214487141071166,326
-7.6926,53.28823,2021/01/16 00:00:00+00,Sat 16 Jan 2021,5231,3,0,101066,100,4,101070,104,2.14635795525374,0.00220858046251497,327
-7.6926,53.28823,2021/01/17 00:00:00+00,Sun 17 Jan 2021,1111,4,0,102177,104,4,102181,108,2.16995154077156,0.0022935258649194,328
-7.6926,53.28823,2021/01/18 00:00:00+00,Mon 18 Jan 2021,8712,8,1,110889,112,5,110894,117,2.354983863559,0.00248465302032935,329
-7.6926,53.28823,2021/01/19 00:00:00+00,Tue 19 Jan 2021,8376,19,0,119265,131,5,119270,136,2.53285953619386,0.00288814368175035,330
-7.6926,53.28823,2021/01/20 00:00:00+00,Wed 20 Jan 2021,8444,962,1,127709,1093,6,127715,1099,2.71220051702019,0.023338749310615,331
-7.6926,53.28823,2021/01/21 00:00:00+00,Thu 21 Jan 2021,9002,962,0,136711,2055,6,136717,2061,2.90337014513134,0.0437681185888785,332
-7.6926,53.28823,2021/01/22 00:00:00+00,Fri 22 Jan 2021,6776,967,0,143487,3022,6,143493,3028,3.04726765680444,0.0643036696201475,333
-7.6926,53.28823,2021/01/23 00:00:00+00,Sat 23 Jan 2021,4184,460,0,147671,3482,6,147677,3488,3.13612054771946,0.0740723908966561,334
-7.6926,53.28823,2021/01/24 00:00:00+00,Sun 24 Jan 2021,1181,398,0,148852,3880,6,148858,3886,3.16120067777937,0.0825244584358961,335
-7.6926,53.28823,2021/01/25 00:00:00+00,Mon 25 Jan 2021,1355,1286,0,150207,5166,6,150213,5172,3.18997593284386,0.109834405308918,336
-7.6926,53.28823,2021/01/26 00:00:00+00,Tue 26 Jan 2021,1001,3499,0,151208,8665,6,151214,8671,3.21123351979557,0.184140396062186,337
-7.6926,53.28823,2021/01/27 00:00:00+00,Wed 27 Jan 2021,2166,6699,0,153374,15364,6,153380,15370,3.25723145519756,0.326402708738992,338
-7.6926,53.28823,2021/01/28 00:00:00+00,Thu 28 Jan 2021,1002,11538,0,154376,26902,6,154382,26908,3.27851027849987,0.571427721974547,339
-7.6926,53.28823,2021/01/29 00:00:00+00,Fri 29 Jan 2021,1574,11526,0,155950,38428,6,155956,38434,3.31193629434601,0.81619789900289,340
-7.6926,53.28823,2021/01/30 00:00:00+00,Sat 30 Jan 2021,631,7793,0,156581,46221,6,156587,46227,3.32533643157531,0.981692779237305,341
-7.6926,53.28823,2021/01/31 00:00:00+00,Sun 31 Jan 2021,225,4086,0,156806,50307,6,156812,50313,3.33011461046056,1.06846450779342,342
-7.6926,53.28823,2021/02/01 00:00:00+00,Mon 01 Feb 2021,1023,8335,0,157829,58642,6,157835,58648,3.35183939712549,1.24546949005364,343
-7.6926,53.28823,2021/02/02 00:00:00+00,Tue 02 Feb 2021,825,5108,0,158654,63750,6,158660,63756,3.3693593863714,1.35394476892408,344
-7.6926,53.28823,2021/02/03 00:00:00+00,Wed 03 Feb 2021,1396,6864,0,160050,70614,6,160056,70620,3.39900533181055,1.49971107945007,345
-7.6926,53.28823,2021/02/04 00:00:00+00,Thu 04 Feb 2021,1426,10541,1,161476,81155,7,161483,81162,3.42930960411832,1.72358468748693,346
-7.6926,53.28823,2021/02/05 00:00:00+00,Fri 05 Feb 2021,3387,8613,0,164863,89768,7,164870,89775,3.50123712360427,1.90649337521425,347
-7.6926,53.28823,2021/02/06 00:00:00+00,Sat 06 Feb 2021,893,3867,0,165756,93635,7,165763,93642,3.52020118469105,1.98861434298872,348
-7.6926,53.28823,2021/02/07 00:00:00+00,Sun 07 Feb 2021,327,1300,2,166083,94935,9,166092,94944,3.52718794403882,2.01626407147136,349
-7.6926,53.28823,2021/02/08 00:00:00+00,Mon 08 Feb 2021,1171,878,0,167254,95813,9,167263,95822,3.55205571059271,2.03490958729913,350
-7.6926,53.28823,2021/02/09 00:00:00+00,Tue 09 Feb 2021,4254,543,2,171508,96356,11,171519,96367,3.64243761875102,2.04648339837674,351
-7.6926,53.28823,2021/02/10 00:00:00+00,Wed 10 Feb 2021,8821,580,0,180329,96936,11,180340,96947,3.82976346740337,2.05880048172538,352
-7.6926,53.28823,2021/02/11 00:00:00+00,Thu 11 Feb 2021,6176,445,0,186505,97381,11,186516,97392,3.9609191687158,2.06825065774287,353
-7.6926,53.28823,2021/02/12 00:00:00+00,Fri 12 Feb 2021,4391,522,0,190896,97903,11,190907,97914,4.05416798420525,2.07933603275665,354
-7.6926,53.28823,2021/02/13 00:00:00+00,Sat 13 Feb 2021,1207,1914,0,192103,99817,11,192114,99828,4.07980025938079,2.11998240780716,355
-7.6926,53.28823,2021/02/14 00:00:00+00,Sun 14 Feb 2021,2694,27,0,194797,99844,11,194808,99855,4.13701098790016,2.12055578927339,356
-7.6926,53.28823,2021/02/15 00:00:00+00,Mon 15 Feb 2021,1961,7887,0,196758,107731,11,196769,107742,4.17865547142893,2.28804688646431,357
-7.6926,53.28823,2021/02/16 00:00:00+00,Tue 16 Feb 2021,5645,8158,0,202403,115889,11,202414,115900,4.29853467057217,2.46129303466813,358
-7.6926,53.28823,2021/02/17 00:00:00+00,Wed 17 Feb 2021,9741,8463,0,212144,124352,11,212155,124363,4.50539796177754,2.64101626980529,359
-7.6926,53.28823,2021/02/18 00:00:00+00,Thu 18 Feb 2021,8456,8350,1,220600,132702,12,220612,132714,4.68499377881109,2.81836103367512,360
-7.6926,53.28823,2021/02/19 00:00:00+00,Fri 19 Feb 2021,9385,6580,0,229985,139282,12,229997,139294,4.88429692920247,2.95809622063039,361
-7.6926,53.28823,2021/02/20 00:00:00+00,Sat 20 Feb 2021,5885,3568,2,235870,142850,14,235884,142864,5.00931532519118,3.03390999227634,362
-7.6926,53.28823,2021/02/21 00:00:00+00,Sun 21 Feb 2021,1108,1023,5,236978,143873,19,236997,143892,5.0329513834102,3.05574096069428,363
-7.6926,53.28823,2021/02/22 00:00:00+00,Mon 22 Feb 2021,3939,1123,1,240917,144996,20,240937,145016,5.11662260477856,3.07961061876992,364
-7.6926,53.28823,2021/02/23 00:00:00+00,Tue 23 Feb 2021,13357,1063,1,254274,146059,21,254295,146080,5.40029777610813,3.10220609580949,365
-7.6926,53.28823,2021/02/24 00:00:00+00,Wed 24 Feb 2021,16936,2102,3,271210,148161,24,271234,148185,5.76002031894026,3.14690861382482,366
-7.6926,53.28823,2021/02/25 00:00:00+00,Thu 25 Feb 2021,18084,1755,2,289294,149916,26,289320,149942,6.14410095591185,3.18422088183096,367
-7.6926,53.28823,2021/02/26 00:00:00+00,Fri 26 Feb 2021,16073,2766,0,305367,152682,26,305393,152708,6.48543281912342,3.24296062759362,368
-7.6926,53.28823,2021/02/27 00:00:00+00,Sat 27 Feb 2021,8990,704,1,314357,153386,27,314384,153413,6.67636884737796,3.2579322547674,369
-7.6926,53.28823,2021/02/28 00:00:00+00,Sun 28 Feb 2021,2442,57,2,316799,153443,29,316828,153472,6.72827048824706,3.25918519945287,370
-7.6926,53.28823,2021/03/01 00:00:00+00,Mon 01 Mar 2021,5589,789,0,322388,154232,29,322417,154261,6.84696045175664,3.27594068007714,371
-7.6926,53.28823,2021/03/02 00:00:00+00,Tue 02 Mar 2021,12178,1608,0,334566,155840,29,334595,155869,7.1055767293769,3.31008873184372,372
-7.6926,53.28823,2021/03/03 00:00:00+00,Wed 03 Mar 2021,12892,1502,1,347458,157342,30,347488,157372,7.37937699767695,3.34200696679718,373
-7.6926,53.28823,2021/03/04 00:00:00+00,Thu 04 Mar 2021,18735,1687,4,366193,159029,34,366227,159063,7.77732497159107,3.37791763566365,374
-7.6926,53.28823,2021/03/05 00:00:00+00,Fri 05 Mar 2021,18441,2395,6,384634,161424,40,384674,161464,8.16907193112966,3.4289061134569,375
-7.6926,53.28823,2021/03/06 00:00:00+00,Sat 06 Mar 2021,10390,139,4,395024,161563,44,395068,161607,8.38980255927756,3.43194291159286,376
-7.6926,53.28823,2021/03/07 00:00:00+00,Sun 07 Mar 2021,1519,11,3,396543,161574,47,396590,161621,8.42212428489244,3.43224022050128,377
-7.6926,53.28823,2021/03/08 00:00:00+00,Mon 08 Mar 2021,6666,1495,5,403209,163069,52,403261,163121,8.56379197975241,3.46409474640293,378
-7.6926,53.28823,2021/03/09 00:00:00+00,Tue 09 Mar 2021,13819,3102,5,417028,166171,57,417085,166228,8.8573632904621,3.53007608772057,379
-7.6926,53.28823,2021/03/10 00:00:00+00,Wed 10 Mar 2021,13730,3987,3,430758,170158,60,430818,170218,9.14900209326708,3.61480912661898,380
-7.6926,53.28823,2021/03/11 00:00:00+00,Thu 11 Mar 2021,18475,2097,3,449233,172255,63,449296,172318,9.54140737967431,3.6594054628813,381
-7.6926,53.28823,2021/03/12 00:00:00+00,Fri 12 Mar 2021,17322,1337,4,466555,173592,67,466622,173659,9.90934839018906,3.68788340903738,382
-7.6926,53.28823,2021/03/13 00:00:00+00,Sat 13 Mar 2021,8300,173,0,474855,173765,67,474922,173832,10.0856101001782,3.69155729769138,383
-7.6926,53.28823,2021/03/14 00:00:00+00,Sun 14 Mar 2021,381,19,2,475236,173784,69,475305,173853,10.0937436224585,3.692003261054,384
-7.6926,53.28823,2021/03/15 00:00:00+00,Mon 15 Mar 2021,2653,991,0,477889,174775,69,477958,174844,10.1500836606032,3.71304848449969,385
-7.6926,53.28823,2021/03/16 00:00:00+00,Tue 16 Mar 2021,8932,3819,2,486821,178594,71,486892,178665,10.3398092168735,3.79419258014652,386
-7.6926,53.28823,2021/03/17 00:00:00+00,Wed 17 Mar 2021,4897,2415,6,491718,181009,77,491795,181086,10.4439310438707,3.84560578495179,387
-7.6926,53.28823,2021/03/18 00:00:00+00,Thu 18 Mar 2021,11719,4678,5,503437,185687,82,503519,185769,10.6929060183181,3.94505561481677,388
-7.6926,53.28823,2021/03/19 00:00:00+00,Fri 19 Mar 2021,10365,6125,2,513802,191812,84,513886,191896,10.9130632649997,4.07517073494974,389
-7.6926,53.28823,2021/03/20 00:00:00+00,Sat 20 Mar 2021,5238,3117,4,519040,194929,88,519128,195017,11.0243842148507,4.14144938517579,390
-7.6926,53.28823,2021/03/21 00:00:00+00,Sun 21 Mar 2021,3635,53,3,522675,194982,91,522766,195073,11.1016420583375,4.14263862080946,391
-7.6926,53.28823,2021/03/22 00:00:00+00,Mon 22 Mar 2021,7410,2402,1,530085,197384,92,530177,197476,11.2590246526423,4.19366957130391,392
-7.6926,53.28823,2021/03/23 00:00:00+00,Tue 23 Mar 2021,12560,7385,4,542645,204769,96,542741,204865,11.5258381615946,4.35058496589548,393
-7.6926,53.28823,2021/03/24 00:00:00+00,Wed 24 Mar 2021,13620,9779,2,556265,214548,98,556363,214646,11.8151197294829,4.5582977111249,394
-7.6926,53.28823,2021/03/25 00:00:00+00,Thu 25 Mar 2021,20864,10222,3,577129,224770,101,577230,224871,12.2582586574761,4.7754393960212,395
-7.6926,53.28823,2021/03/26 00:00:00+00,Fri 26 Mar 2021,19694,9493,1,596823,234263,102,596925,234365,12.6765085825649,4.97705730862809,396
-7.6926,53.28823,2021/03/27 00:00:00+00,Sat 27 Mar 2021,11743,5348,3,608566,239611,105,608671,239716,12.9259507567255,5.09069302069461,397
-7.6926,53.28823,2021/03/28 00:00:00+00,Sun 28 Mar 2021,2487,482,0,611053,240093,105,611158,240198,12.9787655606704,5.10092894168434,398
-7.6926,53.28823,2021/03/28 23:00:00+00,Mon 29 Mar 2021,9264,3119,3,620317,243212,108,620425,243320,13.1755628216909,5.167228828261,399
-7.6926,53.28823,2021/03/29 23:00:00+00,Tue 30 Mar 2021,13322,8663,4,633639,251875,112,633751,251987,13.4585584298012,5.35128427892078,400
-7.6926,53.28823,2021/03/30 23:00:00+00,Wed 31 Mar 2021,15829,10501,4,649468,262376,116,649584,262492,13.7947935688685,5.57437214198539,401
-7.6926,53.28823,2021/03/31 23:00:00+00,Thu 01 Apr 2021,19691,11573,8,669159,273949,124,669283,274073,14.2131284393597,5.82031031829679,402
-7.6926,53.28823,2021/04/01 23:00:00+00,Fri 02 Apr 2021,20132,13719,8,689291,287668,132,689423,287800,14.640828540466,6.11182170299817,403
-7.6926,53.28823,2021/04/02 23:00:00+00,Sat 03 Apr 2021,7546,4635,6,696837,292303,138,696975,292441,14.8012054602055,6.2103796061379,404
-7.6926,53.28823,2021/04/03 23:00:00+00,Sun 04 Apr 2021,3030,169,3,699867,292472,141,700008,292613,14.8656153115787,6.21403225844129,405
-7.6926,53.28823,2021/04/04 23:00:00+00,Mon 05 Apr 2021,3427,605,4,703294,293077,145,703439,293222,14.9384772304911,6.22696519595736,406
-7.6926,53.28823,2021/04/05 23:00:00+00,Tue 06 Apr 2021,11988,8156,11,715282,301233,156,715438,301389,15.1932922013537,6.40040247131659,407
-7.6926,53.28823,2021/04/06 23:00:00+00,Wed 07 Apr 2021,18354,10467,10,733636,311700,166,733802,311866,15.5832765437924,6.62289571656438,408
-7.6926,53.28823,2021/04/07 23:00:00+00,Thu 08 Apr 2021,20183,10575,14,753819,322275,180,753999,322455,16.012187116883,6.84776743307948,409
-7.6926,53.28823,2021/04/08 23:00:00+00,Fri 09 Apr 2021,20682,9156,16,774501,331431,196,774697,331627,16.4517371016246,7.04254724079282,410
-7.6926,53.28823,2021/07/21 23:00:00+00,Thu 22 Jul 2021,33514,15914,6932,2973828,2432326,195992,3169820,2628318,67.3154088623963,55.8158825391965,411
-7.6926,53.28823,2021/07/22 23:00:00+00,Fri 23 Jul 2021,27074,20812,5611,3000902,2453138,201603,3202505,2654741,68.0095189817934,56.3770106311295,412
-7.6926,53.28823,2021/07/23 23:00:00+00,Sat 24 Jul 2021,15421,14800,2271,3016323,2467938,203874,3220197,2671812,68.3852324966282,56.7395363722409,413
-7.6926,53.28823,2021/07/24 23:00:00+00,Sun 25 Jul 2021,14709,13635,1042,3031032,2481573,204916,3235948,2686489,68.7197262549462,57.0512222900134,414
-7.6926,53.28823,2021/07/25 23:00:00+00,Mon 26 Jul 2021,23811,18265,3418,3054843,2499838,208334,3263177,2708172,69.2979708454637,57.5116900800971,415
-7.6926,53.28823,2021/07/26 23:00:00+00,Tue 27 Jul 2021,25486,23879,3669,3080329,2523717,212003,3292332,2735720,69.9171166472389,58.0967090664564,416
-7.6926,53.28823,2021/07/27 23:00:00+00,Wed 28 Jul 2021,23418,25261,3259,3103747,2548978,215262,3319009,2764240,70.4836387722246,58.7023697855999,417
-7.6926,53.28823,2021/07/28 23:00:00+00,Thu 29 Jul 2021,19250,27835,2957,3122997,2576813,218219,3341216,2795032,70.9552344100234,59.3562794933092,418
-7.6926,53.28823,2021/07/29 23:00:00+00,Fri 30 Jul 2021,21931,22918,2115,3144928,2599731,220334,3365262,2820065,71.4658836965776,59.8878890579066,419
-7.6926,53.28823,2021/07/30 23:00:00+00,Sat 31 Jul 2021,13725,12455,906,3158653,2612186,221240,3379893,2833426,71.7765927422223,60.171627938288,420
-7.6926,53.28823,2021/07/31 23:00:00+00,Sun 01 Aug 2021,11088,9309,368,3169741,2621495,221608,3391349,2843103,72.0198763747086,60.3771321030549,421
-7.6926,53.28823,2021/08/01 23:00:00+00,Mon 02 Aug 2021,15003,15990,428,3184744,2637485,222036,3406780,2859521,72.3475745008343,60.7257905072239,422
-7.6926,53.28823,2021/08/02 23:00:00+00,Tue 03 Aug 2021,17319,25425,1108,3202063,2662910,223144,3425207,2886054,72.7388967333608,61.289254597723,423
-7.6926,53.28823,2021/08/03 23:00:00+00,Wed 04 Aug 2021,22088,17278,1571,3224151,2680188,224715,3448866,2904903,73.2413275522324,61.6895385702032,424
-7.6926,53.28823,2021/08/04 23:00:00+00,Thu 05 Aug 2021,13508,30016,1420,3237659,2710204,226135,3463794,2936339,73.5583437940057,62.3571244876996,425
-7.6926,53.28823,2021/08/05 23:00:00+00,Fri 06 Aug 2021,12187,24725,947,3249846,2734929,227082,3476928,2962011,73.8372620228006,62.9023040803312,426
-7.6926,53.28823,2021/08/06 23:00:00+00,Sat 07 Aug 2021,6324,8439,582,3256170,2743368,227664,3483834,2971032,73.9839202600518,63.0938771991037,427
-7.6926,53.28823,2021/08/07 23:00:00+00,Sun 08 Aug 2021,8615,11957,153,3264785,2755325,227817,3492602,2983142,74.1701205821224,63.3510494048831,428
-7.6926,53.28823,2021/08/08 23:00:00+00,Mon 09 Aug 2021,5523,23013,598,3270308,2778338,228415,3498723,3006753,74.3001082841517,63.8524608789258,429
-7.6926,53.28823,2021/08/09 23:00:00+00,Tue 10 Aug 2021,9333,25977,712,3279641,2804315,229127,3508768,3033442,74.5134274259398,64.4192378401187,430
-7.6926,53.28823,2021/08/10 23:00:00+00,Wed 11 Aug 2021,6997,31215,661,3286638,2835530,229788,3516426,3065318,74.6760553988431,65.0961677518796,431
-7.6926,53.28823,2021/08/11 23:00:00+00,Thu 12 Aug 2021,6749,38264,861,3293387,2873794,230649,3524036,3104443,74.8376640269175,65.9270399691478,432
-7.6926,53.28823,2021/08/12 23:00:00+00,Fri 13 Aug 2021,10909,28217,868,3304296,2902011,231517,3535813,3133528,75.0877645279467,66.544699226381,433
-7.6926,53.28823,2021/08/13 23:00:00+00,Sat 14 Aug 2021,18119,5825,279,3322415,2907836,231796,3554211,3139632,75.4784709063059,66.6743259104501,434
-7.6926,53.28823,2021/08/14 23:00:00+00,Sun 15 Aug 2021,16994,3716,49,3339409,2911552,231845,3571254,3143397,75.8404020296005,66.7542807704633,435
-7.6926,53.28823,2021/08/15 23:00:00+00,Mon 16 Aug 2021,10172,23128,384,3349581,2934680,232229,3581810,3166909,76.0645729465458,67.2535898457965,436
-7.6926,53.28823,2021/08/16 23:00:00+00,Tue 17 Aug 2021,12852,26840,528,3362433,2961520,232757,3595190,3194277,76.3487153175886,67.8347862890475,437
-7.6926,53.28823,2021/08/17 23:00:00+00,Wed 18 Aug 2021,15221,25759,657,3377654,2987279,233414,3611068,3220693,76.6859060924329,68.3957657265263,438
-7.6926,53.28823,2021/08/18 23:00:00+00,Thu 19 Aug 2021,11353,25685,542,3389007,3012964,233956,3622963,3246920,76.9385124828331,68.9527314937415,439
-7.6926,53.28823,2021/08/19 23:00:00+00,Fri 20 Aug 2021,14837,22232,685,3403844,3035196,234641,3638485,3269837,77.2681431168634,69.4394049404671,440
-7.6926,53.28823,2021/08/20 23:00:00+00,Sat 21 Aug 2021,11873,7958,245,3415717,3043154,234886,3650603,3278040,77.5254852134476,69.6136067244479,441
-7.6926,53.28823,2021/08/21 23:00:00+00,Sun 22 Aug 2021,8002,12245,161,3423719,3055399,235047,3658766,3290446,77.6988375434044,69.8770648900053,442
-7.6926,53.28823,2021/08/22 23:00:00+00,Mon 23 Aug 2021,10857,15352,289,3434576,3070751,235336,3669912,3306087,77.9355379072044,70.2092226497572,443
-7.6926,53.28823,2021/08/23 23:00:00+00,Tue 24 Aug 2021,9704,22903,383,3444280,3093654,235719,3679999,3329373,78.1497489757177,70.7037323098545,444
-7.6926,53.28823,2021/08/24 23:00:00+00,Wed 25 Aug 2021,9411,19500,312,3453691,3113154,236031,3689722,3349185,78.3562300126123,71.1244668879636,445
-7.6926,53.28823,2021/08/25 23:00:00+00,Thu 26 Aug 2021,8570,19415,367,3462261,3132569,236398,3698659,3368967,78.5460192779343,71.5445643755547,446
-7.6926,53.28823,2021/08/26 23:00:00+00,Fri 27 Aug 2021,9710,19186,430,3471971,3151755,236828,3708799,3388583,78.7613558730296,71.961136628946,447
-7.6926,53.28823,2021/08/27 23:00:00+00,Sat 28 Aug 2021,9915,7901,153,3481886,3159656,236981,3718867,3396637,78.9751634508815,72.1321741966873,448
-7.6926,53.28823,2021/08/28 23:00:00+00,Sun 29 Aug 2021,8793,9181,29,3490679,3168837,237010,3727689,3405847,79.1625105358845,72.3277609857234,449
-7.6926,53.28823,2021/08/29 23:00:00+00,Mon 30 Aug 2021,5053,11107,84,3495732,3179944,237094,3732826,3417038,79.2716016689223,72.5654169853004,450
-7.6926,53.28823,2021/08/30 23:00:00+00,Tue 31 Aug 2021,4058,12871,142,3499790,3192815,237236,3737026,3430051,79.360794341447,72.8417656156726,451
-7.6926,53.28823,2021/08/31 23:00:00+00,Wed 01 Sep 2021,4952,12513,180,3504742,3205328,237416,3742158,3442744,79.4697792927318,73.1113186138524,452
-7.6926,53.28823,2021/09/01 23:00:00+00,Thu 02 Sep 2021,5005,12342,247,3509747,3217670,237663,3747410,3455333,79.5813126060888,73.3786630315697,453
-7.6926,53.28823,2021/09/02 23:00:00+00,Fri 03 Sep 2021,4769,16049,165,3514516,3233719,237828,3752344,3471547,79.6860927599547,73.7229892202161,454
-7.6926,53.28823,2021/09/03 23:00:00+00,Sat 04 Sep 2021,4624,10567,133,3519140,3244286,237961,3757101,3482247,79.7871140797642,73.9502181716479,455
-7.6926,53.28823,2021/09/04 23:00:00+00,Sun 05 Sep 2021,5305,11893,1,3524445,3256179,237962,3762407,3494141,79.8997941560536,74.2028033256975,456
-7.6926,53.28823,2021/09/05 23:00:00+00,Mon 06 Sep 2021,2150,9662,75,3526595,3265841,238037,3764632,3503878,79.9470450361411,74.4095816715004,457
-7.6926,53.28823,2021/09/06 23:00:00+00,Tue 07 Sep 2021,3025,9996,158,3529620,3275837,238195,3767815,3514032,80.0146403401044,74.625215575504,458
-7.6926,53.28823,2021/09/07 23:00:00+00,Wed 08 Sep 2021,2605,14805,186,3532225,3290642,238381,3770606,3529023,80.0739109946321,74.9435697073652,459
-7.6926,53.28823,2021/09/08 23:00:00+00,Thu 09 Sep 2021,3111,14798,138,3535336,3305440,238519,3773855,3543959,80.1429078977351,75.2607558399433,460
-7.6926,53.28823,2021/09/09 23:00:00+00,Fri 10 Sep 2021,3372,13939,115,3538708,3319379,238634,3777342,3558013,80.2169590522811,75.5592115112913,461
-7.6926,53.28823,2021/09/10 23:00:00+00,Sat 11 Sep 2021,2554,11321,62,3541262,3330700,238696,3779958,3569396,80.2725133454536,75.8009448901836,462
-7.6926,53.28823,2021/09/11 23:00:00+00,Sun 12 Sep 2021,2040,12879,1,3543302,3343579,238697,3781999,3582276,80.3158567370305,76.0744690859259,463
-7.6926,53.28823,2021/09/12 23:00:00+00,Mon 13 Sep 2021,1610,7727,52,3544912,3351306,238749,3783661,3590055,80.3511515517295,76.2396666572519,464
-7.6926,53.28823,2021/09/13 23:00:00+00,Tue 14 Sep 2021,1544,10776,82,3546456,3362082,238831,3785287,3600913,80.3856818578069,76.4702509520787,465
-7.6926,53.28823,2021/09/14 23:00:00+00,Wed 15 Sep 2021,3272,12392,137,3549728,3374474,238968,3788696,3613442,80.4580765770061,76.7363211887599,466
-7.6926,53.28823,2021/09/15 23:00:00+00,Thu 16 Sep 2021,1905,10589,115,3551633,3385063,239083,3790716,3624146,80.5009740052203,76.9636350855942,467
-7.6926,53.28823,2021/09/16 23:00:00+00,Fri 17 Sep 2021,2555,14607,94,3554188,3399670,239177,3793365,3638847,80.5572290979626,77.275830675781,468
-7.6926,53.28823,2021/09/17 23:00:00+00,Sat 18 Sep 2021,2283,11227,47,3556471,3410897,239224,3795695,3650121,80.6067097948632,77.5152492924579,469
-7.6926,53.28823,2021/09/18 23:00:00+00,Sun 19 Sep 2021,1860,8488,15,3558331,3419385,239239,3797570,3658624,80.6465279522403,77.6958219816191,470
-7.6926,53.28823,2021/09/19 23:00:00+00,Mon 20 Sep 2021,952,5607,34,3559283,3424992,239273,3798556,3664265,80.667466993933,77.8156162353599,471
-7.6926,53.28823,2021/09/20 23:00:00+00,Tue 21 Sep 2021,1462,6663,90,3560745,3431655,239363,3800108,3671018,80.7004258100659,77.9590253109692,472
-7.6926,53.28823,2021/09/21 23:00:00+00,Wed 22 Sep 2021,1893,8139,97,3562638,3439794,239460,3802098,3679254,80.7426861477621,78.1339278945199,473
-7.6926,53.28823,2021/09/22 23:00:00+00,Thu 23 Sep 2021,1697,8738,89,3564335,3448532,239549,3803884,3688081,80.7806142699357,78.3213811612759,474
-7.6926,53.28823,2021/09/23 23:00:00+00,Fri 24 Sep 2021,1908,7390,79,3566243,3455922,239628,3805871,3695550,80.8228108985801,78.4799954639155,475
-7.6926,53.28823,2021/09/24 23:00:00+00,Sat 25 Sep 2021,2414,6589,52,3568657,3462511,239680,3808337,3702191,80.8751797391624,78.6210260682574,476
-7.6926,53.28823,2021/09/25 23:00:00+00,Sun 26 Sep 2021,1547,7097,0,3570204,3469608,239680,3809884,3709288,80.9080323735423,78.7717404484735,477
-7.6926,53.28823,2021/09/26 23:00:00+00,Mon 27 Sep 2021,1175,3811,45,3571379,3473419,239725,3811104,3713144,80.9339407212757,78.8536278163914,478
-7.6926,53.28823,2021/09/27 23:00:00+00,Tue 28 Sep 2021,1447,5124,93,3572826,3478543,239818,3812644,3718361,80.9666447012014,78.9644178574773,479
-7.6926,53.28823,2021/09/28 23:00:00+00,Wed 29 Sep 2021,1651,3611,79,3574477,3482154,239897,3814374,3722051,81.0033835877413,79.0427799911954,480
-7.6926,53.28823,2021/09/29 23:00:00+00,Thu 30 Sep 2021,1281,3962,78,3575758,3486116,239975,3815733,3726091,81.0322437882082,79.1285748476239,481
-7.6926,53.28823,2021/09/30 23:00:00+00,Fri 01 Oct 2021,1844,5172,41,3577602,3491288,240016,3817618,3731304,81.0722743090913,79.2392799433074,482
-7.6926,53.28823,2021/10/01 23:00:00+00,Sat 02 Oct 2021,1711,4079,40,3579313,3495367,240056,3819369,3735423,81.1094591589938,79.3267524714334,483
-7.6926,53.28823,2021/10/02 23:00:00+00,Sun 03 Oct 2021,1195,3015,9,3580508,3498382,240065,3820573,3738447,81.1350277251175,79.3909711956511,484
-7.6926,53.28823,2021/10/03 23:00:00+00,Mon 04 Oct 2021,335,1232,18,3580843,3499614,240083,3820926,3739697,81.1425241568797,79.4175166339025,485
-7.6926,53.28823,2021/10/04 23:00:00+00,Tue 05 Oct 2021,964,2816,70,3581807,3502430,240153,3821960,3742583,81.1644825434013,79.4788047417373,486
-7.6926,53.28823,2021/10/05 23:00:00+00,Wed 06 Oct 2021,972,2565,37,3582779,3504995,240190,3822969,3745185,81.1859100211578,79.5340617260014,487
-7.6926,53.28823,2021/10/06 23:00:00+00,Thu 07 Oct 2021,1211,2691,44,3583990,3507686,240234,3824224,3747920,81.2125616411622,79.5921431448954,488
-7.6926,53.28823,2021/10/07 23:00:00+00,Fri 08 Oct 2021,963,2777,47,3584953,3510463,240281,3825234,3750744,81.2340103552693,79.6521145989929,489
-7.6926,53.28823,2021/10/08 23:00:00+00,Sat 09 Oct 2021,732,2374,23,3585685,3512837,240304,3825989,3753141,81.2500437999731,79.7030181313838,490
-7.6926,53.28823,2021/10/09 23:00:00+00,Sun 10 Oct 2021,1501,3914,1,3587186,3516751,240305,3827491,3757056,81.281940798576,79.7861584439871,491
-7.6926,53.28823,2021/10/10 23:00:00+00,Mon 11 Oct 2021,331,1120,19,3587517,3517871,240324,3827841,3758195,81.2893735212864,79.8103466473218,492
-7.6926,53.28823,2021/10/11 23:00:00+00,Tue 12 Oct 2021,558,1604,20,3588075,3519475,240344,3828419,3759819,81.3016481319338,79.844834480698,493
-7.6926,53.28823,2021/10/12 23:00:00+00,Wed 13 Oct 2021,997,2066,11,3589072,3521541,240355,3829427,3761896,81.3230543733397,79.8889423808965,494
-7.6926,53.28823,2021/10/13 23:00:00+00,Thu 14 Oct 2021,682,1588,8,3589754,3523129,240363,3830117,3763492,81.3377074552545,79.9228355964558,495
-7.6926,53.28823,2021/10/14 23:00:00+00,Fri 15 Oct 2021,948,2063,8,3590702,3525192,240371,3831073,3765563,81.3580094064291,79.9668160785507,496
-7.6926,53.28823,2021/10/15 23:00:00+00,Sat 16 Oct 2021,1368,2633,14,3592070,3527825,240385,3832455,3768210,81.3873580429599,80.0230286985918,497
-7.6926,53.28823,2021/10/16 23:00:00+00,Sun 17 Oct 2021,1699,2886,2,3593769,3530711,240387,3834156,3771098,81.4234810753323,80.0843592791278,498
-7.6926,53.28823,2021/10/17 23:00:00+00,Mon 18 Oct 2021,670,1237,4,3594439,3531948,240391,3834830,3772339,81.4377943756375,80.1107135902238,499
-7.6926,53.28823,2021/10/18 23:00:00+00,Tue 19 Oct 2021,1333,1790,13,3595772,3533738,240404,3836176,3774142,81.4663785035466,80.1490027303576,500
-7.6926,53.28823,2021/10/19 23:00:00+00,Wed 20 Oct 2021,2251,2314,0,3598023,3536052,240404,3838427,3776456,81.5141815287497,80.1981436456486,501
-7.6926,53.28823,2021/10/20 23:00:00+00,Thu 21 Oct 2021,1739,1821,11,3599762,3537873,240415,3840177,3778288,81.5513451423016,80.2370486399498,502
-7.6926,53.28823,2021/10/21 23:00:00+00,Fri 22 Oct 2021,1497,1918,3,3601259,3539791,240418,3841677,3780209,81.5831996682032,80.2778436694545,503
-7.6926,53.28823,2021/10/22 23:00:00+00,Sat 23 Oct 2021,2005,1690,1,3603264,3541481,240419,3843683,3781900,81.6257997875091,80.313754338321,504
-7.6926,53.28823,2021/10/23 23:00:00+00,Sun 24 Oct 2021,1948,2184,2,3605212,3543665,240421,3845633,3784086,81.6672106711812,80.360177000735,505
-7.6926,53.28823,2021/10/24 23:00:00+00,Mon 25 Oct 2021,1217,840,2,3606429,3544505,240423,3846852,3784928,81.693097782564,80.3780580079411,506
-7.6926,53.28823,2021/10/25 23:00:00+00,Tue 26 Oct 2021,1236,1211,6,3607665,3545716,240429,3848094,3786145,81.7194733300105,80.4039026466227,507
-7.6926,53.28823,2021/10/26 23:00:00+00,Wed 27 Oct 2021,1554,1413,5,3609219,3547129,240434,3849653,3787563,81.7525808005977,80.434015791775,508
-7.6926,53.28823,2021/10/27 23:00:00+00,Thu 28 Oct 2021,2148,1682,4,3611367,3548811,240438,3851805,3789249,81.7982814270913,80.4698202788885,509
-7.6926,53.28823,2021/10/28 23:00:00+00,Fri 29 Oct 2021,2132,1352,1,3613499,3550163,240439,3853938,3790602,81.8435785629234,80.4985530612518,510
-7.6926,53.28823,2021/10/29 23:00:00+00,Sat 30 Oct 2021,2011,1442,0,3615510,3551605,240439,3855949,3792044,81.8862848639822,80.5291758788186,511
-7.6926,53.28823,2021/10/30 23:00:00+00,Sun 31 Oct 2021,1594,1317,0,3617104,3552922,240439,3857543,3793361,81.9201356068404,80.5571441525602,512
-7.6926,53.28823,2021/11/01 00:00:00+00,Mon 01 Nov 2021,264,270,3,3617368,3553192,240442,3857810,3793634,81.9258057124509,80.5629416762743,513
