X,Y,VaccinationDate,VaccineText,Dose1,Dose2,SingleDose,Dose1Cum,Dose2Cum,SingleDoseCum,PartiallyVacc,FullyVacc,PartialPercent,FullyPercent,ObjectId
-7.6926,53.28823,2020/12/28 00:00:00+00,Mon 28 Dec 2020,215,17,0,215,17,0,215,17,0.00456581537923769,0.000361017960218794,1
-7.6926,53.28823,2020/12/29 00:00:00+00,Tue 29 Dec 2020,75,2,0,290,19,0,290,19,0.0061585416743206,0.000403490661421005,2
-7.6926,53.28823,2020/12/30 00:00:00+00,Wed 30 Dec 2020,1057,1,0,1347,20,0,1347,20,0.0286053642596891,0.00042472701202211,3
-7.6926,53.28823,2020/12/31 00:00:00+00,Thu 31 Dec 2020,1033,1,0,2380,21,0,2380,21,0.0505425144306311,0.000445963362623216,4
-7.6926,53.28823,2021/01/01 00:00:00+00,Fri 01 Jan 2021,815,0,2,3195,21,2,3197,23,0.0678926128717344,0.000488436063825427,5
-7.6926,53.28823,2021/01/02 00:00:00+00,Sat 02 Jan 2021,1016,0,0,4211,21,2,4213,23,0.0894687450824576,0.000488436063825427,6
-7.6926,53.28823,2021/01/03 00:00:00+00,Sun 03 Jan 2021,20,2,1,4231,23,3,4234,26,0.0899147084450808,0.000552145115628744,7
-7.6926,53.28823,2021/01/04 00:00:00+00,Mon 04 Jan 2021,1186,3,0,5417,26,3,5420,29,0.115101020257992,0.00061585416743206,8
-7.6926,53.28823,2021/01/05 00:00:00+00,Tue 05 Jan 2021,3527,11,0,8944,37,3,8947,40,0.190001628828091,0.000849454024044221,9
-7.6926,53.28823,2021/01/06 00:00:00+00,Wed 06 Jan 2021,6774,9,0,15718,46,3,15721,49,0.33385666779998,0.00104058117945417,10
-7.6926,53.28823,2021/01/07 00:00:00+00,Thu 07 Jan 2021,11723,8,0,27441,54,3,27444,57,0.58281040589674,0.00121047198426301,11
-7.6926,53.28823,2021/01/08 00:00:00+00,Fri 08 Jan 2021,12675,5,0,40116,59,3,40119,62,0.851981149765752,0.00131665373726854,12
-7.6926,53.28823,2021/01/09 00:00:00+00,Sat 09 Jan 2021,8074,7,0,48190,66,3,48193,69,1.02344344451908,0.00146530819147628,13
-7.6926,53.28823,2021/01/10 00:00:00+00,Sun 10 Jan 2021,4778,4,1,52968,70,4,52972,74,1.12493196404176,0.00157148994448181,14
-7.6926,53.28823,2021/01/11 00:00:00+00,Mon 11 Jan 2021,8338,6,0,61306,76,4,61310,80,1.30200065535378,0.00169890804808844,15
-7.6926,53.28823,2021/01/12 00:00:00+00,Tue 12 Jan 2021,8879,10,0,70185,86,4,70189,90,1.490558212341,0.0019112715540995,16
-7.6926,53.28823,2021/01/13 00:00:00+00,Wed 13 Jan 2021,9878,5,0,80063,91,4,80067,95,1.70033088357872,0.00201745330710502,17
-7.6926,53.28823,2021/01/14 00:00:00+00,Thu 14 Jan 2021,8079,4,0,88142,95,4,88146,99,1.87189936008505,0.00210239870950945,18
-7.6926,53.28823,2021/01/15 00:00:00+00,Fri 15 Jan 2021,7690,2,0,95832,97,4,95836,101,2.03520689620755,0.00214487141071166,19
-7.6926,53.28823,2021/01/16 00:00:00+00,Sat 16 Jan 2021,5231,3,0,101063,100,4,101067,104,2.14629424620193,0.00220858046251497,20
-7.6926,53.28823,2021/01/17 00:00:00+00,Sun 17 Jan 2021,1111,4,0,102174,104,4,102178,108,2.16988783171976,0.0022935258649194,21
-7.6926,53.28823,2021/01/18 00:00:00+00,Mon 18 Jan 2021,8712,8,1,110886,112,5,110891,117,2.35492015450719,0.00248465302032935,22
-7.6926,53.28823,2021/01/19 00:00:00+00,Tue 19 Jan 2021,8376,19,0,119262,131,5,119267,136,2.53279582714205,0.00288814368175035,23
-7.6926,53.28823,2021/01/20 00:00:00+00,Wed 20 Jan 2021,8444,962,1,127706,1093,6,127712,1099,2.71213680796839,0.023338749310615,24
-7.6926,53.28823,2021/01/21 00:00:00+00,Thu 21 Jan 2021,9002,962,0,136708,2055,6,136714,2061,2.90330643607954,0.0437681185888785,25
-7.6926,53.28823,2021/01/22 00:00:00+00,Fri 22 Jan 2021,6776,967,0,143484,3022,6,143490,3028,3.04720394775263,0.0643036696201475,26
-7.6926,53.28823,2021/01/23 00:00:00+00,Sat 23 Jan 2021,4184,460,0,147668,3482,6,147674,3488,3.13605683866766,0.0740723908966561,27
-7.6926,53.28823,2021/01/24 00:00:00+00,Sun 24 Jan 2021,1181,398,0,148849,3880,6,148855,3886,3.16113696872756,0.0825244584358961,28
-7.6926,53.28823,2021/01/25 00:00:00+00,Mon 25 Jan 2021,1355,1286,0,150204,5166,6,150210,5172,3.18991222379206,0.109834405308918,29
-7.6926,53.28823,2021/01/26 00:00:00+00,Tue 26 Jan 2021,1001,3499,0,151205,8665,6,151211,8671,3.21116981074377,0.184140396062186,30
-7.6926,53.28823,2021/01/27 00:00:00+00,Wed 27 Jan 2021,2166,6699,0,153371,15364,6,153377,15370,3.25716774614576,0.326402708738992,31
-7.6926,53.28823,2021/01/28 00:00:00+00,Thu 28 Jan 2021,1002,11538,0,154373,26902,6,154379,26908,3.27844656944807,0.571427721974547,32
-7.6926,53.28823,2021/01/29 00:00:00+00,Fri 29 Jan 2021,1574,11526,0,155947,38428,6,155953,38434,3.31187258529421,0.81619789900289,33
-7.6926,53.28823,2021/01/30 00:00:00+00,Sat 30 Jan 2021,631,7793,0,156578,46221,6,156584,46227,3.32527272252351,0.981692779237305,34
-7.6926,53.28823,2021/01/31 00:00:00+00,Sun 31 Jan 2021,225,4086,0,156803,50307,6,156809,50313,3.33005090140876,1.06846450779342,35
-7.6926,53.28823,2021/02/01 00:00:00+00,Mon 01 Feb 2021,1023,8335,0,157826,58642,6,157832,58648,3.35177568807369,1.24546949005364,36
-7.6926,53.28823,2021/02/02 00:00:00+00,Tue 02 Feb 2021,825,5108,0,158651,63750,6,158657,63756,3.3692956773196,1.35394476892408,37
-7.6926,53.28823,2021/02/03 00:00:00+00,Wed 03 Feb 2021,1396,6864,0,160047,70614,6,160053,70620,3.39894162275874,1.49971107945007,38
-7.6926,53.28823,2021/02/04 00:00:00+00,Thu 04 Feb 2021,1426,10541,1,161473,81155,7,161480,81162,3.42924589506652,1.72358468748693,39
-7.6926,53.28823,2021/02/05 00:00:00+00,Fri 05 Feb 2021,3387,8613,0,164860,89768,7,164867,89775,3.50117341455246,1.90649337521425,40
-7.6926,53.28823,2021/02/06 00:00:00+00,Sat 06 Feb 2021,893,3867,0,165753,93635,7,165760,93642,3.52013747563925,1.98861434298872,41
-7.6926,53.28823,2021/02/07 00:00:00+00,Sun 07 Feb 2021,327,1300,2,166080,94935,9,166089,94944,3.52712423498701,2.01626407147136,42
-7.6926,53.28823,2021/02/08 00:00:00+00,Mon 08 Feb 2021,1171,878,0,167251,95813,9,167260,95822,3.55199200154091,2.03490958729913,43
-7.6926,53.28823,2021/02/09 00:00:00+00,Tue 09 Feb 2021,4254,543,2,171505,96356,11,171516,96367,3.64237390969921,2.04648339837674,44
-7.6926,53.28823,2021/02/10 00:00:00+00,Wed 10 Feb 2021,8821,580,0,180326,96936,11,180337,96947,3.82969975835157,2.05880048172538,45
-7.6926,53.28823,2021/02/11 00:00:00+00,Thu 11 Feb 2021,6176,445,0,186502,97381,11,186513,97392,3.96085545966399,2.06825065774287,46
-7.6926,53.28823,2021/02/12 00:00:00+00,Fri 12 Feb 2021,4391,522,0,190893,97903,11,190904,97914,4.05410427515345,2.07933603275665,47
-7.6926,53.28823,2021/02/13 00:00:00+00,Sat 13 Feb 2021,1207,1914,0,192100,99817,11,192111,99828,4.07973655032898,2.11998240780716,48
-7.6926,53.28823,2021/04/09 23:00:00+00,Sat 10 Apr 2021,11167,4165,12,785659,335593,208,785867,335801,16.688947137839,7.13118776820184,49
-7.6926,53.28823,2021/02/14 00:00:00+00,Sun 14 Feb 2021,2694,27,0,194794,99844,11,194805,99855,4.13694727884836,2.12055578927339,50
-7.6926,53.28823,2021/02/15 00:00:00+00,Mon 15 Feb 2021,1961,7887,0,196755,107731,11,196766,107742,4.17859176237713,2.28804688646431,51
-7.6926,53.28823,2021/02/16 00:00:00+00,Tue 16 Feb 2021,5647,8158,0,202402,115889,11,202413,115900,4.29851343422157,2.46129303466813,52
-7.6926,53.28823,2021/02/17 00:00:00+00,Wed 17 Feb 2021,9742,8463,0,212144,124352,11,212155,124363,4.50539796177754,2.64101626980529,53
-7.6926,53.28823,2021/02/18 00:00:00+00,Thu 18 Feb 2021,8456,8350,1,220600,132702,12,220612,132714,4.68499377881109,2.81836103367512,54
-7.6926,53.28823,2021/02/19 00:00:00+00,Fri 19 Feb 2021,9385,6580,0,229985,139282,12,229997,139294,4.88429692920247,2.95809622063039,55
-7.6926,53.28823,2021/02/20 00:00:00+00,Sat 20 Feb 2021,5885,3568,2,235870,142850,14,235884,142864,5.00931532519118,3.03390999227634,56
-7.6926,53.28823,2021/02/21 00:00:00+00,Sun 21 Feb 2021,1108,1023,5,236978,143873,19,236997,143892,5.0329513834102,3.05574096069428,57
-7.6926,53.28823,2021/02/22 00:00:00+00,Mon 22 Feb 2021,3939,1123,1,240917,144996,20,240937,145016,5.11662260477856,3.07961061876992,58
-7.6926,53.28823,2021/02/23 00:00:00+00,Tue 23 Feb 2021,13357,1063,1,254274,146059,21,254295,146080,5.40029777610813,3.10220609580949,59
-7.6926,53.28823,2021/02/24 00:00:00+00,Wed 24 Feb 2021,16936,2102,3,271210,148161,24,271234,148185,5.76002031894026,3.14690861382482,60
-7.6926,53.28823,2021/02/25 00:00:00+00,Thu 25 Feb 2021,18084,1755,2,289294,149916,26,289320,149942,6.14410095591185,3.18422088183096,61
-7.6926,53.28823,2021/02/26 00:00:00+00,Fri 26 Feb 2021,16073,2766,0,305367,152682,26,305393,152708,6.48543281912342,3.24296062759362,62
-7.6926,53.28823,2021/02/27 00:00:00+00,Sat 27 Feb 2021,8990,704,1,314357,153386,27,314384,153413,6.67636884737796,3.2579322547674,63
-7.6926,53.28823,2021/02/28 00:00:00+00,Sun 28 Feb 2021,2442,57,2,316799,153443,29,316828,153472,6.72827048824706,3.25918519945287,64
-7.6926,53.28823,2021/03/01 00:00:00+00,Mon 01 Mar 2021,5589,789,0,322388,154232,29,322417,154261,6.84696045175664,3.27594068007714,65
-7.6926,53.28823,2021/03/02 00:00:00+00,Tue 02 Mar 2021,12178,1608,0,334566,155840,29,334595,155869,7.1055767293769,3.31008873184372,66
-7.6926,53.28823,2021/03/03 00:00:00+00,Wed 03 Mar 2021,12892,1502,1,347458,157342,30,347488,157372,7.37937699767695,3.34200696679718,67
-7.6926,53.28823,2021/03/04 00:00:00+00,Thu 04 Mar 2021,18735,1687,4,366193,159029,34,366227,159063,7.77732497159107,3.37791763566365,68
-7.6926,53.28823,2021/03/05 00:00:00+00,Fri 05 Mar 2021,18441,2395,6,384634,161424,40,384674,161464,8.16907193112966,3.4289061134569,69
-7.6926,53.28823,2021/03/06 00:00:00+00,Sat 06 Mar 2021,10390,139,4,395024,161563,44,395068,161607,8.38980255927756,3.43194291159286,70
-7.6926,53.28823,2021/03/07 00:00:00+00,Sun 07 Mar 2021,1519,11,3,396543,161574,47,396590,161621,8.42212428489244,3.43224022050128,71
-7.6926,53.28823,2021/03/08 00:00:00+00,Mon 08 Mar 2021,6666,1495,5,403209,163069,52,403261,163121,8.56379197975241,3.46409474640293,72
-7.6926,53.28823,2021/03/09 00:00:00+00,Tue 09 Mar 2021,13818,3102,5,417027,166171,57,417084,166228,8.8573420541115,3.53007608772057,73
-7.6926,53.28823,2021/03/10 00:00:00+00,Wed 10 Mar 2021,13730,3985,3,430757,170156,60,430817,170216,9.14898085691648,3.61476665391778,74
-7.6926,53.28823,2021/03/11 00:00:00+00,Thu 11 Mar 2021,18475,2097,3,449232,172253,63,449295,172316,9.54138614332371,3.6593629901801,75
-7.6926,53.28823,2021/03/12 00:00:00+00,Fri 12 Mar 2021,17321,1337,4,466553,173590,67,466620,173657,9.90930591748786,3.68784093633618,76
-7.6926,53.28823,2021/03/13 00:00:00+00,Sat 13 Mar 2021,8300,173,0,474853,173763,67,474920,173830,10.085567627477,3.69151482499017,77
-7.6926,53.28823,2021/03/14 00:00:00+00,Sun 14 Mar 2021,381,19,2,475234,173782,69,475303,173851,10.0937011497573,3.6919607883528,78
-7.6926,53.28823,2021/03/15 00:00:00+00,Mon 15 Mar 2021,2653,991,0,477887,174773,69,477956,174842,10.150041187902,3.71300601179849,79
-7.6926,53.28823,2021/03/16 00:00:00+00,Tue 16 Mar 2021,8931,3820,2,486818,178593,71,486889,178664,10.3397455078217,3.79417134379592,80
-7.6926,53.28823,2021/03/17 00:00:00+00,Wed 17 Mar 2021,4896,2415,6,491714,181008,77,491791,181085,10.4438460984683,3.84558454860119,81
-7.6926,53.28823,2021/03/18 00:00:00+00,Thu 18 Mar 2021,11718,4679,5,503432,185687,82,503514,185769,10.692799836565,3.94505561481677,82
-7.6926,53.28823,2021/03/19 00:00:00+00,Fri 19 Mar 2021,10365,6125,2,513797,191812,84,513881,191896,10.9129570832467,4.07517073494974,83
-7.6926,53.28823,2021/03/20 00:00:00+00,Sat 20 Mar 2021,5237,3117,4,519034,194929,88,519122,195017,11.0242567967471,4.14144938517579,84
-7.6926,53.28823,2021/03/21 00:00:00+00,Sun 21 Mar 2021,3635,53,3,522669,194982,91,522760,195073,11.1015146402339,4.14263862080946,85
-7.6926,53.28823,2021/03/22 00:00:00+00,Mon 22 Mar 2021,7410,2402,1,530079,197384,92,530171,197476,11.2588972345387,4.19366957130391,86
-7.6926,53.28823,2021/03/23 00:00:00+00,Tue 23 Mar 2021,12561,7384,4,542640,204768,96,542736,204864,11.5257319798416,4.35056372954488,87
-7.6926,53.28823,2021/03/24 00:00:00+00,Wed 24 Mar 2021,13620,9779,2,556260,214547,98,556358,214645,11.8150135477299,4.55827647477429,88
-7.6926,53.28823,2021/03/25 00:00:00+00,Thu 25 Mar 2021,20864,10222,3,577124,224769,101,577225,224870,12.2581524757231,4.7754181596706,89
-7.6926,53.28823,2021/03/26 00:00:00+00,Fri 26 Mar 2021,19694,9493,1,596818,234262,102,596920,234364,12.6764024008119,4.97703607227749,90
-7.6926,53.28823,2021/03/27 00:00:00+00,Sat 27 Mar 2021,11743,5348,3,608561,239610,105,608666,239715,12.9258445749725,5.09067178434401,91
-7.6926,53.28823,2021/03/28 00:00:00+00,Sun 28 Mar 2021,2487,482,0,611048,240092,105,611153,240197,12.9786593789174,5.10090770533374,92
-7.6926,53.28823,2021/03/28 23:00:00+00,Mon 29 Mar 2021,9264,3119,3,620312,243211,108,620420,243319,13.1754566399379,5.16720759191039,93
-7.6926,53.28823,2021/03/29 23:00:00+00,Tue 30 Mar 2021,13322,8663,4,633634,251874,112,633746,251986,13.4584522480482,5.35126304257018,94
-7.6926,53.28823,2021/03/30 23:00:00+00,Wed 31 Mar 2021,15828,10501,4,649462,262375,116,649578,262491,13.7946661507649,5.57435090563479,95
-7.6926,53.28823,2021/03/31 23:00:00+00,Thu 01 Apr 2021,19690,11573,8,669152,273948,124,669276,274072,14.2129797849055,5.82028908194619,96
-7.6926,53.28823,2021/04/01 23:00:00+00,Fri 02 Apr 2021,20132,13719,8,689284,287667,132,689416,287799,14.6406798860118,6.11180046664757,97
-7.6926,53.28823,2021/04/02 23:00:00+00,Sat 03 Apr 2021,7546,4635,6,696830,292302,138,696968,292440,14.8010568057513,6.2103583697873,98
-7.6926,53.28823,2021/04/03 23:00:00+00,Sun 04 Apr 2021,3030,169,3,699860,292471,141,700001,292612,14.8654666571245,6.21401102209069,99
-7.6926,53.28823,2021/04/04 23:00:00+00,Mon 05 Apr 2021,3427,605,4,703287,293076,145,703432,293221,14.9383285760369,6.22694395960676,100
-7.6926,53.28823,2021/04/05 23:00:00+00,Tue 06 Apr 2021,11988,8156,11,715275,301232,156,715431,301388,15.1931435468995,6.40038123496599,101
-7.6926,53.28823,2021/04/06 23:00:00+00,Wed 07 Apr 2021,18353,10467,10,733628,311699,166,733794,311865,15.5831066529876,6.62287448021377,102
-7.6926,53.28823,2021/04/07 23:00:00+00,Thu 08 Apr 2021,20183,10574,14,753811,322273,180,753991,322453,16.0120172260782,6.84772496037828,103
-7.6926,53.28823,2021/04/08 23:00:00+00,Fri 09 Apr 2021,20681,9155,16,774492,331428,196,774688,331624,16.4515459744692,7.04248353174102,104
-7.6926,53.28823,2021/04/10 23:00:00+00,Sun 11 Apr 2021,2858,361,8,788517,335954,216,788733,336170,16.7498105186618,7.13902398157364,105
-7.6926,53.28823,2021/04/11 23:00:00+00,Mon 12 Apr 2021,7770,2796,13,796287,338750,229,796516,338979,16.9150930353902,7.19867689041215,106
-7.6926,53.28823,2021/04/12 23:00:00+00,Tue 13 Apr 2021,11503,8592,1,807790,347342,230,808020,347572,17.1593960127053,7.38116085112745,107
-7.6926,53.28823,2021/04/13 23:00:00+00,Wed 14 Apr 2021,20346,6595,2,828136,353937,232,828368,354169,17.5915132747366,7.52125705604294,108
-7.6926,53.28823,2021/04/14 23:00:00+00,Thu 15 Apr 2021,27121,10797,1,855257,364734,233,855490,364967,18.1674855757398,7.75056716983368,109
-7.6926,53.28823,2021/04/15 23:00:00+00,Fri 16 Apr 2021,27969,9830,1,883226,374564,234,883460,374798,18.7614663020527,7.95934173259315,110
-7.6926,53.28823,2021/04/16 23:00:00+00,Sat 17 Apr 2021,15844,4549,2,899070,379113,236,899306,379349,19.0979775136778,8.05598836417878,111
-7.6926,53.28823,2021/04/17 23:00:00+00,Sun 18 Apr 2021,1070,483,0,900140,379596,236,900376,379832,19.120700408821,8.06624552151911,112
-7.6926,53.28823,2021/04/18 23:00:00+00,Mon 19 Apr 2021,6738,2252,0,906878,381848,236,907114,382084,19.2637909391712,8.1140697830728,113
-7.6926,53.28823,2021/04/19 23:00:00+00,Tue 20 Apr 2021,15088,7306,1,921966,389154,237,922203,389391,19.5842262333913,8.26924379691508,114
-7.6926,53.28823,2021/04/20 23:00:00+00,Wed 21 Apr 2021,26713,9875,4,948679,399029,241,948920,399270,20.1515978124011,8.4790377045034,115
-7.6926,53.28823,2021/04/21 23:00:00+00,Thu 22 Apr 2021,31619,12182,1,980298,411211,242,980540,411453,20.823091218408,8.73776016387667,116
-7.6926,53.28823,2021/04/22 23:00:00+00,Fri 23 Apr 2021,33617,12350,3,1013915,423561,245,1014160,423806,21.5370573256172,9.00009280285213,117
-7.6926,53.28823,2021/04/23 23:00:00+00,Sat 24 Apr 2021,23696,6988,2,1037611,430549,247,1037858,430796,22.0403163621622,9.14853489355385,118
-7.6926,53.28823,2021/04/24 23:00:00+00,Sun 25 Apr 2021,9746,298,2,1047357,430847,249,1047606,431096,22.2473283078217,9.15490579873419,119
-7.6926,53.28823,2021/04/25 23:00:00+00,Mon 26 Apr 2021,15576,3049,3,1062933,433896,252,1063185,434148,22.5781694138364,9.21971914076876,120
-7.6926,53.28823,2021/04/26 23:00:00+00,Tue 27 Apr 2021,25913,7808,9,1088846,441704,261,1089107,441965,23.1286580941182,9.3857236934176,121
-7.6926,53.28823,2021/04/27 23:00:00+00,Wed 28 Apr 2021,26026,8589,5,1114872,450293,266,1115138,450559,23.6814615366156,9.5682288904835,122
-7.6926,53.28823,2021/04/28 23:00:00+00,Thu 29 Apr 2021,31687,11331,6,1146559,461624,272,1146831,461896,24.3545051962164,9.80898539724824,123
-7.6926,53.28823,2021/04/29 23:00:00+00,Fri 30 Apr 2021,36121,13521,8,1182680,475145,280,1182960,475425,25.1217533070838,10.0962919845306,124
-7.6926,53.28823,2021/04/30 23:00:00+00,Sat 01 May 2021,16573,6682,18,1199253,481827,298,1199551,482125,25.4740855999067,10.238575533558,125
-7.6926,53.28823,2021/05/01 23:00:00+00,Sun 02 May 2021,12451,908,14,1211704,482735,312,1212016,483047,25.7387967101495,10.2581554488122,126
-7.6926,53.28823,2021/05/02 23:00:00+00,Mon 03 May 2021,14252,919,21,1225956,483654,333,1226289,483987,26.0419031422791,10.2781176183773,127
-7.6926,53.28823,2021/05/03 23:00:00+00,Tue 04 May 2021,26653,6784,10,1252609,490438,343,1252952,490781,26.6081279583564,10.4223973843612,128
-7.6926,53.28823,2021/05/04 23:00:00+00,Wed 05 May 2021,32098,13457,69,1284707,503895,412,1285119,504307,27.2912376481421,10.7096402625917,129
-7.6926,53.28823,2021/05/05 23:00:00+00,Thu 06 May 2021,37271,14377,132,1321978,518272,544,1322522,518816,28.0855408696753,11.0177584734632,130
-7.6926,53.28823,2021/05/06 23:00:00+00,Fri 07 May 2021,40597,15065,97,1362575,533337,641,1363216,533978,28.9497329210367,11.3397440212771,131
-7.6926,53.28823,2021/05/07 23:00:00+00,Sat 08 May 2021,25609,7037,10,1388184,540374,651,1388835,541025,29.4937869870864,11.4893965839631,132
-7.6926,53.28823,2021/05/08 23:00:00+00,Sun 09 May 2021,19667,921,5,1407851,541295,656,1408507,541951,29.9115484761113,11.5090614446197,133
-7.6926,53.28823,2021/05/09 23:00:00+00,Mon 10 May 2021,28840,4640,173,1436691,545935,829,1437520,546764,30.5276787161012,11.6112720000629,134
-7.6926,53.28823,2021/05/10 23:00:00+00,Tue 11 May 2021,33919,14811,153,1470610,560746,982,1471592,561728,31.2512436537821,11.9290527504578,135
-7.6926,53.28823,2021/05/11 23:00:00+00,Wed 12 May 2021,31286,20925,171,1501896,581671,1153,1503049,582824,31.9192755346411,12.3770548027387,136
-7.6926,53.28823,2021/05/12 23:00:00+00,Thu 13 May 2021,35994,25472,152,1537890,607143,1305,1539195,608448,32.6868846634686,12.9212150505415,137
-7.6926,53.28823,2021/05/13 23:00:00+00,Fri 14 May 2021,38210,27941,236,1576100,635084,1541,1577641,636625,33.5033373986787,13.5195917014288,138
-7.6926,53.28823,2021/05/14 23:00:00+00,Sat 15 May 2021,28852,12443,22,1604952,647527,1563,1606515,649090,34.116515785935,13.7843028116716,139
-7.6926,53.28823,2021/05/15 23:00:00+00,Sun 16 May 2021,23168,1170,9,1628120,648697,1572,1629692,650269,34.6087106838169,13.8093404690303,140
-7.6926,53.28823,2021/05/16 23:00:00+00,Mon 17 May 2021,35387,3942,115,1663507,652639,1687,1665194,654326,35.3626436028573,13.895496343419,141
-7.6926,53.28823,2021/05/17 23:00:00+00,Tue 18 May 2021,39004,12487,125,1702511,665126,1812,1704323,666938,36.193600765528,14.1633291972001,142
-7.6926,53.28823,2021/05/18 23:00:00+00,Wed 19 May 2021,37020,17584,207,1739531,682710,2019,1741550,684729,36.9841663893553,14.5411451107444,143
-7.6926,53.28823,2021/05/19 23:00:00+00,Thu 20 May 2021,39073,19637,136,1778604,702347,2155,1780759,704502,37.8168224600741,14.96105147118,144
-7.6926,53.28823,2021/05/20 23:00:00+00,Fri 21 May 2021,25840,23243,14933,1804444,725590,17088,1821532,742678,38.6826921831329,15.7717703917278,145
-7.6926,53.28823,2021/05/21 23:00:00+00,Sat 22 May 2021,16587,10241,13522,1821031,735831,30610,1851641,766441,39.3220974633816,16.2764097910619,146
-7.6926,53.28823,2021/05/22 23:00:00+00,Sun 23 May 2021,8211,5522,10204,1829242,741353,40814,1870056,782167,39.713164859701,16.6103726406149,147
-7.6926,53.28823,2021/05/23 23:00:00+00,Mon 24 May 2021,22544,8209,8450,1851786,749562,49264,1901050,798826,40.3713643102316,16.9641490052787,148
-7.6926,53.28823,2021/05/24 23:00:00+00,Tue 25 May 2021,30326,16477,3222,1882112,766039,52486,1934598,818525,41.0838014001975,17.3824838757699,149
-7.6926,53.28823,2021/05/25 23:00:00+00,Wed 26 May 2021,19961,25386,3049,1902073,791425,55535,1957608,846960,41.572449827529,17.9863395051123,150
-7.6926,53.28823,2021/05/26 23:00:00+00,Thu 27 May 2021,17004,36019,551,1919077,827444,56086,1975163,883530,41.9452539623314,18.7629528465948,151
-7.6926,53.28823,2021/05/27 23:00:00+00,Fri 28 May 2021,27027,31813,1558,1946104,859257,57644,2003748,916901,42.552295044264,19.4716311025043,152
-7.6926,53.28823,2021/05/28 23:00:00+00,Sat 29 May 2021,24462,7383,534,1970566,866640,58178,2028744,924818,43.0831188638892,19.6397592902132,153
-7.6926,53.28823,2021/05/29 23:00:00+00,Sun 30 May 2021,24236,1674,209,1994802,868314,58387,2053189,926701,43.6022414543332,19.6797473383951,154
-7.6926,53.28823,2021/05/30 23:00:00+00,Mon 31 May 2021,22572,7322,3442,2017374,875636,61829,2079203,937465,44.1546838788704,19.9083354162654,155
-7.6926,53.28823,2021/05/31 23:00:00+00,Tue 01 Jun 2021,27536,11506,3653,2044910,887142,65482,2110392,952624,44.8170244177683,20.2302572550275,156
-7.6926,53.28823,2021/06/01 23:00:00+00,Wed 02 Jun 2021,18683,20886,4007,2063593,908028,69489,2133082,977517,45.2988772129074,20.7588937305409,157
-7.6926,53.28823,2021/06/02 23:00:00+00,Thu 03 Jun 2021,16668,30704,1976,2080261,938732,71465,2151726,1010197,45.6948077335144,21.452897668185,158
-7.6926,53.28823,2021/06/03 23:00:00+00,Fri 04 Jun 2021,28993,23336,150,2109254,962068,71615,2180869,1033683,46.3136986990824,21.9516545984026,159
-7.6926,53.28823,2021/06/04 23:00:00+00,Sat 05 Jun 2021,20944,11484,33,2130198,973552,71648,2201846,1045200,46.7591736256418,22.1962336482755,160
-7.6926,53.28823,2021/06/05 23:00:00+00,Sun 06 Jun 2021,19929,3898,43,2150127,977450,71691,2221818,1049141,47.1833060198471,22.2799261059944,161
-7.6926,53.28823,2021/06/06 23:00:00+00,Mon 07 Jun 2021,19796,4578,44,2169923,982028,71735,2241658,1053763,47.604635215773,22.3780805184728,162
-7.6926,53.28823,2021/06/07 23:00:00+00,Tue 08 Jun 2021,26386,18347,43,2196309,1000375,71778,2268087,1072153,48.1658907258096,22.7686170060271,163
-7.6926,53.28823,2021/06/08 23:00:00+00,Wed 09 Jun 2021,32776,20103,173,2229085,1020478,71951,2301036,1092429,48.8656072417654,23.1992052508151,164
-7.6926,53.28823,2021/06/09 23:00:00+00,Thu 10 Jun 2021,27669,27485,270,2256754,1047963,72221,2328975,1120184,49.4589296412097,23.7886201617488,165
-7.6926,53.28823,2021/06/10 23:00:00+00,Fri 11 Jun 2021,26415,32890,40,2283169,1080853,72261,2355430,1153114,50.020737296362,24.4879331870432,166
-7.6926,53.28823,2021/06/11 23:00:00+00,Sat 12 Jun 2021,12197,19715,103,2295366,1100568,72364,2367730,1172932,50.2819444087556,24.9087951832559,167
-7.6926,53.28823,2021/06/12 23:00:00+00,Sun 13 Jun 2021,8540,18164,831,2303906,1118732,73195,2377101,1191927,50.4809502502385,25.3121796629239,168
-7.6926,53.28823,2021/06/13 23:00:00+00,Mon 14 Jun 2021,16006,31297,48,2319912,1150029,73243,2393155,1223272,50.8218786227887,25.9778330725156,169
-7.6926,53.28823,2021/06/14 23:00:00+00,Tue 15 Jun 2021,14678,41574,205,2334590,1191603,73448,2408038,1265051,51.1379392287849,26.8650665642791,170
-7.6926,53.28823,2021/06/15 23:00:00+00,Wed 16 Jun 2021,13456,48381,215,2348046,1239984,73663,2421709,1313647,51.4282613778527,27.8970682580905,171
-7.6926,53.28823,2021/06/16 23:00:00+00,Thu 17 Jun 2021,21557,42671,535,2369603,1282655,74198,2443801,1356853,51.8974148353323,28.8146060221618,172
-7.6926,53.28823,2021/06/17 23:00:00+00,Fri 18 Jun 2021,12004,50033,552,2381607,1332688,74750,2456357,1407438,52.1640584534798,29.8888468173188,173
-7.6926,53.28823,2021/06/18 23:00:00+00,Sat 19 Jun 2021,6302,32793,432,2387909,1365481,75182,2463091,1440663,52.3070640384276,30.5944245660405,174
-7.6926,53.28823,2021/06/19 23:00:00+00,Sun 20 Jun 2021,8505,26134,177,2396414,1391615,75359,2471773,1466974,52.4914380343464,31.1531741867062,175
-7.6926,53.28823,2021/06/20 23:00:00+00,Mon 21 Jun 2021,15459,32329,572,2411873,1423944,75931,2487804,1499875,52.8318779708327,31.8518713578331,176
-7.6926,53.28823,2021/06/21 23:00:00+00,Tue 22 Jun 2021,15120,43529,722,2426993,1467473,76653,2503646,1544126,53.1683042370554,32.7916011082827,177
-7.6926,53.28823,2021/06/22 23:00:00+00,Wed 23 Jun 2021,20069,39373,881,2447062,1506846,77534,2524596,1584380,53.6132057821486,33.6464491653796,178
-7.6926,53.28823,2021/06/23 23:00:00+00,Thu 24 Jun 2021,19005,44259,1030,2466067,1551105,78564,2544631,1629669,54.0386760664418,34.608222247753,179
-7.6926,53.28823,2021/06/24 23:00:00+00,Fri 25 Jun 2021,15195,50112,840,2481262,1601217,79404,2560666,1680621,54.3792009483305,35.6902567835806,180
-7.6926,53.28823,2021/06/25 23:00:00+00,Sat 26 Jun 2021,9045,30541,508,2490307,1631758,79912,2570219,1711670,54.5820718056228,36.3496242333943,181
-7.6926,53.28823,2021/06/26 23:00:00+00,Sun 27 Jun 2021,8718,30469,56,2499025,1662227,79968,2578993,1742195,54.7683995457969,36.997863835493,182
-7.6926,53.28823,2021/06/27 23:00:00+00,Mon 28 Jun 2021,24214,24628,519,2523239,1686855,80487,2603726,1767342,55.2936382052141,37.531894344059,183
-7.6926,53.28823,2021/06/28 23:00:00+00,Tue 29 Jun 2021,28139,31014,808,2551378,1717869,81295,2632673,1799164,55.9083668460643,38.2076774928874,184
-7.6926,53.28823,2021/06/29 23:00:00+00,Wed 30 Jun 2021,22548,36850,587,2573926,1754719,81882,2655808,1836601,56.3996698172209,39.002702750341,185
-7.6926,53.28823,2021/06/30 23:00:00+00,Thu 01 Jul 2021,14986,48307,639,2588912,1803026,82521,2671433,1885547,56.7314877953631,40.0421371668627,186
-7.6926,53.28823,2021/07/01 23:00:00+00,Fri 02 Jul 2021,13645,47248,813,2602557,1850274,83334,2685891,1933608,57.0385229523539,41.0627774131024,187
-7.6926,53.28823,2021/07/02 23:00:00+00,Sat 03 Jul 2021,9300,30462,505,2611857,1880736,83839,2695696,1964575,57.2467453699978,41.7204034821669,188
-7.6926,53.28823,2021/07/03 23:00:00+00,Sun 04 Jul 2021,6441,27771,231,2618298,1908507,84070,2702368,1992577,57.3884343012083,42.315063771699,189
-7.6926,53.28823,2021/07/04 23:00:00+00,Mon 05 Jul 2021,15583,33438,5338,2633881,1941945,89408,2723289,2031353,57.8327199921341,43.1385245026075,190
-7.6926,53.28823,2021/07/05 23:00:00+00,Tue 06 Jul 2021,12398,48279,5483,2646279,1990224,94891,2741170,2085115,58.2124471772324,44.2802331836241,191
-7.6926,53.28823,2021/07/06 23:00:00+00,Wed 07 Jul 2021,19690,43747,5054,2665969,2033971,99945,2765914,2133916,58.7379194365062,45.3165883293087,192
-7.6926,53.28823,2021/07/07 23:00:00+00,Thu 08 Jul 2021,17750,45573,5993,2683719,2079544,105938,2789657,2185482,59.2421341088282,46.4116619844053,193
-7.6926,53.28823,2021/07/08 23:00:00+00,Fri 09 Jul 2021,13504,45079,6528,2697223,2124623,112466,2809689,2237089,59.6675406840696,47.5076063298766,194
-7.6926,53.28823,2021/07/09 23:00:00+00,Sat 10 Jul 2021,8620,23855,4362,2705843,2148478,116828,2822671,2265306,59.9432309875731,48.1068324347879,195
-7.6926,53.28823,2021/07/10 23:00:00+00,Sun 11 Jul 2021,15220,16102,2153,2721063,2164580,118981,2840044,2283561,60.3121701065661,48.4945020150111,196
-7.6926,53.28823,2021/07/11 23:00:00+00,Mon 12 Jul 2021,17092,31740,6090,2738155,2196320,125071,2863226,2321391,60.804471186201,49.297873158251,197
-7.6926,53.28823,2021/07/12 23:00:00+00,Tue 13 Jul 2021,20090,36550,8485,2758245,2232870,133556,2891801,2366426,61.4112999046275,50.2542522075717,198
-7.6926,53.28823,2021/07/13 23:00:00+00,Wed 14 Jul 2021,20783,35681,9331,2779028,2268551,142887,2921915,2411438,62.0508113666292,51.2101428208287,199
-7.6926,53.28823,2021/07/14 23:00:00+00,Thu 15 Jul 2021,23615,28815,9580,2802643,2297366,152467,2955110,2449833,62.7557520248329,52.0255125021581,200
-7.6926,53.28823,2021/07/15 23:00:00+00,Fri 16 Jul 2021,23520,27405,9162,2826163,2324771,161629,2987792,2486400,63.4497984351783,52.8020621345888,201
-7.6926,53.28823,2021/07/16 23:00:00+00,Sat 17 Jul 2021,11486,19413,4676,2837649,2344184,166305,3003954,2510489,63.7930203335933,53.3136245842188,202
-7.6926,53.28823,2021/07/17 23:00:00+00,Sun 18 Jul 2021,16847,15802,1928,2854496,2359986,168233,3022729,2528219,64.1917328161291,53.6901450803764,203
-7.6926,53.28823,2021/07/18 23:00:00+00,Mon 19 Jul 2021,24866,18408,6246,2879362,2378394,174479,3053841,2552873,64.8524381560307,54.2137060680961,204
-7.6926,53.28823,2021/07/19 23:00:00+00,Tue 20 Jul 2021,30557,18162,7693,2909919,2396556,182172,3092091,2578728,65.664728566523,54.7627719128876,205
-7.6926,53.28823,2021/07/20 23:00:00+00,Wed 21 Jul 2021,30339,19821,6885,2940258,2416377,189057,3129315,2605434,66.4552304812985,55.3299098920408,206
-7.6926,53.28823,2021/07/21 23:00:00+00,Thu 22 Jul 2021,33512,15914,6932,2973770,2432291,195989,3169759,2628280,67.3141134450096,55.8150755578736,207
-7.6926,53.28823,2021/07/22 23:00:00+00,Fri 23 Jul 2021,27071,20811,5611,3000841,2453102,201600,3202441,2654702,68.008159855355,56.376182413456,208
-7.6926,53.28823,2021/07/23 23:00:00+00,Sat 24 Jul 2021,15420,14800,2271,3016261,2467902,203871,3220132,2671773,68.3838521338391,56.7387081545675,209
-7.6926,53.28823,2021/07/24 23:00:00+00,Sun 25 Jul 2021,14709,13634,1042,3030970,2481536,204913,3235883,2686449,68.7183458921571,57.0503728359893,210
-7.6926,53.28823,2021/07/25 23:00:00+00,Mon 26 Jul 2021,23811,18265,3418,3054781,2499801,208331,3263112,2708132,69.2965904826746,57.5108406260731,211
-7.6926,53.28823,2021/07/26 23:00:00+00,Tue 27 Jul 2021,25485,23878,3669,3080266,2523679,212000,3292266,2735679,69.9157150480993,58.0958383760818,212
-7.6926,53.28823,2021/07/27 23:00:00+00,Wed 28 Jul 2021,23417,25261,3259,3103683,2548940,215259,3318942,2764199,70.4822159367344,58.7014990952253,213
-7.6926,53.28823,2021/07/28 23:00:00+00,Thu 29 Jul 2021,19249,27834,2957,3122932,2576774,218216,3341148,2794990,70.9537903381825,59.3553875665839,214
-7.6926,53.28823,2021/07/29 23:00:00+00,Fri 30 Jul 2021,21928,22917,2115,3144860,2599691,220331,3365191,2820022,71.4643759156849,59.8869758948308,215
-7.6926,53.28823,2021/07/30 23:00:00+00,Sat 31 Jul 2021,13725,12455,906,3158585,2612146,221237,3379822,2833383,71.7750849613297,60.1707147752122,216
-7.6926,53.28823,2021/07/31 23:00:00+00,Sun 01 Aug 2021,11088,9309,368,3169673,2621455,221605,3391278,2843060,72.0183685938159,60.3762189399791,217
-7.6926,53.28823,2021/08/01 23:00:00+00,Mon 02 Aug 2021,15002,15990,428,3184675,2637445,222033,3406708,2859478,72.346045483591,60.724877344148,218
-7.6926,53.28823,2021/08/02 23:00:00+00,Tue 03 Aug 2021,17318,25425,1108,3201993,2662870,223141,3425134,2886011,72.737346479767,61.2883414346472,219
-7.6926,53.28823,2021/08/03 23:00:00+00,Wed 04 Aug 2021,22087,17278,1571,3224080,2680148,224712,3448792,2904860,73.2397560622879,61.6886254071274,220
-7.6926,53.28823,2021/08/04 23:00:00+00,Thu 05 Aug 2021,13508,30015,1420,3237588,2710163,226132,3463720,2936295,73.5567723040612,62.3561900882731,221
-7.6926,53.28823,2021/08/05 23:00:00+00,Fri 06 Aug 2021,12187,24724,947,3249775,2734887,227079,3476854,2961966,73.8356905328561,62.9013484445541,222
-7.6926,53.28823,2021/08/06 23:00:00+00,Sat 07 Aug 2021,6324,8439,582,3256099,2743326,227661,3483760,2970987,73.9823487701074,63.0929215633267,223
-7.6926,53.28823,2021/08/07 23:00:00+00,Sun 08 Aug 2021,8615,11957,153,3264714,2755283,227814,3492528,2983097,74.1685490921779,63.3500937691061,224
-7.6926,53.28823,2021/08/08 23:00:00+00,Mon 09 Aug 2021,5523,23010,598,3270237,2778293,228412,3498649,3006705,74.2985367942072,63.851441534097,225
-7.6926,53.28823,2021/08/09 23:00:00+00,Tue 10 Aug 2021,9332,25977,712,3279569,2804270,229124,3508693,3033394,74.5118346996447,64.4182184952899,226
-7.6926,53.28823,2021/08/10 23:00:00+00,Wed 11 Aug 2021,6994,31214,661,3286563,2835484,229785,3516348,3065269,74.6743989634962,65.0951271707001,227
-7.6926,53.28823,2021/08/11 23:00:00+00,Thu 12 Aug 2021,6749,38263,861,3293312,2873747,230646,3523958,3104393,74.8360075915706,65.9259781516178,228
-7.6926,53.28823,2021/08/12 23:00:00+00,Fri 13 Aug 2021,10909,28218,868,3304221,2901965,231514,3535735,3133479,75.0861080925998,66.5436586452015,229
-7.6926,53.28823,2021/08/13 23:00:00+00,Sat 14 Aug 2021,18119,5824,279,3322340,2907789,231793,3554133,3139582,75.476814470959,66.6732640929201,230
-7.6926,53.28823,2021/08/14 23:00:00+00,Sun 15 Aug 2021,16994,3716,49,3339334,2911505,231842,3571176,3143347,75.8387455942536,66.7532189529332,231
-7.6926,53.28823,2021/08/15 23:00:00+00,Mon 16 Aug 2021,10172,23127,384,3349506,2934632,232226,3581732,3166858,76.0629165111989,67.2525067919158,232
-7.6926,53.28823,2021/08/16 23:00:00+00,Tue 17 Aug 2021,12852,26839,528,3362358,2961471,232754,3595112,3194225,76.3470588822417,67.8336819988163,233
-7.6926,53.28823,2021/08/17 23:00:00+00,Wed 18 Aug 2021,15221,25758,657,3377579,2987229,233411,3610990,3220640,76.684249657086,68.3946401999445,234
-7.6926,53.28823,2021/08/18 23:00:00+00,Thu 19 Aug 2021,11352,25684,542,3388931,3012913,233953,3622884,3246866,76.9368348111356,68.9515847308091,235
-7.6926,53.28823,2021/08/19 23:00:00+00,Fri 20 Aug 2021,14835,22228,685,3403766,3035141,234638,3638404,3269779,77.2664229724647,69.4381732321322,236
-7.6926,53.28823,2021/08/20 23:00:00+00,Sat 21 Aug 2021,11873,7958,245,3415639,3043099,234883,3650522,3277982,77.5237650690489,69.6123750161131,237
-7.6926,53.28823,2021/08/21 23:00:00+00,Sun 22 Aug 2021,8002,12245,161,3423641,3055344,235044,3658685,3290388,77.6971173990057,69.8758331816704,238
-7.6926,53.28823,2021/08/22 23:00:00+00,Mon 23 Aug 2021,10855,15352,289,3434496,3070696,235333,3669829,3306029,77.9337752901045,70.2079909414223,239
-7.6926,53.28823,2021/08/23 23:00:00+00,Tue 24 Aug 2021,9703,22902,383,3444199,3093598,235716,3679915,3329314,78.1479651222672,70.702479365169,240
-7.6926,53.28823,2021/08/24 23:00:00+00,Wed 25 Aug 2021,9411,19499,312,3453610,3113097,236028,3689638,3349125,78.3544461591618,71.1231927069275,241
-7.6926,53.28823,2021/08/25 23:00:00+00,Thu 26 Aug 2021,8569,19414,367,3462179,3132511,236395,3698574,3368906,78.5442141881333,71.543268958168,242
-7.6926,53.28823,2021/08/26 23:00:00+00,Fri 27 Aug 2021,9710,19186,430,3471889,3151697,236825,3708714,3388522,78.7595507832285,71.9598412115593,243
-7.6926,53.28823,2021/08/27 23:00:00+00,Sat 28 Aug 2021,9915,7901,153,3481804,3159598,236978,3718782,3396576,78.9733583610804,72.1308787793006,244
-7.6926,53.28823,2021/08/28 23:00:00+00,Sun 29 Aug 2021,8793,9180,28,3490597,3168778,237006,3727603,3405784,79.1606842097328,72.3264230956356,245
-7.6926,53.28823,2021/08/29 23:00:00+00,Mon 30 Aug 2021,5053,11107,84,3495650,3179885,237090,3732740,3416975,79.2697753427706,72.5640790952125,246
-7.6926,53.28823,2021/08/30 23:00:00+00,Tue 31 Aug 2021,4058,12869,142,3499708,3192754,237232,3736940,3429986,79.3589680152953,72.8403852528835,247
-7.6926,53.28823,2021/08/31 23:00:00+00,Wed 01 Sep 2021,4952,12513,180,3504660,3205267,237412,3742072,3442679,79.4679529665801,73.1099382510634,248
-7.6926,53.28823,2021/09/01 23:00:00+00,Thu 02 Sep 2021,5005,12342,247,3509665,3217609,237659,3747324,3455268,79.5794862799372,73.3772826687807,249
-7.6926,53.28823,2021/09/02 23:00:00+00,Fri 03 Sep 2021,4769,16049,165,3514434,3233658,237824,3752258,3471482,79.684266433803,73.721608857427,250
-7.6926,53.28823,2021/09/03 23:00:00+00,Sat 04 Sep 2021,4623,10567,133,3519057,3244225,237957,3757014,3482182,79.7852665172619,73.9488378088588,251
-7.6926,53.28823,2021/09/04 23:00:00+00,Sun 05 Sep 2021,5305,11893,1,3524362,3256118,237958,3762320,3494076,79.8979465935513,74.2014229629084,252
-7.6926,53.28823,2021/09/05 23:00:00+00,Mon 06 Sep 2021,2150,9661,75,3526512,3265779,238033,3764545,3503812,79.9451974736388,74.4081800723607,253
-7.6926,53.28823,2021/09/06 23:00:00+00,Tue 07 Sep 2021,3025,9995,158,3529537,3275774,238191,3767728,3513965,80.0127927776021,74.6237927400138,254
-7.6926,53.28823,2021/09/07 23:00:00+00,Wed 08 Sep 2021,2605,14804,186,3532142,3290578,238377,3770519,3528955,80.0720634321298,74.9421256355243,255
-7.6926,53.28823,2021/09/08 23:00:00+00,Thu 09 Sep 2021,3111,14797,138,3535253,3305375,238515,3773768,3543890,80.1410603352328,75.2592905317518,256
-7.6926,53.28823,2021/09/09 23:00:00+00,Fri 10 Sep 2021,3372,13939,115,3538625,3319314,238630,3777255,3557944,80.2151114897788,75.5577462030998,257
-7.6926,53.28823,2021/09/10 23:00:00+00,Sat 11 Sep 2021,2554,11320,62,3541179,3330634,238692,3779871,3569326,80.2706657829513,75.7994583456416,258
-7.6926,53.28823,2021/09/11 23:00:00+00,Sun 12 Sep 2021,2040,12879,1,3543219,3343513,238693,3781912,3582206,80.3140091745282,76.0729825413838,259
-7.6926,53.28823,2021/09/12 23:00:00+00,Mon 13 Sep 2021,1610,7729,52,3544829,3351242,238745,3783574,3589987,80.3493039892272,76.238222585411,260
-7.6926,53.28823,2021/09/13 23:00:00+00,Tue 14 Sep 2021,1544,10776,82,3546373,3362018,238827,3785200,3600845,80.3838342953046,76.4688068802378,261
-7.6926,53.28823,2021/09/14 23:00:00+00,Wed 15 Sep 2021,3272,12392,137,3549645,3374410,238964,3788609,3613374,80.4562290145038,76.7348771169191,262
-7.6926,53.28823,2021/09/15 23:00:00+00,Thu 16 Sep 2021,1905,10589,115,3551550,3384999,239079,3790629,3624078,80.499126442718,76.9621910137533,263
-7.6926,53.28823,2021/09/16 23:00:00+00,Fri 17 Sep 2021,2555,14607,94,3554105,3399606,239173,3793278,3638779,80.5553815354604,77.2743866039401,264
-7.6926,53.28823,2021/09/17 23:00:00+00,Sat 18 Sep 2021,2283,11228,47,3556388,3410834,239220,3795608,3650054,80.6048622323609,77.5138264569676,265
-7.6926,53.28823,2021/09/18 23:00:00+00,Sun 19 Sep 2021,1860,8488,15,3558248,3419322,239235,3797483,3658557,80.644680389738,77.6943991461288,266
-7.6926,53.28823,2021/09/19 23:00:00+00,Mon 20 Sep 2021,952,5607,34,3559200,3424929,239269,3798469,3664198,80.6656194314307,77.8141933998697,267
-7.6926,53.28823,2021/09/20 23:00:00+00,Tue 21 Sep 2021,1462,6663,90,3560662,3431592,239359,3800021,3670951,80.6985782475636,77.9576024754789,268
-7.6926,53.28823,2021/09/21 23:00:00+00,Wed 22 Sep 2021,1893,8139,97,3562555,3439731,239456,3802011,3679187,80.7408385852598,78.1325050590296,269
-7.6926,53.28823,2021/09/22 23:00:00+00,Thu 23 Sep 2021,1698,8738,89,3564253,3448469,239545,3803798,3688014,80.778787943784,78.3199583257856,270
-7.6926,53.28823,2021/09/23 23:00:00+00,Fri 24 Sep 2021,1908,7390,79,3566161,3455859,239624,3805785,3695483,80.8209845724284,78.4785726284252,271
-7.6926,53.28823,2021/09/24 23:00:00+00,Sat 25 Sep 2021,2414,6588,52,3568575,3462447,239676,3808251,3702123,80.8733534130107,78.6195819964166,272
-7.6926,53.28823,2021/09/25 23:00:00+00,Sun 26 Sep 2021,1547,7097,0,3570122,3469544,239676,3809798,3709220,80.9062060473906,78.7702963766326,273
-7.6926,53.28823,2021/09/26 23:00:00+00,Mon 27 Sep 2021,1175,3811,45,3571297,3473355,239721,3811018,3713076,80.932114395124,78.8521837445505,274
-7.6926,53.28823,2021/09/27 23:00:00+00,Tue 28 Sep 2021,1446,5124,93,3572743,3478479,239814,3812557,3718293,80.9647971386991,78.9629737856365,275
-7.6926,53.28823,2021/09/28 23:00:00+00,Wed 29 Sep 2021,1651,3611,79,3574394,3482090,239893,3814287,3721983,81.001536025239,79.0413359193545,276
-7.6926,53.28823,2021/09/29 23:00:00+00,Thu 30 Sep 2021,1281,3962,78,3575675,3486052,239971,3815646,3726023,81.0303962257059,79.127130775783,277
-7.6926,53.28823,2021/09/30 23:00:00+00,Fri 01 Oct 2021,1844,5172,41,3577519,3491224,240012,3817531,3731236,81.070426746589,79.2378358714666,278
-7.6926,53.28823,2021/10/01 23:00:00+00,Sat 02 Oct 2021,1711,4079,40,3579230,3495303,240052,3819282,3735355,81.1076115964915,79.3253083995925,279
-7.6926,53.28823,2021/10/02 23:00:00+00,Sun 03 Oct 2021,1195,3015,9,3580425,3498318,240061,3820486,3738379,81.1331801626152,79.3895271238103,280
-7.6926,53.28823,2021/10/03 23:00:00+00,Mon 04 Oct 2021,335,1232,18,3580760,3499550,240079,3820839,3739629,81.1406765943774,79.4160725620616,281
-7.6926,53.28823,2021/10/04 23:00:00+00,Tue 05 Oct 2021,964,2815,70,3581724,3502365,240149,3821873,3742514,81.162634980899,79.4773394335458,282
-7.6926,53.28823,2021/10/05 23:00:00+00,Wed 06 Oct 2021,972,2565,37,3582696,3504930,240186,3822882,3745116,81.1840624586555,79.5325964178099,283
-7.6926,53.28823,2021/10/06 23:00:00+00,Thu 07 Oct 2021,1211,2691,44,3583907,3507621,240230,3824137,3747851,81.2107140786599,79.5906778367039,284
-7.6926,53.28823,2021/10/07 23:00:00+00,Fri 08 Oct 2021,963,2777,47,3584870,3510398,240277,3825147,3750675,81.232162792767,79.6506492908015,285
-7.6926,53.28823,2021/10/08 23:00:00+00,Sat 09 Oct 2021,732,2374,23,3585602,3512772,240300,3825902,3753072,81.2481962374708,79.7015528231923,286
-7.6926,53.28823,2021/10/09 23:00:00+00,Sun 10 Oct 2021,1501,3913,1,3587103,3516685,240301,3827404,3756986,81.2800932360737,79.784671899445,287
-7.6926,53.28823,2021/10/10 23:00:00+00,Mon 11 Oct 2021,331,1118,19,3587434,3517803,240320,3827754,3758123,81.2875259587841,79.8088176300785,288
-7.6926,53.28823,2021/10/11 23:00:00+00,Tue 12 Oct 2021,558,1604,20,3587992,3519407,240340,3828332,3759747,81.2998005694315,79.8433054634547,289
-7.6926,53.28823,2021/10/12 23:00:00+00,Wed 13 Oct 2021,997,2066,11,3588989,3521473,240351,3829340,3761824,81.3212068108374,79.8874133636532,290
-7.6926,53.28823,2021/10/13 23:00:00+00,Thu 14 Oct 2021,682,1587,8,3589671,3523060,240359,3830030,3763419,81.3358598927522,79.9212853428619,291
-7.6926,53.28823,2021/10/14 23:00:00+00,Fri 15 Oct 2021,948,2063,8,3590619,3525123,240367,3830986,3765490,81.3561618439268,79.9652658249568,292
-7.6926,53.28823,2021/10/15 23:00:00+00,Sat 16 Oct 2021,1368,2633,14,3591987,3527756,240381,3832368,3768137,81.3855104804576,80.021478444998,293
-7.6926,53.28823,2021/10/16 23:00:00+00,Sun 17 Oct 2021,1700,2885,2,3593687,3530641,240383,3834070,3771024,81.4216547491806,80.0827877891834,294
-7.6926,53.28823,2021/10/17 23:00:00+00,Mon 18 Oct 2021,670,1237,4,3594357,3531878,240387,3834744,3772265,81.4359680494858,80.1091421002793,295
-7.6926,53.28823,2021/10/18 23:00:00+00,Tue 19 Oct 2021,1333,1790,13,3595690,3533668,240400,3836090,3774068,81.4645521773949,80.1474312404131,296
-7.6926,53.28823,2021/10/19 23:00:00+00,Wed 20 Oct 2021,2251,2313,0,3597941,3535981,240400,3838341,3776381,81.512355202598,80.1965509193535,297
-7.6926,53.28823,2021/10/20 23:00:00+00,Thu 21 Oct 2021,1739,1820,11,3599680,3537801,240411,3840091,3778212,81.5495188161499,80.2354346773041,298
-7.6926,53.28823,2021/10/21 23:00:00+00,Fri 22 Oct 2021,1497,1916,3,3601177,3539717,240414,3841591,3780131,81.5813733420516,80.2761872341076,299
-7.6926,53.28823,2021/10/22 23:00:00+00,Sat 23 Oct 2021,2005,1689,1,3603182,3541406,240415,3843597,3781821,81.6239734613574,80.3120766666235,300
-7.6926,53.28823,2021/10/23 23:00:00+00,Sun 24 Oct 2021,1948,2183,2,3605130,3543589,240417,3845547,3784006,81.6653843450295,80.3584780926869,301
-7.6926,53.28823,2021/10/24 23:00:00+00,Mon 25 Oct 2021,1217,840,2,3606347,3544429,240419,3846766,3784848,81.6912714564123,80.376359099893,302
-7.6926,53.28823,2021/10/25 23:00:00+00,Tue 26 Oct 2021,1236,1211,6,3607583,3545640,240425,3848008,3786065,81.7176470038589,80.4022037385746,303
-7.6926,53.28823,2021/10/26 23:00:00+00,Wed 27 Oct 2021,1554,1413,5,3609137,3547053,240430,3849567,3787483,81.750754474446,80.432316883727,304
-7.6926,53.28823,2021/10/27 23:00:00+00,Thu 28 Oct 2021,2148,1682,4,3611285,3548735,240434,3851719,3789169,81.7964551009396,80.4681213708404,305
-7.6926,53.28823,2021/10/28 23:00:00+00,Fri 29 Oct 2021,2132,1350,1,3613417,3550085,240435,3853852,3790520,81.8417522367717,80.4968116805025,306
-7.6926,53.28823,2021/10/29 23:00:00+00,Sat 30 Oct 2021,2011,1442,0,3615428,3551527,240435,3855863,3791962,81.8844585378305,80.5274344980693,307
-7.6926,53.28823,2021/10/30 23:00:00+00,Sun 31 Oct 2021,1594,1317,0,3617022,3552844,240435,3857457,3793279,81.9183092806887,80.555402771811,308
-7.6926,53.28823,2021/11/01 00:00:00+00,Mon 01 Nov 2021,264,270,3,3617286,3553114,240438,3857724,3793552,81.9239793862992,80.5612002955251,309
-7.6926,53.28823,2022/02/13 00:00:00+00,Sun 13 Feb 2022,1567,4705,0,3814866,3719595,240579,4055445,3960174,86.1228518635004,84.0996435053825,310
-7.6926,53.28823,2022/02/14 00:00:00+00,Mon 14 Feb 2022,175,949,1,3815041,3720544,240580,4055621,3961124,86.1265894612062,84.1198180384535,311
-7.6926,53.28823,2022/02/15 00:00:00+00,Tue 15 Feb 2022,649,814,1,3815690,3721358,240581,4056271,3961939,86.1403930890969,84.1371256641934,312
-7.6926,53.28823,2022/02/16 00:00:00+00,Wed 16 Feb 2022,800,1785,0,3816490,3723143,240581,4057071,3963724,86.1573821695778,84.1750325500164,313
-7.6926,53.28823,2022/02/17 00:00:00+00,Thu 17 Feb 2022,794,1186,2,3817284,3724329,240583,4057867,3964912,86.1742863046562,84.2002613345305,314
-7.6926,53.28823,2022/02/18 00:00:00+00,Fri 18 Feb 2022,796,3290,0,3818080,3727619,240583,4058663,3968202,86.1911904397347,84.2701289280081,315
-7.6926,53.28823,2022/02/19 00:00:00+00,Sat 19 Feb 2022,979,3553,0,3819059,3731172,240583,4059642,3971755,86.2119808269732,84.3455816816939,316
-7.6926,53.28823,2022/02/20 00:00:00+00,Sun 20 Feb 2022,1366,3587,0,3820425,3734759,240583,4061008,3975342,86.2409896818943,84.4217564713,317
-7.6926,53.28823,2022/02/21 00:00:00+00,Mon 21 Feb 2022,252,988,2,3820677,3735747,240585,4061262,3976332,86.246383714947,84.4427804583951,318
-7.6926,53.28823,2022/02/22 00:00:00+00,Tue 22 Feb 2022,474,973,0,3821151,3736720,240585,4061736,3977305,86.2564497451319,84.46344342753,319
-7.6926,53.28823,2022/02/23 00:00:00+00,Wed 23 Feb 2022,828,1270,1,3821979,3737990,240586,4062565,3978576,86.2740546797802,84.490434829144,320
-7.6926,53.28823,2022/02/24 00:00:00+00,Thu 24 Feb 2022,660,1229,0,3822639,3739219,240586,4063225,3979805,86.288070671177,84.5165343040328,321
-7.6926,53.28823,2022/02/25 00:00:00+00,Fri 25 Feb 2022,690,1221,0,3823329,3740440,240586,4063915,3981026,86.3027237530918,84.5424638881167,322
-7.6926,53.28823,2022/02/26 00:00:00+00,Sat 26 Feb 2022,960,2088,0,3824289,3742528,240586,4064875,3983114,86.3231106496688,84.5868053881718,323
-7.6926,53.28823,2022/02/27 00:00:00+00,Sun 27 Feb 2022,671,1782,0,3824960,3744310,240586,4065546,3984896,86.3373602409222,84.624648564943,324
-7.6926,53.28823,2022/02/28 00:00:00+00,Mon 28 Feb 2022,85,426,0,3825045,3744736,240586,4065631,3985322,86.3391653307232,84.6336952502991,325
-7.6926,53.28823,2022/03/01 00:00:00+00,Tue 01 Mar 2022,131,940,0,3825176,3745676,240586,4065762,3986262,86.341947292652,84.6536574198641,326
-7.6926,53.28823,2022/03/02 00:00:00+00,Wed 02 Mar 2022,206,993,2,3825382,3746669,240588,4065970,3987257,86.346364453577,84.6747875887122,327
-7.6926,53.28823,2022/03/03 00:00:00+00,Thu 03 Mar 2022,276,1273,0,3825658,3747942,240588,4066246,3988530,86.3522256863429,84.7018214630274,328
-7.6926,53.28823,2022/03/04 00:00:00+00,Fri 04 Mar 2022,733,1503,2,3826391,3749445,240590,4066981,3990035,86.3678344040347,84.7337821706821,329
-7.6926,53.28823,2022/03/05 00:00:00+00,Sat 05 Mar 2022,962,3341,0,3827353,3752786,240590,4067943,3993376,86.388263773313,84.8047328180404,330
-7.6926,53.28823,2022/03/06 00:00:00+00,Sun 06 Mar 2022,456,1914,0,3827809,3754700,240590,4068399,3995290,86.3979475491871,84.8453791930909,331
-7.6926,53.28823,2022/03/07 00:00:00+00,Mon 07 Mar 2022,112,121,0,3827921,3754821,240590,4068511,3995411,86.4003260204544,84.8479487915136,332
-7.6926,53.28823,2022/03/08 00:00:00+00,Tue 08 Mar 2022,119,492,0,3828040,3755313,240590,4068630,3995903,86.402853146176,84.8583970760094,333
-7.6926,53.28823,2022/03/09 00:00:00+00,Wed 09 Mar 2022,125,343,0,3828165,3755656,240590,4068755,3996246,86.4055076900011,84.8656811442655,334
-7.6926,53.28823,2022/03/10 00:00:00+00,Thu 10 Mar 2022,257,507,0,3828422,3756163,240590,4069012,3996753,86.4109654321056,84.8764479740203,335
-7.6926,53.28823,2022/03/11 00:00:00+00,Fri 11 Mar 2022,495,2181,0,3828917,3758344,240590,4069507,3998934,86.4214774256531,84.9227644546813,336
-7.6926,53.28823,2022/03/12 00:00:00+00,Sat 12 Mar 2022,473,2387,2,3829390,3760731,240592,4069982,4001323,86.4315646921887,84.9734980962673,337
-7.6926,53.28823,2022/03/13 00:00:00+00,Sun 13 Mar 2022,359,1082,0,3829749,3761813,240592,4070341,4002405,86.4391885420545,84.9964758276177,338
-7.6926,53.28823,2022/03/14 00:00:00+00,Mon 14 Mar 2022,109,120,0,3829858,3761933,240592,4070450,4002525,86.44150330427,84.9990241896899,339
-7.6926,53.28823,2022/03/15 00:00:00+00,Tue 15 Mar 2022,222,757,0,3830080,3762690,240592,4070672,4003282,86.4462177741034,85.0151001070949,340
-7.6926,53.28823,2022/03/16 00:00:00+00,Wed 16 Mar 2022,196,797,0,3830276,3763487,240592,4070868,4004079,86.4503800988212,85.032025478524,341
-7.6926,53.28823,2022/03/18 00:00:00+00,Fri 18 Mar 2022,2,6,0,3830278,3763493,240592,4070870,4004085,86.4504225715224,85.0321528966276,342
-7.6926,53.28823,2022/03/19 00:00:00+00,Sat 19 Mar 2022,743,2778,0,3831021,3766271,240592,4071613,4006863,86.4662011800191,85.0911474785975,343
-7.6926,53.28823,2022/03/20 00:00:00+00,Sun 20 Mar 2022,394,1401,0,3831415,3767672,240592,4072007,4008264,86.4745683021559,85.1208996057896,344
-7.6926,53.28823,2022/03/21 00:00:00+00,Mon 21 Mar 2022,54,111,0,3831469,3767783,240592,4072061,4008375,86.4757150650884,85.1232568407063,345
-7.6926,53.28823,2022/03/22 00:00:00+00,Tue 22 Mar 2022,138,573,0,3831607,3768356,240592,4072199,4008948,86.4786456814713,85.1354252696008,346
-7.6926,53.28823,2022/03/23 00:00:00+00,Wed 23 Mar 2022,98,220,0,3831705,3768576,240592,4072297,4009168,86.4807268438302,85.140097266733,347
-7.6926,53.28823,2022/03/24 00:00:00+00,Thu 24 Mar 2022,148,239,0,3831853,3768815,240592,4072445,4009407,86.4838698237192,85.1451727545267,348
-7.6926,53.28823,2022/03/25 00:00:00+00,Fri 25 Mar 2022,436,1621,0,3832289,3770436,240592,4072881,4011028,86.4931288725813,85.1795968788511,349
-7.6926,53.28823,2022/03/26 00:00:00+00,Sat 26 Mar 2022,874,1847,0,3833163,3772283,240592,4073755,4012875,86.5116894430066,85.2188204184113,350
-7.6926,53.28823,2022/03/27 00:00:00+00,Sun 27 Mar 2022,380,802,0,3833543,3773085,240592,4074135,4013677,86.519759256235,85.2358519715934,351
-7.6926,53.28823,2022/03/27 23:00:00+00,Mon 28 Mar 2022,40,51,0,3833583,3773136,240592,4074175,4013728,86.5206087102591,85.2369350254741,352
-7.6926,53.28823,2022/03/28 23:00:00+00,Tue 29 Mar 2022,138,192,3,3833721,3773328,240595,4074316,4013923,86.5236030356938,85.2410761138413,353
-7.6926,53.28823,2022/03/29 23:00:00+00,Wed 30 Mar 2022,109,134,0,3833830,3773462,240595,4074425,4014057,86.5259177979094,85.2439217848218,354
-7.6926,53.28823,2022/03/30 23:00:00+00,Thu 31 Mar 2022,228,355,0,3834058,3773817,240595,4074653,4014412,86.5307596858464,85.2514606892852,355
-7.6926,53.28823,2022/03/31 23:00:00+00,Fri 01 Apr 2022,310,903,0,3834368,3774720,240595,4074963,4015315,86.5373429545328,85.270637113878,356
-7.6926,53.28823,2022/04/01 23:00:00+00,Sat 02 Apr 2022,726,1538,0,3835094,3776258,240595,4075689,4016853,86.5527605450692,85.3032986211025,357
-7.6926,53.28823,2022/04/02 23:00:00+00,Sun 03 Apr 2022,536,816,0,3835630,3777074,240595,4076225,4017669,86.5641432289914,85.320627483193,358
-7.6926,53.28823,2022/04/03 23:00:00+00,Mon 04 Apr 2022,46,50,0,3835676,3777124,240595,4076271,4017719,86.565120101119,85.3216893007231,359
-7.6926,53.28823,2022/04/04 23:00:00+00,Tue 05 Apr 2022,130,166,0,3835806,3777290,240595,4076401,4017885,86.5678808266971,85.3252145349228,360
-7.6926,53.28823,2022/04/05 23:00:00+00,Wed 06 Apr 2022,159,209,0,3835965,3777499,240595,4076560,4018094,86.5712574064427,85.3296529321985,361
-7.6926,53.28823,2022/04/06 23:00:00+00,Thu 07 Apr 2022,119,173,0,3836084,3777672,240595,4076679,4018267,86.5737845321643,85.3333268208525,362
-7.6926,53.28823,2022/04/07 23:00:00+00,Fri 08 Apr 2022,267,417,0,3836351,3778089,240595,4076946,4018684,86.5794546377748,85.3421823790531,363
-7.6926,53.28823,2022/04/08 23:00:00+00,Sat 09 Apr 2022,561,1017,0,3836912,3779106,240595,4077507,4019701,86.591368230462,85.3637797476145,364
-7.6926,53.28823,2022/04/09 23:00:00+00,Sun 10 Apr 2022,412,719,0,3837324,3779825,240595,4077919,4020420,86.6001176069096,85.3790486836967,365
-7.6926,53.28823,2022/04/10 23:00:00+00,Mon 11 Apr 2022,71,92,0,3837395,3779917,240595,4077990,4020512,86.6016253878023,85.381002427952,366
-7.6926,53.28823,2022/04/11 23:00:00+00,Tue 12 Apr 2022,191,175,0,3837586,3780092,240595,4078181,4020687,86.6056815307671,85.3847187893072,367
-7.6926,53.28823,2022/04/12 23:00:00+00,Wed 13 Apr 2022,145,231,0,3837731,3780323,240595,4078326,4020918,86.6087608016043,85.389624386296,368
-7.6926,53.28823,2022/04/13 23:00:00+00,Thu 14 Apr 2022,356,426,0,3838087,3780749,240595,4078682,4021344,86.6163209424183,85.3986710716521,369
-7.6926,53.28823,2022/04/14 23:00:00+00,Fri 15 Apr 2022,445,989,0,3838532,3781738,240595,4079127,4022333,86.6257711184358,85.4196738223966,370
-7.6926,53.28823,2022/04/15 23:00:00+00,Sat 16 Apr 2022,42,88,0,3838574,3781826,240595,4079169,4022421,86.626663045161,85.4215426212495,371
-7.6926,53.28823,2022/04/17 23:00:00+00,Mon 18 Apr 2022,35,61,0,3838609,3781887,240595,4079204,4022482,86.627406317432,85.4228380386361,372
-7.6926,53.28823,2022/04/18 23:00:00+00,Tue 19 Apr 2022,218,268,1,3838827,3782155,240596,4079423,4022751,86.6320570782137,85.4285506169478,373
-7.6926,53.28823,2022/04/19 23:00:00+00,Wed 20 Apr 2022,246,607,0,3839073,3782762,240596,4079669,4023358,86.6372812204616,85.4414410817627,374
-7.6926,53.28823,2022/04/20 23:00:00+00,Thu 21 Apr 2022,170,238,0,3839243,3783000,240596,4079839,4023596,86.6408914000638,85.4464953332058,375
-7.6926,53.28823,2022/04/21 23:00:00+00,Fri 22 Apr 2022,196,250,0,3839439,3783250,240596,4080035,4023846,86.6450537247816,85.451804420856,376
-7.6926,53.28823,2022/04/22 23:00:00+00,Sat 23 Apr 2022,323,1010,0,3839762,3784260,240596,4080358,4024856,86.6519130660257,85.4732531349632,377
-7.6926,53.28823,2022/04/23 23:00:00+00,Sun 24 Apr 2022,182,251,0,3839944,3784511,240596,4080540,4025107,86.6557780818351,85.478583458964,378
-7.6926,53.28823,2022/04/24 23:00:00+00,Mon 25 Apr 2022,42,55,0,3839986,3784566,240596,4080582,4025162,86.6566700085604,85.4797514582471,379
-7.6926,53.28823,2022/04/25 23:00:00+00,Tue 26 Apr 2022,143,237,0,3840129,3784803,240596,4080725,4025399,86.6597068066963,85.4847844733396,380
-7.6926,53.28823,2022/04/26 23:00:00+00,Wed 27 Apr 2022,120,208,0,3840249,3785011,240596,4080845,4025607,86.6622551687685,85.4892016342646,381
-7.6926,53.28823,2022/04/27 23:00:00+00,Thu 28 Apr 2022,104,126,0,3840353,3785137,240596,4080949,4025733,86.664463749231,85.4918774144403,382
-7.6926,53.28823,2022/04/28 23:00:00+00,Fri 29 Apr 2022,171,222,0,3840524,3785359,240596,4081120,4025955,86.6680951651838,85.4965918842738,383
-7.6926,53.28823,2022/04/29 23:00:00+00,Sat 30 Apr 2022,280,722,0,3840804,3786081,240596,4081400,4026677,86.6740413433521,85.5119245294078,384
-7.6926,53.28823,2022/04/30 23:00:00+00,Sun 01 May 2022,185,746,0,3840989,3786827,240596,4081585,4027423,86.6779700682133,85.5277668469562,385
-7.6926,53.28823,2022/05/01 23:00:00+00,Mon 02 May 2022,11,26,0,3841000,3786853,240596,4081596,4027449,86.6782036680699,85.5283189920718,386
-7.6926,53.28823,2022/05/02 23:00:00+00,Tue 03 May 2022,88,117,0,3841088,3786970,240596,4081684,4027566,86.6800724669228,85.5308036450922,387
-7.6926,53.28823,2022/05/03 23:00:00+00,Wed 04 May 2022,119,127,0,3841207,3787097,240596,4081803,4027693,86.6825995926443,85.5335006616185,388
-7.6926,53.28823,2022/05/04 23:00:00+00,Thu 05 May 2022,120,157,0,3841327,3787254,240596,4081923,4027850,86.6851479547165,85.5368347686629,389
-7.6926,53.28823,2022/05/05 23:00:00+00,Fri 06 May 2022,141,255,0,3841468,3787509,240596,4082064,4028105,86.6881422801512,85.5422500380662,390
-7.6926,53.28823,2022/05/06 23:00:00+00,Sat 07 May 2022,442,1080,0,3841910,3788589,240596,4082506,4029185,86.6975287471169,85.5651852967154,391
-7.6926,53.28823,2022/05/07 23:00:00+00,Sun 08 May 2022,273,436,0,3842183,3789025,240596,4082779,4029621,86.703326270831,85.5744443455774,392
-7.6926,53.28823,2022/05/08 23:00:00+00,Mon 09 May 2022,26,30,0,3842209,3789055,240596,4082805,4029651,86.7038784159466,85.5750814360955,393
-7.6926,53.28823,2022/05/09 23:00:00+00,Tue 10 May 2022,92,102,1,3842301,3789157,240597,4082898,4029754,86.7058533965525,85.5772687802074,394
-7.6926,53.28823,2022/05/10 23:00:00+00,Wed 11 May 2022,125,131,0,3842426,3789288,240597,4083023,4029885,86.7085079403777,85.5800507421361,395
-7.6926,53.28823,2022/05/11 23:00:00+00,Thu 12 May 2022,221,389,0,3842647,3789677,240597,4083244,4030274,86.7132011738605,85.58831168252,396
-7.6926,53.28823,2022/05/12 23:00:00+00,Fri 13 May 2022,176,318,0,3842823,3789995,240597,4083420,4030592,86.7169387715663,85.5950648420111,397
-7.6926,53.28823,2022/05/13 23:00:00+00,Sat 14 May 2022,330,628,0,3843153,3790623,240597,4083750,4031220,86.7239467672647,85.6084012701886,398
-7.6926,53.28823,2022/05/14 23:00:00+00,Sun 15 May 2022,169,254,0,3843322,3790877,240597,4083919,4031474,86.7275357105163,85.6137953032413,399
-7.6926,53.28823,2022/05/15 23:00:00+00,Mon 16 May 2022,27,32,0,3843349,3790909,240597,4083946,4031506,86.7281090919825,85.6144748664605,400
-7.6926,53.28823,2022/05/16 23:00:00+00,Tue 17 May 2022,104,91,0,3843453,3791000,240597,4084050,4031597,86.730317672445,85.6164073743652,401
-7.6926,53.28823,2022/05/17 23:00:00+00,Wed 18 May 2022,92,108,0,3843545,3791108,240597,4084142,4031705,86.7322714167003,85.6187009002301,402
-7.6926,53.28823,2022/05/18 23:00:00+00,Thu 19 May 2022,77,89,0,3843622,3791197,240597,4084219,4031794,86.7339066156966,85.6205909354336,403
-7.6926,53.28823,2022/05/19 23:00:00+00,Fri 20 May 2022,126,184,0,3843748,3791381,240597,4084345,4031978,86.7365823958723,85.6244984239442,404
-7.6926,53.28823,2022/05/20 23:00:00+00,Sat 21 May 2022,394,756,0,3844142,3792137,240597,4084739,4032734,86.7449495180092,85.6405531049987,405
-7.6926,53.28823,2022/05/21 23:00:00+00,Sun 22 May 2022,232,408,0,3844374,3792545,240597,4084971,4033142,86.7498763513486,85.6492175360439,406
-7.6926,53.28823,2022/05/22 23:00:00+00,Mon 23 May 2022,28,30,0,3844402,3792575,240597,4084999,4033172,86.7504709691655,85.649854626562,407
-7.6926,53.28823,2022/05/23 23:00:00+00,Tue 24 May 2022,66,76,0,3844468,3792651,240597,4085065,4033248,86.7518725683051,85.6514685892077,408
-7.6926,53.28823,2022/05/24 23:00:00+00,Wed 25 May 2022,81,97,0,3844549,3792748,240597,4085146,4033345,86.7535927127038,85.653528515216,409
-7.6926,53.28823,2021/11/02 00:00:00+00,Tue 02 Nov 2021,1091,1081,9,3618377,3554195,240447,3858824,3794642,81.9473393719604,80.5843479176802,410
-7.6926,53.28823,2021/11/03 00:00:00+00,Wed 03 Nov 2021,2530,1855,6,3620907,3556050,240453,3861360,3796503,82.0011947570848,80.6238687661489,411
-7.6926,53.28823,2021/11/04 00:00:00+00,Thu 04 Nov 2021,1538,1262,1,3622445,3557312,240454,3862899,3797766,82.0338775006599,80.6506902769581,412
-7.6926,53.28823,2021/11/05 00:00:00+00,Fri 05 Nov 2021,1631,1077,3,3624076,3558389,240457,3864533,3798846,82.0685776975421,80.6736255356073,413
-7.6926,53.28823,2021/11/06 00:00:00+00,Sat 06 Nov 2021,1815,1342,5,3625891,3559731,240462,3866353,3800193,82.1072278556361,80.702230899867,414
-7.6926,53.28823,2021/11/07 00:00:00+00,Sun 07 Nov 2021,693,768,0,3626584,3560499,240462,3867046,3800961,82.1219446466027,80.7185404171287,415
-7.6926,53.28823,2021/11/08 00:00:00+00,Mon 08 Nov 2021,515,523,3,3627099,3561022,240465,3867564,3801487,82.1329450762141,80.7297107375448,416
-7.6926,53.28823,2021/11/09 00:00:00+00,Tue 09 Nov 2021,1368,1047,1,3628467,3562069,240466,3868933,3802535,82.162017640187,80.7519664329748,417
-7.6926,53.28823,2021/11/10 00:00:00+00,Wed 10 Nov 2021,1616,1346,1,3630083,3563415,240467,3870550,3803882,82.196356819109,80.7805717972345,418
-7.6926,53.28823,2021/11/11 00:00:00+00,Thu 11 Nov 2021,1387,1098,2,3631470,3564513,240469,3871939,3804982,82.2258541100939,80.8039317828957,419
-7.6926,53.28823,2021/11/12 00:00:00+00,Fri 12 Nov 2021,1147,1132,6,3632617,3565645,240475,3873092,3806120,82.250339622337,80.8280987498798,420
-7.6926,53.28823,2021/11/13 00:00:00+00,Sat 13 Nov 2021,1399,1361,0,3634016,3567006,240475,3874491,3807481,82.2800492768279,80.8570014230479,421
-7.6926,53.28823,2021/11/14 00:00:00+00,Sun 14 Nov 2021,1646,1801,0,3635662,3568807,240475,3876137,3809282,82.3150043099174,80.8952480904804,422
-7.6926,53.28823,2021/11/15 00:00:00+00,Mon 15 Nov 2021,1245,578,1,3636907,3569385,240476,3877383,3809861,82.3414648027663,80.9075439374785,423
-7.6926,53.28823,2021/11/16 00:00:00+00,Tue 16 Nov 2021,1319,1058,5,3638226,3570443,240481,3878707,3810924,82.3695817309622,80.9301181781675,424
-7.6926,53.28823,2021/11/17 00:00:00+00,Wed 17 Nov 2021,1508,1096,0,3639734,3571539,240481,3880215,3812020,82.4016061476687,80.9533932184263,425
-7.6926,53.28823,2021/11/18 00:00:00+00,Thu 18 Nov 2021,1656,2488,5,3641390,3574027,240486,3881876,3814513,82.4368797260171,81.0063354404748,426
-7.6926,53.28823,2021/11/19 00:00:00+00,Fri 19 Nov 2021,1164,1533,0,3642554,3575560,240486,3883040,3816046,82.4615988381168,81.0388907659463,427
-7.6926,53.28823,2021/11/20 00:00:00+00,Sat 20 Nov 2021,1542,2926,12,3644096,3578486,240498,3884594,3818984,82.4946001269509,81.1012831640124,428
-7.6926,53.28823,2021/11/21 00:00:00+00,Sun 21 Nov 2021,1784,2757,0,3645880,3581243,240498,3886378,3821741,82.5324857764233,81.1598317826196,429
-7.6926,53.28823,2021/11/22 00:00:00+00,Mon 22 Nov 2021,714,502,2,3646594,3581745,240500,3887094,3822245,82.5476910034537,81.1705349033226,430
-7.6926,53.28823,2021/11/23 00:00:00+00,Tue 23 Nov 2021,2156,1574,7,3648750,3583319,240507,3889257,3823826,82.5936252298039,81.2041095736229,431
-7.6926,53.28823,2021/11/24 00:00:00+00,Wed 24 Nov 2021,1620,3126,2,3650370,3586445,240509,3890879,3826954,82.6280705904789,81.2705368783032,432
-7.6926,53.28823,2021/11/25 00:00:00+00,Thu 25 Nov 2021,988,1166,1,3651358,3587611,240510,3891868,3828121,82.6490733412233,81.2953196994547,433
-7.6926,53.28823,2021/11/26 00:00:00+00,Fri 26 Nov 2021,1287,1088,12,3652645,3588699,240522,3893167,3829221,82.6766593606542,81.3186796851159,434
-7.6926,53.28823,2021/11/27 00:00:00+00,Sat 27 Nov 2021,1201,1553,6,3653846,3590252,240528,3894374,3830780,82.7022916358297,81.351787155703,435
-7.6926,53.28823,2021/11/28 00:00:00+00,Sun 28 Nov 2021,1962,2253,0,3655808,3592505,240528,3896336,3833033,82.7439573557091,81.3996326536073,436
-7.6926,53.28823,2021/11/29 00:00:00+00,Mon 29 Nov 2021,542,984,2,3656350,3593489,240530,3896880,3834019,82.7555099304361,81.4205716953,437
-7.6926,53.28823,2021/11/30 00:00:00+00,Tue 30 Nov 2021,1953,1627,6,3658303,3595116,240536,3898839,3835652,82.7971119412637,81.4552506558316,438
-7.6926,53.28823,2021/12/01 00:00:00+00,Wed 01 Dec 2021,1078,1358,2,3659381,3596474,240538,3899919,3837012,82.8200471999128,81.4841320926491,439
-7.6926,53.28823,2021/12/02 00:00:00+00,Thu 02 Dec 2021,1776,1398,0,3661157,3597872,240538,3901695,3838410,82.8577629585804,81.5138205107894,440
-7.6926,53.28823,2021/12/03 00:00:00+00,Fri 03 Dec 2021,1042,1167,3,3662199,3599039,240541,3902740,3839580,82.8799549449586,81.5386670409927,441
-7.6926,53.28823,2021/12/04 00:00:00+00,Sat 04 Dec 2021,1203,1696,1,3663402,3600735,240542,3903944,3841277,82.9055235110823,81.5747051279628,442
-7.6926,53.28823,2021/12/05 00:00:00+00,Sun 05 Dec 2021,1347,1772,1,3664749,3602507,240543,3905292,3843050,82.9341501116926,81.6123571775786,443
-7.6926,53.28823,2021/12/06 00:00:00+00,Mon 06 Dec 2021,934,1283,0,3665683,3603790,240543,3906226,3844333,82.953984863154,81.6396034153998,444
-7.6926,53.28823,2021/12/07 00:00:00+00,Tue 07 Dec 2021,482,735,2,3666165,3604525,240545,3906710,3845070,82.9642632568449,81.6552546057928,445
-7.6926,53.28823,2021/12/08 00:00:00+00,Wed 08 Dec 2021,801,1500,1,3666966,3606025,240546,3907512,3846571,82.981294810027,81.6871303680451,446
-7.6926,53.28823,2021/12/09 00:00:00+00,Thu 09 Dec 2021,797,1192,0,3667763,3607217,240546,3908309,3847763,82.9982201814561,81.7124440979616,447
-7.6926,53.28823,2021/12/10 00:00:00+00,Fri 10 Dec 2021,892,1596,1,3668655,3608813,240547,3909202,3849360,83.0171842425429,81.7463585498716,448
-7.6926,53.28823,2021/12/11 00:00:00+00,Sat 11 Dec 2021,639,835,1,3669294,3609648,240548,3909842,3850196,83.0307755069276,81.7641121389741,449
-7.6926,53.28823,2021/12/12 00:00:00+00,Sun 12 Dec 2021,689,1190,0,3669983,3610838,240548,3910531,3851386,83.0454073524918,81.7893833961894,450
-7.6926,53.28823,2021/12/13 00:00:00+00,Mon 13 Dec 2021,726,1048,1,3670709,3611886,240549,3911258,3852435,83.0608461793788,81.8116603279699,451
-7.6926,53.28823,2021/12/14 00:00:00+00,Tue 14 Dec 2021,627,1190,1,3671336,3613076,240550,3911886,3853626,83.0741826075563,81.8369528215359,452
-7.6926,53.28823,2021/12/15 00:00:00+00,Wed 15 Dec 2021,795,1231,1,3672131,3614307,240551,3912682,3854858,83.0910867426348,81.8631160054764,453
-7.6926,53.28823,2021/12/16 00:00:00+00,Thu 16 Dec 2021,1057,1519,7,3673188,3615826,240558,3913746,3856384,83.1136822196743,81.8955226764937,454
-7.6926,53.28823,2021/12/17 00:00:00+00,Fri 17 Dec 2021,1210,2435,1,3674398,3618261,240559,3914957,3858820,83.1393994402523,81.947254426558,455
-7.6926,53.28823,2021/12/18 00:00:00+00,Sat 18 Dec 2021,1258,1176,0,3675656,3619437,240559,3916215,3859996,83.1661147693085,81.9722283748649,456
-7.6926,53.28823,2021/12/19 00:00:00+00,Sun 19 Dec 2021,555,879,1,3676211,3620316,240560,3916771,3860876,83.1779221802427,81.9909163633939,457
-7.6926,53.28823,2021/12/20 00:00:00+00,Mon 20 Dec 2021,527,597,0,3676738,3620913,240560,3917298,3861473,83.1891137370094,82.0035944647027,458
-7.6926,53.28823,2021/12/21 00:00:00+00,Tue 21 Dec 2021,1448,1791,4,3678186,3622704,240564,3918750,3863268,83.2199489180823,82.0417137140317,459
-7.6926,53.28823,2021/12/22 00:00:00+00,Wed 22 Dec 2021,1210,1560,2,3679396,3624264,240566,3919962,3864830,83.2456873750108,82.0748848936707,460
-7.6926,53.28823,2021/12/23 00:00:00+00,Thu 23 Dec 2021,950,1352,0,3680346,3625616,240566,3920912,3866182,83.2658619080818,82.1035964396833,461
-7.6926,53.28823,2021/12/24 00:00:00+00,Fri 24 Dec 2021,105,143,0,3680451,3625759,240566,3921017,3866325,83.268091724895,82.1066332378193,462
-7.6926,53.28823,2021/12/25 00:00:00+00,Sat 25 Dec 2021,2,22,0,3680453,3625781,240566,3921019,3866347,83.2681341975962,82.1071004375325,463
-7.6926,53.28823,2021/12/26 00:00:00+00,Sun 26 Dec 2021,11,8,0,3680464,3625789,240566,3921030,3866355,83.2683677974528,82.1072703283373,464
-7.6926,53.28823,2021/12/27 00:00:00+00,Mon 27 Dec 2021,389,583,0,3680853,3626372,240566,3921419,3866938,83.2766287378366,82.1196511207378,465
-7.6926,53.28823,2021/12/28 00:00:00+00,Tue 28 Dec 2021,470,739,1,3681323,3627111,240567,3921890,3867678,83.2866310589697,82.1353660201826,466
-7.6926,53.28823,2021/12/29 00:00:00+00,Wed 29 Dec 2021,1077,1289,0,3682400,3628400,240567,3922967,3868967,83.3095026085671,82.1627396761074,467
-7.6926,53.28823,2021/12/30 00:00:00+00,Thu 30 Dec 2021,1070,1179,1,3683470,3629579,240568,3924038,3870147,83.3322467400609,82.1877985698167,468
-7.6926,53.28823,2021/12/31 00:00:00+00,Fri 31 Dec 2021,721,1668,0,3684191,3631247,240568,3924759,3871815,83.3475581488443,82.2232208026194,469
-7.6926,53.28823,2022/01/01 00:00:00+00,Sat 01 Jan 2022,68,96,0,3684259,3631343,240568,3924827,3871911,83.3490022206852,82.2252594922771,470
-7.6926,53.28823,2022/01/02 00:00:00+00,Sun 02 Jan 2022,271,624,0,3684530,3631967,240568,3925098,3872535,83.3547572716981,82.2385109750522,471
-7.6926,53.28823,2022/01/03 00:00:00+00,Mon 03 Jan 2022,3631,717,1,3688161,3632684,240569,3928730,3873253,83.4318876970813,82.2537586747838,472
-7.6926,53.28823,2022/01/04 00:00:00+00,Tue 04 Jan 2022,1191,766,0,3689352,3633450,240569,3929921,3874019,83.4571801906472,82.2700257193442,473
-7.6926,53.28823,2022/01/05 00:00:00+00,Wed 05 Jan 2022,2143,887,0,3691495,3634337,240569,3932064,3874906,83.5026896899854,82.2888623623274,474
-7.6926,53.28823,2022/01/06 00:00:00+00,Thu 06 Jan 2022,2465,1674,0,3693960,3636011,240569,3934529,3876580,83.5550372942171,82.3244120132336,475
-7.6926,53.28823,2022/01/07 00:00:00+00,Fri 07 Jan 2022,4854,767,0,3698814,3636778,240569,3939383,3877347,83.6581185400349,82.3407002941447,476
-7.6926,53.28823,2022/01/08 00:00:00+00,Sat 08 Jan 2022,9792,732,1,3708606,3637510,240570,3949176,3878080,83.8660861214715,82.3562665391353,477
-7.6926,53.28823,2022/01/09 00:00:00+00,Sun 09 Jan 2022,7115,663,0,3715721,3638173,240570,3956291,3878743,84.0171827559984,82.3703462395838,478
-7.6926,53.28823,2022/01/10 00:00:00+00,Mon 10 Jan 2022,6658,493,0,3722379,3638666,240570,3962949,3879236,84.1585743783005,82.3808157604302,479
-7.6926,53.28823,2022/01/11 00:00:00+00,Tue 11 Jan 2022,4776,1349,1,3727155,3640015,240571,3967726,3880586,84.260020425122,82.4094848337417,480
-7.6926,53.28823,2022/01/12 00:00:00+00,Wed 12 Jan 2022,7563,894,1,3734718,3640909,240572,3975290,3881481,84.4206521810688,82.4284913675297,481
-7.6926,53.28823,2022/01/13 00:00:00+00,Thu 13 Jan 2022,7329,791,0,3742047,3641700,240572,3982619,3882272,84.5762933946243,82.4452893208551,482
-7.6926,53.28823,2022/01/14 00:00:00+00,Fri 14 Jan 2022,10726,817,0,3752773,3642517,240572,3993345,3883089,84.8040744911717,82.4626394192962,483
-7.6926,53.28823,2022/01/15 00:00:00+00,Sat 15 Jan 2022,8355,637,0,3761128,3643154,240572,4001700,3883726,84.981504200444,82.4761669746291,484
-7.6926,53.28823,2022/01/16 00:00:00+00,Sun 16 Jan 2022,6965,1214,1,3768093,3644368,240573,4008666,3884941,85.1294366187313,82.5019691406095,485
-7.6926,53.28823,2022/01/17 00:00:00+00,Mon 17 Jan 2022,2567,548,0,3770660,3644916,240573,4011233,3885489,85.1839503307243,82.5136066607389,486
-7.6926,53.28823,2022/01/18 00:00:00+00,Tue 18 Jan 2022,4063,431,3,3774723,3645347,240576,4015299,3885923,85.2702973322684,82.5228232368998,487
-7.6926,53.28823,2022/01/19 00:00:00+00,Wed 19 Jan 2022,3489,614,0,3778212,3645961,240576,4018788,3886537,85.3443909595157,82.5358623561688,488
-7.6926,53.28823,2022/01/20 00:00:00+00,Thu 20 Jan 2022,3699,926,1,3781911,3646887,240577,4022488,3887464,85.4229654567397,82.5555484531761,489
-7.6926,53.28823,2022/01/21 00:00:00+00,Fri 21 Jan 2022,3254,967,0,3785165,3647854,240577,4025742,3888431,85.4920685415957,82.5760840042073,490
-7.6926,53.28823,2022/01/22 00:00:00+00,Sat 22 Jan 2022,4271,637,0,3789436,3648491,240577,4030013,3889068,85.5827689950131,82.5896115595403,491
-7.6926,53.28823,2022/01/23 00:00:00+00,Sun 23 Jan 2022,3091,677,0,3792527,3649168,240577,4033104,3889745,85.6484105547211,82.6039885688972,492
-7.6926,53.28823,2022/01/24 00:00:00+00,Mon 24 Jan 2022,646,457,0,3793173,3649625,240577,4033750,3890202,85.6621292372094,82.6136935811219,493
-7.6926,53.28823,2022/01/25 00:00:00+00,Tue 25 Jan 2022,699,1829,0,3793872,3651454,240577,4034449,3892031,85.6769734462796,82.6525348663713,494
-7.6926,53.28823,2022/01/26 00:00:00+00,Wed 26 Jan 2022,701,885,0,3794573,3652339,240577,4035150,3892916,85.6918601280509,82.6713290366533,495
-7.6926,53.28823,2022/01/27 00:00:00+00,Thu 27 Jan 2022,1274,1162,0,3795847,3653501,240577,4036424,3894078,85.7189152387167,82.6960056760518,496
-7.6926,53.28823,2022/01/28 00:00:00+00,Fri 28 Jan 2022,1033,3090,0,3796880,3656591,240577,4037457,3897168,85.7408523888877,82.7616259994092,497
-7.6926,53.28823,2022/01/29 00:00:00+00,Sat 29 Jan 2022,2328,3442,0,3799208,3660033,240577,4039785,3900610,85.7902906130871,82.8347215181782,498
-7.6926,53.28823,2022/01/30 00:00:00+00,Sun 30 Jan 2022,1634,7537,0,3800842,3667570,240577,4041419,3908147,85.8249908099693,82.9947798926587,499
-7.6926,53.28823,2022/01/31 00:00:00+00,Mon 31 Jan 2022,480,1388,0,3801322,3668958,240577,4041899,3909535,85.8351842582578,83.0242559472931,500
-7.6926,53.28823,2022/02/01 00:00:00+00,Tue 01 Feb 2022,754,3412,1,3802076,3672370,240578,4042654,3912948,85.8512177029616,83.0967356118946,501
-7.6926,53.28823,2022/02/02 00:00:00+00,Wed 02 Feb 2022,646,2994,0,3802722,3675364,240578,4043300,3915942,85.86493638545,83.1603172455944,502
-7.6926,53.28823,2022/02/03 00:00:00+00,Thu 03 Feb 2022,909,2429,1,3803631,3677793,240579,4044210,3918372,85.884261464497,83.211921577555,503
-7.6926,53.28823,2022/02/04 00:00:00+00,Fri 04 Feb 2022,1174,6516,0,3804805,3684309,240579,4045384,3924888,85.9091929401027,83.3502976380719,504
-7.6926,53.28823,2022/02/05 00:00:00+00,Sat 05 Feb 2022,1777,5747,0,3806582,3690056,240579,4047161,3930635,85.9469299351208,83.4723429449764,505
-7.6926,53.28823,2022/02/06 00:00:00+00,Sun 06 Feb 2022,1408,7555,0,3807990,3697611,240579,4048569,3938190,85.9768307167672,83.6327835737678,506
-7.6926,53.28823,2022/02/07 00:00:00+00,Mon 07 Feb 2022,439,1348,0,3808429,3698959,240579,4049008,3939538,85.9861534746811,83.661410174378,507
-7.6926,53.28823,2022/02/08 00:00:00+00,Tue 08 Feb 2022,900,1234,0,3809329,3700193,240579,4049908,3940772,86.0052661902221,83.6876158310198,508
-7.6926,53.28823,2022/02/09 00:00:00+00,Wed 09 Feb 2022,1332,1781,0,3810661,3701974,240579,4051240,3942553,86.0335530092227,83.7254377714404,509
-7.6926,53.28823,2022/02/10 00:00:00+00,Thu 10 Feb 2022,688,2543,0,3811349,3704517,240579,4051928,3945096,86.0481636184363,83.779441811019,510
-7.6926,53.28823,2022/02/11 00:00:00+00,Fri 11 Feb 2022,552,4914,0,3811901,3709431,240579,4052480,3950010,86.0598860839681,83.8837972378728,511
-7.6926,53.28823,2022/02/12 00:00:00+00,Sat 12 Feb 2022,1398,5459,0,3813299,3714890,240579,4053878,3955469,86.0895745021084,83.9997264758043,512
