X,Y,VaccinationDate,VaccineText,Dose1,Dose2,SingleDose,Dose1Cum,Dose2Cum,SingleDoseCum,PartiallyVacc,FullyVacc,PartialPercent,FullyPercent,ObjectId
-7.6926,53.28823,2021/07/25 23:00:00+00,Mon 26 Jul 2021,23855,18328,3422,3059976,2503348,208621,3268597,2711969,68.1167877005384,56.5167919518501,1
-7.6926,53.28823,2021/07/26 23:00:00+00,Tue 27 Jul 2021,25531,23927,3672,3085507,2527275,212293,3297800,2739568,68.7253713072721,57.0919485783009,2
-7.6926,53.28823,2021/07/27 23:00:00+00,Wed 28 Jul 2021,23451,25305,3265,3108958,2552580,215558,3324516,2768138,69.2821264227567,57.6873406148855,3
-7.6926,53.28823,2021/07/28 23:00:00+00,Thu 29 Jul 2021,19296,27889,2962,3128254,2580469,218520,3346774,2798989,69.7459778735898,58.3302681514859,4
-7.6926,53.28823,2021/07/29 23:00:00+00,Fri 30 Jul 2021,21966,22968,2123,3150220,2603437,220643,3370863,2824080,70.2479869309677,58.853158651659,5
-7.6926,53.28823,2021/07/30 23:00:00+00,Sat 31 Jul 2021,13759,12502,907,3163979,2615939,221550,3385529,2837489,70.5536228990653,59.132599037328,6
-7.6926,53.28823,2021/07/31 23:00:00+00,Sun 01 Aug 2021,11151,9353,369,3175130,2625292,221919,3397049,2847211,70.7936969719199,59.3352032158256,7
-7.6926,53.28823,2021/08/01 23:00:00+00,Mon 02 Aug 2021,15036,16055,431,3190166,2641347,222350,3412516,2863697,71.1160255903957,59.6787675530721,8
-7.6926,53.28823,2021/08/02 23:00:00+00,Tue 03 Aug 2021,17357,25466,1111,3207523,2666813,223461,3430984,2890274,71.5008943384407,60.2326259414624,9
-7.6926,53.28823,2021/08/03 23:00:00+00,Wed 04 Aug 2021,22133,17323,1576,3229656,2684136,225037,3454693,2909173,71.9949842857765,60.6264766274761,10
-7.6926,53.28823,2021/08/04 23:00:00+00,Thu 05 Aug 2021,13551,30066,1421,3243207,2714202,226458,3469665,2940660,72.3069972214344,61.2826582535153,11
-7.6926,53.28823,2021/08/05 23:00:00+00,Fri 06 Aug 2021,12229,24762,949,3255436,2738964,227407,3482843,2966371,72.5816236217883,61.8184694069149,12
-7.6926,53.28823,2021/08/06 23:00:00+00,Sat 07 Aug 2021,6342,8472,585,3261778,2747436,227992,3489770,2975428,72.7259806619501,62.0072151428389,13
-7.6926,53.28823,2021/08/07 23:00:00+00,Sun 08 Aug 2021,8635,11994,153,3270413,2759430,228145,3498558,2987575,72.9091205015548,62.2603557472628,14
-7.6926,53.28823,2021/08/08 23:00:00+00,Mon 09 Aug 2021,5564,23053,601,3275977,2782483,228746,3504723,3011229,73.0375976421058,62.7532995076189,15
-7.6926,53.28823,2021/08/09 23:00:00+00,Tue 10 Aug 2021,9380,26026,718,3285357,2808509,229464,3514821,3037973,73.2480375715924,63.310638136475,16
-7.6926,53.28823,2021/08/10 23:00:00+00,Wed 11 Aug 2021,7032,31247,668,3292389,2839756,230132,3522521,3069888,73.4085037487608,63.9757391811932,17
-7.6926,53.28823,2021/08/11 23:00:00+00,Thu 12 Aug 2021,6791,38311,865,3299180,2878067,230997,3530177,3109064,73.5680529763454,64.7921577470049,18
-7.6926,53.28823,2021/08/12 23:00:00+00,Fri 13 Aug 2021,10947,28236,875,3310127,2906303,231872,3541999,3138175,73.8144206577071,65.3988240955178,19
-7.6926,53.28823,2021/08/13 23:00:00+00,Sat 14 Aug 2021,18150,5858,281,3328277,2912161,232153,3560430,3144314,74.1985183345111,65.5267594022239,20
-7.6926,53.28823,2021/08/14 23:00:00+00,Sun 15 Aug 2021,17004,3741,52,3345281,2915902,232205,3577486,3148107,74.5539613368208,65.6058046243018,21
-7.6926,53.28823,2021/08/15 23:00:00+00,Mon 16 Aug 2021,10205,23173,386,3355486,2939075,232591,3588077,3171666,74.7746752695988,66.0967686071473,22
-7.6926,53.28823,2021/08/16 23:00:00+00,Tue 17 Aug 2021,12880,26880,531,3368366,2965955,233122,3601488,3199077,75.0541573347943,66.6680073581036,23
-7.6926,53.28823,2021/08/17 23:00:00+00,Wed 18 Aug 2021,15246,25786,658,3383612,2991741,233780,3617392,3225521,75.3855929298186,67.2190940579791,24
-7.6926,53.28823,2021/08/18 23:00:00+00,Thu 19 Aug 2021,11373,25742,545,3394985,3017483,234325,3629310,3251808,75.633961228454,67.7669089150215,25
-7.6926,53.28823,2021/08/19 23:00:00+00,Fri 20 Aug 2021,14862,22284,686,3409847,3039767,235011,3644858,3274778,75.9579778677546,68.2455982773018,26
-7.6926,53.28823,2021/08/20 23:00:00+00,Sat 21 Aug 2021,11908,7996,246,3421755,3047763,235257,3657012,3283020,76.2112643505215,68.4173596061618,27
-7.6926,53.28823,2021/08/21 23:00:00+00,Sun 22 Aug 2021,8005,12263,162,3429760,3060026,235419,3665179,3295445,76.3814626971363,68.6762936647745,28
-7.6926,53.28823,2021/08/22 23:00:00+00,Mon 23 Aug 2021,10882,15403,291,3440642,3075429,235710,3676352,3311139,76.6143053721367,69.0033529095123,29
-7.6926,53.28823,2021/08/23 23:00:00+00,Tue 24 Aug 2021,9722,22936,384,3450364,3098365,236094,3686458,3334459,76.8249120197294,69.4893361889366,30
-7.6926,53.28823,2021/08/24 23:00:00+00,Wed 25 Aug 2021,9425,19551,318,3459789,3117916,236412,3696201,3354328,77.0279538332556,69.903401445321,31
-7.6926,53.28823,2021/08/25 23:00:00+00,Thu 26 Aug 2021,8599,19460,370,3468388,3137376,236782,3705170,3374158,77.2148656700119,70.3166539509378,32
-7.6926,53.28823,2021/08/26 23:00:00+00,Fri 27 Aug 2021,9733,19234,432,3478121,3156610,237214,3715335,3393824,77.4267018636375,70.7264887353786,33
-7.6926,53.28823,2021/08/27 23:00:00+00,Sat 28 Aug 2021,9932,7944,155,3488053,3164554,237369,3725422,3401923,77.6369125557281,70.8952699780912,34
-7.6926,53.28823,2021/08/28 23:00:00+00,Sun 29 Aug 2021,8804,9199,30,3496857,3173753,237399,3734256,3411152,77.8210110244432,71.0876001532973,35
-7.6926,53.28823,2021/08/29 23:00:00+00,Mon 30 Aug 2021,5071,11163,85,3501928,3184916,237484,3739412,3422400,77.9284608438562,71.3220058105428,36
-7.6926,53.28823,2021/08/30 23:00:00+00,Tue 31 Aug 2021,4078,12915,146,3506006,3197831,237630,3743636,3435461,78.0164880039029,71.5941939585943,37
-7.6926,53.28823,2021/08/31 23:00:00+00,Wed 01 Sep 2021,4994,12563,184,3511000,3210394,237814,3748814,3448208,78.1243962981078,71.8598384209795,38
-7.6926,53.28823,2021/09/01 23:00:00+00,Thu 02 Sep 2021,5015,12379,249,3516015,3222773,238063,3754078,3460836,78.2340968119539,72.1230029515357,39
-7.6926,53.28823,2021/09/02 23:00:00+00,Fri 03 Sep 2021,4784,16108,167,3520799,3238881,238230,3759029,3477111,78.3372744798968,72.4621700987325,40
-7.6926,53.28823,2021/09/03 23:00:00+00,Sat 04 Sep 2021,4632,10593,136,3525431,3249474,238366,3763797,3487840,78.4366384711616,72.6857599188416,41
-7.6926,53.28823,2021/09/04 23:00:00+00,Sun 05 Sep 2021,5310,11914,1,3530741,3261388,238367,3769108,3499755,78.5473184538813,72.9340656981873,42
-7.6926,53.28823,2021/09/05 23:00:00+00,Mon 06 Sep 2021,2171,9701,76,3532912,3271089,238443,3771355,3509532,78.5941454019459,73.1378160636646,43
-7.6926,53.28823,2021/09/06 23:00:00+00,Tue 07 Sep 2021,3039,10039,160,3535951,3281128,238603,3774554,3519731,78.6608118046422,73.3503608092414,44
-7.6926,53.28823,2021/09/07 23:00:00+00,Wed 08 Sep 2021,2614,14808,191,3538565,3295936,238794,3777359,3534730,78.7192673406107,73.6629364185075,45
-7.6926,53.28823,2021/09/08 23:00:00+00,Thu 09 Sep 2021,3130,14831,138,3541695,3310767,238932,3780627,3549699,78.7873716869726,73.9748868348755,46
-7.6926,53.28823,2021/09/09 23:00:00+00,Fri 10 Sep 2021,3392,13951,116,3545087,3324718,239048,3784135,3563766,78.8604775765189,74.2680397847753,47
-7.6926,53.28823,2021/09/10 23:00:00+00,Sat 11 Sep 2021,2563,11346,62,3547650,3336064,239110,3786760,3575174,78.9151819550991,74.5057798041437,48
-7.6926,53.28823,2021/09/11 23:00:00+00,Sun 12 Sep 2021,2045,12887,1,3549695,3348951,239111,3788806,3588062,78.9578201107467,74.7743626731498,49
-7.6926,53.28823,2021/09/12 23:00:00+00,Mon 13 Sep 2021,1624,7751,52,3551319,3356702,239163,3790482,3595865,78.9927475539849,74.9369753459349,50
-7.6926,53.28823,2021/09/13 23:00:00+00,Tue 14 Sep 2021,1557,10798,82,3552876,3367500,239245,3792121,3606745,79.0269039259822,75.1637119702975,51
-7.6926,53.28823,2021/09/14 23:00:00+00,Wed 15 Sep 2021,3291,12380,138,3556167,3379880,239383,3795550,3619263,79.0983634742303,75.4245841268942,52
-7.6926,53.28823,2021/09/15 23:00:00+00,Thu 16 Sep 2021,1920,10584,115,3558087,3390464,239498,3797585,3629962,79.1407723924819,75.6475487541052,53
-7.6926,53.28823,2021/09/16 23:00:00+00,Fri 17 Sep 2021,2564,14628,95,3560651,3405092,239593,3800244,3644685,79.1961853230132,75.9543725887091,54
-7.6926,53.28823,2021/09/17 23:00:00+00,Sat 18 Sep 2021,2292,11243,48,3562943,3416335,239641,3802584,3655976,79.2449503690618,76.1896743557752,55
-7.6926,53.28823,2021/09/18 23:00:00+00,Sun 19 Sep 2021,1864,8497,16,3564807,3424832,239657,3804464,3664489,79.2841291240068,76.367083260481,56
-7.6926,53.28823,2021/09/19 23:00:00+00,Mon 20 Sep 2021,966,5639,35,3565773,3430471,239692,3805465,3670163,79.3049897270387,76.4853280772672,57
-7.6926,53.28823,2021/09/20 23:00:00+00,Tue 21 Sep 2021,1477,6685,90,3567250,3437156,239782,3807032,3676938,79.3376456360806,76.6265174734121,58
-7.6926,53.28823,2021/09/21 23:00:00+00,Wed 22 Sep 2021,1902,8163,97,3569152,3445319,239879,3809031,3685198,79.3793043228546,76.798653918011,59
-7.6926,53.28823,2021/09/22 23:00:00+00,Thu 23 Sep 2021,1691,8739,89,3570843,3454058,239968,3810811,3694026,79.4163991014728,76.9826273481464,60
-7.6926,53.28823,2021/09/23 23:00:00+00,Fri 24 Sep 2021,1915,7398,81,3572758,3461456,240049,3812807,3701505,79.4579952689569,77.1384879376324,61
-7.6926,53.28823,2021/09/24 23:00:00+00,Sat 25 Sep 2021,2425,6611,53,3575183,3468067,240102,3815285,3708169,79.5096362023366,77.2773641200545,62
-7.6926,53.28823,2021/09/25 23:00:00+00,Sun 26 Sep 2021,1550,7101,0,3576733,3475168,240102,3816835,3715270,79.541937835403,77.425347279025,63
-7.6926,53.28823,2021/09/26 23:00:00+00,Mon 27 Sep 2021,1180,3834,45,3577913,3479002,240147,3818060,3719149,79.567466545407,77.506184720744,64
-7.6926,53.28823,2021/09/27 23:00:00+00,Tue 28 Sep 2021,1455,5156,93,3579368,3484158,240240,3819608,3724398,79.5997264989469,77.6155726381411,65
-7.6926,53.28823,2021/09/28 23:00:00+00,Wed 29 Sep 2021,1654,3635,80,3581022,3487793,240320,3821342,3728113,79.6358626484547,77.692992358684,66
-7.6926,53.28823,2021/09/29 23:00:00+00,Thu 30 Sep 2021,1275,3989,78,3582297,3491782,240398,3822695,3732180,79.6640588481571,77.7777476758975,67
-7.6926,53.28823,2021/09/30 23:00:00+00,Fri 01 Oct 2021,1874,5200,42,3584171,3496982,240440,3824611,3737422,79.7039878345798,77.8869897149516,68
-7.6926,53.28823,2021/10/01 23:00:00+00,Sat 02 Oct 2021,1684,4104,41,3585855,3501086,240481,3826336,3741567,79.7399364262182,77.9733705337001,69
-7.6926,53.28823,2021/10/02 23:00:00+00,Sun 03 Oct 2021,1197,3022,9,3587052,3504108,240490,3827542,3744598,79.7650691807201,78.0365358561673,70
-7.6926,53.28823,2021/10/03 23:00:00+00,Mon 04 Oct 2021,349,1243,18,3587401,3505351,240508,3827909,3745859,79.7727173738397,78.062814797649,71
-7.6926,53.28823,2021/10/04 23:00:00+00,Tue 05 Oct 2021,960,2837,70,3588361,3508188,240578,3828939,3748766,79.7941823300064,78.1233959894709,72
-7.6926,53.28823,2021/10/05 23:00:00+00,Wed 06 Oct 2021,974,2583,40,3589335,3510771,240618,3829953,3751389,79.8153138499608,78.1780586885245,73
-7.6926,53.28823,2021/10/06 23:00:00+00,Thu 07 Oct 2021,1213,2717,44,3590548,3513488,240662,3831210,3754150,79.8415094323895,78.2355972749092,74
-7.6926,53.28823,2021/10/07 23:00:00+00,Fri 08 Oct 2021,916,2751,48,3591464,3516239,240710,3832174,3756949,79.8615989641804,78.2939277722981,75
-7.6926,53.28823,2021/10/08 23:00:00+00,Sat 09 Oct 2021,724,2368,23,3592188,3518607,240733,3832921,3759340,79.8771662673421,78.3437556462734,76
-7.6926,53.28823,2021/10/09 23:00:00+00,Sun 10 Oct 2021,1519,3926,2,3593707,3522533,240735,3834442,3763268,79.9088635472736,78.4256142363925,77
-7.6926,53.28823,2021/10/10 23:00:00+00,Mon 11 Oct 2021,335,1142,19,3594042,3523675,240754,3834796,3764429,79.9162408234707,78.4498092015474,78
-7.6926,53.28823,2021/10/11 23:00:00+00,Tue 12 Oct 2021,563,1629,21,3594605,3525304,240775,3835380,3766079,79.9284112452196,78.4841948109406,79
-7.6926,53.28823,2021/10/12 23:00:00+00,Wed 13 Oct 2021,990,2083,11,3595595,3527387,240786,3836381,3768173,79.9492718482515,78.5278332752251,80
-7.6926,53.28823,2021/10/13 23:00:00+00,Thu 14 Oct 2021,654,1614,9,3596249,3529001,240795,3837044,3769796,79.9630886112986,78.5616562110101,81
-7.6926,53.28823,2021/10/14 23:00:00+00,Fri 15 Oct 2021,957,2084,10,3597206,3531085,240805,3838011,3771890,79.9832406623794,78.6052946752946,82
-7.6926,53.28823,2021/10/15 23:00:00+00,Sat 16 Oct 2021,1384,2652,14,3598590,3533737,240819,3839409,3774556,80.0123746514289,78.6608534841688,83
-7.6926,53.28823,2021/10/16 23:00:00+00,Sun 17 Oct 2021,1708,2892,3,3600298,3536629,240822,3841120,3777451,80.0480314863815,78.7211845988314,84
-7.6926,53.28823,2021/10/17 23:00:00+00,Mon 18 Oct 2021,679,1263,6,3600977,3537892,240828,3841805,3778720,80.0623067242205,78.7476302584193,85
-7.6926,53.28823,2021/10/18 23:00:00+00,Tue 19 Oct 2021,1343,1814,13,3602320,3539706,240841,3843161,3780547,80.0905654432128,78.7857045059111,86
-7.6926,53.28823,2021/10/19 23:00:00+00,Wed 20 Oct 2021,2261,2345,0,3604581,3542051,240841,3845422,3782892,80.1376841479632,78.834573750776,87
-7.6926,53.28823,2021/10/20 23:00:00+00,Thu 21 Oct 2021,1731,1858,11,3606312,3543909,240852,3847164,3784761,80.1739870155771,78.8735232683251,88
-7.6926,53.28823,2021/10/21 23:00:00+00,Fri 22 Oct 2021,1509,1938,3,3607821,3545847,240855,3848676,3786702,80.2054967376393,78.9139732488295,89
-7.6926,53.28823,2021/10/22 23:00:00+00,Sat 23 Oct 2021,2018,1712,1,3609839,3547559,240856,3850695,3788415,80.2475722196786,78.9496717633086,90
-7.6926,53.28823,2021/10/23 23:00:00+00,Sun 24 Oct 2021,1959,2190,2,3611798,3549749,240858,3852656,3790607,80.2884389954484,78.9953525243935,91
-7.6926,53.28823,2021/10/24 23:00:00+00,Mon 25 Oct 2021,1239,865,2,3613037,3550614,240860,3853897,3791474,80.3143011416647,79.0134205991474,92
-7.6926,53.28823,2021/10/25 23:00:00+00,Tue 26 Oct 2021,1247,1237,6,3614284,3551851,240866,3855150,3792717,80.3404133650403,79.0393244248903,93
-7.6926,53.28823,2021/10/26 23:00:00+00,Wed 27 Oct 2021,1568,1435,6,3615852,3553286,240872,3856724,3794158,80.3732151524252,79.0693545237604,94
-7.6926,53.28823,2021/10/27 23:00:00+00,Thu 28 Oct 2021,2159,1706,5,3618011,3554992,240877,3858888,3795869,80.4183124001385,79.105011358713,95
-7.6926,53.28823,2021/10/28 23:00:00+00,Fri 29 Oct 2021,2148,1382,2,3620159,3556374,240879,3861038,3797253,80.463117891166,79.1338535910767,96
-7.6926,53.28823,2021/10/29 23:00:00+00,Sat 30 Oct 2021,2021,1457,1,3622180,3557831,240880,3863060,3798711,80.5052558924952,79.1642379659224,97
-7.6926,53.28823,2021/10/30 23:00:00+00,Sun 31 Oct 2021,1600,1322,0,3623780,3559153,240880,3864660,3800033,80.538599513725,79.1917881329635,98
-7.6926,53.28823,2021/11/01 00:00:00+00,Mon 01 Nov 2021,292,300,2,3624072,3559453,240882,3864954,3800335,80.5447264041259,79.1980817414706,99
-7.6926,53.28823,2021/11/02 00:00:00+00,Tue 02 Nov 2021,1100,1100,10,3625172,3560553,240892,3866064,3801445,80.5678585413541,79.2212138786988,100
-7.6926,53.28823,2021/11/03 00:00:00+00,Wed 03 Nov 2021,2539,1887,7,3627711,3562440,240899,3868610,3803339,80.620916578636,79.2606843903296,101
-7.6926,53.28823,2021/11/04 00:00:00+00,Thu 04 Nov 2021,1537,1292,2,3629248,3563732,240901,3870149,3804633,80.6529889743065,79.2876510439992,102
-7.6926,53.28823,2021/11/05 00:00:00+00,Fri 05 Nov 2021,1630,1104,4,3630878,3564836,240905,3871783,3805741,80.6870411474874,79.3107415017008,103
-7.6926,53.28823,2021/11/06 00:00:00+00,Sat 06 Nov 2021,1822,1364,6,3632700,3566200,240911,3873611,3807111,80.7251362347424,79.3392919773788,104
-7.6926,53.28823,2021/11/07 00:00:00+00,Sun 07 Nov 2021,698,775,0,3633398,3566975,240911,3874309,3807886,80.7396823895039,79.355442793912,105
-7.6926,53.28823,2020/12/28 00:00:00+00,Mon 28 Dec 2020,281,19,2,281,19,2,283,21,0.00589765300502092,0.000437635028641129,106
-7.6926,53.28823,2020/12/29 00:00:00+00,Tue 29 Dec 2020,80,3,0,361,22,2,363,24,0.00756483406651094,0.000500154318447004,107
-7.6926,53.28823,2020/12/30 00:00:00+00,Wed 30 Dec 2020,1064,2,0,1425,24,2,1427,26,0.0297383421843281,0.000541833844984254,108
-7.6926,53.28823,2020/12/31 00:00:00+00,Thu 31 Dec 2020,1041,1,0,2466,25,2,2468,27,0.0514325357469669,0.00056267360825288,109
-7.6926,53.28823,2021/01/01 00:00:00+00,Fri 01 Jan 2021,822,0,0,3288,25,2,3290,27,0.0685628211537768,0.00056267360825288,110
-7.6926,53.28823,2021/01/02 00:00:00+00,Sat 02 Jan 2021,1021,0,0,4309,25,2,4311,27,0.0898402194510431,0.00056267360825288,111
-7.6926,53.28823,2021/01/03 00:00:00+00,Sun 03 Jan 2021,24,3,1,4333,28,3,4336,31,0.0903612135327587,0.00064603266132738,112
-7.6926,53.28823,2021/01/04 00:00:00+00,Mon 04 Jan 2021,1197,5,0,5530,33,3,5533,36,0.115306410165303,0.000750231477670506,113
-7.6926,53.28823,2021/01/05 00:00:00+00,Tue 05 Jan 2021,3545,14,0,9075,47,3,9078,50,0.189183370952579,0.00104198816343126,114
-7.6926,53.28823,2021/01/06 00:00:00+00,Wed 06 Jan 2021,6793,14,0,15868,61,3,15871,64,0.33074788283635,0.00133374484919201,115
-7.6926,53.28823,2021/01/07 00:00:00+00,Thu 07 Jan 2021,11741,9,0,27609,70,3,27612,73,0.575427543373278,0.00152130271860964,116
-7.6926,53.28823,2021/01/08 00:00:00+00,Fri 08 Jan 2021,12691,6,0,40300,76,3,40303,79,0.8399049790154,0.00164634129822139,117
-7.6926,53.28823,2021/01/09 00:00:00+00,Sat 09 Jan 2021,8081,7,0,48381,83,3,48384,86,1.00831110598916,0.00179221964110177,118
-7.6926,53.28823,2021/01/10 00:00:00+00,Sun 10 Jan 2021,4790,5,1,53171,88,4,53175,92,1.10815441180914,0.00191725822071352,119
-7.6926,53.28823,2021/01/11 00:00:00+00,Mon 11 Jan 2021,8354,8,0,61525,96,4,61529,100,1.28224979415524,0.00208397632686252,120
-7.6926,53.28823,2021/01/12 00:00:00+00,Tue 12 Jan 2021,8900,15,0,70425,111,4,70429,115,1.467723687246,0.0023965727758919,121
-7.6926,53.28823,2021/01/13 00:00:00+00,Wed 13 Jan 2021,9903,5,0,80328,116,4,80332,120,1.6740998628952,0.00250077159223502,122
-7.6926,53.28823,2021/01/14 00:00:00+00,Thu 14 Jan 2021,8097,6,0,88425,122,4,88429,126,1.84283942608126,0.00262581017184677,123
-7.6926,53.28823,2021/01/15 00:00:00+00,Fri 15 Jan 2021,7705,4,0,96130,126,4,96134,130,2.00340980206601,0.00270916922492127,124
-7.6926,53.28823,2021/01/16 00:00:00+00,Sat 16 Jan 2021,5247,2,0,101377,128,4,101381,132,2.11275603993649,0.00275084875145852,125
-7.6926,53.28823,2021/01/17 00:00:00+00,Sun 17 Jan 2021,1118,5,0,102495,133,4,102499,137,2.13605489527081,0.00285504756780165,126
-7.6926,53.28823,2021/01/18 00:00:00+00,Mon 18 Jan 2021,8730,9,1,111225,142,5,111230,147,2.31800686836918,0.0030634452004879,127
-7.6926,53.28823,2021/01/19 00:00:00+00,Tue 19 Jan 2021,8395,21,0,119620,163,5,119625,168,2.49295668100929,0.00350108022912903,128
-7.6926,53.28823,2021/01/20 00:00:00+00,Wed 20 Jan 2021,8457,965,0,128077,1128,5,128082,1133,2.66919855897205,0.0236114517833523,129
-7.6926,53.28823,2021/01/21 00:00:00+00,Thu 21 Jan 2021,9017,966,0,137094,2094,5,137099,2099,2.85711070436524,0.0437426631008442,130
-7.6926,53.28823,2021/01/22 00:00:00+00,Fri 22 Jan 2021,6791,970,0,143885,3064,5,143890,3069,2.99863353672248,0.0639572334714107,131
-7.6926,53.28823,2021/01/23 00:00:00+00,Sat 23 Jan 2021,4201,461,0,148086,3525,5,148091,3530,3.08618138221397,0.0735643643382469,132
-7.6926,53.28823,2021/01/24 00:00:00+00,Sun 24 Jan 2021,1187,399,0,149273,3924,5,149278,3929,3.11091818121383,0.0818794298824283,133
-7.6926,53.28823,2021/01/25 00:00:00+00,Mon 25 Jan 2021,1373,1294,0,150646,5218,5,150651,5223,3.13953117618165,0.108846083552029,134
-7.6926,53.28823,2021/01/26 00:00:00+00,Tue 26 Jan 2021,1012,3507,0,151658,8725,5,151663,8730,3.1606210166095,0.181931133335098,135
-7.6926,53.28823,2021/01/27 00:00:00+00,Wed 27 Jan 2021,2189,6709,0,153847,15434,5,153852,15439,3.20623925840452,0.321745105104304,136
-7.6926,53.28823,2021/01/28 00:00:00+00,Thu 28 Jan 2021,1025,11544,0,154872,26978,5,154877,26983,3.22760001575486,0.562319332277313,137
-7.6926,53.28823,2021/01/29 00:00:00+00,Fri 29 Jan 2021,1591,11526,0,156463,38504,5,156468,38509,3.26075607911524,0.802518443711487,138
-7.6926,53.28823,2021/01/30 00:00:00+00,Sat 30 Jan 2021,655,7795,0,157118,46299,5,157123,46304,3.27440612405619,0.96496439839042,139
-7.6926,53.28823,2021/01/31 00:00:00+00,Sun 31 Jan 2021,237,4087,0,157355,50386,5,157360,50391,3.27934514795086,1.05013651086929,140
-7.6926,53.28823,2021/02/01 00:00:00+00,Mon 01 Feb 2021,1041,8334,1,158396,58720,6,158402,58726,3.30106018127676,1.22383593771328,141
-7.6926,53.28823,2021/02/02 00:00:00+00,Tue 02 Feb 2021,846,5112,0,159242,63832,6,159248,63838,3.31869062100202,1.33036880754249,142
-7.6926,53.28823,2021/02/03 00:00:00+00,Wed 03 Feb 2021,1411,6872,0,160653,70704,6,160659,70710,3.34809552697405,1.47357966072449,143
-7.6926,53.28823,2021/02/04 00:00:00+00,Thu 04 Feb 2021,1456,10541,1,162109,81245,7,162116,81252,3.37845906205644,1.69327244510233,144
-7.6926,53.28823,2021/02/05 00:00:00+00,Fri 05 Feb 2021,3408,8616,0,165517,89861,7,165524,89868,3.44948097527591,1.87282784542481,145
-7.6926,53.28823,2021/02/06 00:00:00+00,Sat 06 Feb 2021,912,3870,0,166429,93731,7,166436,93738,3.4684868393769,1.95347772927439,146
-7.6926,53.28823,2021/02/07 00:00:00+00,Sun 07 Feb 2021,339,1301,2,166768,95032,9,166777,95041,3.4755931986515,1.9806319408134,147
-7.6926,53.28823,2021/02/08 00:00:00+00,Mon 08 Feb 2021,1196,881,0,167964,95913,9,167973,95922,3.50051755552078,1.99899177225306,148
-7.6926,53.28823,2021/02/09 00:00:00+00,Tue 09 Feb 2021,4274,554,3,172238,96467,12,172250,96479,3.58964922302069,2.01059952039369,149
-7.6926,53.28823,2021/02/10 00:00:00+00,Wed 10 Feb 2021,8834,585,0,181072,97052,12,181084,97064,3.77374769173572,2.02279078190583,150
-7.6926,53.28823,2021/02/11 00:00:00+00,Thu 11 Feb 2021,6206,451,0,187278,97503,12,187290,97515,3.90307926258081,2.03218951513998,151
-7.6926,53.28823,2021/02/12 00:00:00+00,Fri 12 Feb 2021,4404,527,0,191682,98030,12,191694,98042,3.99485758001583,2.04317207038255,152
-7.6926,53.28823,2021/02/13 00:00:00+00,Sat 13 Feb 2021,1223,1918,0,192905,99948,12,192917,99960,4.02034461049336,2.08314273633177,153
-7.6926,53.28823,2021/02/14 00:00:00+00,Sun 14 Feb 2021,2709,27,0,195614,99975,12,195626,99987,4.07679952918807,2.08370540994003,154
-7.6926,53.28823,2021/02/15 00:00:00+00,Mon 15 Feb 2021,1972,7896,0,197586,107871,12,197598,107883,4.1178955423538,2.24825618070909,155
-7.6926,53.28823,2021/02/16 00:00:00+00,Tue 16 Feb 2021,5661,8168,0,203247,116039,12,203259,116051,4.23586944221748,2.41847536708722,156
-7.6926,53.28823,2021/02/17 00:00:00+00,Wed 17 Feb 2021,9760,8466,0,213007,124505,12,213019,124517,4.43926553171927,2.5949048029194,157
-7.6926,53.28823,2021/02/18 00:00:00+00,Thu 18 Feb 2021,8475,8360,1,221482,132865,13,221495,132878,4.61590336518413,2.76914606360838,158
-7.6926,53.28823,2021/02/19 00:00:00+00,Fri 19 Feb 2021,9400,6592,2,230882,139457,15,230897,139472,4.81183881943575,2.90656346260169,159
-7.6926,53.28823,2021/02/20 00:00:00+00,Sat 20 Feb 2021,5899,3581,2,236781,143038,17,236798,143055,4.9348142624839,2.98123233439317,160
-7.6926,53.28823,2021/02/21 00:00:00+00,Sun 21 Feb 2021,1118,1025,6,237899,144063,23,237922,144086,4.95823815639784,3.00271813032313,161
-7.6926,53.28823,2021/02/22 00:00:00+00,Mon 22 Feb 2021,3954,1125,2,241853,145188,25,241878,145213,5.04068025988852,3.02620454352687,162
-7.6926,53.28823,2021/02/23 00:00:00+00,Tue 23 Feb 2021,13373,1074,1,255226,146262,26,255252,146288,5.31939125384311,3.04860728904064,163
-7.6926,53.28823,2021/02/24 00:00:00+00,Wed 24 Feb 2021,16951,2110,6,272177,148372,32,272209,148404,5.67277111958919,3.09270422811705,164
-7.6926,53.28823,2021/02/25 00:00:00+00,Thu 25 Feb 2021,18110,1766,3,290287,150138,35,290322,150173,6.0502417516738,3.12956976933925,165
-7.6926,53.28823,2021/02/26 00:00:00+00,Fri 26 Feb 2021,16095,2777,1,306382,152915,36,306418,152951,6.38567858124559,3.18746263169949,166
-7.6926,53.28823,2021/02/27 00:00:00+00,Sat 27 Feb 2021,9009,706,1,315391,153621,37,315428,153658,6.5734448482959,3.20219634433041,167
-7.6926,53.28823,2021/02/28 00:00:00+00,Sun 28 Feb 2021,2452,60,2,317843,153681,39,317882,153720,6.62458562735711,3.20348840965306,168
-7.6926,53.28823,2021/03/01 00:00:00+00,Mon 01 Mar 2021,5624,809,0,323467,154490,39,323506,154529,6.74178845597986,3.22034777813738,169
-7.6926,53.28823,2021/03/02 00:00:00+00,Tue 02 Mar 2021,12208,1621,0,335675,156111,39,335714,156150,6.99620028596323,3.25412903439582,170
-7.6926,53.28823,2021/03/03 00:00:00+00,Wed 03 Mar 2021,12920,1513,1,348595,157624,40,348635,157664,7.26547086715714,3.28568043598452,171
-7.6926,53.28823,2021/03/04 00:00:00+00,Thu 04 Mar 2021,18741,1697,5,367336,159321,45,367381,159366,7.65613306939078,3.32114971306772,172
-7.6926,53.28823,2021/03/05 00:00:00+00,Fri 05 Mar 2021,18471,2405,6,385807,161726,51,385858,161777,8.04118937530517,3.37139438230838,173
-7.6926,53.28823,2021/03/06 00:00:00+00,Sat 06 Mar 2021,10412,148,5,396219,161874,56,396275,161930,8.25827718927444,3.37458286608847,174
-7.6926,53.28823,2021/03/07 00:00:00+00,Sun 07 Mar 2021,1538,17,3,397757,161891,59,397816,161950,8.29039126447139,3.37499966135385,175
-7.6926,53.28823,2021/03/08 00:00:00+00,Mon 08 Mar 2021,6683,1510,6,404440,163401,65,404505,163466,8.42978844097523,3.40659274246908,176
-7.6926,53.28823,2021/03/09 00:00:00+00,Tue 09 Mar 2021,13858,3113,6,418298,166514,71,418369,166585,8.71871091893144,3.47159196410392,177
-7.6926,53.28823,2021/03/10 00:00:00+00,Wed 10 Mar 2021,13759,4003,3,432057,170517,74,432131,170591,9.00550774103426,3.55507605575804,178
-7.6926,53.28823,2021/03/11 00:00:00+00,Thu 11 Mar 2021,18505,2108,4,450562,172625,78,450640,172703,9.39123091937325,3.59908963578137,179
-7.6926,53.28823,2021/03/12 00:00:00+00,Fri 12 Mar 2021,17357,1350,4,467919,173975,82,468001,174057,9.75303004947985,3.62730667524709,180
-7.6926,53.28823,2021/03/13 00:00:00+00,Sat 13 Mar 2021,8334,182,0,476253,174157,82,476335,174239,9.92670863656057,3.63109951216198,181
-7.6926,53.28823,2021/03/14 00:00:00+00,Sun 14 Mar 2021,396,23,2,476649,174180,84,476733,174264,9.93500286234149,3.6316205062437,182
-7.6926,53.28823,2021/03/15 00:00:00+00,Mon 15 Mar 2021,2677,1004,0,479326,175184,84,479410,175268,9.9907909086116,3.6525436285654,183
-7.6926,53.28823,2021/03/16 00:00:00+00,Tue 16 Mar 2021,8974,3831,2,488300,179015,86,488386,179101,10.1778486237108,3.73242244117404,184
-7.6926,53.28823,2021/03/17 00:00:00+00,Wed 17 Mar 2021,4906,2428,7,493206,181443,93,493299,181536,10.2802343806495,3.78316726473314,185
-7.6926,53.28823,2021/03/18 00:00:00+00,Thu 18 Mar 2021,11749,4690,7,504955,186133,100,505055,186233,10.5252266376355,3.88105163280587,186
-7.6926,53.28823,2021/03/19 00:00:00+00,Fri 19 Mar 2021,10393,6142,2,515348,192275,102,515450,192377,10.7418559768128,4.0090911383283,187
-7.6926,53.28823,2021/03/20 00:00:00+00,Sat 20 Mar 2021,5259,3129,4,520607,195404,106,520713,195510,10.8515356508956,4.07438211664891,188
-7.6926,53.28823,2021/03/21 00:00:00+00,Sun 21 Mar 2021,3657,59,3,524264,195463,109,524373,195572,10.9278091844588,4.07567418197156,189
-7.6926,53.28823,2021/03/22 00:00:00+00,Mon 22 Mar 2021,7434,2418,1,531698,197881,110,531808,197991,11.082752824361,4.12608556931837,190
-7.6926,53.28823,2021/03/23 00:00:00+00,Tue 23 Mar 2021,12583,7410,5,544281,205291,115,544396,205406,11.3450837643865,4.28061241395522,191
-7.6926,53.28823,2021/03/24 00:00:00+00,Wed 24 Mar 2021,13647,9786,2,557928,215077,117,558045,215194,11.6295256932399,4.48459201682853,192
-7.6926,53.28823,2021/03/25 00:00:00+00,Thu 25 Mar 2021,20891,10232,3,578819,225309,120,578939,225429,12.0649517069746,4.6978869938829,193
-7.6926,53.28823,2021/03/26 00:00:00+00,Fri 26 Mar 2021,19716,9511,1,598535,234820,121,598656,234941,12.4758493193421,4.89611482209407,194
-7.6926,53.28823,2021/03/27 00:00:00+00,Sat 27 Mar 2021,11768,5363,3,610303,240183,124,610427,240307,12.7211541727771,5.00794099179351,195
-7.6926,53.28823,2021/03/28 00:00:00+00,Sun 28 Mar 2021,2503,489,0,612806,240672,124,612930,240796,12.7733161002384,5.01813163603187,196
-7.6926,53.28823,2021/03/28 23:00:00+00,Mon 29 Mar 2021,9292,3131,3,622098,243803,127,622225,243930,12.9670216998203,5.08344345411574,197
-7.6926,53.28823,2021/03/29 23:00:00+00,Tue 30 Mar 2021,13346,8677,4,635444,252480,131,635575,252611,13.2452325394564,5.26435343905067,198
-7.6926,53.28823,2021/03/30 23:00:00+00,Wed 31 Mar 2021,15856,10514,4,651300,262994,135,651435,263129,13.5757511848968,5.48354606911007,199
-7.6926,53.28823,2021/03/31 23:00:00+00,Thu 01 Apr 2021,19726,11591,9,671026,274585,144,671170,274729,13.9870239130032,5.72528732302612,200
-7.6926,53.28823,2021/04/01 23:00:00+00,Fri 02 Apr 2021,20164,13729,9,691190,288314,153,691343,288467,14.4074244574211,6.0115839908105,201
-7.6926,53.28823,2021/04/02 23:00:00+00,Sat 03 Apr 2021,7558,4642,7,698748,292956,160,698908,293116,14.5650772665483,6.10846805024634,202
-7.6926,53.28823,2021/04/03 23:00:00+00,Sun 04 Apr 2021,3046,174,3,701794,293130,163,701957,293293,14.6286177047543,6.11215668834488,203
-7.6926,53.28823,2021/04/04 23:00:00+00,Mon 05 Apr 2021,3452,618,6,705246,293748,169,705415,293917,14.7006816061372,6.12516070062451,204
-7.6926,53.28823,2021/04/05 23:00:00+00,Tue 06 Apr 2021,12011,8162,12,717257,301910,181,717438,302091,14.9512380799159,6.29550492558225,205
-7.6926,53.28823,2021/04/06 23:00:00+00,Wed 07 Apr 2021,18383,10498,12,735640,312408,193,735833,312601,15.3345855252423,6.5145308375355,206
-7.6926,53.28823,2021/04/07 23:00:00+00,Thu 08 Apr 2021,20205,10578,18,755845,322986,211,756056,323197,15.7560280578237,6.73534896912985,207
-7.6926,53.28823,2021/04/08 23:00:00+00,Fri 09 Apr 2021,20685,9172,16,776530,332158,227,776757,332385,16.1874319972475,6.92682471404198,208
-7.6926,53.28823,2021/04/09 23:00:00+00,Sat 10 Apr 2021,11188,4186,12,787718,336344,239,787957,336583,16.4208373458561,7.01431004024367,209
-7.6926,53.28823,2021/04/10 23:00:00+00,Sun 11 Apr 2021,2871,369,9,790589,336713,248,790837,336961,16.4808558640697,7.02218747075921,210
-7.6926,53.28823,2022/02/21 00:00:00+00,Mon 21 Feb 2022,254,996,1,3827080,3743804,241063,4068143,3984867,84.7791370629146,83.0436849369566,211
-7.6926,53.28823,2022/02/22 00:00:00+00,Tue 22 Feb 2022,475,983,1,3827555,3744787,241064,4068619,3985851,84.7890567902305,83.0641912640129,212
-7.6926,53.28823,2022/02/23 00:00:00+00,Wed 23 Feb 2022,829,1273,1,3828384,3746060,241065,4069449,3987125,84.8063537937435,83.0907411224171,213
-7.6926,53.28823,2022/02/24 00:00:00+00,Thu 24 Feb 2022,653,1236,0,3829037,3747296,241065,4070102,3988361,84.8199621591579,83.1164990698172,214
-7.6926,53.28823,2022/02/25 00:00:00+00,Fri 25 Feb 2022,693,1228,0,3829730,3748524,241065,4070795,3989589,84.834404115103,83.142090299111,215
-7.6926,53.28823,2022/02/26 00:00:00+00,Sat 26 Feb 2022,960,2092,0,3830690,3750616,241065,4071755,3991681,84.8544102878409,83.185687083869,216
-7.6926,53.28823,2022/02/27 00:00:00+00,Sun 27 Feb 2022,671,1783,0,3831361,3752399,241065,4072426,3993464,84.8683937689941,83.222844381777,217
-7.6926,53.28823,2022/02/28 00:00:00+00,Mon 28 Feb 2022,81,435,0,3831442,3752834,241065,4072507,3993899,84.8700817898189,83.2319096787988,218
-7.6926,53.28823,2022/03/01 00:00:00+00,Tue 01 Mar 2022,132,937,0,3831574,3753771,241065,4072639,3994836,84.8728326385704,83.2514365369815,219
-7.6926,53.28823,2022/03/02 00:00:00+00,Wed 02 Mar 2022,207,997,2,3831781,3754768,241067,4072848,3995835,84.8771881490935,83.2722554604869,220
-7.6926,53.28823,2022/03/03 00:00:00+00,Thu 03 Mar 2022,278,1277,0,3832059,3756045,241067,4073126,3997112,84.8829816032822,83.2988678381809,221
-7.6926,53.28823,2022/03/04 00:00:00+00,Fri 04 Mar 2022,735,1508,1,3832794,3757553,241068,4073862,3998621,84.8983196690479,83.3303150409533,222
-7.6926,53.28823,2022/03/05 00:00:00+00,Sat 05 Mar 2022,963,3341,0,3833757,3760894,241068,4074825,4001962,84.9183883610756,83.3999406900337,223
-7.6926,53.28823,2022/03/06 00:00:00+00,Sun 06 Mar 2022,455,1916,0,3834212,3762810,241068,4075280,4003878,84.9278704533628,83.4398696764564,224
-7.6926,53.28823,2022/03/07 00:00:00+00,Mon 07 Mar 2022,116,124,1,3834328,3762934,241069,4075397,4004003,84.9303087056652,83.442474646865,225
-7.6926,53.28823,2022/03/08 00:00:00+00,Tue 08 Mar 2022,120,493,0,3834448,3763427,241069,4075517,4004496,84.9328094772575,83.4527486501564,226
-7.6926,53.28823,2022/03/09 00:00:00+00,Wed 09 Mar 2022,129,345,1,3834577,3763772,241070,4075647,4004842,84.9355186464824,83.4599592082474,227
-7.6926,53.28823,2022/03/10 00:00:00+00,Thu 10 Mar 2022,259,508,0,3834836,3764280,241070,4075906,4005350,84.940916145169,83.4705458079878,228
-7.6926,53.28823,2022/03/11 00:00:00+00,Fri 11 Mar 2022,493,2183,0,3835329,3766463,241070,4076399,4007533,84.9511901484604,83.5160390112032,229
-7.6926,53.28823,2022/03/12 00:00:00+00,Sat 12 Mar 2022,473,2392,2,3835802,3768855,241072,4076874,4009927,84.961089036013,83.5659294044683,230
-7.6926,53.28823,2022/03/13 00:00:00+00,Sun 13 Mar 2022,358,1082,0,3836160,3769937,241072,4077232,4011009,84.9685496712631,83.588478028325,231
-7.6926,53.28823,2022/03/14 00:00:00+00,Mon 14 Mar 2022,109,122,0,3836269,3770059,241072,4077341,4011131,84.9708212054594,83.5910204794438,232
-7.6926,53.28823,2022/03/15 00:00:00+00,Tue 15 Mar 2022,222,755,1,3836491,3770814,241073,4077564,4011887,84.9754684726683,83.6067753404748,233
-7.6926,53.28823,2022/03/16 00:00:00+00,Wed 16 Mar 2022,195,798,0,3836686,3771612,241073,4077759,4012685,84.9795322265057,83.6234054715632,234
-7.6926,53.28823,2022/03/18 00:00:00+00,Fri 18 Mar 2022,4,6,0,3836690,3771618,241073,4077763,4012691,84.9796155855588,83.6235305101428,235
-7.6926,53.28823,2022/03/19 00:00:00+00,Sat 19 Mar 2022,743,2779,0,3837433,3774397,241073,4078506,4015470,84.9950995296674,83.6814442122663,236
-7.6926,53.28823,2021/04/11 23:00:00+00,Mon 12 Apr 2021,7792,2810,14,798381,339523,262,798643,339785,16.6435310561446,7.0810389622298,237
-7.6926,53.28823,2022/03/20 00:00:00+00,Sun 20 Mar 2022,395,1402,0,3837828,3775799,241073,4078901,4016872,85.0033312361585,83.7106615603689,238
-7.6926,53.28823,2022/03/21 00:00:00+00,Mon 21 Mar 2022,56,112,0,3837884,3775911,241073,4078957,4016984,85.0044982629015,83.712995613855,239
-7.6926,53.28823,2022/03/22 00:00:00+00,Tue 22 Mar 2022,141,575,0,3838025,3776486,241073,4079098,4017559,85.0074366695224,83.7249784777345,240
-7.6926,53.28823,2022/03/23 00:00:00+00,Wed 23 Mar 2022,101,221,0,3838126,3776707,241073,4079199,4017780,85.0095414856125,83.7295840654168,241
-7.6926,53.28823,2022/03/24 00:00:00+00,Thu 24 Mar 2022,147,245,0,3838273,3776952,241073,4079346,4018025,85.012604930813,83.7346898074177,242
-7.6926,53.28823,2022/03/25 00:00:00+00,Fri 25 Mar 2022,434,1625,0,3838707,3778577,241073,4079780,4019650,85.0216493880716,83.7685544227292,243
-7.6926,53.28823,2022/03/26 00:00:00+00,Sat 26 Mar 2022,874,1848,1,3839581,3780425,241074,4080655,4021499,85.0398841809317,83.8070871450129,244
-7.6926,53.28823,2022/03/27 00:00:00+00,Sun 27 Mar 2022,380,803,0,3839961,3781228,241074,4081035,4022302,85.0478032909737,83.8238214749176,245
-7.6926,53.28823,2022/03/27 23:00:00+00,Mon 28 Mar 2022,44,53,1,3840005,3781281,241075,4081080,4022356,85.0487410803208,83.8249468221341,246
-7.6926,53.28823,2022/03/28 23:00:00+00,Tue 29 Mar 2022,137,193,3,3840142,3781474,241078,4081220,4022552,85.0516586471784,83.8290314157347,247
-7.6926,53.28823,2022/03/29 23:00:00+00,Wed 30 Mar 2022,109,136,0,3840251,3781610,241078,4081329,4022688,85.0539301813747,83.8318656235393,248
-7.6926,53.28823,2022/03/30 23:00:00+00,Thu 31 Mar 2022,227,360,0,3840478,3781970,241078,4081556,4023048,85.0586608076367,83.839367938316,249
-7.6926,53.28823,2022/03/31 23:00:00+00,Fri 01 Apr 2022,307,905,0,3840785,3782875,241078,4081863,4023953,85.0650586149602,83.8582279240741,250
-7.6926,53.28823,2022/04/01 23:00:00+00,Sat 02 Apr 2022,729,1538,1,3841514,3784413,241079,4082593,4025492,85.0802716421463,83.8903003197445,251
-7.6926,53.28823,2022/04/02 23:00:00+00,Sun 03 Apr 2022,538,817,0,3842052,3785230,241079,4083131,4026309,85.0914834347848,83.907326406335,252
-7.6926,53.28823,2022/04/03 23:00:00+00,Mon 04 Apr 2022,50,52,0,3842102,3785282,241079,4083181,4026361,85.0925254229482,83.9084100740249,253
-7.6926,53.28823,2022/04/04 23:00:00+00,Tue 05 Apr 2022,131,170,0,3842233,3785452,241079,4083312,4026531,85.0952554319364,83.9119528337806,254
-7.6926,53.28823,2022/04/05 23:00:00+00,Wed 06 Apr 2022,158,210,0,3842391,3785662,241079,4083470,4026741,85.0985481145328,83.916329184067,255
-7.6926,53.28823,2022/04/06 23:00:00+00,Thu 07 Apr 2022,117,179,0,3842508,3785841,241079,4083587,4026920,85.1009863668353,83.9200595016921,256
-7.6926,53.28823,2022/04/07 23:00:00+00,Fri 08 Apr 2022,256,422,2,3842764,3786263,241081,4083845,4027344,85.1063630257586,83.928895561318,257
-7.6926,53.28823,2022/04/08 23:00:00+00,Sat 09 Apr 2022,558,1018,0,3843322,3787281,241081,4084403,4028362,85.1179916136625,83.9501104403254,258
-7.6926,53.28823,2022/04/09 23:00:00+00,Sun 10 Apr 2022,413,719,0,3843735,3788000,241081,4084816,4029081,85.1265984358924,83.9650942301156,259
-7.6926,53.28823,2022/04/10 23:00:00+00,Mon 11 Apr 2022,70,93,1,3843805,3788093,241082,4084887,4029175,85.1280780590845,83.9670531678628,260
-7.6926,53.28823,2022/04/11 23:00:00+00,Tue 12 Apr 2022,197,178,0,3844002,3788271,241082,4085084,4029353,85.1321834924484,83.9707626457246,261
-7.6926,53.28823,2022/04/12 23:00:00+00,Wed 13 Apr 2022,141,235,0,3844143,3788506,241082,4085225,4029588,85.1351218990693,83.9756599900928,262
-7.6926,53.28823,2022/04/13 23:00:00+00,Thu 14 Apr 2022,359,431,0,3844502,3788937,241082,4085584,4030019,85.1426033740827,83.9846419280615,263
-7.6926,53.28823,2022/04/14 23:00:00+00,Fri 15 Apr 2022,446,990,0,3844948,3789927,241082,4086030,4031009,85.1518979085005,84.0052732936975,264
-7.6926,53.28823,2022/04/15 23:00:00+00,Sat 16 Apr 2022,43,88,0,3844991,3790015,241082,4086073,4031097,85.1527940183211,84.0071071928651,265
-7.6926,53.28823,2022/04/16 23:00:00+00,Sun 17 Apr 2022,1,1,0,3844992,3790016,241082,4086074,4031098,85.1528148580843,84.0071280326284,266
-7.6926,53.28823,2022/04/17 23:00:00+00,Mon 18 Apr 2022,36,62,1,3845028,3790078,241083,4086111,4031161,85.1535859293253,84.0084409377143,267
-7.6926,53.28823,2022/04/18 23:00:00+00,Tue 19 Apr 2022,218,270,1,3845246,3790348,241084,4086330,4031432,85.1581498374811,84.0140885135601,268
-7.6926,53.28823,2022/04/19 23:00:00+00,Wed 20 Apr 2022,250,607,0,3845496,3790955,241084,4086580,4032039,85.1633597782983,84.0267382498642,269
-7.6926,53.28823,2022/04/20 23:00:00+00,Thu 21 Apr 2022,170,236,0,3845666,3791191,241084,4086750,4032275,85.1669025380539,84.0316564339956,270
-7.6926,53.28823,2022/04/21 23:00:00+00,Fri 22 Apr 2022,195,254,0,3845861,3791445,241084,4086945,4032529,85.1709662918913,84.0369497338658,271
-7.6926,53.28823,2022/04/22 23:00:00+00,Sat 23 Apr 2022,325,1010,0,3846186,3792455,241084,4087270,4033539,85.1777392149536,84.0579978947671,272
-7.6926,53.28823,2022/04/23 23:00:00+00,Sun 24 Apr 2022,181,252,0,3846367,3792707,241084,4087451,4033791,85.1815112121052,84.0632495151108,273
-7.6926,53.28823,2022/04/24 23:00:00+00,Mon 25 Apr 2022,41,59,1,3846408,3792766,241085,4087493,4033851,85.1823864821625,84.0644999009069,274
-7.6926,53.28823,2022/04/25 23:00:00+00,Tue 26 Apr 2022,144,238,0,3846552,3793004,241085,4087637,4034089,85.1853874080732,84.0694597645649,275
-7.6926,53.28823,2022/04/26 23:00:00+00,Wed 27 Apr 2022,122,208,0,3846674,3793212,241085,4087759,4034297,85.187929859192,84.0737944353247,276
-7.6926,53.28823,2022/04/27 23:00:00+00,Thu 28 Apr 2022,100,130,0,3846774,3793342,241085,4087859,4034427,85.1900138355188,84.0765036045497,277
-7.6926,53.28823,2022/04/28 23:00:00+00,Fri 29 Apr 2022,168,222,0,3846942,3793564,241085,4088027,4034649,85.193514915748,84.0811300319953,278
-7.6926,53.28823,2022/04/29 23:00:00+00,Sat 30 Apr 2022,281,724,0,3847223,3794288,241085,4088308,4035373,85.1993708892264,84.0962180206018,279
-7.6926,53.28823,2022/04/30 23:00:00+00,Sun 01 May 2022,187,747,0,3847410,3795035,241085,4088495,4036120,85.2032679249577,84.1117853237634,280
-7.6926,53.28823,2022/05/01 23:00:00+00,Mon 02 May 2022,12,26,0,3847422,3795061,241085,4088507,4036146,85.2035180021169,84.1123271576084,281
-7.6926,53.28823,2022/05/02 23:00:00+00,Tue 03 May 2022,96,118,0,3847518,3795179,241085,4088603,4036264,85.2055186193907,84.1147862496741,282
-7.6926,53.28823,2022/05/03 23:00:00+00,Wed 04 May 2022,113,128,0,3847631,3795307,241085,4088716,4036392,85.20787351264,84.1174537393725,283
-7.6926,53.28823,2022/05/04 23:00:00+00,Thu 05 May 2022,112,165,0,3847743,3795472,241085,4088828,4036557,85.2102075661261,84.1208923003118,284
-7.6926,53.28823,2022/05/05 23:00:00+00,Fri 06 May 2022,138,257,0,3847881,3795729,241085,4088966,4036814,85.2130834534572,84.1262481194719,285
-7.6926,53.28823,2022/05/06 23:00:00+00,Sat 07 May 2022,441,1088,0,3848322,3796817,241085,4089407,4037902,85.2222737890587,84.1489217819081,286
-7.6926,53.28823,2022/05/07 23:00:00+00,Sun 08 May 2022,274,437,0,3848596,3797254,241085,4089681,4038339,85.2279838841943,84.1580287584565,287
-7.6926,53.28823,2022/05/08 23:00:00+00,Mon 09 May 2022,24,32,0,3848620,3797286,241085,4089705,4038371,85.2284840385127,84.1586956308811,288
-7.6926,53.28823,2022/05/09 23:00:00+00,Tue 10 May 2022,80,98,1,3848700,3797384,241086,4089786,4038470,85.2301720593375,84.1607587674447,289
-7.6926,53.28823,2022/05/10 23:00:00+00,Wed 11 May 2022,112,132,0,3848812,3797516,241086,4089898,4038602,85.2325061128236,84.1635096161962,290
-7.6926,53.28823,2022/05/11 23:00:00+00,Thu 12 May 2022,207,398,0,3849019,3797914,241086,4090105,4039000,85.2368199438202,84.1718038419771,291
-7.6926,53.28823,2022/05/12 23:00:00+00,Fri 13 May 2022,173,326,0,3849192,3798240,241086,4090278,4039326,85.2404252228656,84.1785976048026,292
-7.6926,53.28823,2022/05/13 23:00:00+00,Sat 14 May 2022,333,633,0,3849525,3798873,241086,4090611,4039959,85.2473648640341,84.1917891749517,293
-7.6926,53.28823,2022/05/14 23:00:00+00,Sun 15 May 2022,168,254,0,3849693,3799127,241086,4090779,4040213,85.2508659442632,84.1970824748219,294
-7.6926,53.28823,2022/05/15 23:00:00+00,Mon 16 May 2022,31,41,0,3849724,3799168,241086,4090810,4040254,85.2515119769245,84.1979369051159,295
-7.6926,53.28823,2022/05/16 23:00:00+00,Tue 17 May 2022,97,101,0,3849821,3799269,241086,4090907,4040355,85.2535334339616,84.2000417212061,296
-7.6926,53.28823,2022/05/17 23:00:00+00,Wed 18 May 2022,99,123,0,3849920,3799392,241086,4091006,4040478,85.2555965705252,84.2026050120881,297
-7.6926,53.28823,2022/05/18 23:00:00+00,Thu 19 May 2022,73,107,0,3849993,3799499,241086,4091079,4040585,85.2571178732438,84.2048348667578,298
-7.6926,53.28823,2022/05/19 23:00:00+00,Fri 20 May 2022,126,208,0,3850119,3799707,241086,4091205,4040793,85.2597436834156,84.2091695375177,299
-7.6926,53.28823,2022/05/20 23:00:00+00,Sat 21 May 2022,392,762,0,3850511,3800469,241086,4091597,4041555,85.267912870617,84.2250494371284,300
-7.6926,53.28823,2022/05/21 23:00:00+00,Sun 22 May 2022,234,409,0,3850745,3800878,241086,4091831,4041964,85.2727893752218,84.2335729003053,301
-7.6926,53.28823,2022/05/22 23:00:00+00,Mon 23 May 2022,26,35,0,3850771,3800913,241086,4091857,4041999,85.2733312090668,84.2343022920197,302
-7.6926,53.28823,2022/05/23 23:00:00+00,Tue 24 May 2022,64,83,0,3850835,3800996,241086,4091921,4042082,85.274664953916,84.236031992371,303
-7.6926,53.28823,2022/05/24 23:00:00+00,Wed 25 May 2022,87,134,1,3850922,3801130,241087,4092009,4042217,85.2764988530836,84.2388453604122,304
-7.6926,53.28823,2022/05/25 23:00:00+00,Thu 26 May 2022,97,155,0,3851019,3801285,241087,4092106,4042372,85.2785203101207,84.2420755237189,305
-7.6926,53.28823,2022/05/26 23:00:00+00,Fri 27 May 2022,95,152,1,3851114,3801437,241088,4092202,4042525,85.2805209273945,84.245264007499,306
-7.6926,53.28823,2022/05/27 23:00:00+00,Sat 28 May 2022,335,580,0,3851449,3802017,241088,4092537,4043105,85.2875022480895,84.2573510701948,307
-7.6926,53.28823,2022/05/28 23:00:00+00,Sun 29 May 2022,182,349,0,3851631,3802366,241088,4092719,4043454,85.2912950850044,84.2646241475755,308
-7.6926,53.28823,2022/05/29 23:00:00+00,Mon 30 May 2022,8,24,0,3851639,3802390,241088,4092727,4043478,85.2914618031105,84.265124301894,309
-7.6926,53.28823,2022/05/30 23:00:00+00,Tue 31 May 2022,65,80,2,3851704,3802470,241090,4092794,4043560,85.2928580672495,84.266833162482,310
-7.6926,53.28823,2022/05/31 23:00:00+00,Wed 01 Jun 2022,69,102,0,3851773,3802572,241090,4092863,4043662,85.294296010915,84.2689588183354,311
-7.6926,53.28823,2022/06/01 23:00:00+00,Thu 02 Jun 2022,91,142,0,3851864,3802714,241090,4092954,4043804,85.2961924293725,84.2719180647196,312
-7.6926,53.28823,2022/06/02 23:00:00+00,Fri 03 Jun 2022,60,143,0,3851924,3802857,241090,4093014,4043947,85.2974428151686,84.274898150867,313
-7.6926,53.28823,2022/06/03 23:00:00+00,Sat 04 Jun 2022,305,607,0,3852229,3803464,241090,4093319,4044554,85.3037989429655,84.287547887171,314
-7.6926,53.28823,2022/06/04 23:00:00+00,Sun 05 Jun 2022,143,273,0,3852372,3803737,241090,4093462,4044827,85.3067790291129,84.2932371425433,315
-7.6926,53.28823,2022/06/05 23:00:00+00,Mon 06 Jun 2022,5,7,1,3852377,3803744,241091,4093468,4044835,85.3069040676926,84.2934038606495,316
-7.6926,53.28823,2021/04/12 23:00:00+00,Tue 13 Apr 2021,11533,8597,1,809914,348120,263,810177,348383,16.8838968856849,7.26021924681344,317
-7.6926,53.28823,2021/04/13 23:00:00+00,Wed 14 Apr 2021,20355,6600,2,830269,354720,265,830534,354985,17.3081319465443,7.39780336391291,318
-7.6926,53.28823,2021/04/14 23:00:00+00,Thu 15 Apr 2021,27119,10823,1,857388,365543,266,857654,365809,17.8733063263895,7.62337296153251,319
-7.6926,53.28823,2021/04/15 23:00:00+00,Fri 16 Apr 2021,27976,9850,1,885364,375393,267,885631,375660,18.4563403833558,7.82866546949173,320
-7.6926,53.28823,2021/04/16 23:00:00+00,Sat 17 Apr 2021,15856,4566,3,901220,379959,270,901490,380229,18.7868381890329,7.92388234786608,321
-7.6926,53.28823,2021/04/17 23:00:00+00,Sun 18 Apr 2021,1080,487,0,902300,380446,270,902570,380716,18.809345133363,7.9340313125779,322
-7.6926,53.28823,2021/04/18 23:00:00+00,Mon 19 Apr 2021,6765,2269,0,909065,382715,270,909335,382985,18.9503261318753,7.98131673543441,323
-7.6926,53.28823,2021/04/19 23:00:00+00,Tue 20 Apr 2021,15102,7330,1,924167,390045,271,924438,390316,19.2650690765213,8.1340930399567,324
-7.6926,53.28823,2021/04/20 23:00:00+00,Wed 21 Apr 2021,26740,9904,4,950907,399949,275,951182,400224,19.8224077053774,8.34057341442224,325
-7.6926,53.28823,2021/04/21 23:00:00+00,Thu 22 Apr 2021,31641,12196,1,982548,412145,276,982824,412421,20.4818194947233,8.59475600700966,326
-7.6926,53.28823,2021/04/22 23:00:00+00,Fri 23 Apr 2021,33622,12364,3,1016170,424509,279,1016449,424788,21.1825565346308,8.85248135935275,327
-7.6926,53.28823,2021/04/23 23:00:00+00,Sat 24 Apr 2021,23710,7009,2,1039880,431518,281,1040161,431799,21.6767090012564,8.99858893962908,328
-7.6926,53.28823,2021/04/24 23:00:00+00,Sun 25 Apr 2021,9757,312,3,1049637,431830,284,1049921,432114,21.8801050907582,9.0051534650587,329
-7.6926,53.28823,2021/04/25 23:00:00+00,Mon 26 Apr 2021,15602,3064,4,1065239,434894,288,1065527,435182,22.2053304363284,9.06908985876684,330
-7.6926,53.28823,2021/04/26 23:00:00+00,Tue 27 Apr 2021,25925,7826,9,1091164,442720,297,1091461,443017,22.7457888569369,9.23236940397652,331
-7.6926,53.28823,2021/04/27 23:00:00+00,Wed 28 Apr 2021,26054,8625,6,1117218,451345,303,1117521,451648,23.2888730877173,9.41223740074802,332
-7.6926,53.28823,2021/04/28 23:00:00+00,Thu 29 Apr 2021,31702,11334,7,1148920,462679,310,1149230,462989,23.9496811412021,9.6485811559775,333
-7.6926,53.28823,2021/04/29 23:00:00+00,Fri 30 Apr 2021,36110,13545,8,1185030,476224,318,1185348,476542,24.7023717109383,9.93102246755718,334
-7.6926,53.28823,2021/04/30 23:00:00+00,Sat 01 May 2021,16629,6702,21,1201659,482926,339,1201998,483265,25.0493537693609,10.0711281960121,335
-7.6926,53.28823,2021/05/01 23:00:00+00,Sun 02 May 2021,12477,913,16,1214136,483839,355,1214491,484194,25.3097049318759,10.0904883360887,336
-7.6926,53.28823,2021/05/02 23:00:00+00,Mon 03 May 2021,14278,936,21,1228414,484775,376,1228790,485151,25.6076927068539,10.1104319895368,337
-7.6926,53.28823,2021/05/03 23:00:00+00,Tue 04 May 2021,26671,6810,11,1255085,491585,387,1255472,491972,26.1637392703874,10.2525800147921,338
-7.6926,53.28823,2021/05/04 23:00:00+00,Wed 05 May 2021,32140,13473,70,1287225,505058,457,1287682,505515,26.8349880452698,10.5348129287391,339
-7.6926,53.28823,2021/05/05 23:00:00+00,Thu 06 May 2021,37307,14387,133,1324532,519445,590,1325122,520035,27.6152287820471,10.8374062913995,340
-7.6926,53.28823,2021/05/06 23:00:00+00,Fri 07 May 2021,40609,15095,98,1365141,534540,688,1365829,535228,28.4635530254231,11.1540248147397,341
-7.6926,53.28823,2021/05/07 23:00:00+00,Sat 08 May 2021,25636,7066,10,1390777,541606,698,1391475,542304,28.9980095942102,11.3014869796285,342
-7.6926,53.28823,2021/05/08 23:00:00+00,Sun 09 May 2021,19680,932,5,1410457,542538,703,1411160,543241,29.4082403341531,11.3210138378112,343
-7.6926,53.28823,2021/05/09 23:00:00+00,Mon 10 May 2021,28860,4664,172,1439317,547202,875,1440192,548077,30.0132603413678,11.4217949329783,344
-7.6926,53.28823,2021/05/10 23:00:00+00,Tue 11 May 2021,33929,14824,153,1473246,562026,1028,1474274,563054,30.7235211530891,11.7339120674525,345
-7.6926,53.28823,2021/05/11 23:00:00+00,Wed 12 May 2021,31309,20933,175,1504555,582959,1203,1505758,584162,31.3796402598385,12.1737977905266,346
-7.6926,53.28823,2021/05/12 23:00:00+00,Thu 13 May 2021,36017,25488,153,1540572,608447,1356,1541928,609803,32.1334144972647,12.7081501604974,347
-7.6926,53.28823,2021/05/13 23:00:00+00,Fri 14 May 2021,38241,27958,237,1578813,636405,1593,1580406,637998,32.9352869083148,13.2957272858563,348
-7.6926,53.28823,2021/05/14 23:00:00+00,Sat 15 May 2021,28889,12468,22,1607702,648873,1615,1609317,650488,33.5377853041741,13.5560159290815,349
-7.6926,53.28823,2021/05/15 23:00:00+00,Sun 16 May 2021,23192,1183,11,1630894,650056,1626,1632520,651682,34.021330331296,13.5808986064242,350
-7.6926,53.28823,2021/05/16 23:00:00+00,Mon 17 May 2021,35403,3963,120,1666297,654019,1746,1668043,655765,34.7616212418873,13.66598735985,351
-7.6926,53.28823,2021/05/17 23:00:00+00,Tue 18 May 2021,39035,12516,127,1705332,666535,1873,1707205,668408,35.5777480510132,13.9294644868552,352
-7.6926,53.28823,2021/05/18 23:00:00+00,Wed 19 May 2021,37048,17610,211,1742380,684145,2084,1744464,686229,36.3542167906389,14.3008499080654,353
-7.6926,53.28823,2021/05/19 23:00:00+00,Thu 20 May 2021,39108,19649,137,1781488,703794,2221,1783709,706015,37.1720733001161,14.7131854640984,354
-7.6926,53.28823,2021/05/20 23:00:00+00,Fri 21 May 2021,25854,23265,14935,1807342,727059,17156,1824498,744215,38.0221064040801,15.5092644209599,355
-7.6926,53.28823,2021/05/21 23:00:00+00,Sat 22 May 2021,16604,10261,13523,1823946,737320,30679,1854625,767999,38.649945952074,16.0049173505409,356
-7.6926,53.28823,2021/05/22 23:00:00+00,Sun 23 May 2021,8233,5543,10205,1832179,742863,40884,1873063,783747,39.0341895072209,16.3331019424952,357
-7.6926,53.28823,2021/05/23 23:00:00+00,Mon 24 May 2021,22568,8242,8453,1854747,751105,49337,1904084,800442,39.6806598035769,16.6810217902649,358
-7.6926,53.28823,2021/05/24 23:00:00+00,Tue 25 May 2021,30376,16521,3224,1885123,767626,52561,1937684,820187,40.3808758494027,17.0925029160039,359
-7.6926,53.28823,2021/05/25 23:00:00+00,Wed 26 May 2021,19994,25483,3054,1905117,793109,55615,1960732,848724,40.861190713218,17.6872072404006,360
-7.6926,53.28823,2021/05/26 23:00:00+00,Thu 27 May 2021,17029,36063,550,1922146,829172,56165,1978311,885337,41.2275329117171,18.4502134929548,361
-7.6926,53.28823,2021/05/27 23:00:00+00,Fri 28 May 2021,27058,31848,1562,1949204,861020,57727,2006931,918747,41.8239669364652,19.1464699837596,362
-7.6926,53.28823,2021/05/28 23:00:00+00,Sat 29 May 2021,24501,7404,537,1973705,868424,58264,2031969,926688,42.345752929185,19.3119585438757,363
-7.6926,53.28823,2021/05/29 23:00:00+00,Sun 30 May 2021,24265,1691,210,1997970,870115,58474,2056444,928589,42.8558061351846,19.3515749338494,364
-7.6926,53.28823,2021/05/30 23:00:00+00,Mon 31 May 2021,22609,7320,3445,2020579,877435,61919,2082498,939354,43.3987653273854,19.5759149854361,365
-7.6926,53.28823,2021/05/31 23:00:00+00,Tue 01 Jun 2021,27617,11536,3656,2048196,888971,65575,2113771,954546,44.0504872440851,19.8925126690131,366
-7.6926,53.28823,2021/06/01 23:00:00+00,Wed 02 Jun 2021,18719,20921,4008,2066915,909892,69583,2136498,979475,44.5241125438911,20.4120271275366,367
-7.6926,53.28823,2021/06/02 23:00:00+00,Thu 03 Jun 2021,16709,30715,1978,2083624,940607,71561,2155185,1012168,44.9135452000919,21.0933415080778,368
-7.6926,53.28823,2021/06/03 23:00:00+00,Fri 04 Jun 2021,29007,23354,153,2112631,963961,71714,2184345,1035675,45.5212326970051,21.5832218232334,369
-7.6926,53.28823,2021/06/04 23:00:00+00,Sat 05 Jun 2021,20981,11509,35,2133612,975470,71749,2205361,1047219,45.9592011618585,21.8237960504064,370
-7.6926,53.28823,2021/06/05 23:00:00+00,Sun 06 Jun 2021,19962,3920,47,2153574,979390,71796,2225370,1051186,46.3761839851004,21.906467391293,371
-7.6926,53.28823,2021/06/06 23:00:00+00,Mon 07 Jun 2021,19853,4608,47,2173427,983998,71843,2245270,1055841,46.790895274146,22.0034764893085,372
-7.6926,53.28823,2021/06/07 23:00:00+00,Tue 08 Jun 2021,26431,18351,48,2199858,1002349,71891,2271749,1074240,47.342711365736,22.3869072936879,373
-7.6926,53.28823,2021/06/08 23:00:00+00,Wed 09 Jun 2021,32830,20136,175,2232688,1022485,72066,2304754,1094551,48.0305277524169,22.810183725437,374
-7.6926,53.28823,2021/06/09 23:00:00+00,Thu 10 Jun 2021,27718,27511,273,2260406,1049996,72339,2332745,1122335,48.613853566069,23.3891957080924,375
-7.6926,53.28823,2021/06/10 23:00:00+00,Fri 11 Jun 2021,26465,32918,42,2286871,1082914,72381,2359252,1155295,49.1662531710305,24.0760743054263,376
-7.6926,53.28823,2021/06/11 23:00:00+00,Sat 12 Jun 2021,12228,19733,105,2299099,1102647,72486,2371585,1175133,49.4232699714224,24.4894935291493,377
-7.6926,53.28823,2021/06/12 23:00:00+00,Sun 13 Jun 2021,8561,18183,835,2307660,1120830,73321,2380981,1194151,49.6190803870944,24.885824146992,378
-7.6926,53.28823,2021/06/13 23:00:00+00,Mon 14 Jun 2021,16033,31324,52,2323693,1152154,73373,2397066,1225527,49.9542879792703,25.5396925593084,379
-7.6926,53.28823,2021/06/14 23:00:00+00,Tue 15 Jun 2021,14717,41599,206,2338410,1193753,73579,2411989,1267332,50.265279766528,26.4108988627533,380
-7.6926,53.28823,2021/06/15 23:00:00+00,Wed 16 Jun 2021,13489,48410,219,2351899,1242163,73798,2425697,1315961,50.5509512414143,27.4243157107433,381
-7.6926,53.28823,2021/06/16 23:00:00+00,Thu 17 Jun 2021,21587,42706,535,2373486,1284869,74333,2447819,1359202,51.0119684844428,28.3254479142419,382
-7.6926,53.28823,2021/06/17 23:00:00+00,Fri 18 Jun 2021,12028,50036,555,2385514,1334905,74888,2460402,1409793,51.2741952256519,29.3797523777649,383
-7.6926,53.28823,2021/06/18 23:00:00+00,Sat 19 Jun 2021,6339,32827,434,2391853,1367732,75322,2467175,1443054,51.4153429422703,30.0729037438426,384
-7.6926,53.28823,2021/06/19 23:00:00+00,Sun 20 Jun 2021,8527,26150,178,2400380,1393882,75500,2475880,1469382,51.5967530815237,30.621573031179,385
-7.6926,53.28823,2021/06/20 23:00:00+00,Mon 21 Jun 2021,15499,32358,575,2415879,1426240,76075,2491954,1502315,51.9317314363036,31.3078889549046,386
-7.6926,53.28823,2021/06/21 23:00:00+00,Tue 22 Jun 2021,15158,43567,722,2431037,1469807,76797,2507834,1546604,52.2626668770093,32.2308612303088,387
-7.6926,53.28823,2021/06/22 23:00:00+00,Wed 23 Jun 2021,20109,39414,886,2451146,1509221,77683,2528829,1586904,52.7001977068341,33.0707036900344,388
-7.6926,53.28823,2021/06/23 23:00:00+00,Thu 24 Jun 2021,19041,44282,1032,2470187,1553503,78715,2548902,1632218,53.1185142749252,34.0150367227888,389
-7.6926,53.28823,2021/06/24 23:00:00+00,Fri 25 Jun 2021,15230,50138,843,2485417,1603641,79558,2564975,1683199,53.4534717899419,35.0774686939866,390
-7.6926,53.28823,2021/06/25 23:00:00+00,Sat 26 Jun 2021,9078,30584,513,2494495,1634225,80071,2574566,1714296,53.6533459594512,35.7255228123511,391
-7.6926,53.28823,2021/06/26 23:00:00+00,Sun 27 Jun 2021,8743,30490,59,2503238,1664715,80130,2583368,1744845,53.8367775557417,36.3621567404443,392
-7.6926,53.28823,2021/06/27 23:00:00+00,Mon 28 Jun 2021,24250,24670,527,2527488,1689385,80657,2608145,1770042,54.3531243702484,36.8872562555238,393
-7.6926,53.28823,2021/06/28 23:00:00+00,Tue 29 Jun 2021,28160,31066,812,2555648,1720451,81469,2637117,1801920,54.956893991667,37.5515862290011,394
-7.6926,53.28823,2021/06/29 23:00:00+00,Wed 30 Jun 2021,22593,36890,590,2578241,1757341,82059,2660300,1839400,55.4400222235236,38.3326605563091,395
-7.6926,53.28823,2021/06/30 23:00:00+00,Thu 01 Jul 2021,15059,48315,644,2593300,1805656,82703,2676003,1888359,55.7672690261308,39.3529545261778,396
-7.6926,53.28823,2021/07/01 23:00:00+00,Fri 02 Jul 2021,13697,47288,818,2606997,1852944,83521,2690518,1936465,56.0697581899749,40.3554721779782,397
-7.6926,53.28823,2021/07/02 23:00:00+00,Sat 03 Jul 2021,9328,30494,506,2616325,1883438,84027,2700352,1967465,56.2746964219585,41.0015048393056,398
-7.6926,53.28823,2021/07/03 23:00:00+00,Sun 04 Jul 2021,6462,27789,233,2622787,1911227,84260,2707047,1995487,56.414218637042,41.585476685619,399
-7.6926,53.28823,2021/07/04 23:00:00+00,Mon 05 Jul 2021,15637,33480,5343,2638424,1944707,89603,2728027,2034310,56.8514368704177,42.3945388149969,400
-7.6926,53.28823,2021/07/05 23:00:00+00,Tue 06 Jul 2021,12409,48313,5489,2650833,1993020,95092,2745925,2088112,57.2244269533996,43.5157597583755,401
-7.6926,53.28823,2021/07/06 23:00:00+00,Wed 07 Jul 2021,19714,43775,5059,2670547,2036795,100151,2770698,2136946,57.7406904088532,44.5334487578355,402
-7.6926,53.28823,2021/07/07 23:00:00+00,Thu 08 Jul 2021,17801,45622,5997,2688348,2082417,106148,2794496,2188565,58.23663509512,45.6091764979987,403
-7.6926,53.28823,2021/07/08 23:00:00+00,Fri 09 Jul 2021,13533,45113,6531,2701881,2127530,112679,2814560,2240209,58.6547641053417,46.6854252322435,404
-7.6926,53.28823,2021/07/09 23:00:00+00,Sat 10 Jul 2021,8650,23890,4365,2710531,2151420,117044,2827575,2268464,58.9259936242828,47.2742527433985,405
-7.6926,53.28823,2021/07/10 23:00:00+00,Sun 11 Jul 2021,15246,16127,2153,2725777,2167547,119197,2844974,2286744,59.2885846653936,47.655203615949,406
-7.6926,53.28823,2021/07/11 23:00:00+00,Mon 12 Jul 2021,17128,31785,6093,2742905,2199332,125290,2868195,2324622,59.7725048082544,48.444572169038,407
-7.6926,53.28823,2021/07/12 23:00:00+00,Tue 13 Jul 2021,20120,36586,8490,2763025,2235918,133780,2896805,2369698,60.3687304353697,49.3839453381345,408
-7.6926,53.28823,2021/07/13 23:00:00+00,Wed 14 Jul 2021,20805,35734,9335,2783830,2271652,143115,2926945,2414767,60.9968409002861,50.3231726288882,409
-7.6926,53.28823,2021/07/14 23:00:00+00,Thu 15 Jul 2021,23663,28856,9585,2807493,2300508,152700,2960193,2453208,61.6897213494414,51.1242739686974,410
-7.6926,53.28823,2021/07/15 23:00:00+00,Fri 16 Jul 2021,23520,27443,9168,2831013,2327951,161868,2992881,2489819,62.3709315311662,51.8872385417251,411
-7.6926,53.28823,2021/07/16 23:00:00+00,Sat 17 Jul 2021,11519,19443,4678,2842532,2347394,166546,3009078,2513940,62.7084731768281,52.3899144715276,412
-7.6926,53.28823,2021/07/17 23:00:00+00,Sun 18 Jul 2021,16872,15830,1931,2859404,2363224,168477,3027881,2531701,63.1003232455681,52.7600495069416,413
-7.6926,53.28823,2021/07/18 23:00:00+00,Mon 19 Jul 2021,24911,18460,6253,2884315,2381684,174730,3059045,2556414,63.7497736280715,53.2750625765992,414
-7.6926,53.28823,2021/07/19 23:00:00+00,Tue 20 Jul 2021,30607,18199,7699,2914922,2399883,182429,3097351,2582312,64.5480615998394,53.81477076573,415
-7.6926,53.28823,2021/07/20 23:00:00+00,Wed 21 Jul 2021,30374,19857,6894,2945296,2419740,189323,3134619,2609063,65.3247178973346,54.372255272929,416
-7.6926,53.28823,2021/07/21 23:00:00+00,Thu 22 Jul 2021,33547,15946,6937,2978843,2435686,196260,3175103,2631946,66.1683948735016,54.849131575805,417
-7.6926,53.28823,2021/07/22 23:00:00+00,Fri 23 Jul 2021,27090,20857,5616,3005933,2456543,201876,3207809,2658419,66.8499801709653,55.4008226288153,418
-7.6926,53.28823,2021/07/23 23:00:00+00,Sat 24 Jul 2021,15446,14824,2277,3021379,2471367,204153,3225532,2675520,67.2193232953751,55.757203420472,419
-7.6926,53.28823,2021/07/24 23:00:00+00,Sun 25 Jul 2021,14742,13653,1046,3036121,2485020,205199,3241320,2690219,67.5483414778601,56.0635271007575,420
-7.6926,53.28823,2021/11/08 00:00:00+00,Mon 08 Nov 2021,517,537,4,3633915,3567512,240915,3874830,3808427,80.7505399061669,79.3667171058404,421
-7.6926,53.28823,2022/06/06 23:00:00+00,Tue 07 Jun 2022,29,54,0,3852406,3803798,241091,4093497,4044889,85.3075084208273,84.294529207866,422
-7.6926,53.28823,2021/11/09 00:00:00+00,Tue 09 Nov 2021,1373,1074,4,3635288,3568586,240919,3876207,3809505,80.7792362601878,79.3891823706439,423
-7.6926,53.28823,2021/11/10 00:00:00+00,Wed 10 Nov 2021,1602,1369,2,3636890,3569955,240921,3877811,3810876,80.8126632404707,79.4177536860852,424
-7.6926,53.28823,2021/11/11 00:00:00+00,Thu 11 Nov 2021,1394,1127,2,3638284,3571082,240923,3879207,3812005,80.8417555499936,79.4412817788155,425
-7.6926,53.28823,2021/11/12 00:00:00+00,Fri 12 Nov 2021,1143,1161,6,3639427,3572243,240929,3880356,3813172,80.8657004379893,79.46560178255,426
-7.6926,53.28823,2021/11/13 00:00:00+00,Sat 13 Nov 2021,1396,1385,0,3640823,3573628,240929,3881752,3814557,80.8947927475123,79.494464854677,427
-7.6926,53.28823,2021/11/14 00:00:00+00,Sun 14 Nov 2021,1646,1808,1,3642469,3575436,240930,3883399,3816366,80.9291158376157,79.53216398643,428
-7.6926,53.28823,2021/11/15 00:00:00+00,Mon 15 Nov 2021,1243,598,1,3643712,3576034,240931,3884643,3816965,80.9550405031219,79.5446470046279,429
-7.6926,53.28823,2021/11/16 00:00:00+00,Tue 16 Nov 2021,1316,1082,5,3645028,3577116,240936,3885964,3818052,80.9825698303998,79.5672998273009,430
-7.6926,53.28823,2021/11/17 00:00:00+00,Wed 17 Nov 2021,1503,1124,3,3646531,3578240,240939,3887470,3819179,81.0139545138823,79.5907862405046,431
-7.6926,53.28823,2021/11/18 00:00:00+00,Thu 18 Nov 2021,1640,2515,5,3648171,3580755,240944,3889115,3821699,81.0482359244592,79.6433024439416,432
-7.6926,53.28823,2021/11/19 00:00:00+00,Fri 19 Nov 2021,1166,1563,0,3649337,3582318,240944,3890281,3823262,81.0725350884304,79.6758749939304,433
-7.6926,53.28823,2021/11/20 00:00:00+00,Sat 20 Nov 2021,1547,2949,12,3650884,3585267,240956,3891840,3826223,81.1050242793662,79.7375815329688,434
-7.6926,53.28823,2021/11/21 00:00:00+00,Sun 21 Nov 2021,1789,2771,0,3652673,3588038,240956,3893629,3828994,81.1423066158538,79.7953285169862,435
-7.6926,53.28823,2021/11/22 00:00:00+00,Mon 22 Nov 2021,725,521,3,3653398,3588559,240959,3894357,3829518,81.1574779635133,79.8062485529389,436
-7.6926,53.28823,2021/11/23 00:00:00+00,Tue 23 Nov 2021,2156,1599,8,3655554,3590158,240967,3896521,3831125,81.2025752112266,79.8397380525116,437
-7.6926,53.28823,2021/11/24 00:00:00+00,Wed 24 Nov 2021,1615,3153,2,3657169,3593311,240969,3898138,3834280,81.236273108432,79.9054875056241,438
-7.6926,53.28823,2021/11/25 00:00:00+00,Thu 25 Nov 2021,982,1190,2,3658151,3594501,240971,3899122,3835472,81.2567794354883,79.9303285034403,439
-7.6926,53.28823,2021/11/26 00:00:00+00,Fri 26 Nov 2021,1279,1114,12,3659430,3595615,240983,3900413,3836598,81.2836835698681,79.9537940768808,440
-7.6926,53.28823,2021/11/27 00:00:00+00,Sat 27 Nov 2021,1200,1566,6,3660630,3597181,240989,3901619,3838170,81.3088163243701,79.9865541847391,441
-7.6926,53.28823,2021/11/28 00:00:00+00,Sun 28 Nov 2021,1962,2263,1,3662592,3599444,240990,3903582,3840434,81.3497247796664,80.0337354087793,442
-7.6926,53.28823,2021/11/29 00:00:00+00,Mon 29 Nov 2021,536,1004,2,3663128,3600448,240992,3904120,3841440,81.3609365723049,80.0547002106275,443
-7.6926,53.28823,2021/11/30 00:00:00+00,Tue 30 Nov 2021,1896,1650,6,3665024,3602098,240998,3906022,3843096,81.4005738020418,80.0892108586003,444
-7.6926,53.28823,2021/12/01 00:00:00+00,Wed 01 Dec 2021,1072,1390,4,3666096,3603488,241002,3907098,3844490,81.4229973873189,80.1182614885968,445
-7.6926,53.28823,2021/12/02 00:00:00+00,Thu 02 Dec 2021,1737,1416,0,3667833,3604904,241002,3908835,3845906,81.4591960561165,80.1477705933852,446
-7.6926,53.28823,2021/12/03 00:00:00+00,Fri 03 Dec 2021,1016,1199,2,3668849,3606103,241004,3909853,3847107,81.4804109351239,80.1727991490708,447
-7.6926,53.28823,2021/12/04 00:00:00+00,Sat 04 Dec 2021,1204,1703,2,3670053,3607806,241006,3911059,3848812,81.5055436896259,80.2083309454438,448
-7.6926,53.28823,2021/12/05 00:00:00+00,Sun 05 Dec 2021,1349,1778,2,3671402,3609584,241008,3912410,3850592,81.5336982098018,80.2454257240619,449
-7.6926,53.28823,2021/12/06 00:00:00+00,Mon 06 Dec 2021,938,1306,0,3672340,3610890,241008,3913348,3851898,81.5532459077478,80.2726424548908,450
-7.6926,53.28823,2021/12/07 00:00:00+00,Tue 07 Dec 2021,485,750,2,3672825,3611640,241010,3913835,3852650,81.5633948724596,80.2883139568688,451
-7.6926,53.28823,2021/12/08 00:00:00+00,Wed 08 Dec 2021,797,1526,2,3673622,3613166,241012,3914634,3854178,81.5800458433112,80.3201571151432,452
-7.6926,53.28823,2021/12/09 00:00:00+00,Thu 09 Dec 2021,785,1213,1,3674407,3614379,241013,3915420,3855392,81.5964258972404,80.3454565877513,453
-7.6926,53.28823,2021/12/10 00:00:00+00,Fri 10 Dec 2021,894,1618,1,3675301,3615997,241014,3916315,3857011,81.6150774853658,80.3791961644832,454
-7.6926,53.28823,2021/12/11 00:00:00+00,Sat 11 Dec 2021,644,846,2,3675945,3616843,241016,3916961,3857859,81.6285399724373,80.396868283735,455
-7.6926,53.28823,2021/12/12 00:00:00+00,Sun 12 Dec 2021,686,1193,0,3676631,3618036,241016,3917647,3859052,81.6428360500396,80.4217301213145,456
-7.6926,53.28823,2021/12/13 00:00:00+00,Mon 13 Dec 2021,724,1071,1,3677355,3619107,241017,3918372,3860124,81.6579448784094,80.4440703475385,457
-7.6926,53.28823,2021/12/14 00:00:00+00,Tue 14 Dec 2021,631,1204,3,3677986,3620311,241020,3919006,3861331,81.6711572883217,80.4692239418037,458
-7.6926,53.28823,2021/12/15 00:00:00+00,Wed 15 Dec 2021,792,1258,1,3678778,3621569,241021,3919799,3862590,81.6876832205937,80.4954612037589,459
-7.6926,53.28823,2021/12/16 00:00:00+00,Thu 16 Dec 2021,1049,1548,8,3679827,3623117,241029,3920856,3864146,81.7097108503686,80.5278878754049,460
-7.6926,53.28823,2021/12/17 00:00:00+00,Fri 17 Dec 2021,1197,2459,1,3681024,3625576,241030,3922054,3866606,81.7346768867644,80.5791536930457,461
-7.6926,53.28823,2021/12/18 00:00:00+00,Sat 18 Dec 2021,1251,1185,0,3682275,3626761,241030,3923305,3867791,81.7607474306135,80.603848812519,462
-7.6926,53.28823,2021/12/19 00:00:00+00,Sun 19 Dec 2021,550,892,2,3682825,3627653,241032,3923857,3868685,81.7722509799378,80.6224795608812,463
-7.6926,53.28823,2021/12/20 00:00:00+00,Mon 20 Dec 2021,516,621,1,3683341,3628274,241033,3924374,3869307,81.7830251375477,80.6354418936343,464
-7.6926,53.28823,2021/12/21 00:00:00+00,Tue 21 Dec 2021,1407,1822,3,3684748,3630096,241036,3925784,3871132,81.8124092037564,80.6734744615995,465
-7.6926,53.28823,2021/12/22 00:00:00+00,Wed 22 Dec 2021,1165,1602,2,3685913,3631698,241038,3926951,3872736,81.8367292074909,80.7069014418824,466
-7.6926,53.28823,2021/12/23 00:00:00+00,Thu 23 Dec 2021,930,1399,0,3686843,3633097,241038,3927881,3874135,81.8561101873307,80.7360562706952,467
-7.6926,53.28823,2021/12/24 00:00:00+00,Fri 24 Dec 2021,101,164,0,3686944,3633261,241038,3927982,3874299,81.8582150034208,80.7394739918713,468
-7.6926,53.28823,2021/12/25 00:00:00+00,Sat 25 Dec 2021,1,6,0,3686945,3633267,241038,3927983,3874305,81.8582358431841,80.7395990304508,469
-7.6926,53.28823,2021/12/26 00:00:00+00,Sun 26 Dec 2021,12,13,0,3686957,3633280,241038,3927995,3874318,81.8584859203433,80.7398699473734,470
-7.6926,53.28823,2021/12/27 00:00:00+00,Mon 27 Dec 2021,391,590,0,3687348,3633870,241038,3928386,3874908,81.8666342677814,80.7521654077018,471
-7.6926,53.28823,2021/12/28 00:00:00+00,Tue 28 Dec 2021,468,750,0,3687816,3634620,241038,3928854,3875658,81.8763872769911,80.7677952301533,472
-7.6926,53.28823,2021/12/29 00:00:00+00,Wed 29 Dec 2021,1058,1313,0,3688874,3635933,241038,3929912,3876971,81.8984357465293,80.795157839325,473
-7.6926,53.28823,2022/06/07 23:00:00+00,Wed 08 Jun 2022,36,76,0,3852442,3803874,241091,4093533,4044965,85.308258652305,84.2961130298744,474
-7.6926,53.28823,2021/12/30 00:00:00+00,Thu 30 Dec 2021,1051,1199,1,3689925,3637132,241039,3930964,3878171,81.9203591774879,80.8201655552474,475
-7.6926,53.28823,2021/12/31 00:00:00+00,Fri 31 Dec 2021,713,1682,0,3690638,3638814,241039,3931677,3879853,81.9352179286984,80.8552180370652,476
-7.6926,53.28823,2022/01/01 00:00:00+00,Sat 01 Jan 2022,69,100,0,3690707,3638914,241039,3931746,3879953,81.936655872364,80.8573020133921,477
-7.6926,53.28823,2022/01/02 00:00:00+00,Sun 02 Jan 2022,271,629,0,3690978,3639543,241039,3932017,3880582,81.9423034482098,80.870410224488,478
-7.6926,53.28823,2022/01/03 00:00:00+00,Mon 03 Jan 2022,3632,729,1,3694610,3640272,241040,3935650,3881312,82.0180143081647,80.8856232516741,479
-7.6926,53.28823,2022/01/04 00:00:00+00,Tue 04 Jan 2022,1188,785,1,3695798,3641057,241041,3936839,3882098,82.0427927866911,80.9020033056033,480
-7.6926,53.28823,2022/01/05 00:00:00+00,Wed 05 Jan 2022,2139,913,0,3697937,3641970,241041,3938978,3883011,82.0873690403226,80.9210300094675,481
-7.6926,53.28823,2022/01/06 00:00:00+00,Thu 06 Jan 2022,2454,1698,1,3700391,3643668,241042,3941433,3884710,82.1385306591471,80.9564367672609,482
-7.6926,53.28823,2022/01/07 00:00:00+00,Fri 07 Jan 2022,4854,783,2,3705245,3644451,241044,3946289,3885495,82.2397285495796,80.9727959814268,483
-7.6926,53.28823,2022/01/08 00:00:00+00,Sat 08 Jan 2022,9789,745,2,3715034,3645196,241046,3956080,3886242,82.4437706717427,80.9883632845884,484
-7.6926,53.28823,2022/01/09 00:00:00+00,Sun 09 Jan 2022,7116,667,0,3722150,3645863,241046,3963196,3886909,82.5920664271622,81.0022634066886,485
-7.6926,53.28823,2022/01/10 00:00:00+00,Mon 10 Jan 2022,6663,510,1,3728813,3646373,241047,3969860,3887420,82.7309426095843,81.0129125257189,486
-7.6926,53.28823,2022/01/11 00:00:00+00,Tue 11 Jan 2022,4779,1370,1,3733592,3647743,241048,3974640,3888791,82.8305566780084,81.0414838411602,487
-7.6926,53.28823,2022/01/12 00:00:00+00,Wed 12 Jan 2022,7560,927,1,3741152,3648670,241049,3982201,3889719,82.9881261280824,81.0608231414734,488
-7.6926,53.28823,2022/01/13 00:00:00+00,Thu 13 Jan 2022,7321,817,0,3748473,3649487,241049,3989522,3890536,83.140694034972,81.0778492280639,489
-7.6926,53.28823,2022/01/14 00:00:00+00,Fri 14 Jan 2022,10723,835,0,3759196,3650322,241049,4000245,3891371,83.3641588165015,81.0952504303932,490
-7.6926,53.28823,2022/01/15 00:00:00+00,Sat 15 Jan 2022,8363,652,2,3767559,3650974,241051,4008610,3892025,83.5384834362436,81.1088796355709,491
-7.6926,53.28823,2022/01/16 00:00:00+00,Sun 16 Jan 2022,6965,1216,1,3774524,3652190,241052,4015576,3893242,83.6836532271728,81.1342416274688,492
-7.6926,53.28823,2022/01/17 00:00:00+00,Mon 17 Jan 2022,2562,562,0,3777086,3652752,241052,4018138,3893804,83.737044700667,81.1459535744258,493
-7.6926,53.28823,2022/01/18 00:00:00+00,Tue 18 Jan 2022,4056,452,3,3781142,3653204,241055,4022197,3894259,83.8216332997744,81.155435666713,494
-7.6926,53.28823,2022/01/19 00:00:00+00,Wed 19 Jan 2022,3487,623,0,3784629,3653827,241055,4025684,3894882,83.8943015542921,81.1684188392293,495
-7.6926,53.28823,2022/01/20 00:00:00+00,Thu 20 Jan 2022,3699,938,0,3788328,3654765,241055,4029383,3895820,83.9713878386227,81.1879665371753,496
-7.6926,53.28823,2022/01/21 00:00:00+00,Fri 21 Jan 2022,3252,977,0,3791580,3655742,241055,4032635,3896797,84.0391587487723,81.2083269858888,497
-7.6926,53.28823,2022/01/22 00:00:00+00,Sat 22 Jan 2022,4272,644,0,3795852,3656386,241055,4036907,3897441,84.1281862174558,81.2217477934338,498
-7.6926,53.28823,2022/01/23 00:00:00+00,Sun 23 Jan 2022,3094,680,0,3798946,3657066,241055,4040001,3898121,84.192664445009,81.2359188324564,499
-7.6926,53.28823,2022/01/24 00:00:00+00,Mon 24 Jan 2022,646,468,0,3799592,3657534,241055,4040647,3898589,84.2061269320805,81.2456718416662,500
-7.6926,53.28823,2022/01/25 00:00:00+00,Tue 25 Jan 2022,692,1836,1,3800284,3659370,241056,4041340,3900426,84.2205688880257,81.2839544867906,501
-7.6926,53.28823,2022/01/26 00:00:00+00,Wed 26 Jan 2022,700,897,0,3800984,3660267,241056,4042040,3901323,84.2351567223137,81.3026477544426,502
-7.6926,53.28823,2022/01/27 00:00:00+00,Thu 27 Jan 2022,1276,1178,0,3802260,3661445,241056,4043316,3902501,84.2617482602445,81.327196995573,503
-7.6926,53.28823,2022/01/28 00:00:00+00,Fri 28 Jan 2022,1029,3095,1,3803289,3664540,241057,4044346,3905597,84.2832132164111,81.3917169026527,504
-7.6926,53.28823,2022/01/29 00:00:00+00,Sat 29 Jan 2022,2329,3446,0,3805618,3667986,241057,4046675,3909043,84.3317490250638,81.4635307268764,505
-7.6926,53.28823,2022/01/30 00:00:00+00,Sun 30 Jan 2022,1639,7538,0,3807257,3675524,241057,4048314,3916581,84.365905397061,81.6206208623953,506
-7.6926,53.28823,2022/01/31 00:00:00+00,Mon 31 Jan 2022,482,1396,0,3807739,3676920,241057,4048796,3917977,84.3759501629565,81.6497131719183,507
-7.6926,53.28823,2022/02/01 00:00:00+00,Tue 01 Feb 2022,750,3420,1,3808489,3680340,241058,4049547,3921398,84.3916008251713,81.7210060020602,508
-7.6926,53.28823,2022/02/02 00:00:00+00,Wed 02 Feb 2022,653,2998,0,3809142,3683338,241058,4050200,3924396,84.4052091905857,81.7834836123396,509
-7.6926,53.28823,2022/02/03 00:00:00+00,Thu 03 Feb 2022,908,2436,1,3810050,3685774,241059,4051109,3926833,84.4241525353969,81.8342701154252,510
-7.6926,53.28823,2022/02/04 00:00:00+00,Fri 04 Feb 2022,1173,6523,0,3811223,3692297,241059,4052282,3933356,84.448597577711,81.9702078912264,511
-7.6926,53.28823,2022/02/05 00:00:00+00,Sat 05 Feb 2022,1777,5750,0,3813000,3698047,241059,4054059,3939106,84.4856298370393,82.090036530021,512
-7.6926,53.28823,2022/02/06 00:00:00+00,Sun 06 Feb 2022,1407,7555,0,3814407,3705602,241059,4055466,3946661,84.5149513839583,82.2474809415155,513
-7.6926,53.28823,2022/02/07 00:00:00+00,Mon 07 Feb 2022,439,1351,0,3814846,3706953,241059,4055905,3948012,84.5241000400332,82.2756354616914,514
-7.6926,53.28823,2022/02/08 00:00:00+00,Tue 08 Feb 2022,899,1238,0,3815745,3708191,241059,4056804,3949250,84.5428349872117,82.301435088618,515
-7.6926,53.28823,2022/02/09 00:00:00+00,Wed 09 Feb 2022,1335,1784,0,3817080,3709975,241059,4058139,3951034,84.5706560711753,82.3386132262892,516
-7.6926,53.28823,2022/02/10 00:00:00+00,Thu 10 Feb 2022,687,2552,0,3817767,3712527,241059,4058826,3953586,84.5849729885408,82.3917963021507,517
-7.6926,53.28823,2022/02/11 00:00:00+00,Fri 11 Feb 2022,546,4922,0,3818313,3717449,241059,4059372,3958508,84.5963514992855,82.4943696169589,518
-7.6926,53.28823,2022/02/12 00:00:00+00,Sat 12 Feb 2022,1397,5462,0,3819710,3722911,241059,4060769,3963970,84.6254646485718,82.6081964039321,519
-7.6926,53.28823,2022/02/13 00:00:00+00,Sun 13 Feb 2022,1566,4706,0,3821276,3727617,241059,4062335,3968676,84.6580997178504,82.7062683298743,520
-7.6926,53.28823,2022/02/14 00:00:00+00,Mon 14 Feb 2022,174,954,0,3821450,3728571,241059,4062509,3969630,84.6617258366592,82.7261494640325,521
-7.6926,53.28823,2022/02/15 00:00:00+00,Tue 15 Feb 2022,650,817,1,3822100,3729388,241060,4063160,3970448,84.6752925225471,82.7431963903863,522
-7.6926,53.28823,2022/02/16 00:00:00+00,Wed 16 Feb 2022,798,1787,0,3822898,3731175,241060,4063958,3972235,84.6919226536354,82.7804370473473,523
-7.6926,53.28823,2022/02/17 00:00:00+00,Thu 17 Feb 2022,791,1194,2,3823689,3732369,241062,4064751,3973431,84.7084485859074,82.8053614042166,524
-7.6926,53.28823,2022/02/18 00:00:00+00,Fri 18 Feb 2022,792,3295,0,3824481,3735664,241062,4065543,3976726,84.7249536784162,82.8740284241867,525
-7.6926,53.28823,2022/02/19 00:00:00+00,Sat 19 Feb 2022,980,3556,0,3825461,3739220,241062,4066523,3980282,84.7453766464194,82.9481346223699,526
-7.6926,53.28823,2022/02/20 00:00:00+00,Sun 20 Feb 2022,1365,3588,0,3826826,3742808,241062,4067888,3983870,84.7738229232811,83.0229076929778,527
-7.6926,53.28823,2022/06/08 23:00:00+00,Thu 09 Jun 2022,73,122,0,3852515,3803996,241091,4093606,4045087,85.3097799550236,84.2986554809932,528
-7.6926,53.28823,2022/06/09 23:00:00+00,Fri 10 Jun 2022,56,108,0,3852571,3804104,241091,4093662,4045195,85.3109469817667,84.3009061754262,529
-7.6926,53.28823,2022/06/10 23:00:00+00,Sat 11 Jun 2022,189,562,0,3852760,3804666,241091,4093851,4045757,85.3148856970244,84.3126181223832,530
-7.6926,53.28823,2022/06/11 23:00:00+00,Sun 12 Jun 2022,143,288,0,3852903,3804954,241091,4093994,4046045,85.3178657831719,84.3186199742046,531
-7.6926,53.28823,2022/06/12 23:00:00+00,Mon 13 Jun 2022,17,44,0,3852920,3804998,241091,4094011,4046089,85.3182200591474,84.3195369237884,532
-7.6926,53.28823,2022/06/13 23:00:00+00,Tue 14 Jun 2022,37,55,0,3852957,3805053,241091,4094048,4046144,85.3189911303884,84.3206831107681,533
-7.6926,53.28823,2022/06/14 23:00:00+00,Wed 15 Jun 2022,66,123,0,3853023,3805176,241091,4094114,4046267,85.3203665547641,84.3232464016502,534
-7.6926,53.28823,2022/06/15 23:00:00+00,Thu 16 Jun 2022,42,85,0,3853065,3805261,241091,4094156,4046352,85.3212418248214,84.325017781528,535
-7.6926,53.28823,2022/06/16 23:00:00+00,Fri 17 Jun 2022,58,95,0,3853123,3805356,241091,4094214,4046447,85.3224505310909,84.3269975590385,536
-7.6926,53.28823,2022/06/17 23:00:00+00,Sat 18 Jun 2022,223,488,0,3853346,3805844,241091,4094437,4046935,85.3270977982999,84.3371673635136,537
-7.6926,53.28823,2022/06/18 23:00:00+00,Sun 19 Jun 2022,80,129,0,3853426,3805973,241091,4094517,4047064,85.3287649793613,84.3398556929753,538
-7.6926,53.28823,2022/06/19 23:00:00+00,Mon 20 Jun 2022,9,28,0,3853435,3806001,241091,4094526,4047092,85.3289525372308,84.3404392063468,539
-7.6926,53.28823,2022/06/20 23:00:00+00,Tue 21 Jun 2022,74,169,1,3853509,3806170,241092,4094601,4047262,85.3305155194759,84.3439819661025,540
-7.6926,53.28823,2022/06/21 23:00:00+00,Wed 22 Jun 2022,60,94,0,3853569,3806264,241092,4094661,4047356,85.331765905272,84.3459409038497,541
-7.6926,53.28823,2022/06/22 23:00:00+00,Thu 23 Jun 2022,64,113,0,3853633,3806377,241092,4094725,4047469,85.3330996501212,84.3482957970991,542
-7.6926,53.28823,2022/06/23 23:00:00+00,Fri 24 Jun 2022,55,93,1,3853688,3806470,241093,4094781,4047563,85.3342666768643,84.3502547348463,543
-7.6926,53.28823,2022/06/24 23:00:00+00,Sat 25 Jun 2022,210,293,0,3853898,3806763,241093,4094991,4047856,85.3386430271507,84.356360785484,544
-7.6926,53.28823,2022/06/25 23:00:00+00,Sun 26 Jun 2022,174,402,0,3854072,3807165,241093,4095165,4048258,85.3422691459594,84.364738370318,545
-7.6926,53.28823,2022/06/26 23:00:00+00,Mon 27 Jun 2022,4,33,0,3854076,3807198,241093,4095169,4048291,85.3423525050125,84.3654260825059,546
-7.6926,53.28823,2022/06/27 23:00:00+00,Tue 28 Jun 2022,49,60,0,3854125,3807258,241093,4095218,4048351,85.3433736534126,84.366676468302,547
-7.6926,53.28823,2022/06/28 23:00:00+00,Wed 29 Jun 2022,63,81,3,3854188,3807339,241096,4095284,4048435,85.3447490777884,84.3684270084166,548
-7.6926,53.28823,2022/06/29 23:00:00+00,Thu 30 Jun 2022,49,88,0,3854237,3807427,241096,4095333,4048523,85.3457702261885,84.3702609075842,549
-7.6926,53.28823,2022/06/30 23:00:00+00,Fri 01 Jul 2022,46,64,0,3854283,3807491,241096,4095379,4048587,85.3467288552989,84.3715946524334,550
-7.6926,53.28823,2022/07/01 23:00:00+00,Sat 02 Jul 2022,182,228,0,3854465,3807719,241096,4095561,4048815,85.3505216922138,84.3763461184586,551
-7.6926,53.28823,2022/07/02 23:00:00+00,Sun 03 Jul 2022,108,273,0,3854573,3807992,241096,4095669,4049088,85.3527723866468,84.382035373831,552
-7.6926,53.28823,2022/07/03 23:00:00+00,Mon 04 Jul 2022,14,15,0,3854587,3808007,241096,4095683,4049103,85.3530641433326,84.38234797028,553
-7.6926,53.28823,2022/07/04 23:00:00+00,Tue 05 Jul 2022,51,70,0,3854638,3808077,241096,4095734,4049173,85.3541269712593,84.3838067537088,554
-7.6926,53.28823,2022/07/05 23:00:00+00,Wed 06 Jul 2022,60,83,0,3854698,3808160,241096,4095794,4049256,85.3553773570554,84.3855364540601,555
-7.6926,53.28823,2022/07/06 23:00:00+00,Thu 07 Jul 2022,77,77,0,3854775,3808237,241096,4095871,4049333,85.3569820188271,84.3871411158318,556
-7.6926,53.28823,2022/07/07 23:00:00+00,Fri 08 Jul 2022,99,90,0,3854874,3808327,241096,4095970,4049423,85.3590451553907,84.3890166945259,557
-7.6926,53.28823,2022/07/08 23:00:00+00,Sat 09 Jul 2022,119,143,0,3854993,3808470,241096,4096089,4049566,85.3615250872196,84.3919967806734,558
-7.6926,53.28823,2022/07/09 23:00:00+00,Sun 10 Jul 2022,133,219,0,3855126,3808689,241096,4096222,4049785,85.3642967757343,84.3965606888292,559
-7.6926,53.28823,2022/07/10 23:00:00+00,Mon 11 Jul 2022,11,16,0,3855137,3808705,241096,4096233,4049801,85.3645260131303,84.3968941250415,560
-7.6926,53.28823,2022/07/11 23:00:00+00,Tue 12 Jul 2022,44,81,0,3855181,3808786,241096,4096277,4049882,85.3654429627141,84.3985821458663,561
-7.6926,53.28823,2022/07/12 23:00:00+00,Wed 13 Jul 2022,99,74,0,3855280,3808860,241096,4096376,4049956,85.3675060992777,84.4001242883481,562
-7.6926,53.28823,2022/07/13 23:00:00+00,Thu 14 Jul 2022,72,39,0,3855352,3808899,241096,4096448,4049995,85.3690065622331,84.4009370391156,563
-7.6926,53.28823,2022/07/14 23:00:00+00,Fri 15 Jul 2022,80,118,1,3855432,3809017,241097,4096529,4050114,85.3706945830578,84.4034169709446,564
-7.6926,53.28823,2022/07/15 23:00:00+00,Sat 16 Jul 2022,124,209,0,3855556,3809226,241097,4096653,4050323,85.3732787137031,84.4077724814677,565
-7.6926,53.28823,2022/07/16 23:00:00+00,Sun 17 Jul 2022,119,165,0,3855675,3809391,241097,4096772,4050488,85.3757586455321,84.411211042407,566
-7.6926,53.28823,2022/07/17 23:00:00+00,Mon 18 Jul 2022,14,18,0,3855689,3809409,241097,4096786,4050506,85.3760504022179,84.4115861581459,567
-7.6926,53.28823,2022/07/18 23:00:00+00,Tue 19 Jul 2022,30,33,0,3855719,3809442,241097,4096816,4050539,85.3766755951159,84.4122738703337,568
-7.6926,53.28823,2022/07/19 23:00:00+00,Wed 20 Jul 2022,78,66,0,3855797,3809508,241097,4096894,4050605,85.3783010966509,84.4136492947095,569
-7.6926,53.28823,2022/07/20 23:00:00+00,Thu 21 Jul 2022,52,30,0,3855849,3809538,241097,4096946,4050635,85.3793847643408,84.4142744876075,570
-7.6926,53.28823,2022/07/21 23:00:00+00,Fri 22 Jul 2022,75,70,0,3855924,3809608,241097,4097021,4050705,85.380947746586,84.4157332710363,571
-7.6926,53.28823,2022/07/22 23:00:00+00,Sat 23 Jul 2022,99,175,0,3856023,3809783,241097,4097120,4050880,85.3830108831496,84.4193802296083,572
-7.6926,53.28823,2022/07/23 23:00:00+00,Sun 24 Jul 2022,108,231,0,3856131,3810014,241097,4097228,4051111,85.3852615775826,84.4241942149234,573
-7.6926,53.28823,2022/07/24 23:00:00+00,Mon 25 Jul 2022,14,23,0,3856145,3810037,241097,4097242,4051134,85.3855533342684,84.4246735294786,574
-7.6926,53.28823,2022/07/25 23:00:00+00,Tue 26 Jul 2022,18,16,0,3856163,3810053,241097,4097260,4051150,85.3859284500072,84.4250069656909,575
-7.6926,53.28823,2022/07/26 23:00:00+00,Wed 27 Jul 2022,61,72,1,3856224,3810125,241098,4097322,4051223,85.3872205153298,84.4265282684095,576
-7.6926,53.28823,2022/07/27 23:00:00+00,Thu 28 Jul 2022,49,71,0,3856273,3810196,241098,4097371,4051294,85.38824166373,84.4280078916016,577
-7.6926,53.28823,2022/07/28 23:00:00+00,Fri 29 Jul 2022,71,105,0,3856344,3810301,241098,4097442,4051399,85.3897212869221,84.4301960667448,578
-7.6926,53.28823,2022/07/29 23:00:00+00,Sat 30 Jul 2022,100,119,0,3856444,3810420,241098,4097542,4051518,85.3918052632489,84.4326759985737,579
-7.6926,53.28823,2022/07/30 23:00:00+00,Sun 31 Jul 2022,32,57,0,3856476,3810477,241098,4097574,4051575,85.3924721356735,84.43386386508,580
-7.6926,53.28823,2022/07/31 23:00:00+00,Mon 01 Aug 2022,10,15,0,3856486,3810492,241098,4097584,4051590,85.3926805333062,84.4341764615291,581
-7.6926,53.28823,2022/08/01 23:00:00+00,Tue 02 Aug 2022,36,28,0,3856522,3810520,241098,4097620,4051618,85.3934307647839,84.4347599749006,582
-7.6926,53.28823,2022/08/02 23:00:00+00,Wed 03 Aug 2022,93,139,0,3856615,3810659,241098,4097713,4051757,85.3953688627679,84.4376567019949,583
-7.6926,53.28823,2022/08/03 23:00:00+00,Thu 04 Aug 2022,45,52,0,3856660,3810711,241098,4097758,4051809,85.3963066521149,84.4387403696849,584
-7.6926,53.28823,2022/08/04 23:00:00+00,Fri 05 Aug 2022,96,91,0,3856756,3810802,241098,4097854,4051900,85.3983072693887,84.4406367881423,585
-7.6926,53.28823,2022/08/05 23:00:00+00,Sat 06 Aug 2022,74,130,0,3856830,3810932,241098,4097928,4052030,85.3998494118706,84.4433459573673,586
-7.6926,53.28823,2022/08/06 23:00:00+00,Sun 07 Aug 2022,28,80,0,3856858,3811012,241098,4097956,4052110,85.4004329252421,84.4450131384287,587
-7.6926,53.28823,2022/08/07 23:00:00+00,Mon 08 Aug 2022,11,15,0,3856869,3811027,241098,4097967,4052125,85.4006621626381,84.4453257348778,588
-7.6926,53.28823,2022/08/08 23:00:00+00,Tue 09 Aug 2022,47,42,0,3856916,3811069,241098,4098014,4052167,85.4016416315117,84.4462010049351,589
-7.6926,53.28823,2022/08/09 23:00:00+00,Wed 10 Aug 2022,55,94,1,3856971,3811163,241099,4098070,4052262,85.4028086582548,84.4481807824456,590
-7.6926,53.28823,2022/08/10 23:00:00+00,Thu 11 Aug 2022,45,41,0,3857016,3811204,241099,4098115,4052303,85.4037464476019,84.4490352127396,591
-7.6926,53.28823,2022/08/11 23:00:00+00,Fri 12 Aug 2022,70,75,0,3857086,3811279,241099,4098185,4052378,85.4052052310307,84.4505981949847,592
-7.6926,53.28823,2022/08/12 23:00:00+00,Sat 13 Aug 2022,103,151,0,3857189,3811430,241099,4098288,4052529,85.4073517266473,84.4537449992383,593
-7.6926,53.28823,2022/08/13 23:00:00+00,Sun 14 Aug 2022,17,26,0,3857206,3811456,241099,4098305,4052555,85.4077060026229,84.4542868330833,594
-7.6926,53.28823,2022/08/14 23:00:00+00,Mon 15 Aug 2022,7,11,0,3857213,3811467,241099,4098312,4052566,85.4078518809658,84.4545160704792,595
-7.6926,53.28823,2022/08/15 23:00:00+00,Tue 16 Aug 2022,41,28,0,3857254,3811495,241099,4098353,4052594,85.4087063112598,84.4550995838508,596
-7.6926,53.28823,2022/08/16 23:00:00+00,Wed 17 Aug 2022,51,58,0,3857305,3811553,241099,4098404,4052652,85.4097691391865,84.4563082901203,597
-7.6926,53.28823,2022/08/17 23:00:00+00,Thu 18 Aug 2022,55,39,0,3857360,3811592,241099,4098459,4052691,85.4109153261663,84.4571210408878,598
-7.6926,53.28823,2022/08/18 23:00:00+00,Fri 19 Aug 2022,74,56,0,3857434,3811648,241099,4098533,4052747,85.4124574686481,84.4582880676309,599
-7.6926,53.28823,2022/08/19 23:00:00+00,Sat 20 Aug 2022,109,127,0,3857543,3811775,241099,4098642,4052874,85.4147290028444,84.460934717566,600
-7.6926,53.28823,2022/08/20 23:00:00+00,Sun 21 Aug 2022,39,36,0,3857582,3811811,241099,4098681,4052910,85.4155417536119,84.4616849490437,601
-7.6926,53.28823,2022/08/21 23:00:00+00,Mon 22 Aug 2022,12,13,0,3857594,3811824,241099,4098693,4052923,85.4157918307711,84.4619558659661,602
-7.6926,53.28823,2022/08/22 23:00:00+00,Tue 23 Aug 2022,78,72,0,3857672,3811896,241099,4098771,4052995,85.4174173323061,84.4634563289215,603
-7.6926,53.28823,2022/08/23 23:00:00+00,Wed 24 Aug 2022,53,56,0,3857725,3811952,241099,4098824,4053051,85.4185218397593,84.4646233556645,604
-7.6926,53.28823,2022/08/24 23:00:00+00,Thu 25 Aug 2022,42,49,0,3857767,3812001,241099,4098866,4053100,85.4193971098166,84.4656445040647,605
-7.6926,53.28823,2022/08/25 23:00:00+00,Fri 26 Aug 2022,99,90,0,3857866,3812091,241099,4098965,4053190,85.4214602463802,84.4675200827589,606
-7.6926,53.28823,2022/08/26 23:00:00+00,Sat 27 Aug 2022,86,119,0,3857952,3812210,241099,4099051,4053309,85.4232524660213,84.4700000145878,607
-7.6926,53.28823,2022/08/27 23:00:00+00,Sun 28 Aug 2022,44,21,0,3857996,3812231,241099,4099095,4053330,85.4241694156051,84.4704376496165,608
-7.6926,53.28823,2022/08/28 23:00:00+00,Mon 29 Aug 2022,13,12,0,3858009,3812243,241099,4099108,4053342,85.4244403325276,84.4706877267757,609
-7.6926,53.28823,2022/08/29 23:00:00+00,Tue 30 Aug 2022,41,44,1,3858050,3812287,241100,4099150,4053387,85.4253156025849,84.4716255161228,610
-7.6926,53.28823,2022/08/30 23:00:00+00,Wed 31 Aug 2022,28,29,0,3858078,3812316,241100,4099178,4053416,85.4258991159564,84.4722298692576,611
-7.6926,53.28823,2022/08/31 23:00:00+00,Thu 01 Sep 2022,33,30,0,3858111,3812346,241100,4099211,4053446,85.4265868281443,84.4728550621556,612
-7.6926,53.28823,2022/09/01 23:00:00+00,Fri 02 Sep 2022,48,51,0,3858159,3812397,241100,4099259,4053497,85.4275871367812,84.4739178900823,613
-7.6926,53.28823,2022/09/02 23:00:00+00,Sat 03 Sep 2022,73,101,0,3858232,3812498,241100,4099332,4053598,85.4291084394998,84.4760227061725,614
-7.6926,53.28823,2022/09/03 23:00:00+00,Sun 04 Sep 2022,58,82,0,3858290,3812580,241100,4099390,4053680,85.4303171457694,84.4777315667605,615
-7.6926,53.28823,2022/09/04 23:00:00+00,Mon 05 Sep 2022,9,5,0,3858299,3812585,241100,4099399,4053685,85.4305047036388,84.4778357655768,616
-7.6926,53.28823,2022/09/05 23:00:00+00,Tue 06 Sep 2022,42,22,0,3858341,3812607,241100,4099441,4053707,85.4313799736961,84.4782942403687,617
-7.6926,53.28823,2022/09/06 23:00:00+00,Wed 07 Sep 2022,49,42,0,3858390,3812649,241100,4099490,4053749,85.4324011220962,84.479169510426,618
-7.6926,53.28823,2022/09/07 23:00:00+00,Thu 08 Sep 2022,39,50,2,3858429,3812699,241102,4099531,4053801,85.4332555523902,84.480253178116,619
-7.6926,53.28823,2022/09/08 23:00:00+00,Fri 09 Sep 2022,63,61,0,3858492,3812760,241102,4099594,4053862,85.4345684574761,84.4815244036754,620
-7.6926,53.28823,2022/09/09 23:00:00+00,Sat 10 Sep 2022,94,135,0,3858586,3812895,241102,4099688,4053997,85.4365273952234,84.4843377717166,621
-7.6926,53.28823,2022/09/10 23:00:00+00,Sun 11 Sep 2022,58,58,0,3858644,3812953,241102,4099746,4054055,85.437736101493,84.4855464779862,622
-7.6926,53.28823,2022/09/11 23:00:00+00,Mon 12 Sep 2022,13,13,0,3858657,3812966,241102,4099759,4054068,85.4380070184155,84.4858173949087,623
-7.6926,53.28823,2022/09/12 23:00:00+00,Tue 13 Sep 2022,29,25,0,3858686,3812991,241102,4099788,4054093,85.4386113715503,84.4863383889904,624
-7.6926,53.28823,2022/09/13 23:00:00+00,Wed 14 Sep 2022,35,33,0,3858721,3813024,241102,4099823,4054126,85.4393407632647,84.4870261011783,625
-7.6926,53.28823,2022/09/14 23:00:00+00,Thu 15 Sep 2022,51,36,0,3858772,3813060,241102,4099874,4054162,85.4404035911914,84.487776332656,626
-7.6926,53.28823,2022/09/15 23:00:00+00,Fri 16 Sep 2022,38,56,0,3858810,3813116,241102,4099912,4054218,85.4411955021956,84.488943359399,627
-7.6926,53.28823,2022/09/16 23:00:00+00,Sat 17 Sep 2022,67,149,0,3858877,3813265,241102,4099979,4054367,85.4425917663346,84.492048484126,628
-7.6926,53.28823,2022/09/17 23:00:00+00,Sun 18 Sep 2022,30,54,0,3858907,3813319,241102,4100009,4054421,85.4432169592326,84.4931738313425,629
-7.6926,53.28823,2022/09/18 23:00:00+00,Mon 19 Sep 2022,11,11,0,3858918,3813330,241102,4100020,4054432,85.4434461966286,84.4934030687385,630
-7.6926,53.28823,2022/09/19 23:00:00+00,Tue 20 Sep 2022,39,37,0,3858957,3813367,241102,4100059,4054469,85.4442589473961,84.4941741399794,631
-7.6926,53.28823,2022/09/20 23:00:00+00,Wed 21 Sep 2022,42,32,0,3858999,3813399,241102,4100101,4054501,85.4451342174533,84.494841012404,632
-7.6926,53.28823,2022/09/21 23:00:00+00,Thu 22 Sep 2022,61,34,0,3859060,3813433,241102,4100162,4054535,85.4464054430127,84.4955495643552,633
-7.6926,53.28823,2022/09/22 23:00:00+00,Fri 23 Sep 2022,38,39,0,3859098,3813472,241102,4100200,4054574,85.4471973540169,84.4963623151226,634
-7.6926,53.28823,2022/09/23 23:00:00+00,Sat 24 Sep 2022,56,104,0,3859154,3813576,241102,4100256,4054678,85.44836438076,84.4985296505026,635
-7.6926,53.28823,2022/09/24 23:00:00+00,Sun 25 Sep 2022,42,74,0,3859196,3813650,241102,4100298,4054752,85.4492396508173,84.5000717929845,636
-7.6926,53.28823,2022/09/25 23:00:00+00,Mon 26 Sep 2022,24,10,0,3859220,3813660,241102,4100322,4054762,85.4497398051357,84.5002801906171,637
-7.6926,53.28823,2022/09/26 23:00:00+00,Tue 27 Sep 2022,30,33,2,3859250,3813693,241104,4100354,4054797,85.4504066775603,84.5010095823315,638
-7.6926,53.28823,2022/09/27 23:00:00+00,Wed 28 Sep 2022,43,27,0,3859293,3813720,241104,4100397,4054824,85.4513027873809,84.5015722559398,639
-7.6926,53.28823,2022/09/28 23:00:00+00,Thu 29 Sep 2022,31,23,0,3859324,3813743,241104,4100428,4054847,85.4519488200422,84.502051570495,640
-7.6926,53.28823,2022/09/29 23:00:00+00,Fri 30 Sep 2022,39,58,0,3859363,3813801,241104,4100467,4054905,85.4527615708097,84.5032602767646,641
-7.6926,53.28823,2022/09/30 23:00:00+00,Sat 01 Oct 2022,52,105,0,3859415,3813906,241104,4100519,4055010,85.4538452384996,84.5054484519078,642
-7.6926,53.28823,2022/10/01 23:00:00+00,Sun 02 Oct 2022,26,47,0,3859441,3813953,241104,4100545,4055057,85.4543870723446,84.5064279207814,643
-7.6926,53.28823,2022/10/02 23:00:00+00,Mon 03 Oct 2022,22,1,0,3859463,3813954,241104,4100567,4055058,85.4548455471365,84.5064487605447,644
-7.6926,53.28823,2022/10/03 23:00:00+00,Tue 04 Oct 2022,31,17,0,3859494,3813971,241104,4100598,4055075,85.4554915797979,84.5068030365202,645
-7.6926,53.28823,2022/10/04 23:00:00+00,Wed 05 Oct 2022,49,37,0,3859543,3814008,241104,4100647,4055112,85.456512728198,84.5075741077612,646
-7.6926,53.28823,2022/10/05 23:00:00+00,Thu 06 Oct 2022,55,26,0,3859598,3814034,241104,4100702,4055138,85.4576589151778,84.5081159416061,647
-7.6926,53.28823,2022/10/06 23:00:00+00,Fri 07 Oct 2022,80,40,0,3859678,3814074,241104,4100782,4055178,85.4593260962393,84.5089495321369,648
-7.6926,53.28823,2022/10/07 23:00:00+00,Sat 08 Oct 2022,100,102,0,3859778,3814176,241104,4100882,4055280,85.4614100725661,84.5110751879903,649
-7.6926,53.28823,2022/10/08 23:00:00+00,Sun 09 Oct 2022,37,29,0,3859815,3814205,241104,4100919,4055309,85.4621811438071,84.5116795411251,650
-7.6926,53.28823,2022/10/09 23:00:00+00,Mon 10 Oct 2022,19,2,0,3859834,3814207,241104,4100938,4055311,85.4625770993092,84.5117212206516,651
-7.6926,53.28823,2022/10/10 23:00:00+00,Tue 11 Oct 2022,76,15,0,3859910,3814222,241104,4101014,4055326,85.4641609213176,84.5120338171007,652
-7.6926,53.28823,2022/10/11 23:00:00+00,Wed 12 Oct 2022,55,36,0,3859965,3814258,241104,4101069,4055362,85.4653071082974,84.5127840485783,653
-7.6926,53.28823,2022/10/12 23:00:00+00,Thu 13 Oct 2022,80,29,0,3860045,3814287,241104,4101149,4055391,85.4669742893589,84.5133884017131,654
-7.6926,53.28823,2022/10/13 23:00:00+00,Fri 14 Oct 2022,120,21,0,3860165,3814308,241104,4101269,4055412,85.4694750609511,84.5138260367418,655
-7.6926,53.28823,2022/10/14 23:00:00+00,Sat 15 Oct 2022,98,120,0,3860263,3814428,241104,4101367,4055532,85.4715173577514,84.516326808334,656
-7.6926,53.28823,2022/10/15 23:00:00+00,Sun 16 Oct 2022,26,37,1,3860289,3814465,241105,4101394,4055570,85.4720800313597,84.5171187193382,657
-7.6926,53.28823,2022/10/16 23:00:00+00,Mon 17 Oct 2022,52,3,0,3860341,3814468,241105,4101446,4055573,85.4731636990496,84.517181238628,658
-7.6926,53.28823,2022/10/17 23:00:00+00,Tue 18 Oct 2022,116,17,0,3860457,3814485,241105,4101562,4055590,85.4755811115888,84.5175355146036,659
-7.6926,53.28823,2022/10/18 23:00:00+00,Wed 19 Oct 2022,87,40,0,3860544,3814525,241105,4101649,4055630,85.4773941709932,84.5183691051343,660
-7.6926,53.28823,2022/10/19 23:00:00+00,Thu 20 Oct 2022,96,10,0,3860640,3814535,241105,4101745,4055640,85.479394788267,84.518577502767,661
-7.6926,53.28823,2022/10/20 23:00:00+00,Fri 21 Oct 2022,124,21,0,3860764,3814556,241105,4101869,4055661,85.4819789189123,84.5190151377956,662
-7.6926,53.28823,2022/10/21 23:00:00+00,Sat 22 Oct 2022,94,58,0,3860858,3814614,241105,4101963,4055719,85.4839378566595,84.5202238440652,663
-7.6926,53.28823,2022/10/22 23:00:00+00,Sun 23 Oct 2022,80,48,0,3860938,3814662,241105,4102043,4055767,85.485605037721,84.5212241527021,664
-7.6926,53.28823,2022/10/23 23:00:00+00,Mon 24 Oct 2022,65,4,0,3861003,3814666,241105,4102108,4055771,85.4869596223335,84.5213075117552,665
-7.6926,53.28823,2022/10/24 23:00:00+00,Tue 25 Oct 2022,74,28,0,3861077,3814694,241105,4102182,4055799,85.4885017648154,84.5218910251267,666
-7.6926,53.28823,2022/10/25 23:00:00+00,Wed 26 Oct 2022,45,25,0,3861122,3814719,241105,4102227,4055824,85.4894395541624,84.5224120192084,667
-7.6926,53.28823,2022/10/26 23:00:00+00,Thu 27 Oct 2022,64,34,0,3861186,3814753,241105,4102291,4055858,85.4907732990116,84.5231205711596,668
-7.6926,53.28823,2022/10/27 23:00:00+00,Fri 28 Oct 2022,50,19,0,3861236,3814772,241105,4102341,4055877,85.4918152871751,84.5235165266617,669
-7.6926,53.28823,2022/10/28 23:00:00+00,Sat 29 Oct 2022,88,64,0,3861324,3814836,241105,4102429,4055941,85.4936491863427,84.5248502715109,670
-7.6926,53.28823,2022/10/29 23:00:00+00,Sun 30 Oct 2022,11,6,0,3861335,3814842,241105,4102440,4055947,85.4938784237386,84.5249753100905,671
-7.6926,53.28823,2022/10/31 00:00:00+00,Mon 31 Oct 2022,1,1,0,3861336,3814843,241105,4102441,4055948,85.4938992635019,84.5249961498537,672
-7.6926,53.28823,2022/11/01 00:00:00+00,Tue 01 Nov 2022,96,25,0,3861432,3814868,241105,4102537,4055973,85.4958998807757,84.5255171439354,673
-7.6926,53.28823,2022/11/02 00:00:00+00,Wed 02 Nov 2022,109,12,0,3861541,3814880,241105,4102646,4055985,85.498171414972,84.5257672210947,674
-7.6926,53.28823,2022/11/03 00:00:00+00,Thu 03 Nov 2022,91,28,0,3861632,3814908,241105,4102737,4056013,85.5000678334294,84.5263507344662,675
-7.6926,53.28823,2022/11/04 00:00:00+00,Fri 04 Nov 2022,61,22,0,3861693,3814930,241105,4102798,4056035,85.5013390589888,84.5268092092581,676
-7.6926,53.28823,2022/11/05 00:00:00+00,Sat 05 Nov 2022,46,54,0,3861739,3814984,241105,4102844,4056089,85.5022976880992,84.5279345564746,677
-7.6926,53.28823,2022/11/06 00:00:00+00,Sun 06 Nov 2022,56,78,0,3861795,3815062,241105,4102900,4056167,85.5034647148422,84.5295600580096,678
-7.6926,53.28823,2022/11/07 00:00:00+00,Mon 07 Nov 2022,43,3,0,3861838,3815065,241105,4102943,4056170,85.5043608246628,84.5296225772994,679
-7.6926,53.28823,2022/11/08 00:00:00+00,Tue 08 Nov 2022,66,32,0,3861904,3815097,241105,4103009,4056202,85.5057362490385,84.530289449724,680
-7.6926,53.28823,2022/11/09 00:00:00+00,Wed 09 Nov 2022,93,32,0,3861997,3815129,241105,4103102,4056234,85.5076743470225,84.5309563221486,681
-7.6926,53.28823,2022/11/10 00:00:00+00,Thu 10 Nov 2022,48,15,0,3862045,3815144,241105,4103150,4056249,85.5086746556594,84.5312689185976,682
-7.6926,53.28823,2022/11/11 00:00:00+00,Fri 11 Nov 2022,50,17,0,3862095,3815161,241105,4103200,4056266,85.5097166438228,84.5316231945732,683
-7.6926,53.28823,2022/11/12 00:00:00+00,Sat 12 Nov 2022,74,87,0,3862169,3815248,241105,4103274,4056353,85.5112587863047,84.5334362539775,684
-7.6926,53.28823,2022/11/13 00:00:00+00,Sun 13 Nov 2022,41,62,1,3862210,3815310,241106,4103316,4056416,85.512134056362,84.5347491590635,685
-7.6926,53.28823,2022/11/14 00:00:00+00,Mon 14 Nov 2022,15,2,0,3862225,3815312,241106,4103331,4056418,85.512446652811,84.53479083859,686
-7.6926,53.28823,2022/11/15 00:00:00+00,Tue 15 Nov 2022,57,6,0,3862282,3815318,241106,4103388,4056424,85.5136345193173,84.5349158771696,687
-7.6926,53.28823,2022/11/16 00:00:00+00,Wed 16 Nov 2022,46,20,0,3862328,3815338,241106,4103434,4056444,85.5145931484277,84.535332672435,688
-7.6926,53.28823,2022/11/17 00:00:00+00,Thu 17 Nov 2022,64,9,1,3862392,3815347,241107,4103499,4056454,85.5159477330401,84.5355410700677,689
-7.6926,53.28823,2022/11/18 00:00:00+00,Fri 18 Nov 2022,27,22,0,3862419,3815369,241107,4103526,4056476,85.5165104066484,84.5359995448596,690
-7.6926,53.28823,2022/11/19 00:00:00+00,Sat 19 Nov 2022,55,57,0,3862474,3815426,241107,4103581,4056533,85.5176565936282,84.5371874113659,691
-7.6926,53.28823,2022/11/20 00:00:00+00,Sun 20 Nov 2022,40,56,0,3862514,3815482,241107,4103621,4056589,85.5184901841589,84.5383544381089,692
-7.6926,53.28823,2022/11/21 00:00:00+00,Mon 21 Nov 2022,18,3,0,3862532,3815485,241107,4103639,4056592,85.5188652998977,84.5384169573987,693
-7.6926,53.28823,2022/11/22 00:00:00+00,Tue 22 Nov 2022,48,22,0,3862580,3815507,241107,4103687,4056614,85.5198656085346,84.5388754321906,694
-7.6926,53.28823,2022/11/23 00:00:00+00,Wed 23 Nov 2022,23,16,0,3862603,3815523,241107,4103710,4056630,85.5203449230898,84.5392088684029,695
-7.6926,53.28823,2022/11/24 00:00:00+00,Thu 24 Nov 2022,25,18,0,3862628,3815541,241107,4103735,4056648,85.5208659171715,84.5395839841418,696
-7.6926,53.28823,2022/11/25 00:00:00+00,Fri 25 Nov 2022,18,10,0,3862646,3815551,241107,4103753,4056658,85.5212410329104,84.5397923817745,697
-7.6926,53.28823,2022/11/26 00:00:00+00,Sat 26 Nov 2022,66,62,0,3862712,3815613,241107,4103819,4056720,85.5226164572861,84.5410844470971,698
-7.6926,53.28823,2022/11/27 00:00:00+00,Sun 27 Nov 2022,35,42,0,3862747,3815655,241107,4103854,4056762,85.5233458490005,84.5419597171544,699
-7.6926,53.28823,2022/11/28 00:00:00+00,Mon 28 Nov 2022,17,0,0,3862764,3815655,241107,4103871,4056762,85.5237001249761,84.5419597171544,700
-7.6926,53.28823,2022/11/29 00:00:00+00,Tue 29 Nov 2022,32,18,0,3862796,3815673,241107,4103903,4056780,85.5243669974007,84.5423348328932,701
-7.6926,53.28823,2022/11/30 00:00:00+00,Wed 30 Nov 2022,45,12,0,3862841,3815685,241107,4103948,4056792,85.5253047867478,84.5425849100525,702
-7.6926,53.28823,2022/12/01 00:00:00+00,Thu 01 Dec 2022,20,11,0,3862861,3815696,241107,4103968,4056803,85.5257215820131,84.5428141474484,703
-7.6926,53.28823,2022/12/02 00:00:00+00,Fri 02 Dec 2022,17,18,0,3862878,3815714,241107,4103985,4056821,85.5260758579887,84.5431892631872,704
-7.6926,53.28823,2022/12/03 00:00:00+00,Sat 03 Dec 2022,41,71,0,3862919,3815785,241107,4104026,4056892,85.5269302882827,84.5446688863793,705
-7.6926,53.28823,2022/12/04 00:00:00+00,Sun 04 Dec 2022,44,47,0,3862963,3815832,241107,4104070,4056939,85.5278472378665,84.545648355253,706
-7.6926,53.28823,2022/12/05 00:00:00+00,Mon 05 Dec 2022,19,5,0,3862982,3815837,241107,4104089,4056944,85.5282431933686,84.5457525540693,707
-7.6926,53.28823,2022/12/06 00:00:00+00,Tue 06 Dec 2022,35,29,0,3863017,3815866,241107,4104124,4056973,85.528972585083,84.5463569072041,708
-7.6926,53.28823,2022/12/07 00:00:00+00,Wed 07 Dec 2022,22,23,0,3863039,3815889,241107,4104146,4056996,85.5294310598749,84.5468362217593,709
-7.6926,53.28823,2022/12/08 00:00:00+00,Thu 08 Dec 2022,16,13,1,3863055,3815902,241108,4104163,4057010,85.5297853358505,84.547127978445,710
-7.6926,53.28823,2022/12/09 00:00:00+00,Fri 09 Dec 2022,27,17,0,3863082,3815919,241108,4104190,4057027,85.5303480094588,84.5474822544206,711
-7.6926,53.28823,2022/12/10 00:00:00+00,Sat 10 Dec 2022,49,43,0,3863131,3815962,241108,4104239,4057070,85.5313691578589,84.5483783642411,712
-7.6926,53.28823,2022/12/11 00:00:00+00,Sun 11 Dec 2022,27,40,0,3863158,3816002,241108,4104266,4057110,85.5319318314672,84.5492119547719,713
-7.6926,53.28823,2022/12/12 00:00:00+00,Mon 12 Dec 2022,16,2,0,3863174,3816004,241108,4104282,4057112,85.5322652676795,84.5492536342984,714
-7.6926,53.28823,2022/12/13 00:00:00+00,Tue 13 Dec 2022,29,15,0,3863203,3816019,241108,4104311,4057127,85.5328696208143,84.5495662307474,715
-7.6926,53.28823,2022/12/14 00:00:00+00,Wed 14 Dec 2022,20,19,0,3863223,3816038,241108,4104331,4057146,85.5332864160796,84.5499621862495,716
-7.6926,53.28823,2022/12/15 00:00:00+00,Thu 15 Dec 2022,12,8,0,3863235,3816046,241108,4104343,4057154,85.5335364932388,84.5501289043557,717
-7.6926,53.28823,2022/12/16 00:00:00+00,Fri 16 Dec 2022,13,4,0,3863248,3816050,241108,4104356,4057158,85.5338074101613,84.5502122634088,718
-7.6926,53.28823,2022/12/17 00:00:00+00,Sat 17 Dec 2022,20,42,0,3863268,3816092,241108,4104376,4057200,85.5342242054267,84.551087533466,719
-7.6926,53.28823,2022/12/18 00:00:00+00,Sun 18 Dec 2022,29,35,0,3863297,3816127,241108,4104405,4057235,85.5348285585615,84.5518169251805,720
-7.6926,53.28823,2022/12/19 00:00:00+00,Mon 19 Dec 2022,9,1,0,3863306,3816128,241108,4104414,4057236,85.5350161164309,84.5518377649437,721
-7.6926,53.28823,2022/12/20 00:00:00+00,Tue 20 Dec 2022,21,17,0,3863327,3816145,241108,4104435,4057253,85.5354537514596,84.5521920409193,722
-7.6926,53.28823,2022/12/21 00:00:00+00,Wed 21 Dec 2022,18,24,0,3863345,3816169,241108,4104453,4057277,85.5358288671984,84.5526921952377,723
-7.6926,53.28823,2022/12/22 00:00:00+00,Thu 22 Dec 2022,7,15,0,3863352,3816184,241108,4104460,4057292,85.5359747455413,84.5530047916868,724
-7.6926,53.28823,2022/12/23 00:00:00+00,Fri 23 Dec 2022,20,6,0,3863372,3816190,241108,4104480,4057298,85.5363915408067,84.5531298302664,725
-7.6926,53.28823,2022/12/28 00:00:00+00,Wed 28 Dec 2022,20,23,0,3863392,3816213,241108,4104500,4057321,85.536808336072,84.5536091448216,726
-7.6926,53.28823,2022/12/29 00:00:00+00,Thu 29 Dec 2022,18,12,0,3863410,3816225,241108,4104518,4057333,85.5371834518109,84.5538592219808,727
-7.6926,53.28823,2022/12/30 00:00:00+00,Fri 30 Dec 2022,71,31,0,3863481,3816256,241108,4104589,4057364,85.5386630750029,84.5545052546421,728
-7.6926,53.28823,2022/12/31 00:00:00+00,Sat 31 Dec 2022,36,26,0,3863517,3816282,241108,4104625,4057390,85.5394133064806,84.5550470884871,729
-7.6926,53.28823,2023/01/03 00:00:00+00,Tue 03 Jan 2023,14,14,0,3863531,3816296,241108,4104639,4057404,85.5397050631664,84.5553388451729,730
-7.6926,53.28823,2023/01/04 00:00:00+00,Wed 04 Jan 2023,56,28,0,3863587,3816324,241108,4104695,4057432,85.5408720899094,84.5559223585444,731
-7.6926,53.28823,2023/01/05 00:00:00+00,Thu 05 Jan 2023,26,16,0,3863613,3816340,241108,4104721,4057448,85.5414139237544,84.5562557947567,732
