X,Y,VaccinationDate,VaccineText,Dose1,Dose2,SingleDose,Dose1Cum,Dose2Cum,SingleDoseCum,PartiallyVacc,FullyVacc,PartialPercent,FullyPercent,ObjectId
-7.6926,53.28823,2021/08/20 23:00:00+00,Sat 21 Aug 2021,11800,7815,225,3385530,3017092,231268,3616798,3248360,85.5436618705615,76.829452314964,1
-7.6926,53.28823,2021/08/21 23:00:00+00,Sun 22 Aug 2021,7984,12162,156,3393514,3029254,231424,3624938,3260678,85.7361872500895,77.120794775041,2
-7.6926,53.28823,2021/08/22 23:00:00+00,Mon 23 Aug 2021,10799,15153,271,3404313,3044407,231695,3636008,3276102,85.9980123055411,77.4855996219502,3
-7.6926,53.28823,2021/08/23 23:00:00+00,Tue 24 Aug 2021,9642,22709,368,3413955,3067116,232063,3646018,3299179,86.2347664884743,78.0314114380889,4
-7.6926,53.28823,2021/08/24 23:00:00+00,Wed 25 Aug 2021,9345,19268,305,3423300,3086384,232368,3655668,3318752,86.4630060354578,78.4943474643178,5
-7.6926,53.28823,2021/08/25 23:00:00+00,Thu 26 Aug 2021,8510,19226,358,3431810,3105610,232726,3664536,3338336,86.6727499010174,78.9575436599784,6
-7.6926,53.28823,2021/08/26 23:00:00+00,Fri 27 Aug 2021,9654,19016,424,3441464,3124626,233150,3674614,3357776,86.9111124040744,79.4173340012592,7
-7.6926,53.28823,2021/08/27 23:00:00+00,Sat 28 Aug 2021,9878,7766,145,3451342,3132392,233295,3684637,3365687,87.1481740599724,79.6044431262527,8
-7.6926,53.28823,2021/08/28 23:00:00+00,Sun 29 Aug 2021,8781,9123,23,3460123,3141515,233318,3693441,3374833,87.3564042124742,79.8207621829067,9
-7.6926,53.28823,2021/08/29 23:00:00+00,Mon 30 Aug 2021,5017,10951,78,3465140,3152466,233396,3698536,3385862,87.4769099629282,80.0816175159306,10
-7.6926,53.28823,2021/08/30 23:00:00+00,Tue 31 Aug 2021,4010,12670,134,3469150,3165136,233530,3702680,3398666,87.5749228834152,80.3844547345397,11
-7.6926,53.28823,2021/08/31 23:00:00+00,Wed 01 Sep 2021,4894,12364,171,3474044,3177500,233701,3707745,3411201,87.6947190808734,80.680929627953,12
-7.6926,53.28823,2021/09/01 23:00:00+00,Thu 02 Sep 2021,4961,12227,243,3479005,3189727,233944,3712949,3423671,87.8178028738788,80.9758671565421,13
-7.6926,53.28823,2021/09/02 23:00:00+00,Fri 03 Sep 2021,4717,15889,159,3483722,3205616,234103,3717825,3439719,87.9331288874635,81.355430705764,14
-7.6926,53.28823,2021/09/03 23:00:00+00,Sat 04 Sep 2021,4601,10500,128,3488323,3216116,234231,3722554,3450347,88.0449780913687,81.6068016804107,15
-7.6926,53.28823,2021/09/04 23:00:00+00,Sun 05 Sep 2021,5291,11833,0,3493614,3227949,234231,3727845,3462180,88.1701195880619,81.8866730337222,16
-7.6926,53.28823,2021/09/05 23:00:00+00,Mon 06 Sep 2021,2107,9564,68,3495721,3237513,234299,3730020,3471812,88.2215621802577,82.1144868489083,17
-7.6926,53.28823,2021/09/06 23:00:00+00,Tue 07 Sep 2021,2997,9889,136,3498718,3247402,234435,3733153,3481837,88.2956631647861,82.3515958083393,18
-7.6926,53.28823,2021/09/07 23:00:00+00,Wed 08 Sep 2021,2572,14678,178,3501290,3262080,234613,3735903,3496693,88.3607055227348,82.7029664518613,19
-7.6926,53.28823,2021/09/08 23:00:00+00,Thu 09 Sep 2021,3076,14677,135,3504366,3276757,234748,3739114,3511505,88.4366513450523,83.0532964176561,20
-7.6926,53.28823,2021/09/09 23:00:00+00,Fri 10 Sep 2021,3350,13839,108,3507716,3290596,234856,3742572,3525452,88.518439153702,83.3831676054053,21
-7.6926,53.28823,2021/09/10 23:00:00+00,Sat 11 Sep 2021,2537,11228,57,3510253,3301824,234913,3745166,3536737,88.5797918360724,83.6500777906601,22
-7.6926,53.28823,2021/09/11 23:00:00+00,Sun 12 Sep 2021,2023,12842,0,3512276,3314666,234913,3747189,3549579,88.6276393597561,83.9538137763971,23
-7.6926,53.28823,2021/09/12 23:00:00+00,Mon 13 Sep 2021,1572,7637,46,3513848,3322303,234959,3748807,3557262,88.6659079179965,84.1355302986225,24
-7.6926,53.28823,2021/09/13 23:00:00+00,Tue 14 Sep 2021,1516,10672,79,3515364,3332975,235038,3750402,3568013,88.7036324856067,84.389810440552,25
-7.6926,53.28823,2021/09/14 23:00:00+00,Wed 15 Sep 2021,3245,12308,130,3518609,3345283,235168,3753777,3580451,88.7834571976346,84.6839911126122,26
-7.6926,53.28823,2021/09/15 23:00:00+00,Thu 16 Sep 2021,1881,10502,109,3520490,3355785,235277,3755767,3591062,88.8305242130229,84.934960007228,27
-7.6926,53.28823,2021/09/16 23:00:00+00,Fri 17 Sep 2021,2539,14515,89,3523029,3370300,235366,3758395,3605666,88.8926810554553,85.2803704055852,28
-7.6926,53.28823,2021/09/17 23:00:00+00,Sat 18 Sep 2021,2272,11165,40,3525301,3381465,235406,3760707,3616871,88.9473639396653,85.5453884495179,29
-7.6926,53.28823,2021/09/18 23:00:00+00,Sun 19 Sep 2021,1854,8455,11,3527155,3389920,235417,3762572,3625337,88.9914744842378,85.7456243049337,30
-7.6926,53.28823,2021/09/19 23:00:00+00,Mon 20 Sep 2021,945,5550,29,3528100,3395470,235446,3763546,3630916,89.0145113048348,85.8775775103867,31
-7.6926,53.28823,2021/09/20 23:00:00+00,Tue 21 Sep 2021,1441,6589,89,3529541,3402059,235535,3765076,3637594,89.0506985076208,86.0355240072526,32
-7.6926,53.28823,2021/09/21 23:00:00+00,Wed 22 Sep 2021,1883,8066,94,3531424,3410125,235629,3767053,3645754,89.0974580500443,86.2285224221112,33
-7.6926,53.28823,2021/09/22 23:00:00+00,Thu 23 Sep 2021,1680,8679,85,3533104,3418804,235714,3768818,3654518,89.1392034179641,86.435806503952,34
-7.6926,53.28823,2021/09/23 23:00:00+00,Fri 24 Sep 2021,1897,7302,79,3535001,3426106,235793,3770794,3661899,89.185939308621,86.6103801926862,35
-7.6926,53.28823,2021/09/24 23:00:00+00,Sat 25 Sep 2021,2400,6532,50,3537401,3432638,235843,3773244,3668481,89.2438861366117,86.7660561199655,36
-7.6926,53.28823,2021/09/25 23:00:00+00,Sun 26 Sep 2021,1536,7079,0,3538937,3439717,235843,3774780,3675560,89.2802152499968,86.9334869752087,37
-7.6926,53.28823,2021/09/26 23:00:00+00,Mon 27 Sep 2021,1165,3699,45,3540102,3443416,235888,3775990,3679304,89.3088338874942,87.022039189085,38
-7.6926,53.28823,2021/09/27 23:00:00+00,Tue 28 Sep 2021,1436,5043,89,3541538,3448459,235977,3777515,3684436,89.3449028314476,87.1434200549005,39
-7.6926,53.28823,2021/09/28 23:00:00+00,Wed 29 Sep 2021,1634,3533,72,3543172,3451992,236049,3779221,3688041,89.3852527451423,87.2286846732296,40
-7.6926,53.28823,2021/09/29 23:00:00+00,Thu 30 Sep 2021,1266,3877,77,3544438,3455869,236126,3780564,3691995,89.4170170675878,87.3222037580765,41
-7.6926,53.28823,2021/09/30 23:00:00+00,Fri 01 Oct 2021,1830,5089,38,3546268,3460958,236164,3782432,3697122,89.4611985674598,87.4434663650593,42
-7.6926,53.28823,2021/10/01 23:00:00+00,Sat 02 Oct 2021,1702,4035,39,3547970,3464993,236203,3784173,3701196,89.5023762929829,87.5398236618895,43
-7.6926,53.28823,2021/10/02 23:00:00+00,Sun 03 Oct 2021,1203,2989,9,3549173,3467982,236212,3785385,3704194,89.5310422340134,87.6107316579368,44
-7.6926,53.28823,2021/10/03 23:00:00+00,Mon 04 Oct 2021,330,1158,16,3549503,3469140,236228,3785731,3705368,89.5392257452317,87.6384988318393,45
-7.6926,53.28823,2021/10/04 23:00:00+00,Tue 05 Oct 2021,969,2749,68,3550472,3471889,236296,3786768,3708185,89.56375262712,87.7051258581452,46
-7.6926,53.28823,2021/10/05 23:00:00+00,Wed 06 Oct 2021,976,2495,34,3551448,3474384,236330,3787778,3710714,89.587640911312,87.7649411756915,47
-7.6926,53.28823,2021/10/06 23:00:00+00,Thu 07 Oct 2021,1204,2626,41,3552652,3477010,236371,3789023,3713381,89.6170873606379,87.8280204370184,48
-7.6926,53.28823,2021/10/07 23:00:00+00,Fri 08 Oct 2021,981,2686,42,3553633,3479696,236413,3790046,3716109,89.6412831177948,87.8925424561035,49
-7.6926,53.28823,2021/10/08 23:00:00+00,Sat 09 Oct 2021,729,2317,18,3554362,3482013,236431,3790793,3718444,89.6589509873903,87.9477693309436,50
-7.6926,53.28823,2021/10/09 23:00:00+00,Sun 10 Oct 2021,1528,3889,0,3555890,3485902,236431,3792321,3722333,89.6950908866432,88.0397510509662,51
-7.6926,53.28823,2021/10/10 23:00:00+00,Mon 11 Oct 2021,324,1064,12,3556214,3486966,236443,3792657,3723409,89.7030378801962,88.0652003517491,52
-7.6926,53.28823,2021/10/11 23:00:00+00,Tue 12 Oct 2021,548,1561,20,3556762,3488527,236463,3793225,3724990,89.7164720835835,88.1025937946279,53
-7.6926,53.28823,2021/10/12 23:00:00+00,Wed 13 Oct 2021,1003,1976,9,3557765,3490503,236472,3794237,3726975,89.7404076713086,88.1495425511836,54
-7.6926,53.28823,2021/10/13 23:00:00+00,Thu 14 Oct 2021,697,1513,7,3558462,3492016,236479,3794941,3728495,89.7570585149434,88.1854932363043,55
-7.6926,53.28823,2021/10/14 23:00:00+00,Fri 15 Oct 2021,952,1998,5,3559414,3494014,236484,3795898,3730498,89.7796932555096,88.2328677246575,56
-7.6926,53.28823,2021/10/15 23:00:00+00,Sat 16 Oct 2021,1374,2589,11,3560788,3496603,236495,3797283,3733098,89.8124509521492,88.2943623176271,57
-7.6926,53.28823,2021/10/16 23:00:00+00,Sun 17 Oct 2021,1709,2873,1,3562497,3499476,236496,3798993,3735972,89.85289547291,88.3623374946251,58
-7.6926,53.28823,2021/10/17 23:00:00+00,Mon 18 Oct 2021,668,1169,3,3563165,3500645,236499,3799664,3737144,89.8687658082494,88.3900573649945,59
-7.6926,53.28823,2021/10/18 23:00:00+00,Tue 19 Oct 2021,1333,1728,10,3564498,3502373,236509,3801007,3738882,89.9005301306949,88.4311641352181,60
-7.6926,53.28823,2021/10/19 23:00:00+00,Wed 20 Oct 2021,2241,2254,0,3566739,3504627,236509,3803248,3741136,89.9535337394815,88.4844752169695,61
-7.6926,53.28823,2021/10/20 23:00:00+00,Thu 21 Oct 2021,1751,1763,8,3568490,3506390,236517,3805007,3742907,89.9951371968021,88.5263624954884,62
-7.6926,53.28823,2021/10/21 23:00:00+00,Fri 22 Oct 2021,1484,1898,1,3569974,3508288,236518,3806492,3744806,90.0302600700944,88.5712772001228,63
-7.6926,53.28823,2021/10/22 23:00:00+00,Sat 23 Oct 2021,2005,1662,0,3571979,3509950,236518,3808497,3746468,90.0776818619806,88.6105864360903,64
-7.6926,53.28823,2021/10/23 23:00:00+00,Sun 24 Oct 2021,1943,2170,0,3573922,3512120,236518,3810440,3748638,90.1236372443421,88.6619107694535,65
-7.6926,53.28823,2021/10/24 23:00:00+00,Mon 25 Oct 2021,1213,806,0,3575135,3512926,236518,3811653,3749444,90.1523268371391,88.6809740932741,66
-7.6926,53.28823,2021/10/25 23:00:00+00,Tue 26 Oct 2021,1231,1160,5,3576366,3514086,236523,3812889,3750609,90.1815604205663,88.7085284012778,67
-7.6926,53.28823,2021/10/26 23:00:00+00,Wed 27 Oct 2021,1551,1383,4,3577917,3515469,236527,3814444,3751996,90.2183389175154,88.7413334014504,68
-7.6926,53.28823,2021/10/27 23:00:00+00,Thu 28 Oct 2021,2141,1640,2,3580058,3517109,236529,3816587,3753638,90.2690246531823,88.7801696020874,69
-7.6926,53.28823,2021/10/28 23:00:00+00,Fri 29 Oct 2021,2129,1314,0,3582187,3518423,236529,3818716,3754952,90.3193792641179,88.8112480233036,70
-7.6926,53.28823,2021/10/29 23:00:00+00,Sat 30 Oct 2021,2000,1420,0,3584187,3519843,236529,3820716,3756372,90.3666827971714,88.8448335317717,71
-7.6926,53.28823,2021/10/30 23:00:00+00,Sun 31 Oct 2021,1625,1309,0,3585812,3521152,236529,3822341,3757681,90.4051169177775,88.8757936941552,72
-7.6926,53.28823,2021/11/01 00:00:00+00,Mon 01 Nov 2021,254,242,0,3586066,3521394,236529,3822595,3757923,90.4111244664753,88.8815174216547,73
-7.6926,53.28823,2021/11/02 00:00:00+00,Tue 02 Nov 2021,1083,1048,9,3587149,3522442,236538,3823687,3758980,90.4369521955225,88.9065173388735,74
-7.6926,53.28823,2021/11/03 00:00:00+00,Wed 03 Nov 2021,2534,1784,5,3589683,3524226,236543,3826226,3760769,90.497004030734,88.94883034919,75
-7.6926,53.28823,2021/11/04 00:00:00+00,Thu 04 Nov 2021,1547,1207,0,3591230,3525433,236543,3827773,3761976,90.533593313551,88.9773780313878,76
-7.6926,53.28823,2021/11/05 00:00:00+00,Fri 05 Nov 2021,1630,1008,0,3592860,3526441,236543,3829403,3762984,90.5721456929897,89.0012190120468,77
-7.6926,53.28823,2021/11/06 00:00:00+00,Sat 06 Nov 2021,1822,1314,5,3594682,3527755,236548,3831230,3764303,90.6153574704341,89.0324156920956,78
-7.6926,53.28823,2021/11/07 00:00:00+00,Sun 07 Nov 2021,728,764,0,3595410,3528519,236548,3831958,3765067,90.6325759564656,89.0504856417221,79
-7.6926,53.28823,2021/11/08 00:00:00+00,Mon 08 Nov 2021,506,486,1,3595916,3529005,236549,3832465,3765554,90.6445674020947,89.0620040520206,80
-7.6926,53.28823,2021/11/09 00:00:00+00,Tue 09 Nov 2021,1375,986,1,3597291,3529991,236550,3833841,3766541,90.6771122328356,89.0853483455826,81
-7.6926,53.28823,2021/11/10 00:00:00+00,Wed 10 Nov 2021,1601,1279,0,3598892,3531270,236550,3835442,3767820,90.7149787110449,89.1155989549703,82
-7.6926,53.28823,2021/11/11 00:00:00+00,Thu 11 Nov 2021,1398,1045,1,3600290,3532315,236551,3836841,3768866,90.7480675324159,89.1403387027574,83
-7.6926,53.28823,2021/11/12 00:00:00+00,Fri 12 Nov 2021,1152,1066,5,3601442,3533381,236556,3837998,3769937,90.7754326262874,89.1656697447076,84
-7.6926,53.28823,2021/11/13 00:00:00+00,Sat 13 Nov 2021,1410,1326,0,3602852,3534707,236556,3839408,3771263,90.8087816170902,89.1970319871221,85
-7.6926,53.28823,2021/11/14 00:00:00+00,Sun 14 Nov 2021,1648,1798,0,3604500,3536505,236556,3841056,3773061,90.8477597283264,89.2395578633373,86
-7.6926,53.28823,2021/11/15 00:00:00+00,Mon 15 Nov 2021,1248,548,0,3605748,3537053,236556,3842304,3773609,90.8772771329518,89.2525190313939,87
-7.6926,53.28823,2021/11/16 00:00:00+00,Tue 16 Nov 2021,1322,1016,4,3607070,3538069,236560,3843630,3774629,90.9086393753663,89.2766438332513,88
-7.6926,53.28823,2021/11/17 00:00:00+00,Wed 17 Nov 2021,1502,1043,0,3608572,3539112,236560,3845132,3775672,90.9441643286896,89.3013126257387,89
-7.6926,53.28823,2021/11/18 00:00:00+00,Thu 18 Nov 2021,1642,2422,5,3610214,3541534,236565,3846779,3778099,90.9831187881592,89.3587154630992,90
-7.6926,53.28823,2021/11/19 00:00:00+00,Fri 19 Nov 2021,1166,1448,0,3611380,3542982,236565,3847945,3779547,91.0106967479294,89.39296322103,91
-7.6926,53.28823,2021/11/20 00:00:00+00,Sat 20 Nov 2021,1526,2888,10,3612906,3545870,236575,3849481,3782445,91.0470258613146,89.4615060404247,92
-7.6926,53.28823,2021/11/21 00:00:00+00,Sun 21 Nov 2021,1784,2747,0,3614690,3548617,236575,3851265,3785192,91.0892206127983,89.5264774430737,93
-7.6926,53.28823,2021/11/22 00:00:00+00,Mon 22 Nov 2021,706,459,2,3615396,3549076,236577,3851973,3785653,91.1059660634993,89.5373809074426,94
-7.6926,53.28823,2021/11/23 00:00:00+00,Tue 23 Nov 2021,2162,1523,4,3617558,3550599,236581,3854139,3787180,91.1571957897963,89.573497154929,95
-7.6926,53.28823,2021/11/24 00:00:00+00,Wed 24 Nov 2021,1611,3064,0,3619169,3553663,236581,3855750,3790244,91.195298785671,89.6459661675671,96
-7.6926,53.28823,2021/11/25 00:00:00+00,Thu 25 Nov 2021,989,1098,0,3620158,3554761,236581,3856739,3791342,91.218690382766,89.6719358072135,97
-7.6926,53.28823,2021/11/26 00:00:00+00,Fri 26 Nov 2021,1267,1043,13,3621425,3555804,236594,3858019,3792398,91.2489646439203,89.6969120726658,98
-7.6926,53.28823,2021/11/27 00:00:00+00,Sat 27 Nov 2021,1225,1510,5,3622650,3557314,236599,3859249,3793913,91.2780563167482,89.7327444989539,99
-7.6926,53.28823,2021/11/28 00:00:00+00,Sun 28 Nov 2021,1972,2242,0,3624622,3559556,236599,3861221,3796155,91.3246976003391,89.7857717595069,100
-7.6926,53.28823,2021/11/29 00:00:00+00,Mon 29 Nov 2021,534,949,1,3625156,3560505,236600,3861756,3797105,91.3373512954309,89.8082409377074,101
-7.6926,53.28823,2021/11/30 00:00:00+00,Tue 30 Nov 2021,1923,1573,6,3627079,3562078,236606,3863685,3798684,91.3829755530611,89.8455870770532,102
-7.6926,53.28823,2021/12/01 00:00:00+00,Wed 01 Dec 2021,1118,1296,1,3628197,3563374,236607,3864804,3799981,91.4094418798046,89.8762634182384,103
-7.6926,53.28823,2021/12/02 00:00:00+00,Thu 02 Dec 2021,1760,1333,1,3629957,3564707,236608,3866565,3801315,91.4510926406582,89.9078148747852,104
-7.6926,53.28823,2021/12/03 00:00:00+00,Fri 03 Dec 2021,1010,1110,4,3630967,3565817,236612,3867579,3802429,91.4750755319164,89.934162942696,105
-7.6926,53.28823,2021/12/04 00:00:00+00,Sat 04 Dec 2021,1194,1656,0,3632161,3567473,236612,3868773,3804085,91.5033157411494,89.9733302680644,106
-7.6926,53.28823,2021/12/05 00:00:00+00,Sun 05 Dec 2021,1352,1760,0,3633513,3569233,236612,3870125,3805845,91.5352929294936,90.0149573771515,107
-7.6926,53.28823,2021/12/06 00:00:00+00,Mon 06 Dec 2021,914,1229,0,3634427,3570462,236612,3871039,3807074,91.5569106440991,90.044025398213,108
-7.6926,53.28823,2021/12/07 00:00:00+00,Tue 07 Dec 2021,466,674,1,3634893,3571136,236613,3871506,3807749,91.5679560190671,90.0599903406185,109
-7.6926,53.28823,2021/12/08 00:00:00+00,Wed 08 Dec 2021,794,1379,0,3635687,3572515,236613,3872300,3809128,91.5867355216894,90.092606126659,110
-7.6926,53.28823,2021/12/09 00:00:00+00,Thu 09 Dec 2021,745,1095,0,3636432,3573610,236613,3873045,3810223,91.6043560877518,90.1185048110058,111
-7.6926,53.28823,2021/12/10 00:00:00+00,Fri 10 Dec 2021,834,1478,1,3637266,3575088,236614,3873880,3811702,91.6241053128017,90.1534857736989,112
-7.6926,53.28823,2021/12/11 00:00:00+00,Sat 11 Dec 2021,609,803,0,3637875,3575891,236614,3874489,3812505,91.6385092386165,90.17247814222,113
-7.6926,53.28823,2021/12/12 00:00:00+00,Sun 12 Dec 2021,680,1178,0,3638555,3577069,236614,3875169,3813683,91.6545924398547,90.2003399231885,114
-7.6926,53.28823,2021/12/13 00:00:00+00,Mon 13 Dec 2021,682,949,0,3639237,3578018,236614,3875851,3814632,91.670722944626,90.2227854496224,115
-7.6926,53.28823,2021/12/14 00:00:00+00,Tue 14 Dec 2021,570,1063,1,3639807,3579081,236615,3876422,3815696,91.6842281033128,90.247950929207,116
-7.6926,53.28823,2021/12/15 00:00:00+00,Wed 15 Dec 2021,705,1079,1,3640512,3580160,236616,3877128,3816776,91.7009262504807,90.2734948370559,117
-7.6926,53.28823,2021/12/16 00:00:00+00,Thu 16 Dec 2021,912,1251,7,3641424,3581411,236623,3878047,3818034,91.7226622239188,90.3032487593466,118
-7.6926,53.28823,2020/12/28 00:00:00+00,Mon 28 Dec 2020,121,9,5,121,9,5,126,14,0.00298012258237555,0.000331124731375062,119
-7.6926,53.28823,2020/12/29 00:00:00+00,Tue 29 Dec 2020,69,1,0,190,10,5,195,15,0.00461209447272407,0.000354776497901852,120
-7.6926,53.28823,2020/12/30 00:00:00+00,Wed 30 Dec 2020,1048,0,0,1238,10,5,1243,15,0.0293991457928001,0.000354776497901852,121
-7.6926,53.28823,2020/12/31 00:00:00+00,Thu 31 Dec 2020,1022,1,0,2260,11,5,2265,16,0.0535712511831796,0.000378428264428642,122
-7.6926,53.28823,2021/01/01 00:00:00+00,Fri 01 Jan 2021,794,0,0,3054,11,5,3059,16,0.072350753805451,0.000378428264428642,123
-7.6926,53.28823,2021/01/02 00:00:00+00,Sat 02 Jan 2021,1010,0,0,4064,11,5,4069,16,0.096239037997509,0.000378428264428642,124
-7.6926,53.28823,2021/01/03 00:00:00+00,Sun 03 Jan 2021,15,0,0,4079,11,5,4084,16,0.0965938144954109,0.000378428264428642,125
-7.6926,53.28823,2021/01/04 00:00:00+00,Mon 04 Jan 2021,1171,1,0,5250,12,5,5255,17,0.124290033098282,0.000402080030955432,126
-7.6926,53.28823,2021/01/05 00:00:00+00,Tue 05 Jan 2021,3495,3,0,8745,15,5,8750,20,0.206952957109414,0.000473035330535802,127
-7.6926,53.28823,2021/01/06 00:00:00+00,Wed 06 Jan 2021,6742,2,0,15487,17,5,15492,22,0.366413167033033,0.000520338863589383,128
-7.6926,53.28823,2021/01/07 00:00:00+00,Thu 07 Jan 2021,11701,3,0,27188,20,5,27193,25,0.643162487163004,0.000591294163169753,129
-7.6926,53.28823,2021/01/08 00:00:00+00,Fri 08 Jan 2021,12651,2,0,39839,22,5,39844,27,0.942380985493426,0.000638597696223333,130
-7.6926,53.28823,2021/01/09 00:00:00+00,Sat 09 Jan 2021,8059,2,0,47898,24,5,47903,29,1.13299057193283,0.000685901229276913,131
-7.6926,53.28823,2021/01/10 00:00:00+00,Sun 10 Jan 2021,4755,1,1,52653,25,6,52659,31,1.24547837353424,0.000733204762330494,132
-7.6926,53.28823,2021/01/11 00:00:00+00,Mon 11 Jan 2021,8315,3,0,60968,28,6,60974,34,1.4421428122045,0.000804160061910864,133
-7.6926,53.28823,2021/01/12 00:00:00+00,Tue 12 Jan 2021,8843,4,0,69811,32,6,69817,38,1.65129538360091,0.000898767128018024,134
-7.6926,53.28823,2021/01/13 00:00:00+00,Wed 13 Jan 2021,9846,2,0,79657,34,6,79663,40,1.88417067682368,0.000946070661071605,135
-7.6926,53.28823,2021/01/14 00:00:00+00,Thu 14 Jan 2021,8039,2,0,87696,36,6,87702,42,2.07430722793255,0.000993374194125185,136
-7.6926,53.28823,2021/01/15 00:00:00+00,Fri 15 Jan 2021,7641,2,0,95337,38,6,95343,44,2.25503037596375,0.00104067772717877,137
-7.6926,53.28823,2021/01/16 00:00:00+00,Sat 16 Jan 2021,5202,2,0,100539,40,6,100545,46,2.37806686543611,0.00108798126023235,138
-7.6926,53.28823,2021/01/17 00:00:00+00,Sun 17 Jan 2021,1096,3,0,101635,43,6,101641,49,2.40398920154947,0.00115893655981272,139
-7.6926,53.28823,2021/01/18 00:00:00+00,Mon 18 Jan 2021,8668,4,0,110303,47,6,110309,53,2.60900271380369,0.00125354362591988,140
-7.6926,53.28823,2021/01/19 00:00:00+00,Tue 19 Jan 2021,8347,15,0,118650,62,6,118656,68,2.80642400900281,0.00160832012382173,141
-7.6926,53.28823,2021/01/20 00:00:00+00,Wed 20 Jan 2021,8417,955,0,127067,1017,6,127073,1023,3.0055009278588,0.0241957571569063,142
-7.6926,53.28823,2021/01/21 00:00:00+00,Thu 21 Jan 2021,8947,955,0,136014,1972,6,136020,1978,3.21711328297399,0.0467831941899909,143
-7.6926,53.28823,2021/01/22 00:00:00+00,Fri 22 Jan 2021,6724,961,0,142738,2933,6,142744,2939,3.37614776110013,0.0695125418222362,144
-7.6926,53.28823,2021/01/23 00:00:00+00,Sat 23 Jan 2021,4150,456,0,146888,3389,6,146894,3395,3.47430259218631,0.0802977473584525,145
-7.6926,53.28823,2021/01/24 00:00:00+00,Sun 24 Jan 2021,1164,393,0,148052,3782,6,148058,3788,3.50183324842349,0.089592891603481,146
-7.6926,53.28823,2021/01/25 00:00:00+00,Mon 25 Jan 2021,1323,1281,0,149375,5063,6,149381,5069,3.53312453553844,0.119890804524299,147
-7.6926,53.28823,2021/01/26 00:00:00+00,Tue 26 Jan 2021,977,3492,0,150352,8555,6,150358,8561,3.55623231143511,0.20248277323585,148
-7.6926,53.28823,2021/01/27 00:00:00+00,Wed 27 Jan 2021,2137,6691,0,152489,15246,6,152495,15252,3.60677613650286,0.360736743066603,149
-7.6926,53.28823,2021/01/28 00:00:00+00,Thu 28 Jan 2021,943,11537,0,153432,26783,6,153438,26789,3.62907975233762,0.633607173486181,150
-7.6926,53.28823,2021/01/29 00:00:00+00,Fri 29 Jan 2021,1531,11517,0,154963,38300,6,154969,38306,3.66529060689014,0.906004568575222,151
-7.6926,53.28823,2021/01/30 00:00:00+00,Sat 30 Jan 2021,597,7792,0,155560,46092,6,155566,46098,3.67941071150663,1.09029913335197,152
-7.6926,53.28823,2021/01/31 00:00:00+00,Sun 31 Jan 2021,204,4079,0,155764,50171,6,155770,50177,3.6842356718781,1.18677468901475,153
-7.6926,53.28823,2021/02/01 00:00:00+00,Mon 01 Feb 2021,970,8328,0,156734,58499,6,156740,58505,3.70717788540908,1.38374660064986,154
-7.6926,53.28823,2021/02/02 00:00:00+00,Tue 02 Feb 2021,786,5094,0,157520,63593,6,157526,63599,3.72576817389914,1.50422869933732,155
-7.6926,53.28823,2021/02/03 00:00:00+00,Wed 03 Feb 2021,1357,6855,0,158877,70448,6,158883,70454,3.75786362107599,1.66636155887847,156
-7.6926,53.28823,2021/02/04 00:00:00+00,Thu 04 Feb 2021,1382,10528,0,160259,80976,6,160265,80982,3.79055036241602,1.91536735687252,157
-7.6926,53.28823,2021/02/05 00:00:00+00,Fri 05 Feb 2021,3354,8597,0,163613,89573,6,163619,89579,3.86987838734687,2.11870159370333,158
-7.6926,53.28823,2021/02/06 00:00:00+00,Sat 06 Feb 2021,871,3859,0,164484,93432,6,164490,93438,3.89047907599171,2.20997376073022,159
-7.6926,53.28823,2021/02/07 00:00:00+00,Sun 07 Feb 2021,303,1291,0,164787,94723,6,164793,94729,3.89764556124932,2.2405081913163,160
-7.6926,53.28823,2021/02/08 00:00:00+00,Mon 08 Feb 2021,1122,868,0,165909,95591,6,165915,95597,3.92418284329238,2.26103792466156,161
-7.6926,53.28823,2021/02/09 00:00:00+00,Tue 09 Feb 2021,4191,527,0,170100,96118,6,170106,96124,4.02330739680616,2.27350240562117,162
-7.6926,53.28823,2021/02/10 00:00:00+00,Wed 10 Feb 2021,8786,573,0,178886,96691,6,178892,96697,4.23111181751054,2.28705486784102,163
-7.6926,53.28823,2021/02/11 00:00:00+00,Thu 11 Feb 2021,6127,429,0,185013,97120,6,185019,97126,4.37602619102018,2.29720147568102,164
-7.6926,53.28823,2021/02/12 00:00:00+00,Fri 12 Feb 2021,4353,514,0,189366,97634,6,189372,97640,4.4789823307113,2.30935848367579,165
-7.6926,53.28823,2021/02/13 00:00:00+00,Sat 13 Feb 2021,1178,1908,0,190544,99542,6,190550,99548,4.50684411167986,2.3544860542089,166
-7.6926,53.28823,2021/02/14 00:00:00+00,Sun 14 Feb 2021,2670,17,0,193214,99559,6,193220,99565,4.56999432830639,2.35488813423986,167
-7.6926,53.28823,2021/02/15 00:00:00+00,Mon 15 Feb 2021,1920,7861,0,195134,107420,6,195140,107426,4.61540572003782,2.54081467090696,168
-7.6926,53.28823,2021/02/16 00:00:00+00,Tue 16 Feb 2021,5592,8139,0,200726,115559,6,200732,115565,4.74766639845563,2.7333163986685,169
-7.6926,53.28823,2021/02/17 00:00:00+00,Wed 17 Feb 2021,9696,8455,0,210422,124014,6,210428,124020,4.97699392669939,2.93329208465251,170
-7.6926,53.28823,2021/02/18 00:00:00+00,Thu 18 Feb 2021,8423,8322,0,218845,132336,6,218851,132342,5.17621275615454,3.13012208568846,171
-7.6926,53.28823,2021/02/19 00:00:00+00,Fri 19 Feb 2021,9359,6561,0,228204,138897,6,228210,138903,5.39756963907877,3.28530132587073,172
-7.6926,53.28823,2021/02/20 00:00:00+00,Sat 20 Feb 2021,5852,3557,1,234056,142454,7,234063,142461,5.53600342856008,3.36945431117305,173
-7.6926,53.28823,2021/02/21 00:00:00+00,Sun 21 Feb 2021,1081,1016,4,235137,143470,11,235148,143481,5.56166559524164,3.39357911303037,174
-7.6926,53.28823,2021/02/22 00:00:00+00,Mon 22 Feb 2021,3904,1097,1,239041,144567,12,239053,144579,5.65402574352876,3.41954875267679,175
-7.6926,53.28823,2021/02/23 00:00:00+00,Tue 23 Feb 2021,13317,1051,0,252358,145618,12,252370,145630,5.96899631836602,3.44440675929645,176
-7.6926,53.28823,2021/02/24 00:00:00+00,Wed 24 Feb 2021,16875,2078,2,269233,147696,14,269247,147710,6.36816718203866,3.49360243367217,177
-7.6926,53.28823,2021/02/25 00:00:00+00,Thu 25 Feb 2021,18001,1733,1,287234,149429,15,287249,149444,6.79394628305393,3.53461459682962,178
-7.6926,53.28823,2021/02/26 00:00:00+00,Fri 26 Feb 2021,16029,2740,0,303263,152169,15,303278,152184,7.17306044871185,3.59942043711303,179
-7.6926,53.28823,2021/02/27 00:00:00+00,Sat 27 Feb 2021,8935,697,1,312198,152866,16,312214,152882,7.38441263439525,3.61592937014873,180
-7.6926,53.28823,2021/02/28 00:00:00+00,Sun 28 Feb 2021,2413,45,1,314611,152911,17,314628,152928,7.44150799879092,3.61701735140896,181
-7.6926,53.28823,2021/03/01 00:00:00+00,Mon 01 Mar 2021,5528,773,0,320139,153684,17,320156,153701,7.57225496415102,3.63530016693417,182
-7.6926,53.28823,2021/03/02 00:00:00+00,Tue 02 Mar 2021,12114,1586,0,332253,155270,17,332270,155287,7.85877246385655,3.67281186864566,183
-7.6926,53.28823,2021/03/03 00:00:00+00,Wed 03 Mar 2021,12782,1483,1,345035,156753,18,345053,156771,8.16111299536851,3.70791109017141,184
-7.6926,53.28823,2021/03/04 00:00:00+00,Thu 04 Mar 2021,18644,1669,1,363679,158422,19,363698,158441,8.60210018226051,3.74740954027115,185
-7.6926,53.28823,2021/03/05 00:00:00+00,Fri 05 Mar 2021,18361,2375,2,382040,160797,21,382061,160818,9.03641757099196,3.80362978930533,186
-7.6926,53.28823,2021/03/06 00:00:00+00,Sat 06 Mar 2021,10360,124,0,392400,160921,21,392421,160942,9.28144987220951,3.80656260835466,187
-7.6926,53.28823,2021/03/07 00:00:00+00,Sun 07 Mar 2021,1477,6,0,393877,160927,21,393898,160948,9.31638353136957,3.80670451895382,188
-7.6926,53.28823,2021/03/08 00:00:00+00,Mon 08 Mar 2021,6581,1477,1,400458,162404,22,400480,162426,9.47205945864891,3.84166182988041,189
-7.6926,53.28823,2021/03/09 00:00:00+00,Tue 09 Mar 2021,13722,3080,2,414180,165484,24,414204,165508,9.79665630246257,3.91455657431598,190
-7.6926,53.28823,2021/03/10 00:00:00+00,Wed 10 Mar 2021,13627,3962,0,427807,169446,24,427831,169470,10.1189589249231,4.00826487329512,191
-7.6926,53.28823,2021/03/11 00:00:00+00,Thu 11 Mar 2021,18360,2077,0,446167,171523,24,446191,171547,10.553205358355,4.05738959237126,192
-7.6926,53.28823,2021/03/12 00:00:00+00,Fri 12 Mar 2021,17224,1317,2,463391,172840,26,463417,172866,10.9606306885455,4.0885862724201,193
-7.6926,53.28823,2021/03/13 00:00:00+00,Sat 13 Mar 2021,8214,158,0,471605,172998,26,471631,173024,11.1549062987966,4.09232325153133,194
-7.6926,53.28823,2021/03/14 00:00:00+00,Sun 14 Mar 2021,328,9,1,471933,173007,27,471960,173034,11.1626877299839,4.0925597691966,195
-7.6926,53.28823,2021/03/15 00:00:00+00,Mon 15 Mar 2021,2547,967,0,474480,173974,27,474507,174001,11.2229287793276,4.11543102742801,196
-7.6926,53.28823,2021/03/16 00:00:00+00,Tue 16 Mar 2021,8847,3786,0,483327,177760,27,483354,177787,11.4321759577901,4.20497661549843,197
-7.6926,53.28823,2021/03/17 00:00:00+00,Wed 17 Mar 2021,4815,2387,5,488142,180147,32,488174,180179,11.5461774724492,4.26155164103052,198
-7.6926,53.28823,2021/03/18 00:00:00+00,Thu 18 Mar 2021,11617,4656,1,499759,184803,33,499792,184836,11.8209636959575,4.37169791774578,199
-7.6926,53.28823,2021/03/19 00:00:00+00,Fri 19 Mar 2021,10235,6092,1,509994,190895,34,510028,190929,12.0630631781257,4.51580813119351,200
-7.6926,53.28823,2021/03/20 00:00:00+00,Sat 20 Mar 2021,5123,3090,2,515117,193985,36,515153,194021,12.1842784815755,4.58893939329435,201
-7.6926,53.28823,2021/03/21 00:00:00+00,Sun 21 Mar 2021,3557,40,0,518674,194025,36,518710,194061,12.2684078151113,4.58988546395542,202
-7.6926,53.28823,2021/03/22 00:00:00+00,Mon 22 Mar 2021,7301,2370,0,525975,196395,36,526011,196431,12.4410893625234,4.64594015062391,203
-7.6926,53.28823,2021/03/23 00:00:00+00,Tue 23 Mar 2021,12436,7353,1,538411,203748,37,538448,203785,12.7352463828171,4.81987524166192,204
-7.6926,53.28823,2021/03/24 00:00:00+00,Wed 24 Mar 2021,13501,9741,0,551912,213489,37,551949,213526,13.0545688826953,5.05026709939939,205
-7.6926,53.28823,2021/03/25 00:00:00+00,Thu 25 Mar 2021,20744,10179,2,572656,223668,39,572695,223707,13.5452484310601,5.29106573440864,206
-7.6926,53.28823,2021/03/26 00:00:00+00,Fri 26 Mar 2021,19577,9441,1,592233,233109,40,592273,233149,14.0083027161216,5.51438571395459,207
-7.6926,53.28823,2021/03/27 00:00:00+00,Sat 27 Mar 2021,11626,5299,1,603859,238408,41,603900,238449,14.2833018055286,5.63974007654658,208
-7.6926,53.28823,2021/03/28 00:00:00+00,Sun 28 Mar 2021,2420,463,0,606279,238871,41,606320,238912,14.3405390805234,5.65069084444848,209
-7.6926,53.28823,2021/03/28 23:00:00+00,Mon 29 Mar 2021,9152,3070,1,615431,241941,42,615473,241983,14.5570236995431,5.72332541945225,210
-7.6926,53.28823,2021/03/29 23:00:00+00,Tue 30 Mar 2021,13217,8616,1,628648,250557,43,628691,250600,14.8696527494942,5.9271326916136,211
-7.6926,53.28823,2021/03/30 23:00:00+00,Wed 31 Mar 2021,15665,10430,0,644313,260987,43,644356,261030,15.2401576721364,6.17382061648803,212
-7.6926,53.28823,2021/03/31 23:00:00+00,Thu 01 Apr 2021,19557,11574,0,663870,272561,43,663913,272604,15.7027152701008,6.44756616226909,213
-7.6926,53.28823,2021/04/01 23:00:00+00,Fri 02 Apr 2021,20020,13672,4,683890,286233,47,683937,286280,16.1763182430333,6.77102772128948,214
-7.6926,53.28823,2021/04/02 23:00:00+00,Sat 03 Apr 2021,7441,4602,0,691331,290835,47,691378,290882,16.3523110377591,6.87987315084576,215
-7.6926,53.28823,2021/04/03 23:00:00+00,Sun 04 Apr 2021,2945,153,0,694276,290988,47,694323,291035,16.4219654901805,6.88349187112436,216
-7.6926,53.28823,2021/04/04 23:00:00+00,Mon 05 Apr 2021,3341,572,1,697617,291560,48,697665,291608,16.501009693913,6.89704433334421,217
-7.6926,53.28823,2021/04/05 23:00:00+00,Tue 06 Apr 2021,11847,8113,3,709464,299673,51,709515,299724,16.7812831272555,7.08900207047564,218
-7.6926,53.28823,2021/04/06 23:00:00+00,Wed 07 Apr 2021,18203,10417,1,727667,310090,52,727719,310142,17.2118398851092,7.33540617415174,219
-7.6926,53.28823,2021/04/07 23:00:00+00,Thu 08 Apr 2021,20035,10513,1,747702,320603,53,747755,320656,17.6857266792399,7.58408084741441,220
-7.6926,53.28823,2021/04/08 23:00:00+00,Fri 09 Apr 2021,20577,9099,2,768279,329702,55,768334,329757,18.1724563825948,7.79933557457473,221
-7.6926,53.28823,2021/04/09 23:00:00+00,Sat 10 Apr 2021,11043,4130,3,779322,333832,58,779380,333890,18.4337137956497,7.89708832562995,222
-7.6926,53.28823,2021/04/10 23:00:00+00,Sun 11 Apr 2021,2786,323,0,782108,334155,58,782166,334213,18.4996076171933,7.90472784621811,223
-7.6926,53.28823,2021/04/11 23:00:00+00,Mon 12 Apr 2021,7663,2719,5,789771,336874,63,789834,336937,18.6809693629207,7.96915525823708,224
-7.6926,53.28823,2021/04/12 23:00:00+00,Tue 13 Apr 2021,11389,8524,0,801160,345398,63,801223,345461,18.9503393318944,8.17076291611144,225
-7.6926,53.28823,2021/04/13 23:00:00+00,Wed 14 Apr 2021,20213,6539,2,821373,351937,65,821438,352002,19.4284597922334,8.32546912096318,226
-7.6926,53.28823,2021/04/14 23:00:00+00,Thu 15 Apr 2021,26979,10727,1,848352,362664,66,848418,362730,20.0665844531262,8.57920527226258,227
-7.6926,53.28823,2021/04/15 23:00:00+00,Fri 16 Apr 2021,27835,9762,1,876187,372426,67,876254,372493,20.724955026166,8.81011746886363,228
-7.6926,53.28823,2021/04/16 23:00:00+00,Sat 17 Apr 2021,15718,4491,1,891905,376917,68,891973,376985,21.0967371442006,8.91636120410197,229
-7.6926,53.28823,2021/04/17 23:00:00+00,Sun 18 Apr 2021,998,438,0,892903,377355,68,892971,377423,21.1203416071943,8.92672067784071,230
-7.6926,53.28823,2021/04/18 23:00:00+00,Mon 19 Apr 2021,6634,2185,0,899537,379540,68,899605,379608,21.277247426333,8.97839978770174,231
-7.6926,53.28823,2021/04/19 23:00:00+00,Tue 20 Apr 2021,14947,7238,0,914484,386778,68,914552,386846,21.630770380609,9.14959127382265,232
-7.6926,53.28823,2021/04/20 23:00:00+00,Wed 21 Apr 2021,26542,9781,0,941026,396559,68,941094,396627,22.258535567763,9.38092920222118,233
-7.6926,53.28823,2021/04/21 23:00:00+00,Thu 22 Apr 2021,31481,12102,0,972507,408661,68,972575,408729,23.0031168297929,9.6671628807284,234
-7.6926,53.28823,2021/04/22 23:00:00+00,Fri 23 Apr 2021,33445,12316,0,1005952,420977,68,1006020,421045,23.7941501612814,9.95845803727235,235
-7.6926,53.28823,2021/04/23 23:00:00+00,Sat 24 Apr 2021,23546,6932,0,1029498,427909,68,1029566,427977,24.3510546559212,10.1224120828361,236
-7.6926,53.28823,2021/04/24 23:00:00+00,Sun 25 Apr 2021,9670,247,1,1039168,428156,69,1039237,428225,24.5797908900018,10.1282777209347,237
-7.6926,53.28823,2021/04/25 23:00:00+00,Mon 26 Apr 2021,15444,2972,1,1054612,431128,70,1054682,431198,24.9450924240081,10.1985944228188,238
-7.6926,53.28823,2021/04/26 23:00:00+00,Tue 27 Apr 2021,25766,7729,2,1080378,438857,72,1080450,438929,25.5545511438704,10.3814462298375,239
-7.6926,53.28823,2021/04/27 23:00:00+00,Wed 28 Apr 2021,25891,8512,1,1106269,447369,73,1106342,447442,26.166942682782,10.58279371828,240
-7.6926,53.28823,2021/04/28 23:00:00+00,Thu 29 Apr 2021,31564,11242,0,1137833,458611,73,1137906,458684,26.9134870414336,10.8486868775742,241
-7.6926,53.28823,2021/04/29 23:00:00+00,Fri 30 Apr 2021,35944,13455,0,1173777,472066,73,1173850,472139,27.7636261374726,11.1669213961922,242
-7.6926,53.28823,2021/04/30 23:00:00+00,Sat 01 May 2021,16395,6615,0,1190172,478681,73,1190245,478754,28.1513968496793,11.3233778317669,243
-7.6926,53.28823,2021/05/01 23:00:00+00,Sun 02 May 2021,12317,866,1,1202489,479547,74,1202563,479621,28.4427393097563,11.3438839133456,244
-7.6926,53.28823,2021/05/02 23:00:00+00,Mon 03 May 2021,14109,853,3,1216598,480400,77,1216675,480477,28.7765130389824,11.3641298254925,245
-7.6926,53.28823,2021/05/03 23:00:00+00,Tue 04 May 2021,26457,6698,1,1243055,487098,78,1243133,487176,29.4022914777482,11.5225730094555,246
-7.6926,53.28823,2021/05/04 23:00:00+00,Wed 05 May 2021,31878,13337,63,1274933,500435,141,1275074,500576,30.1577525523804,11.8395066809145,247
-7.6926,53.28823,2021/05/05 23:00:00+00,Thu 06 May 2021,37083,14280,120,1312016,514715,261,1312277,514976,31.0376692224766,12.1800921189003,248
-7.6926,53.28823,2021/05/06 23:00:00+00,Fri 07 May 2021,40377,14975,81,1352393,529690,342,1352735,530032,31.9945723926174,12.5361931157276,249
-7.6926,53.28823,2021/05/07 23:00:00+00,Sat 08 May 2021,25414,6966,2,1377807,536656,344,1378151,537000,32.5957056906623,12.7009986248863,250
-7.6926,53.28823,2021/05/08 23:00:00+00,Sun 09 May 2021,19551,872,0,1397358,537528,344,1397702,537872,33.0581213780276,12.7216229652977,251
-7.6926,53.28823,2021/05/09 23:00:00+00,Mon 10 May 2021,28612,4537,159,1425970,542065,503,1426473,542568,33.7386063527699,12.8326916609075,252
-7.6926,53.28823,2021/05/10 23:00:00+00,Tue 11 May 2021,34131,14729,145,1460101,556794,648,1460749,557442,34.5492943022421,13.1844880362269,253
-7.6926,53.28823,2021/05/11 23:00:00+00,Wed 12 May 2021,31043,20823,148,1491144,577617,796,1491940,578413,35.2870165519792,13.6804892320603,254
-7.6926,53.28823,2021/05/12 23:00:00+00,Thu 13 May 2021,35776,25392,135,1526920,603009,931,1527851,603940,36.1363751397228,14.2842478761896,255
-7.6926,53.28823,2021/05/13 23:00:00+00,Fri 14 May 2021,37982,27868,221,1564902,630877,1152,1566054,632029,37.0399435763458,14.9486023461606,256
-7.6926,53.28823,2021/05/14 23:00:00+00,Sat 15 May 2021,28627,12355,3,1593529,643232,1155,1594684,644387,37.7170936520078,15.2408908768987,257
-7.6926,53.28823,2021/05/15 23:00:00+00,Sun 16 May 2021,23012,1114,1,1616541,644346,1156,1617697,645502,38.2613917550888,15.2672625965761,258
-7.6926,53.28823,2021/05/16 23:00:00+00,Mon 17 May 2021,35195,3867,103,1651736,648213,1259,1652995,649472,39.0962518099514,15.3611601096874,259
-7.6926,53.28823,2021/05/17 23:00:00+00,Tue 18 May 2021,38808,12380,111,1690544,660593,1370,1691914,661963,40.0167549114076,15.6565943253736,260
-7.6926,53.28823,2021/05/18 23:00:00+00,Wed 19 May 2021,36779,17493,194,1727323,678086,1564,1728887,679650,40.8912316752026,16.0749231199329,261
-7.6926,53.28823,2021/05/19 23:00:00+00,Thu 20 May 2021,38850,19554,108,1766173,697640,1672,1767845,699312,41.8126571955533,16.5399641533827,262
-7.6926,53.28823,2021/05/20 23:00:00+00,Fri 21 May 2021,25590,23119,14908,1791763,720759,16580,1808343,737339,42.7705064363552,17.4393698790969,263
-7.6926,53.28823,2021/05/21 23:00:00+00,Sat 22 May 2021,16388,10170,13490,1808151,730929,30070,1838221,760999,43.4771739166427,17.9989706751208,264
-7.6926,53.28823,2021/05/22 23:00:00+00,Sun 23 May 2021,8066,5477,10191,1816217,736406,40261,1856478,776667,43.9089842181223,18.3695465530625,265
-7.6926,53.28823,2021/05/23 23:00:00+00,Mon 24 May 2021,22309,8104,8426,1838526,744510,48687,1887213,793197,44.6359212623232,18.7605102537503,266
-7.6926,53.28823,2021/05/24 23:00:00+00,Tue 25 May 2021,30058,16378,3206,1868584,760888,51893,1920477,812781,45.4226736240703,19.223706449411,267
-7.6926,53.28823,2021/05/25 23:00:00+00,Wed 26 May 2021,19682,25308,3029,1888266,786196,54922,1943188,841118,45.9598288936602,19.8939265574807,268
-7.6926,53.28823,2021/05/26 23:00:00+00,Thu 27 May 2021,16738,35866,540,1905004,822062,55462,1960466,877524,46.3684841157101,20.754992769655,269
-7.6926,53.28823,2021/05/27 23:00:00+00,Fri 28 May 2021,26754,31714,1515,1931758,853776,56977,1988735,910753,47.0370959036559,21.5409173195737,270
-7.6926,53.28823,2021/05/28 23:00:00+00,Sat 29 May 2021,24255,7317,494,1956013,861093,57471,2013484,918564,47.6224534734275,21.7256612679144,271
-7.6926,53.28823,2021/05/29 23:00:00+00,Sun 30 May 2021,24075,1611,184,1980088,862704,57655,2037743,920359,48.1962216776009,21.76811618883,272
-7.6926,53.28823,2021/05/30 23:00:00+00,Mon 31 May 2021,22281,7227,3411,2002369,869931,61066,2063435,930997,48.8038828632072,22.019723681142,273
-7.6926,53.28823,2021/05/31 23:00:00+00,Tue 01 Jun 2021,27176,11371,3618,2029545,881302,64684,2094229,945986,49.5322153616331,22.3742400096121,274
-7.6926,53.28823,2021/06/01 23:00:00+00,Wed 02 Jun 2021,18371,20764,3971,2047916,902066,68655,2116571,970721,50.0606431293747,22.9592664546522,275
-7.6926,53.28823,2021/06/02 23:00:00+00,Thu 03 Jun 2021,16437,30556,1951,2064353,932622,70606,2134959,1003228,50.4955518122693,23.7281144291386,276
-7.6926,53.28823,2021/06/03 23:00:00+00,Fri 04 Jun 2021,28758,23209,117,2093111,955831,70723,2163834,1026554,51.1784965707304,24.2798155351425,277
-7.6926,53.28823,2021/06/04 23:00:00+00,Sat 05 Jun 2021,20684,11367,2,2113795,967198,70725,2184520,1037923,51.6677570131036,24.5487124687856,278
-7.6926,53.28823,2021/06/05 23:00:00+00,Sun 06 Jun 2021,19735,3808,8,2133530,971006,70733,2204263,1041739,52.134713839642,24.6389676098518,279
-7.6926,53.28823,2021/06/06 23:00:00+00,Mon 07 Jun 2021,19532,4414,2,2153062,975420,70735,2223797,1046155,52.5967274469763,24.7434138108341,280
-7.6926,53.28823,2021/06/07 23:00:00+00,Tue 08 Jun 2021,26267,18379,13,2179329,993799,70748,2250077,1064547,53.2182958713003,25.1784171007948,281
-7.6926,53.28823,2021/06/08 23:00:00+00,Wed 09 Jun 2021,32581,19944,143,2211910,1013743,70891,2282801,1084634,53.992276279123,25.6535101350185,282
-7.6926,53.28823,2021/06/09 23:00:00+00,Thu 10 Jun 2021,27409,27319,234,2239319,1041062,71125,2310444,1112187,54.6460820612231,26.3051872581311,283
-7.6926,53.28823,2021/06/10 23:00:00+00,Fri 11 Jun 2021,26188,32731,5,2265507,1073793,71130,2336637,1144923,55.2655927818593,27.0794514871521,284
-7.6926,53.28823,2021/06/11 23:00:00+00,Sat 12 Jun 2021,11953,19568,75,2277460,1093361,71205,2348665,1164566,55.5500762296435,27.5440431370379,285
-7.6926,53.28823,2021/06/12 23:00:00+00,Sun 13 Jun 2021,8399,18077,808,2285859,1111438,72013,2357872,1183451,55.7678380440557,27.9907067478963,286
-7.6926,53.28823,2021/06/13 23:00:00+00,Mon 14 Jun 2021,15773,31107,11,2301632,1142545,72024,2373656,1214569,56.1411575269145,28.7267024186769,287
-7.6926,53.28823,2021/06/14 23:00:00+00,Tue 15 Jun 2021,14423,41302,178,2316055,1183847,72202,2388257,1256049,56.4864969699722,29.7077776942082,288
-7.6926,53.28823,2021/06/15 23:00:00+00,Wed 16 Jun 2021,13151,48115,190,2329206,1231962,72392,2401598,1304354,56.8020351872061,30.8502762762848,289
-7.6926,53.28823,2021/06/16 23:00:00+00,Thu 17 Jun 2021,21282,42443,497,2350488,1274405,72889,2423377,1347294,57.3171470103931,31.8658831309452,290
-7.6926,53.28823,2021/06/17 23:00:00+00,Fri 18 Jun 2021,11807,49827,521,2362295,1324232,73410,2435705,1397642,57.6087259881353,33.056702272036,291
-7.6926,53.28823,2021/06/18 23:00:00+00,Sat 19 Jun 2021,6075,32616,400,2368370,1356848,73810,2442180,1430658,57.7618711763963,33.8375889956845,292
-7.6926,53.28823,2021/06/19 23:00:00+00,Sun 20 Jun 2021,8346,26014,158,2376716,1382862,73968,2450684,1456830,57.9630057989401,34.4566030292237,293
-7.6926,53.28823,2021/06/20 23:00:00+00,Mon 21 Jun 2021,15215,32116,533,2391931,1414978,74501,2466432,1489479,58.335473818204,35.2288095545568,294
-7.6926,53.28823,2021/06/21 23:00:00+00,Tue 22 Jun 2021,14882,43320,686,2406813,1458298,75187,2482000,1533485,58.7036845194931,36.2696291923347,295
-7.6926,53.28823,2021/06/22 23:00:00+00,Wed 23 Jun 2021,19800,39125,850,2426613,1497423,76037,2502650,1573460,59.1920934982713,37.2151085592432,296
-7.6926,53.28823,2021/06/23 23:00:00+00,Thu 24 Jun 2021,18786,44007,999,2445399,1541430,77036,2522435,1618466,59.6600436990038,38.2795799635479,297
-7.6926,53.28823,2021/06/24 23:00:00+00,Fri 25 Jun 2021,14927,49880,786,2460326,1591310,77822,2538148,1669132,60.0316839064393,39.4779203663943,298
-7.6926,53.28823,2021/06/25 23:00:00+00,Sat 26 Jun 2021,8803,30310,452,2469129,1621620,78274,2547403,1699894,60.2505810056447,40.2054960082914,299
-7.6926,53.28823,2021/06/26 23:00:00+00,Sun 27 Jun 2021,8570,30295,32,2477699,1651915,78306,2556005,1730221,60.4540335013082,40.9227831317493,300
-7.6926,53.28823,2021/06/27 23:00:00+00,Mon 28 Jun 2021,23994,24381,453,2501693,1676296,78759,2580452,1755055,61.0322482375886,41.5101511016756,301
-7.6926,53.28823,2021/06/28 23:00:00+00,Tue 29 Jun 2021,27860,30726,755,2529553,1707022,79514,2609067,1786536,61.7090435367527,42.2547323637055,302
-7.6926,53.28823,2021/06/29 23:00:00+00,Wed 30 Jun 2021,22254,36529,530,2551807,1743551,80044,2631851,1823595,62.2479253852991,43.1312431794218,303
-7.6926,53.28823,2021/06/30 23:00:00+00,Thu 01 Jul 2021,14590,48067,584,2566397,1791618,80628,2647025,1872246,62.6068172905766,44.2819252727167,304
-7.6926,53.28823,2021/07/01 23:00:00+00,Fri 02 Jul 2021,13349,46990,769,2579746,1838608,81397,2661143,1920005,62.9407329304018,45.4115099902697,305
-7.6926,53.28823,2021/07/02 23:00:00+00,Sat 03 Jul 2021,9097,30188,457,2588843,1868796,81854,2670697,1950650,63.1667019077988,46.1363183754831,306
-7.6926,53.28823,2021/07/03 23:00:00+00,Sun 04 Jul 2021,6282,27638,195,2595125,1896434,82049,2677174,1978483,63.3198943995928,46.7946179932233,307
-7.6926,53.28823,2021/07/04 23:00:00+00,Mon 05 Jul 2021,15237,33081,5301,2610362,1929515,87350,2697712,2016865,63.80565438052,47.7024200960546,308
-7.6926,53.28823,2021/07/05 23:00:00+00,Tue 06 Jul 2021,12117,48091,5436,2622479,1977606,92786,2715265,2070392,64.2208138383648,48.968428202934,309
-7.6926,53.28823,2021/07/06 23:00:00+00,Wed 07 Jul 2021,19417,43406,4989,2641896,2021012,97775,2739671,2118787,64.7980588522176,50.1130554439981,310
-7.6926,53.28823,2021/07/07 23:00:00+00,Thu 08 Jul 2021,17530,45293,5942,2659426,2066305,103717,2763143,2170022,65.3532131161344,51.3248537019982,311
-7.6926,53.28823,2021/07/08 23:00:00+00,Fri 09 Jul 2021,13287,44783,6491,2672713,2111088,110208,2782921,2221296,65.8209977545013,52.5375743788928,312
-7.6926,53.28823,2021/07/09 23:00:00+00,Sat 10 Jul 2021,8417,23574,4316,2681130,2134662,114524,2795654,2249186,66.1221556976869,53.197222147325,313
-7.6926,53.28823,2021/07/10 23:00:00+00,Sun 11 Jul 2021,15094,15943,2129,2696224,2150605,116653,2812877,2267258,66.5295100725778,53.6246568719971,314
-7.6926,53.28823,2021/07/11 23:00:00+00,Mon 12 Jul 2021,16919,31420,6036,2713143,2182025,122689,2835832,2304714,67.0724363732003,54.5105574390246,315
-7.6926,53.28823,2021/07/12 23:00:00+00,Tue 13 Jul 2021,19884,36201,8444,2733027,2218226,131133,2864160,2349359,67.7424436153712,55.5664905556131,316
-7.6926,53.28823,2021/07/13 23:00:00+00,Wed 14 Jul 2021,20583,35323,9282,2753610,2253549,140415,2894025,2393964,68.4488036226938,56.6214776015406,317
-7.6926,53.28823,2021/07/14 23:00:00+00,Thu 15 Jul 2021,23398,28474,9523,2777008,2282023,149938,2926946,2431961,69.2274434285222,57.520173774259,318
-7.6926,53.28823,2021/07/15 23:00:00+00,Fri 16 Jul 2021,23346,27034,9117,2800354,2309057,159055,2959409,2468112,69.9952507252814,58.375208785969,319
-7.6926,53.28823,2021/07/16 23:00:00+00,Sat 17 Jul 2021,11355,19126,4631,2811709,2328183,163686,2975395,2491869,70.3733478649787,58.937103803346,320
-7.6926,53.28823,2021/07/17 23:00:00+00,Sun 18 Jul 2021,16738,15599,1908,2828447,2343782,165594,2994041,2509376,70.8143587036372,59.3511752799305,321
-7.6926,53.28823,2021/07/18 23:00:00+00,Mon 19 Jul 2021,24664,18063,6190,2853111,2361845,171784,3024895,2533629,71.5441103080548,59.9248015735047,322
-7.6926,53.28823,2021/07/19 23:00:00+00,Tue 20 Jul 2021,30376,17760,7652,2883487,2379605,179436,3062923,2559041,72.4435396855356,60.5258402644835,323
-7.6926,53.28823,2021/07/20 23:00:00+00,Wed 21 Jul 2021,30095,19471,6831,2913582,2399076,186267,3099849,2585343,73.3169048163038,61.1479290276711,324
-7.6926,53.28823,2021/07/21 23:00:00+00,Thu 22 Jul 2021,33323,15553,6880,2946905,2414629,193147,3140052,2607776,74.2677767859804,61.6785091061666,325
-7.6926,53.28823,2021/07/22 23:00:00+00,Fri 23 Jul 2021,26904,20450,5548,2973809,2435079,198695,3172504,2633774,75.0353239133078,62.2934077323301,326
-7.6926,53.28823,2021/07/23 23:00:00+00,Sat 24 Jul 2021,15309,14496,2232,2989118,2449575,200927,3190045,2650502,75.4501995499542,62.6890544827903,327
-7.6926,53.28823,2021/07/24 23:00:00+00,Sun 25 Jul 2021,14627,13460,1016,3003745,2463035,201943,3205688,2664978,75.8201841337328,63.0314374550321,328
-7.6926,53.28823,2021/07/25 23:00:00+00,Mon 26 Jul 2021,23674,17818,3371,3027419,2480853,205314,3232733,2686167,76.4598461594498,63.5325947359682,329
-7.6926,53.28823,2021/07/26 23:00:00+00,Tue 27 Jul 2021,25297,23449,3609,3052716,2504302,208923,3261639,2713225,77.1435241226732,64.1725642346501,330
-7.6926,53.28823,2021/07/27 23:00:00+00,Wed 28 Jul 2021,23259,24915,3225,3075975,2529217,212148,3288123,2741365,77.7699175073687,64.838124944714,331
-7.6926,53.28823,2021/07/28 23:00:00+00,Thu 29 Jul 2021,19117,27503,2920,3095092,2556720,215068,3310160,2771788,78.2911314863196,65.5576826377585,332
-7.6926,53.28823,2021/07/29 23:00:00+00,Fri 30 Jul 2021,21769,22549,2080,3116861,2579269,217148,3334009,2796417,78.855202466217,66.1402019955468,333
-7.6926,53.28823,2021/07/30 23:00:00+00,Sat 31 Jul 2021,13624,12184,883,3130485,2591453,218031,3348516,2809484,79.1983186432211,66.4492596287524,334
-7.6926,53.28823,2021/07/31 23:00:00+00,Sun 01 Aug 2021,10978,9136,355,3141463,2600589,218386,3359849,2818975,79.4663641132693,66.6737385448582,335
-7.6926,53.28823,2021/08/01 23:00:00+00,Mon 02 Aug 2021,14875,15631,394,3156338,2616220,218780,3375118,2835000,79.8275029363668,67.05275810345,336
-7.6926,53.28823,2021/08/02 23:00:00+00,Tue 03 Aug 2021,17193,25095,1084,3173531,2641315,219864,3393395,2861179,80.259786273177,67.6719376993548,337
-7.6926,53.28823,2021/08/03 23:00:00+00,Wed 04 Aug 2021,21946,16929,1555,3195477,2658244,221419,3416896,2879663,80.8156264383231,68.109116951836,338
-7.6926,53.28823,2021/08/04 23:00:00+00,Thu 05 Aug 2021,13372,29708,1402,3208849,2687952,222821,3431670,2910773,81.1650576369898,68.8449234084845,339
-7.6926,53.28823,2021/08/05 23:00:00+00,Fri 06 Aug 2021,12032,24423,923,3220881,2712375,223744,3444625,2936119,81.4714662723444,69.4444010828725,340
-7.6926,53.28823,2021/08/06 23:00:00+00,Sat 07 Aug 2021,6252,8198,560,3227133,2720573,224304,3451437,2944877,81.6325821059249,69.6515432541141,341
-7.6926,53.28823,2021/08/07 23:00:00+00,Sun 08 Aug 2021,8547,11789,142,3235680,2732362,224446,3460126,2956808,81.8380923052762,69.9337324805452,342
-7.6926,53.28823,2021/08/08 23:00:00+00,Mon 09 Aug 2021,5439,22700,584,3241119,2755062,225030,3466149,2980092,81.980546895067,70.484440212355,343
-7.6926,53.28823,2021/08/09 23:00:00+00,Tue 10 Aug 2021,9206,25663,688,3250325,2780725,225718,3476043,3006443,82.2145574730831,71.1076879121025,344
-7.6926,53.28823,2021/08/10 23:00:00+00,Wed 11 Aug 2021,6907,30903,633,3257232,2811628,226351,3483583,3037979,82.3928917926951,71.8535700212913,345
-7.6926,53.28823,2021/08/11 23:00:00+00,Thu 12 Aug 2021,6637,37985,849,3263869,2849613,227200,3491069,3076813,82.5699489169147,72.7720627225927,346
-7.6926,53.28823,2021/08/12 23:00:00+00,Fri 13 Aug 2021,10804,27932,843,3274673,2877545,228043,3502716,3105588,82.8454210416522,73.4526423044011,347
-7.6926,53.28823,2021/08/13 23:00:00+00,Sat 14 Aug 2021,18043,5645,267,3292716,2883190,228310,3521026,3111500,83.2784848867577,73.5924715481075,348
-7.6926,53.28823,2021/08/14 23:00:00+00,Sun 15 Aug 2021,16955,3606,39,3309671,2886796,228349,3538020,3115145,83.680423007114,73.6786822370976,349
-7.6926,53.28823,2021/08/15 23:00:00+00,Mon 16 Aug 2021,10103,22875,350,3319774,2909671,228699,3548473,3138370,83.9276549226185,74.2279945146823,350
-7.6926,53.28823,2021/08/16 23:00:00+00,Tue 17 Aug 2021,12777,26612,512,3332551,2936283,229211,3561762,3165494,84.241963247993,74.869525029955,351
-7.6926,53.28823,2021/08/17 23:00:00+00,Wed 18 Aug 2021,15139,25519,645,3347690,2961802,229856,3577546,3191658,84.6152827308519,75.4883498493619,352
-7.6926,53.28823,2021/08/18 23:00:00+00,Thu 19 Aug 2021,11295,25453,523,3358985,2987255,230379,3589364,3217634,84.8947993076655,76.1027281366618,353
-7.6926,53.28823,2021/08/19 23:00:00+00,Fri 20 Aug 2021,14745,22022,664,3373730,3009277,231043,3604773,3240320,85.2592493780768,76.6392921120886,354
