X,Y,VaccinationDate,VaccineText,Dose1,Dose2,SingleDose,Dose1Cum,Dose2Cum,SingleDoseCum,PartiallyVacc,FullyVacc,PartialPercent,FullyPercent,ObjectId
-7.6926,53.28823,2021/09/11 23:00:00+00,Sun 12 Sep 2021,2024,12849,1,3521159,3323592,235937,3757096,3559529,79.7870078980112,75.5914058188025,1
-7.6926,53.28823,2021/09/12 23:00:00+00,Mon 13 Sep 2021,1581,7665,49,3522740,3331257,235986,3758726,3567243,79.8216231494909,75.7552230273395,2
-7.6926,53.28823,2021/09/13 23:00:00+00,Tue 14 Sep 2021,1522,10708,80,3524262,3341965,236066,3760328,3578031,79.8556437831539,75.9843207776242,3
-7.6926,53.28823,2021/09/14 23:00:00+00,Wed 15 Sep 2021,3249,12340,132,3527511,3354305,236198,3763709,3590503,79.9274438845363,76.2491805423212,4
-7.6926,53.28823,2021/09/15 23:00:00+00,Thu 16 Sep 2021,1884,10535,110,3529395,3364840,236308,3765703,3601148,79.9697891676349,76.4752414944699,5
-7.6926,53.28823,2021/09/16 23:00:00+00,Fri 17 Sep 2021,2543,14537,89,3531938,3379377,236397,3768335,3615774,80.025683242417,76.7858443583617,6
-7.6926,53.28823,2021/09/17 23:00:00+00,Sat 18 Sep 2021,2273,11182,41,3534211,3390559,236438,3770649,3626997,80.0748241577079,77.0241799211579,7
-7.6926,53.28823,2021/09/18 23:00:00+00,Sun 19 Sep 2021,1854,8464,11,3536065,3399023,236449,3772514,3635472,80.114429951579,77.2041579925023,8
-7.6926,53.28823,2021/09/19 23:00:00+00,Mon 20 Sep 2021,948,5565,32,3537013,3404588,236481,3773494,3641069,80.1352415751681,77.3230178468167,9
-7.6926,53.28823,2021/09/20 23:00:00+00,Tue 21 Sep 2021,1444,6605,90,3538457,3411193,236571,3775028,3647764,80.1678181369902,77.4651952140911,10
-7.6926,53.28823,2021/09/21 23:00:00+00,Wed 22 Sep 2021,1886,8082,95,3540343,3419275,236666,3777009,3655941,80.209887347531,77.6388448529563,11
-7.6926,53.28823,2021/09/22 23:00:00+00,Thu 23 Sep 2021,1681,8706,86,3542024,3427981,236752,3778776,3664733,80.2474119790431,77.8255548474413,12
-7.6926,53.28823,2021/09/23 23:00:00+00,Fri 24 Sep 2021,1900,7329,79,3543924,3435310,236831,3780755,3672141,80.2894387168827,77.9828737326942,13
-7.6926,53.28823,2021/09/24 23:00:00+00,Sat 25 Sep 2021,2400,6550,50,3546324,3441860,236881,3783205,3678741,80.3414677758554,78.1230336466615,14
-7.6926,53.28823,2021/09/25 23:00:00+00,Sun 26 Sep 2021,1537,7083,0,3547861,3448943,236881,3784742,3685824,80.3741080467293,78.2734507179692,15
-7.6926,53.28823,2021/09/26 23:00:00+00,Mon 27 Sep 2021,1165,3723,45,3549026,3452666,236926,3785952,3689592,80.3998040309567,78.3534692870341,16
-7.6926,53.28823,2021/09/27 23:00:00+00,Tue 28 Sep 2021,1434,5063,91,3550460,3457729,237017,3787477,3694746,80.4321894656233,78.4629214380322,17
-7.6926,53.28823,2021/09/28 23:00:00+00,Wed 29 Sep 2021,1636,3547,73,3552096,3461276,237090,3789186,3698366,80.4684823888006,78.5397970272082,18
-7.6926,53.28823,2021/09/29 23:00:00+00,Thu 30 Sep 2021,1270,3900,77,3553366,3465176,237167,3790533,3702343,80.4970877530603,78.6242539935488,19
-7.6926,53.28823,2021/09/30 23:00:00+00,Fri 01 Oct 2021,1833,5115,40,3555199,3470291,237207,3792406,3707498,80.5368634377362,78.7337273808975,20
-7.6926,53.28823,2021/10/01 23:00:00+00,Sat 02 Oct 2021,1704,4039,39,3556903,3474330,237246,3794149,3711576,80.5738783968339,78.8203292186488,21
-7.6926,53.28823,2021/10/02 23:00:00+00,Sun 03 Oct 2021,1202,2992,9,3558105,3477322,237255,3795360,3714577,80.5995956174119,78.8840595068028,22
-7.6926,53.28823,2021/10/03 23:00:00+00,Mon 04 Oct 2021,332,1178,17,3558437,3478500,237272,3795709,3715772,80.6070071037717,78.9094369457711,23
-7.6926,53.28823,2021/10/04 23:00:00+00,Tue 05 Oct 2021,953,2761,68,3559390,3481261,237340,3796730,3718601,80.6286894177354,78.9695145816216,24
-7.6926,53.28823,2021/10/05 23:00:00+00,Wed 06 Oct 2021,975,2505,34,3560365,3483766,237374,3797739,3721140,80.6501168954919,79.0234336757978,25
-7.6926,53.28823,2021/10/06 23:00:00+00,Thu 07 Oct 2021,1205,2644,42,3561570,3486410,237416,3798986,3723826,80.6765986246915,79.0804745135124,26
-7.6926,53.28823,2021/10/07 23:00:00+00,Fri 08 Oct 2021,978,2710,45,3562548,3489120,237461,3800009,3726581,80.6983234113564,79.1389806594184,27
-7.6926,53.28823,2021/10/08 23:00:00+00,Sat 09 Oct 2021,729,2326,19,3563277,3491446,237480,3800757,3728926,80.714208201606,79.188779901578,28
-7.6926,53.28823,2021/10/09 23:00:00+00,Sun 10 Oct 2021,1528,3893,0,3564805,3495339,237480,3802285,3732819,80.7466573453245,79.2714530144681,29
-7.6926,53.28823,2021/10/10 23:00:00+00,Mon 11 Oct 2021,329,1072,12,3565134,3496411,237492,3802626,3733903,80.7538989408795,79.2944732185197,30
-7.6926,53.28823,2021/10/11 23:00:00+00,Tue 12 Oct 2021,560,1569,20,3565694,3497980,237512,3803206,3735492,80.7662160242281,79.3282177796249,31
-7.6926,53.28823,2021/10/12 23:00:00+00,Wed 13 Oct 2021,1028,1984,9,3566722,3499964,237521,3804243,3737485,80.7882381198015,79.3705418263729,32
-7.6926,53.28823,2021/10/13 23:00:00+00,Thu 14 Oct 2021,696,1524,7,3567418,3501488,237528,3804946,3739016,80.803167274274,79.4030546791432,33
-7.6926,53.28823,2021/10/14 23:00:00+00,Fri 15 Oct 2021,951,2003,6,3568369,3503491,237534,3805903,3741025,80.8234904617993,79.4457185075008,34
-7.6926,53.28823,2021/10/15 23:00:00+00,Sat 16 Oct 2021,1371,2594,11,3569740,3506085,237545,3807285,3743630,80.85283909833,79.5010392008167,35
-7.6926,53.28823,2021/10/16 23:00:00+00,Sun 17 Oct 2021,1709,2876,2,3571449,3508961,237547,3808996,3746508,80.8891744942085,79.5621574178466,36
-7.6926,53.28823,2021/10/17 23:00:00+00,Mon 18 Oct 2021,668,1173,3,3572117,3510134,237550,3809667,3747684,80.9034240854619,79.5871313661536,37
-7.6926,53.28823,2021/10/18 23:00:00+00,Tue 19 Oct 2021,1328,1732,10,3573445,3511866,237560,3811005,3749426,80.9318383225662,79.6241250889007,38
-7.6926,53.28823,2021/10/19 23:00:00+00,Wed 20 Oct 2021,2244,2256,0,3575689,3514122,237560,3813249,3751682,80.979492693315,79.6720342958568,39
-7.6926,53.28823,2021/10/20 23:00:00+00,Thu 21 Oct 2021,1754,1769,8,3577443,3515891,237568,3815011,3753459,81.0169111430742,79.7097712908749,40
-7.6926,53.28823,2021/10/21 23:00:00+00,Fri 22 Oct 2021,1493,1878,1,3578936,3517769,237569,3816505,3755338,81.0486382508722,79.7496743936544,41
-7.6926,53.28823,2021/10/22 23:00:00+00,Sat 23 Oct 2021,2007,1662,0,3580943,3519431,237569,3818512,3757000,81.0912596065287,79.7849692083534,42
-7.6926,53.28823,2021/10/23 23:00:00+00,Sun 24 Oct 2021,1943,2171,0,3582886,3521602,237569,3820455,3759171,81.1325218357466,79.8310733255085,43
-7.6926,53.28823,2021/10/24 23:00:00+00,Mon 25 Oct 2021,1214,809,0,3584100,3522411,237569,3821669,3759980,81.1583027653763,79.8482535331447,44
-7.6926,53.28823,2021/10/25 23:00:00+00,Tue 26 Oct 2021,1238,1167,5,3585338,3523578,237574,3822912,3761152,81.1846995491735,79.8731425360492,45
-7.6926,53.28823,2021/10/26 23:00:00+00,Wed 27 Oct 2021,1553,1383,4,3586891,3524961,237578,3824469,3762539,81.2177645470594,79.902597354333,46
-7.6926,53.28823,2021/10/27 23:00:00+00,Thu 28 Oct 2021,2143,1644,2,3589034,3526605,237580,3826614,3764185,81.2633165190988,79.9375523874224,47
-7.6926,53.28823,2021/10/28 23:00:00+00,Fri 29 Oct 2021,2135,1316,0,3591169,3527921,237580,3828749,3765501,81.3086561276322,79.9654994248134,48
-7.6926,53.28823,2021/10/29 23:00:00+00,Sat 30 Oct 2021,2002,1421,0,3593171,3529342,237580,3830751,3766922,81.3511713015356,79.9956762790176,49
-7.6926,53.28823,2021/10/30 23:00:00+00,Sun 31 Oct 2021,1627,1311,0,3594798,3530653,237580,3832378,3768233,81.3857228439636,80.0235171346557,50
-7.6926,53.28823,2021/11/01 00:00:00+00,Mon 01 Nov 2021,256,243,0,3595054,3530896,237580,3832634,3768476,81.3911593497175,80.0286775678517,51
-7.6926,53.28823,2021/11/02 00:00:00+00,Tue 02 Nov 2021,1087,1056,9,3596141,3531952,237589,3833730,3769541,81.4144343899763,80.0512942812419,52
-7.6926,53.28823,2021/11/03 00:00:00+00,Wed 03 Nov 2021,2533,1788,5,3598674,3533740,237594,3836268,3771334,81.4683322478019,80.0893710578697,53
-7.6926,53.28823,2021/11/04 00:00:00+00,Thu 04 Nov 2021,1550,1221,0,3600224,3534961,237594,3837818,3772555,81.5012485912336,80.1153006419537,54
-7.6926,53.28823,2021/11/05 00:00:00+00,Fri 05 Nov 2021,1630,1017,1,3601854,3535978,237595,3839449,3773573,81.535885079064,80.1369192468656,55
-7.6926,53.28823,2021/11/06 00:00:00+00,Sat 06 Nov 2021,1819,1318,5,3603673,3537296,237600,3841273,3774896,81.5746201825604,80.1650149387108,56
-7.6926,53.28823,2021/11/07 00:00:00+00,Sun 07 Nov 2021,730,765,0,3604403,3538061,237600,3842003,3775661,81.5901227184992,80.1812607469207,57
-7.6926,53.28823,2021/11/08 00:00:00+00,Mon 08 Nov 2021,510,490,1,3604913,3538551,237601,3842514,3776152,81.6009744936564,80.1916877950658,58
-7.6926,53.28823,2021/11/09 00:00:00+00,Tue 09 Nov 2021,1378,995,1,3606291,3539546,237602,3843893,3777148,81.6302594211353,80.2128392002645,59
-7.6926,53.28823,2021/11/10 00:00:00+00,Wed 10 Nov 2021,1629,1298,0,3607920,3540844,237602,3845522,3778446,81.6648534362645,80.2404039833447,60
-7.6926,53.28823,2021/11/11 00:00:00+00,Thu 11 Nov 2021,1402,1052,1,3609322,3541896,237603,3846925,3779499,81.6946480361579,80.2627658605277,61
-7.6926,53.28823,2021/11/12 00:00:00+00,Fri 12 Nov 2021,1158,1081,5,3610480,3542977,237608,3848088,3780585,81.7193459119069,80.2858285372805,62
-7.6926,53.28823,2021/11/13 00:00:00+00,Sat 13 Nov 2021,1416,1333,0,3611896,3544310,237608,3849504,3781918,81.7494165843581,80.3141365926318,63
-7.6926,53.28823,2021/11/14 00:00:00+00,Sun 14 Nov 2021,1649,1798,0,3613545,3546108,237608,3851153,3783716,81.7844353264993,80.3523195510126,64
-7.6926,53.28823,2021/11/15 00:00:00+00,Mon 15 Nov 2021,1249,548,0,3614794,3546656,237608,3852402,3784264,81.8109595284001,80.363957071142,65
-7.6926,53.28823,2021/11/16 00:00:00+00,Tue 16 Nov 2021,1323,1022,4,3616117,3547678,237612,3853729,3785290,81.8391401656478,80.3857455668587,66
-7.6926,53.28823,2021/11/17 00:00:00+00,Wed 17 Nov 2021,1518,1056,0,3617635,3548734,237612,3855247,3786346,81.8713769458603,80.4081711530935,67
-7.6926,53.28823,2021/11/18 00:00:00+00,Thu 18 Nov 2021,1671,2427,5,3619306,3551161,237617,3856923,3788778,81.9069690694677,80.4598179577554,68
-7.6926,53.28823,2021/11/19 00:00:00+00,Fri 19 Nov 2021,1187,1459,0,3620493,3552620,237617,3858110,3790237,81.9321766176312,80.4908017932824,69
-7.6926,53.28823,2021/11/20 00:00:00+00,Sat 20 Nov 2021,1540,2905,10,3622033,3555525,237627,3859660,3793152,81.9650929610629,80.5527057552846,70
-7.6926,53.28823,2021/11/21 00:00:00+00,Sun 21 Nov 2021,1787,2749,0,3623820,3558274,237627,3861447,3795901,82.0030423195871,80.611084483087,71
-7.6926,53.28823,2021/11/22 00:00:00+00,Mon 22 Nov 2021,716,464,2,3624536,3558738,237629,3862165,3796367,82.0182900193187,80.6209806224672,72
-7.6926,53.28823,2021/11/23 00:00:00+00,Tue 23 Nov 2021,2171,1537,4,3626707,3560275,237633,3864340,3797908,82.0644790818761,80.6537058387435,73
-7.6926,53.28823,2021/11/24 00:00:00+00,Wed 24 Nov 2021,1628,3081,0,3628335,3563356,237633,3865968,3800989,82.0990518606547,80.7191350349455,74
-7.6926,53.28823,2021/11/25 00:00:00+00,Thu 25 Nov 2021,1013,1112,0,3629348,3564468,237633,3866981,3802101,82.1205642838136,80.7427498568139,75
-7.6926,53.28823,2021/11/26 00:00:00+00,Fri 26 Nov 2021,1293,1058,12,3630641,3565526,237645,3868286,3803171,82.1482777213481,80.7654727519571,76
-7.6926,53.28823,2021/11/27 00:00:00+00,Sat 27 Nov 2021,1233,1527,5,3631874,3567053,237650,3869524,3804703,82.1745683233922,80.798006841078,77
-7.6926,53.28823,2021/11/28 00:00:00+00,Sun 28 Nov 2021,1971,2248,0,3633845,3569301,237650,3871495,3806951,82.216425170427,80.8457461572293,78
-7.6926,53.28823,2021/11/29 00:00:00+00,Mon 29 Nov 2021,546,962,1,3634391,3570263,237651,3872042,3807914,82.2280414542058,80.8661967628581,79
-7.6926,53.28823,2021/11/30 00:00:00+00,Tue 30 Nov 2021,1936,1591,6,3636327,3571854,237657,3873984,3809511,82.2692824470732,80.9001112147681,80
-7.6926,53.28823,2021/12/01 00:00:00+00,Wed 01 Dec 2021,1126,1322,1,3637453,3573176,237658,3875111,3810834,82.2932158142006,80.9282069066134,81
-7.6926,53.28823,2021/12/02 00:00:00+00,Thu 02 Dec 2021,1806,1361,1,3639259,3574537,237659,3876918,3812196,82.3315898997368,80.9571308161321,82
-7.6926,53.28823,2021/12/03 00:00:00+00,Fri 03 Dec 2021,1051,1134,3,3640310,3575671,237662,3877972,3813333,82.3539730132704,80.9812765467655,83
-7.6926,53.28823,2021/12/04 00:00:00+00,Sat 04 Dec 2021,1202,1673,0,3641512,3577344,237662,3879174,3815006,82.3794991066929,81.0168049613212,84
-7.6926,53.28823,2021/12/05 00:00:00+00,Sun 05 Dec 2021,1356,1764,0,3642868,3579108,237662,3880530,3816770,82.408295598108,81.0542658837815,85
-7.6926,53.28823,2021/12/06 00:00:00+00,Mon 06 Dec 2021,943,1253,0,3643811,3580361,237662,3881473,3818023,82.4283214767248,81.0808750310847,86
-7.6926,53.28823,2021/12/07 00:00:00+00,Tue 07 Dec 2021,488,696,1,3644299,3581057,237663,3881962,3818720,82.4387060521688,81.0956767674537,87
-7.6926,53.28823,2021/12/08 00:00:00+00,Wed 08 Dec 2021,817,1436,0,3645116,3582493,237663,3882779,3820156,82.4560561506099,81.1261721669169,88
-7.6926,53.28823,2021/12/09 00:00:00+00,Thu 09 Dec 2021,801,1144,0,3645917,3583637,237663,3883580,3821300,82.4730664674414,81.1504665520045,89
-7.6926,53.28823,2021/12/10 00:00:00+00,Fri 10 Dec 2021,882,1536,1,3646799,3585173,237664,3884463,3822837,82.4918181650222,81.1831068228784,90
-7.6926,53.28823,2021/12/11 00:00:00+00,Sat 11 Dec 2021,639,822,0,3647438,3585995,237664,3885102,3823659,82.5053881930563,81.2005631030725,91
-7.6926,53.28823,2021/12/12 00:00:00+00,Sun 12 Dec 2021,690,1188,0,3648128,3587183,237664,3885792,3824847,82.520041274971,81.2257918875867,92
-7.6926,53.28823,2021/12/13 00:00:00+00,Mon 13 Dec 2021,715,1027,0,3648843,3588210,237664,3886507,3825874,82.5352252656508,81.247601619654,93
-7.6926,53.28823,2021/12/14 00:00:00+00,Tue 14 Dec 2021,624,1139,1,3649467,3589349,237665,3887132,3827014,82.5484979847765,81.2718110593393,94
-7.6926,53.28823,2021/12/15 00:00:00+00,Wed 15 Dec 2021,791,1168,1,3650258,3590517,237666,3887924,3828183,82.5653171744526,81.2966363531919,95
-7.6926,53.28823,2021/12/16 00:00:00+00,Thu 16 Dec 2021,1052,1422,7,3651310,3591939,237673,3888983,3829612,82.5878064697391,81.3269830982009,96
-7.6926,53.28823,2021/12/17 00:00:00+00,Fri 17 Dec 2021,1196,2357,1,3652506,3594296,237674,3890180,3831970,82.6132263814087,81.3770584129183,97
-7.6926,53.28823,2021/12/18 00:00:00+00,Sat 18 Dec 2021,1263,1136,0,3653769,3595432,237674,3891443,3833106,82.6400478922179,81.4011829072012,98
-7.6926,53.28823,2021/12/19 00:00:00+00,Sun 19 Dec 2021,554,863,1,3654323,3596295,237675,3891998,3833970,82.6518340668015,81.4195311141205,99
-7.6926,53.28823,2021/12/20 00:00:00+00,Mon 20 Dec 2021,547,524,0,3654870,3596819,237675,3892545,3834494,82.6634503505803,81.4306589618355,100
-7.6926,53.28823,2021/12/21 00:00:00+00,Tue 21 Dec 2021,1454,1698,2,3656324,3598517,237677,3894001,3836194,82.6943704770555,81.4667607578574,101
-7.6926,53.28823,2021/12/22 00:00:00+00,Wed 22 Dec 2021,1243,1453,2,3657567,3599970,237679,3895246,3837649,82.7208097335539,81.497659647982,102
-7.6926,53.28823,2021/12/23 00:00:00+00,Thu 23 Dec 2021,944,1256,0,3658511,3601226,237679,3896190,3838905,82.7408568485213,81.524332504337,103
-7.6926,53.28823,2021/12/24 00:00:00+00,Fri 24 Dec 2021,99,121,0,3658610,3601347,237679,3896289,3839026,82.7429592472308,81.5269021027597,104
-7.6926,53.28823,2021/12/26 00:00:00+00,Sun 26 Dec 2021,5,5,0,3658615,3601352,237679,3896294,3839031,82.7430654289838,81.5270082845127,105
-7.6926,53.28823,2021/12/27 00:00:00+00,Mon 27 Dec 2021,385,576,0,3659000,3601928,237679,3896679,3839607,82.7512414239653,81.539240422459,106
-7.6926,53.28823,2021/12/28 00:00:00+00,Tue 28 Dec 2021,450,719,0,3659450,3602647,237679,3897129,3840326,82.7607977817358,81.5545093585412,107
-7.6926,53.28823,2021/12/29 00:00:00+00,Wed 29 Dec 2021,1071,1217,0,3660521,3603864,237679,3898200,3841543,82.7835419132295,81.5803539972227,108
-7.6926,53.28823,2021/12/30 00:00:00+00,Thu 30 Dec 2021,1040,1113,2,3661561,3604977,237681,3899242,3842658,82.8056701905559,81.6040325281429,109
-7.6926,53.28823,2021/12/31 00:00:00+00,Fri 31 Dec 2021,713,1639,0,3662274,3606616,237681,3899955,3844297,82.8208117085345,81.6388389067782,110
-7.6926,53.28823,2022/01/01 00:00:00+00,Sat 01 Jan 2022,64,91,1,3662338,3606707,237682,3900020,3844389,82.8221920713236,81.6407926510335,111
-7.6926,53.28823,2022/01/02 00:00:00+00,Sun 02 Jan 2022,267,617,0,3662605,3607324,237682,3900287,3845006,82.827862176934,81.6538954793543,112
-7.6926,53.28823,2022/01/03 00:00:00+00,Mon 03 Jan 2022,3620,697,0,3666225,3608021,237682,3903907,3845703,82.9047377661101,81.6686972157233,113
-7.6926,53.28823,2022/01/04 00:00:00+00,Tue 04 Jan 2022,1173,701,0,3667398,3608722,237682,3905080,3846404,82.9296480053652,81.6835838974947,114
-7.6926,53.28823,2022/01/05 00:00:00+00,Wed 05 Jan 2022,2129,794,0,3669527,3609516,237682,3907209,3847198,82.9748601957949,81.700445559872,115
-7.6926,53.28823,2022/01/06 00:00:00+00,Thu 06 Jan 2022,2441,1557,0,3671968,3611073,237682,3909650,3848755,83.0266981276122,81.7335105577579,116
-7.6926,53.28823,2022/01/07 00:00:00+00,Fri 07 Jan 2022,4792,662,0,3676760,3611735,237682,3914442,3849417,83.1284627196927,81.7475690218558,117
-7.6926,53.28823,2022/01/08 00:00:00+00,Sat 08 Jan 2022,9773,681,0,3686533,3612416,237682,3924215,3850098,83.3360055741173,81.7620309766152,118
-7.6926,53.28823,2022/01/09 00:00:00+00,Sun 09 Jan 2022,7102,651,0,3693635,3613067,237682,3931317,3850749,83.4868261360863,81.7758558408565,119
-7.6926,53.28823,2022/01/10 00:00:00+00,Mon 10 Jan 2022,6626,416,0,3700261,3613483,237682,3937943,3851165,83.6275381951693,81.7846901627066,120
-7.6926,53.28823,2022/01/11 00:00:00+00,Tue 11 Jan 2022,4729,1233,1,3704990,3614716,237683,3942673,3852399,83.7279861335125,81.8108958193483,121
-7.6926,53.28823,2022/01/12 00:00:00+00,Wed 12 Jan 2022,7498,755,1,3712488,3615471,237684,3950172,3853155,83.8872375266702,81.8269505004027,122
-7.6926,53.28823,2022/01/13 00:00:00+00,Thu 13 Jan 2022,7243,653,0,3719731,3616124,237684,3957415,3853808,84.041052414074,81.8408178373453,123
-7.6926,53.28823,2022/01/14 00:00:00+00,Fri 14 Jan 2022,10647,664,0,3730378,3616788,237684,3968062,3854472,84.267155838924,81.8549187741444,124
-7.6926,53.28823,2022/01/15 00:00:00+00,Sat 15 Jan 2022,8315,586,0,3738693,3617374,237684,3976377,3855058,84.4437360941722,81.8673632755966,125
-7.6926,53.28823,2022/01/16 00:00:00+00,Sun 16 Jan 2022,6956,1196,1,3745649,3618570,237685,3983334,3856255,84.5914773853041,81.8927831872662,126
-7.6926,53.28823,2022/01/17 00:00:00+00,Mon 17 Jan 2022,2516,465,0,3748165,3619035,237685,3985850,3856720,84.6449080434165,81.9026580902957,127
-7.6926,53.28823,2022/01/18 00:00:00+00,Tue 18 Jan 2022,3952,335,3,3752117,3619370,237688,3989805,3857058,84.7288978100438,81.9098359767989,128
-7.6926,53.28823,2021/05/05 23:00:00+00,Thu 06 May 2021,37145,14312,121,1315123,515748,346,1315469,516094,27.9357608888857,10.959953127127,129
-7.6926,53.28823,2021/05/06 23:00:00+00,Fri 07 May 2021,40450,15005,87,1355573,530753,433,1356006,531186,28.7966188332027,11.2804521303988,130
-7.6926,53.28823,2021/05/07 23:00:00+00,Sat 08 May 2021,25474,6982,5,1381047,537735,438,1381485,538173,29.3376998101683,11.4288305120488,131
-7.6926,53.28823,2021/05/08 23:00:00+00,Sun 09 May 2021,19589,884,1,1400636,538619,439,1401075,539058,29.7537199184439,11.4476246823307,132
-7.6926,53.28823,2021/05/09 23:00:00+00,Mon 10 May 2021,28681,4558,165,1429317,543177,604,1429921,543781,30.3663036878834,11.5479239662198,133
-7.6926,53.28823,2021/05/10 23:00:00+00,Tue 11 May 2021,33793,14742,145,1463110,557919,749,1463859,558668,31.0870229545837,11.8640695176184,134
-7.6926,53.28823,2021/05/11 23:00:00+00,Wed 12 May 2021,31140,20859,148,1494250,578778,897,1495147,579675,31.7514658921911,12.3101815346958,135
-7.6926,53.28823,2021/05/12 23:00:00+00,Thu 13 May 2021,35850,25415,137,1530100,604193,1034,1531134,605227,32.5156984412731,12.8528127652553,136
-7.6926,53.28823,2021/05/13 23:00:00+00,Fri 14 May 2021,38065,27898,225,1568165,632091,1259,1569424,633350,33.3288383057894,13.4500426532102,137
-7.6926,53.28823,2021/05/14 23:00:00+00,Sat 15 May 2021,28703,12379,5,1596868,644470,1264,1598132,645734,33.938491458846,13.7130336190543,138
-7.6926,53.28823,2021/05/15 23:00:00+00,Sun 16 May 2021,23068,1130,4,1619936,645600,1268,1621204,646868,34.4284565399147,13.7371156406359,139
-7.6926,53.28823,2021/05/16 23:00:00+00,Mon 17 May 2021,35262,3889,109,1655198,649489,1377,1656575,650866,35.1796074970264,13.8220185703391,140
-7.6926,53.28823,2021/05/17 23:00:00+00,Tue 18 May 2021,38899,12409,113,1694097,661898,1490,1695587,663388,36.0080800066767,14.0879401525662,141
-7.6926,53.28823,2021/05/18 23:00:00+00,Wed 19 May 2021,36865,17517,195,1730962,679415,1685,1732647,681100,36.7950991599537,14.464078394413,142
-7.6926,53.28823,2021/05/19 23:00:00+00,Thu 20 May 2021,38919,19597,115,1769881,699012,1800,1771681,700812,37.6240388693172,14.882689337462,143
-7.6926,53.28823,2021/05/20 23:00:00+00,Fri 21 May 2021,25671,23151,14914,1795552,722163,16714,1812266,738877,38.4859161584631,15.691051023093,144
-7.6926,53.28823,2021/05/21 23:00:00+00,Sat 22 May 2021,16455,10197,13498,1812007,732360,30212,1842219,762572,39.122008568018,16.1942463505862,145
-7.6926,53.28823,2021/05/22 23:00:00+00,Sun 23 May 2021,8123,5485,10199,1820130,737845,40411,1860541,778256,39.5111009837315,16.527317273414,146
-7.6926,53.28823,2021/05/23 23:00:00+00,Mon 24 May 2021,22369,8141,8434,1842499,745986,48845,1891344,794831,40.1652442912973,16.8793097846273,147
-7.6926,53.28823,2021/05/24 23:00:00+00,Tue 25 May 2021,30134,16421,3209,1872633,762407,52054,1924687,814461,40.87332792939,17.296179346927,148
-7.6926,53.28823,2021/05/25 23:00:00+00,Wed 26 May 2021,19771,25335,3033,1892404,787742,55087,1947491,842829,41.3576016684976,17.8986121407792,149
-7.6926,53.28823,2021/05/26 23:00:00+00,Thu 27 May 2021,16836,35917,544,1909240,823659,55631,1964871,879290,41.7266894419448,18.6729107200461,150
-7.6926,53.28823,2021/05/27 23:00:00+00,Fri 28 May 2021,26848,31745,1527,1936088,855404,57158,1993246,912562,42.3292708902512,19.3794865772461,151
-7.6926,53.28823,2021/05/28 23:00:00+00,Sat 29 May 2021,24326,7341,507,1960414,862745,57665,2018079,920410,42.8566331847284,19.5461494567635,152
-7.6926,53.28823,2021/05/29 23:00:00+00,Sun 30 May 2021,24134,1625,196,1984548,864370,57861,2042409,922231,43.3733135948533,19.5848208512081,153
-7.6926,53.28823,2021/05/30 23:00:00+00,Mon 31 May 2021,22374,7257,3417,2006922,871627,61278,2068200,932905,43.9210203132064,19.8114976575243,154
-7.6926,53.28823,2021/05/31 23:00:00+00,Tue 01 Jun 2021,27308,11408,3622,2034230,883035,64900,2099130,947935,44.5778606372986,20.130680007059,155
-7.6926,53.28823,2021/06/01 23:00:00+00,Wed 02 Jun 2021,18461,20808,3975,2052691,903843,68875,2121566,972718,45.054319399385,20.6569804840062,156
-7.6926,53.28823,2021/06/02 23:00:00+00,Thu 03 Jun 2021,16498,30598,1958,2069189,934441,70833,2140022,1005274,45.446257486079,21.3483511141758,157
-7.6926,53.28823,2021/06/03 23:00:00+00,Fri 04 Jun 2021,28844,23250,127,2098033,957691,70960,2168993,1028651,46.0614957993437,21.8447932821778,158
-7.6926,53.28823,2021/06/04 23:00:00+00,Sat 05 Jun 2021,20770,11406,13,2118803,969097,70973,2189776,1040070,46.5028508738864,22.0872911696918,159
-7.6926,53.28823,2021/06/05 23:00:00+00,Sun 06 Jun 2021,19787,3835,17,2138590,972932,70990,2209580,1043922,46.9234155611907,22.1690935922073,160
-7.6926,53.28823,2021/06/06 23:00:00+00,Mon 07 Jun 2021,19618,4464,14,2158208,977396,71004,2229212,1048400,47.3403275961916,22.264189970199,161
-7.6926,53.28823,2021/06/07 23:00:00+00,Tue 08 Jun 2021,26242,18222,21,2184450,995618,71025,2255475,1066643,47.8980578720285,22.651604714215,162
-7.6926,53.28823,2021/06/08 23:00:00+00,Wed 09 Jun 2021,32599,19997,152,2217049,1015615,71177,2288226,1086792,48.5935695905653,23.0794959424767,163
-7.6926,53.28823,2021/06/09 23:00:00+00,Thu 10 Jun 2021,27490,27366,242,2244539,1042981,71419,2315958,1114400,49.1824960654351,23.665789109872,164
-7.6926,53.28823,2021/06/10 23:00:00+00,Fri 11 Jun 2021,26249,32784,11,2270788,1075765,71430,2342218,1147195,49.7401626322202,24.3622352278352,165
-7.6926,53.28823,2021/06/11 23:00:00+00,Sat 12 Jun 2021,12040,19616,84,2282828,1095381,71514,2354342,1166895,49.997632146908,24.780591334677,166
-7.6926,53.28823,2021/06/12 23:00:00+00,Sun 13 Jun 2021,8441,18105,813,2291269,1113486,72327,2363596,1185813,50.1941533353706,25.1823406153487,167
-7.6926,53.28823,2021/06/13 23:00:00+00,Mon 14 Jun 2021,15857,31171,15,2307126,1144657,72342,2379468,1216999,50.5312166921114,25.8446174451948,168
-7.6926,53.28823,2021/06/14 23:00:00+00,Tue 15 Jun 2021,14503,41379,185,2321629,1186036,72527,2394156,1258563,50.8431362097404,26.7272851215792,169
-7.6926,53.28823,2021/06/15 23:00:00+00,Wed 16 Jun 2021,13247,48202,197,2334876,1234238,72724,2407600,1306962,51.1286377072217,27.7551032543221,170
-7.6926,53.28823,2021/06/16 23:00:00+00,Thu 17 Jun 2021,21383,42508,504,2356259,1276746,73228,2429487,1349974,51.593437712828,28.6685211663768,171
-7.6926,53.28823,2021/06/17 23:00:00+00,Fri 18 Jun 2021,11848,49910,531,2368107,1326656,73759,2441866,1400415,51.8563224969191,29.7397039270472,172
-7.6926,53.28823,2021/06/18 23:00:00+00,Sat 19 Jun 2021,6159,32664,410,2374266,1359320,74169,2448435,1433489,51.9958240840178,30.4420749868282,173
-7.6926,53.28823,2021/06/19 23:00:00+00,Sun 20 Jun 2021,8394,26062,165,2382660,1385382,74334,2456994,1459716,52.1775860088127,30.9990407540433,174
-7.6926,53.28823,2021/06/20 23:00:00+00,Mon 21 Jun 2021,15294,32187,544,2397954,1417569,74878,2472832,1492447,52.513927329633,31.6941277455681,175
-7.6926,53.28823,2021/06/21 23:00:00+00,Tue 22 Jun 2021,14970,43392,690,2412924,1460961,75568,2488492,1536529,52.8464885800463,32.6302685527661,176
-7.6926,53.28823,2021/06/22 23:00:00+00,Wed 23 Jun 2021,19880,39206,862,2432804,1500167,76430,2509234,1576597,53.2869729642144,33.4811666486512,177
-7.6926,53.28823,2021/06/23 23:00:00+00,Thu 24 Jun 2021,18842,44103,1008,2451646,1544270,77438,2529084,1621708,53.7085145236464,34.4391596606176,178
-7.6926,53.28823,2021/06/24 23:00:00+00,Fri 25 Jun 2021,14999,49995,800,2466645,1594265,78238,2544883,1672503,54.0440276267932,35.5178600894008,179
-7.6926,53.28823,2021/06/25 23:00:00+00,Sat 26 Jun 2021,8870,30402,469,2475515,1624667,78707,2554222,1703374,54.242353905057,36.1734474688075,180
-7.6926,53.28823,2021/06/26 23:00:00+00,Sun 27 Jun 2021,8617,30351,39,2484132,1655018,78746,2562878,1733764,54.4261757558601,36.8188201635751,181
-7.6926,53.28823,2021/06/27 23:00:00+00,Mon 28 Jun 2021,24061,24472,475,2508193,1679490,79221,2587414,1758711,54.9472308542088,37.3486034020209,182
-7.6926,53.28823,2021/06/28 23:00:00+00,Tue 29 Jun 2021,27955,30814,767,2536148,1710304,79988,2616136,1790292,55.5571813161738,38.0192685903544,183
-7.6926,53.28823,2021/06/29 23:00:00+00,Wed 30 Jun 2021,22355,36652,545,2558503,1746956,80533,2639036,1827489,56.0434937449391,38.8091971236637,184
-7.6926,53.28823,2021/06/30 23:00:00+00,Thu 01 Jul 2021,14696,48130,595,2573199,1795086,81128,2654327,1876214,56.3682187819806,39.8439383067026,185
-7.6926,53.28823,2021/07/01 23:00:00+00,Fri 02 Jul 2021,13451,47068,784,2586650,1842154,81912,2668562,1924066,56.6705182327874,40.8601401556667,186
-7.6926,53.28823,2021/07/02 23:00:00+00,Sat 03 Jul 2021,9160,30283,472,2595810,1872437,82384,2678194,1954821,56.8750667617772,41.5132641184037,187
-7.6926,53.28823,2021/07/03 23:00:00+00,Sun 04 Jul 2021,6335,27684,207,2602145,1900121,82591,2684736,1982712,57.0139949674096,42.1055671730191,188
-7.6926,53.28823,2021/07/04 23:00:00+00,Mon 05 Jul 2021,15345,33211,5311,2617490,1933332,87902,2705392,2021234,57.4526530254261,42.9236338708749,189
-7.6926,53.28823,2021/07/05 23:00:00+00,Tue 06 Jul 2021,12187,48135,5456,2629677,1981467,93358,2723035,2074825,57.8273259590814,44.0617111359388,190
-7.6926,53.28823,2021/07/06 23:00:00+00,Wed 07 Jul 2021,19476,43521,5016,2649153,2024988,98374,2747527,2123362,58.3474466580037,45.0924598850646,191
-7.6926,53.28823,2021/07/07 23:00:00+00,Thu 08 Jul 2021,17590,45395,5958,2666743,2070383,104332,2771075,2174715,58.8475202419585,46.1830101974832,192
-7.6926,53.28823,2021/07/08 23:00:00+00,Fri 09 Jul 2021,13343,44887,6504,2680086,2115270,110836,2790922,2226106,59.2689980923386,47.2743674912246,193
-7.6926,53.28823,2021/07/09 23:00:00+00,Sat 10 Jul 2021,8467,23675,4330,2688553,2138945,115166,2803719,2254111,59.540759670981,47.8690914898086,194
-7.6926,53.28823,2021/07/10 23:00:00+00,Sun 11 Jul 2021,15128,15997,2136,2703681,2154942,117302,2820983,2272244,59.9073840277585,48.2541702352584,195
-7.6926,53.28823,2021/07/11 23:00:00+00,Mon 12 Jul 2021,16960,31531,6053,2720641,2186473,123355,2843996,2309828,60.3960961641417,49.0523172362504,196
-7.6926,53.28823,2021/07/12 23:00:00+00,Tue 13 Jul 2021,19945,36324,8454,2740586,2222797,131809,2872395,2354606,60.9991872848625,50.0032385434667,197
-7.6926,53.28823,2021/07/13 23:00:00+00,Wed 14 Jul 2021,20640,35456,9301,2761226,2258253,141110,2902336,2399363,61.6350248582102,50.9537138873203,198
-7.6926,53.28823,2021/07/14 23:00:00+00,Thu 15 Jul 2021,23452,28616,9535,2784678,2286869,150645,2935323,2437514,62.3355483554889,51.7639018991031,199
-7.6926,53.28823,2021/07/15 23:00:00+00,Fri 16 Jul 2021,23408,27144,9131,2808086,2314013,159776,2967862,2473789,63.0265579676982,52.5342505171582,200
-7.6926,53.28823,2021/07/16 23:00:00+00,Sat 17 Jul 2021,11391,19228,4645,2819477,2333241,164421,2983898,2497662,63.3671040859376,53.0412259150584,201
-7.6926,53.28823,2021/07/17 23:00:00+00,Sun 18 Jul 2021,16766,15664,1912,2836243,2348905,166333,3002576,2515238,63.763756642465,53.4144760132235,202
-7.6926,53.28823,2021/07/18 23:00:00+00,Mon 19 Jul 2021,24710,18190,6206,2860953,2367095,172539,3033492,2539634,64.4202996576488,53.932558022488,203
-7.6926,53.28823,2021/07/19 23:00:00+00,Tue 20 Jul 2021,30418,17905,7661,2891371,2385000,180200,3071571,2565200,65.2289586521883,54.4754865619559,204
-7.6926,53.28823,2021/07/20 23:00:00+00,Wed 21 Jul 2021,30138,19579,6842,2921509,2404579,187042,3108551,2591621,66.0142788974172,55.0365721811877,205
-7.6926,53.28823,2021/07/21 23:00:00+00,Thu 22 Jul 2021,33368,15676,6895,2954877,2420255,193937,3148814,2614192,66.8693180816695,55.5158978506052,206
-7.6926,53.28823,2021/07/22 23:00:00+00,Fri 23 Jul 2021,26948,20570,5565,2981825,2440825,199502,3181327,2640327,67.5597755487632,56.0709098735651,207
-7.6926,53.28823,2021/07/23 23:00:00+00,Sat 24 Jul 2021,15330,14603,2239,2997155,2455428,201741,3198896,2657169,67.932876992474,56.428572490389,208
-7.6926,53.28823,2021/07/24 23:00:00+00,Sun 25 Jul 2021,14645,13515,1024,3011800,2468943,202765,3214565,2671708,68.2656293700428,56.7373277917784,209
-7.6926,53.28823,2021/07/25 23:00:00+00,Mon 26 Jul 2021,23701,17951,3380,3035501,2486894,206145,3241646,2693039,68.8407309806713,57.1903203864506,210
-7.6926,53.28823,2021/07/26 23:00:00+00,Tue 27 Jul 2021,25335,23582,3628,3060836,2510476,209773,3270609,2720249,69.4557994031311,57.7681614863067,211
-7.6926,53.28823,2021/07/27 23:00:00+00,Wed 28 Jul 2021,23304,25017,3232,3084140,2535493,213005,3297145,2748498,70.0193272026821,58.3680671544373,212
-7.6926,53.28823,2021/07/28 23:00:00+00,Thu 29 Jul 2021,19149,27604,2929,3103289,2563097,215934,3319223,2779031,70.4881833512533,59.0164766473409,213
-7.6926,53.28823,2021/07/29 23:00:00+00,Fri 30 Jul 2021,21809,22663,2086,3125098,2585760,218020,3343118,2803780,70.9956259488667,59.5420550883676,214
-7.6926,53.28823,2021/07/30 23:00:00+00,Sat 31 Jul 2021,13641,12277,891,3138739,2598037,218911,3357650,2816948,71.3042325958019,59.821695353083,215
-7.6926,53.28823,2021/07/31 23:00:00+00,Sun 01 Aug 2021,11002,9180,355,3149741,2607217,219266,3369007,2826483,71.5454138295787,60.0241839560645,216
-7.6926,53.28823,2021/08/01 23:00:00+00,Mon 02 Aug 2021,14899,15740,401,3164640,2622957,219667,3384307,2842624,71.8703299937756,60.366959891117,217
-7.6926,53.28823,2021/08/02 23:00:00+00,Tue 03 Aug 2021,17220,25202,1086,3181860,2648159,220753,3402613,2868912,72.2590826278795,60.9252210757189,218
-7.6926,53.28823,2021/08/03 23:00:00+00,Wed 04 Aug 2021,21987,17033,1557,3203847,2665192,222310,3426157,2887502,72.7590712664319,61.3200048333934,219
-7.6926,53.28823,2021/08/04 23:00:00+00,Thu 05 Aug 2021,13409,29810,1408,3217256,2695002,223718,3440974,2918720,73.0737302732885,61.9829612264587,220
-7.6926,53.28823,2021/08/05 23:00:00+00,Fri 06 Aug 2021,12067,24515,928,3229323,2719517,224646,3453969,2944163,73.3496966493498,62.5232776948026,221
-7.6926,53.28823,2021/08/06 23:00:00+00,Sat 07 Aug 2021,6271,8268,565,3235594,2727785,225211,3460805,2952996,73.494868342059,62.7108583796622,222
-7.6926,53.28823,2021/08/07 23:00:00+00,Sun 08 Aug 2021,8560,11832,147,3244154,2739617,225358,3469512,2964975,73.6797732467428,62.9652486235128,223
-7.6926,53.28823,2021/08/08 23:00:00+00,Mon 09 Aug 2021,5456,22790,587,3249610,2762407,225945,3475555,2988352,73.8081045134253,63.4616907915149,224
-7.6926,53.28823,2021/08/09 23:00:00+00,Tue 10 Aug 2021,9240,25748,693,3258850,2788155,226638,3485488,3014793,74.0190451839461,64.0232011377587,225
-7.6926,53.28823,2021/08/10 23:00:00+00,Wed 11 Aug 2021,6916,30973,638,3265766,2819128,227276,3493042,3046404,74.1794645763868,64.6945034166103,226
-7.6926,53.28823,2021/08/11 23:00:00+00,Thu 12 Aug 2021,6662,38068,852,3272428,2857196,228128,3500556,3085324,74.3390345148035,65.5210221820053,227
-7.6926,53.28823,2021/08/12 23:00:00+00,Fri 13 Aug 2021,10822,28033,848,3283250,2885229,228976,3512226,3114205,74.5868627263184,66.1343492237158,228
-7.6926,53.28823,2021/08/13 23:00:00+00,Sat 14 Aug 2021,18057,5699,269,3301307,2890928,229245,3530552,3120173,74.9760400874343,66.2610877641032,229
-7.6926,53.28823,2021/08/14 23:00:00+00,Sun 15 Aug 2021,16960,3639,40,3318267,2894567,229285,3547552,3123852,75.3370580476531,66.3392162979647,230
-7.6926,53.28823,2021/08/15 23:00:00+00,Mon 16 Aug 2021,10119,22945,364,3328386,2917512,229649,3558035,3147161,75.5596787110045,66.8342143941259,231
-7.6926,53.28823,2021/08/16 23:00:00+00,Tue 17 Aug 2021,12796,26684,517,3341182,2944196,230166,3571348,3174362,75.842398246557,67.4118643668265,232
-7.6926,53.28823,2021/08/17 23:00:00+00,Wed 18 Aug 2021,15156,25577,647,3356338,2969773,230813,3587151,3200586,76.1779962951063,67.9687664249899,233
-7.6926,53.28823,2021/08/18 23:00:00+00,Thu 19 Aug 2021,11310,25529,529,3367648,2995302,231342,3598990,3226644,76.4294134498728,68.5221432489535,234
-7.6926,53.28823,2021/08/19 23:00:00+00,Fri 20 Aug 2021,14769,22073,672,3382417,3017375,232014,3614431,3249389,76.7573239395044,69.0051640433757,235
-7.6926,53.28823,2021/08/20 23:00:00+00,Sat 21 Aug 2021,11811,7855,231,3394228,3025230,232245,3626473,3257475,77.0130520734429,69.1768811743362,236
-7.6926,53.28823,2021/08/21 23:00:00+00,Sun 22 Aug 2021,7986,12181,156,3402214,3037411,232401,3634615,3269812,77.1859584400372,69.438874031702,237
-7.6926,53.28823,2021/08/22 23:00:00+00,Mon 23 Aug 2021,10817,15203,276,3413031,3052614,232677,3645708,3285291,77.4215332772552,69.7675915026566,238
-7.6926,53.28823,2021/08/23 23:00:00+00,Tue 24 Aug 2021,9659,22753,376,3422690,3075367,233053,3655743,3308420,77.6346400555373,70.2587670557095,239
-7.6926,53.28823,2021/08/24 23:00:00+00,Wed 25 Aug 2021,9357,19331,306,3432047,3094698,233359,3665406,3328057,77.8398469113958,70.6757852724634,240
-7.6926,53.28823,2021/08/25 23:00:00+00,Thu 26 Aug 2021,8530,19272,362,3440577,3113970,233721,3674298,3347691,78.0286805409408,71.0927397801655,241
-7.6926,53.28823,2021/08/26 23:00:00+00,Fri 27 Aug 2021,9667,19072,427,3450244,3133042,234148,3684392,3367190,78.2430402639084,71.5068273805365,242
-7.6926,53.28823,2021/08/27 23:00:00+00,Sat 28 Aug 2021,9886,7808,146,3460130,3140850,234294,3694424,3375144,78.4560833331387,71.6757413132177,243
-7.6926,53.28823,2021/08/28 23:00:00+00,Sun 29 Aug 2021,8785,9144,24,3468915,3149994,234318,3703233,3384312,78.6431543455838,71.8704361755286,244
-7.6926,53.28823,2021/08/29 23:00:00+00,Mon 30 Aug 2021,5024,10993,79,3473939,3160987,234397,3708336,3395384,78.7515234427012,72.1055650493841,245
-7.6926,53.28823,2021/08/30 23:00:00+00,Tue 31 Aug 2021,4019,12729,137,3477958,3173716,234534,3712492,3408250,78.8397817157994,72.3787919362179,246
-7.6926,53.28823,2021/08/31 23:00:00+00,Wed 01 Sep 2021,4903,12415,177,3482861,3186131,234711,3717572,3420842,78.9476623768531,72.646200062987,247
-7.6926,53.28823,2021/09/01 23:00:00+00,Thu 02 Sep 2021,4970,12267,243,3487831,3198398,234954,3722785,3433352,79.0583674725366,72.9118668090068,248
-7.6926,53.28823,2021/09/02 23:00:00+00,Fri 03 Sep 2021,4731,15927,159,3492562,3214325,235113,3727675,3449438,79.162213226976,73.2534747447762,249
-7.6926,53.28823,2021/09/03 23:00:00+00,Sat 04 Sep 2021,4603,10522,130,3497165,3224847,235243,3732408,3460090,79.2627248743711,73.4796843513792,250
-7.6926,53.28823,2021/09/04 23:00:00+00,Sun 05 Sep 2021,5297,11843,1,3502462,3236690,235244,3737706,3471934,79.3752350598557,73.7312076878987,251
-7.6926,53.28823,2021/09/05 23:00:00+00,Mon 06 Sep 2021,2120,9595,69,3504582,3246285,235313,3739895,3481598,79.4217214313215,73.9364357801078,252
-7.6926,53.28823,2021/09/06 23:00:00+00,Tue 07 Sep 2021,2999,9912,141,3507581,3256197,235454,3743035,3491651,79.488403572209,74.1499248127007,253
-7.6926,53.28823,2021/09/07 23:00:00+00,Wed 08 Sep 2021,2576,14708,181,3510157,3270905,235635,3745792,3506540,79.5469521908163,74.4661128368006,254
-7.6926,53.28823,2021/09/08 23:00:00+00,Thu 09 Sep 2021,3083,14717,135,3513240,3285622,235770,3749010,3521392,79.6152907670506,74.7815151159282,255
-7.6926,53.28823,2021/09/09 23:00:00+00,Fri 10 Sep 2021,3357,13869,109,3516597,3299491,235879,3752476,3535370,79.688895958234,75.0783568246304,256
-7.6926,53.28823,2021/09/10 23:00:00+00,Sat 11 Sep 2021,2538,11252,57,3519135,3310743,235936,3755071,3546679,79.7440042880439,75.3185187135783,257
-7.6926,53.28823,2020/12/28 00:00:00+00,Mon 28 Dec 2020,144,20,6,144,20,6,150,26,0.00318545259016583,0.000552145115628744,258
-7.6926,53.28823,2020/12/29 00:00:00+00,Tue 29 Dec 2020,71,1,0,215,21,6,221,27,0.00469323348284432,0.000573381466229849,259
-7.6926,53.28823,2020/12/30 00:00:00+00,Wed 30 Dec 2020,1051,0,0,1266,21,6,1272,27,0.0270126379646062,0.000573381466229849,260
-7.6926,53.28823,2020/12/31 00:00:00+00,Thu 31 Dec 2020,1023,1,0,2289,22,6,2295,28,0.0487374246295372,0.000594617816830955,261
-7.6926,53.28823,2021/01/01 00:00:00+00,Fri 01 Jan 2021,800,0,0,3089,22,6,3095,28,0.0657265051104216,0.000594617816830955,262
-7.6926,53.28823,2021/01/02 00:00:00+00,Sat 02 Jan 2021,1011,0,0,4100,22,6,4106,28,0.0871964555681393,0.000594617816830955,263
-7.6926,53.28823,2021/01/03 00:00:00+00,Sun 03 Jan 2021,17,2,0,4117,24,6,4123,30,0.0875574735283581,0.000637090518033166,264
-7.6926,53.28823,2021/01/04 00:00:00+00,Mon 04 Jan 2021,1178,2,0,5295,26,6,5301,32,0.11257389453646,0.000679563219235377,265
-7.6926,53.28823,2021/01/05 00:00:00+00,Tue 05 Jan 2021,3504,5,0,8799,31,6,8805,37,0.186986067042734,0.000785744972240904,266
-7.6926,53.28823,2021/01/06 00:00:00+00,Wed 06 Jan 2021,6754,6,0,15553,37,6,15559,43,0.330416379002601,0.000913163075847537,267
-7.6926,53.28823,2021/01/07 00:00:00+00,Thu 07 Jan 2021,11706,4,0,27259,41,6,27265,47,0.579009099139142,0.000998108478251959,268
-7.6926,53.28823,2021/01/08 00:00:00+00,Fri 08 Jan 2021,12658,5,0,39917,46,6,39923,52,0.847818825047936,0.00110429023125749,269
-7.6926,53.28823,2021/01/09 00:00:00+00,Sat 09 Jan 2021,8065,3,0,47982,49,6,47988,55,1.01908999264585,0.0011679992830608,270
-7.6926,53.28823,2021/01/10 00:00:00+00,Sun 10 Jan 2021,4758,1,1,52740,50,7,52747,57,1.12015378515651,0.00121047198426301,271
-7.6926,53.28823,2021/01/11 00:00:00+00,Mon 11 Jan 2021,8321,5,0,61061,55,7,61068,62,1.29686145850831,0.00131665373726854,272
-7.6926,53.28823,2021/01/12 00:00:00+00,Tue 12 Jan 2021,8849,6,0,69910,61,7,69917,68,1.48478192497749,0.00144407184087518,273
-7.6926,53.28823,2021/01/13 00:00:00+00,Wed 13 Jan 2021,9856,4,0,79766,65,7,79773,72,1.69408739650199,0.0015290172432796,274
-7.6926,53.28823,2021/01/14 00:00:00+00,Thu 14 Jan 2021,8048,3,0,87814,68,7,87821,75,1.86499754613969,0.00159272629508291,275
-7.6926,53.28823,2021/01/15 00:00:00+00,Fri 15 Jan 2021,7652,2,0,95466,70,7,95473,77,2.02749810093935,0.00163519899628512,276
-7.6926,53.28823,2021/01/16 00:00:00+00,Sat 16 Jan 2021,5207,3,0,100673,73,7,100680,80,2.1380757785193,0.00169890804808844,277
-7.6926,53.28823,2021/01/17 00:00:00+00,Sun 17 Jan 2021,1101,4,0,101774,77,7,101781,84,2.16145700053112,0.00178385345049286,278
-7.6926,53.28823,2021/01/18 00:00:00+00,Mon 18 Jan 2021,8674,4,0,110448,81,7,110455,88,2.34566110564511,0.00186879885289729,279
-7.6926,53.28823,2021/01/19 00:00:00+00,Tue 19 Jan 2021,8354,15,0,118802,96,7,118809,103,2.52306957856675,0.00218734411191387,280
-7.6926,53.28823,2021/01/20 00:00:00+00,Wed 20 Jan 2021,8429,957,0,127231,1053,7,127238,1060,2.70207077778346,0.0225105316371719,281
-7.6926,53.28823,2021/01/21 00:00:00+00,Thu 21 Jan 2021,8950,956,0,136181,2009,7,136188,2016,2.89213611566336,0.0428124828118287,282
-7.6926,53.28823,2021/01/22 00:00:00+00,Fri 22 Jan 2021,6737,962,0,142918,2971,7,142925,2978,3.03520540966301,0.0632418520900923,283
-7.6926,53.28823,2021/01/23 00:00:00+00,Sat 23 Jan 2021,4157,456,0,147075,3427,7,147082,3434,3.1234849191118,0.0729256279641964,284
-7.6926,53.28823,2021/01/24 00:00:00+00,Sun 24 Jan 2021,1171,396,0,148246,3823,7,148253,3830,3.1483526856657,0.0813352228022342,285
-7.6926,53.28823,2021/01/25 00:00:00+00,Mon 25 Jan 2021,1335,1282,0,149581,5105,7,149588,5112,3.17670321371817,0.108560224272851,286
-7.6926,53.28823,2021/01/26 00:00:00+00,Tue 26 Jan 2021,986,3495,0,150567,8600,7,150574,8607,3.19764225541086,0.182781269623715,287
-7.6926,53.28823,2021/01/27 00:00:00+00,Wed 27 Jan 2021,2141,6694,0,152708,15294,7,152715,15301,3.24310928204783,0.324937400547516,288
-7.6926,53.28823,2021/01/28 00:00:00+00,Thu 28 Jan 2021,954,11534,0,153662,26828,7,153669,26835,3.26336876052128,0.569877468380667,289
-7.6926,53.28823,2021/01/29 00:00:00+00,Fri 29 Jan 2021,1541,11522,0,155203,38350,7,155210,38357,3.29609397679759,0.814562700006604,290
-7.6926,53.28823,2021/01/30 00:00:00+00,Sat 30 Jan 2021,608,7793,0,155811,46143,7,155818,46150,3.30900567796306,0.98005758024102,291
-7.6926,53.28823,2021/01/31 00:00:00+00,Sun 31 Jan 2021,205,4080,0,156016,50223,7,156023,50230,3.31335912983629,1.06670189069353,292
-7.6926,53.28823,2021/02/01 00:00:00+00,Mon 01 Feb 2021,983,8330,0,156999,58553,7,157006,58560,3.33423446247717,1.24360069120074,293
-7.6926,53.28823,2021/02/02 00:00:00+00,Tue 02 Feb 2021,806,5096,0,157805,63649,7,157812,63656,3.35135096106166,1.35182113386397,294
-7.6926,53.28823,2021/02/03 00:00:00+00,Wed 03 Feb 2021,1364,6860,0,159169,70509,7,159176,70516,3.38031734328157,1.49750249898756,295
-7.6926,53.28823,2021/02/04 00:00:00+00,Thu 04 Feb 2021,1391,10531,0,160560,81040,7,160567,81047,3.40985710696771,1.7211425071678,296
-7.6926,53.28823,2021/02/05 00:00:00+00,Fri 05 Feb 2021,3359,8604,0,163919,89644,7,163926,89651,3.48119000863682,1.90386006773971,297
-7.6926,53.28823,2021/02/06 00:00:00+00,Sat 06 Feb 2021,876,3862,0,164795,93506,7,164802,93513,3.49979305176339,1.98587485376118,298
-7.6926,53.28823,2021/02/07 00:00:00+00,Sun 07 Feb 2021,305,1295,1,165100,94801,8,165108,94809,3.50629137504733,2.01339716414021,299
-7.6926,53.28823,2021/02/08 00:00:00+00,Mon 08 Feb 2021,1130,870,0,166230,95671,8,166238,95679,3.53028845122658,2.03187278916318,300
-7.6926,53.28823,2021/02/09 00:00:00+00,Tue 09 Feb 2021,4208,528,1,170438,96199,9,170447,96208,3.61967225090663,2.04310681863116,301
-7.6926,53.28823,2021/02/10 00:00:00+00,Wed 10 Feb 2021,8787,575,0,179225,96774,9,179234,96783,3.80627606363855,2.0553177202268,302
-7.6926,53.28823,2021/02/11 00:00:00+00,Thu 11 Feb 2021,6140,433,0,185365,97207,9,185374,97216,3.93666725632933,2.06451306003707,303
-7.6926,53.28823,2021/02/12 00:00:00+00,Fri 12 Feb 2021,4357,515,0,189722,97722,9,189731,97731,4.02919403589835,2.07544978059664,304
-7.6926,53.28823,2021/02/13 00:00:00+00,Sat 13 Feb 2021,1187,1908,0,190909,99630,9,190918,99639,4.05440158406186,2.11596873754355,305
-7.6926,53.28823,2021/02/14 00:00:00+00,Sun 14 Feb 2021,2675,19,0,193584,99649,9,193593,99658,4.11120882191982,2.11637222820497,306
-7.6926,53.28823,2021/02/15 00:00:00+00,Mon 15 Feb 2021,1929,7868,0,195513,107517,9,195522,107526,4.15217374222935,2.28345983473447,307
-7.6926,53.28823,2021/02/16 00:00:00+00,Tue 16 Feb 2021,5602,8147,0,201115,115664,9,201124,115673,4.27113977829675,2.45647238308168,308
-7.6926,53.28823,2021/02/17 00:00:00+00,Wed 17 Feb 2021,9700,8458,0,210815,124122,9,210824,124131,4.47713237912747,2.63608943646583,309
-7.6926,53.28823,2021/02/18 00:00:00+00,Thu 18 Feb 2021,8435,8326,0,219250,132448,9,219259,132457,4.6562609964478,2.81290329157063,310
-7.6926,53.28823,2021/02/19 00:00:00+00,Fri 19 Feb 2021,9362,6572,0,228612,139020,9,228621,139029,4.85507571077535,2.9524685877211,311
-7.6926,53.28823,2021/02/20 00:00:00+00,Sat 20 Feb 2021,5860,3564,1,234472,142584,10,234482,142594,4.97954196164843,3.02817617761404,312
-7.6926,53.28823,2021/02/21 00:00:00+00,Sun 21 Feb 2021,1090,1015,4,235562,143599,14,235576,143613,5.00277452920604,3.04981601887657,313
-7.6926,53.28823,2021/02/22 00:00:00+00,Mon 22 Feb 2021,3920,1103,1,239482,144702,15,239497,144717,5.08604225991297,3.07326094994019,314
-7.6926,53.28823,2021/02/23 00:00:00+00,Tue 23 Feb 2021,13331,1054,0,252813,145756,15,252828,145771,5.36914404977631,3.09564406347375,315
-7.6926,53.28823,2021/02/24 00:00:00+00,Wed 24 Feb 2021,16892,2087,2,269705,147843,17,269722,147860,5.72791095683138,3.14000679987946,316
-7.6926,53.28823,2021/02/25 00:00:00+00,Thu 25 Feb 2021,18025,1740,1,287730,149583,18,287748,149601,6.11071741276691,3.17697928627599,317
-7.6926,53.28823,2021/02/26 00:00:00+00,Fri 26 Feb 2021,16052,2751,0,303782,152334,18,303800,152352,6.45160331261586,3.23540048677963,318
-7.6926,53.28823,2021/02/27 00:00:00+00,Sat 27 Feb 2021,8948,698,1,312730,153032,19,312749,153051,6.64164741414515,3.2502446958498,319
-7.6926,53.28823,2021/02/28 00:00:00+00,Sun 28 Feb 2021,2421,46,1,315151,153078,20,315171,153098,6.69308185530103,3.25124280432805,320
-7.6926,53.28823,2021/03/01 00:00:00+00,Mon 01 Mar 2021,5548,778,0,320699,153856,20,320719,153876,6.81090112843596,3.26776468509571,321
-7.6926,53.28823,2021/03/02 00:00:00+00,Tue 02 Mar 2021,12140,1593,0,332839,155449,20,332859,155469,7.06871042473338,3.30159419160327,322
-7.6926,53.28823,2021/03/03 00:00:00+00,Wed 03 Mar 2021,12820,1491,1,345659,156940,21,345680,156961,7.34098167579016,3.33327882670012,323
-7.6926,53.28823,2021/03/04 00:00:00+00,Thu 04 Mar 2021,18679,1676,2,364338,158616,23,364361,158639,7.73769794136941,3.36891342300878,324
-7.6926,53.28823,2021/03/05 00:00:00+00,Fri 05 Mar 2021,18381,2380,5,382719,160996,28,382747,161024,8.12814948352134,3.41956211919242,325
-7.6926,53.28823,2021/03/06 00:00:00+00,Sat 06 Mar 2021,10399,124,1,393118,161120,29,393147,161149,8.34900752977283,3.42221666301755,326
-7.6926,53.28823,2021/03/07 00:00:00+00,Sun 07 Mar 2021,1493,7,1,394611,161127,30,394641,161157,8.38073463757088,3.42238655382236,327
-7.6926,53.28823,2021/03/08 00:00:00+00,Mon 08 Mar 2021,6607,1480,2,401218,162607,32,401250,162639,8.52108567869359,3.4538588254132,328
-7.6926,53.28823,2021/03/09 00:00:00+00,Tue 09 Mar 2021,13756,3084,2,414974,165691,34,415008,165725,8.8132553902636,3.51939420336821,329
-7.6926,53.28823,2021/03/10 00:00:00+00,Wed 10 Mar 2021,13656,3968,3,428630,169659,37,428667,169696,9.1033227031241,3.6037237516052,330
-7.6926,53.28823,2021/03/11 00:00:00+00,Thu 11 Mar 2021,18397,2081,1,447027,171740,38,447065,171778,9.49402908148324,3.6479378335567,331
-7.6926,53.28823,2021/03/12 00:00:00+00,Fri 12 Mar 2021,17254,1324,2,464281,173064,40,464321,173104,9.86048354745592,3.67609723445377,332
-7.6926,53.28823,2021/03/13 00:00:00+00,Sat 13 Mar 2021,8238,163,0,472519,173227,40,472559,173267,10.0354286037078,3.67955875960175,333
-7.6926,53.28823,2021/03/14 00:00:00+00,Sun 14 Mar 2021,344,13,1,472863,173240,41,472904,173281,10.0427551446652,3.67985606851017,334
-7.6926,53.28823,2021/03/15 00:00:00+00,Mon 15 Mar 2021,2582,978,0,475445,174218,41,475486,174259,10.0975874019173,3.70062521939805,335
-7.6926,53.28823,2021/03/16 00:00:00+00,Tue 16 Mar 2021,8876,3798,0,484321,178016,41,484362,178057,10.2860812498527,3.78128087898105,336
-7.6926,53.28823,2021/03/17 00:00:00+00,Wed 17 Mar 2021,4835,2397,6,489156,180413,47,489203,180460,10.3888864231126,3.8323118294755,337
-7.6926,53.28823,2021/03/18 00:00:00+00,Thu 18 Mar 2021,11644,4665,2,500800,185078,49,500849,185127,10.6362049622131,3.93142187773086,338
-7.6926,53.28823,2021/03/19 00:00:00+00,Fri 19 Mar 2021,10268,6101,1,511068,191179,50,511118,191229,10.8542810465359,4.06100608909881,339
-7.6926,53.28823,2021/03/20 00:00:00+00,Sat 20 Mar 2021,5160,3098,2,516228,194277,52,516280,194329,10.9639030883388,4.12683877596224,340
-7.6926,53.28823,2021/03/21 00:00:00+00,Sun 21 Mar 2021,3578,42,1,519806,194319,53,519859,194372,11.0399079871401,4.12775193903808,341
-7.6926,53.28823,2021/03/22 00:00:00+00,Mon 22 Mar 2021,7331,2383,0,527137,196702,53,527190,196755,11.1955916733968,4.17835816252052,342
-7.6926,53.28823,2021/03/23 00:00:00+00,Tue 23 Mar 2021,12489,7362,2,539626,204064,55,539681,204119,11.4608549287552,4.33474264834706,343
-7.6926,53.28823,2021/03/24 00:00:00+00,Wed 24 Mar 2021,13533,9749,0,553159,213813,55,553214,213868,11.74824646144,4.54177583035724,344
-7.6926,53.28823,2021/03/25 00:00:00+00,Thu 25 Mar 2021,20781,10196,2,573940,224009,57,573997,224066,12.1896015359828,4.75834413378731,345
-7.6926,53.28823,2021/03/26 00:00:00+00,Fri 26 Mar 2021,19623,9454,1,593563,233463,58,593621,233521,12.6063436801789,4.95913382872076,346
-7.6926,53.28823,2021/03/27 00:00:00+00,Sat 27 Mar 2021,11664,5310,0,605227,238773,58,605285,238831,12.8540444735902,5.07189885041263,347
-7.6926,53.28823,2021/03/28 00:00:00+00,Sun 28 Mar 2021,2436,470,0,607663,239243,58,607721,239301,12.9057762236544,5.08187993519515,348
-7.6926,53.28823,2021/03/28 23:00:00+00,Mon 29 Mar 2021,9190,3085,3,616853,242328,61,616914,242389,13.1010019947304,5.14745778585137,349
-7.6926,53.28823,2021/03/29 23:00:00+00,Tue 30 Mar 2021,13256,8633,2,630109,250961,63,630172,251024,13.3825535309999,5.33083367329191,350
-7.6926,53.28823,2021/03/30 23:00:00+00,Wed 31 Mar 2021,15715,10442,1,645824,261403,64,645888,261467,13.7163040170468,5.55260488261926,351
-7.6926,53.28823,2021/03/31 23:00:00+00,Thu 01 Apr 2021,19601,11586,3,665425,272989,67,665492,273056,14.1326214342309,5.79871294973547,352
-7.6926,53.28823,2021/04/01 23:00:00+00,Fri 02 Apr 2021,20055,13685,4,685480,286674,71,685551,286745,14.5586013909385,6.089417353114,353
-7.6926,53.28823,2021/04/02 23:00:00+00,Sat 03 Apr 2021,7479,4609,0,692959,291283,71,693030,291354,14.7174280570842,6.1872956930345,354
-7.6926,53.28823,2021/04/03 23:00:00+00,Sun 04 Apr 2021,2974,160,0,695933,291443,71,696004,291514,14.7805849637718,6.19069350913067,355
-7.6926,53.28823,2021/04/04 23:00:00+00,Mon 05 Apr 2021,3372,585,3,699305,292028,74,699379,292102,14.8522576470506,6.20318048328413,356
-7.6926,53.28823,2021/04/05 23:00:00+00,Tue 06 Apr 2021,11888,8123,5,711193,300151,79,711272,300230,15.1048215647495,6.37578954096991,357
-7.6926,53.28823,2021/04/06 23:00:00+00,Wed 07 Apr 2021,18246,10429,3,729439,310580,82,729521,310662,15.4923637268691,6.59732715044064,358
-7.6926,53.28823,2021/04/07 23:00:00+00,Thu 08 Apr 2021,20079,10527,8,749518,321107,90,749608,321197,15.9189383013935,6.82105210402329,359
-7.6926,53.28823,2021/04/08 23:00:00+00,Fri 09 Apr 2021,20615,9118,9,770133,330225,99,770232,330324,16.3569167961907,7.01487627595958,360
-7.6926,53.28823,2021/04/09 23:00:00+00,Sat 10 Apr 2021,11078,4135,8,781211,334360,107,781318,334467,16.5923429789546,7.10285847649996,361
-7.6926,53.28823,2021/04/10 23:00:00+00,Sun 11 Apr 2021,2801,332,2,784012,334692,109,784121,334801,16.6518684696895,7.10995141760073,362
-7.6926,53.28823,2021/04/11 23:00:00+00,Mon 12 Apr 2021,7695,2745,6,791707,337437,115,791822,337552,16.8154096056686,7.16837261810437,363
-7.6926,53.28823,2021/04/12 23:00:00+00,Tue 13 Apr 2021,11420,8545,0,803127,345982,115,803242,346097,17.0579287295332,7.34983723399082,364
-7.6926,53.28823,2021/04/13 23:00:00+00,Wed 14 Apr 2021,20259,6547,2,823386,352529,117,823503,352646,17.4881984290622,7.48891409407746,365
-7.6926,53.28823,2021/04/14 23:00:00+00,Thu 15 Apr 2021,27028,10741,1,850414,363270,118,850532,363388,18.0621957494595,7.71703497223453,366
-7.6926,53.28823,2021/04/15 23:00:00+00,Fri 16 Apr 2021,27893,9786,1,878307,373056,119,878426,373175,18.6545625131267,7.92487513556755,367
-7.6926,53.28823,2021/04/16 23:00:00+00,Sat 17 Apr 2021,15767,4512,1,894074,377568,120,894194,377688,18.989417289405,8.02071478583034,368
-7.6926,53.28823,2021/04/17 23:00:00+00,Sun 18 Apr 2021,1021,444,0,895095,378012,120,895215,378132,19.0110996033687,8.03014372549723,369
-7.6926,53.28823,2021/04/18 23:00:00+00,Mon 19 Apr 2021,6672,2203,0,901767,380215,120,901887,380335,19.1527885345793,8.07692740587147,370
-7.6926,53.28823,2021/04/19 23:00:00+00,Tue 20 Apr 2021,14986,7255,0,916753,387470,120,916873,387590,19.4710364846874,8.23099712948249,371
-7.6926,53.28823,2021/04/20 23:00:00+00,Wed 21 Apr 2021,26595,9798,1,943348,397268,121,943469,397389,20.0358384652744,8.43909212902272,372
-7.6926,53.28823,2021/04/21 23:00:00+00,Thu 22 Apr 2021,31540,12128,0,974888,409396,121,975009,409517,20.7056329632333,8.69664658911293,373
-7.6926,53.28823,2021/04/22 23:00:00+00,Fri 23 Apr 2021,33503,12325,0,1008391,421721,121,1008512,421842,21.4171144174221,8.95838461027155,374
-7.6926,53.28823,2021/04/23 23:00:00+00,Sat 24 Apr 2021,23589,6954,0,1031980,428675,121,1032101,428796,21.9180586917516,9.10606219235164,375
-7.6926,53.28823,2021/04/24 23:00:00+00,Sun 25 Apr 2021,9696,265,1,1041676,428940,122,1041798,429062,22.1239875835305,9.11171106161154,376
-7.6926,53.28823,2021/04/25 23:00:00+00,Mon 26 Apr 2021,15496,2996,1,1057172,431936,123,1057295,432059,22.4530873087959,9.17535640436305,377
-7.6926,53.28823,2021/04/26 23:00:00+00,Tue 27 Apr 2021,25819,7745,5,1082991,439681,128,1083119,439809,23.0014948267188,9.33993812152162,378
-7.6926,53.28823,2021/04/27 23:00:00+00,Wed 28 Apr 2021,25939,8535,4,1108930,448216,132,1109062,448348,23.5524294703633,9.52127531930446,379
-7.6926,53.28823,2021/04/28 23:00:00+00,Thu 29 Apr 2021,31602,11267,1,1140532,459483,133,1140665,459616,24.22356185841,9.76056651787771,380
-7.6926,53.28823,2021/04/29 23:00:00+00,Fri 30 Apr 2021,36006,13470,2,1176538,472953,135,1176673,473088,24.9882403708546,10.0466626331758,381
-7.6926,53.28823,2021/04/30 23:00:00+00,Sat 01 May 2021,16454,6639,8,1192992,479592,143,1193135,479735,25.33783317445,10.1878206556214,382
-7.6926,53.28823,2021/05/01 23:00:00+00,Sun 02 May 2021,12358,875,6,1205350,480467,149,1205499,480616,25.6003994132821,10.2065298805009,383
-7.6926,53.28823,2021/05/02 23:00:00+00,Mon 03 May 2021,14156,884,8,1219506,481351,157,1219663,481508,25.9011910831962,10.2254727052371,384
-7.6926,53.28823,2021/05/03 23:00:00+00,Tue 04 May 2021,26515,6725,2,1246021,488076,159,1246180,488235,26.4643153920857,10.3683296357308,385
-7.6926,53.28823,2021/05/04 23:00:00+00,Wed 05 May 2021,31957,13360,66,1277978,501436,225,1278203,501661,27.1443670473849,10.6534488789012,386
