X,Y,VaccinationDate,VaccineText,Dose1,Dose2,SingleDose,Dose1Cum,Dose2Cum,SingleDoseCum,PartiallyVacc,FullyVacc,PartialPercent,FullyPercent,ObjectId
-7.6926,53.28823,2021/05/04 23:00:00+00,Wed 05 May 2021,31952,13357,65,1277773,501364,222,1277995,501586,27.1399498864599,10.6518561526061,1
-7.6926,53.28823,2021/05/05 23:00:00+00,Thu 06 May 2021,37138,14307,121,1314911,515671,343,1315254,516014,27.9311950735064,10.9582542190789,2
-7.6926,53.28823,2021/05/06 23:00:00+00,Fri 07 May 2021,40442,15002,86,1355353,530673,429,1355782,531102,28.791861890668,11.2786682769483,3
-7.6926,53.28823,2021/05/07 23:00:00+00,Sat 08 May 2021,25473,6982,5,1380826,537655,434,1381260,538089,29.332921631283,11.4270466585983,4
-7.6926,53.28823,2021/05/08 23:00:00+00,Sun 09 May 2021,19588,884,1,1400414,538539,435,1400849,538974,29.7489205032081,11.4458408288802,5
-7.6926,53.28823,2021/05/09 23:00:00+00,Mon 10 May 2021,28671,4558,165,1429085,543097,600,1429685,543697,30.3612919091415,11.5461401127693,6
-7.6926,53.28823,2021/05/10 23:00:00+00,Tue 11 May 2021,33790,14743,145,1462875,557840,745,1463620,558585,31.0819474667901,11.8623069005185,7
-7.6926,53.28823,2021/05/11 23:00:00+00,Wed 12 May 2021,31136,20854,148,1494011,578694,893,1494904,579587,31.746305458995,12.3083127358429,8
-7.6926,53.28823,2021/05/12 23:00:00+00,Thu 13 May 2021,35850,25412,137,1529861,604106,1030,1530891,605136,32.510538008077,12.8508802573506,9
-7.6926,53.28823,2021/05/13 23:00:00+00,Fri 14 May 2021,38057,27895,225,1567918,632001,1255,1569173,633256,33.3235079817886,13.4480464362537,10
-7.6926,53.28823,2021/05/14 23:00:00+00,Sat 15 May 2021,28701,12379,5,1596619,644380,1260,1597879,645640,33.9331186621439,13.7110374020978,11
-7.6926,53.28823,2021/05/15 23:00:00+00,Sun 16 May 2021,23064,1127,4,1619683,645507,1264,1620947,646771,34.4229987978102,13.7350557146276,12
-7.6926,53.28823,2021/05/16 23:00:00+00,Mon 17 May 2021,35260,3886,109,1654943,649393,1373,1656316,650766,35.1741072822207,13.819894935279,13
-7.6926,53.28823,2021/05/17 23:00:00+00,Tue 18 May 2021,38889,12405,112,1693832,661798,1485,1695317,663283,36.0023461920144,14.0857103357531,14
-7.6926,53.28823,2021/05/18 23:00:00+00,Wed 19 May 2021,36861,17515,195,1730693,679313,1680,1732373,680993,36.789280399889,14.4618061048987,15
-7.6926,53.28823,2021/05/19 23:00:00+00,Thu 20 May 2021,38916,19595,113,1769609,698908,1793,1771402,700701,37.6181139274995,14.8803321025452,16
-7.6926,53.28823,2021/05/20 23:00:00+00,Fri 21 May 2021,25664,23148,14914,1795273,722056,16707,1811980,738763,38.4798425621912,15.6886300791245,17
-7.6926,53.28823,2021/05/21 23:00:00+00,Sat 22 May 2021,16450,10195,13497,1811723,732251,30204,1841927,762455,39.1158075536425,16.1917616975659,18
-7.6926,53.28823,2021/05/22 23:00:00+00,Sun 23 May 2021,8120,5485,10199,1819843,737736,40403,1860246,778139,39.5048362603041,16.5248326203936,19
-7.6926,53.28823,2021/05/23 23:00:00+00,Mon 24 May 2021,22367,8137,8434,1842210,745873,48837,1891047,794710,40.1589370951688,16.8767401862046,20
-7.6926,53.28823,2021/05/24 23:00:00+00,Tue 25 May 2021,30124,16418,3210,1872334,762291,52047,1924381,814338,40.866829606106,17.2935672758031,21
-7.6926,53.28823,2021/05/25 23:00:00+00,Wed 26 May 2021,19765,25331,3031,1892099,787622,55078,1947177,842700,41.3509334544088,17.8958726515516,22
-7.6926,53.28823,2021/05/26 23:00:00+00,Thu 27 May 2021,16829,35911,542,1908928,823533,55620,1964548,879153,41.7198301007006,18.6700013400137,23
-7.6926,53.28823,2021/05/27 23:00:00+00,Fri 28 May 2021,26840,31739,1526,1935768,855272,57146,1992914,912418,42.3222204218516,19.3764285427595,24
-7.6926,53.28823,2021/05/28 23:00:00+00,Sat 29 May 2021,24316,7340,505,1960084,862612,57651,2017735,920263,42.8493278801216,19.5430277132252,25
-7.6926,53.28823,2021/05/29 23:00:00+00,Sun 30 May 2021,24128,1624,196,1984212,864236,57847,2042059,922083,43.3658808721429,19.5816778713192,26
-7.6926,53.28823,2021/05/30 23:00:00+00,Mon 31 May 2021,22362,7256,3417,2006574,871492,61264,2067838,932756,43.9133327542888,19.8083334412848,27
-7.6926,53.28823,2021/05/31 23:00:00+00,Tue 01 Jun 2021,27302,11407,3622,2033876,882899,64886,2098762,947785,44.5700456602774,20.1274945544688,28
-7.6926,53.28823,2021/06/01 23:00:00+00,Wed 02 Jun 2021,18455,20804,3973,2052331,903703,68859,2121190,972562,45.046334531559,20.6536676133124,29
-7.6926,53.28823,2021/06/02 23:00:00+00,Thu 03 Jun 2021,16491,30594,1958,2068822,934297,70817,2139639,1005114,45.4381239637988,21.3449532980796,30
-7.6926,53.28823,2021/06/03 23:00:00+00,Fri 04 Jun 2021,28839,23247,125,2097661,957544,70942,2168603,1028486,46.0532136226092,21.8412892843286,31
-7.6926,53.28823,2021/06/04 23:00:00+00,Sat 05 Jun 2021,20768,11404,11,2118429,968948,70953,2189382,1039901,46.4944837517496,22.0837022264402,32
-7.6926,53.28823,2021/06/05 23:00:00+00,Sun 06 Jun 2021,19785,3835,16,2138214,972783,70969,2209183,1043752,46.9149847300021,22.1654834126051,33
-7.6926,53.28823,2021/06/06 23:00:00+00,Mon 07 Jun 2021,19611,4461,13,2157825,977244,70982,2228807,1048226,47.3317268741982,22.2604948451944,34
-7.6926,53.28823,2021/06/07 23:00:00+00,Tue 08 Jun 2021,26237,18218,21,2184062,995462,71003,2255065,1066465,47.889350968282,22.647824643808,35
-7.6926,53.28823,2021/06/08 23:00:00+00,Wed 09 Jun 2021,32586,19996,151,2216648,1015458,71154,2287802,1086612,48.5845653779104,23.0756733993685,36
-7.6926,53.28823,2021/06/09 23:00:00+00,Thu 10 Jun 2021,27481,27364,240,2244129,1042822,71394,2315523,1114216,49.1732582529237,23.6618816213614,37
-7.6926,53.28823,2021/06/10 23:00:00+00,Fri 11 Jun 2021,26247,32778,10,2270376,1075600,71404,2341780,1147004,49.7308611106569,24.3581790848704,38
-7.6926,53.28823,2021/06/11 23:00:00+00,Sat 12 Jun 2021,12033,19614,84,2282409,1095214,71488,2353897,1166702,49.9881819708905,24.776492719011,39
-7.6926,53.28823,2021/06/12 23:00:00+00,Sun 13 Jun 2021,8438,18100,813,2290847,1113314,72301,2363148,1185615,50.1846394503013,25.1781358179297,40
-7.6926,53.28823,2021/06/13 23:00:00+00,Mon 14 Jun 2021,15852,31167,15,2306699,1144481,72316,2379015,1216797,50.5215966252891,25.8403277023734,41
-7.6926,53.28823,2021/06/14 23:00:00+00,Tue 15 Jun 2021,14497,41370,185,2321196,1185851,72501,2393697,1258352,50.8333887248145,26.7228042516023,42
-7.6926,53.28823,2021/06/15 23:00:00+00,Wed 16 Jun 2021,13242,48191,196,2334438,1234042,72697,2407135,1306739,51.1187628041921,27.750367548138,43
-7.6926,53.28823,2021/06/16 23:00:00+00,Thu 17 Jun 2021,21373,42501,503,2355811,1276543,73200,2429011,1349743,51.5833292099419,28.663615569388,44
-7.6926,53.28823,2021/06/17 23:00:00+00,Fri 18 Jun 2021,11839,49905,531,2367650,1326448,73731,2441381,1400179,51.8460228668776,29.7346921483053,45
-7.6926,53.28823,2021/06/18 23:00:00+00,Sat 19 Jun 2021,6149,32659,409,2373799,1359107,74140,2447939,1433247,51.9852908541196,30.4369357899827,46
-7.6926,53.28823,2021/06/19 23:00:00+00,Sun 20 Jun 2021,8392,26060,164,2382191,1385167,74304,2456495,1459471,52.1669890698627,30.9938378481461,47
-7.6926,53.28823,2021/06/20 23:00:00+00,Mon 21 Jun 2021,15289,32185,543,2397480,1417352,74847,2472327,1492199,52.5032029725794,31.6888611306191,48
-7.6926,53.28823,2021/09/09 23:00:00+00,Fri 10 Sep 2021,3357,13869,109,3515842,3298728,235799,3751641,3534527,79.6711636054821,75.0604545810737,49
-7.6926,53.28823,2021/06/21 23:00:00+00,Tue 22 Jun 2021,14961,43388,688,2412441,1460740,75535,2487976,1536275,52.8355306231361,32.6248745197134,50
-7.6926,53.28823,2021/06/22 23:00:00+00,Wed 23 Jun 2021,19871,39202,860,2432312,1499942,76395,2508707,1576337,53.2757814074476,33.4756451974949,51
-7.6926,53.28823,2021/06/23 23:00:00+00,Thu 24 Jun 2021,18832,44101,1008,2451144,1544043,77403,2528547,1621446,53.6971106033736,34.4335957367601,52
-7.6926,53.28823,2021/06/24 23:00:00+00,Fri 25 Jun 2021,14995,49987,798,2466139,1594030,78201,2544340,1672231,54.0324962884168,35.5120838020373,53
-7.6926,53.28823,2021/06/25 23:00:00+00,Sat 26 Jun 2021,8862,30396,469,2475001,1624426,78670,2553671,1703096,54.2306526758757,36.1675437633404,54
-7.6926,53.28823,2021/06/26 23:00:00+00,Sun 27 Jun 2021,8612,30345,40,2483613,1654771,78710,2562323,1733481,54.4143895812765,36.812810276355,55
-7.6926,53.28823,2021/06/27 23:00:00+00,Mon 28 Jun 2021,24059,24465,475,2507672,1679236,79185,2586857,1758421,54.935402206924,37.3424448603466,56
-7.6926,53.28823,2021/06/28 23:00:00+00,Tue 29 Jun 2021,27940,30809,766,2535612,1710045,79951,2615563,1789996,55.5450128872794,38.0129826305765,57
-7.6926,53.28823,2021/06/29 23:00:00+00,Wed 30 Jun 2021,22344,36648,542,2557956,1746693,80493,2638449,1827186,56.0310280071363,38.8027625094316,58
-7.6926,53.28823,2021/06/30 23:00:00+00,Thu 01 Jul 2021,14687,48126,595,2572643,1794819,81088,2653731,1875907,56.3555619170224,39.8374187470681,59
-7.6926,53.28823,2021/07/01 23:00:00+00,Fri 02 Jul 2021,13446,47065,783,2586089,1841884,81871,2667960,1923755,56.6577339497255,40.8535356506298,60
-7.6926,53.28823,2021/07/02 23:00:00+00,Sat 03 Jul 2021,9154,30276,471,2595243,1872160,82342,2677585,1954502,56.8621338242611,41.5064897225619,61
-7.6926,53.28823,2021/07/03 23:00:00+00,Sun 04 Jul 2021,6333,27680,206,2601576,1899840,82548,2684124,1982388,57.0009983208418,42.0986865954244,62
-7.6926,53.28823,2021/07/04 23:00:00+00,Mon 05 Jul 2021,15341,33202,5310,2616917,1933042,87858,2704775,2020900,57.4395501971052,42.9165409297742,63
-7.6926,53.28823,2021/07/05 23:00:00+00,Tue 06 Jul 2021,12180,48120,5453,2629097,1981162,93311,2722408,2074473,57.8140107672545,44.0542359405272,64
-7.6926,53.28823,2021/07/06 23:00:00+00,Wed 07 Jul 2021,19474,43510,5015,2648571,2024672,98326,2746897,2122998,58.334067757125,45.0847298534458,65
-7.6926,53.28823,2021/07/07 23:00:00+00,Thu 08 Jul 2021,17589,45389,5957,2666160,2070061,104283,2770443,2174344,58.8340988683786,46.1751315114102,66
-7.6926,53.28823,2021/07/08 23:00:00+00,Fri 09 Jul 2021,13335,44880,6505,2679495,2114941,110788,2790283,2225729,59.2554280643045,47.266361387048,67
-7.6926,53.28823,2021/07/09 23:00:00+00,Sat 10 Jul 2021,8463,23668,4330,2687958,2138609,115118,2803076,2253727,59.5271046975445,47.8609367311777,68
-7.6926,53.28823,2021/07/10 23:00:00+00,Sun 11 Jul 2021,15128,15996,2136,2703086,2154605,117254,2820340,2271859,59.8937290543219,48.245994240277,69
-7.6926,53.28823,2021/07/11 23:00:00+00,Mon 12 Jul 2021,16958,31522,6049,2720044,2186127,123303,2843347,2309430,60.3823137726016,49.0438651687111,70
-7.6926,53.28823,2021/07/12 23:00:00+00,Tue 13 Jul 2021,19941,36315,8454,2739985,2222442,131757,2871742,2354199,60.98531994792,49.994595348772,71
-7.6926,53.28823,2021/07/13 23:00:00+00,Wed 14 Jul 2021,20631,35450,9301,2760616,2257892,141058,2901674,2398950,61.6209663941123,50.9449432745221,72
-7.6926,53.28823,2021/07/14 23:00:00+00,Thu 15 Jul 2021,23450,28603,9534,2784066,2286495,150592,2934658,2437087,62.3214261823391,51.7548339773965,73
-7.6926,53.28823,2021/07/15 23:00:00+00,Fri 16 Jul 2021,23405,27136,9130,2807471,2313631,159722,2967193,2473353,63.0123508491461,52.5249914682961,74
-7.6926,53.28823,2021/07/16 23:00:00+00,Sat 17 Jul 2021,11389,19216,4642,2818860,2332847,164364,2983224,2497211,63.3527907856324,53.0316483209373,75
-7.6926,53.28823,2021/07/17 23:00:00+00,Sun 18 Jul 2021,16765,15658,1912,2835625,2348505,166276,3001901,2514781,63.7494221058093,53.4047710009987,76
-7.6926,53.28823,2021/07/18 23:00:00+00,Mon 19 Jul 2021,24702,18183,6205,2860327,2366688,172481,3032808,2539169,64.4057739938376,53.9226831194585,77
-7.6926,53.28823,2021/07/19 23:00:00+00,Tue 20 Jul 2021,30409,17895,7660,2890736,2384583,180141,3070877,2564724,65.2142206248711,54.4653780590698,78
-7.6926,53.28823,2021/07/20 23:00:00+00,Wed 21 Jul 2021,30135,19571,6841,2920871,2404154,186982,3107853,2591136,65.9994559246976,55.0262725511462,79
-7.6926,53.28823,2021/07/21 23:00:00+00,Thu 22 Jul 2021,33358,15669,6894,2954229,2419823,193876,3148105,2613699,66.8542615090933,55.5054283297589,80
-7.6926,53.28823,2021/07/22 23:00:00+00,Fri 23 Jul 2021,26936,20562,5565,2981165,2440385,199441,3180606,2639826,67.5444641399798,56.060270461914,81
-7.6926,53.28823,2021/07/23 23:00:00+00,Sat 24 Jul 2021,15327,14589,2238,2996492,2454974,201679,3198171,2656653,67.9174806382883,56.4176145334788,82
-7.6926,53.28823,2021/07/24 23:00:00+00,Sun 25 Jul 2021,14641,13511,1022,3011133,2468485,202701,3213834,2671186,68.2501055977534,56.7262424167646,83
-7.6926,53.28823,2021/07/25 23:00:00+00,Mon 26 Jul 2021,23698,17941,3379,3034831,2486426,206080,3240911,2692506,68.8251222629795,57.1790014115802,84
-7.6926,53.28823,2021/07/26 23:00:00+00,Tue 27 Jul 2021,25332,23557,3628,3060163,2509983,209708,3269871,2719691,69.4401269763875,57.7563116026713,85
-7.6926,53.28823,2021/07/27 23:00:00+00,Wed 28 Jul 2021,23301,25007,3231,3083464,2534990,212939,3296403,2747929,70.0035698305361,58.3559836709453,86
-7.6926,53.28823,2021/07/28 23:00:00+00,Thu 29 Jul 2021,19146,27594,2929,3102610,2562584,215868,3318478,2778452,70.4723622700555,59.0041808003428,87
-7.6926,53.28823,2021/07/29 23:00:00+00,Fri 30 Jul 2021,21808,22650,2086,3124418,2585234,217954,3342372,2803188,70.9797836313183,59.5294831688118,88
-7.6926,53.28823,2021/07/30 23:00:00+00,Sat 31 Jul 2021,13641,12267,890,3138059,2597501,218844,3356903,2816345,71.2883690419029,59.8088898336705,89
-7.6926,53.28823,2021/07/31 23:00:00+00,Sun 01 Aug 2021,11001,9176,355,3149060,2606677,219199,3368259,2825876,71.5295290393291,60.0112934912497,90
-7.6926,53.28823,2021/08/01 23:00:00+00,Mon 02 Aug 2021,14895,15732,401,3163955,2622409,219600,3383555,2842009,71.8543602581236,60.3538995354973,91
-7.6926,53.28823,2021/08/02 23:00:00+00,Tue 03 Aug 2021,17218,25196,1086,3181173,2647605,220686,3401859,2868291,72.2430704195262,60.9120333019956,92
-7.6926,53.28823,2021/08/03 23:00:00+00,Wed 04 Aug 2021,21984,17021,1557,3203157,2664626,222243,3425400,2886869,72.7429953490269,61.3065622234629,93
-7.6926,53.28823,2021/08/04 23:00:00+00,Thu 05 Aug 2021,13397,29801,1408,3216554,2694427,223651,3440205,2918078,73.0573995196762,61.9693274893728,94
-7.6926,53.28823,2021/08/05 23:00:00+00,Fri 06 Aug 2021,12063,24511,928,3228617,2718938,224579,3453196,2943517,73.3332809503352,62.5095590123143,95
-7.6926,53.28823,2021/08/06 23:00:00+00,Sat 07 Aug 2021,6269,8263,565,3234886,2727201,225144,3460030,2952345,73.4784101703431,62.6970335154209,96
-7.6926,53.28823,2021/08/07 23:00:00+00,Sun 08 Aug 2021,8559,11830,145,3243445,2739031,225289,3468734,2964320,73.6632513659752,62.9513388138691,97
-7.6926,53.28823,2021/08/08 23:00:00+00,Mon 09 Aug 2021,5454,22783,587,3248899,2761814,225876,3474775,2987690,73.7915401599564,63.447632327417,98
-7.6926,53.28823,2021/08/09 23:00:00+00,Tue 10 Aug 2021,9235,25737,693,3258134,2787551,226569,3484703,3014120,74.0023746487242,64.0089090738042,99
-7.6926,53.28823,2021/08/10 23:00:00+00,Wed 11 Aug 2021,6913,30967,638,3265047,2818518,227207,3492254,3045725,74.1627303321132,64.6800839345521,100
-7.6926,53.28823,2021/08/11 23:00:00+00,Thu 12 Aug 2021,6660,38063,852,3271707,2856581,228059,3499766,3084640,74.3222577978287,65.5064965181941,101
-7.6926,53.28823,2021/08/12 23:00:00+00,Fri 13 Aug 2021,10820,28018,848,3282527,2884599,228907,3511434,3113506,74.5700435366424,66.1195050146457,102
-7.6926,53.28823,2021/08/13 23:00:00+00,Sat 14 Aug 2021,18054,5693,269,3300581,2890292,229176,3529757,3119468,74.9591571887064,66.2461161369294,103
-7.6926,53.28823,2021/08/14 23:00:00+00,Sun 15 Aug 2021,16960,3637,40,3317541,2893929,229216,3546757,3123145,75.3201751489252,66.3242021980897,104
-7.6926,53.28823,2021/08/15 23:00:00+00,Mon 16 Aug 2021,10116,22941,362,3327657,2916870,229578,3557235,3146448,75.5426896305236,66.8190728761473,105
-7.6926,53.28823,2021/08/16 23:00:00+00,Tue 17 Aug 2021,12796,26672,516,3340453,2943542,230094,3570547,3173636,75.8253879297255,67.3964467762901,106
-7.6926,53.28823,2021/08/17 23:00:00+00,Wed 18 Aug 2021,15155,25565,647,3355608,2969107,230741,3586349,3199848,76.1609647419242,67.9530939982463,107
-7.6926,53.28823,2021/08/18 23:00:00+00,Thu 19 Aug 2021,11308,25514,527,3366916,2994621,231268,3598184,3225889,76.4122969512883,68.5061098042497,108
-7.6926,53.28823,2021/08/19 23:00:00+00,Fri 20 Aug 2021,14766,22070,671,3381682,3016691,231939,3613621,3248630,76.7401224955175,68.9890456532694,109
-7.6926,53.28823,2021/08/20 23:00:00+00,Sat 21 Aug 2021,11810,7851,231,3393492,3024542,232170,3625662,3256712,76.9958293931055,69.1606778388276,110
-7.6926,53.28823,2021/08/21 23:00:00+00,Sun 22 Aug 2021,7987,12177,156,3401479,3036719,232326,3633805,3269045,77.1687569960502,69.422585750791,111
-7.6926,53.28823,2021/08/22 23:00:00+00,Mon 23 Aug 2021,10814,15197,275,3412293,3051916,232601,3644894,3284517,77.4042468878659,69.7511545672913,112
-7.6926,53.28823,2021/08/23 23:00:00+00,Tue 24 Aug 2021,9657,22751,375,3421950,3074667,232976,3654926,3307643,77.6172899570962,70.2422664112925,113
-7.6926,53.28823,2021/08/24 23:00:00+00,Wed 25 Aug 2021,9355,19324,306,3431305,3093991,233282,3664587,3327273,77.8224543402535,70.6591359735922,114
-7.6926,53.28823,2021/08/25 23:00:00+00,Thu 26 Aug 2021,8528,19268,362,3439833,3113259,233644,3673477,3346903,78.0112454970973,71.0760055358919,115
-7.6926,53.28823,2021/08/26 23:00:00+00,Fri 27 Aug 2021,9664,19069,427,3449497,3132328,234071,3683568,3366399,78.2255415110131,71.490029427211,116
-7.6926,53.28823,2021/08/27 23:00:00+00,Sat 28 Aug 2021,9884,7805,146,3459381,3140133,234217,3693598,3374350,78.4385421075421,71.6588796508404,117
-7.6926,53.28823,2021/08/28 23:00:00+00,Sun 29 Aug 2021,8785,9142,24,3468166,3149275,234241,3702407,3383516,78.6256131199873,71.8535320404501,118
-7.6926,53.28823,2021/08/29 23:00:00+00,Mon 30 Aug 2021,5025,10991,79,3473191,3160266,234320,3707511,3394586,78.7340034534553,72.0886184416044,119
-7.6926,53.28823,2021/08/30 23:00:00+00,Tue 31 Aug 2021,4019,12723,136,3477210,3172989,234456,3711666,3407445,78.8222404902029,72.361696673984,120
-7.6926,53.28823,2021/08/31 23:00:00+00,Wed 01 Sep 2021,4904,12407,175,3482114,3185396,234631,3716745,3420027,78.9300999149059,72.6288924372471,121
-7.6926,53.28823,2021/09/01 23:00:00+00,Thu 02 Sep 2021,4969,12264,243,3487083,3197660,234874,3721957,3432534,79.0407837742389,72.8944954742151,122
-7.6926,53.28823,2021/09/02 23:00:00+00,Fri 03 Sep 2021,4728,15918,159,3491811,3213578,235033,3726844,3448611,79.1445658196265,73.2359122828291,123
-7.6926,53.28823,2021/09/03 23:00:00+00,Sat 04 Sep 2021,4602,10521,130,3496413,3224099,235163,3731576,3459262,79.2450562306709,73.4621006530815,124
-7.6926,53.28823,2021/09/04 23:00:00+00,Sun 05 Sep 2021,5296,11843,1,3501709,3235942,235164,3736873,3471106,79.357545179805,73.713623989601,125
-7.6926,53.28823,2021/09/05 23:00:00+00,Mon 06 Sep 2021,2119,9590,69,3503828,3245532,235233,3739061,3480765,79.4040103149202,73.9187459000571,126
-7.6926,53.28823,2021/09/06 23:00:00+00,Tue 07 Sep 2021,2999,9909,141,3506827,3255441,235374,3742201,3490815,79.4706924558077,74.1321712235982,127
-7.6926,53.28823,2021/09/07 23:00:00+00,Wed 08 Sep 2021,2575,14704,181,3509402,3270145,235555,3744957,3505700,79.5292198380643,74.4482743022956,128
-7.6926,53.28823,2021/09/08 23:00:00+00,Thu 09 Sep 2021,3083,14714,135,3512485,3284859,235690,3748175,3520549,79.5975584142987,74.7636128723714,129
-7.6926,53.28823,2021/09/10 23:00:00+00,Sat 11 Sep 2021,2538,11252,57,3518380,3309980,235856,3754236,3545836,79.726271935292,75.3006164700216,130
-7.6926,53.28823,2021/09/11 23:00:00+00,Sun 12 Sep 2021,2023,12849,1,3520403,3322829,235857,3756260,3558686,79.7692543089086,75.5735035752458,131
-7.6926,53.28823,2021/09/12 23:00:00+00,Mon 13 Sep 2021,1580,7661,48,3521983,3330490,235905,3757888,3566395,79.8038270876872,75.7372146020297,132
-7.6926,53.28823,2021/09/13 23:00:00+00,Tue 14 Sep 2021,1521,10704,80,3523504,3341194,235985,3759489,3577179,79.8378264849996,75.966227406912,133
-7.6926,53.28823,2021/09/14 23:00:00+00,Wed 15 Sep 2021,3250,12339,132,3526754,3353533,236117,3762871,3589650,79.9096478227325,76.2310659352584,134
-7.6926,53.28823,2021/09/15 23:00:00+00,Thu 16 Sep 2021,1884,10534,110,3528638,3364067,236227,3764865,3600294,79.9519931058311,76.4571056510566,135
-7.6926,53.28823,2021/09/16 23:00:00+00,Fri 17 Sep 2021,2541,14532,89,3531179,3378599,236316,3767495,3614915,80.007844707912,76.7676023331954,136
-7.6926,53.28823,2021/09/17 23:00:00+00,Sat 18 Sep 2021,2273,11181,42,3533452,3389780,236358,3769810,3626138,80.0570068595536,77.0059378959916,137
-7.6926,53.28823,2021/09/18 23:00:00+00,Sun 19 Sep 2021,1854,8463,11,3535306,3398243,236369,3771675,3634612,80.0966126534247,77.1858947309853,138
-7.6926,53.28823,2021/09/19 23:00:00+00,Mon 20 Sep 2021,948,5562,32,3536254,3403805,236401,3772655,3640206,80.1174242770138,77.3046908762479,139
-7.6926,53.28823,2021/09/20 23:00:00+00,Tue 21 Sep 2021,1443,6603,89,3537697,3410408,236490,3774187,3646898,80.1499583661346,77.4468045344705,140
-7.6926,53.28823,2021/09/21 23:00:00+00,Wed 22 Sep 2021,1886,8081,95,3539583,3418489,236585,3776168,3655074,80.1920275766754,77.6204329369852,141
-7.6926,53.28823,2021/09/22 23:00:00+00,Thu 23 Sep 2021,1680,8703,86,3541263,3427192,236671,3777934,3663863,80.229530971837,77.8070792224183,142
-7.6926,53.28823,2021/09/23 23:00:00+00,Fri 24 Sep 2021,1900,7326,79,3543163,3434518,236750,3779913,3671268,80.2715577096766,77.9643343986195,143
-7.6926,53.28823,2021/09/24 23:00:00+00,Sat 25 Sep 2021,2400,6550,50,3545563,3441068,236800,3782363,3677868,80.3235867686493,78.1044943125868,144
-7.6926,53.28823,2021/09/25 23:00:00+00,Sun 26 Sep 2021,1537,7083,0,3547100,3448151,236800,3783900,3684951,80.3562270395232,78.2549113838944,145
-7.6926,53.28823,2021/09/26 23:00:00+00,Mon 27 Sep 2021,1165,3721,45,3548265,3451872,236845,3785110,3688717,80.3819230237505,78.3348874802581,146
-7.6926,53.28823,2021/09/27 23:00:00+00,Tue 28 Sep 2021,1435,5062,91,3549700,3456934,236936,3786636,3693870,80.4143296947678,78.4443183949057,147
-7.6926,53.28823,2021/09/28 23:00:00+00,Wed 29 Sep 2021,1637,3546,73,3551337,3460480,237009,3788346,3697489,80.4506438542957,78.5211727477311,148
-7.6926,53.28823,2021/09/29 23:00:00+00,Thu 30 Sep 2021,1268,3900,77,3552605,3464380,237086,3789691,3701466,80.4792067458542,78.6056297140717,149
-7.6926,53.28823,2021/09/30 23:00:00+00,Fri 01 Oct 2021,1832,5114,40,3554437,3469494,237126,3791563,3706620,80.5189611941795,78.7150818650697,150
-7.6926,53.28823,2021/10/01 23:00:00+00,Sat 02 Oct 2021,1705,4036,39,3556142,3473530,237165,3793307,3710695,80.5559973896278,78.8016199937693,151
-7.6926,53.28823,2021/10/02 23:00:00+00,Sun 03 Oct 2021,1203,2992,9,3557345,3476522,237174,3794519,3713696,80.5817358465563,78.8653502819232,152
-7.6926,53.28823,2021/10/03 23:00:00+00,Mon 04 Oct 2021,332,1177,17,3557677,3477699,237191,3794868,3714890,80.5891473329161,78.8907064845409,153
-7.6926,53.28823,2021/10/04 23:00:00+00,Tue 05 Oct 2021,953,2760,68,3558630,3480459,237259,3795889,3717718,80.6108296468798,78.9507628840408,154
-7.6926,53.28823,2021/10/05 23:00:00+00,Wed 06 Oct 2021,975,2505,34,3559605,3482964,237293,3796898,3720257,80.6322571246364,79.004681978217,155
-7.6926,53.28823,2021/10/06 23:00:00+00,Thu 07 Oct 2021,1205,2642,42,3560810,3485606,237335,3798145,3722941,80.6587388538359,79.0616803432304,156
-7.6926,53.28823,2021/10/07 23:00:00+00,Fri 08 Oct 2021,978,2707,44,3561788,3488313,237379,3799167,3725692,80.6804424041503,79.120101543734,157
-7.6926,53.28823,2021/10/08 23:00:00+00,Sat 09 Oct 2021,729,2323,19,3562517,3490636,237398,3799915,3728034,80.6963271943999,79.1698370768418,158
-7.6926,53.28823,2021/10/09 23:00:00+00,Sun 10 Oct 2021,1528,3892,0,3564045,3494528,237398,3801443,3731926,80.7287763381184,79.2524889533813,159
-7.6926,53.28823,2021/10/10 23:00:00+00,Mon 11 Oct 2021,329,1069,12,3564374,3495597,237410,3801784,3733007,80.7360179336734,79.2754454483811,160
-7.6926,53.28823,2021/10/11 23:00:00+00,Tue 12 Oct 2021,561,1566,20,3564935,3497163,237430,3802365,3734593,80.7483562533726,79.3091263004345,161
-7.6926,53.28823,2021/10/12 23:00:00+00,Wed 13 Oct 2021,1028,1983,9,3565963,3499146,237439,3803402,3736585,80.770378348946,79.3514291108319,162
-7.6926,53.28823,2021/10/13 23:00:00+00,Thu 14 Oct 2021,696,1523,7,3566659,3500669,237446,3804105,3738115,80.7853075034185,79.3839207272516,163
-7.6926,53.28823,2021/10/14 23:00:00+00,Fri 15 Oct 2021,951,2000,6,3567610,3502669,237452,3805062,3740121,80.8056306909438,79.4265208465574,164
-7.6926,53.28823,2021/10/15 23:00:00+00,Sat 16 Oct 2021,1378,2592,11,3568988,3505261,237463,3806451,3742724,80.8351279819287,79.4817990671721,165
-7.6926,53.28823,2021/10/16 23:00:00+00,Sun 17 Oct 2021,1708,2875,2,3570696,3508136,237465,3808161,3745601,80.8714421414566,79.5428960478514,166
-7.6926,53.28823,2021/10/17 23:00:00+00,Mon 18 Oct 2021,668,1171,3,3571364,3509307,237468,3808832,3746775,80.88569173271,79.5678275234571,167
-7.6926,53.28823,2021/10/18 23:00:00+00,Tue 19 Oct 2021,1328,1732,10,3572692,3511039,237478,3810170,3748517,80.9141059698142,79.6048212462043,168
-7.6926,53.28823,2021/10/19 23:00:00+00,Wed 20 Oct 2021,2246,2255,0,3574938,3513294,237478,3812416,3750772,80.9618028132643,79.6527092168098,169
-7.6926,53.28823,2021/10/20 23:00:00+00,Thu 21 Oct 2021,1754,1769,8,3576692,3515063,237486,3814178,3752549,80.9992212630235,79.6904462118279,170
-7.6926,53.28823,2021/10/21 23:00:00+00,Fri 22 Oct 2021,1493,1878,1,3578185,3516941,237487,3815672,3754428,81.0309483708215,79.7303493146074,171
-7.6926,53.28823,2021/10/22 23:00:00+00,Sat 23 Oct 2021,2006,1662,0,3580191,3518603,237487,3817678,3756090,81.0735484901273,79.7656441293064,172
-7.6926,53.28823,2021/10/23 23:00:00+00,Sun 24 Oct 2021,1943,2171,0,3582134,3520774,237487,3819621,3758261,81.1148107193453,79.8117482464614,173
-7.6926,53.28823,2021/10/24 23:00:00+00,Mon 25 Oct 2021,1214,809,0,3583348,3521583,237487,3820835,3759070,81.140591648975,79.8289284540977,174
-7.6926,53.28823,2021/10/25 23:00:00+00,Tue 26 Oct 2021,1238,1166,5,3584586,3522749,237492,3822078,3760241,81.1669884327722,79.8537962206516,175
-7.6926,53.28823,2021/10/26 23:00:00+00,Wed 27 Oct 2021,1552,1383,4,3586138,3524132,237496,3823634,3761628,81.2000321943075,79.8832510389354,176
-7.6926,53.28823,2021/10/27 23:00:00+00,Thu 28 Oct 2021,2143,1644,2,3588281,3525776,237498,3825779,3763274,81.2455841663469,79.9182060720248,177
-7.6926,53.28823,2021/10/28 23:00:00+00,Fri 29 Oct 2021,2134,1316,0,3590415,3527092,237498,3827913,3764590,81.2909025385296,79.9461531094158,178
-7.6926,53.28823,2021/10/29 23:00:00+00,Sat 30 Oct 2021,2002,1421,0,3592417,3528513,237498,3829915,3766011,81.3334177124331,79.97632996362,179
-7.6926,53.28823,2021/10/30 23:00:00+00,Sun 31 Oct 2021,1627,1310,0,3594044,3529823,237498,3831542,3767321,81.3679692548611,80.0041495829075,180
-7.6926,53.28823,2021/11/01 00:00:00+00,Mon 01 Nov 2021,256,243,0,3594300,3530066,237498,3831798,3767564,81.3734057606149,80.0093100161035,181
-7.6926,53.28823,2021/11/02 00:00:00+00,Tue 02 Nov 2021,1087,1056,9,3595387,3531122,237507,3832894,3768629,81.3966808008737,80.0319267294937,182
-7.6926,53.28823,2021/11/03 00:00:00+00,Wed 03 Nov 2021,2535,1788,5,3597922,3532910,237512,3835434,3770422,81.4506211314006,80.0700035061215,183
-7.6926,53.28823,2021/11/04 00:00:00+00,Thu 04 Nov 2021,1551,1221,0,3599473,3534131,237512,3836985,3771643,81.4835587111829,80.0959330902054,184
-7.6926,53.28823,2021/11/05 00:00:00+00,Fri 05 Nov 2021,1632,1017,1,3601105,3535148,237513,3838618,3772661,81.5182376717145,80.1175516951174,185
-7.6926,53.28823,2021/11/06 00:00:00+00,Sat 06 Nov 2021,1820,1318,5,3602925,3536466,237518,3840443,3773984,81.5569940115615,80.1456473869626,186
-7.6926,53.28823,2021/11/07 00:00:00+00,Sun 07 Nov 2021,730,765,0,3603655,3537231,237518,3841173,3774749,81.5724965475003,80.1618931951725,187
-7.6926,53.28823,2021/11/08 00:00:00+00,Mon 08 Nov 2021,511,489,1,3604166,3537720,237519,3841685,3775239,81.5833695590081,80.172299006967,188
-7.6926,53.28823,2021/11/09 00:00:00+00,Tue 09 Nov 2021,1378,994,1,3605544,3538714,237520,3843064,3776234,81.612654486487,80.1934291758151,189
-7.6926,53.28823,2021/11/10 00:00:00+00,Wed 10 Nov 2021,1623,1298,0,3607167,3540012,237520,3844687,3777532,81.6471210835126,80.2209939588953,190
-7.6926,53.28823,2021/11/11 00:00:00+00,Thu 11 Nov 2021,1402,1052,1,3608569,3541064,237521,3846090,3778585,81.6769156834059,80.2433558360783,191
-7.6926,53.28823,2021/11/12 00:00:00+00,Fri 12 Nov 2021,1157,1081,5,3609726,3542145,237526,3847252,3779671,81.7015923228044,80.2664185128311,192
-7.6926,53.28823,2021/11/13 00:00:00+00,Sat 13 Nov 2021,1410,1333,0,3611136,3543478,237526,3848662,3781004,81.731535577152,80.2947265681824,193
-7.6926,53.28823,2021/11/14 00:00:00+00,Sun 14 Nov 2021,1648,1799,0,3612784,3545277,237526,3850310,3782803,81.7665330829426,80.3329307629138,194
-7.6926,53.28823,2021/11/15 00:00:00+00,Mon 15 Nov 2021,1251,546,0,3614035,3545823,237526,3851561,3783349,81.7930997575446,80.344525810342,195
-7.6926,53.28823,2021/11/16 00:00:00+00,Tue 16 Nov 2021,1322,1022,4,3615357,3546845,237530,3852887,3784375,81.8212591584416,80.3663143060587,196
-7.6926,53.28823,2021/11/17 00:00:00+00,Wed 17 Nov 2021,1515,1056,0,3616872,3547901,237530,3854402,3785431,81.8534322296023,80.3887398922935,197
-7.6926,53.28823,2021/11/18 00:00:00+00,Thu 18 Nov 2021,1672,2427,5,3618544,3550328,237535,3856079,3787863,81.8890455895604,80.4403866969554,198
-7.6926,53.28823,2021/11/19 00:00:00+00,Fri 19 Nov 2021,1181,1459,0,3619725,3551787,237535,3857260,3789322,81.9141257196203,80.4713705324824,199
-7.6926,53.28823,2021/11/20 00:00:00+00,Sat 20 Nov 2021,1540,2904,10,3621265,3554691,237545,3858810,3792236,81.947042063052,80.533253258134,200
-7.6926,53.28823,2021/11/21 00:00:00+00,Sun 21 Nov 2021,1787,2749,0,3623052,3557440,237545,3860597,3794985,81.9849914215762,80.5916319859364,201
-7.6926,53.28823,2021/11/22 00:00:00+00,Mon 22 Nov 2021,717,464,2,3623769,3557904,237547,3861316,3795451,82.0002603576584,80.6015281253166,202
-7.6926,53.28823,2021/11/23 00:00:00+00,Tue 23 Nov 2021,2171,1536,4,3625940,3559440,237551,3863491,3796991,82.0464494202158,80.6342321052422,203
-7.6926,53.28823,2021/11/24 00:00:00+00,Wed 24 Nov 2021,1628,3081,0,3627568,3562521,237551,3865119,3800072,82.0810221989944,80.6996613014443,204
-7.6926,53.28823,2021/11/25 00:00:00+00,Thu 25 Nov 2021,1010,1111,0,3628578,3563632,237551,3866129,3801183,82.1024709131015,80.7232548869621,205
-7.6926,53.28823,2021/11/26 00:00:00+00,Fri 26 Nov 2021,1295,1057,12,3629873,3564689,237563,3867436,3802252,82.1302268233371,80.7459565457547,206
-7.6926,53.28823,2021/11/27 00:00:00+00,Sat 27 Nov 2021,1234,1527,5,3631107,3566216,237568,3868675,3803784,82.1565386617319,80.7784906348756,207
-7.6926,53.28823,2021/11/28 00:00:00+00,Sun 28 Nov 2021,1971,2248,0,3633078,3568464,237568,3870646,3806032,82.1983955087667,80.8262299510268,208
-7.6926,53.28823,2021/11/29 00:00:00+00,Mon 29 Nov 2021,547,962,1,3633625,3569426,237569,3871194,3806995,82.2100330288961,80.8466805566557,209
-7.6926,53.28823,2021/11/30 00:00:00+00,Tue 30 Nov 2021,1939,1592,6,3635564,3571018,237575,3873139,3808593,82.2513377308152,80.8806162449163,210
-7.6926,53.28823,2021/12/01 00:00:00+00,Wed 01 Dec 2021,1130,1322,1,3636694,3572340,237576,3874270,3809916,82.2753560433451,80.9087119367615,211
-7.6926,53.28823,2021/12/02 00:00:00+00,Thu 02 Dec 2021,1811,1361,1,3638505,3573701,237577,3876082,3811278,82.3138363106343,80.9376358462803,212
-7.6926,53.28823,2021/12/03 00:00:00+00,Fri 03 Dec 2021,1049,1133,3,3639554,3574834,237580,3877134,3812414,82.3361769514667,80.9617603405631,213
-7.6926,53.28823,2021/12/04 00:00:00+00,Sat 04 Dec 2021,1200,1673,0,3640754,3576507,237580,3878334,3814087,82.361660572188,80.9972887551188,214
-7.6926,53.28823,2021/12/05 00:00:00+00,Sun 05 Dec 2021,1354,1764,0,3642108,3578271,237580,3879688,3815851,82.3904145909019,81.0347496775791,215
-7.6926,53.28823,2021/12/06 00:00:00+00,Mon 06 Dec 2021,944,1253,0,3643052,3579524,237580,3880632,3817104,82.4104617058693,81.0613588248823,216
-7.6926,53.28823,2021/12/07 00:00:00+00,Tue 07 Dec 2021,487,695,1,3643539,3580219,237581,3881120,3817800,82.4208250449627,81.0761393249007,217
-7.6926,53.28823,2021/12/08 00:00:00+00,Wed 08 Dec 2021,816,1435,0,3644355,3581654,237581,3881936,3819235,82.4381539070532,81.1066134880133,218
-7.6926,53.28823,2021/12/09 00:00:00+00,Thu 09 Dec 2021,800,1143,0,3645155,3582797,237581,3882736,3820378,82.455142987534,81.1308866367503,219
-7.6926,53.28823,2021/12/10 00:00:00+00,Fri 10 Dec 2021,883,1533,1,3646038,3584330,237582,3883620,3821912,82.4739159214654,81.1634631985724,220
-7.6926,53.28823,2021/12/11 00:00:00+00,Sat 11 Dec 2021,639,822,0,3646677,3585152,237582,3884259,3822734,82.4874859494995,81.1809194787665,221
-7.6926,53.28823,2021/12/12 00:00:00+00,Sun 12 Dec 2021,690,1188,0,3647367,3586340,237582,3884949,3823922,82.5021390314143,81.2061482632806,222
-7.6926,53.28823,2021/12/13 00:00:00+00,Mon 13 Dec 2021,714,1026,0,3648081,3587366,237582,3885663,3824948,82.5173017857435,81.2279367589974,223
-7.6926,53.28823,2021/12/14 00:00:00+00,Tue 14 Dec 2021,623,1136,1,3648704,3588502,237583,3886287,3826085,82.5305532685186,81.2520824896308,224
-7.6926,53.28823,2021/12/15 00:00:00+00,Wed 15 Dec 2021,792,1162,1,3649496,3589664,237584,3887080,3827248,82.5473936945453,81.2767803653799,225
-7.6926,53.28823,2021/12/16 00:00:00+00,Thu 16 Dec 2021,1050,1420,7,3650546,3591084,237591,3888137,3828675,82.5698405171306,81.3070846376877,226
-7.6926,53.28823,2021/12/17 00:00:00+00,Fri 17 Dec 2021,1192,2351,1,3651738,3593435,237592,3889330,3831027,82.5951754833977,81.3570325343015,227
-7.6926,53.28823,2021/12/18 00:00:00+00,Sat 18 Dec 2021,1262,1135,0,3653000,3594570,237592,3890592,3832162,82.6219757578563,81.3811357922337,228
-7.6926,53.28823,2021/12/19 00:00:00+00,Sun 19 Dec 2021,554,862,1,3653554,3595432,237593,3891147,3833025,82.63376193244,81.3994627628025,229
-7.6926,53.28823,2021/12/20 00:00:00+00,Mon 20 Dec 2021,541,521,0,3654095,3595953,237593,3891688,3833546,82.6452507981151,81.4105269014657,230
-7.6926,53.28823,2021/12/21 00:00:00+00,Tue 21 Dec 2021,1446,1694,2,3655541,3597647,237595,3893136,3835242,82.6760010337856,81.4465437520851,231
-7.6926,53.28823,2021/12/22 00:00:00+00,Wed 22 Dec 2021,1237,1446,2,3656778,3599093,237597,3894375,3836690,82.7023128721803,81.4772939877555,232
-7.6926,53.28823,2021/12/23 00:00:00+00,Thu 23 Dec 2021,937,1250,0,3657715,3600343,237597,3895312,3837940,82.7222113326935,81.5038394260069,233
-7.6926,53.28823,2021/12/24 00:00:00+00,Fri 24 Dec 2021,98,119,0,3657813,3600462,237597,3895410,3838059,82.7242924950525,81.5063665517285,234
-7.6926,53.28823,2021/12/26 00:00:00+00,Sun 26 Dec 2021,5,5,0,3657818,3600467,237597,3895415,3838064,82.7243986768055,81.5064727334815,235
-7.6926,53.28823,2021/12/27 00:00:00+00,Mon 27 Dec 2021,381,576,0,3658199,3601043,237597,3895796,3838640,82.7324897263845,81.5187048714277,236
-7.6926,53.28823,2021/12/28 00:00:00+00,Tue 28 Dec 2021,446,719,0,3658645,3601762,237597,3896242,3839359,82.7419611387526,81.5339738075099,237
-7.6926,53.28823,2021/12/29 00:00:00+00,Wed 29 Dec 2021,1062,1205,0,3659707,3602967,237597,3897304,3840564,82.7645141430909,81.5595636099842,238
-7.6926,53.28823,2021/12/30 00:00:00+00,Thu 30 Dec 2021,1030,1104,2,3660737,3604071,237599,3898336,3841670,82.7864300569113,81.5830510137491,239
-7.6926,53.28823,2021/12/31 00:00:00+00,Fri 31 Dec 2021,712,1635,0,3661449,3605706,237599,3899048,3843305,82.8015503385393,81.6177724469819,240
-7.6926,53.28823,2022/01/01 00:00:00+00,Sat 01 Jan 2022,64,91,1,3661513,3605797,237600,3899113,3843397,82.8029307013284,81.6197261912372,241
-7.6926,53.28823,2022/01/02 00:00:00+00,Sun 02 Jan 2022,267,611,0,3661780,3606408,237600,3899380,3844008,82.8086008069388,81.6327016014544,242
-7.6926,53.28823,2022/01/03 00:00:00+00,Mon 03 Jan 2022,3619,695,0,3665399,3607103,237600,3902999,3844703,82.8854551597642,81.6474608651222,243
-7.6926,53.28823,2022/01/04 00:00:00+00,Tue 04 Jan 2022,1169,696,0,3666568,3607799,237600,3904168,3845399,82.9102804536169,81.6622413651406,244
-7.6926,53.28823,2022/01/05 00:00:00+00,Wed 05 Jan 2022,2125,786,0,3668693,3608585,237600,3906293,3846185,82.9554076986443,81.678933136713,245
-7.6926,53.28823,2022/01/06 00:00:00+00,Thu 06 Jan 2022,2430,1537,0,3671123,3610122,237600,3908723,3847722,83.007012030605,81.7115734075869,246
-7.6926,53.28823,2022/01/07 00:00:00+00,Fri 07 Jan 2022,4789,653,0,3675912,3610775,237600,3913512,3848375,83.1087129136337,81.7254407445295,247
-7.6926,53.28823,2022/01/08 00:00:00+00,Sat 08 Jan 2022,9770,679,0,3685682,3611454,237600,3923282,3849054,83.3161920590065,81.7398602265876,248
-7.6926,53.28823,2022/01/09 00:00:00+00,Sun 09 Jan 2022,7094,649,0,3692776,3612103,237600,3930376,3849703,83.4668427301707,81.7536426181277,249
-7.6926,53.28823,2022/01/10 00:00:00+00,Mon 10 Jan 2022,6616,405,0,3699392,3612508,237600,3936992,3850108,83.6073424257476,81.7622433401212,250
-7.6926,53.28823,2022/01/11 00:00:00+00,Tue 11 Jan 2022,4717,1224,1,3704109,3613732,237601,3941710,3851333,83.7075355278836,81.7882578696075,251
-7.6926,53.28823,2022/01/12 00:00:00+00,Wed 12 Jan 2022,7482,737,1,3711591,3614469,237602,3949193,3852071,83.8664471394317,81.8039302963511,252
-7.6926,53.28823,2022/01/13 00:00:00+00,Thu 13 Jan 2022,7210,645,0,3718801,3615114,237602,3956403,3852716,84.0195612272657,81.8176277424889,253
-7.6926,53.28823,2022/01/14 00:00:00+00,Fri 14 Jan 2022,10603,635,0,3729404,3615749,237602,3967006,3853351,84.2447302526892,81.8311128251206,254
-7.6926,53.28823,2022/01/15 00:00:00+00,Sat 15 Jan 2022,8272,569,0,3737676,3616318,237602,3975278,3853920,84.4203973448616,81.8431963086126,255
-7.6926,53.28823,2020/12/28 00:00:00+00,Mon 28 Dec 2020,142,19,6,142,19,6,148,25,0.00314297988896362,0.000530908765027638,256
-7.6926,53.28823,2020/12/29 00:00:00+00,Tue 29 Dec 2020,71,1,0,213,20,6,219,26,0.00465076078164211,0.000552145115628744,257
-7.6926,53.28823,2020/12/30 00:00:00+00,Wed 30 Dec 2020,1050,0,0,1263,20,6,1269,26,0.0269489289128029,0.000552145115628744,258
-7.6926,53.28823,2020/12/31 00:00:00+00,Thu 31 Dec 2020,1023,1,0,2286,21,6,2292,27,0.0486737155777339,0.000573381466229849,259
-7.6926,53.28823,2021/01/01 00:00:00+00,Fri 01 Jan 2021,801,0,0,3087,21,6,3093,27,0.0656840324092194,0.000573381466229849,260
-7.6926,53.28823,2021/01/02 00:00:00+00,Sat 02 Jan 2021,1011,0,0,4098,21,6,4104,27,0.0871539828669371,0.000573381466229849,261
-7.6926,53.28823,2021/01/03 00:00:00+00,Sun 03 Jan 2021,17,2,0,4115,23,6,4121,29,0.0875150008271559,0.00061585416743206,262
-7.6926,53.28823,2021/01/04 00:00:00+00,Mon 04 Jan 2021,1178,2,0,5293,25,6,5299,31,0.112531421835258,0.000658326868634271,263
-7.6926,53.28823,2021/01/05 00:00:00+00,Tue 05 Jan 2021,3504,4,0,8797,29,6,8803,35,0.186943594341532,0.000743272271038693,264
-7.6926,53.28823,2021/01/06 00:00:00+00,Wed 06 Jan 2021,6755,5,0,15552,34,6,15558,40,0.330395142652,0.000849454024044221,265
-7.6926,53.28823,2021/01/07 00:00:00+00,Thu 07 Jan 2021,11709,4,0,27261,38,6,27267,44,0.579051571840344,0.000934399426448643,266
-7.6926,53.28823,2021/01/08 00:00:00+00,Fri 08 Jan 2021,12658,5,0,39919,43,6,39925,49,0.847861297749138,0.00104058117945417,267
-7.6926,53.28823,2021/01/09 00:00:00+00,Sat 09 Jan 2021,8065,3,0,47984,46,6,47990,52,1.01913246534705,0.00110429023125749,268
-7.6926,53.28823,2021/01/10 00:00:00+00,Sun 10 Jan 2021,4757,1,1,52741,47,7,52748,54,1.12017502150711,0.0011467629324597,269
-7.6926,53.28823,2021/01/11 00:00:00+00,Mon 11 Jan 2021,8321,4,0,61062,51,7,61069,58,1.29688269485891,0.00123170833486412,270
-7.6926,53.28823,2021/01/12 00:00:00+00,Tue 12 Jan 2021,8850,6,0,69912,57,7,69919,64,1.4848243976787,0.00135912643847075,271
-7.6926,53.28823,2021/01/13 00:00:00+00,Wed 13 Jan 2021,9856,4,0,79768,61,7,79775,68,1.69412986920319,0.00144407184087518,272
-7.6926,53.28823,2021/01/14 00:00:00+00,Thu 14 Jan 2021,8046,2,0,87814,63,7,87821,70,1.86499754613969,0.00148654454207739,273
-7.6926,53.28823,2021/01/15 00:00:00+00,Fri 15 Jan 2021,7651,2,0,95465,65,7,95472,72,2.02747686458875,0.0015290172432796,274
-7.6926,53.28823,2021/01/16 00:00:00+00,Sat 16 Jan 2021,5206,3,0,100671,68,7,100678,75,2.1380333058181,0.00159272629508291,275
-7.6926,53.28823,2021/01/17 00:00:00+00,Sun 17 Jan 2021,1101,4,0,101772,72,7,101779,79,2.16141452782992,0.00167767169748734,276
-7.6926,53.28823,2021/01/18 00:00:00+00,Mon 18 Jan 2021,8674,4,0,110446,76,7,110453,83,2.34561863294391,0.00176261709989176,277
-7.6926,53.28823,2021/01/19 00:00:00+00,Tue 19 Jan 2021,8353,15,0,118799,91,7,118806,98,2.52300586951494,0.00208116235890834,278
-7.6926,53.28823,2021/01/20 00:00:00+00,Wed 20 Jan 2021,8428,957,0,127227,1048,7,127234,1055,2.70198583238106,0.0224043498841663,279
-7.6926,53.28823,2021/01/21 00:00:00+00,Thu 21 Jan 2021,8950,956,0,136177,2004,7,136184,2011,2.89205117026095,0.0427063010588232,280
-7.6926,53.28823,2021/01/22 00:00:00+00,Fri 22 Jan 2021,6737,962,0,142914,2966,7,142921,2973,3.0351204642606,0.0631356703370867,281
-7.6926,53.28823,2021/01/23 00:00:00+00,Sat 23 Jan 2021,4156,456,0,147070,3422,7,147077,3429,3.1233787373588,0.0728194462111908,282
-7.6926,53.28823,2021/01/24 00:00:00+00,Sun 24 Jan 2021,1171,396,0,148241,3818,7,148248,3825,3.14824650391269,0.0812290410492286,283
-7.6926,53.28823,2021/01/25 00:00:00+00,Mon 25 Jan 2021,1333,1282,0,149574,5100,7,149581,5107,3.17655455926397,0.108454042519846,284
-7.6926,53.28823,2021/01/26 00:00:00+00,Tue 26 Jan 2021,986,3495,0,150560,8595,7,150567,8602,3.19749360095666,0.18267508787071,285
-7.6926,53.28823,2021/01/27 00:00:00+00,Wed 27 Jan 2021,2141,6694,0,152701,15289,7,152708,15296,3.24296062759362,0.32483121879451,286
-7.6926,53.28823,2021/01/28 00:00:00+00,Thu 28 Jan 2021,953,11537,0,153654,26826,7,153661,26833,3.26319886971648,0.569834995679464,287
-7.6926,53.28823,2021/01/29 00:00:00+00,Fri 29 Jan 2021,1540,11523,0,155194,38349,7,155201,38356,3.29590284964218,0.814541463656003,288
-7.6926,53.28823,2021/01/30 00:00:00+00,Sat 30 Jan 2021,608,7793,0,155802,46142,7,155809,46149,3.30881455080765,0.980036343890419,289
-7.6926,53.28823,2021/01/31 00:00:00+00,Sun 31 Jan 2021,205,4080,0,156007,50222,7,156014,50229,3.31316800268088,1.06668065434293,290
-7.6926,53.28823,2021/02/01 00:00:00+00,Mon 01 Feb 2021,983,8331,0,156990,58553,7,156997,58560,3.33404333532176,1.24360069120074,291
-7.6926,53.28823,2021/02/02 00:00:00+00,Tue 02 Feb 2021,806,5096,0,157796,63649,7,157803,63656,3.35115983390625,1.35182113386397,292
-7.6926,53.28823,2021/02/03 00:00:00+00,Wed 03 Feb 2021,1363,6859,0,159159,70508,7,159166,70515,3.38010497977556,1.49748126263696,293
-7.6926,53.28823,2021/02/04 00:00:00+00,Thu 04 Feb 2021,1390,10530,0,160549,81038,7,160556,81045,3.4096235071111,1.7211000344666,294
-7.6926,53.28823,2021/02/05 00:00:00+00,Fri 05 Feb 2021,3359,8604,0,163908,89642,7,163915,89649,3.48095640878021,1.90381759503851,295
-7.6926,53.28823,2021/02/06 00:00:00+00,Sat 06 Feb 2021,876,3862,0,164784,93504,7,164791,93511,3.49955945190678,1.98583238105998,296
-7.6926,53.28823,2021/02/07 00:00:00+00,Sun 07 Feb 2021,305,1295,1,165089,94799,8,165097,94807,3.50605777519072,2.01335469143901,297
-7.6926,53.28823,2021/02/08 00:00:00+00,Mon 08 Feb 2021,1128,870,0,166217,95669,8,166225,95677,3.53001237866877,2.03183031646197,298
-7.6926,53.28823,2021/02/09 00:00:00+00,Tue 09 Feb 2021,4207,528,1,170424,96197,9,170433,96206,3.61937494199822,2.04306434592996,299
-7.6926,53.28823,2021/02/10 00:00:00+00,Wed 10 Feb 2021,8792,575,0,179216,96772,9,179225,96781,3.80608493648314,2.05527524752559,300
-7.6926,53.28823,2021/02/11 00:00:00+00,Thu 11 Feb 2021,6140,433,0,185356,97205,9,185365,97214,3.93647612917392,2.06447058733587,301
-7.6926,53.28823,2021/02/12 00:00:00+00,Fri 12 Feb 2021,4356,515,0,189712,97720,9,189721,97729,4.02898167239234,2.07540730789544,302
-7.6926,53.28823,2021/02/13 00:00:00+00,Sat 13 Feb 2021,1185,1908,0,190897,99628,9,190906,99637,4.05414674785465,2.11592626484235,303
-7.6926,53.28823,2021/02/14 00:00:00+00,Sun 14 Feb 2021,2674,19,0,193571,99647,9,193580,99656,4.11093274936201,2.11632975550377,304
-7.6926,53.28823,2021/02/15 00:00:00+00,Mon 15 Feb 2021,1928,7868,0,195499,107515,9,195508,107524,4.15187643332094,2.28341736203327,305
-7.6926,53.28823,2021/02/16 00:00:00+00,Tue 16 Feb 2021,5603,8147,0,201102,115662,9,201111,115671,4.27086370573893,2.45642991038048,306
-7.6926,53.28823,2021/02/17 00:00:00+00,Wed 17 Feb 2021,9701,8458,0,210803,124120,9,210812,124129,4.47687754292026,2.63604696376463,307
-7.6926,53.28823,2021/02/18 00:00:00+00,Thu 18 Feb 2021,8435,8326,0,219238,132446,9,219247,132455,4.65600616024058,2.81286081886943,308
-7.6926,53.28823,2021/02/19 00:00:00+00,Fri 19 Feb 2021,9362,6571,0,228600,139017,9,228609,139026,4.85482087456813,2.9524048786693,309
-7.6926,53.28823,2021/02/20 00:00:00+00,Sat 20 Feb 2021,5857,3564,1,234457,142581,10,234467,142591,4.97922341638941,3.02811246856224,310
-7.6926,53.28823,2021/02/21 00:00:00+00,Sun 21 Feb 2021,1090,1015,4,235547,143596,14,235561,143610,5.00245598394702,3.04975230982476,311
-7.6926,53.28823,2021/02/22 00:00:00+00,Mon 22 Feb 2021,3919,1102,1,239466,144698,15,239481,144713,5.08570247830335,3.07317600453778,312
-7.6926,53.28823,2021/02/23 00:00:00+00,Tue 23 Feb 2021,13328,1054,0,252794,145752,15,252809,145767,5.36874055911489,3.09555911807135,313
-7.6926,53.28823,2021/02/24 00:00:00+00,Wed 24 Feb 2021,16891,2087,2,269685,147839,17,269702,147856,5.72748622981936,3.13992185447706,314
-7.6926,53.28823,2021/02/25 00:00:00+00,Thu 25 Feb 2021,18022,1739,1,287707,149578,18,287725,149596,6.11022897670309,3.17687310452298,315
-7.6926,53.28823,2021/02/26 00:00:00+00,Fri 26 Feb 2021,16052,2750,0,303759,152328,18,303777,152346,6.45111487655203,3.23527306867602,316
-7.6926,53.28823,2021/02/27 00:00:00+00,Sat 27 Feb 2021,8945,697,1,312704,153025,19,312723,153044,6.64109526902952,3.25009604139559,317
-7.6926,53.28823,2021/02/28 00:00:00+00,Sun 28 Feb 2021,2421,46,1,315125,153071,20,315145,153091,6.6925297101854,3.25109414987385,318
-7.6926,53.28823,2021/03/01 00:00:00+00,Mon 01 Mar 2021,5546,778,0,320671,153849,20,320691,153869,6.81030651061913,3.26761603064151,319
-7.6926,53.28823,2021/03/02 00:00:00+00,Tue 02 Mar 2021,12133,1591,0,332804,155440,20,332824,155460,7.06796715246234,3.30140306444786,320
-7.6926,53.28823,2021/03/03 00:00:00+00,Wed 03 Mar 2021,12817,1491,1,345621,156931,21,345642,156952,7.34017469446731,3.33308769954471,321
-7.6926,53.28823,2021/03/04 00:00:00+00,Thu 04 Mar 2021,18677,1676,2,364298,158607,23,364321,158630,7.73684848734536,3.36872229585337,322
-7.6926,53.28823,2021/03/05 00:00:00+00,Fri 05 Mar 2021,18377,2380,5,382675,160987,28,382703,161015,8.12721508409489,3.41937099203701,323
-7.6926,53.28823,2021/03/06 00:00:00+00,Sat 06 Mar 2021,10391,124,1,393066,161111,29,393095,161140,8.34790323954157,3.42202553586214,324
-7.6926,53.28823,2021/03/07 00:00:00+00,Sun 07 Mar 2021,1492,7,1,394558,161118,30,394588,161148,8.37960911098902,3.42219542666695,325
-7.6926,53.28823,2021/03/08 00:00:00+00,Mon 08 Mar 2021,6606,1480,2,401164,162598,32,401196,162630,8.51993891576113,3.45366769825779,326
-7.6926,53.28823,2021/03/09 00:00:00+00,Tue 09 Mar 2021,13750,3084,2,414914,165682,34,414948,165716,8.81198120922753,3.5192030762128,327
-7.6926,53.28823,2021/03/10 00:00:00+00,Wed 10 Mar 2021,13656,3967,3,428570,169649,37,428607,169686,9.10204852208803,3.60351138809919,328
-7.6926,53.28823,2021/03/11 00:00:00+00,Thu 11 Mar 2021,18396,2081,1,446966,171730,38,447004,171768,9.49273366409657,3.64772547005069,329
-7.6926,53.28823,2021/03/12 00:00:00+00,Fri 12 Mar 2021,17252,1324,2,464218,173054,40,464258,173094,9.85914565736805,3.67588487094776,330
-7.6926,53.28823,2021/03/13 00:00:00+00,Sat 13 Mar 2021,8238,163,0,472456,173217,40,472496,173257,10.03409071362,3.67934639609574,331
-7.6926,53.28823,2021/03/14 00:00:00+00,Sun 14 Mar 2021,344,13,1,472800,173230,41,472841,173271,10.0414172545773,3.67964370500416,332
-7.6926,53.28823,2021/03/15 00:00:00+00,Mon 15 Mar 2021,2576,976,0,475376,174206,41,475417,174247,10.0961220937258,3.70037038319083,333
-7.6926,53.28823,2021/03/16 00:00:00+00,Tue 16 Mar 2021,8872,3795,0,484248,178001,41,484289,178042,10.2845309962588,3.78096233372203,334
-7.6926,53.28823,2021/03/17 00:00:00+00,Wed 17 Mar 2021,4835,2397,6,489083,180398,47,489130,180445,10.3873361695187,3.83199328421649,335
-7.6926,53.28823,2021/03/18 00:00:00+00,Thu 18 Mar 2021,11643,4665,2,500726,185063,49,500775,185112,10.6346334722686,3.93110333247185,336
-7.6926,53.28823,2021/03/19 00:00:00+00,Fri 19 Mar 2021,10268,6100,1,510994,191163,50,511044,191213,10.8527095565914,4.06066630748919,337
-7.6926,53.28823,2021/03/20 00:00:00+00,Sat 20 Mar 2021,5160,3096,2,516154,194259,52,516206,194311,10.9623315983943,4.12645652165141,338
-7.6926,53.28823,2021/03/21 00:00:00+00,Sun 21 Mar 2021,3578,42,1,519732,194301,53,519785,194354,11.0383364971956,4.12736968472726,339
-7.6926,53.28823,2021/03/22 00:00:00+00,Mon 22 Mar 2021,7329,2382,0,527061,196683,53,527114,196736,11.1939777107511,4.1779546718591,340
-7.6926,53.28823,2021/03/23 00:00:00+00,Tue 23 Mar 2021,12486,7361,2,539547,204044,55,539602,204099,11.4591772570577,4.33431792133504,341
-7.6926,53.28823,2021/03/24 00:00:00+00,Wed 24 Mar 2021,13531,9747,0,553078,213791,55,553133,213846,11.7465263170413,4.54130863064401,342
-7.6926,53.28823,2021/03/25 00:00:00+00,Thu 25 Mar 2021,20778,10194,2,573856,223985,57,573913,224042,12.1878176825323,4.75783446137288,343
-7.6926,53.28823,2021/03/26 00:00:00+00,Fri 26 Mar 2021,19620,9453,1,593476,233438,58,593534,233496,12.6044961176766,4.95860291995573,344
-7.6926,53.28823,2021/03/27 00:00:00+00,Sat 27 Mar 2021,11664,5310,0,605140,238748,58,605198,238806,12.8521969110879,5.07136794164761,345
-7.6926,53.28823,2021/03/28 00:00:00+00,Sun 28 Mar 2021,2434,470,0,607574,239218,58,607632,239276,12.9038861884509,5.08134902643013,346
-7.6926,53.28823,2021/03/28 23:00:00+00,Mon 29 Mar 2021,9189,3084,3,616763,242302,61,616824,242363,13.0990907231763,5.14690564073574,347
-7.6926,53.28823,2021/03/29 23:00:00+00,Tue 30 Mar 2021,13252,8630,1,630015,250932,62,630077,250994,13.3805360776928,5.33019658277388,348
-7.6926,53.28823,2021/03/30 23:00:00+00,Wed 31 Mar 2021,15713,10441,1,645728,261373,63,645791,261436,13.7142440910385,5.55194655575062,349
-7.6926,53.28823,2021/03/31 23:00:00+00,Thu 01 Apr 2021,19594,11584,4,665322,272957,67,665389,273024,14.130434090119,5.79803338651623,350
-7.6926,53.28823,2021/04/01 23:00:00+00,Fri 02 Apr 2021,20053,13682,4,685375,286639,71,685446,286710,14.5563715741254,6.08867408084296,351
-7.6926,53.28823,2021/04/02 23:00:00+00,Sat 03 Apr 2021,7478,4609,0,692853,291248,71,692924,291319,14.7151770039204,6.18655242076346,352
-7.6926,53.28823,2021/04/03 23:00:00+00,Sun 04 Apr 2021,2972,160,0,695825,291408,71,695896,291479,14.7782914379069,6.18995023685964,353
-7.6926,53.28823,2021/04/04 23:00:00+00,Mon 05 Apr 2021,3370,583,3,699195,291991,74,699269,292065,14.8499216484845,6.20239473831188,354
-7.6926,53.28823,2021/04/05 23:00:00+00,Tue 06 Apr 2021,11884,8122,5,711079,300113,79,711158,300192,15.102400620781,6.37498255964707,355
-7.6926,53.28823,2021/04/06 23:00:00+00,Wed 07 Apr 2021,18242,10428,3,729321,310541,82,729403,310623,15.4898578374982,6.5964989327672,356
-7.6926,53.28823,2021/04/07 23:00:00+00,Thu 08 Apr 2021,20075,10527,8,749396,321068,90,749486,321158,15.9163474666202,6.82022388634985,357
-7.6926,53.28823,2021/04/08 23:00:00+00,Fri 09 Apr 2021,20614,9117,9,770010,330185,99,770109,330284,16.3543047250668,7.01402682193554,358
-7.6926,53.28823,2021/04/09 23:00:00+00,Sat 10 Apr 2021,11077,4135,8,781087,334320,107,781194,334427,16.58970967148,7.10200902247592,359
-7.6926,53.28823,2021/04/10 23:00:00+00,Sun 11 Apr 2021,2801,332,1,783888,334652,108,783996,334760,16.6492139258643,7.10908072722608,360
-7.6926,53.28823,2021/04/11 23:00:00+00,Mon 12 Apr 2021,7695,2743,6,791583,337395,114,791697,337509,16.8127550618434,7.16745945502852,361
-7.6926,53.28823,2021/04/12 23:00:00+00,Tue 13 Apr 2021,11418,8543,0,803001,345938,114,803115,346052,17.0552317130069,7.34888159821377,362
-7.6926,53.28823,2021/04/13 23:00:00+00,Wed 14 Apr 2021,20257,6547,2,823258,352485,116,823374,352601,17.4854589398347,7.48795845830041,363
-7.6926,53.28823,2021/04/14 23:00:00+00,Thu 15 Apr 2021,27028,10740,1,850286,363225,117,850403,363342,18.0594562602319,7.71605810010688,364
-7.6926,53.28823,2021/04/15 23:00:00+00,Fri 16 Apr 2021,27889,9782,1,878175,373007,118,878293,373125,18.6517380784968,7.9238133180375,365
-7.6926,53.28823,2021/04/16 23:00:00+00,Sat 17 Apr 2021,15764,4511,1,893939,377518,119,894058,377637,18.9865291457232,8.01963173194969,366
-7.6926,53.28823,2021/04/17 23:00:00+00,Sun 18 Apr 2021,1020,443,0,894959,377961,119,895078,378080,19.0081902233363,8.02903943526598,367
-7.6926,53.28823,2021/04/18 23:00:00+00,Mon 19 Apr 2021,6671,2201,0,901630,380162,119,901749,380281,19.1498579181963,8.07578064293901,368
-7.6926,53.28823,2021/04/19 23:00:00+00,Tue 20 Apr 2021,14981,7253,0,916611,387415,119,916730,387534,19.4679996865515,8.22980789384883,369
-7.6926,53.28823,2021/04/20 23:00:00+00,Wed 21 Apr 2021,26592,9797,1,943203,397212,120,943323,397332,20.0327379580867,8.43788165703846,370
-7.6926,53.28823,2021/04/21 23:00:00+00,Thu 22 Apr 2021,31537,12128,0,974740,409340,120,974860,409460,20.7024687469937,8.69543611712867,371
-7.6926,53.28823,2021/04/22 23:00:00+00,Fri 23 Apr 2021,33500,12325,0,1008240,421665,120,1008360,421785,21.4138864921308,8.95717413828729,372
-7.6926,53.28823,2021/04/23 23:00:00+00,Sat 24 Apr 2021,23583,6953,0,1031823,428618,120,1031943,428738,21.9147033483566,9.10483048401678,373
-7.6926,53.28823,2021/04/24 23:00:00+00,Sun 25 Apr 2021,9695,263,1,1041518,428881,121,1041639,429002,22.120611003785,9.11043688057547,374
-7.6926,53.28823,2021/04/25 23:00:00+00,Mon 26 Apr 2021,15493,2995,1,1057011,431876,122,1057133,431998,22.4496470199985,9.17406098697638,375
-7.6926,53.28823,2021/04/26 23:00:00+00,Tue 27 Apr 2021,25810,7744,4,1082821,439620,126,1082947,439746,22.9978421744154,9.33860023143375,376
-7.6926,53.28823,2021/04/27 23:00:00+00,Wed 28 Apr 2021,25933,8533,4,1108754,448153,130,1108884,448283,23.5486493999563,9.51989495651539,377
-7.6926,53.28823,2021/04/28 23:00:00+00,Thu 29 Apr 2021,31601,11265,1,1140355,459418,131,1140486,459549,24.2197605516524,9.75914368238744,378
-7.6926,53.28823,2021/04/29 23:00:00+00,Fri 30 Apr 2021,35998,13470,2,1176353,472888,133,1176486,473021,24.9842691732922,10.0452397976855,379
-7.6926,53.28823,2021/04/30 23:00:00+00,Sat 01 May 2021,16451,6638,8,1192804,479526,141,1192945,479667,25.3337982678358,10.1863765837805,380
-7.6926,53.28823,2021/05/01 23:00:00+00,Sun 02 May 2021,12353,874,6,1205157,480400,147,1205304,480547,25.5962583249149,10.2050645723095,381
-7.6926,53.28823,2021/05/02 23:00:00+00,Mon 03 May 2021,14153,883,8,1219310,481283,155,1219465,481438,25.8969862857771,10.223986160695,382
-7.6926,53.28823,2021/05/03 23:00:00+00,Tue 04 May 2021,26511,6724,2,1245821,488007,157,1245978,488164,26.4600256492643,10.3668218548381,383
