X,Y,VaccinationDate,VaccineText,Dose1,Dose2,SingleDose,Dose1Cum,Dose2Cum,SingleDoseCum,PartiallyVacc,FullyVacc,PartialPercent,FullyPercent,ObjectId
-7.6926,53.28823,2020/12/28 00:00:00+00,Mon 28 Dec 2020,242,14,1,242,14,1,243,15,0.00506406247427592,0.000312596449029378,1
-7.6926,53.28823,2020/12/29 00:00:00+00,Tue 29 Dec 2020,78,3,0,320,17,1,321,18,0.00668956400922868,0.000375115738835253,2
-7.6926,53.28823,2020/12/30 00:00:00+00,Wed 30 Dec 2020,1061,2,0,1381,19,1,1382,20,0.02880055283724,0.000416795265372503,3
-7.6926,53.28823,2020/12/31 00:00:00+00,Thu 31 Dec 2020,1037,1,0,2418,20,1,2419,21,0.0504113873468043,0.000437635028641129,4
-7.6926,53.28823,2021/01/01 00:00:00+00,Fri 01 Jan 2021,817,0,0,3235,20,1,3236,21,0.0674374739372711,0.000437635028641129,5
-7.6926,53.28823,2021/01/02 00:00:00+00,Sat 02 Jan 2021,1018,0,0,4253,20,1,4254,21,0.0886523529447315,0.000437635028641129,6
-7.6926,53.28823,2021/01/03 00:00:00+00,Sun 03 Jan 2021,20,3,1,4273,23,2,4275,25,0.0890899879733726,0.000520994081715629,7
-7.6926,53.28823,2021/01/04 00:00:00+00,Mon 04 Jan 2021,1194,4,0,5467,27,2,5469,29,0.113972665316111,0.00060435313479013,8
-7.6926,53.28823,2021/01/05 00:00:00+00,Tue 05 Jan 2021,3535,13,0,9002,40,2,9004,42,0.187641228470701,0.000875270057282257,9
-7.6926,53.28823,2021/01/06 00:00:00+00,Wed 06 Jan 2021,6778,13,0,15780,53,2,15782,55,0.328893143905442,0.00114618697977438,10
-7.6926,53.28823,2021/01/07 00:00:00+00,Thu 07 Jan 2021,11731,9,0,27511,62,2,27513,64,0.573364406809684,0.00133374484919201,11
-7.6926,53.28823,2021/01/08 00:00:00+00,Fri 08 Jan 2021,12682,6,0,40193,68,2,40195,70,0.837654284582389,0.00145878342880376,12
-7.6926,53.28823,2021/01/09 00:00:00+00,Sat 09 Jan 2021,8075,7,0,48268,75,2,48270,77,1.00593537297654,0.00160466177168414,13
-7.6926,53.28823,2021/01/10 00:00:00+00,Sun 10 Jan 2021,4783,4,1,53051,79,3,53054,82,1.10563280045364,0.00170886058802726,14
-7.6926,53.28823,2021/01/11 00:00:00+00,Mon 11 Jan 2021,8346,7,0,61397,86,3,61400,89,1.27956146469359,0.00185473893090764,15
-7.6926,53.28823,2021/01/12 00:00:00+00,Tue 12 Jan 2021,8889,12,0,70286,98,3,70289,101,1.46480612038839,0.00210481609013114,16
-7.6926,53.28823,2021/01/13 00:00:00+00,Wed 13 Jan 2021,9892,4,0,80178,102,3,80181,105,1.67095305864164,0.00218817514320564,17
-7.6926,53.28823,2021/01/14 00:00:00+00,Thu 14 Jan 2021,8091,5,0,88269,107,3,88272,110,1.83956758324808,0.00229237395954877,18
-7.6926,53.28823,2021/01/15 00:00:00+00,Fri 15 Jan 2021,7697,4,0,95966,111,3,95969,114,1.99997124112669,0.00237573301262327,19
-7.6926,53.28823,2021/01/16 00:00:00+00,Sat 16 Jan 2021,5242,2,0,101208,113,3,101211,116,2.10921328018082,0.00241741253916052,20
-7.6926,53.28823,2021/01/17 00:00:00+00,Sun 17 Jan 2021,1115,5,0,102323,118,3,102326,121,2.13244961622534,0.00252161135550365,21
-7.6926,53.28823,2021/01/18 00:00:00+00,Mon 18 Jan 2021,8718,8,1,111041,126,4,111045,130,2.31415151216448,0.00270916922492127,22
-7.6926,53.28823,2021/01/19 00:00:00+00,Tue 19 Jan 2021,8388,21,0,119429,147,4,119433,151,2.48895544646171,0.0031468042535624,23
-7.6926,53.28823,2021/01/20 00:00:00+00,Wed 20 Jan 2021,8450,963,0,127879,1110,4,127883,1114,2.66505144608159,0.0232154962812484,24
-7.6926,53.28823,2021/01/21 00:00:00+00,Thu 21 Jan 2021,9006,964,0,136885,2074,4,136889,2078,2.85273435407883,0.0433050280722031,25
-7.6926,53.28823,2021/01/22 00:00:00+00,Fri 22 Jan 2021,6785,967,0,143670,3041,4,143674,3045,2.99413214785645,0.0634570791529637,26
-7.6926,53.28823,2021/01/23 00:00:00+00,Sat 23 Jan 2021,4194,460,0,147864,3501,4,147868,3505,3.08153411500507,0.0730433702565312,27
-7.6926,53.28823,2021/01/24 00:00:00+00,Sun 24 Jan 2021,1186,398,0,149050,3899,4,149054,3903,3.10625007424166,0.0813375960374441,28
-7.6926,53.28823,2021/01/25 00:00:00+00,Mon 25 Jan 2021,1366,1290,0,150416,5189,4,150420,5193,3.1347171908666,0.108220890653971,29
-7.6926,53.28823,2021/01/26 00:00:00+00,Tue 26 Jan 2021,1004,3502,0,151420,8691,4,151424,8695,3.1556403131883,0.181201741620696,30
-7.6926,53.28823,2021/01/27 00:00:00+00,Wed 27 Jan 2021,2181,6700,0,153601,15391,4,153605,15395,3.20109183687717,0.320828155520485,31
-7.6926,53.28823,2021/01/28 00:00:00+00,Thu 28 Jan 2021,1016,11542,0,154617,26933,4,154621,26937,3.22226503635809,0.561360703166956,32
-7.6926,53.28823,2021/01/29 00:00:00+00,Fri 29 Jan 2021,1586,11526,0,156203,38459,4,156207,38463,3.25531690090213,0.80155981460113,33
-7.6926,53.28823,2021/01/30 00:00:00+00,Sat 30 Jan 2021,649,7794,0,156852,46253,4,156856,46257,3.26884190726347,0.963984929516795,34
-7.6926,53.28823,2021/01/31 00:00:00+00,Sun 31 Jan 2021,234,4086,0,157086,50339,4,157090,50343,3.27371841186833,1.0491362022324,35
-7.6926,53.28823,2021/02/01 00:00:00+00,Mon 01 Feb 2021,1030,8332,1,158116,58671,5,158121,58676,3.29520420779828,1.22279394954985,36
-7.6926,53.28823,2021/02/02 00:00:00+00,Tue 02 Feb 2021,839,5107,0,158955,63778,5,158960,63783,3.31268876918066,1.32922262056272,37
-7.6926,53.28823,2021/02/03 00:00:00+00,Wed 03 Feb 2021,1405,6869,0,160360,70647,5,160365,70652,3.34196863657308,1.47237095445491,38
-7.6926,53.28823,2021/02/04 00:00:00+00,Thu 04 Feb 2021,1445,10541,1,161805,81188,6,161811,81194,3.37210293425951,1.69206373883275,39
-7.6926,53.28823,2021/02/05 00:00:00+00,Fri 05 Feb 2021,3399,8616,0,165204,89804,6,165210,89810,3.44293728960956,1.87161913915523,40
-7.6926,53.28823,2021/02/06 00:00:00+00,Sat 06 Feb 2021,903,3870,0,166107,93674,6,166113,93680,3.46175559584113,1.95226902300481,41
-7.6926,53.28823,2021/02/07 00:00:00+00,Sun 07 Feb 2021,334,1301,2,166441,94975,8,166449,94983,3.46875775629939,1.97942323454382,42
-7.6926,53.28823,2021/02/08 00:00:00+00,Mon 08 Feb 2021,1188,880,0,167629,95855,8,167637,95863,3.49351539506252,1.99776222622021,43
-7.6926,53.28823,2021/02/09 00:00:00+00,Tue 09 Feb 2021,4267,550,3,171896,96405,11,171907,96416,3.58250118421955,2.00928661530777,44
-7.6926,53.28823,2021/02/10 00:00:00+00,Wed 10 Feb 2021,8830,580,0,180726,96985,11,180737,96996,3.76651629388151,2.02137367800357,45
-7.6926,53.28823,2021/02/11 00:00:00+00,Thu 11 Feb 2021,6191,447,0,186917,97432,11,186928,97443,3.89553526827757,2.03068905218464,46
-7.6926,53.28823,2021/02/12 00:00:00+00,Fri 12 Feb 2021,4398,525,0,191315,97957,11,191326,97968,3.98718854713298,2.04162992790067,47
-7.6926,53.28823,2021/02/13 00:00:00+00,Sat 13 Feb 2021,1215,1915,0,192530,99872,11,192541,99883,4.01250885950436,2.08153807456009,48
-7.6926,53.28823,2021/02/14 00:00:00+00,Sun 14 Feb 2021,2702,27,0,195232,99899,11,195243,99910,4.06881789985619,2.08210074816834,49
-7.6926,53.28823,2021/02/15 00:00:00+00,Mon 15 Feb 2021,1966,7893,0,197198,107792,11,197209,107803,4.1097888744423,2.2465889996476,50
-7.6926,53.28823,2021/02/16 00:00:00+00,Tue 16 Feb 2021,5657,8164,0,202855,115956,11,202866,115967,4.22767941525291,2.41672482697266,51
-7.6926,53.28823,2021/02/17 00:00:00+00,Wed 17 Feb 2021,9749,8464,0,212604,124420,11,212615,124431,4.43084626735874,2.5931125832783,52
-7.6926,53.28823,2021/02/18 00:00:00+00,Thu 18 Feb 2021,8470,8354,1,221074,132774,12,221086,132786,4.60737990200727,2.76722880538766,53
-7.6926,53.28823,2021/02/19 00:00:00+00,Fri 19 Feb 2021,9396,6584,0,230470,139358,12,230482,139370,4.80319031767927,2.90443780674829,54
-7.6926,53.28823,2021/02/20 00:00:00+00,Sat 20 Feb 2021,5895,3573,2,236365,142931,14,236379,142945,4.92608240167435,2.97893996043363,55
-7.6926,53.28823,2021/02/21 00:00:00+00,Sun 21 Feb 2021,1115,1024,6,237480,143955,20,237500,143975,4.94944377629848,3.00040491660031,56
-7.6926,53.28823,2021/02/22 00:00:00+00,Mon 22 Feb 2021,3947,1123,1,241427,145078,21,241448,145099,5.03171916168301,3.02382881051424,57
-7.6926,53.28823,2021/02/23 00:00:00+00,Tue 23 Feb 2021,13365,1070,1,254792,146148,22,254814,146170,5.31026343753146,3.04614819697494,58
-7.6926,53.28823,2021/02/24 00:00:00+00,Wed 24 Feb 2021,16945,2107,5,271737,148255,27,271764,148282,5.66349742493465,3.09016177699828,59
-7.6926,53.28823,2021/02/25 00:00:00+00,Thu 25 Feb 2021,18098,1760,2,289835,150015,29,289864,150044,6.04069714009677,3.1268814398776,60
-7.6926,53.28823,2021/02/26 00:00:00+00,Fri 26 Feb 2021,16079,2772,0,305914,152787,29,305943,152816,6.37577969369299,3.18464926365822,61
-7.6926,53.28823,2021/02/27 00:00:00+00,Sat 27 Feb 2021,9001,706,1,314915,153493,30,314945,153523,6.56337924263716,3.19938297628914,62
-7.6926,53.28823,2021/02/28 00:00:00+00,Sun 28 Feb 2021,2448,59,2,317363,153552,32,317395,153584,6.61443666264529,3.20065420184853,63
-7.6926,53.28823,2021/03/01 00:00:00+00,Mon 01 Mar 2021,5608,798,0,322971,154350,32,323003,154382,6.73130605505574,3.21728433293689,64
-7.6926,53.28823,2021/03/02 00:00:00+00,Tue 02 Mar 2021,12185,1613,0,335156,155963,32,335188,155995,6.98523857048393,3.25089887108918,65
-7.6926,53.28823,2021/03/03 00:00:00+00,Wed 03 Mar 2021,12909,1506,1,348065,157469,33,348098,157502,7.25427991428189,3.282304394335,66
-7.6926,53.28823,2021/03/04 00:00:00+00,Thu 04 Mar 2021,18723,1692,5,366788,159161,38,366826,159199,7.6445670007767,3.31766947260186,67
-7.6926,53.28823,2021/03/05 00:00:00+00,Fri 05 Mar 2021,18450,2402,6,385238,161563,44,385282,161607,8.02918567166244,3.36785162255271,68
-7.6926,53.28823,2021/03/06 00:00:00+00,Sat 06 Mar 2021,10403,143,5,395641,161706,49,395690,161755,8.24608592776229,3.37093590751646,69
-7.6926,53.28823,2021/03/07 00:00:00+00,Sun 07 Mar 2021,1525,12,3,397166,161718,52,397218,161770,8.27792908603675,3.37124850396549,70
-7.6926,53.28823,2021/03/08 00:00:00+00,Mon 08 Mar 2021,6672,1501,5,403838,163219,57,403895,163276,8.41707618538136,3.40263318744804,71
-7.6926,53.28823,2021/03/09 00:00:00+00,Tue 09 Mar 2021,13845,3107,6,417683,166326,63,417746,166389,8.70572774641509,3.46750737050327,72
-7.6926,53.28823,2021/03/10 00:00:00+00,Wed 10 Mar 2021,13748,3990,3,431431,170316,66,431497,170382,8.99229533112196,3.55072054523489,73
-7.6926,53.28823,2021/03/11 00:00:00+00,Thu 11 Mar 2021,18494,2102,3,449925,172418,69,449994,172487,9.37776843230172,3.59458824691535,74
-7.6926,53.28823,2021/03/12 00:00:00+00,Fri 12 Mar 2021,17340,1341,4,467265,173759,73,467338,173832,9.73921328643275,3.62261772851165,75
-7.6926,53.28823,2021/03/13 00:00:00+00,Sat 13 Mar 2021,8318,177,0,475583,173936,73,475656,174009,9.91255843730118,3.6263063666102,76
-7.6926,53.28823,2021/03/14 00:00:00+00,Sun 14 Mar 2021,386,20,2,475969,173956,75,476044,174031,9.9206442654494,3.62676484140211,77
-7.6926,53.28823,2021/03/15 00:00:00+00,Mon 15 Mar 2021,2663,997,0,478632,174953,75,478707,175028,9.97614055503375,3.64754208538093,78
-7.6926,53.28823,2021/03/16 00:00:00+00,Tue 16 Mar 2021,8953,3824,2,487585,178777,77,487662,178854,10.1627606351043,3.72727501964669,79
-7.6926,53.28823,2021/03/17 00:00:00+00,Wed 17 Mar 2021,4886,2419,7,492471,181196,84,492555,181280,10.2647295967777,3.77783228533637,80
-7.6926,53.28823,2021/03/18 00:00:00+00,Thu 18 Mar 2021,11730,4685,5,504201,185881,89,504290,185970,10.509284218735,3.87557077506622,81
-7.6926,53.28823,2021/03/19 00:00:00+00,Fri 19 Mar 2021,10384,6136,2,514585,192017,91,514676,192108,10.7257260000429,4.00348524200905,82
-7.6926,53.28823,2021/03/20 00:00:00+00,Sat 20 Mar 2021,5254,3120,4,519839,195137,95,519934,195232,10.8353014753094,4.06858866246023,83
-7.6926,53.28823,2021/03/21 00:00:00+00,Sun 21 Mar 2021,3649,54,3,523488,195191,98,523586,195289,10.9114082907664,4.06977652896654,84
-7.6926,53.28823,2021/03/22 00:00:00+00,Mon 22 Mar 2021,7420,2411,1,530908,197602,99,531007,197701,11.0660601739828,4.12004203797047,85
-7.6926,53.28823,2021/03/23 00:00:00+00,Tue 23 Mar 2021,12570,7397,4,543478,204999,103,543581,205102,11.3280993573225,4.27427712592156,86
-7.6926,53.28823,2021/03/24 00:00:00+00,Wed 24 Mar 2021,13637,9782,2,557115,214781,105,557220,214886,11.6123328885433,4.47817336974179,87
-7.6926,53.28823,2021/03/25 00:00:00+00,Thu 25 Mar 2021,20878,10224,3,577993,225005,108,578101,225113,12.0474879853555,4.69130162869002,88
-7.6926,53.28823,2021/03/26 00:00:00+00,Fri 26 Mar 2021,19706,9496,1,597699,234501,109,597808,234610,12.4581772000903,4.88921686045215,89
-7.6926,53.28823,2021/03/27 00:00:00+00,Sat 27 Mar 2021,11763,5360,3,609462,239861,112,609574,239973,12.7033778547089,5.00098051086179,90
-7.6926,53.28823,2021/03/28 00:00:00+00,Sun 28 Mar 2021,2492,483,0,611954,240344,112,612066,240456,12.7553105447743,5.01104611652053,91
-7.6926,53.28823,2021/03/28 23:00:00+00,Mon 29 Mar 2021,9284,3124,3,621238,243468,115,621353,243583,12.9488494262501,5.07621205626153,92
-7.6926,53.28823,2021/03/29 23:00:00+00,Tue 30 Mar 2021,13342,8673,4,634580,252141,119,634699,252260,13.2269769068331,5.25703868214339,93
-7.6926,53.28823,2021/03/30 23:00:00+00,Wed 31 Mar 2021,15841,10503,4,650421,262644,123,650544,262767,13.5571829558245,5.47600207480683,94
-7.6926,53.28823,2021/03/31 23:00:00+00,Thu 01 Apr 2021,19701,11576,9,670122,274220,132,670254,274352,13.9679346898491,5.71743073227385,95
-7.6926,53.28823,2021/04/01 23:00:00+00,Fri 02 Apr 2021,20154,13723,9,690276,287943,141,690417,288084,14.3881268366344,6.00360236147861,96
-7.6926,53.28823,2021/04/02 23:00:00+00,Sat 03 Apr 2021,7550,4637,6,697826,292580,147,697973,292727,14.5455920878921,6.10036138233484,97
-7.6926,53.28823,2021/04/03 23:00:00+00,Sun 04 Apr 2021,3044,170,3,700870,292750,150,701020,292900,14.6090908465716,6.10396666138031,98
-7.6926,53.28823,2021/04/04 23:00:00+00,Mon 05 Apr 2021,3440,611,5,704310,293361,155,704465,293516,14.680883831032,6.11680395555379,99
-7.6926,53.28823,2021/04/05 23:00:00+00,Tue 06 Apr 2021,12004,8154,12,716314,301515,167,716481,301682,14.9312944264678,6.28698146240538,100
-7.6926,53.28823,2021/04/06 23:00:00+00,Wed 07 Apr 2021,18371,10476,12,734685,311991,179,734864,312170,15.314391794635,6.50554889956672,101
-7.6926,53.28823,2021/04/07 23:00:00+00,Thu 08 Apr 2021,20191,10566,16,754876,322557,195,755071,322752,15.7355008910041,6.72607527447531,102
-7.6926,53.28823,2021/04/08 23:00:00+00,Fri 09 Apr 2021,20679,9163,16,775555,331720,211,775766,331931,16.1667797918483,6.91736346151802,103
-7.6926,53.28823,2021/04/09 23:00:00+00,Sat 10 Apr 2021,11182,4180,12,786737,335900,223,786960,336123,16.4000601018773,7.0047237491401,104
-7.6926,53.28823,2021/04/10 23:00:00+00,Sun 11 Apr 2021,2864,366,9,789601,336266,232,789833,336498,16.459932741748,7.01253866036583,105
-7.6926,53.28823,2021/04/11 23:00:00+00,Mon 12 Apr 2021,7783,2802,13,797384,339068,245,797629,339313,16.6223995361902,7.07120259396701,106
-7.6926,53.28823,2021/04/12 23:00:00+00,Tue 13 Apr 2021,11524,8592,1,808908,347660,246,809154,347906,16.8625778078611,7.25027867973431,107
-7.6926,53.28823,2021/04/13 23:00:00+00,Wed 14 Apr 2021,20347,6589,2,829255,354249,248,829503,354497,17.2866461506144,7.38763355943782,108
-7.6926,53.28823,2021/07/31 23:00:00+00,Sun 01 Aug 2021,11136,9340,369,3172958,2623642,221845,3394803,2845487,70.7468908636185,59.2992754639504,109
-7.6926,53.28823,2021/08/01 23:00:00+00,Mon 02 Aug 2021,15028,16038,430,3187986,2639680,222275,3410261,2861955,71.069031924225,59.6424646854582,110
-7.6926,53.28823,2021/08/02 23:00:00+00,Tue 03 Aug 2021,17351,25455,1111,3205337,2665135,223386,3428723,2888521,71.4537756336903,60.1960938364525,111
-7.6926,53.28823,2021/08/03 23:00:00+00,Wed 04 Aug 2021,22121,17312,1575,3227458,2682447,224961,3452419,2907408,71.9475946641036,60.589694445307,112
-7.6926,53.28823,2021/08/04 23:00:00+00,Thu 05 Aug 2021,13537,30059,1421,3240995,2712506,226382,3467377,2938888,72.2593158430757,61.2457301930033,113
-7.6926,53.28823,2021/08/05 23:00:00+00,Fri 06 Aug 2021,12216,24758,948,3253211,2737264,227330,3480541,2964594,72.5336504867439,61.7814371475866,114
-7.6926,53.28823,2021/08/06 23:00:00+00,Sat 07 Aug 2021,6339,8465,583,3259550,2745729,227913,3487463,2973642,72.6779033280894,61.9699953256411,115
-7.6926,53.28823,2021/08/07 23:00:00+00,Sun 08 Aug 2021,8633,11985,153,3268183,2757714,228066,3496249,2985780,72.8610014881675,62.2229483721957,116
-7.6926,53.28823,2021/08/08 23:00:00+00,Mon 09 Aug 2021,5551,23043,600,3273734,2780757,228666,3502400,3009423,72.9891868720328,62.7156628951558,117
-7.6926,53.28823,2021/08/09 23:00:00+00,Tue 10 Aug 2021,9364,26017,716,3283098,2806774,229382,3512480,3036156,73.1992516857806,63.2727722866159,118
-7.6926,53.28823,2021/08/10 23:00:00+00,Wed 11 Aug 2021,7020,31247,666,3290118,2838021,230048,3520166,3068069,73.3594261062632,63.9378316518076,119
-7.6926,53.28823,2021/08/11 23:00:00+00,Thu 12 Aug 2021,6784,38302,865,3296902,2876323,230913,3527815,3107236,73.5188294555049,64.7540626597498,120
-7.6926,53.28823,2021/08/12 23:00:00+00,Fri 13 Aug 2021,10936,28252,873,3307838,2904575,231786,3539624,3136361,73.7649262199441,65.3610207649485,121
-7.6926,53.28823,2021/08/13 23:00:00+00,Sat 14 Aug 2021,18142,5853,281,3325980,2910428,232067,3558047,3142495,74.148857178642,65.4888518728383,122
-7.6926,53.28823,2021/08/14 23:00:00+00,Sun 15 Aug 2021,17001,3736,52,3342981,2914164,232119,3575100,3146283,74.5042376616618,65.5677928960998,123
-7.6926,53.28823,2021/08/15 23:00:00+00,Mon 16 Aug 2021,10196,23158,384,3353177,2937322,232503,3585680,3169825,74.7247223570439,66.0584026029698,124
-7.6926,53.28823,2021/08/16 23:00:00+00,Tue 17 Aug 2021,12873,26868,528,3366050,2964190,233031,3599081,3197221,75.0039960246067,66.629328757477,125
-7.6926,53.28823,2021/08/17 23:00:00+00,Wed 18 Aug 2021,15239,25778,658,3381289,2989968,233689,3614978,3223657,75.3352857412881,67.1802487392464,126
-7.6926,53.28823,2021/08/18 23:00:00+00,Thu 19 Aug 2021,11367,25720,544,3392656,3015688,234233,3626889,3249921,75.5835081615807,67.7275842817336,127
-7.6926,53.28823,2021/08/19 23:00:00+00,Fri 20 Aug 2021,14855,22263,686,3407511,3037951,234919,3642430,3272870,75.9073789225384,68.2058360089853,128
-7.6926,53.28823,2021/08/20 23:00:00+00,Sat 21 Aug 2021,11898,7987,246,3419409,3045938,235165,3654574,3281103,76.1604570076726,68.3774097799759,129
-7.6926,53.28823,2021/08/21 23:00:00+00,Sun 22 Aug 2021,8005,12257,161,3427414,3058195,235326,3662740,3293521,76.3306345145242,68.6361979602457,130
-7.6926,53.28823,2021/08/22 23:00:00+00,Mon 23 Aug 2021,10873,15391,291,3438287,3073586,235617,3673904,3309203,76.5632896316551,68.9630071278242,131
-7.6926,53.28823,2021/08/23 23:00:00+00,Tue 24 Aug 2021,9717,22926,384,3448004,3096512,236001,3684005,3332513,76.7737920804315,69.4487820096159,132
-7.6926,53.28823,2021/08/24 23:00:00+00,Wed 25 Aug 2021,9420,19541,317,3457424,3116053,236318,3693742,3352371,76.9767088553781,69.8626180286042,133
-7.6926,53.28823,2021/08/25 23:00:00+00,Thu 26 Aug 2021,8592,19447,369,3466016,3135500,236687,3702703,3372187,77.1634539740282,70.2755787775353,134
-7.6926,53.28823,2021/08/26 23:00:00+00,Fri 27 Aug 2021,9729,19216,432,3475745,3154716,237119,3712864,3391835,77.3752068086007,70.6850384462373,135
-7.6926,53.28823,2021/08/27 23:00:00+00,Sat 28 Aug 2021,9926,7936,153,3485671,3162652,237272,3722943,3399924,77.5852507825852,70.8536112913172,136
-7.6926,53.28823,2021/08/28 23:00:00+00,Sun 29 Aug 2021,8801,9194,30,3494472,3171846,237302,3731774,3409148,77.7692867320104,71.045837267707,137
-7.6926,53.28823,2021/08/29 23:00:00+00,Mon 30 Aug 2021,5068,11147,84,3499540,3182993,237386,3736926,3420379,77.8766531923704,71.2798886489769,138
-7.6926,53.28823,2021/08/30 23:00:00+00,Tue 31 Aug 2021,4073,12905,145,3503613,3195898,237531,3741144,3433429,77.9645553138375,71.5518475596325,139
-7.6926,53.28823,2021/08/31 23:00:00+00,Wed 01 Sep 2021,4978,12547,183,3508591,3208445,237714,3746305,3446159,78.0721093320668,71.8171377460421,140
-7.6926,53.28823,2021/09/01 23:00:00+00,Thu 02 Sep 2021,5011,12366,248,3513602,3220811,237962,3751564,3458773,78.1817056470965,72.0800105199125,141
-7.6926,53.28823,2021/09/02 23:00:00+00,Fri 03 Sep 2021,4779,16082,166,3518381,3236893,238128,3756509,3475021,78.2847582764599,72.4186149935011,142
-7.6926,53.28823,2021/09/03 23:00:00+00,Sat 04 Sep 2021,4631,10586,136,3523012,3247479,238264,3761276,3485743,78.3841014279614,72.6420589352673,143
-7.6926,53.28823,2021/09/04 23:00:00+00,Sun 05 Sep 2021,5310,11906,1,3528322,3259385,238265,3766587,3497650,78.4947814106811,72.8901979965068,144
-7.6926,53.28823,2021/09/05 23:00:00+00,Mon 06 Sep 2021,2163,9690,75,3530485,3269075,238340,3768825,3507415,78.5414208008763,73.093698284825,145
-7.6926,53.28823,2021/09/06 23:00:00+00,Tue 07 Sep 2021,3033,10028,160,3533518,3279103,238500,3772018,3517603,78.607962164993,73.3060137930057,146
-7.6926,53.28823,2021/09/07 23:00:00+00,Wed 08 Sep 2021,2612,14801,191,3536130,3293904,238691,3774821,3532595,78.6663760214349,73.6184435239289,147
-7.6926,53.28823,2021/09/08 23:00:00+00,Thu 09 Sep 2021,3122,14815,138,3539252,3308719,238829,3778081,3547548,78.7343136496907,73.9300605040847,148
-7.6926,53.28823,2021/09/09 23:00:00+00,Fri 10 Sep 2021,3389,13947,116,3542641,3322666,238945,3781586,3561611,78.8073570199472,74.2231300949314,149
-7.6926,53.28823,2021/09/10 23:00:00+00,Sat 11 Sep 2021,2561,11342,62,3545202,3334008,239007,3784209,3573015,78.8620197190008,74.4607867552468,150
-7.6926,53.28823,2021/09/11 23:00:00+00,Sun 12 Sep 2021,2043,12884,1,3547245,3346892,239008,3786253,3585900,78.9046161951219,74.729307104963,151
-7.6926,53.28823,2021/09/12 23:00:00+00,Mon 13 Sep 2021,1619,7747,52,3548864,3354639,239060,3787924,3593699,78.9394394395437,74.891836418695,152
-7.6926,53.28823,2021/09/13 23:00:00+00,Tue 14 Sep 2021,1549,10787,82,3550413,3365426,239142,3789555,3604568,78.9734290934349,75.1183438056617,153
-7.6926,53.28823,2021/09/14 23:00:00+00,Wed 15 Sep 2021,3285,12376,138,3553698,3377802,239280,3792978,3617082,79.0447636031034,75.3791326032053,154
-7.6926,53.28823,2021/09/15 23:00:00+00,Thu 16 Sep 2021,1919,10580,115,3555617,3388382,239395,3795012,3627777,79.0871516815918,75.6020138713632,155
-7.6926,53.28823,2021/09/16 23:00:00+00,Fri 17 Sep 2021,2563,14617,95,3558180,3402999,239490,3797670,3642489,79.1425437723598,75.9086084685712,156
-7.6926,53.28823,2021/09/17 23:00:00+00,Sat 18 Sep 2021,2291,11239,47,3560471,3414238,239537,3800008,3653775,79.1912671388818,76.1438060368209,157
-7.6926,53.28823,2021/09/18 23:00:00+00,Sun 19 Sep 2021,1863,8495,16,3562334,3422733,239553,3801887,3662286,79.2304250540636,76.3211732620002,158
-7.6926,53.28823,2021/09/19 23:00:00+00,Mon 20 Sep 2021,959,5631,35,3563293,3428364,239588,3802881,3667952,79.2511397787526,76.4392513606802,159
-7.6926,53.28823,2021/09/20 23:00:00+00,Tue 21 Sep 2021,1475,6675,90,3564768,3435039,239678,3804446,3674717,79.283754008268,76.5802323591925,160
-7.6926,53.28823,2021/09/21 23:00:00+00,Wed 22 Sep 2021,1899,8157,97,3566667,3443196,239775,3806442,3682971,79.3253501757521,76.7522437652117,161
-7.6926,53.28823,2021/09/22 23:00:00+00,Thu 23 Sep 2021,1690,8729,89,3568357,3451925,239864,3808221,3691789,79.362424114607,76.9360087977145,162
-7.6926,53.28823,2021/09/23 23:00:00+00,Fri 24 Sep 2021,1912,7393,80,3570269,3459318,239944,3810213,3699262,79.4039369230381,77.0917443486209,163
-7.6926,53.28823,2021/09/24 23:00:00+00,Sat 25 Sep 2021,2422,6607,53,3572691,3465925,239997,3812688,3705922,79.455515337128,77.2305371719899,164
-7.6926,53.28823,2021/09/25 23:00:00+00,Sun 26 Sep 2021,1549,7101,0,3574240,3473026,239997,3814237,3713023,79.4877961304311,77.3785203309604,165
-7.6926,53.28823,2021/09/26 23:00:00+00,Mon 27 Sep 2021,1174,3828,45,3575414,3476854,240042,3815456,3716896,79.5131998018555,77.4592327340998,166
-7.6926,53.28823,2021/09/27 23:00:00+00,Tue 28 Sep 2021,1452,5143,93,3576866,3481997,240135,3817001,3722132,79.5453972361056,77.5683497345744,167
-7.6926,53.28823,2021/09/28 23:00:00+00,Wed 29 Sep 2021,1650,3629,80,3578516,3485626,240215,3818731,3725841,79.5814500265603,77.6456444165377,168
-7.6926,53.28823,2021/09/29 23:00:00+00,Thu 30 Sep 2021,1276,3980,78,3579792,3489606,240293,3820085,3729899,79.609667066026,77.7302121758818,169
-7.6926,53.28823,2021/09/30 23:00:00+00,Fri 01 Oct 2021,1863,5189,42,3581655,3494795,240335,3821990,3735130,79.6493668150527,77.8392249775399,170
-7.6926,53.28823,2021/10/01 23:00:00+00,Sat 02 Oct 2021,1682,4100,40,3583337,3498895,240375,3823712,3739270,79.6852528874013,77.9255015974721,171
-7.6926,53.28823,2021/10/02 23:00:00+00,Sun 03 Oct 2021,1196,3021,9,3584533,3501916,240384,3824917,3742300,79.71036480214,77.988646080176,172
-7.6926,53.28823,2021/10/03 23:00:00+00,Mon 04 Oct 2021,342,1228,18,3584875,3503144,240402,3825277,3743546,79.7178671169167,78.0146124252087,173
-7.6926,53.28823,2021/10/04 23:00:00+00,Tue 05 Oct 2021,942,2831,70,3585817,3505975,240472,3826289,3746447,79.7389569573445,78.075068578451,174
-7.6926,53.28823,2021/10/05 23:00:00+00,Wed 06 Oct 2021,965,2576,40,3586782,3508551,240512,3827294,3749063,79.7599009194295,78.1295853991617,175
-7.6926,53.28823,2021/10/06 23:00:00+00,Thu 07 Oct 2021,1213,2707,44,3587995,3511258,240556,3828551,3751814,79.7860965018582,78.1869155879137,176
-7.6926,53.28823,2021/10/07 23:00:00+00,Fri 08 Oct 2021,907,2742,48,3588902,3514000,240604,3829506,3754604,79.8059984757797,78.2450585274332,177
-7.6926,53.28823,2021/10/08 23:00:00+00,Sat 09 Oct 2021,721,2365,23,3589623,3516365,240627,3830250,3756992,79.8215032596516,78.2948238821186,178
-7.6926,53.28823,2021/10/09 23:00:00+00,Sun 10 Oct 2021,1510,3923,2,3591133,3520288,240629,3831762,3760917,79.8530129817137,78.376619952948,179
-7.6926,53.28823,2021/10/10 23:00:00+00,Mon 11 Oct 2021,334,1134,19,3591467,3521422,240648,3832115,3762070,79.8603694181476,78.4006481999967,180
-7.6926,53.28823,2021/10/11 23:00:00+00,Tue 12 Oct 2021,562,1622,21,3592029,3523044,240669,3832698,3763713,79.8725190001332,78.4348879310471,181
-7.6926,53.28823,2021/10/12 23:00:00+00,Wed 13 Oct 2021,985,2077,11,3593014,3525121,240680,3833694,3765801,79.8932754043487,78.4784013567519,182
-7.6926,53.28823,2021/10/13 23:00:00+00,Thu 14 Oct 2021,648,1607,8,3593662,3526728,240688,3834350,3767416,79.9069462890529,78.5120575744308,183
-7.6926,53.28823,2021/10/14 23:00:00+00,Fri 15 Oct 2021,956,2076,9,3594618,3528804,240697,3835315,3769501,79.9270566606071,78.5555084808459,184
-7.6926,53.28823,2021/10/15 23:00:00+00,Sat 16 Oct 2021,1374,2648,14,3595992,3531452,240711,3836703,3772163,79.955982252024,78.6109839306669,185
-7.6926,53.28823,2021/10/16 23:00:00+00,Sun 17 Oct 2021,1701,2892,2,3597693,3534344,240713,3838406,3775057,79.9914723688705,78.6712942055663,186
-7.6926,53.28823,2021/10/17 23:00:00+00,Mon 18 Oct 2021,677,1251,6,3598370,3535595,240719,3839089,3776314,80.0057059271829,78.697489787995,187
-7.6926,53.28823,2021/10/18 23:00:00+00,Tue 19 Oct 2021,1338,1805,13,3599708,3537400,240732,3840440,3778132,80.0338604473589,78.7353764776174,188
-7.6926,53.28823,2021/10/19 23:00:00+00,Wed 20 Oct 2021,2250,2333,0,3601958,3539733,240732,3842690,3780465,80.0807499147133,78.7839956453231,189
-7.6926,53.28823,2021/10/20 23:00:00+00,Thu 21 Oct 2021,1724,1850,11,3603682,3541583,240743,3844425,3782326,80.1169069039843,78.822778444766,190
-7.6926,53.28823,2021/10/21 23:00:00+00,Fri 22 Oct 2021,1505,1932,3,3605187,3543515,240746,3845933,3784261,80.1483332669934,78.8631033866908,191
-7.6926,53.28823,2021/10/22 23:00:00+00,Sat 23 Oct 2021,2018,1702,1,3607205,3545217,240747,3847952,3785964,80.1904087490328,78.8985935035372,192
-7.6926,53.28823,2021/10/23 23:00:00+00,Sun 24 Oct 2021,1954,2186,2,3609159,3547403,240749,3849908,3788152,80.2311713259862,78.944190905569,193
-7.6926,53.28823,2021/10/24 23:00:00+00,Mon 25 Oct 2021,1230,855,2,3610389,3548258,240751,3851140,3789009,80.2568459143332,78.9620505826902,194
-7.6926,53.28823,2021/10/25 23:00:00+00,Tue 26 Oct 2021,1239,1234,6,3611628,3549492,240757,3852385,3790249,80.2827914196026,78.9878918891433,195
-7.6926,53.28823,2021/10/26 23:00:00+00,Wed 27 Oct 2021,1555,1425,6,3613183,3550917,240763,3853946,3791680,80.3153222900649,79.0177135903807,196
-7.6926,53.28823,2021/10/27 23:00:00+00,Thu 28 Oct 2021,2150,1695,5,3615333,3552612,240768,3856101,3793380,80.3602319799088,79.0531411879374,197
-7.6926,53.28823,2021/10/28 23:00:00+00,Fri 29 Oct 2021,2141,1368,2,3617474,3553980,240770,3858244,3794750,80.4048915925935,79.0816916636154,198
-7.6926,53.28823,2021/10/29 23:00:00+00,Sat 30 Oct 2021,2019,1455,1,3619493,3555435,240771,3860264,3796206,80.4469879143961,79.1120343589345,199
-7.6926,53.28823,2021/10/30 23:00:00+00,Sun 31 Oct 2021,1596,1320,0,3621089,3556755,240771,3861860,3797526,80.4802481765728,79.1395428464491,200
-7.6926,53.28823,2021/11/01 00:00:00+00,Mon 01 Nov 2021,285,292,2,3621374,3557047,240773,3862147,3797820,80.4862291886309,79.1456697368501,201
-7.6926,53.28823,2021/11/02 00:00:00+00,Tue 02 Nov 2021,1099,1097,10,3622473,3558144,240783,3863256,3798927,80.5093404860958,79.1687393547884,202
-7.6926,53.28823,2021/11/03 00:00:00+00,Wed 03 Nov 2021,2536,1881,7,3625009,3560025,240790,3865799,3800815,80.5623360040879,79.2080848278396,203
-7.6926,53.28823,2021/11/04 00:00:00+00,Thu 04 Nov 2021,1532,1288,2,3626541,3561313,240792,3867333,3802105,80.594304200942,79.2349681224561,204
-7.6926,53.28823,2021/11/05 00:00:00+00,Fri 05 Nov 2021,1629,1101,4,3628170,3562414,240796,3868966,3803210,80.6283355343597,79.257996060868,205
-7.6926,53.28823,2021/11/06 00:00:00+00,Sat 06 Nov 2021,1818,1356,6,3629988,3563770,240802,3870790,3804572,80.6663472625616,79.2863798184398,206
-7.6926,53.28823,2021/11/07 00:00:00+00,Sun 07 Nov 2021,696,775,0,3630684,3564545,240802,3871486,3805347,80.6808517377966,79.302530634973,207
-7.6926,53.28823,2021/11/08 00:00:00+00,Mon 08 Nov 2021,514,532,4,3631198,3565077,240806,3872004,3805883,80.6916467351697,79.313700748085,208
-7.6926,53.28823,2021/11/09 00:00:00+00,Tue 09 Nov 2021,1368,1068,3,3632566,3566145,240809,3873375,3806954,80.720218050611,79.3360201345457,209
-7.6926,53.28823,2021/11/10 00:00:00+00,Wed 10 Nov 2021,1594,1362,2,3634160,3567507,240811,3874971,3808318,80.7534783127878,79.3644455716441,210
-7.6926,53.28823,2021/11/11 00:00:00+00,Thu 11 Nov 2021,1389,1119,2,3635549,3568626,240813,3876362,3809439,80.7824664234944,79.3878069462682,211
-7.6926,53.28823,2021/11/12 00:00:00+00,Fri 12 Nov 2021,1142,1157,6,3636691,3569783,240819,3877510,3810602,80.8063904717268,79.4120435909496,212
-7.6926,53.28823,2021/11/13 00:00:00+00,Sat 13 Nov 2021,1396,1383,0,3638087,3571166,240819,3878906,3811985,80.8354827812498,79.4408649835501,213
-7.6926,53.28823,2021/11/14 00:00:00+00,Sun 14 Nov 2021,1646,1807,1,3639733,3572973,240820,3880553,3813793,80.8698058713532,79.4785432755398,214
-7.6926,53.28823,2021/11/15 00:00:00+00,Mon 15 Nov 2021,1240,597,1,3640973,3573570,240821,3881794,3814391,80.8956680175696,79.4910054539745,215
-7.6926,53.28823,2021/11/16 00:00:00+00,Tue 16 Nov 2021,1311,1078,5,3642284,3574648,240826,3883110,3815474,80.9230931460311,79.5135749175944,216
-7.6926,53.28823,2022/03/05 00:00:00+00,Sat 05 Mar 2022,962,3341,0,3830723,3758203,240952,4071675,3999155,84.8527431067794,83.3414434745387,217
-7.6926,53.28823,2022/03/06 00:00:00+00,Sun 06 Mar 2022,455,1915,0,3831178,3760118,240952,4072130,4001070,84.8622251990666,83.3813516211981,218
-7.6926,53.28823,2022/03/07 00:00:00+00,Mon 07 Mar 2022,114,124,1,3831292,3760242,240953,4072245,4001195,84.8646217718425,83.3839565916067,219
-7.6926,53.28823,2022/03/08 00:00:00+00,Tue 08 Mar 2022,120,493,0,3831412,3760735,240953,4072365,4001688,84.8671225434348,83.3942305948981,220
-7.6926,53.28823,2022/03/09 00:00:00+00,Wed 09 Mar 2022,129,345,1,3831541,3761080,240954,4072495,4002034,84.8698317126597,83.4014411529891,221
-7.6926,53.28823,2022/03/10 00:00:00+00,Thu 10 Mar 2022,258,508,0,3831799,3761588,240954,4072753,4002542,84.875208371583,83.4120277527295,222
-7.6926,53.28823,2022/03/11 00:00:00+00,Fri 11 Mar 2022,492,2182,0,3832291,3763770,240954,4073245,4004724,84.8854615351111,83.4575001161817,223
-7.6926,53.28823,2022/03/12 00:00:00+00,Sat 12 Mar 2022,473,2391,2,3832764,3766161,240956,4073720,4007117,84.8953604226637,83.5073696696835,224
-7.6926,53.28823,2022/03/13 00:00:00+00,Sun 13 Mar 2022,358,1082,0,3833122,3767243,240956,4074078,4008199,84.9028210579139,83.5299182935401,225
-7.6926,53.28823,2022/03/14 00:00:00+00,Mon 14 Mar 2022,109,121,0,3833231,3767364,240956,4074187,4008320,84.9050925921102,83.5324399048957,226
-7.6926,53.28823,2022/03/15 00:00:00+00,Tue 15 Mar 2022,220,756,1,3833451,3768120,240957,4074408,4009077,84.9096981797926,83.54821560569,227
-7.6926,53.28823,2022/03/16 00:00:00+00,Wed 16 Mar 2022,196,797,0,3833647,3768917,240957,4074604,4009874,84.9137827733932,83.5648248970151,228
-7.6926,53.28823,2022/03/18 00:00:00+00,Fri 18 Mar 2022,3,6,0,3833650,3768923,240957,4074607,4009880,84.913845292683,83.5649499355947,229
-7.6926,53.28823,2022/03/19 00:00:00+00,Sat 19 Mar 2022,743,2778,0,3834393,3771701,240957,4075350,4012658,84.9293292367916,83.622842797955,230
-7.6926,53.28823,2022/03/20 00:00:00+00,Sun 20 Mar 2022,395,1402,0,3834788,3773103,240957,4075745,4014060,84.9375609432827,83.6520601460576,231
-7.6926,53.28823,2022/03/21 00:00:00+00,Mon 21 Mar 2022,56,112,0,3834844,3773215,240957,4075801,4014172,84.9387279700258,83.6543941995436,232
-7.6926,53.28823,2022/03/22 00:00:00+00,Tue 22 Mar 2022,141,575,0,3834985,3773790,240957,4075942,4014747,84.9416663766466,83.6663770634231,233
-7.6926,53.28823,2022/03/23 00:00:00+00,Wed 23 Mar 2022,102,221,0,3835087,3774011,240957,4076044,4014968,84.9437920325,83.6709826511055,234
-7.6926,53.28823,2022/03/24 00:00:00+00,Thu 24 Mar 2022,147,244,0,3835234,3774255,240957,4076191,4015212,84.9468554777005,83.676067553343,235
-7.6926,53.28823,2022/03/25 00:00:00+00,Fri 25 Mar 2022,434,1625,0,3835668,3775880,240957,4076625,4016837,84.9558999349591,83.7099321686545,236
-7.6926,53.28823,2022/03/26 00:00:00+00,Sat 26 Mar 2022,874,1848,1,3836542,3777728,240958,4077500,4018686,84.9741347278191,83.7484648909382,237
-7.6926,53.28823,2022/03/27 00:00:00+00,Sun 27 Mar 2022,380,803,0,3836922,3778531,240958,4077880,4019489,84.9820538378612,83.7651992208429,238
-7.6926,53.28823,2022/03/27 23:00:00+00,Mon 28 Mar 2022,44,53,1,3836966,3778584,240959,4077925,4019543,84.9829916272083,83.7663245680594,239
-7.6926,53.28823,2022/03/28 23:00:00+00,Tue 29 Mar 2022,136,193,3,3837102,3778777,240962,4078064,4019739,84.9858883543027,83.7704091616601,240
-7.6926,53.28823,2022/03/29 23:00:00+00,Wed 30 Mar 2022,109,135,0,3837211,3778912,240962,4078173,4019874,84.9881598884989,83.7732225297014,241
-7.6926,53.28823,2022/03/30 23:00:00+00,Thu 31 Mar 2022,226,359,0,3837437,3779271,240962,4078399,4020233,84.9928696749976,83.7807040047148,242
-7.6926,53.28823,2022/03/31 23:00:00+00,Fri 01 Apr 2022,304,905,0,3837741,3780176,240962,4078703,4021138,84.9992049630313,83.7995639904729,243
-7.6926,53.28823,2022/04/01 23:00:00+00,Sat 02 Apr 2022,729,1538,0,3838470,3781714,240962,4079432,4022676,85.0143971504541,83.83161554638,244
-7.6926,53.28823,2022/04/02 23:00:00+00,Sun 03 Apr 2022,538,815,0,3839008,3782529,240962,4079970,4023491,85.0256089430926,83.848599953444,245
-7.6926,53.28823,2022/04/03 23:00:00+00,Mon 04 Apr 2022,50,51,0,3839058,3782580,240962,4080020,4023542,85.0266509312561,83.8496627813707,246
-7.6926,53.28823,2022/04/04 23:00:00+00,Tue 05 Apr 2022,129,169,0,3839187,3782749,240962,4080149,4023711,85.0293392607177,83.8531847013631,247
-7.6926,53.28823,2022/04/05 23:00:00+00,Wed 06 Apr 2022,158,210,0,3839345,3782959,240962,4080307,4023921,85.0326319433142,83.8575610516495,248
-7.6926,53.28823,2022/04/06 23:00:00+00,Thu 07 Apr 2022,117,178,0,3839462,3783137,240962,4080424,4024099,85.0350701956166,83.8612705295113,249
-7.6926,53.28823,2022/04/07 23:00:00+00,Fri 08 Apr 2022,257,421,2,3839719,3783558,240964,4080683,4024522,85.0404676943032,83.8700857493739,250
-7.6926,53.28823,2022/04/08 23:00:00+00,Sat 09 Apr 2022,558,1018,0,3840277,3784576,240964,4081241,4025540,85.0520962822071,83.8913006283814,251
-7.6926,53.28823,2022/04/09 23:00:00+00,Sun 10 Apr 2022,412,719,0,3840689,3785295,240964,4081653,4026259,85.0606822646737,83.9062844181715,252
-7.6926,53.28823,2022/04/10 23:00:00+00,Mon 11 Apr 2022,71,93,1,3840760,3785388,240965,4081725,4026353,85.0621827276291,83.9082433559188,253
-7.6926,53.28823,2022/04/11 23:00:00+00,Tue 12 Apr 2022,197,177,0,3840957,3785565,240965,4081922,4026530,85.066288160993,83.9119319940173,254
-7.6926,53.28823,2022/04/12 23:00:00+00,Wed 13 Apr 2022,142,234,0,3841099,3785799,240965,4082064,4026764,85.0692474073771,83.9168084986222,255
-7.6926,53.28823,2022/04/13 23:00:00+00,Thu 14 Apr 2022,359,431,0,3841458,3786230,240965,4082423,4027195,85.0767288823906,83.925790436591,256
-7.6926,53.28823,2022/04/14 23:00:00+00,Fri 15 Apr 2022,445,991,0,3841903,3787221,240965,4082868,4028186,85.0860025770451,83.9464426419902,257
-7.6926,53.28823,2022/04/15 23:00:00+00,Sat 16 Apr 2022,42,88,0,3841945,3787309,240965,4082910,4028274,85.0868778471024,83.9482765411578,258
-7.6926,53.28823,2022/04/16 23:00:00+00,Sun 17 Apr 2022,1,1,0,3841946,3787310,240965,4082911,4028275,85.0868986868657,83.9482973809211,259
-7.6926,53.28823,2022/04/17 23:00:00+00,Mon 18 Apr 2022,36,62,1,3841982,3787372,240966,4082948,4028338,85.0876697581066,83.949610286007,260
-7.6926,53.28823,2022/04/18 23:00:00+00,Tue 19 Apr 2022,218,270,1,3842200,3787642,240967,4083167,4028609,85.0922336662624,83.9552578618528,261
-7.6926,53.28823,2022/04/19 23:00:00+00,Wed 20 Apr 2022,250,606,0,3842450,3788248,240967,4083417,4029215,85.0974436070796,83.9678867583936,262
-7.6926,53.28823,2022/04/20 23:00:00+00,Thu 21 Apr 2022,169,236,0,3842619,3788484,240967,4083586,4029451,85.100965527072,83.972804942525,263
-7.6926,53.28823,2022/04/21 23:00:00+00,Fri 22 Apr 2022,192,254,0,3842811,3788738,240967,4083778,4029705,85.1049667616196,83.9780982423952,264
-7.6926,53.28823,2022/04/22 23:00:00+00,Sat 23 Apr 2022,320,1010,0,3843131,3789748,240967,4084098,4030715,85.1116354858655,83.9991464032965,265
-7.6926,53.28823,2022/04/23 23:00:00+00,Sun 24 Apr 2022,181,252,0,3843312,3790000,240967,4084279,4030967,85.1154074830172,84.0043980236402,266
-7.6926,53.28823,2022/04/24 23:00:00+00,Mon 25 Apr 2022,41,58,1,3843353,3790058,240968,4084321,4031026,85.1162827530744,84.0056275696731,267
-7.6926,53.28823,2022/04/25 23:00:00+00,Tue 26 Apr 2022,144,238,0,3843497,3790296,240968,4084465,4031264,85.1192836789851,84.010587433331,268
-7.6926,53.28823,2022/04/26 23:00:00+00,Wed 27 Apr 2022,122,208,0,3843619,3790504,240968,4084587,4031472,85.1218261301039,84.0149221040909,269
-7.6926,53.28823,2022/04/27 23:00:00+00,Thu 28 Apr 2022,100,130,0,3843719,3790634,240968,4084687,4031602,85.1239101064308,84.0176312733158,270
-7.6926,53.28823,2022/04/28 23:00:00+00,Fri 29 Apr 2022,168,223,0,3843887,3790857,240968,4084855,4031825,85.1274111866599,84.0222785405247,271
-7.6926,53.28823,2022/04/29 23:00:00+00,Sat 30 Apr 2022,281,723,0,3844168,3791580,240968,4085136,4032548,85.1332671601384,84.0373456893679,272
-7.6926,53.28823,2022/04/30 23:00:00+00,Sun 01 May 2022,187,746,0,3844355,3792326,240968,4085323,4033294,85.1371641958696,84.0528921527663,273
-7.6926,53.28823,2022/05/01 23:00:00+00,Mon 02 May 2022,12,26,0,3844367,3792352,240968,4085335,4033320,85.1374142730288,84.0534339866113,274
-7.6926,53.28823,2022/05/02 23:00:00+00,Tue 03 May 2022,96,118,0,3844463,3792470,240968,4085431,4033438,85.1394148903026,84.055893078677,275
-7.6926,53.28823,2022/05/03 23:00:00+00,Wed 04 May 2022,113,128,0,3844576,3792598,240968,4085544,4033566,85.141769783552,84.0585605683754,276
-7.6926,53.28823,2022/05/04 23:00:00+00,Thu 05 May 2022,111,164,0,3844687,3792762,240968,4085655,4033730,85.1440829972748,84.0619782895514,277
-7.6926,53.28823,2022/05/05 23:00:00+00,Fri 06 May 2022,137,257,0,3844824,3793019,240968,4085792,4033987,85.1469380448426,84.0673341087114,278
-7.6926,53.28823,2022/05/06 23:00:00+00,Sat 07 May 2022,441,1087,0,3845265,3794106,240968,4086233,4035074,85.156128380444,84.0899869313845,279
-7.6926,53.28823,2022/05/07 23:00:00+00,Sun 08 May 2022,273,437,0,3845538,3794543,240968,4086506,4035511,85.1618176358164,84.0990939079328,280
-7.6926,53.28823,2022/05/08 23:00:00+00,Mon 09 May 2022,23,32,0,3845561,3794575,240968,4086529,4035543,85.1622969503716,84.0997607803574,281
-7.6926,53.28823,2022/05/09 23:00:00+00,Tue 10 May 2022,80,98,1,3845641,3794673,240969,4086610,4035642,85.1639849711963,84.101823916921,282
-7.6926,53.28823,2022/05/10 23:00:00+00,Wed 11 May 2022,110,132,0,3845751,3794805,240969,4086720,4035774,85.1662773451559,84.1045747656725,283
-7.6926,53.28823,2022/05/11 23:00:00+00,Thu 12 May 2022,207,397,0,3845958,3795202,240969,4086927,4036171,85.1705911761525,84.1128481516901,284
-7.6926,53.28823,2022/05/12 23:00:00+00,Fri 13 May 2022,174,326,0,3846132,3795528,240969,4087101,4036497,85.1742172949612,84.1196419145157,285
-7.6926,53.28823,2022/05/13 23:00:00+00,Sat 14 May 2022,333,633,0,3846465,3796161,240969,4087434,4037130,85.1811569361297,84.1328334846647,286
-7.6926,53.28823,2022/05/14 23:00:00+00,Sun 15 May 2022,168,254,0,3846633,3796415,240969,4087602,4037384,85.1846580163588,84.138126784535,287
-7.6926,53.28823,2022/05/15 23:00:00+00,Mon 16 May 2022,31,40,0,3846664,3796455,240969,4087633,4037424,85.1853040490201,84.1389603750657,288
-7.6926,53.28823,2022/05/16 23:00:00+00,Tue 17 May 2022,94,100,0,3846758,3796555,240969,4087727,4037524,85.1872629867674,84.1410443513926,289
-7.6926,53.28823,2022/05/17 23:00:00+00,Wed 18 May 2022,94,122,0,3846852,3796677,240969,4087821,4037646,85.1892219245146,84.1435868025114,290
-7.6926,53.28823,2022/05/18 23:00:00+00,Thu 19 May 2022,73,105,0,3846925,3796782,240969,4087894,4037751,85.1907432272332,84.1457749776546,291
-7.6926,53.28823,2022/05/19 23:00:00+00,Fri 20 May 2022,126,208,0,3847051,3796990,240969,4088020,4037959,85.1933690374051,84.1501096484144,292
-7.6926,53.28823,2022/05/20 23:00:00+00,Sat 21 May 2022,392,762,0,3847443,3797752,240969,4088412,4038721,85.2015382246064,84.1659895480251,293
-7.6926,53.28823,2022/05/21 23:00:00+00,Sun 22 May 2022,234,409,0,3847677,3798161,240969,4088646,4039130,85.2064147292112,84.174513011202,294
-7.6926,53.28823,2022/05/22 23:00:00+00,Mon 23 May 2022,26,35,0,3847703,3798196,240969,4088672,4039165,85.2069565630562,84.1752424029164,295
-7.6926,53.28823,2022/05/23 23:00:00+00,Tue 24 May 2022,63,83,0,3847766,3798279,240969,4088735,4039248,85.2082694681421,84.1769721032677,296
-7.6926,53.28823,2022/05/24 23:00:00+00,Wed 25 May 2022,83,133,1,3847849,3798412,240970,4088819,4039382,85.2100200082567,84.1797646315457,297
-7.6926,53.28823,2022/05/25 23:00:00+00,Thu 26 May 2022,98,155,0,3847947,3798567,240970,4088917,4039537,85.212062305057,84.1829947948523,298
-7.6926,53.28823,2022/05/26 23:00:00+00,Fri 27 May 2022,94,152,0,3848041,3798719,240970,4089011,4039689,85.2140212428043,84.1861624388692,299
-7.6926,53.28823,2022/05/27 23:00:00+00,Sat 28 May 2022,334,578,0,3848375,3799297,240970,4089345,4040267,85.220981723736,84.1982078220384,300
-7.6926,53.28823,2022/05/28 23:00:00+00,Sun 29 May 2022,182,349,0,3848557,3799646,240970,4089527,4040616,85.2247745606509,84.2054808994192,301
-7.6926,53.28823,2022/05/29 23:00:00+00,Mon 30 May 2022,9,23,0,3848566,3799669,240970,4089536,4040639,85.2249621185203,84.2059602139744,302
-7.6926,53.28823,2022/05/30 23:00:00+00,Tue 31 May 2022,64,79,1,3848630,3799748,240971,4089601,4040719,85.2263167031328,84.2076273950358,303
-7.6926,53.28823,2022/05/31 23:00:00+00,Wed 01 Jun 2022,67,100,0,3848697,3799848,240971,4089668,4040819,85.2277129672718,84.2097113713627,304
-7.6926,53.28823,2022/06/01 23:00:00+00,Thu 02 Jun 2022,90,138,0,3848787,3799986,240971,4089758,4040957,85.229588545966,84.2125872586938,305
-7.6926,53.28823,2022/06/02 23:00:00+00,Fri 03 Jun 2022,60,143,0,3848847,3800129,240971,4089818,4041100,85.2308389317621,84.2155673448412,306
-7.6926,53.28823,2022/06/03 23:00:00+00,Sat 04 Jun 2022,305,606,0,3849152,3800735,240971,4090123,4041706,85.237195059559,84.228196241382,307
-7.6926,53.28823,2022/06/04 23:00:00+00,Sun 05 Jun 2022,143,273,0,3849295,3801008,240971,4090266,4041979,85.2401751457064,84.2338854967543,308
-7.6926,53.28823,2022/06/05 23:00:00+00,Mon 06 Jun 2022,5,7,1,3849300,3801015,240972,4090272,4041987,85.240300184286,84.2340522148605,309
-7.6926,53.28823,2022/06/06 23:00:00+00,Tue 07 Jun 2022,29,50,0,3849329,3801065,240972,4090301,4042037,85.2409045374208,84.2350942030239,310
-7.6926,53.28823,2022/06/07 23:00:00+00,Wed 08 Jun 2022,36,76,0,3849365,3801141,240972,4090337,4042113,85.2416547688985,84.2366780250323,311
-7.6926,53.28823,2022/06/08 23:00:00+00,Thu 09 Jun 2022,71,123,0,3849436,3801264,240972,4090408,4042236,85.2431343920906,84.2392413159143,312
-7.6926,53.28823,2022/06/09 23:00:00+00,Fri 10 Jun 2022,56,108,0,3849492,3801372,240972,4090464,4042344,85.2443014188336,84.2414920103474,313
-7.6926,53.28823,2022/06/10 23:00:00+00,Sat 11 Jun 2022,189,561,0,3849681,3801933,240972,4090653,4042905,85.2482401340914,84.2531831175411,314
-7.6926,53.28823,2022/06/11 23:00:00+00,Sun 12 Jun 2022,143,288,0,3849824,3802221,240972,4090796,4043193,85.2512202202388,84.2591849693624,315
-7.6926,53.28823,2022/06/12 23:00:00+00,Mon 13 Jun 2022,17,44,0,3849841,3802265,240972,4090813,4043237,85.2515744962144,84.2601019189462,316
-7.6926,53.28823,2022/06/13 23:00:00+00,Tue 14 Jun 2022,37,54,0,3849878,3802319,240972,4090850,4043291,85.2523455674553,84.2612272661627,317
-7.6926,53.28823,2022/06/14 23:00:00+00,Wed 15 Jun 2022,66,122,0,3849944,3802441,240972,4090916,4043413,85.253720991831,84.2637697172815,318
-7.6926,53.28823,2022/06/15 23:00:00+00,Thu 16 Jun 2022,42,85,0,3849986,3802526,240972,4090958,4043498,85.2545962618883,84.2655410971594,319
-7.6926,53.28823,2022/06/16 23:00:00+00,Fri 17 Jun 2022,57,95,0,3850043,3802621,240972,4091015,4043593,85.2557841283946,84.2675208746699,320
-7.6926,53.28823,2022/06/17 23:00:00+00,Sat 18 Jun 2022,223,487,0,3850266,3803108,240972,4091238,4044080,85.2604313956035,84.2776698393817,321
-7.6926,53.28823,2022/06/18 23:00:00+00,Sun 19 Jun 2022,80,129,0,3850346,3803237,240972,4091318,4044209,85.262098576665,84.2803581688433,322
-7.6926,53.28823,2022/06/19 23:00:00+00,Mon 20 Jun 2022,9,28,0,3850355,3803265,240972,4091327,4044237,85.2622861345344,84.2809416822149,323
-7.6926,53.28823,2022/06/20 23:00:00+00,Tue 21 Jun 2022,73,168,1,3850428,3803433,240973,4091401,4044406,85.2638282770163,84.2844636022073,324
-7.6926,53.28823,2022/06/21 23:00:00+00,Wed 22 Jun 2022,60,93,0,3850488,3803526,240973,4091461,4044499,85.2650786628124,84.2864017001912,325
-7.6926,53.28823,2022/06/22 23:00:00+00,Thu 23 Jun 2022,64,114,0,3850552,3803640,240973,4091525,4044613,85.2664124076616,84.2887774332039,326
-7.6926,53.28823,2022/06/23 23:00:00+00,Fri 24 Jun 2022,56,92,1,3850608,3803732,240974,4091582,4044706,85.2676002741679,84.2907155311879,327
-7.6926,53.28823,2022/06/24 23:00:00+00,Sat 25 Jun 2022,210,291,0,3850818,3804023,240974,4091792,4044997,85.2719766244543,84.296779902299,328
-7.6926,53.28823,2022/06/25 23:00:00+00,Sun 26 Jun 2022,174,403,0,3850992,3804426,240974,4091966,4045400,85.2756027432631,84.3051783268963,329
-7.6926,53.28823,2022/06/26 23:00:00+00,Mon 27 Jun 2022,4,33,0,3850996,3804459,240974,4091970,4045433,85.2756861023161,84.3058660390841,330
-7.6926,53.28823,2022/06/27 23:00:00+00,Tue 28 Jun 2022,48,60,0,3851044,3804519,240974,4092018,4045493,85.276686410953,84.3071164248803,331
-7.6926,53.28823,2022/06/28 23:00:00+00,Wed 29 Jun 2022,63,81,3,3851107,3804600,240977,4092084,4045577,85.2780618353288,84.3088669649948,332
-7.6926,53.28823,2022/06/29 23:00:00+00,Thu 30 Jun 2022,49,86,0,3851156,3804686,240977,4092133,4045663,85.2790829837289,84.3106591846359,333
-7.6926,53.28823,2022/06/30 23:00:00+00,Fri 01 Jul 2022,46,62,0,3851202,3804748,240977,4092179,4045725,85.2800416128393,84.3119512499586,334
-7.6926,53.28823,2022/07/01 23:00:00+00,Sat 02 Jul 2022,182,228,0,3851384,3804976,240977,4092361,4045953,85.2838344497542,84.3167027159838,335
-7.6926,53.28823,2022/07/02 23:00:00+00,Sun 03 Jul 2022,108,274,0,3851492,3805250,240977,4092469,4046227,85.2860851441872,84.3224128111194,336
-7.6926,53.28823,2022/07/03 23:00:00+00,Mon 04 Jul 2022,13,15,0,3851505,3805265,240977,4092482,4046242,85.2863560611097,84.3227254075685,337
-7.6926,53.28823,2022/07/04 23:00:00+00,Tue 05 Jul 2022,51,69,0,3851556,3805334,240977,4092533,4046311,85.2874188890364,84.324163351234,338
-7.6926,53.28823,2022/07/05 23:00:00+00,Wed 06 Jul 2022,60,83,0,3851616,3805417,240977,4092593,4046394,85.2886692748325,84.3258930515853,339
-7.6926,53.28823,2022/07/06 23:00:00+00,Thu 07 Jul 2022,76,75,0,3851692,3805492,240977,4092669,4046469,85.2902530968409,84.3274560338304,340
-7.6926,53.28823,2022/07/07 23:00:00+00,Fri 08 Jul 2022,99,89,0,3851791,3805581,240977,4092768,4046558,85.2923162334045,84.3293107727613,341
-7.6926,53.28823,2022/07/08 23:00:00+00,Sat 09 Jul 2022,119,143,0,3851910,3805724,240977,4092887,4046701,85.2947961652335,84.3322908589087,342
-7.6926,53.28823,2022/07/09 23:00:00+00,Sun 10 Jul 2022,131,219,0,3852041,3805943,240977,4093018,4046920,85.2975261742217,84.3368547670646,343
-7.6926,53.28823,2022/07/10 23:00:00+00,Mon 11 Jul 2022,11,16,0,3852052,3805959,240977,4093029,4046936,85.2977554116176,84.3371882032769,344
-7.6926,53.28823,2022/07/11 23:00:00+00,Tue 12 Jul 2022,43,80,0,3852095,3806039,240977,4093072,4047016,85.2986515214382,84.3388553843384,345
-7.6926,53.28823,2022/07/12 23:00:00+00,Wed 13 Jul 2022,99,73,0,3852194,3806112,240977,4093171,4047089,85.3007146580018,84.340376687057,346
-7.6926,53.28823,2022/07/13 23:00:00+00,Thu 14 Jul 2022,70,39,0,3852264,3806151,240977,4093241,4047128,85.3021734414306,84.3411894378245,347
-7.6926,53.28823,2022/07/14 23:00:00+00,Fri 15 Jul 2022,79,117,1,3852343,3806268,240978,4093321,4047246,85.3038406224921,84.3436485298902,348
-7.6926,53.28823,2022/07/15 23:00:00+00,Sat 16 Jul 2022,124,210,0,3852467,3806478,240978,4093445,4047456,85.3064247531374,84.3480248801766,349
-7.6926,53.28823,2022/07/16 23:00:00+00,Sun 17 Jul 2022,119,165,0,3852586,3806643,240978,4093564,4047621,85.3089046849663,84.3514634411159,350
-7.6926,53.28823,2022/07/17 23:00:00+00,Mon 18 Jul 2022,14,17,0,3852600,3806660,240978,4093578,4047638,85.3091964416521,84.3518177170915,351
-7.6926,53.28823,2022/07/18 23:00:00+00,Tue 19 Jul 2022,29,32,0,3852629,3806692,240978,4093607,4047670,85.3098007947869,84.3524845895161,352
-7.6926,53.28823,2022/07/19 23:00:00+00,Wed 20 Jul 2022,78,66,0,3852707,3806758,240978,4093685,4047736,85.3114262963218,84.3538600138918,353
-7.6926,53.28823,2022/07/20 23:00:00+00,Thu 21 Jul 2022,52,30,0,3852759,3806788,240978,4093737,4047766,85.3125099640118,84.3544852067898,354
-7.6926,53.28823,2022/07/21 23:00:00+00,Fri 22 Jul 2022,73,70,0,3852832,3806858,240978,4093810,4047836,85.3140312667304,84.3559439902186,355
-7.6926,53.28823,2022/07/22 23:00:00+00,Sat 23 Jul 2022,97,175,0,3852929,3807033,240978,4093907,4048011,85.3160527237675,84.3595909487907,356
-7.6926,53.28823,2022/07/23 23:00:00+00,Sun 24 Jul 2022,108,231,0,3853037,3807264,240978,4094015,4048242,85.3183034182005,84.3644049341057,357
-7.6926,53.28823,2022/07/24 23:00:00+00,Mon 25 Jul 2022,15,23,0,3853052,3807287,240978,4094030,4048265,85.3186160146495,84.3648842486609,358
-7.6926,53.28823,2022/07/25 23:00:00+00,Tue 26 Jul 2022,18,16,0,3853070,3807303,240978,4094048,4048281,85.3189911303884,84.3652176848732,359
-7.6926,53.28823,2022/07/26 23:00:00+00,Wed 27 Jul 2022,60,72,1,3853130,3807375,240979,4094109,4048354,85.3202623559477,84.3667389875918,360
-7.6926,53.28823,2022/07/27 23:00:00+00,Thu 28 Jul 2022,48,71,0,3853178,3807446,240979,4094157,4048425,85.3212626645846,84.3682186107839,361
-7.6926,53.28823,2022/07/28 23:00:00+00,Fri 29 Jul 2022,70,105,0,3853248,3807551,240979,4094227,4048530,85.3227214480134,84.3704067859271,362
-7.6926,53.28823,2022/07/29 23:00:00+00,Sat 30 Jul 2022,100,118,0,3853348,3807669,240979,4094327,4048648,85.3248054243403,84.3728658779928,363
-7.6926,53.28823,2022/07/30 23:00:00+00,Sun 31 Jul 2022,32,57,0,3853380,3807726,240979,4094359,4048705,85.3254722967649,84.3740537444991,364
-7.6926,53.28823,2022/07/31 23:00:00+00,Mon 01 Aug 2022,9,14,0,3853389,3807740,240979,4094368,4048719,85.3256598546343,84.3743455011848,365
-7.6926,53.28823,2022/08/01 23:00:00+00,Tue 02 Aug 2022,37,28,0,3853426,3807768,240979,4094405,4048747,85.3264309258753,84.3749290145564,366
-7.6926,53.28823,2022/08/02 23:00:00+00,Wed 03 Aug 2022,93,139,0,3853519,3807907,240979,4094498,4048886,85.3283690238592,84.3778257416507,367
-7.6926,53.28823,2022/08/03 23:00:00+00,Thu 04 Aug 2022,45,51,0,3853564,3807958,240979,4094543,4048937,85.3293068132063,84.3788885695774,368
-7.6926,53.28823,2022/08/04 23:00:00+00,Fri 05 Aug 2022,96,91,0,3853660,3808049,240979,4094639,4049028,85.3313074304801,84.3807849880348,369
-7.6926,53.28823,2022/08/05 23:00:00+00,Sat 06 Aug 2022,72,130,0,3853732,3808179,240979,4094711,4049158,85.3328078934355,84.3834941572598,370
-7.6926,53.28823,2022/08/06 23:00:00+00,Sun 07 Aug 2022,28,80,0,3853760,3808259,240979,4094739,4049238,85.333391406807,84.3851613383213,371
-7.6926,53.28823,2022/08/07 23:00:00+00,Mon 08 Aug 2022,10,15,0,3853770,3808274,240979,4094749,4049253,85.3335998044397,84.3854739347703,372
-7.6926,53.28823,2022/08/08 23:00:00+00,Tue 09 Aug 2022,47,42,0,3853817,3808316,240979,4094796,4049295,85.3345792733133,84.3863492048276,373
-7.6926,53.28823,2022/08/09 23:00:00+00,Wed 10 Aug 2022,54,94,0,3853871,3808410,240979,4094850,4049389,85.3357046205298,84.3883081425748,374
-7.6926,53.28823,2022/08/10 23:00:00+00,Thu 11 Aug 2022,45,38,0,3853916,3808448,240979,4094895,4049427,85.3366424098769,84.389100053579,375
-7.6926,53.28823,2022/08/11 23:00:00+00,Fri 12 Aug 2022,70,75,0,3853986,3808523,240979,4094965,4049502,85.3381011933057,84.3906630358242,376
-7.6926,53.28823,2022/08/12 23:00:00+00,Sat 13 Aug 2022,103,151,0,3854089,3808674,240979,4095068,4049653,85.3402476889224,84.3938098400777,377
-7.6926,53.28823,2022/08/13 23:00:00+00,Sun 14 Aug 2022,18,26,0,3854107,3808700,240979,4095086,4049679,85.3406228046612,84.3943516739227,378
-7.6926,53.28823,2022/08/14 23:00:00+00,Mon 15 Aug 2022,7,11,0,3854114,3808711,240979,4095093,4049690,85.3407686830041,84.3945809113187,379
-7.6926,53.28823,2022/08/15 23:00:00+00,Tue 16 Aug 2022,41,28,0,3854155,3808739,240979,4095134,4049718,85.3416231132981,84.3951644246902,380
-7.6926,53.28823,2022/08/16 23:00:00+00,Wed 17 Aug 2022,51,57,0,3854206,3808796,240979,4095185,4049775,85.3426859412248,84.3963522911965,381
-7.6926,53.28823,2022/08/17 23:00:00+00,Thu 18 Aug 2022,55,39,0,3854261,3808835,240979,4095240,4049814,85.3438321282046,84.397165041964,382
-7.6926,53.28823,2022/08/18 23:00:00+00,Fri 19 Aug 2022,72,56,0,3854333,3808891,240979,4095312,4049870,85.3453325911599,84.398332068707,383
-7.6926,53.28823,2022/08/19 23:00:00+00,Sat 20 Aug 2022,108,127,0,3854441,3809018,240979,4095420,4049997,85.3475832855929,84.4009787186422,384
-7.6926,53.28823,2022/08/20 23:00:00+00,Sun 21 Aug 2022,38,36,0,3854479,3809054,240979,4095458,4050033,85.3483751965971,84.4017289501198,385
-7.6926,53.28823,2022/08/21 23:00:00+00,Mon 22 Aug 2022,12,13,0,3854491,3809067,240979,4095470,4050046,85.3486252737563,84.4019998670423,386
-7.6926,53.28823,2022/08/22 23:00:00+00,Tue 23 Aug 2022,76,72,0,3854567,3809139,240979,4095546,4050118,85.3502090957648,84.4035003299977,387
-7.6926,53.28823,2022/08/23 23:00:00+00,Wed 24 Aug 2022,53,55,0,3854620,3809194,240979,4095599,4050173,85.351313603218,84.4046465169774,388
-7.6926,53.28823,2022/08/24 23:00:00+00,Thu 25 Aug 2022,40,48,0,3854660,3809242,240979,4095639,4050221,85.3521471937487,84.4056468256143,389
-7.6926,53.28823,2022/08/25 23:00:00+00,Fri 26 Aug 2022,98,89,0,3854758,3809331,240979,4095737,4050310,85.3541894905491,84.4075015645452,390
-7.6926,53.28823,2022/08/26 23:00:00+00,Sat 27 Aug 2022,86,119,0,3854844,3809450,240979,4095823,4050429,85.3559817101902,84.4099814963742,391
-7.6926,53.28823,2022/08/27 23:00:00+00,Sun 28 Aug 2022,44,20,0,3854888,3809470,240979,4095867,4050449,85.356898659774,84.4103982916396,392
-7.6926,53.28823,2022/08/28 23:00:00+00,Mon 29 Aug 2022,13,12,0,3854901,3809482,240979,4095880,4050461,85.3571695766965,84.4106483687988,393
-7.6926,53.28823,2022/08/29 23:00:00+00,Tue 30 Aug 2022,39,44,0,3854940,3809526,240979,4095919,4050505,85.357982327464,84.4115653183826,394
-7.6926,53.28823,2022/08/30 23:00:00+00,Wed 31 Aug 2022,28,29,0,3854968,3809555,240979,4095947,4050534,85.3585658408355,84.4121696715174,395
-7.6926,53.28823,2022/08/31 23:00:00+00,Thu 01 Sep 2022,30,28,0,3854998,3809583,240979,4095977,4050562,85.3591910337335,84.4127531848889,396
-7.6926,53.28823,2022/09/01 23:00:00+00,Fri 02 Sep 2022,47,50,0,3855045,3809633,240979,4096024,4050612,85.3601705026072,84.4137951730523,397
-7.6926,53.28823,2022/09/02 23:00:00+00,Sat 03 Sep 2022,73,101,0,3855118,3809734,240979,4096097,4050713,85.3616918053258,84.4158999891425,398
-7.6926,53.28823,2022/09/03 23:00:00+00,Sun 04 Sep 2022,58,82,0,3855176,3809816,240979,4096155,4050795,85.3629005115954,84.4176088497305,399
-7.6926,53.28823,2022/09/04 23:00:00+00,Mon 05 Sep 2022,9,5,0,3855185,3809821,240979,4096164,4050800,85.3630880694648,84.4177130485468,400
-7.6926,53.28823,2022/09/05 23:00:00+00,Tue 06 Sep 2022,38,22,0,3855223,3809843,240979,4096202,4050822,85.363879980469,84.4181715233388,401
-7.6926,53.28823,2022/09/06 23:00:00+00,Wed 07 Sep 2022,47,42,0,3855270,3809885,240979,4096249,4050864,85.3648594493426,84.419046793396,402
-7.6926,53.28823,2022/09/07 23:00:00+00,Thu 08 Sep 2022,37,49,2,3855307,3809934,240981,4096288,4050915,85.3656722001101,84.4201096213228,403
-7.6926,53.28823,2022/09/08 23:00:00+00,Fri 09 Sep 2022,59,59,0,3855366,3809993,240981,4096347,4050974,85.3669017461429,84.4213391673556,404
-7.6926,53.28823,2022/09/09 23:00:00+00,Sat 10 Sep 2022,93,135,0,3855459,3810128,240981,4096440,4051109,85.3688398441269,84.4241525353969,405
-7.6926,53.28823,2022/09/10 23:00:00+00,Sun 11 Sep 2022,57,58,0,3855516,3810186,240981,4096497,4051167,85.3700277106332,84.4253612416664,406
-7.6926,53.28823,2022/09/11 23:00:00+00,Mon 12 Sep 2022,12,12,0,3855528,3810198,240981,4096509,4051179,85.3702777877924,84.4256113188257,407
-7.6926,53.28823,2022/09/12 23:00:00+00,Tue 13 Sep 2022,29,24,0,3855557,3810222,240981,4096538,4051203,85.3708821409272,84.4261114731441,408
-7.6926,53.28823,2022/09/13 23:00:00+00,Wed 14 Sep 2022,34,33,0,3855591,3810255,240981,4096572,4051236,85.3715906928784,84.426799185332,409
-7.6926,53.28823,2022/09/14 23:00:00+00,Thu 15 Sep 2022,49,35,0,3855640,3810290,240981,4096621,4051271,85.3726118412785,84.4275285770464,410
-7.6926,53.28823,2022/09/15 23:00:00+00,Fri 16 Sep 2022,39,54,0,3855679,3810344,240981,4096660,4051325,85.373424592046,84.4286539242629,411
-7.6926,53.28823,2022/09/16 23:00:00+00,Sat 17 Sep 2022,67,149,0,3855746,3810493,240981,4096727,4051474,85.374820856185,84.4317590489899,412
-7.6926,53.28823,2022/09/17 23:00:00+00,Sun 18 Sep 2022,30,53,0,3855776,3810546,240981,4096757,4051527,85.3754460490831,84.4328635564432,413
-7.6926,53.28823,2022/09/18 23:00:00+00,Mon 19 Sep 2022,11,11,0,3855787,3810557,240981,4096768,4051538,85.375675286479,84.4330927938391,414
-7.6926,53.28823,2022/09/19 23:00:00+00,Tue 20 Sep 2022,37,37,0,3855824,3810594,240981,4096805,4051575,85.37644635772,84.43386386508,415
-7.6926,53.28823,2022/09/20 23:00:00+00,Wed 21 Sep 2022,40,32,0,3855864,3810626,240981,4096845,4051607,85.3772799482507,84.4345307375046,416
-7.6926,53.28823,2022/09/21 23:00:00+00,Thu 22 Sep 2022,61,34,0,3855925,3810660,240981,4096906,4051641,85.3785511738101,84.4352392894558,417
-7.6926,53.28823,2022/09/22 23:00:00+00,Fri 23 Sep 2022,38,39,0,3855963,3810699,240981,4096944,4051680,85.3793430848143,84.4360520402232,418
-7.6926,53.28823,2022/09/23 23:00:00+00,Sat 24 Sep 2022,56,103,0,3856019,3810802,240981,4097000,4051783,85.3805101115573,84.4381985358399,419
-7.6926,53.28823,2022/09/24 23:00:00+00,Sun 25 Sep 2022,42,74,0,3856061,3810876,240981,4097042,4051857,85.3813853816146,84.4397406783218,420
-7.6926,53.28823,2022/09/25 23:00:00+00,Mon 26 Sep 2022,20,9,0,3856081,3810885,240981,4097062,4051866,85.38180217688,84.4399282361912,421
-7.6926,53.28823,2022/09/26 23:00:00+00,Tue 27 Sep 2022,23,31,2,3856104,3810916,240983,4097087,4051899,85.3823231709617,84.4406159483791,422
-7.6926,53.28823,2022/09/27 23:00:00+00,Wed 28 Sep 2022,43,26,0,3856147,3810942,240983,4097130,4051925,85.3832192807823,84.4411577822241,423
-7.6926,53.28823,2022/09/28 23:00:00+00,Thu 29 Sep 2022,27,22,0,3856174,3810964,240983,4097157,4051947,85.3837819543905,84.441616257016,424
-7.6926,53.28823,2022/09/29 23:00:00+00,Fri 30 Sep 2022,41,57,0,3856215,3811021,240983,4097198,4052004,85.3846363846845,84.4428041235223,425
-7.6926,53.28823,2022/09/30 23:00:00+00,Sat 01 Oct 2022,50,105,0,3856265,3811126,240983,4097248,4052109,85.3856783728479,84.4449922986655,426
-7.6926,53.28823,2022/10/01 23:00:00+00,Sun 02 Oct 2022,26,47,0,3856291,3811173,240983,4097274,4052156,85.3862202066929,84.4459717675391,427
-7.6926,53.28823,2022/10/02 23:00:00+00,Mon 03 Oct 2022,15,0,0,3856306,3811173,240983,4097289,4052156,85.386532803142,84.4459717675391,428
-7.6926,53.28823,2022/10/03 23:00:00+00,Tue 04 Oct 2022,23,16,0,3856329,3811189,240983,4097312,4052172,85.3870121176972,84.4463052037514,429
-7.6926,53.28823,2022/10/04 23:00:00+00,Wed 05 Oct 2022,32,27,0,3856361,3811216,240983,4097344,4052199,85.3876789901217,84.4468678773597,430
-7.6926,53.28823,2021/04/14 23:00:00+00,Thu 15 Apr 2021,27107,10816,1,856362,365065,249,856611,365314,17.8515704533003,7.61305727871454,431
-7.6926,53.28823,2021/11/17 00:00:00+00,Wed 17 Nov 2021,1496,1121,2,3643780,3575769,240828,3884608,3816597,80.9543111114075,79.536977971745,432
-7.6926,53.28823,2021/11/18 00:00:00+00,Thu 18 Nov 2021,1638,2504,5,3645418,3578273,240833,3886251,3819106,80.9885508424579,79.589264937786,433
-7.6926,53.28823,2021/11/19 00:00:00+00,Fri 19 Nov 2021,1160,1557,0,3646578,3579830,240833,3887411,3820663,81.0127249678495,79.6217124491953,434
-7.6926,53.28823,2021/11/20 00:00:00+00,Sat 20 Nov 2021,1545,2945,12,3648123,3582775,240845,3888968,3823620,81.0451724792587,79.6833356291806,435
-7.6926,53.28823,2021/11/21 00:00:00+00,Sun 21 Nov 2021,1787,2768,0,3649910,3585543,240845,3890755,3826388,81.0824131362197,79.7410200939081,436
-7.6926,53.28823,2021/11/22 00:00:00+00,Mon 22 Nov 2021,721,519,3,3650631,3586062,240848,3891479,3826910,81.0975011248262,79.7518984503344,437
-7.6926,53.28823,2021/11/23 00:00:00+00,Tue 23 Nov 2021,2152,1597,8,3652783,3587659,240856,3893639,3828515,81.1425150134864,79.7853462703805,438
-7.6926,53.28823,2021/11/24 00:00:00+00,Wed 24 Nov 2021,1606,3149,2,3654389,3590808,240858,3895247,3831666,81.1760253528224,79.8510123644399,439
-7.6926,53.28823,2021/11/25 00:00:00+00,Thu 25 Nov 2021,974,1186,1,3655363,3591994,240859,3896222,3832853,81.1963441220093,79.8757491634398,440
-7.6926,53.28823,2021/11/26 00:00:00+00,Fri 26 Nov 2021,1280,1108,12,3656643,3593102,240871,3897514,3833973,81.2232690961524,79.8990896983007,441
-7.6926,53.28823,2021/11/27 00:00:00+00,Sat 27 Nov 2021,1197,1564,6,3657840,3594666,240877,3898717,3835543,81.2483393313645,79.9318081266324,442
-7.6926,53.28823,2021/11/28 00:00:00+00,Sun 28 Nov 2021,1950,2259,1,3659790,3596925,240878,3900668,3837803,81.2889977095016,79.9789059916195,443
-7.6926,53.28823,2021/11/29 00:00:00+00,Mon 29 Nov 2021,534,996,2,3660324,3597921,240880,3901204,3838801,81.3001678226136,79.9997040753616,444
-7.6926,53.28823,2021/11/30 00:00:00+00,Tue 30 Nov 2021,1889,1649,6,3662213,3599570,240886,3903099,3840456,81.3396591740077,80.0341938835712,445
-7.6926,53.28823,2021/12/01 00:00:00+00,Wed 01 Dec 2021,1030,1387,4,3663243,3600957,240890,3904133,3841847,81.3612074892274,80.0631819942778,446
-7.6926,53.28823,2021/12/02 00:00:00+00,Thu 02 Dec 2021,1730,1411,0,3664973,3602368,240890,3905863,3843258,81.3972602796821,80.0925869002499,447
-7.6926,53.28823,2021/12/03 00:00:00+00,Fri 03 Dec 2021,1005,1195,2,3665978,3603563,240892,3906870,3844455,81.4182459212936,80.1175320968824,448
-7.6926,53.28823,2021/12/04 00:00:00+00,Sat 04 Dec 2021,1201,1701,1,3667179,3605264,240893,3908072,3846157,81.4432953167425,80.1530013739656,449
-7.6926,53.28823,2021/12/05 00:00:00+00,Sun 05 Dec 2021,1347,1776,2,3668526,3607040,240895,3909421,3847935,81.4714081573919,80.1900544730572,450
-7.6926,53.28823,2021/12/06 00:00:00+00,Mon 06 Dec 2021,930,1300,0,3669456,3608340,240895,3910351,3849235,81.4907891372317,80.2171461653064,451
-7.6926,53.28823,2021/12/07 00:00:00+00,Tue 07 Dec 2021,482,744,2,3669938,3609084,240897,3910835,3849981,81.5008755826537,80.2326926287048,452
-7.6926,53.28823,2021/12/08 00:00:00+00,Wed 08 Dec 2021,782,1524,2,3670720,3610608,240899,3911619,3851507,81.5172139570563,80.2644941074527,453
-7.6926,53.28823,2021/12/09 00:00:00+00,Thu 09 Dec 2021,783,1210,1,3671503,3611818,240900,3912403,3852718,81.5335523314589,80.289731060771,454
-7.6926,53.28823,2021/12/10 00:00:00+00,Fri 10 Dec 2021,887,1616,1,3672390,3613434,240901,3913291,3854335,81.5520580412415,80.3234289579764,455
-7.6926,53.28823,2021/12/11 00:00:00+00,Sat 11 Dec 2021,639,845,2,3673029,3614279,240903,3913932,3855182,81.5654163294967,80.3410802374649,456
-7.6926,53.28823,2021/12/12 00:00:00+00,Sun 12 Dec 2021,686,1194,0,3673715,3615473,240903,3914618,3856376,81.5797124070989,80.3659629148077,457
-7.6926,53.28823,2021/12/13 00:00:00+00,Mon 13 Dec 2021,719,1069,1,3674434,3616542,240904,3915338,3857446,81.5947170366524,80.3882614615051,458
-7.6926,53.28823,2021/12/14 00:00:00+00,Tue 14 Dec 2021,628,1202,3,3675062,3617744,240907,3915969,3858651,81.6078669272749,80.4133733762438,459
-7.6926,53.28823,2021/12/15 00:00:00+00,Wed 15 Dec 2021,790,1259,1,3675852,3619003,240908,3916760,3859911,81.6243511800203,80.4396314779623,460
-7.6926,53.28823,2021/12/16 00:00:00+00,Thu 16 Dec 2021,1042,1543,7,3676894,3620546,240915,3917809,3861461,81.6462120916891,80.4719331110286,461
-7.6926,53.28823,2021/12/17 00:00:00+00,Fri 17 Dec 2021,1196,2460,1,3678090,3623006,240916,3919006,3863922,81.6711572883217,80.5232197684327,462
-7.6926,53.28823,2021/12/18 00:00:00+00,Sat 18 Dec 2021,1247,1183,0,3679337,3624189,240916,3920253,3865105,81.6971444731176,80.5478732083795,463
-7.6926,53.28823,2021/12/19 00:00:00+00,Sun 19 Dec 2021,544,888,1,3679881,3625077,240917,3920798,3865994,81.708502144099,80.5663997579253,464
-7.6926,53.28823,2021/12/20 00:00:00+00,Mon 20 Dec 2021,507,615,1,3680388,3625692,240918,3921306,3866610,81.7190887438395,80.5792370520988,465
-7.6926,53.28823,2021/12/21 00:00:00+00,Tue 21 Dec 2021,1399,1815,3,3681787,3627507,240921,3922708,3868428,81.7483060919421,80.6171237417211,466
-7.6926,53.28823,2021/12/22 00:00:00+00,Wed 22 Dec 2021,1156,1597,2,3682943,3629104,240923,3923866,3870027,81.7724385378072,80.6504465231877,467
-7.6926,53.28823,2021/12/23 00:00:00+00,Thu 23 Dec 2021,923,1395,0,3683866,3630499,240923,3924789,3871422,81.7916736393041,80.6795179929474,468
-7.6926,53.28823,2021/12/24 00:00:00+00,Fri 24 Dec 2021,102,156,0,3683968,3630655,240923,3924891,3871578,81.7937992951575,80.6827689960173,469
-7.6926,53.28823,2021/12/25 00:00:00+00,Sat 25 Dec 2021,1,6,0,3683969,3630661,240923,3924892,3871584,81.7938201349208,80.6828940345969,470
-7.6926,53.28823,2021/12/26 00:00:00+00,Sun 26 Dec 2021,12,11,0,3683981,3630672,240923,3924904,3871595,81.79407021208,80.6831232719929,471
-7.6926,53.28823,2021/12/27 00:00:00+00,Mon 27 Dec 2021,389,589,0,3684370,3631261,240923,3925293,3872184,81.8021768799915,80.6953978925581,472
-7.6926,53.28823,2021/12/28 00:00:00+00,Tue 28 Dec 2021,467,748,0,3684837,3632009,240923,3925760,3872932,81.811909049438,80.710986035483,473
-7.6926,53.28823,2021/12/29 00:00:00+00,Wed 29 Dec 2021,1057,1309,0,3685894,3633318,240923,3926817,3874241,81.8339366792129,80.7382652856017,474
-7.6926,53.28823,2021/12/30 00:00:00+00,Thu 30 Dec 2021,1045,1197,1,3686939,3634515,240924,3927863,3875439,81.8557350715919,80.7632313219975,475
-7.6926,53.28823,2021/12/31 00:00:00+00,Fri 31 Dec 2021,711,1682,0,3687650,3636197,240924,3928574,3877121,81.8705521432759,80.7982838038153,476
-7.6926,53.28823,2022/01/01 00:00:00+00,Sat 01 Jan 2022,65,99,0,3687715,3636296,240924,3928639,3877220,81.8719067278883,80.8003469403789,477
-7.6926,53.28823,2022/01/02 00:00:00+00,Sun 02 Jan 2022,270,629,0,3687985,3636925,240924,3928909,3877849,81.8775334639709,80.8134551514749,478
-7.6926,53.28823,2022/01/03 00:00:00+00,Mon 03 Jan 2022,3630,727,1,3691615,3637652,240925,3932540,3878577,81.9532026443992,80.8286264991344,479
-7.6926,53.28823,2022/01/04 00:00:00+00,Tue 04 Jan 2022,1186,783,1,3692801,3638435,240926,3933727,3879361,81.9779394433991,80.844964873537,480
-7.6926,53.28823,2022/01/05 00:00:00+00,Wed 05 Jan 2022,2140,911,0,3694941,3639346,240926,3935867,3880272,82.022536536794,80.8639498978747,481
-7.6926,53.28823,2022/01/06 00:00:00+00,Thu 06 Jan 2022,2454,1696,1,3697395,3641042,240927,3938322,3881969,82.0736981556184,80.8993149761416,482
-7.6926,53.28823,2022/01/07 00:00:00+00,Fri 07 Jan 2022,4853,783,2,3702248,3641825,240929,3943177,3882754,82.1748752062876,80.9156741903075,483
-7.6926,53.28823,2022/01/08 00:00:00+00,Sat 08 Jan 2022,9790,741,2,3712038,3642566,240931,3952969,3883497,82.378938168214,80.9311581344161,484
-7.6926,53.28823,2022/01/09 00:00:00+00,Sun 09 Jan 2022,7115,667,0,3719153,3643233,240931,3960084,3884164,82.5272130838703,80.9450582565162,485
-7.6926,53.28823,2022/01/10 00:00:00+00,Mon 10 Jan 2022,6661,508,1,3725814,3643741,240932,3966746,3884673,82.6660475867658,80.95566569602,486
-7.6926,53.28823,2022/01/11 00:00:00+00,Tue 11 Jan 2022,4784,1367,1,3730598,3645108,240933,3971531,3886041,82.7657658540062,80.9841744921714,487
-7.6926,53.28823,2022/01/12 00:00:00+00,Wed 12 Jan 2022,7556,924,1,3738154,3646032,240934,3979088,3886966,82.9232519450272,81.0034512731949,488
-7.6926,53.28823,2022/01/13 00:00:00+00,Thu 13 Jan 2022,7322,815,0,3745476,3646847,240934,3986410,3887781,83.0758406916801,81.0204356802589,489
-7.6926,53.28823,2022/01/14 00:00:00+00,Fri 14 Jan 2022,10723,835,0,3756199,3647682,240934,3997133,3888616,83.2993054732096,81.0378368825881,490
-7.6926,53.28823,2022/01/15 00:00:00+00,Sat 15 Jan 2022,8361,652,2,3764560,3648334,240936,4005496,3889270,83.4735884134251,81.0514660877658,491
-7.6926,53.28823,2021/04/15 23:00:00+00,Fri 16 Apr 2021,27963,9838,1,884325,374903,250,884575,375153,18.4343335933441,7.81809970951454,492
-7.6926,53.28823,2022/01/16 00:00:00+00,Sun 16 Jan 2022,6965,1215,1,3771525,3649549,240937,4012462,3890486,83.6187582043543,81.0768072399005,493
-7.6926,53.28823,2022/01/17 00:00:00+00,Mon 17 Jan 2022,2561,561,0,3774086,3650110,240937,4015023,3891047,83.6721288380852,81.0884983470942,494
-7.6926,53.28823,2022/01/18 00:00:00+00,Tue 18 Jan 2022,4055,453,3,3778141,3650563,240940,4019081,3891503,83.7566965974293,81.0980012791447,495
-7.6926,53.28823,2022/01/19 00:00:00+00,Wed 19 Jan 2022,3486,622,0,3781627,3651185,240940,4022567,3892125,83.8293440121838,81.1109636118978,496
-7.6926,53.28823,2022/01/20 00:00:00+00,Thu 20 Jan 2022,3693,935,0,3785320,3652120,240940,4026260,3893060,83.9063052579348,81.1304487905539,497
-7.6926,53.28823,2022/01/21 00:00:00+00,Fri 21 Jan 2022,3251,977,0,3788571,3653097,240940,4029511,3894037,83.9740553283211,81.1508092392674,498
-7.6926,53.28823,2022/01/22 00:00:00+00,Sat 22 Jan 2022,4270,644,0,3792841,3653741,240940,4033781,3894681,84.0630411174781,81.1642300468124,499
-7.6926,53.28823,2022/01/23 00:00:00+00,Sun 23 Jan 2022,3092,677,0,3795933,3654418,240940,4036873,3895358,84.1274776655047,81.1783385665452,500
-7.6926,53.28823,2022/01/24 00:00:00+00,Mon 24 Jan 2022,646,465,0,3796579,3654883,240940,4037519,3895823,84.1409401525762,81.1880290564651,501
-7.6926,53.28823,2022/01/25 00:00:00+00,Tue 25 Jan 2022,692,1836,0,3797271,3656719,240940,4038211,3897659,84.1553612687581,81.2262908618263,502
-7.6926,53.28823,2022/01/26 00:00:00+00,Wed 26 Jan 2022,700,897,0,3797971,3657616,240940,4038911,3898556,84.1699491030462,81.2449841294783,503
-7.6926,53.28823,2022/01/27 00:00:00+00,Thu 27 Jan 2022,1274,1178,0,3799245,3658794,240940,4040185,3899734,84.1964989614504,81.2695333706087,504
-7.6926,53.28823,2022/01/28 00:00:00+00,Fri 28 Jan 2022,1028,3093,1,3800273,3661887,240941,4041214,3902828,84.2179430778538,81.3340115981619,505
-7.6926,53.28823,2022/01/29 00:00:00+00,Sat 29 Jan 2022,2328,3445,0,3802601,3665332,240941,4043542,3906273,84.2664580467432,81.4058045826223,506
-7.6926,53.28823,2022/01/30 00:00:00+00,Sun 30 Jan 2022,1639,7537,0,3804240,3672869,240941,4045181,3913810,84.3006144187405,81.5628738783779,507
-7.6926,53.28823,2022/01/31 00:00:00+00,Mon 31 Jan 2022,480,1392,0,3804720,3674261,240941,4045661,3915202,84.3106175051094,81.5918828288478,508
-7.6926,53.28823,2022/02/01 00:00:00+00,Tue 01 Feb 2022,748,3417,1,3805468,3677678,240942,4046410,3918620,84.3262264877976,81.6631131397,509
-7.6926,53.28823,2022/02/02 00:00:00+00,Wed 02 Feb 2022,650,2997,0,3806118,3680675,240942,4047060,3921617,84.3397723339222,81.7255699102161,510
-7.6926,53.28823,2022/02/03 00:00:00+00,Thu 03 Feb 2022,905,2435,1,3807023,3683110,240943,4047966,3924053,84.3586531594436,81.7763355735384,511
-7.6926,53.28823,2022/02/04 00:00:00+00,Fri 04 Feb 2022,1172,6522,0,3808195,3689632,240943,4049138,3930575,84.3830773619944,81.9122525095764,512
-7.6926,53.28823,2022/02/05 00:00:00+00,Sat 05 Feb 2022,1777,5749,0,3809972,3695381,240943,4050915,3936324,84.4201096213228,82.0320603086077,513
-7.6926,53.28823,2022/02/06 00:00:00+00,Sun 06 Feb 2022,1407,7555,0,3811379,3702936,240943,4052322,3943879,84.4494311682417,82.1895047201022,514
-7.6926,53.28823,2022/02/07 00:00:00+00,Mon 07 Feb 2022,440,1350,0,3811819,3704286,240943,4052762,3945229,84.4586006640799,82.2176384005148,515
-7.6926,53.28823,2022/02/08 00:00:00+00,Tue 08 Feb 2022,899,1237,0,3812718,3705523,240943,4053661,3946466,84.4773356112584,82.2434171876781,516
-7.6926,53.28823,2022/02/09 00:00:00+00,Wed 09 Feb 2022,1335,1784,0,3814053,3707307,240943,4054996,3948250,84.505156695222,82.2805953253493,517
-7.6926,53.28823,2022/02/10 00:00:00+00,Thu 10 Feb 2022,685,2551,0,3814738,3709858,240943,4055681,3950801,84.519431933061,82.3337575614476,518
-7.6926,53.28823,2022/02/11 00:00:00+00,Fri 11 Feb 2022,547,4920,0,3815285,3714778,240943,4056228,3955721,84.530831283569,82.4362891967292,519
-7.6926,53.28823,2022/02/12 00:00:00+00,Sat 12 Feb 2022,1397,5462,0,3816682,3720240,240943,4057625,3961183,84.5599444328552,82.5501159837025,520
-7.6926,53.28823,2022/02/13 00:00:00+00,Sun 13 Feb 2022,1566,4706,0,3818248,3724946,240943,4059191,3965889,84.5925795021339,82.6481879096446,521
-7.6926,53.28823,2022/02/14 00:00:00+00,Mon 14 Feb 2022,173,954,0,3818421,3725900,240943,4059364,3966843,84.5961847811794,82.6680690438029,522
-7.6926,53.28823,2022/02/15 00:00:00+00,Tue 15 Feb 2022,649,816,1,3819070,3726716,240944,4060014,3967660,84.609730627304,82.6850951303934,523
-7.6926,53.28823,2022/02/16 00:00:00+00,Wed 16 Feb 2022,799,1786,0,3819869,3728502,240944,4060813,3969446,84.6263815981556,82.7223149475911,524
-7.6926,53.28823,2022/02/17 00:00:00+00,Thu 17 Feb 2022,790,1193,2,3820659,3729695,240946,4061605,3970641,84.6428866906644,82.7472184646971,525
-7.6926,53.28823,2022/02/18 00:00:00+00,Fri 18 Feb 2022,790,3294,0,3821449,3732989,240946,4062395,3973935,84.6593501036466,82.815864644904,526
-7.6926,53.28823,2022/02/19 00:00:00+00,Sat 19 Feb 2022,980,3555,0,3822429,3736544,240946,4063375,3977490,84.6797730716498,82.8899500033239,527
-7.6926,53.28823,2022/02/20 00:00:00+00,Sun 20 Feb 2022,1366,3588,0,3823795,3740132,240946,4064741,3981078,84.7082401882748,82.9647230739318,528
-7.6926,53.28823,2022/02/21 00:00:00+00,Mon 21 Feb 2022,252,994,1,3824047,3741126,240947,4064994,3982073,84.7135126483817,82.985458638384,529
-7.6926,53.28823,2022/02/22 00:00:00+00,Tue 22 Feb 2022,475,981,1,3824522,3742107,240948,4065470,3983055,84.7234323756976,83.0059232859138,530
-7.6926,53.28823,2022/02/23 00:00:00+00,Wed 23 Feb 2022,832,1272,1,3825354,3743379,240949,4066303,3984328,84.7407918985003,83.0324523045548,531
-7.6926,53.28823,2022/02/24 00:00:00+00,Thu 24 Feb 2022,655,1231,0,3826009,3744610,240949,4066958,3985559,84.7544419434413,83.0581060531385,532
-7.6926,53.28823,2022/02/25 00:00:00+00,Fri 25 Feb 2022,692,1227,0,3826701,3745837,240949,4067650,3986786,84.7688630596232,83.0836764426691,533
-7.6926,53.28823,2022/02/26 00:00:00+00,Sat 26 Feb 2022,959,2092,0,3827660,3747929,240949,4068609,3988878,84.7888483925978,83.127273227427,534
-7.6926,53.28823,2022/02/27 00:00:00+00,Sun 27 Feb 2022,671,1783,0,3828331,3749712,240949,4069280,3990661,84.802831873751,83.164430525335,535
-7.6926,53.28823,2022/02/28 00:00:00+00,Mon 28 Feb 2022,80,432,0,3828411,3750144,240949,4069360,3991093,84.8044990548125,83.173433303067,536
-7.6926,53.28823,2022/03/01 00:00:00+00,Tue 01 Mar 2022,131,936,0,3828542,3751080,240949,4069491,3992029,84.8072290638007,83.1929393214865,537
-7.6926,53.28823,2022/03/02 00:00:00+00,Wed 02 Mar 2022,205,997,2,3828747,3752077,240951,4069698,3993028,84.8115428947973,83.2137582449918,538
-7.6926,53.28823,2022/03/03 00:00:00+00,Thu 03 Mar 2022,279,1277,0,3829026,3753354,240951,4069977,3994305,84.8173571887493,83.2403706226859,539
-7.6926,53.28823,2022/03/04 00:00:00+00,Fri 04 Mar 2022,735,1508,1,3829761,3754862,240952,4070713,3995814,84.832695254515,83.2718178254582,540
-7.6926,53.28823,2021/04/16 23:00:00+00,Sat 17 Apr 2021,15852,4559,3,900177,379462,253,900430,379715,18.7647480399682,7.91317070954601,541
-7.6926,53.28823,2021/04/17 23:00:00+00,Sun 18 Apr 2021,1075,485,0,901252,379947,253,901505,380200,18.7871507854819,7.92327799473129,542
-7.6926,53.28823,2021/04/18 23:00:00+00,Mon 19 Apr 2021,6749,2260,0,908001,382207,253,908254,382460,18.9277983477819,7.97037585971838,543
-7.6926,53.28823,2021/04/19 23:00:00+00,Tue 20 Apr 2021,15092,7323,1,923093,389530,254,923347,389784,19.2423328947952,8.12300628589779,544
-7.6926,53.28823,2021/04/20 23:00:00+00,Wed 21 Apr 2021,26728,9892,4,949821,399422,258,950079,399680,19.7994214464921,8.32923658320411,545
-7.6926,53.28823,2021/04/21 23:00:00+00,Thu 22 Apr 2021,31630,12187,1,981451,411609,259,981710,411868,20.458603998442,8.58323161792211,546
-7.6926,53.28823,2021/04/22 23:00:00+00,Fri 23 Apr 2021,33609,12360,3,1015060,423969,262,1015322,424231,21.159070121427,8.84087361121213,547
-7.6926,53.28823,2021/04/23 23:00:00+00,Sat 24 Apr 2021,23704,6998,2,1038764,430967,264,1039028,431231,21.6530975494731,8.9867519540925,548
-7.6926,53.28823,2021/04/24 23:00:00+00,Sun 25 Apr 2021,9753,308,2,1048517,431275,266,1048783,431541,21.8563894401585,8.99321228070578,549
-7.6926,53.28823,2021/04/25 23:00:00+00,Mon 26 Apr 2021,15598,3057,3,1064115,434332,269,1064384,434601,22.1815105869123,9.05698195630777,550
-7.6926,53.28823,2021/04/26 23:00:00+00,Tue 27 Apr 2021,25921,7824,9,1090036,442156,278,1090314,442434,22.7218856484678,9.22021982199091,551
-7.6926,53.28823,2021/04/27 23:00:00+00,Wed 28 Apr 2021,26043,8616,5,1116079,450772,283,1116362,451055,23.2647198020889,9.39987942112973,552
-7.6926,53.28823,2021/04/28 23:00:00+00,Thu 29 Apr 2021,31691,11328,6,1147770,462100,289,1148059,462389,23.9252777784145,9.63607729801632,553
-7.6926,53.28823,2021/04/29 23:00:00+00,Fri 30 Apr 2021,36098,13539,8,1183868,475639,297,1184165,475936,24.6777182709915,9.91839357101639,554
-7.6926,53.28823,2021/04/30 23:00:00+00,Sat 01 May 2021,16594,6694,18,1200462,482333,315,1200777,482648,25.0239084184099,10.0582700620754,555
-7.6926,53.28823,2021/05/01 23:00:00+00,Sun 02 May 2021,12467,911,16,1212929,483244,331,1213260,483575,25.2840511832922,10.0775885226254,556
-7.6926,53.28823,2021/05/02 23:00:00+00,Mon 03 May 2021,14268,929,21,1227197,484173,352,1227549,484525,25.5818305606376,10.0973862977306,557
-7.6926,53.28823,2021/05/03 23:00:00+00,Tue 04 May 2021,26663,6803,10,1253860,490976,362,1254222,491338,26.1376895663016,10.2393676048798,558
-7.6926,53.28823,2021/05/04 23:00:00+00,Wed 05 May 2021,32124,13460,70,1285984,504436,432,1286416,504868,26.8086049049717,10.5213296019043,559
-7.6926,53.28823,2021/05/05 23:00:00+00,Thu 06 May 2021,37297,14378,132,1323281,518814,564,1323845,519378,27.5886164043531,10.823714566932,560
-7.6926,53.28823,2021/05/06 23:00:00+00,Fri 07 May 2021,40598,15080,98,1363879,533894,662,1364541,534556,28.4367114103331,11.1400204938232,561
-7.6926,53.28823,2021/05/07 23:00:00+00,Sat 08 May 2021,25628,7059,10,1389507,540953,672,1390179,541625,28.9710012610141,11.2873367803691,562
-7.6926,53.28823,2021/05/08 23:00:00+00,Sun 09 May 2021,19673,931,5,1409180,541884,677,1409857,542561,29.3810861226141,11.3068427987885,563
-7.6926,53.28823,2021/05/09 23:00:00+00,Mon 10 May 2021,28850,4653,171,1438030,546537,848,1438878,547385,29.9858768924328,11.4073738167964,564
-7.6926,53.28823,2021/05/10 23:00:00+00,Tue 11 May 2021,33926,14811,153,1471956,561348,1001,1472957,562349,30.6960751848643,11.7192200343481,565
-7.6926,53.28823,2021/05/11 23:00:00+00,Wed 12 May 2021,31298,20924,173,1503254,582272,1174,1504428,583446,31.3519233746912,12.1588765200263,566
-7.6926,53.28823,2021/05/12 23:00:00+00,Thu 13 May 2021,36003,25478,152,1539257,607750,1326,1540583,609076,32.1053850156684,12.6929996526011,567
-7.6926,53.28823,2021/05/13 23:00:00+00,Fri 14 May 2021,38227,27949,237,1577484,635699,1563,1579047,637262,32.9069656700328,13.2803892200906,568
-7.6926,53.28823,2021/05/14 23:00:00+00,Sat 15 May 2021,28863,12459,22,1606347,648158,1585,1607932,649743,33.508922232047,13.5404903054463,569
-7.6926,53.28823,2021/05/15 23:00:00+00,Sun 16 May 2021,23184,1178,10,1629531,649336,1595,1631126,650931,33.9922797012995,13.5652479442095,570
-7.6926,53.28823,2021/05/16 23:00:00+00,Mon 17 May 2021,35395,3954,120,1664926,653290,1715,1666641,655005,34.7324038937847,13.6501491397658,571
-7.6926,53.28823,2021/05/17 23:00:00+00,Tue 18 May 2021,39017,12508,128,1703943,665798,1843,1705786,667641,35.5481764269351,13.9134803884282,572
-7.6926,53.28823,2021/05/18 23:00:00+00,Wed 19 May 2021,37032,17598,211,1740975,683396,2054,1743029,685450,36.3243117303485,14.2846157324791,573
-7.6926,53.28823,2021/05/19 23:00:00+00,Thu 20 May 2021,39092,19640,136,1780067,703036,2190,1782257,705226,37.1418139638501,14.6967428908795,574
-7.6926,53.28823,2021/05/20 23:00:00+00,Fri 21 May 2021,25842,23255,14934,1805909,726291,17124,1823033,743415,37.9915761508916,15.492592610345,575
-7.6926,53.28823,2021/05/21 23:00:00+00,Sat 22 May 2021,16590,10253,13523,1822499,736544,30647,1853146,767191,38.6191239421997,15.9880788218198,576
-7.6926,53.28823,2021/05/22 23:00:00+00,Sun 23 May 2021,8220,5532,10205,1830719,742076,40852,1871571,782928,39.0030965804241,16.3160341763782,577
-7.6926,53.28823,2021/05/23 23:00:00+00,Mon 24 May 2021,22554,8225,8452,1853273,750301,49304,1902577,799605,39.6492542803311,16.663578908409,578
-7.6926,53.28823,2021/05/24 23:00:00+00,Tue 25 May 2021,30353,16509,3224,1883626,766810,52528,1936154,819338,40.3489910116017,17.0748099569888,579
-7.6926,53.28823,2021/05/25 23:00:00+00,Wed 26 May 2021,19980,25463,3054,1903606,792273,55582,1959188,847855,40.8290141187312,17.6690974861202,580
-7.6926,53.28823,2021/05/26 23:00:00+00,Thu 27 May 2021,17016,36047,550,1920622,828320,56132,1976754,884452,41.1950854003079,18.4317703024621,581
-7.6926,53.28823,2021/05/27 23:00:00+00,Fri 28 May 2021,27048,31833,1559,1947670,860153,57691,2005361,917844,41.7912485081334,19.127651677528,582
-7.6926,53.28823,2021/05/28 23:00:00+00,Sat 29 May 2021,24486,7390,537,1972156,867543,58228,2030384,925771,42.3127219044043,19.2928484809584,583
-7.6926,53.28823,2021/05/29 23:00:00+00,Sun 30 May 2021,24258,1683,210,1996414,869226,58438,2054852,927664,42.822629232061,19.3322981528259,584
-7.6926,53.28823,2021/05/30 23:00:00+00,Mon 31 May 2021,22594,7313,3444,2019008,876539,61882,2080890,938421,43.3652549880494,19.5564714863065,585
-7.6926,53.28823,2021/05/31 23:00:00+00,Tue 01 Jun 2021,27592,11521,3654,2046600,888060,65536,2112136,953596,44.0164142311409,19.8727148939079,586
-7.6926,53.28823,2021/06/01 23:00:00+00,Wed 02 Jun 2021,18707,20913,4008,2065307,908973,69544,2134851,978517,44.4897894537877,20.3920626343253,587
-7.6926,53.28823,2021/06/02 23:00:00+00,Thu 03 Jun 2021,16692,30706,1978,2081999,939679,71522,2153521,1011201,44.878867834013,21.073189456997,588
-7.6926,53.28823,2021/06/03 23:00:00+00,Fri 04 Jun 2021,28993,23347,153,2110992,963026,71675,2182667,1034701,45.4862635742403,21.5629238938097,589
-7.6926,53.28823,2021/06/04 23:00:00+00,Sat 05 Jun 2021,20970,11496,33,2131962,974522,71708,2203670,1046230,45.9239611221712,21.8031855245337,590
-7.6926,53.28823,2021/06/05 23:00:00+00,Sun 06 Jun 2021,19949,3917,47,2151911,978439,71755,2223666,1050194,46.3406730284907,21.8857943461305,591
-7.6926,53.28823,2021/06/06 23:00:00+00,Mon 07 Jun 2021,19835,4598,46,2171746,983037,71801,2243547,1054838,46.7549883620342,21.98257420675,592
-7.6926,53.28823,2021/06/07 23:00:00+00,Tue 08 Jun 2021,26416,18345,46,2198162,1001382,71847,2270009,1073229,47.3064501776486,22.3658382930233,593
-7.6926,53.28823,2021/06/08 23:00:00+00,Wed 09 Jun 2021,32808,20123,175,2230970,1021505,72022,2302992,1093527,47.9938080895376,22.7888438078499,594
-7.6926,53.28823,2021/06/09 23:00:00+00,Thu 10 Jun 2021,27706,27498,273,2258676,1049003,72295,2330971,1121298,48.5768838260305,23.3675848735829,595
-7.6926,53.28823,2021/06/10 23:00:00+00,Fri 11 Jun 2021,26444,32909,42,2285120,1081912,72337,2357457,1154249,49.1288457959633,24.0542759130473,596
-7.6926,53.28823,2021/06/11 23:00:00+00,Sat 12 Jun 2021,12219,19722,105,2297339,1101634,72442,2369781,1174076,49.3856750384858,24.4674658993744,597
-7.6926,53.28823,2021/06/12 23:00:00+00,Sun 13 Jun 2021,8557,18175,835,2305896,1119809,73277,2379173,1193086,49.5814020951048,24.8636297991109,598
-7.6926,53.28823,2021/06/13 23:00:00+00,Mon 14 Jun 2021,16023,31310,52,2321919,1151119,73329,2395248,1224448,49.9164012896479,25.5172064547416,599
-7.6926,53.28823,2021/06/14 23:00:00+00,Tue 15 Jun 2021,14705,41593,205,2336624,1192712,73534,2410158,1266246,50.2271221599831,26.3882668798436,600
-7.6926,53.28823,2021/06/15 23:00:00+00,Wed 16 Jun 2021,13476,48393,218,2350100,1241105,73752,2423852,1314857,50.5125018781837,27.4013086120947,601
-7.6926,53.28823,2021/06/16 23:00:00+00,Thu 17 Jun 2021,21577,42691,535,2371677,1283796,74287,2445964,1358083,50.9733107235795,28.3021282191443,602
-7.6926,53.28823,2021/06/17 23:00:00+00,Fri 18 Jun 2021,12022,50024,554,2383699,1333820,74841,2458540,1408661,51.2353915864457,29.3561617657448,603
-7.6926,53.28823,2021/06/18 23:00:00+00,Sat 19 Jun 2021,6326,32810,433,2390025,1366630,75274,2465299,1441904,51.3762475463784,30.0489380160837,604
-7.6926,53.28823,2021/06/19 23:00:00+00,Sun 20 Jun 2021,8520,26143,178,2398545,1392773,75452,2473997,1468225,51.5575118072889,30.5974614250772,605
-7.6926,53.28823,2021/06/20 23:00:00+00,Mon 21 Jun 2021,15485,32340,574,2414030,1425113,76026,2490056,1501139,51.8921775656197,31.2833813933007,606
-7.6926,53.28823,2021/06/21 23:00:00+00,Tue 22 Jun 2021,15152,43550,722,2429182,1468663,76748,2505930,1545411,52.2229879677459,32.2059993927293,607
-7.6926,53.28823,2021/06/22 23:00:00+00,Wed 23 Jun 2021,20095,39399,883,2449277,1508062,77631,2526908,1585693,52.6601645215951,33.0454667367161,608
-7.6926,53.28823,2021/06/23 23:00:00+00,Thu 24 Jun 2021,19024,44275,1032,2468301,1552337,78663,2546964,1631000,53.0781268137106,33.9896538911277,609
-7.6926,53.28823,2021/06/24 23:00:00+00,Fri 25 Jun 2021,15214,50121,843,2483515,1602458,79506,2563021,1681964,53.412750892515,35.0517315863499,610
-7.6926,53.28823,2021/06/25 23:00:00+00,Sat 26 Jun 2021,9070,30570,511,2492585,1633028,80017,2572602,1713045,53.6124166643917,35.699452268502,611
-7.6926,53.28823,2021/06/26 23:00:00+00,Sun 27 Jun 2021,8738,30479,59,2501323,1663507,80076,2581399,1743583,53.7957440618658,36.3358569591993,612
-7.6926,53.28823,2021/06/27 23:00:00+00,Mon 28 Jun 2021,24242,24657,526,2525565,1688164,80602,2606167,1768766,54.3119033185031,36.8606647175931,613
-7.6926,53.28823,2021/06/28 23:00:00+00,Tue 29 Jun 2021,28149,31050,811,2553714,1719214,81413,2635127,1800627,54.9154228627625,37.5246404150947,614
-7.6926,53.28823,2021/06/29 23:00:00+00,Wed 30 Jun 2021,22581,36872,589,2576295,1756086,82002,2658297,1838088,55.3982801776965,38.3053187869007,615
-7.6926,53.28823,2021/06/30 23:00:00+00,Thu 01 Jul 2021,15033,48308,642,2591328,1804394,82644,2673972,1887038,55.7249434669322,39.3254251988999,616
-7.6926,53.28823,2021/07/01 23:00:00+00,Fri 02 Jul 2021,13693,47270,817,2605021,1851664,83461,2688482,1935125,56.0273284319599,40.3275468951983,617
-7.6926,53.28823,2021/07/02 23:00:00+00,Sat 03 Jul 2021,9321,30484,504,2614342,1882148,83965,2698307,1966113,56.2320791060742,40.9733294793664,618
-7.6926,53.28823,2021/07/03 23:00:00+00,Sun 04 Jul 2021,6458,27786,233,2620800,1909934,84198,2704998,1994132,56.3715179621046,41.5572388063901,619
-7.6926,53.28823,2021/07/04 23:00:00+00,Mon 05 Jul 2021,15622,33468,5342,2636422,1943402,89540,2725962,2032942,56.808402759268,42.3660300188454,620
-7.6926,53.28823,2021/07/05 23:00:00+00,Tue 06 Jul 2021,12415,48303,5487,2648837,1991705,95027,2743864,2086732,57.1814762013029,43.4870008850647,621
-7.6926,53.28823,2021/07/06 23:00:00+00,Wed 07 Jul 2021,19713,43766,5060,2668550,2035471,100087,2768637,2135558,57.6977396567566,44.5045231664186,622
-7.6926,53.28823,2021/07/07 23:00:00+00,Thu 08 Jul 2021,17785,45604,5997,2686335,2081075,106084,2792419,2187159,58.193350906811,45.579875790843,623
-7.6926,53.28823,2021/07/08 23:00:00+00,Fri 09 Jul 2021,13537,45095,6531,2699872,2126170,112615,2812487,2238785,58.6115632760858,46.655749409349,624
-7.6926,53.28823,2021/07/09 23:00:00+00,Sat 10 Jul 2021,8641,23879,4364,2708513,2150049,116979,2825492,2267028,58.8825843973943,47.2443268433448,625
-7.6926,53.28823,2021/07/10 23:00:00+00,Sun 11 Jul 2021,15240,16116,2153,2723753,2166165,119132,2842885,2285297,59.2450503999255,47.6250484784993,626
-7.6926,53.28823,2021/07/11 23:00:00+00,Mon 12 Jul 2021,17113,31780,6092,2740866,2197945,125224,2866090,2323169,59.7286371065739,48.4142919930087,627
-7.6926,53.28823,2021/07/12 23:00:00+00,Tue 13 Jul 2021,20114,36571,8490,2760980,2234516,133714,2894694,2368230,60.3247376951097,49.3533525656562,628
-7.6926,53.28823,2021/07/13 23:00:00+00,Wed 14 Jul 2021,20802,35718,9335,2781782,2270234,143049,2924831,2413283,60.9527856407362,50.2922464201976,629
-7.6926,53.28823,2021/07/14 23:00:00+00,Thu 15 Jul 2021,23657,28835,9585,2805439,2299069,152634,2958073,2451703,61.6455410513119,51.0929101249781,630
-7.6926,53.28823,2021/07/15 23:00:00+00,Fri 16 Jul 2021,23528,27429,9166,2828967,2326498,161800,2990767,2488298,62.3268762716163,51.8555412617935,631
-7.6926,53.28823,2021/07/16 23:00:00+00,Sat 17 Jul 2021,11514,19433,4677,2840481,2345931,166477,3006958,2512408,62.6642928786986,52.3579879542,632
-7.6926,53.28823,2021/07/17 23:00:00+00,Sun 18 Jul 2021,16868,15821,1931,2857349,2361752,168408,3025757,2530160,63.0560595883855,52.7279354317447,633
-7.6926,53.28823,2021/07/18 23:00:00+00,Mon 19 Jul 2021,24897,18446,6253,2882246,2380198,174661,3056907,2554859,63.7052182142032,53.2426567447164,634
-7.6926,53.28823,2021/07/19 23:00:00+00,Tue 20 Jul 2021,30593,18186,7699,2912839,2398384,182360,3095199,2580744,64.5032144292854,53.7820940169248,635
-7.6926,53.28823,2021/07/20 23:00:00+00,Wed 21 Jul 2021,30366,19845,6893,2943205,2418229,189253,3132458,2607482,65.2796831689111,54.3393076072013,636
-7.6926,53.28823,2021/07/21 23:00:00+00,Thu 22 Jul 2021,33547,15937,6936,2976752,2434166,196189,3172941,2630355,66.1233393053148,54.8159755124446,637
-7.6926,53.28823,2021/07/22 23:00:00+00,Fri 23 Jul 2021,27096,20840,5615,3003848,2455006,201804,3205652,2656810,66.8050288015948,55.367291449716,638
-7.6926,53.28823,2021/07/23 23:00:00+00,Sat 24 Jul 2021,15444,14814,2275,3019292,2469820,204079,3223371,2673899,67.1742885669516,55.7234221642136,639
-7.6926,53.28823,2021/07/24 23:00:00+00,Sun 25 Jul 2021,14732,13651,1046,3034024,2483471,205125,3239149,2688596,67.503098351804,56.0297041649726,640
-7.6926,53.28823,2021/07/25 23:00:00+00,Mon 26 Jul 2021,23846,18308,3422,3057870,2501779,208547,3266417,2710326,68.0713570166128,56.4825522207998,641
-7.6926,53.28823,2021/07/26 23:00:00+00,Tue 27 Jul 2021,25517,23913,3674,3083387,2525692,212221,3295608,2737913,68.6796905461873,57.0574587700914,642
-7.6926,53.28823,2021/07/27 23:00:00+00,Wed 28 Jul 2021,23445,25293,3264,3106832,2550985,215485,3322317,2766470,69.236299783329,57.6525798897535,643
-7.6926,53.28823,2021/07/28 23:00:00+00,Thu 29 Jul 2021,19282,27875,2962,3126114,2578860,218447,3344561,2797307,69.6998594774763,58.2952156696681,644
-7.6926,53.28823,2021/07/29 23:00:00+00,Fri 30 Jul 2021,21956,22950,2122,3148070,2601810,220569,3368639,2822379,70.2016392974582,58.817710214339,645
-7.6926,53.28823,2021/07/30 23:00:00+00,Sat 31 Jul 2021,13752,12492,907,3161822,2614302,221476,3383298,2835778,70.507129387213,59.0969422023754,646
