X,Y,VaccinationDate,VaccineText,Dose1,Dose2,SingleDose,Dose1Cum,Dose2Cum,SingleDoseCum,PartiallyVacc,FullyVacc,PartialPercent,FullyPercent,ObjectId
-7.6926,53.28823,2021/05/09 23:00:00+00,Mon 10 May 2021,28702,4571,165,1430241,543577,628,1430869,544205,30.3864357482533,11.5569281788746,1
-7.6926,53.28823,2021/05/10 23:00:00+00,Tue 11 May 2021,33814,14747,147,1464055,558324,775,1464830,559099,31.1076434510174,11.8732223847275,2
-7.6926,53.28823,2021/05/11 23:00:00+00,Wed 12 May 2021,31157,20876,149,1495212,579200,924,1496136,580124,31.7724686429356,12.3197166561157,3
-7.6926,53.28823,2021/05/12 23:00:00+00,Thu 13 May 2021,35868,25429,139,1531080,604629,1063,1532143,605692,32.5371259190296,12.8626876682848,4
-7.6926,53.28823,2021/05/13 23:00:00+00,Fri 14 May 2021,38079,27911,228,1569159,632540,1291,1570450,633831,33.3506268015062,13.4602573378493,5
-7.6926,53.28823,2021/05/14 23:00:00+00,Sat 15 May 2021,28717,12393,5,1597876,644933,1296,1599172,646229,33.9605772634711,13.7235456126018,6
-7.6926,53.28823,2021/05/15 23:00:00+00,Sun 16 May 2021,23079,1133,5,1620955,646066,1301,1622256,647367,34.450797180747,13.7477125795859,7
-7.6926,53.28823,2021/05/16 23:00:00+00,Mon 17 May 2021,35278,3893,110,1656233,649959,1411,1657644,651370,35.202309155819,13.8327216910421,8
-7.6926,53.28823,2021/05/17 23:00:00+00,Tue 18 May 2021,38923,12420,116,1695156,662379,1527,1696683,663906,36.0313550469355,14.0989405821776,9
-7.6926,53.28823,2021/05/18 23:00:00+00,Wed 19 May 2021,36888,17526,195,1732044,679905,1722,1733766,681627,36.8188626362763,14.4752699511798,10
-7.6926,53.28823,2021/05/19 23:00:00+00,Thu 20 May 2021,38934,19610,117,1770978,699515,1839,1772817,701354,37.6481633636001,14.8941994394878,11
-7.6926,53.28823,2021/05/20 23:00:00+00,Fri 21 May 2021,25699,23163,14917,1796677,722678,16756,1813433,739434,38.5106989796146,15.7028796703779,12
-7.6926,53.28823,2021/05/21 23:00:00+00,Sat 22 May 2021,16477,10206,13501,1813154,732884,30257,1843411,763141,39.1473222979345,16.2063298340783,13
-7.6926,53.28823,2021/05/22 23:00:00+00,Sun 23 May 2021,8132,5493,10199,1821286,738377,40456,1861742,778833,39.5366058408034,16.5395706477108,14
-7.6926,53.28823,2021/05/23 23:00:00+00,Mon 24 May 2021,22395,8151,8437,1843681,746528,48893,1892574,795421,40.1913650025367,16.891839231482,15
-7.6926,53.28823,2021/05/24 23:00:00+00,Tue 25 May 2021,30169,16432,3210,1873850,762960,52103,1925953,815063,40.900213149251,17.3089636299889,16
-7.6926,53.28823,2021/05/25 23:00:00+00,Wed 26 May 2021,19811,25349,3035,1893661,788309,55138,1948799,843447,41.3853788150838,17.9117362054506,17
-7.6926,53.28823,2021/05/26 23:00:00+00,Thu 27 May 2021,16862,35927,544,1910523,824236,55682,1966205,879918,41.7550187336467,18.6862471482236,18
-7.6926,53.28823,2021/05/27 23:00:00+00,Fri 28 May 2021,26867,31750,1531,1937390,855986,57213,1994603,913199,42.3580886180169,19.393014132579,19
-7.6926,53.28823,2021/05/28 23:00:00+00,Sat 29 May 2021,24348,7346,511,1961738,863332,57724,2019462,921056,42.8860030576098,19.5598681392518,20
-7.6926,53.28823,2021/05/29 23:00:00+00,Sun 30 May 2021,24148,1633,198,1985886,864965,57922,2043808,922887,43.4030232493443,19.5987518972025,21
-7.6926,53.28823,2021/05/30 23:00:00+00,Mon 31 May 2021,22405,7267,3419,2008291,872232,61341,2069632,933573,43.9514307672672,19.8256835397259,22
-7.6926,53.28823,2021/05/31 23:00:00+00,Tue 01 Jun 2021,27344,11415,3625,2035635,883647,64966,2100601,948613,44.6090993090329,20.1450782527665,23
-7.6926,53.28823,2021/06/01 23:00:00+00,Wed 02 Jun 2021,18502,20822,3977,2054137,904469,68943,2123080,973412,45.0864712341951,20.6717185113233,24
-7.6926,53.28823,2021/06/02 23:00:00+00,Thu 03 Jun 2021,16522,30620,1963,2070659,935089,70906,2141565,1005995,45.4790251750565,21.3636625229591,25
-7.6926,53.28823,2021/06/03 23:00:00+00,Fri 04 Jun 2021,28865,23271,128,2099524,958360,71034,2170558,1029394,46.0947306880344,21.8605718906744,26
-7.6926,53.28823,2021/06/04 23:00:00+00,Sat 05 Jun 2021,20792,11412,15,2120316,969772,71049,2191365,1040821,46.5365954349916,22.1032396689933,27
-7.6926,53.28823,2021/06/05 23:00:00+00,Sun 06 Jun 2021,19802,3838,23,2140118,973610,71072,2211190,1044682,46.9576060856585,22.1852332186641,28
-7.6926,53.28823,2021/06/06 23:00:00+00,Mon 07 Jun 2021,19639,4477,21,2159757,978087,71093,2230850,1049180,47.3751127384763,22.2807543236679,29
-7.6926,53.28823,2021/06/07 23:00:00+00,Tue 08 Jun 2021,26259,18234,23,2186016,996321,71116,2257132,1067437,47.9332465049745,22.6684663765923,30
-7.6926,53.28823,2021/06/08 23:00:00+00,Wed 09 Jun 2021,32624,20007,154,2218640,1016328,71270,2289910,1087598,48.6293316049775,23.0966124410612,31
-7.6926,53.28823,2021/06/09 23:00:00+00,Thu 10 Jun 2021,27524,27378,247,2246164,1043706,71517,2317681,1115223,49.2190862975208,23.6832666264167,32
-7.6926,53.28823,2021/06/10 23:00:00+00,Fri 11 Jun 2021,26276,32795,15,2272440,1076501,71532,2343972,1148033,49.7774111911745,24.380031289639,33
-7.6926,53.28823,2021/06/11 23:00:00+00,Sat 12 Jun 2021,12062,19630,88,2284502,1096131,71620,2356122,1167751,50.0354328509779,24.7987696507916,34
-7.6926,53.28823,2021/06/12 23:00:00+00,Sun 13 Jun 2021,8459,18109,816,2292961,1114240,72436,2365397,1186676,50.2324000028032,25.2006675859175,35
-7.6926,53.28823,2021/06/13 23:00:00+00,Mon 14 Jun 2021,15889,31191,18,2308850,1145431,72454,2381304,1217885,50.570206631815,25.8634328518274,36
-7.6926,53.28823,2021/06/14 23:00:00+00,Tue 15 Jun 2021,14528,41407,190,2323378,1186838,72644,2396022,1259482,50.8827632399621,26.7468013277816,37
-7.6926,53.28823,2021/06/15 23:00:00+00,Wed 16 Jun 2021,13268,48231,199,2336646,1235069,72843,2409489,1307912,51.1687531735071,27.7752777873931,38
-7.6926,53.28823,2021/06/16 23:00:00+00,Thu 17 Jun 2021,21415,42530,507,2358061,1277599,73350,2431411,1350949,51.6342964513846,28.6892266082129,39
-7.6926,53.28823,2021/06/17 23:00:00+00,Fri 18 Jun 2021,11870,49922,533,2369931,1327521,73883,2443814,1401404,51.8976909078901,29.7607066777917,40
-7.6926,53.28823,2021/06/18 23:00:00+00,Sat 19 Jun 2021,6176,32682,410,2376107,1360203,74293,2450400,1434496,52.037553512949,30.4634599918835,41
-7.6926,53.28823,2021/06/19 23:00:00+00,Sun 20 Jun 2021,8408,26071,166,2384515,1386274,74459,2458974,1460733,52.2196339830028,31.0206381226047,42
-7.6926,53.28823,2021/06/20 23:00:00+00,Mon 21 Jun 2021,15322,32198,546,2399837,1418472,75005,2474842,1493477,52.5566123943412,31.7160011866873,43
-7.6926,53.28823,2021/06/21 23:00:00+00,Tue 22 Jun 2021,15000,43406,695,2414837,1461878,75700,2490537,1537578,52.8899169170255,32.6525454845466,44
-7.6926,53.28823,2021/06/22 23:00:00+00,Wed 23 Jun 2021,19909,39226,864,2434746,1501104,76564,2511310,1577668,53.3310596280623,33.5039107801449,45
-7.6926,53.28823,2021/06/23 23:00:00+00,Thu 24 Jun 2021,18869,44118,1011,2453615,1545222,77575,2531190,1622797,53.7532382780123,34.4622860464222,46
-7.6926,53.28823,2021/06/24 23:00:00+00,Fri 25 Jun 2021,15032,50014,801,2468647,1595236,78376,2547023,1673612,54.0894734170796,35.5414112022174,47
-7.6926,53.28823,2021/06/25 23:00:00+00,Sat 26 Jun 2021,8911,30426,471,2477558,1625662,78847,2556405,1704509,54.2887128584192,36.1975507267398,48
-7.6926,53.28823,2021/06/26 23:00:00+00,Sun 27 Jun 2021,8636,30371,44,2486194,1656033,78891,2565085,1734924,54.4730443816368,36.8434543302724,49
-7.6926,53.28823,2021/06/27 23:00:00+00,Mon 28 Jun 2021,24078,24494,485,2510272,1680527,79376,2589648,1759903,54.9946728614517,37.3739171319374,50
-7.6926,53.28823,2021/06/28 23:00:00+00,Tue 29 Jun 2021,27991,30827,776,2538263,1711354,80152,2618415,1791506,55.6055789591937,38.0450495199841,51
-7.6926,53.28823,2021/06/29 23:00:00+00,Wed 30 Jun 2021,22386,36676,551,2560649,1748030,80703,2641352,1828733,56.0926771329313,38.8356151438115,52
-7.6926,53.28823,2021/06/30 23:00:00+00,Thu 01 Jul 2021,14746,48159,602,2575395,1796189,81305,2656700,1877494,56.418612641957,39.871120835472,53
-7.6926,53.28823,2021/07/01 23:00:00+00,Fri 02 Jul 2021,13480,47093,793,2588875,1843282,82098,2670973,1925380,56.7217190740866,40.8880447203565,54
-7.6926,53.28823,2021/07/02 23:00:00+00,Sat 03 Jul 2021,9179,30313,477,2598054,1873595,82575,2680629,1956170,56.9267772754909,41.5419119553646,55
-7.6926,53.28823,2021/07/03 23:00:00+00,Sun 04 Jul 2021,6347,27695,210,2604401,1901290,82785,2687186,1984075,57.0660240263823,42.1345123188884,56
-7.6926,53.28823,2021/07/04 23:00:00+00,Mon 05 Jul 2021,15386,33248,5312,2619787,1934538,88097,2707884,2022635,57.505574011124,42.9533859980671,57
-7.6926,53.28823,2021/07/05 23:00:00+00,Tue 06 Jul 2021,12219,48170,5461,2632006,1982708,93558,2725564,2076266,57.8810326897516,44.092312717155,58
-7.6926,53.28823,2021/07/06 23:00:00+00,Wed 07 Jul 2021,19509,43560,5020,2651515,2026268,98578,2750093,2124846,58.4019391336461,45.1239746293567,59
-7.6926,53.28823,2021/07/07 23:00:00+00,Thu 08 Jul 2021,17622,45428,5964,2669137,2071696,104542,2773679,2176238,58.9028196989238,46.2153531594487,60
-7.6926,53.28823,2021/07/08 23:00:00+00,Fri 09 Jul 2021,13368,44922,6509,2682505,2116618,111051,2793556,2227669,59.3249346398219,47.3075599072141,61
-7.6926,53.28823,2021/07/09 23:00:00+00,Sat 10 Jul 2021,8493,23694,4334,2690998,2140312,115385,2806383,2255697,59.5973333089823,47.9027723418619,62
-7.6926,53.28823,2021/07/10 23:00:00+00,Sun 11 Jul 2021,15147,16005,2137,2706145,2156317,117522,2823667,2273839,59.9643823927718,48.2880422144672,63
-7.6926,53.28823,2021/07/11 23:00:00+00,Mon 12 Jul 2021,16977,31573,6058,2723122,2187890,123580,2846702,2311470,60.4535617288683,49.0871873239374,64
-7.6926,53.28823,2021/07/12 23:00:00+00,Tue 13 Jul 2021,19959,36361,8457,2743081,2224251,132037,2875118,2356288,61.0570138675493,50.0389580851777,65
-7.6926,53.28823,2021/07/13 23:00:00+00,Wed 14 Jul 2021,20660,35486,9304,2763741,2259737,141341,2905082,2401078,61.6933398769608,50.9901342286012,66
-7.6926,53.28823,2021/07/14 23:00:00+00,Thu 15 Jul 2021,23474,28641,9541,2787215,2288378,150882,2938097,2439260,62.3944579920563,51.8009805672527,67
-7.6926,53.28823,2021/07/15 23:00:00+00,Fri 16 Jul 2021,23423,27192,9132,2810638,2315570,160014,2970652,2475584,63.0858073858753,52.5723697664872,68
-7.6926,53.28823,2021/07/16 23:00:00+00,Sat 17 Jul 2021,11399,19259,4646,2822037,2334829,164660,2986697,2499489,63.4265446312701,53.0800247276066,69
-7.6926,53.28823,2021/07/17 23:00:00+00,Sun 18 Jul 2021,16780,15681,1915,2838817,2350510,166575,3005392,2517085,63.8235582057577,53.4536995527837,70
-7.6926,53.28823,2021/07/18 23:00:00+00,Mon 19 Jul 2021,24738,18221,6210,2863555,2368731,172785,3036340,2541516,64.4807807841607,53.9725248343193,71
-7.6926,53.28823,2021/07/19 23:00:00+00,Tue 20 Jul 2021,30443,17944,7665,2893998,2386675,180450,3074448,2567125,65.2900556328677,54.516366536863,72
-7.6926,53.28823,2021/07/20 23:00:00+00,Wed 21 Jul 2021,30173,19625,6849,2924171,2406300,187299,3111470,2593599,66.0762678048218,55.0785776826767,73
-7.6926,53.28823,2021/07/21 23:00:00+00,Thu 22 Jul 2021,33399,15710,6898,2957570,2422010,194197,3151767,2616207,66.9320290249945,55.5586890970665,74
-7.6926,53.28823,2021/07/22 23:00:00+00,Fri 23 Jul 2021,26963,20610,5574,2984533,2442620,199771,3184304,2642391,67.6229961645027,56.1147417012058,75
-7.6926,53.28823,2021/07/23 23:00:00+00,Sat 24 Jul 2021,15343,14623,2242,2999876,2457243,202013,3201889,2659256,67.9964373898232,56.4728927540935,76
-7.6926,53.28823,2021/07/24 23:00:00+00,Sun 25 Jul 2021,14655,13531,1027,3014531,2470774,203040,3217571,2673814,68.3294658399497,56.7820515461444,77
-7.6926,53.28823,2021/07/25 23:00:00+00,Mon 26 Jul 2021,23724,18003,3384,3038255,2488777,206424,3244679,2695201,68.9051408320445,57.2362333764502,78
-7.6926,53.28823,2021/07/26 23:00:00+00,Tue 27 Jul 2021,25358,23643,3632,3063613,2512420,210056,3273669,2722476,69.5207826359705,57.8154548390954,79
-7.6926,53.28823,2021/07/27 23:00:00+00,Wed 28 Jul 2021,23329,25046,3234,3086942,2537466,213290,3300232,2750756,70.0848838169877,58.4160188340946,80
-7.6926,53.28823,2021/07/28 23:00:00+00,Thu 29 Jul 2021,19157,27646,2931,3106099,2565112,216221,3322320,2781333,70.5539523290649,59.0653627264246,81
-7.6926,53.28823,2021/07/29 23:00:00+00,Fri 30 Jul 2021,21821,22698,2087,3127920,2587810,218308,3346228,2806118,71.0616709992361,59.591705676073,82
-7.6926,53.28823,2021/07/30 23:00:00+00,Sat 31 Jul 2021,13653,12299,893,3141573,2600109,219201,3360774,2819310,71.3705749550798,59.8718556132028,83
-7.6926,53.28823,2021/07/31 23:00:00+00,Sun 01 Aug 2021,11014,9200,356,3152587,2609309,219557,3372144,2828866,71.6120322614144,60.074790179547,84
-7.6926,53.28823,2021/08/01 23:00:00+00,Mon 02 Aug 2021,14917,15776,405,3167504,2625085,219962,3387466,2845047,71.9374156253245,60.4184155686235,85
-7.6926,53.28823,2021/08/02 23:00:00+00,Tue 03 Aug 2021,17239,25241,1090,3184743,2650326,221052,3405795,2871378,72.3266566954922,60.9775899163012,86
-7.6926,53.28823,2021/08/03 23:00:00+00,Wed 04 Aug 2021,22002,17073,1558,3206745,2667399,222610,3429355,2890009,72.8269851156542,61.3732443643504,87
-7.6926,53.28823,2021/08/04 23:00:00+00,Thu 05 Aug 2021,13427,29846,1410,3220172,2697245,224020,3444192,2921265,73.1420688495228,62.0370077387385,88
-7.6926,53.28823,2021/08/05 23:00:00+00,Fri 06 Aug 2021,12087,24553,929,3232259,2721798,224949,3457208,2946747,73.4184811889468,62.5781524247559,89
-7.6926,53.28823,2021/08/06 23:00:00+00,Sat 07 Aug 2021,6282,8291,566,3238541,2730089,225515,3464056,2955604,73.5639077178632,62.7662427820299,90
-7.6926,53.28823,2021/08/07 23:00:00+00,Sun 08 Aug 2021,8572,11852,147,3247113,2741941,225662,3472775,2967603,73.7490674587542,63.0210577528926,91
-7.6926,53.28823,2021/08/08 23:00:00+00,Mon 09 Aug 2021,5464,22824,590,3252577,2764765,226252,3478829,2991017,73.8776323252933,63.5182856658668,92
-7.6926,53.28823,2021/08/09 23:00:00+00,Tue 10 Aug 2021,9249,25786,694,3261826,2790551,226946,3488772,3017497,74.0887853593201,64.0806242297841,93
-7.6926,53.28823,2021/08/10 23:00:00+00,Wed 11 Aug 2021,6928,31002,640,3268754,2821553,227586,3496340,3049139,74.2495020606693,64.7525848355043,94
-7.6926,53.28823,2021/08/11 23:00:00+00,Thu 12 Aug 2021,6672,38103,853,3275426,2859656,228439,3503865,3088095,74.4093055989426,65.579868109521,95
-7.6926,53.28823,2021/08/12 23:00:00+00,Fri 13 Aug 2021,10831,28063,849,3286257,2887719,229288,3515545,3117007,74.6573461739635,66.1938534781001,96
-7.6926,53.28823,2021/08/13 23:00:00+00,Sat 14 Aug 2021,18061,5722,270,3304318,2893441,229558,3533876,3122999,75.0466297168324,66.3211016909019,97
-7.6926,53.28823,2021/08/14 23:00:00+00,Sun 15 Aug 2021,16962,3649,40,3321280,2897090,229598,3550878,3126688,75.4076901497524,66.3994425882694,98
-7.6926,53.28823,2021/08/15 23:00:00+00,Mon 16 Aug 2021,10124,22972,366,3331404,2920062,229964,3561368,3150026,75.630459467558,66.895056538598,99
-7.6926,53.28823,2021/08/16 23:00:00+00,Tue 17 Aug 2021,12820,26709,520,3344224,2946771,230484,3574708,3177255,75.9137523845767,67.4733011291155,100
-7.6926,53.28823,2021/08/17 23:00:00+00,Wed 18 Aug 2021,15168,25613,648,3359392,2972384,231132,3590524,3203516,76.2496265056838,68.0309889322512,101
-7.6926,53.28823,2021/08/18 23:00:00+00,Thu 19 Aug 2021,11315,25552,534,3370707,2997936,231666,3602373,3229602,76.5012560239563,68.5849603740316,102
-7.6926,53.28823,2021/08/19 23:00:00+00,Fri 20 Aug 2021,14780,22095,673,3385487,3020031,232339,3617826,3252370,76.8294213497952,69.0684696045176,103
-7.6926,53.28823,2021/08/20 23:00:00+00,Sat 21 Aug 2021,11815,7869,234,3397302,3027900,232573,3629875,3260473,77.0852981381879,69.2405477534383,104
-7.6926,53.28823,2021/08/21 23:00:00+00,Sun 22 Aug 2021,7989,12191,157,3405291,3040091,232730,3638021,3272821,77.2582894501845,69.5027742106608,105
-7.6926,53.28823,2021/08/22 23:00:00+00,Mon 23 Aug 2021,10824,15226,277,3416115,3055317,233007,3649122,3288324,77.4940341782074,69.8320013540297,106
-7.6926,53.28823,2021/08/23 23:00:00+00,Tue 24 Aug 2021,9703,22773,377,3425818,3078090,233384,3659202,3311474,77.7080965922665,70.3236228704453,107
-7.6926,53.28823,2021/08/24 23:00:00+00,Wed 25 Aug 2021,9364,19368,306,3435182,3097458,233690,3668872,3331148,77.9134521025792,70.7414268321715,108
-7.6926,53.28823,2021/08/25 23:00:00+00,Thu 26 Aug 2021,8533,19304,364,3443715,3116762,234054,3677769,3350816,78.1023919138773,71.159103375794,109
-7.6926,53.28823,2021/08/26 23:00:00+00,Fri 27 Aug 2021,9671,19090,428,3453386,3135852,234482,3687868,3370334,78.3168578185978,71.5735944668264,110
-7.6926,53.28823,2021/08/27 23:00:00+00,Sat 28 Aug 2021,9892,7830,148,3463278,3143682,234630,3697908,3378312,78.5300707786329,71.743018071922,111
-7.6926,53.28823,2021/08/28 23:00:00+00,Sun 29 Aug 2021,8786,9147,24,3472064,3152829,234654,3706718,3387483,78.7171630274287,71.9377766432847,112
-7.6926,53.28823,2021/08/29 23:00:00+00,Mon 30 Aug 2021,5028,11010,80,3477092,3163839,234734,3711826,3398573,78.8256383062991,72.173287771451,113
-7.6926,53.28823,2021/08/30 23:00:00+00,Tue 31 Aug 2021,4027,12750,137,3481119,3176589,234871,3715990,3411460,78.9140664702021,72.4469606216474,114
-7.6926,53.28823,2021/08/31 23:00:00+00,Wed 01 Sep 2021,4908,12431,178,3486027,3189020,235049,3721076,3424069,79.0220745493593,72.7147297663768,115
-7.6926,53.28823,2021/09/01 23:00:00+00,Thu 02 Sep 2021,4975,12279,243,3491002,3201299,235292,3726294,3436591,79.1328858267959,72.9806513486038,116
-7.6926,53.28823,2021/09/02 23:00:00+00,Fri 03 Sep 2021,4735,15953,160,3495737,3217252,235452,3731189,3452704,79.2368377629883,73.3228326658394,117
-7.6926,53.28823,2021/09/03 23:00:00+00,Sat 04 Sep 2021,4606,10524,130,3500343,3227776,235582,3735925,3463358,79.3374131194352,73.5490847451436,118
-7.6926,53.28823,2021/09/04 23:00:00+00,Sun 05 Sep 2021,5298,11852,1,3505641,3239628,235583,3741224,3475211,79.4499445412704,73.8007992088185,119
-7.6926,53.28823,2021/09/05 23:00:00+00,Mon 06 Sep 2021,2121,9602,70,3507762,3249230,235653,3743415,3484883,79.4964733854374,74.0061971918324,120
-7.6926,53.28823,2021/09/06 23:00:00+00,Tue 07 Sep 2021,3012,9920,149,3510774,3259150,235802,3746576,3494952,79.5636014896875,74.2200260060349,121
-7.6926,53.28823,2021/09/07 23:00:00+00,Wed 08 Sep 2021,2578,14717,181,3513352,3273867,235983,3749335,3509850,79.622192580996,74.5364051572902,122
-7.6926,53.28823,2021/09/08 23:00:00+00,Thu 09 Sep 2021,3086,14726,135,3516438,3288593,236118,3752556,3524711,79.6905948662821,74.8519985635732,123
-7.6926,53.28823,2021/09/09 23:00:00+00,Fri 10 Sep 2021,3357,13881,111,3519795,3302474,236229,3756024,3538703,79.7642425301668,75.1491375811839,124
-7.6926,53.28823,2021/09/10 23:00:00+00,Sat 11 Sep 2021,2543,11261,57,3522338,3313735,236286,3758624,3550021,79.8194570417296,75.3894905972872,125
-7.6926,53.28823,2021/09/11 23:00:00+00,Sun 12 Sep 2021,2025,12852,1,3524363,3326587,236287,3760650,3562874,79.8624818880475,75.6624414115632,126
-7.6926,53.28823,2021/09/12 23:00:00+00,Mon 13 Sep 2021,1583,7673,49,3525946,3334260,236336,3762282,3570596,79.8971396122285,75.826428510905,127
-7.6926,53.28823,2021/09/13 23:00:00+00,Tue 14 Sep 2021,1526,10713,80,3527472,3344973,236416,3763888,3581389,79.9312451912939,76.0556324429427,128
-7.6926,53.28823,2021/09/14 23:00:00+00,Wed 15 Sep 2021,3251,12345,133,3530723,3357318,236549,3767272,3593867,80.003109001728,76.3206196257433,129
-7.6926,53.28823,2021/09/15 23:00:00+00,Thu 16 Sep 2021,1887,10543,110,3532610,3367861,236659,3769269,3604520,80.0455179938784,76.5468504686969,130
-7.6926,53.28823,2021/09/16 23:00:00+00,Fri 17 Sep 2021,2543,14543,89,3535153,3382404,236748,3771901,3619152,80.1014120686605,76.8575807506923,131
-7.6926,53.28823,2021/09/17 23:00:00+00,Sat 18 Sep 2021,2272,11190,42,3537425,3393594,236790,3774215,3630384,80.1505529839515,77.0961074406439,132
-7.6926,53.28823,2021/09/18 23:00:00+00,Sun 19 Sep 2021,1853,8468,11,3539278,3402062,236801,3776079,3638863,80.1901375414719,77.2761704573906,133
-7.6926,53.28823,2020/12/28 00:00:00+00,Mon 28 Dec 2020,155,24,5,155,24,5,160,29,0.00339781609617688,0.00061585416743206,134
-7.6926,53.28823,2020/12/29 00:00:00+00,Tue 29 Dec 2020,71,1,0,226,25,5,231,30,0.00490559698885538,0.000637090518033166,135
-7.6926,53.28823,2020/12/30 00:00:00+00,Wed 30 Dec 2020,1052,0,0,1278,25,5,1283,30,0.0272462378212184,0.000637090518033166,136
-7.6926,53.28823,2020/12/31 00:00:00+00,Thu 31 Dec 2020,1025,1,0,2303,26,5,2308,31,0.0490134971873515,0.000658326868634271,137
-7.6926,53.28823,2021/01/01 00:00:00+00,Fri 01 Jan 2021,803,0,0,3106,26,5,3111,31,0.0660662867200393,0.000658326868634271,138
-7.6926,53.28823,2021/01/02 00:00:00+00,Sat 02 Jan 2021,1012,0,0,4118,26,5,4123,31,0.0875574735283581,0.000658326868634271,139
-7.6926,53.28823,2021/01/03 00:00:00+00,Sun 03 Jan 2021,18,2,0,4136,28,5,4141,33,0.087939727839178,0.000700799569836482,140
-7.6926,53.28823,2021/01/04 00:00:00+00,Mon 04 Jan 2021,1179,3,0,5315,31,5,5320,36,0.112977385197881,0.000764508621639799,141
-7.6926,53.28823,2021/01/05 00:00:00+00,Tue 05 Jan 2021,3506,5,0,8821,36,5,8826,41,0.187432030405357,0.000870690374645326,142
-7.6926,53.28823,2021/01/06 00:00:00+00,Wed 06 Jan 2021,6755,6,0,15576,42,5,15581,47,0.330883578715825,0.000998108478251959,143
-7.6926,53.28823,2021/01/07 00:00:00+00,Thu 07 Jan 2021,11707,6,0,27283,48,5,27288,53,0.579497535202967,0.00112552658185859,144
-7.6926,53.28823,2021/01/08 00:00:00+00,Fri 08 Jan 2021,12658,5,0,39941,53,5,39946,58,0.848307261111761,0.00123170833486412,145
-7.6926,53.28823,2021/01/09 00:00:00+00,Sat 09 Jan 2021,8066,4,0,48007,57,5,48012,62,1.01959966506028,0.00131665373726854,146
-7.6926,53.28823,2021/01/10 00:00:00+00,Sun 10 Jan 2021,4761,1,1,52768,58,6,52774,64,1.12072716662274,0.00135912643847075,147
-7.6926,53.28823,2021/01/11 00:00:00+00,Mon 11 Jan 2021,8322,6,0,61090,64,6,61096,70,1.29745607632514,0.00148654454207739,148
-7.6926,53.28823,2021/01/12 00:00:00+00,Tue 12 Jan 2021,8851,7,0,69941,71,6,69947,77,1.48541901549553,0.00163519899628512,149
-7.6926,53.28823,2021/01/13 00:00:00+00,Wed 13 Jan 2021,9858,5,0,79799,76,6,79805,82,1.69476695972123,0.00174138074929065,150
-7.6926,53.28823,2021/01/14 00:00:00+00,Thu 14 Jan 2021,8051,3,0,87850,79,6,87856,85,1.86574081841073,0.00180508980109397,151
-7.6926,53.28823,2021/01/15 00:00:00+00,Fri 15 Jan 2021,7657,2,0,95507,81,6,95513,87,2.02834755496339,0.00184756250229618,152
-7.6926,53.28823,2021/01/16 00:00:00+00,Sat 16 Jan 2021,5208,3,0,100715,84,6,100721,90,2.13894646889395,0.0019112715540995,153
-7.6926,53.28823,2021/01/17 00:00:00+00,Sun 17 Jan 2021,1103,4,0,101818,88,6,101824,94,2.16237016360697,0.00199621695650392,154
-7.6926,53.28823,2021/01/18 00:00:00+00,Mon 18 Jan 2021,8676,5,0,110494,93,6,110500,99,2.34661674142216,0.00210239870950945,155
-7.6926,53.28823,2021/01/19 00:00:00+00,Tue 19 Jan 2021,8358,16,0,118852,109,6,118858,115,2.5241101597462,0.00244218031912714,156
-7.6926,53.28823,2021/01/20 00:00:00+00,Wed 20 Jan 2021,8430,957,0,127282,1066,6,127288,1072,2.70313259531352,0.0227653678443851,157
-7.6926,53.28823,2021/01/21 00:00:00+00,Thu 21 Jan 2021,8953,957,0,136235,2023,6,136241,2029,2.89326164224522,0.0430885553696431,158
-7.6926,53.28823,2021/01/22 00:00:00+00,Fri 22 Jan 2021,6738,964,0,142973,2987,6,142979,2993,3.03635217259547,0.0635603973491088,159
-7.6926,53.28823,2021/01/23 00:00:00+00,Sat 23 Jan 2021,4160,456,0,147133,3443,6,147139,3449,3.12469539109607,0.0732441732232129,160
-7.6926,53.28823,2021/01/24 00:00:00+00,Sun 24 Jan 2021,1174,396,0,148307,3839,6,148313,3845,3.14962686670176,0.0816537680612507,161
-7.6926,53.28823,2021/01/25 00:00:00+00,Mon 25 Jan 2021,1338,1283,0,149645,5122,6,149651,5128,3.17804110380604,0.108900005882469,162
-7.6926,53.28823,2021/01/26 00:00:00+00,Tue 26 Jan 2021,988,3495,0,150633,8617,6,150639,8623,3.19902261819994,0.183121051233333,163
-7.6926,53.28823,2021/01/27 00:00:00+00,Wed 27 Jan 2021,2143,6695,0,152776,15312,6,152782,15318,3.2445321175381,0.325298418507734,164
-7.6926,53.28823,2021/01/28 00:00:00+00,Thu 28 Jan 2021,956,11534,0,153732,26846,6,153738,26852,3.26483406871276,0.570238486340885,165
-7.6926,53.28823,2021/01/29 00:00:00+00,Fri 29 Jan 2021,1544,11522,0,155276,38368,6,155282,38374,3.29762299404087,0.814923717966823,166
-7.6926,53.28823,2021/01/30 00:00:00+00,Sat 30 Jan 2021,608,7793,0,155884,46161,6,155890,46167,3.31053469520634,0.980418598201239,167
-7.6926,53.28823,2021/01/31 00:00:00+00,Sun 31 Jan 2021,205,4082,0,156089,50243,6,156095,50249,3.31488814707957,1.06710538135495,168
-7.6926,53.28823,2021/02/01 00:00:00+00,Mon 01 Feb 2021,990,8331,0,157079,58574,6,157085,58580,3.33591213417466,1.24402541821276,169
-7.6926,53.28823,2021/02/02 00:00:00+00,Tue 02 Feb 2021,809,5098,0,157888,63672,6,157894,63678,3.35309234181096,1.3522883335772,170
-7.6926,53.28823,2021/02/03 00:00:00+00,Wed 03 Feb 2021,1368,6860,0,159256,70532,6,159262,70538,3.38214366943327,1.49796969870078,171
-7.6926,53.28823,2021/02/04 00:00:00+00,Thu 04 Feb 2021,1398,10531,0,160654,81063,6,160660,81069,3.41183208757361,1.72160970688102,172
-7.6926,53.28823,2021/02/05 00:00:00+00,Fri 05 Feb 2021,3361,8604,0,164015,89667,6,164021,89673,3.48320746194393,1.90432726745294,173
-7.6926,53.28823,2021/02/06 00:00:00+00,Sat 06 Feb 2021,879,3863,0,164894,93530,6,164900,93536,3.5018742141223,1.98636328982501,174
-7.6926,53.28823,2021/02/07 00:00:00+00,Sun 07 Feb 2021,307,1295,1,165201,94825,7,165208,94832,3.50841501010744,2.01388560020404,175
-7.6926,53.28823,2021/02/08 00:00:00+00,Mon 08 Feb 2021,1138,871,0,166339,95696,7,166346,95703,3.5325819770915,2.0323824615776,176
-7.6926,53.28823,2021/02/09 00:00:00+00,Tue 09 Feb 2021,4211,529,1,170550,96225,8,170558,96233,3.62202948582336,2.04363772739619,177
-7.6926,53.28823,2021/02/10 00:00:00+00,Wed 10 Feb 2021,8788,577,0,179338,96802,8,179346,96810,3.80865453490587,2.05589110169303,178
-7.6926,53.28823,2021/02/11 00:00:00+00,Thu 11 Feb 2021,6144,434,0,185482,97236,8,185490,97244,3.93913067299906,2.06510767785391,179
-7.6926,53.28823,2021/02/12 00:00:00+00,Fri 12 Feb 2021,4359,516,0,189841,97752,8,189849,97760,4.03169992526928,2.07606563476408,180
-7.6926,53.28823,2021/02/13 00:00:00+00,Sat 13 Feb 2021,1189,1910,0,191030,99662,8,191038,99670,4.056949946134,2.11662706441219,181
-7.6926,53.28823,2021/02/14 00:00:00+00,Sun 14 Feb 2021,2679,20,0,193709,99682,8,193717,99690,4.11384212939436,2.11705179142421,182
-7.6926,53.28823,2021/02/15 00:00:00+00,Mon 15 Feb 2021,1929,7872,0,195638,107554,8,195646,107562,4.15480704970389,2.28422434335611,183
-7.6926,53.28823,2021/02/16 00:00:00+00,Tue 16 Feb 2021,5606,8149,0,201244,115703,8,201252,115711,4.27385803117369,2.45727936440452,184
-7.6926,53.28823,2021/02/17 00:00:00+00,Wed 17 Feb 2021,9704,8459,0,210948,124162,8,210956,124170,4.47993557740682,2.63691765413927,185
-7.6926,53.28823,2021/02/18 00:00:00+00,Thu 18 Feb 2021,8439,8329,0,219387,132491,8,219395,132499,4.65914914012955,2.81379521829588,186
-7.6926,53.28823,2021/02/19 00:00:00+00,Fri 19 Feb 2021,9363,6576,0,228750,139067,8,228758,139075,4.8579850908077,2.95344545984875,187
-7.6926,53.28823,2021/02/20 00:00:00+00,Sat 20 Feb 2021,5863,3564,1,234613,142631,9,234622,142640,4.98251505073258,3.02915304974169,188
-7.6926,53.28823,2021/02/21 00:00:00+00,Sun 21 Feb 2021,1091,1015,4,235704,143646,13,235717,143659,5.00576885464079,3.05079289100422,189
-7.6926,53.28823,2021/02/22 00:00:00+00,Mon 22 Feb 2021,3923,1104,1,239627,144750,14,239641,144764,5.08910029439953,3.07425905841844,190
-7.6926,53.28823,2021/02/23 00:00:00+00,Tue 23 Feb 2021,13332,1056,0,252959,145806,14,252973,145820,5.37222332061347,3.09668464465321,191
-7.6926,53.28823,2021/02/24 00:00:00+00,Wed 24 Feb 2021,16901,2088,2,269860,147894,16,269876,147910,5.73118135482395,3.14106861740952,192
-7.6926,53.28823,2021/02/25 00:00:00+00,Thu 25 Feb 2021,18034,1743,2,287894,149637,18,287912,149655,6.11420017426549,3.17812604920845,193
-7.6926,53.28823,2021/02/26 00:00:00+00,Fri 26 Feb 2021,16055,2754,0,303949,152391,18,303967,152409,6.45514978316624,3.23661095876389,194
-7.6926,53.28823,2021/02/27 00:00:00+00,Sat 27 Feb 2021,8954,698,1,312903,153089,19,312922,153108,6.64532130279914,3.25145516783406,195
-7.6926,53.28823,2021/02/28 00:00:00+00,Sun 28 Feb 2021,2422,46,1,315325,153135,20,315345,153155,6.69677698030562,3.25245327631232,196
-7.6926,53.28823,2021/03/01 00:00:00+00,Mon 01 Mar 2021,5552,778,0,320877,153913,20,320897,153933,6.81468119884296,3.26897515707998,197
-7.6926,53.28823,2021/03/02 00:00:00+00,Tue 02 Mar 2021,12146,1599,0,333023,155512,20,333043,155532,7.07261791324399,3.30293208169114,198
-7.6926,53.28823,2021/03/03 00:00:00+00,Wed 03 Mar 2021,12834,1491,1,345857,157003,21,345878,157024,7.34518647320917,3.33461671678799,199
-7.6926,53.28823,2021/03/04 00:00:00+00,Thu 04 Mar 2021,18689,1679,2,364546,158682,23,364569,158705,7.74211510229444,3.37031502214845,200
-7.6926,53.28823,2021/03/05 00:00:00+00,Fri 05 Mar 2021,18397,2384,5,382943,161066,28,382971,161094,8.13290642605598,3.42104866373449,201
-7.6926,53.28823,2021/03/06 00:00:00+00,Sat 06 Mar 2021,10405,129,1,393348,161195,29,393377,161224,8.35389189041109,3.42380938931264,202
-7.6926,53.28823,2021/03/07 00:00:00+00,Sun 07 Mar 2021,1495,8,1,394843,161203,30,394873,161233,8.38566147091034,3.42400051646805,203
-7.6926,53.28823,2021/03/08 00:00:00+00,Mon 08 Mar 2021,6619,1481,2,401462,162684,32,401494,162716,8.52626734824026,3.45549402440949,204
-7.6926,53.28823,2021/03/09 00:00:00+00,Tue 09 Mar 2021,13767,3085,2,415229,165769,34,415263,165803,8.81867065966688,3.5210506387151,205
-7.6926,53.28823,2021/03/10 00:00:00+00,Wed 10 Mar 2021,13663,3969,3,428892,169738,37,428929,169775,9.10888662698159,3.60540142330269,206
-7.6926,53.28823,2021/03/11 00:00:00+00,Thu 11 Mar 2021,18401,2086,1,447293,171824,38,447331,171862,9.49967795074313,3.6497216870072,207
-7.6926,53.28823,2021/03/12 00:00:00+00,Fri 12 Mar 2021,17266,1324,2,464559,173148,40,464599,173188,9.86638725292302,3.67788108790426,208
-7.6926,53.28823,2021/03/13 00:00:00+00,Sat 13 Mar 2021,8241,164,0,472800,173312,40,472840,173352,10.0413960182267,3.68136384940284,209
-7.6926,53.28823,2021/03/14 00:00:00+00,Sun 14 Mar 2021,351,14,1,473151,173326,41,473192,173367,10.0488712136383,3.68168239466186,210
-7.6926,53.28823,2021/03/15 00:00:00+00,Mon 15 Mar 2021,2590,978,0,475741,174304,41,475782,174345,10.1038733616952,3.70245154554974,211
-7.6926,53.28823,2021/03/16 00:00:00+00,Tue 16 Mar 2021,8886,3801,0,484627,178105,41,484668,178146,10.2925795731366,3.78317091418454,212
-7.6926,53.28823,2021/03/17 00:00:00+00,Wed 17 Mar 2021,4846,2400,6,489473,180505,47,489520,180552,10.3956183462532,3.8342655737308,213
-7.6926,53.28823,2021/03/18 00:00:00+00,Thu 18 Mar 2021,11651,4665,2,501124,185170,49,501173,185219,10.6430855398079,3.93337562198616,214
-7.6926,53.28823,2021/03/19 00:00:00+00,Fri 19 Mar 2021,10286,6102,1,511410,191272,50,511460,191322,10.8615438784414,4.06298106970471,215
-7.6926,53.28823,2021/03/20 00:00:00+00,Sat 20 Mar 2021,5168,3104,2,516578,194376,52,516630,194428,10.9713358110491,4.12894117467174,216
-7.6926,53.28823,2021/03/21 00:00:00+00,Sun 21 Mar 2021,3584,42,2,520162,194418,54,520216,194472,11.0474893643047,4.12987557409819,217
-7.6926,53.28823,2021/03/22 00:00:00+00,Mon 22 Mar 2021,7340,2384,0,527502,196802,54,527556,196856,11.2033641777168,4.18050303393123,218
-7.6926,53.28823,2021/03/23 00:00:00+00,Tue 23 Mar 2021,12500,7365,3,540002,204167,57,540059,204224,11.4688822692824,4.33697246516017,219
-7.6926,53.28823,2021/03/24 00:00:00+00,Wed 24 Mar 2021,13548,9755,1,553550,213922,58,553608,213980,11.7566135835768,4.54415430162456,220
-7.6926,53.28823,2021/03/25 00:00:00+00,Thu 25 Mar 2021,20795,10199,2,574345,224121,60,574405,224181,12.198265967028,4.76078631410644,221
-7.6926,53.28823,2021/03/26 00:00:00+00,Fri 26 Mar 2021,19632,9458,1,593977,233579,61,594038,233640,12.6151992383795,4.96166095444229,222
-7.6926,53.28823,2021/03/27 00:00:00+00,Sat 27 Mar 2021,11676,5313,0,605653,238892,61,605714,238953,12.863154867998,5.07448968518597,223
-7.6926,53.28823,2021/03/28 00:00:00+00,Sun 28 Mar 2021,2443,472,0,608096,239364,61,608157,239425,12.9150352725165,5.08451324266969,224
-7.6926,53.28823,2021/03/28 23:00:00+00,Mon 29 Mar 2021,9199,3089,3,617295,242453,64,617359,242517,13.1104521707479,5.15017603872831,225
-7.6926,53.28823,2021/03/29 23:00:00+00,Tue 30 Mar 2021,13264,8636,2,630559,251089,66,630625,251155,13.3921735978222,5.33361563522066,226
-7.6926,53.28823,2021/03/30 23:00:00+00,Wed 31 Mar 2021,15730,10460,2,646289,261549,68,646357,261617,13.7262638654788,5.55579033520942,227
-7.6926,53.28823,2021/03/31 23:00:00+00,Thu 01 Apr 2021,19605,11590,4,665894,273139,72,665966,273211,14.1426874644158,5.80200458407864,228
-7.6926,53.28823,2021/04/01 23:00:00+00,Fri 02 Apr 2021,20063,13695,4,685957,286834,76,686033,286910,14.5688373119282,6.09292135096319,229
-7.6926,53.28823,2021/04/02 23:00:00+00,Sat 03 Apr 2021,7489,4610,2,693446,291444,78,693524,291522,14.7279188142811,6.19086339993548,230
-7.6926,53.28823,2021/04/03 23:00:00+00,Sun 04 Apr 2021,2981,161,0,696427,291605,78,696505,291683,14.791224375423,6.19428245238226,231
-7.6926,53.28823,2021/04/04 23:00:00+00,Mon 05 Apr 2021,3376,587,3,699803,292192,81,699884,292273,14.8629820041041,6.20681189923691,232
-7.6926,53.28823,2021/04/05 23:00:00+00,Tue 06 Apr 2021,11900,8131,6,711703,300323,87,711790,300410,15.1158219943609,6.37961208407811,233
-7.6926,53.28823,2021/04/06 23:00:00+00,Wed 07 Apr 2021,18259,10431,3,729962,310754,90,730052,310844,15.5036402290383,6.60119216625004,234
-7.6926,53.28823,2021/04/07 23:00:00+00,Thu 08 Apr 2021,20089,10530,9,750051,321284,99,750150,321383,15.9304484034193,6.8250020652351,235
-7.6926,53.28823,2021/04/08 23:00:00+00,Fri 09 Apr 2021,20624,9121,10,770675,330405,109,770784,330514,16.3686392617225,7.01891118257379,236
-7.6926,53.28823,2021/04/09 23:00:00+00,Sat 10 Apr 2021,11091,4135,9,781766,334540,118,781884,334658,16.6043627533948,7.10691461946477,237
-7.6926,53.28823,2021/04/10 23:00:00+00,Sun 11 Apr 2021,2806,333,2,784572,334873,120,784692,334993,16.6639944258827,7.11402879691614,238
-7.6926,53.28823,2021/04/11 23:00:00+00,Mon 12 Apr 2021,7705,2757,6,792277,337630,126,792403,337756,16.8277479253678,7.172704833627,239
-7.6926,53.28823,2021/04/12 23:00:00+00,Tue 13 Apr 2021,11434,8551,1,803711,346181,127,803838,346308,17.0705855944915,7.35431810396765,240
-7.6926,53.28823,2021/04/13 23:00:00+00,Wed 14 Apr 2021,20269,6557,2,823980,352738,129,824109,352867,17.5010676575265,7.4936073275603,241
-7.6926,53.28823,2021/04/14 23:00:00+00,Thu 15 Apr 2021,27039,10750,1,851019,363488,130,851149,363618,18.0752985777804,7.72191933287279,242
-7.6926,53.28823,2021/04/15 23:00:00+00,Fri 16 Apr 2021,27899,9793,1,878918,373281,131,879049,373412,18.6677927595512,7.92990815066002,243
-7.6926,53.28823,2021/04/16 23:00:00+00,Sat 17 Apr 2021,15782,4517,1,894700,377798,132,894832,377930,19.0029660810885,8.02585398267581,244
-7.6926,53.28823,2021/04/17 23:00:00+00,Sun 18 Apr 2021,1027,450,0,895727,378248,132,895859,378380,19.0247758131558,8.03541034044631,245
-7.6926,53.28823,2021/04/18 23:00:00+00,Mon 19 Apr 2021,6681,2210,0,902408,380458,132,902540,380590,19.1666558715218,8.08234267527475,246
-7.6926,53.28823,2021/04/19 23:00:00+00,Tue 20 Apr 2021,14995,7261,0,917403,387719,132,917535,387851,19.4850949487854,8.23653981698938,247
-7.6926,53.28823,2021/04/20 23:00:00+00,Wed 21 Apr 2021,26609,9810,1,944012,397529,133,944145,397662,20.0501942382808,8.44488965273682,248
-7.6926,53.28823,2021/04/21 23:00:00+00,Thu 22 Apr 2021,31552,12135,0,975564,409664,133,975697,409797,20.7202435724469,8.70259276728124,249
-7.6926,53.28823,2021/04/22 23:00:00+00,Fri 23 Apr 2021,33514,12332,0,1009078,421996,133,1009211,422129,21.4319586264923,8.96447944289407,250
-7.6926,53.28823,2021/04/23 23:00:00+00,Sat 24 Apr 2021,23604,6959,0,1032682,428955,133,1032815,429088,21.9332214460808,9.11226320672717,251
-7.6926,53.28823,2021/04/24 23:00:00+00,Sun 25 Apr 2021,9698,272,1,1042380,429227,134,1042514,429361,22.1391928105609,9.11806073044127,252
-7.6926,53.28823,2021/04/25 23:00:00+00,Mon 26 Apr 2021,15506,3001,1,1057886,432228,135,1058021,432363,22.4685048993323,9.18181225494579,253
-7.6926,53.28823,2021/04/26 23:00:00+00,Tue 27 Apr 2021,25831,7750,5,1083717,439978,140,1083857,440118,23.0171672534624,9.34650015385736,254
-7.6926,53.28823,2021/04/27 23:00:00+00,Wed 28 Apr 2021,25947,8544,4,1109664,448522,144,1109808,448666,23.5682717879117,9.52802847879561,255
-7.6926,53.28823,2021/04/28 23:00:00+00,Thu 29 Apr 2021,31611,11280,2,1141275,459802,146,1141421,459948,24.2396165394645,9.76761698627728,256
-7.6926,53.28823,2021/04/29 23:00:00+00,Fri 30 Apr 2021,36021,13478,3,1177296,473280,149,1177445,473429,25.0046348335187,10.0539042287308,257
-7.6926,53.28823,2021/04/30 23:00:00+00,Sat 01 May 2021,16464,6640,11,1193760,479920,160,1193920,480080,25.3545037096719,10.1951471965787,258
-7.6926,53.28823,2021/05/01 23:00:00+00,Sun 02 May 2021,12364,882,6,1206124,480802,166,1206290,480968,25.6171973666076,10.2140050759125,259
-7.6926,53.28823,2021/05/02 23:00:00+00,Mon 03 May 2021,14165,886,9,1220289,481688,175,1220464,481863,25.9182014000277,10.2330116097005,260
-7.6926,53.28823,2021/05/03 23:00:00+00,Tue 04 May 2021,26536,6736,3,1246825,488424,178,1247003,488602,26.4817929086304,10.3761233764014,261
-7.6926,53.28823,2021/05/04 23:00:00+00,Wed 05 May 2021,31975,13368,66,1278800,501792,244,1279044,502036,27.1622268182404,10.6614125103766,262
-7.6926,53.28823,2021/05/05 23:00:00+00,Thu 06 May 2021,37168,14323,123,1315968,516115,367,1316335,516482,27.9541515685062,10.9681928311602,263
-7.6926,53.28823,2021/05/06 23:00:00+00,Fri 07 May 2021,40472,15013,89,1356440,531128,456,1356896,531584,28.8155191852377,11.2889041979381,264
-7.6926,53.28823,2021/05/07 23:00:00+00,Sat 08 May 2021,25496,6988,6,1381936,538116,462,1382398,538578,29.3570885982671,11.4374312340422,265
-7.6926,53.28823,2021/05/08 23:00:00+00,Sun 09 May 2021,19603,890,1,1401539,539006,463,1402002,539469,29.7734060154511,11.4563528224278,266
-7.6926,53.28823,2021/09/19 23:00:00+00,Mon 20 Sep 2021,950,5572,32,3540228,3407634,236833,3777061,3644467,80.2109916377622,77.3951789661592,267
-7.6926,53.28823,2021/09/20 23:00:00+00,Tue 21 Sep 2021,1445,6614,90,3541673,3414248,236923,3778596,3651171,80.2435894359349,77.5375474605891,268
-7.6926,53.28823,2021/09/21 23:00:00+00,Wed 22 Sep 2021,1888,8085,95,3543561,3422333,237018,3780579,3659351,80.2857011191769,77.7112608085061,269
-7.6926,53.28823,2021/09/22 23:00:00+00,Thu 23 Sep 2021,1684,8714,87,3545245,3431047,237105,3782350,3668152,80.3233106960915,77.8981619301464,270
-7.6926,53.28823,2021/09/23 23:00:00+00,Fri 24 Sep 2021,1902,7339,79,3547147,3438386,237184,3784331,3675570,80.3653799066323,78.0556931789054,271
-7.6926,53.28823,2021/09/24 23:00:00+00,Sat 25 Sep 2021,2402,6558,51,3549549,3444944,237235,3786784,3682179,80.4174726746568,78.1960442200281,272
-7.6926,53.28823,2021/09/25 23:00:00+00,Sun 26 Sep 2021,1537,7085,0,3551086,3452029,237235,3788321,3689264,80.4501129455307,78.346503764037,273
-7.6926,53.28823,2021/09/26 23:00:00+00,Mon 27 Sep 2021,1164,3734,45,3552250,3455763,237280,3789530,3693043,80.4757876934074,78.4267559329585,274
-7.6926,53.28823,2021/09/27 23:00:00+00,Tue 28 Sep 2021,1435,5077,91,3553685,3460840,237371,3791056,3698211,80.5081943644247,78.5365053928651,275
-7.6926,53.28823,2021/09/28 23:00:00+00,Wed 29 Sep 2021,1637,3554,74,3555322,3464394,237445,3792767,3701839,80.5445297603032,78.6135508728459,276
-7.6926,53.28823,2021/09/29 23:00:00+00,Thu 30 Sep 2021,1271,3911,77,3556593,3468305,237522,3794115,3705827,80.5731563609135,78.6982414390431,277
-7.6926,53.28823,2021/09/30 23:00:00+00,Fri 01 Oct 2021,1833,5120,41,3558426,3473425,237563,3795989,3710988,80.61295328194,78.8078422444954,278
-7.6926,53.28823,2021/10/01 23:00:00+00,Sat 02 Oct 2021,1705,4046,39,3560131,3477471,237602,3797733,3715073,80.6499894773883,78.8945927367009,279
-7.6926,53.28823,2021/10/02 23:00:00+00,Sun 03 Oct 2021,1202,2996,9,3561333,3480467,237611,3798944,3718078,80.6757066979662,78.9584079702572,280
-7.6926,53.28823,2021/10/03 23:00:00+00,Mon 04 Oct 2021,332,1184,17,3561665,3481651,237628,3799293,3719279,80.683118184326,78.9839128273291,281
-7.6926,53.28823,2021/10/04 23:00:00+00,Tue 05 Oct 2021,958,2770,69,3562623,3484421,237697,3800320,3722118,80.7049279163933,79.0442028266857,282
-7.6926,53.28823,2021/10/05 23:00:00+00,Wed 06 Oct 2021,975,2511,35,3563598,3486932,237732,3801330,3724664,80.7263766305005,79.0982705753161,283
-7.6926,53.28823,2021/10/06 23:00:00+00,Thu 07 Oct 2021,1206,2648,43,3564804,3489580,237775,3802579,3727355,80.7529008324012,79.1554175947837,284
-7.6926,53.28823,2021/10/07 23:00:00+00,Fri 08 Oct 2021,978,2718,45,3565782,3492298,237820,3803602,3730118,80.7746256190662,79.2140936314945,285
-7.6926,53.28823,2021/10/08 23:00:00+00,Sat 09 Oct 2021,728,2334,20,3566510,3494632,237840,3804350,3732472,80.7905104093158,79.2640840008095,286
-7.6926,53.28823,2021/10/09 23:00:00+00,Sun 10 Oct 2021,1526,3898,0,3568036,3498530,237840,3805876,3736370,80.8229170803331,79.3468632954526,287
-7.6926,53.28823,2021/10/10 23:00:00+00,Mon 11 Oct 2021,329,1080,13,3568365,3499610,237853,3806218,3737463,80.8301799122386,79.3700746266596,288
-7.6926,53.28823,2021/10/11 23:00:00+00,Tue 12 Oct 2021,559,1572,20,3568924,3501182,237873,3806797,3739055,80.8424757592367,79.4038828968166,289
-7.6926,53.28823,2021/10/12 23:00:00+00,Wed 13 Oct 2021,1031,1989,9,3569955,3503171,237882,3807837,3741053,80.8645615638618,79.4463131253176,290
-7.6926,53.28823,2021/10/13 23:00:00+00,Thu 14 Oct 2021,701,1535,7,3570656,3504706,237889,3808545,3742595,80.8795969000874,79.4790595779445,291
-7.6926,53.28823,2021/10/14 23:00:00+00,Fri 15 Oct 2021,952,2011,7,3571608,3506717,237896,3809504,3744613,80.8999625603139,79.5219145334575,292
-7.6926,53.28823,2021/10/15 23:00:00+00,Sat 16 Oct 2021,1371,2604,11,3572979,3509321,237907,3810886,3747228,80.9293111968446,79.5774475902794,293
-7.6926,53.28823,2021/10/16 23:00:00+00,Sun 17 Oct 2021,1709,2876,2,3574688,3512197,237909,3812597,3750106,80.9656465927231,79.6385658073094,294
-7.6926,53.28823,2021/10/17 23:00:00+00,Mon 18 Oct 2021,668,1178,4,3575356,3513375,237913,3813269,3751288,80.9799174203271,79.6636671737199,295
-7.6926,53.28823,2021/10/18 23:00:00+00,Tue 19 Oct 2021,1328,1740,10,3576684,3515115,237923,3814607,3753038,81.0083316574313,79.7008307872719,296
-7.6926,53.28823,2021/10/19 23:00:00+00,Wed 20 Oct 2021,2244,2271,0,3578928,3517386,237923,3816851,3755309,81.0559860281802,79.749058539487,297
-7.6926,53.28823,2021/10/20 23:00:00+00,Thu 21 Oct 2021,1754,1772,10,3580682,3519158,237933,3818615,3757091,81.0934469506406,79.7869017162582,298
-7.6926,53.28823,2021/10/21 23:00:00+00,Fri 22 Oct 2021,1494,1883,1,3582176,3521041,237934,3820110,3758975,81.1251952947892,79.8269110007906,299
-7.6926,53.28823,2021/10/22 23:00:00+00,Sat 23 Oct 2021,2006,1666,0,3584182,3522707,237934,3822116,3760641,81.167795414095,79.8622907608921,300
-7.6926,53.28823,2021/10/23 23:00:00+00,Sun 24 Oct 2021,1943,2172,1,3586125,3524879,237935,3824060,3762814,81.2090788796636,79.9084373507483,301
-7.6926,53.28823,2021/10/24 23:00:00+00,Mon 25 Oct 2021,1215,810,1,3587340,3525689,237936,3825276,3763625,81.2349022819945,79.9256600310858,302
-7.6926,53.28823,2021/10/25 23:00:00+00,Tue 26 Oct 2021,1237,1173,6,3588577,3526862,237942,3826519,3764804,81.2612990657917,79.9506976884445,303
-7.6926,53.28823,2021/10/26 23:00:00+00,Wed 27 Oct 2021,1551,1383,4,3590128,3528245,237946,3828074,3766191,81.2943215909764,79.9801525067282,304
-7.6926,53.28823,2021/10/27 23:00:00+00,Thu 28 Oct 2021,2143,1649,2,3592271,3529894,237948,3830219,3767842,81.3398735630158,80.0152137215706,305
-7.6926,53.28823,2021/10/28 23:00:00+00,Fri 29 Oct 2021,2135,1319,0,3594406,3531213,237948,3832354,3769161,81.3852131715492,80.0432244680135,306
-7.6926,53.28823,2021/10/29 23:00:00+00,Sat 30 Oct 2021,2004,1423,0,3596410,3532636,237948,3834358,3770584,81.4277708181538,80.0734437949189,307
-7.6926,53.28823,2021/10/30 23:00:00+00,Sun 31 Oct 2021,1625,1312,0,3598035,3533948,237948,3835983,3771896,81.4622798878806,80.1013058869075,308
-7.6926,53.28823,2021/11/01 00:00:00+00,Mon 01 Nov 2021,257,244,1,3598292,3534192,237949,3836241,3772141,81.4677588663356,80.1065087928048,309
-7.6926,53.28823,2021/11/02 00:00:00+00,Tue 02 Nov 2021,1087,1056,9,3599379,3535248,237958,3837337,3773206,81.4910339065945,80.129125506195,310
-7.6926,53.28823,2021/11/03 00:00:00+00,Wed 03 Nov 2021,2535,1790,5,3601914,3537038,237963,3839877,3775001,81.5449742371213,80.167244755524,311
-7.6926,53.28823,2021/11/04 00:00:00+00,Thu 04 Nov 2021,1547,1222,0,3603461,3538260,237963,3841424,3776223,81.5778268715012,80.1931955759585,312
-7.6926,53.28823,2021/11/05 00:00:00+00,Fri 05 Nov 2021,1626,1015,1,3605087,3539275,237964,3843051,3777239,81.6123784139292,80.2147717081692,313
-7.6926,53.28823,2021/11/06 00:00:00+00,Sat 06 Nov 2021,1819,1319,5,3606906,3540594,237969,3844875,3778563,81.6511135174256,80.2428886363651,314
-7.6926,53.28823,2021/11/07 00:00:00+00,Sun 07 Nov 2021,727,765,0,3607633,3541359,237969,3845602,3779328,81.6665523443126,80.2591344445749,315
-7.6926,53.28823,2021/11/08 00:00:00+00,Mon 08 Nov 2021,509,492,1,3608142,3541851,237970,3846112,3779821,81.6773828831192,80.2696039654213,316
-7.6926,53.28823,2021/11/09 00:00:00+00,Tue 09 Nov 2021,1381,998,1,3609523,3542849,237971,3847494,3780820,81.7067315196499,80.2908190796718,317
-7.6926,53.28823,2021/11/10 00:00:00+00,Wed 10 Nov 2021,1628,1299,0,3611151,3544148,237971,3849122,3782119,81.7413042984285,80.3184050991026,318
-7.6926,53.28823,2021/11/11 00:00:00+00,Thu 11 Nov 2021,1404,1054,1,3612555,3545202,237972,3850527,3783174,81.771141371023,80.3408094489868,319
-7.6926,53.28823,2021/11/12 00:00:00+00,Fri 12 Nov 2021,1160,1082,5,3613715,3546284,237977,3851692,3784261,81.7958817194733,80.3638933620902,320
-7.6926,53.28823,2021/11/13 00:00:00+00,Sat 13 Nov 2021,1417,1333,0,3615132,3547617,237977,3853109,3785594,81.8259736282751,80.3922014174415,321
-7.6926,53.28823,2021/11/14 00:00:00+00,Sun 14 Nov 2021,1649,1798,0,3616781,3549415,237977,3854758,3787392,81.8609923704163,80.4303843758223,322
-7.6926,53.28823,2021/11/15 00:00:00+00,Mon 15 Nov 2021,1247,548,0,3618028,3549963,237977,3856005,3787940,81.8874740996159,80.4420218959517,323
-7.6926,53.28823,2021/11/16 00:00:00+00,Tue 16 Nov 2021,1323,1026,4,3619351,3550989,237981,3857332,3788970,81.9156547368636,80.4638953370708,324
-7.6926,53.28823,2021/11/17 00:00:00+00,Wed 17 Nov 2021,1521,1059,0,3620872,3552048,237981,3858853,3790029,81.9479552261278,80.4863846323574,325
-7.6926,53.28823,2021/11/18 00:00:00+00,Thu 18 Nov 2021,1672,2430,5,3622544,3554478,237986,3860530,3792464,81.9835685860859,80.5380951460711,326
-7.6926,53.28823,2021/11/19 00:00:00+00,Fri 19 Nov 2021,1183,1459,0,3623727,3555937,237986,3861713,3793923,82.008691188847,80.5690789815981,327
-7.6926,53.28823,2021/11/20 00:00:00+00,Sat 20 Nov 2021,1539,2906,10,3625266,3558843,237996,3863262,3796839,82.0415862959281,80.6310041799509,328
-7.6926,53.28823,2021/11/21 00:00:00+00,Sun 21 Nov 2021,1786,2750,0,3627052,3561593,237996,3865048,3799589,82.0795144181017,80.6894041441039,329
-7.6926,53.28823,2021/11/22 00:00:00+00,Mon 22 Nov 2021,714,468,2,3627766,3562061,237998,3865764,3800059,82.0947196451321,80.6993852288864,330
-7.6926,53.28823,2021/11/23 00:00:00+00,Tue 23 Nov 2021,2171,1538,4,3629937,3563599,238002,3867939,3801601,82.1409087076895,80.7321316815134,331
-7.6926,53.28823,2021/11/24 00:00:00+00,Wed 24 Nov 2021,1625,3086,0,3631562,3566685,238002,3869564,3804687,82.1754177774163,80.7976670594684,332
-7.6926,53.28823,2021/11/25 00:00:00+00,Thu 25 Nov 2021,1014,1115,1,3632576,3567800,238003,3870579,3805803,82.1969726732764,80.8213668267392,333
-7.6926,53.28823,2021/11/26 00:00:00+00,Fri 26 Nov 2021,1293,1062,12,3633869,3568862,238015,3871884,3806877,82.2246861108109,80.8441746672848,334
-7.6926,53.28823,2021/11/27 00:00:00+00,Sat 27 Nov 2021,1234,1528,5,3635103,3570390,238020,3873123,3808410,82.2509979492056,80.8767299927563,335
-7.6926,53.28823,2021/11/28 00:00:00+00,Sun 28 Nov 2021,1970,2248,0,3637073,3572638,238020,3875093,3810658,82.2928335598898,80.9244693089076,336
-7.6926,53.28823,2021/11/29 00:00:00+00,Mon 29 Nov 2021,547,961,1,3637620,3573599,238021,3875641,3811620,82.3044710800192,80.9448986781858,337
-7.6926,53.28823,2021/11/30 00:00:00+00,Tue 30 Nov 2021,1937,1591,6,3639557,3575190,238027,3877584,3813217,82.3457333092372,80.9788131300958,338
-7.6926,53.28823,2021/12/01 00:00:00+00,Wed 01 Dec 2021,1116,1328,1,3640673,3576518,238028,3878701,3814546,82.3694543128586,81.0070362400447,339
-7.6926,53.28823,2021/12/02 00:00:00+00,Thu 02 Dec 2021,1801,1366,0,3642474,3577884,238028,3880502,3815912,82.4077009802912,81.0360450949658,340
-7.6926,53.28823,2021/12/03 00:00:00+00,Fri 03 Dec 2021,1051,1135,3,3643525,3579019,238031,3881556,3817050,82.4300840938247,81.0602120619498,341
-7.6926,53.28823,2021/12/04 00:00:00+00,Sat 04 Dec 2021,1205,1674,0,3644730,3580693,238031,3882761,3818724,82.4556738962991,81.0957617128561,342
-7.6926,53.28823,2021/12/05 00:00:00+00,Sun 05 Dec 2021,1354,1765,0,3646084,3582458,238031,3884115,3820489,82.484427915013,81.133243871667,343
-7.6926,53.28823,2021/12/06 00:00:00+00,Mon 06 Dec 2021,944,1254,0,3647028,3583712,238031,3885059,3821743,82.5044750299804,81.1598742553208,344
-7.6926,53.28823,2021/12/07 00:00:00+00,Tue 07 Dec 2021,485,701,1,3647513,3584413,238032,3885545,3822445,82.5147958963725,81.1747821734428,345
-7.6926,53.28823,2021/12/08 00:00:00+00,Wed 08 Dec 2021,816,1440,0,3648329,3585853,238032,3886361,3823885,82.5321247584631,81.2053625183084,346
-7.6926,53.28823,2021/12/09 00:00:00+00,Thu 09 Dec 2021,800,1152,0,3649129,3587005,238032,3887161,3825037,82.5491138389439,81.2298267942009,347
-7.6926,53.28823,2021/12/10 00:00:00+00,Fri 10 Dec 2021,891,1553,1,3650020,3588558,238033,3888053,3826591,82.5680566636801,81.262828083035,348
-7.6926,53.28823,2021/12/11 00:00:00+00,Sat 11 Dec 2021,639,825,0,3650659,3589383,238033,3888692,3827416,82.5816266917142,81.2803480722809,349
-7.6926,53.28823,2021/12/12 00:00:00+00,Sun 12 Dec 2021,692,1189,0,3651351,3590572,238033,3889384,3828605,82.5963222463302,81.3055980931456,350
-7.6926,53.28823,2021/12/13 00:00:00+00,Mon 13 Dec 2021,718,1032,0,3652069,3591604,238033,3890102,3829637,82.6115699460618,81.327514006966,351
-7.6926,53.28823,2021/12/14 00:00:00+00,Tue 14 Dec 2021,621,1147,1,3652690,3592751,238034,3890724,3830785,82.6247789561357,81.351893337456,352
-7.6926,53.28823,2021/12/15 00:00:00+00,Wed 15 Dec 2021,792,1175,1,3653482,3593926,238035,3891517,3831961,82.6416193821624,81.3768672857629,353
-7.6926,53.28823,2021/12/16 00:00:00+00,Thu 16 Dec 2021,1059,1436,7,3654541,3595362,238042,3892583,3833404,82.6642573319031,81.4075113396803,354
-7.6926,53.28823,2021/12/17 00:00:00+00,Fri 17 Dec 2021,1206,2375,1,3655747,3597737,238043,3893790,3835780,82.6898896070787,81.4579689087085,355
-7.6926,53.28823,2021/12/18 00:00:00+00,Sat 18 Dec 2021,1270,1145,0,3657017,3598882,238043,3895060,3836925,82.7168597723421,81.4822845301468,356
-7.6926,53.28823,2021/12/19 00:00:00+00,Sun 19 Dec 2021,559,863,1,3657576,3599745,238044,3895620,3837789,82.7287521286787,81.5006327370662,357
-7.6926,53.28823,2021/12/20 00:00:00+00,Mon 20 Dec 2021,543,534,0,3658119,3600279,238044,3896163,3838323,82.7402834670551,81.5119729482872,358
-7.6926,53.28823,2021/12/21 00:00:00+00,Tue 21 Dec 2021,1466,1719,2,3659585,3601998,238046,3897631,3840044,82.7714584297375,81.5485207076717,359
-7.6926,53.28823,2021/12/22 00:00:00+00,Wed 22 Dec 2021,1257,1470,2,3660842,3603468,238048,3898890,3841516,82.7981949951443,81.5797806157565,360
-7.6926,53.28823,2021/12/23 00:00:00+00,Thu 23 Dec 2021,958,1264,0,3661800,3604732,238048,3899848,3842780,82.8185394190202,81.6066233629163,361
-7.6926,53.28823,2021/12/24 00:00:00+00,Fri 24 Dec 2021,101,124,0,3661901,3604856,238048,3899949,3842904,82.8206842904309,81.6092566703908,362
-7.6926,53.28823,2021/12/26 00:00:00+00,Sun 26 Dec 2021,8,5,0,3661909,3604861,238048,3899957,3842909,82.8208541812357,81.6093628521438,363
-7.6926,53.28823,2021/12/27 00:00:00+00,Mon 27 Dec 2021,387,580,0,3662296,3605441,238048,3900344,3843489,82.8290726489183,81.6216799354925,364
-7.6926,53.28823,2021/12/28 00:00:00+00,Tue 28 Dec 2021,453,724,0,3662749,3606165,238048,3900797,3844213,82.8386927157406,81.6370550533277,365
-7.6926,53.28823,2021/12/29 00:00:00+00,Wed 29 Dec 2021,1081,1231,0,3663830,3607396,238048,3901878,3845444,82.8616492107404,81.6631970009176,366
-7.6926,53.28823,2021/12/30 00:00:00+00,Thu 30 Dec 2021,1057,1123,1,3664887,3608519,238049,3902936,3846568,82.8841172696764,81.6870666589933,367
-7.6926,53.28823,2021/12/31 00:00:00+00,Fri 31 Dec 2021,720,1645,0,3665607,3610164,238049,3903656,3848213,82.8994074421092,81.7220004557321,368
-7.6926,53.28823,2022/01/01 00:00:00+00,Sat 01 Jan 2022,64,95,0,3665671,3610259,238049,3903720,3848308,82.9007665685477,81.7240179090392,369
-7.6926,53.28823,2022/01/02 00:00:00+00,Sun 02 Jan 2022,267,618,0,3665938,3610877,238049,3903987,3848926,82.9064366741581,81.7371419737107,370
-7.6926,53.28823,2022/01/03 00:00:00+00,Mon 03 Jan 2022,3623,703,0,3669561,3611580,238049,3907610,3849629,82.983375972386,81.7520711281832,371
-7.6926,53.28823,2022/01/04 00:00:00+00,Tue 04 Jan 2022,1182,712,0,3670743,3612292,238049,3908792,3850341,83.0084773387965,81.7671914098112,372
-7.6926,53.28823,2022/01/05 00:00:00+00,Wed 05 Jan 2022,2140,807,0,3672883,3613099,238049,3910932,3851148,83.0539231290828,81.7843291447463,373
-7.6926,53.28823,2022/01/06 00:00:00+00,Thu 06 Jan 2022,2449,1581,0,3675332,3614680,238049,3913381,3852729,83.1059309517049,81.8179038150467,374
-7.6926,53.28823,2022/01/07 00:00:00+00,Fri 07 Jan 2022,4826,691,0,3680158,3615371,238049,3918207,3853420,83.2084175797059,81.832578133312,375
-7.6926,53.28823,2022/01/08 00:00:00+00,Sat 08 Jan 2022,9777,693,1,3689935,3616064,238050,3927985,3854114,83.4160666158835,81.8473161606292,376
-7.6926,53.28823,2022/01/09 00:00:00+00,Sun 09 Jan 2022,7113,656,0,3697048,3616720,238050,3935098,3854770,83.5671207777091,81.8612472066235,377
-7.6926,53.28823,2022/01/10 00:00:00+00,Mon 10 Jan 2022,6647,430,0,3703695,3617150,238050,3941745,3855200,83.7082788001547,81.870378837382,378
-7.6926,53.28823,2022/01/11 00:00:00+00,Tue 11 Jan 2022,4749,1258,1,3708444,3618408,238051,3946495,3856459,83.8091514655099,81.8971154027888,379
-7.6926,53.28823,2022/01/12 00:00:00+00,Wed 12 Jan 2022,7533,779,1,3715977,3619187,238052,3954029,3857239,83.9691461309387,81.9136797562577,380
-7.6926,53.28823,2022/01/13 00:00:00+00,Thu 13 Jan 2022,7286,689,0,3723263,3619876,238052,3961315,3857928,84.1238741814183,81.9283116018218,381
-7.6926,53.28823,2022/01/14 00:00:00+00,Fri 14 Jan 2022,10704,712,0,3733967,3620588,238052,3972019,3858640,84.3511880782526,81.9434318834498,382
-7.6926,53.28823,2022/01/15 00:00:00+00,Sat 15 Jan 2022,8342,613,0,3742309,3621201,238052,3980361,3859253,84.528341714967,81.9564497663683,383
-7.6926,53.28823,2022/01/16 00:00:00+00,Sun 16 Jan 2022,6968,1204,1,3749277,3622405,238053,3987330,3860458,84.6763378423061,81.9820395688426,384
-7.6926,53.28823,2022/01/17 00:00:00+00,Mon 17 Jan 2022,2543,498,0,3751820,3622903,238053,3989873,3860956,84.7303418818847,81.992615271442,385
-7.6926,53.28823,2022/01/18 00:00:00+00,Tue 18 Jan 2022,4035,378,3,3755855,3623281,238056,3993911,3861337,84.816094265612,82.000706321021,386
-7.6926,53.28823,2022/01/19 00:00:00+00,Wed 19 Jan 2022,3468,528,0,3759323,3623809,238056,3997379,3861865,84.8897419294966,82.0119191141384,387
-7.6926,53.28823,2022/01/20 00:00:00+00,Thu 20 Jan 2022,3677,855,0,3763000,3624664,238056,4001056,3862720,84.9678279906569,82.0300761939023,388
-7.6926,53.28823,2022/01/21 00:00:00+00,Fri 21 Jan 2022,3242,919,0,3766242,3625583,238056,4004298,3863639,85.0366762393056,82.0495924001047,389
-7.6926,53.28823,2022/01/22 00:00:00+00,Sat 22 Jan 2022,4260,603,0,3770502,3626186,238056,4008558,3864242,85.1271430928663,82.0623979195172,390
-7.6926,53.28823,2022/01/23 00:00:00+00,Sun 23 Jan 2022,3090,677,0,3773592,3626863,238056,4011648,3864919,85.1927634162238,82.0767749288742,391
-7.6926,53.28823,2022/01/24 00:00:00+00,Mon 24 Jan 2022,633,406,0,3774225,3627269,238056,4012281,3865325,85.2062060261543,82.0853968872182,392
-7.6926,53.28823,2022/01/25 00:00:00+00,Tue 25 Jan 2022,687,1788,0,3774912,3629057,238056,4012968,3867113,85.2207953990172,82.123367482093,393
-7.6926,53.28823,2022/01/26 00:00:00+00,Wed 26 Jan 2022,693,830,0,3775605,3629887,238056,4013661,3867943,85.2355121899838,82.1409936530919,394
-7.6926,53.28823,2022/01/27 00:00:00+00,Thu 27 Jan 2022,1256,1103,0,3776861,3630990,238056,4014917,3869046,85.2621850463388,82.1644173478049,395
-7.6926,53.28823,2022/01/28 00:00:00+00,Fri 28 Jan 2022,1013,3018,0,3777874,3634008,238056,4015930,3872064,85.2836974694977,82.2285086539191,396
-7.6926,53.28823,2022/01/29 00:00:00+00,Sat 29 Jan 2022,2322,3411,0,3780196,3637419,238056,4018252,3875475,85.3330082755935,82.3009458458194,397
-7.6926,53.28823,2022/01/30 00:00:00+00,Sun 30 Jan 2022,1632,7530,0,3781828,3644949,238056,4019884,3883005,85.3676659997745,82.4608555658457,398
-7.6926,53.28823,2022/01/31 00:00:00+00,Mon 31 Jan 2022,457,1330,0,3782285,3646279,238056,4020341,3884335,85.3773710119992,82.4890999121452,399
