X,Y,VaccinationDate,VaccineText,Dose1,Dose2,SingleDose,Dose1Cum,Dose2Cum,SingleDoseCum,PartiallyVacc,FullyVacc,PartialPercent,FullyPercent,ObjectId
-7.6926,53.28823,2021/07/31 23:00:00+00,Sun 01 Aug 2021,10978,9135,355,3137304,2596411,218149,3355453,2814560,79.3623909476175,66.5693159956424,1
-7.6926,53.28823,2021/08/01 23:00:00+00,Mon 02 Aug 2021,14871,15625,393,3152175,2612036,218542,3370717,2830578,79.7234115118824,66.9481699918685,2
-7.6926,53.28823,2021/08/02 23:00:00+00,Tue 03 Aug 2021,17183,25089,1085,3169358,2637125,219627,3388985,2856752,80.1554819827938,67.5672313289407,3
-7.6926,53.28823,2021/08/03 23:00:00+00,Wed 04 Aug 2021,21935,16928,1554,3191293,2654053,221181,3412474,2875234,80.7110383267416,68.0043632778889,4
-7.6926,53.28823,2021/08/04 23:00:00+00,Thu 05 Aug 2021,13365,29704,1401,3204658,2683757,222582,3427240,2906339,81.0602803112762,68.7400514757047,5
-7.6926,53.28823,2021/08/05 23:00:00+00,Fri 06 Aug 2021,12027,24416,922,3216685,2708173,223504,3440189,2931677,81.3665470360316,69.3393399359605,6
-7.6926,53.28823,2021/08/06 23:00:00+00,Sat 07 Aug 2021,6251,8196,558,3222936,2716369,224062,3446998,2940431,81.5275919143125,69.546387500136,7
-7.6926,53.28823,2021/08/07 23:00:00+00,Sun 08 Aug 2021,8546,11784,139,3231482,2728153,224201,3455683,2952354,81.7330075065977,69.8283875124349,8
-7.6926,53.28823,2021/08/08 23:00:00+00,Mon 09 Aug 2021,5438,22699,583,3236920,2750852,224784,3461704,2975636,81.8754147928555,70.3790479407116,9
-7.6926,53.28823,2021/08/09 23:00:00+00,Tue 10 Aug 2021,9200,25663,685,3246120,2776515,225469,3471589,3001984,82.1092125049728,71.0022246851595,10
-7.6926,53.28823,2021/08/10 23:00:00+00,Wed 11 Aug 2021,6901,30899,633,3253021,2807414,226102,3479123,3033516,82.2874049139856,71.7480121872823,11
-7.6926,53.28823,2021/08/11 23:00:00+00,Thu 12 Aug 2021,6635,37973,850,3259656,2845387,226952,3486608,3072339,82.4644383864386,72.6662447191518,12
-7.6926,53.28823,2021/08/12 23:00:00+00,Fri 13 Aug 2021,10802,27908,843,3270458,2873295,227795,3498253,3101090,82.7398632076431,73.3462566585636,13
-7.6926,53.28823,2021/08/13 23:00:00+00,Sat 14 Aug 2021,18041,5642,267,3288499,2878937,228062,3516561,3106999,83.1728797492156,73.4860149469704,14
-7.6926,53.28823,2021/08/14 23:00:00+00,Sun 15 Aug 2021,16955,3604,39,3305454,2882541,228101,3533555,3110642,83.5748178695719,73.5721783324275,15
-7.6926,53.28823,2021/08/15 23:00:00+00,Mon 16 Aug 2021,10100,22872,350,3315554,2905413,228451,3544005,3133864,83.8219788297768,74.1214196547126,16
-7.6926,53.28823,2021/08/16 23:00:00+00,Tue 17 Aug 2021,12769,26612,511,3328323,2932025,228962,3557285,3160987,84.1360742892526,74.7629265182187,17
-7.6926,53.28823,2021/08/17 23:00:00+00,Wed 18 Aug 2021,15139,25514,645,3343462,2957539,229607,3573069,3187146,84.5093937721114,75.381633078793,18
-7.6926,53.28823,2021/08/18 23:00:00+00,Thu 19 Aug 2021,11288,25452,522,3354750,2982991,230129,3584879,3213120,84.7887211347928,75.9959640625599,19
-7.6926,53.28823,2021/08/19 23:00:00+00,Fri 20 Aug 2021,14740,22019,664,3369490,3005010,230793,3600283,3235803,85.1530529463715,76.532457082687,20
-7.6926,53.28823,2021/08/20 23:00:00+00,Sat 21 Aug 2021,11802,7813,224,3381292,3012823,231017,3612309,3243840,85.4374890906227,76.7225463302629,21
-7.6926,53.28823,2021/08/21 23:00:00+00,Sun 22 Aug 2021,7984,12159,156,3389276,3024982,231173,3620449,3256155,85.6300144701508,77.0138178350403,22
-7.6926,53.28823,2021/08/22 23:00:00+00,Mon 23 Aug 2021,10792,15146,271,3400068,3040128,231444,3631512,3271572,85.8916739632366,77.3784571195838,23
-7.6926,53.28823,2021/08/23 23:00:00+00,Tue 24 Aug 2021,9639,22705,368,3409707,3062833,231812,3641519,3294645,86.1283571908702,77.9241743286564,24
-7.6926,53.28823,2021/08/24 23:00:00+00,Wed 25 Aug 2021,9338,19267,305,3419045,3082100,232117,3651162,3314217,86.3564311754881,78.3870867031188,25
-7.6926,53.28823,2021/08/25 23:00:00+00,Thu 26 Aug 2021,8506,19218,358,3427551,3101318,232475,3660026,3333793,86.5660804339815,78.8500936846472,26
-7.6926,53.28823,2021/08/26 23:00:00+00,Fri 27 Aug 2021,9651,19015,423,3437202,3120333,232898,3670100,3353231,86.8043483299724,79.3098367223949,27
-7.6926,53.28823,2021/08/27 23:00:00+00,Sat 28 Aug 2021,9875,7764,145,3447077,3128097,233043,3680120,3361140,87.0413390305709,79.4968985438553,28
-7.6926,53.28823,2021/08/28 23:00:00+00,Sun 29 Aug 2021,8779,9121,23,3455856,3137218,233066,3688922,3370284,87.2495218795397,79.7131702969763,29
-7.6926,53.28823,2021/08/29 23:00:00+00,Mon 30 Aug 2021,5010,10951,77,3460866,3148169,233143,3694009,3381312,87.3698384158615,79.9740019782338,30
-7.6926,53.28823,2021/08/30 23:00:00+00,Tue 31 Aug 2021,4003,12660,134,3464869,3160829,233277,3698146,3394106,87.4676857739828,80.2766026791775,31
-7.6926,53.28823,2021/08/31 23:00:00+00,Wed 01 Sep 2021,4892,12362,171,3469761,3173191,233448,3703209,3406639,87.5874346679079,80.5730302690578,32
-7.6926,53.28823,2021/09/01 23:00:00+00,Thu 02 Sep 2021,4958,12225,242,3474719,3185416,233690,3708409,3419106,87.7104238538472,80.8678968423472,33
-7.6926,53.28823,2021/09/02 23:00:00+00,Fri 03 Sep 2021,4717,15878,159,3479436,3201294,233849,3713285,3435143,87.8257498674319,81.2472002221374,34
-7.6926,53.28823,2021/09/03 23:00:00+00,Sat 04 Sep 2021,4598,10497,128,3484034,3211791,233977,3718011,3445768,87.9375281160375,81.4985002414845,35
-7.6926,53.28823,2021/09/04 23:00:00+00,Sun 05 Sep 2021,5290,11832,0,3489324,3223623,233977,3723301,3457600,88.0626459609642,81.7783479430295,36
-7.6926,53.28823,2021/09/05 23:00:00+00,Mon 06 Sep 2021,2102,9560,68,3491426,3233183,234045,3725471,3467228,88.1139702943273,82.0060671511495,37
-7.6926,53.28823,2021/09/06 23:00:00+00,Tue 07 Sep 2021,2992,9883,134,3494418,3243066,234179,3728597,3477245,88.1879057164901,82.2429868964483,38
-7.6926,53.28823,2021/09/07 23:00:00+00,Wed 08 Sep 2021,2559,14676,178,3496977,3257742,234357,3731334,3492099,88.2526406014739,82.5943102364373,39
-7.6926,53.28823,2021/09/08 23:00:00+00,Thu 09 Sep 2021,3073,14676,132,3500050,3272418,234489,3734539,3506907,88.3284445131923,82.9445455951659,40
-7.6926,53.28823,2021/09/09 23:00:00+00,Fri 10 Sep 2021,3348,13839,107,3503398,3286257,234596,3737994,3520853,88.4101613665423,83.2743931311486,41
-7.6926,53.28823,2021/09/10 23:00:00+00,Sat 11 Sep 2021,2536,11227,57,3505934,3297484,234653,3740587,3532137,88.4714903971463,83.5412796646369,42
-7.6926,53.28823,2021/09/11 23:00:00+00,Sun 12 Sep 2021,2020,12842,0,3507954,3310326,234653,3742607,3544979,88.5192669655304,83.8450156503739,43
-7.6926,53.28823,2021/09/12 23:00:00+00,Mon 13 Sep 2021,1570,7636,46,3509524,3317962,234699,3744223,3552661,88.5574882202377,84.0267085208327,44
-7.6926,53.28823,2021/09/13 23:00:00+00,Tue 14 Sep 2021,1515,10668,79,3511039,3328630,234778,3745817,3563408,88.5951891360814,84.2808940556961,45
-7.6926,53.28823,2021/09/14 23:00:00+00,Wed 15 Sep 2021,3241,12305,130,3514280,3340935,234908,3749188,3575843,88.6749192410432,84.5750037724568,46
-7.6926,53.28823,2021/09/15 23:00:00+00,Thu 16 Sep 2021,1880,10497,109,3516160,3351432,235017,3751177,3586449,88.721962604665,84.8258544082399,47
-7.6926,53.28823,2021/09/16 23:00:00+00,Fri 17 Sep 2021,2531,14513,89,3518691,3365945,235106,3753797,3601051,88.7839302329652,85.1712175030641,48
-7.6926,53.28823,2021/04/14 23:00:00+00,Thu 15 Apr 2021,26944,10693,0,845851,361619,17,845868,361636,20.0062724484829,8.55333023968227,49
-7.6926,53.28823,2021/09/17 23:00:00+00,Sat 18 Sep 2021,2267,11163,40,3520958,3377108,235146,3756104,3612254,88.8384948583425,85.4361882434637,50
-7.6926,53.28823,2021/09/18 23:00:00+00,Sun 19 Sep 2021,1851,8455,11,3522809,3385563,235157,3757966,3620720,88.8825344476154,85.6364240988795,51
-7.6926,53.28823,2021/09/19 23:00:00+00,Mon 20 Sep 2021,947,5547,28,3523756,3391110,235185,3758941,3626295,88.905594919979,85.7682826972664,52
-7.6926,53.28823,2021/09/20 23:00:00+00,Tue 21 Sep 2021,1436,6587,89,3525192,3397697,235274,3760466,3632971,88.9416638639323,85.9261818905992,53
-7.6926,53.28823,2021/09/21 23:00:00+00,Wed 22 Sep 2021,1881,8062,94,3527073,3405759,235368,3762441,3641127,88.9883761028227,86.1190856983917,54
-7.6926,53.28823,2021/09/22 23:00:00+00,Thu 23 Sep 2021,1677,8679,85,3528750,3414438,235453,3764203,3649891,89.030050515443,86.3263697802325,55
-7.6926,53.28823,2021/09/23 23:00:00+00,Fri 24 Sep 2021,1892,7292,79,3530642,3421730,235532,3766174,3657262,89.0766681472672,86.5007069513015,56
-7.6926,53.28823,2021/09/24 23:00:00+00,Sat 25 Sep 2021,2398,6530,50,3533040,3428260,235582,3768622,3663842,89.1345676717248,86.6563355750478,57
-7.6926,53.28823,2021/09/25 23:00:00+00,Sun 26 Sep 2021,1534,7077,0,3534574,3435337,235582,3770156,3670919,89.1708494815769,86.8237191267579,58
-7.6926,53.28823,2021/09/26 23:00:00+00,Mon 27 Sep 2021,1164,3695,45,3535738,3439032,235627,3771365,3674659,89.1994444673078,86.9121767335681,59
-7.6926,53.28823,2021/09/27 23:00:00+00,Tue 28 Sep 2021,1433,5040,89,3537171,3444072,235716,3772887,3679788,89.2354424559616,87.033486644084,60
-7.6926,53.28823,2021/09/28 23:00:00+00,Wed 29 Sep 2021,1624,3533,72,3538795,3447605,235788,3774583,3683393,89.275555851991,87.118751262413,61
-7.6926,53.28823,2021/09/29 23:00:00+00,Thu 30 Sep 2021,1264,3874,77,3540059,3451479,235865,3775924,3687344,89.3072728709035,87.2121993919604,62
-7.6926,53.28823,2021/09/30 23:00:00+00,Fri 01 Oct 2021,1828,5087,37,3541887,3456566,235902,3777789,3692468,89.3513834154759,87.3333910436437,63
-7.6926,53.28823,2021/10/01 23:00:00+00,Sat 02 Oct 2021,1703,4034,38,3543590,3460600,235940,3779530,3696540,89.3925611409991,87.4297010369407,64
-7.6926,53.28823,2021/10/02 23:00:00+00,Sun 03 Oct 2021,1201,2989,8,3544791,3463589,235948,3780739,3699537,89.42115612673,87.5005853812215,65
-7.6926,53.28823,2021/10/03 23:00:00+00,Mon 04 Oct 2021,328,1156,16,3545119,3464745,235964,3781083,3700709,89.4292923344152,87.5283052515909,66
-7.6926,53.28823,2021/10/04 23:00:00+00,Tue 05 Oct 2021,976,2747,67,3546095,3467492,236031,3782126,3703523,89.4539611269026,87.5948613225973,67
-7.6926,53.28823,2021/10/05 23:00:00+00,Wed 06 Oct 2021,957,2485,34,3547052,3469977,236065,3783117,3706042,89.4774000275306,87.6544401224783,68
-7.6926,53.28823,2021/10/06 23:00:00+00,Thu 07 Oct 2021,1197,2624,41,3548249,3472601,236106,3784355,3708707,89.5066809144908,87.7174720802722,69
-7.6926,53.28823,2021/10/07 23:00:00+00,Fri 08 Oct 2021,974,2680,42,3549223,3475281,236148,3785371,3711429,89.5307111092821,87.7818521887581,70
-7.6926,53.28823,2021/10/08 23:00:00+00,Sat 09 Oct 2021,728,2316,18,3549951,3477597,236166,3786117,3713763,89.548355327111,87.8370554118317,71
-7.6926,53.28823,2021/10/09 23:00:00+00,Sun 10 Oct 2021,1527,3888,0,3551478,3481485,236166,3787644,3717651,89.5844715745974,87.9290134800878,72
-7.6926,53.28823,2021/10/10 23:00:00+00,Mon 11 Oct 2021,321,1065,12,3551799,3482550,236178,3787977,3718728,89.5923476128509,87.9544864326372,73
-7.6926,53.28823,2021/10/11 23:00:00+00,Tue 12 Oct 2021,543,1562,20,3552342,3484112,236198,3788540,3720310,89.6056635574054,87.9919035272825,74
-7.6926,53.28823,2021/10/12 23:00:00+00,Wed 13 Oct 2021,984,1974,9,3553326,3486086,236207,3789533,3722293,89.6291497615665,88.0388049803052,75
-7.6926,53.28823,2021/10/13 23:00:00+00,Thu 14 Oct 2021,701,1510,7,3554027,3487596,236214,3790241,3723810,89.6458952122675,88.0746847101263,76
-7.6926,53.28823,2021/10/14 23:00:00+00,Fri 15 Oct 2021,945,1996,5,3554972,3489592,236219,3791191,3725811,89.668364390468,88.1220118949464,77
-7.6926,53.28823,2021/10/15 23:00:00+00,Sat 16 Oct 2021,1372,2589,11,3556344,3492181,236230,3792574,3728411,89.7010747835745,88.1835064879161,78
-7.6926,53.28823,2021/10/16 23:00:00+00,Sun 17 Oct 2021,1706,2868,1,3558050,3495049,236231,3794281,3731280,89.7414483490357,88.2513634060814,79
-7.6926,53.28823,2021/10/17 23:00:00+00,Mon 18 Oct 2021,662,1169,3,3558712,3496218,236234,3794946,3732452,89.7571767737761,88.2790832764508,80
-7.6926,53.28823,2021/10/18 23:00:00+00,Tue 19 Oct 2021,1318,1725,10,3560030,3497943,236244,3796274,3734187,89.7885863197236,88.3201190913748,81
-7.6926,53.28823,2021/10/19 23:00:00+00,Wed 20 Oct 2021,2227,2241,0,3562257,3500184,236244,3798501,3736428,89.8412588037788,88.3731227001614,82
-7.6926,53.28823,2021/10/20 23:00:00+00,Thu 21 Oct 2021,1723,1757,8,3563980,3501941,236252,3800232,3738193,89.8822000116367,88.4148680680811,83
-7.6926,53.28823,2021/10/21 23:00:00+00,Fri 22 Oct 2021,1465,1880,0,3565445,3503821,236252,3801697,3740073,89.9168498495984,88.4593333891515,84
-7.6926,53.28823,2021/10/22 23:00:00+00,Sat 23 Oct 2021,1995,1657,0,3567440,3505478,236252,3803692,3741730,89.9640351238194,88.4985243662864,85
-7.6926,53.28823,2021/10/23 23:00:00+00,Sun 24 Oct 2021,1941,2170,0,3569381,3507648,236252,3805633,3743900,90.0099432026479,88.5498486996495,86
-7.6926,53.28823,2021/10/24 23:00:00+00,Mon 25 Oct 2021,1201,800,0,3570582,3508448,236252,3806834,3744700,90.0383489742465,88.568770112871,87
-7.6926,53.28823,2021/10/25 23:00:00+00,Tue 26 Oct 2021,1223,1151,5,3571805,3509599,236257,3808062,3745856,90.0673933435414,88.5961115549759,88
-7.6926,53.28823,2021/10/26 23:00:00+00,Wed 27 Oct 2021,1540,1379,4,3573345,3510978,236261,3809606,3747239,90.1039116710588,88.6288219480825,89
-7.6926,53.28823,2021/10/27 23:00:00+00,Thu 28 Oct 2021,2108,1636,2,3575453,3512614,236263,3811716,3748877,90.1538168984303,88.6675635416534,90
-7.6926,53.28823,2021/10/28 23:00:00+00,Fri 29 Oct 2021,2081,1302,0,3577534,3513916,236263,3813797,3750179,90.2030362245726,88.6983581416712,91
-7.6926,53.28823,2021/10/29 23:00:00+00,Sat 30 Oct 2021,1992,1417,0,3579526,3515333,236263,3815789,3751596,90.2501505434939,88.7318726948397,92
-7.6926,53.28823,2021/10/30 23:00:00+00,Sun 31 Oct 2021,1590,1310,0,3581116,3516643,236263,3817379,3752906,90.2877568522715,88.7628565089898,93
-7.6926,53.28823,2021/11/01 00:00:00+00,Mon 01 Nov 2021,234,227,0,3581350,3516870,236263,3817613,3753133,90.2932913656388,88.7682254599914,94
-7.6926,53.28823,2021/11/02 00:00:00+00,Tue 02 Nov 2021,1074,1043,9,3582424,3517913,236272,3818696,3754185,90.3189062287873,88.7931071183776,95
-7.6926,53.28823,2021/11/03 00:00:00+00,Wed 03 Nov 2021,2509,1757,5,3584933,3519670,236277,3821210,3755947,90.3783667698357,88.8347815309978,96
-7.6926,53.28823,2021/11/04 00:00:00+00,Thu 04 Nov 2021,1532,1197,0,3586465,3520867,236277,3822742,3757144,90.4146012761547,88.8630926955303,97
-7.6926,53.28823,2021/11/05 00:00:00+00,Fri 05 Nov 2021,1562,968,0,3588027,3521835,236277,3824304,3758112,90.4515453354696,88.8859876055283,98
-7.6926,53.28823,2021/11/06 00:00:00+00,Sat 06 Nov 2021,1813,1300,5,3589840,3523135,236282,3826122,3759417,90.4945442470153,88.9168531608457,99
-7.6926,53.28823,2021/11/07 00:00:00+00,Sun 07 Nov 2021,727,762,0,3590567,3523897,236282,3826849,3760179,90.5117390812802,88.9348758069391,100
-7.6926,53.28823,2021/11/08 00:00:00+00,Mon 08 Nov 2021,495,443,0,3591062,3524340,236282,3827344,3760622,90.523446705711,88.9453535395105,101
-7.6926,53.28823,2021/11/09 00:00:00+00,Tue 09 Nov 2021,1356,963,0,3592418,3525303,236282,3828700,3761585,90.5555185011213,88.9681301906758,102
-7.6926,53.28823,2021/11/10 00:00:00+00,Wed 10 Nov 2021,1556,1237,0,3593974,3526540,236282,3830256,3762822,90.592320649837,88.9973874258694,103
-7.6926,53.28823,2021/11/11 00:00:00+00,Thu 11 Nov 2021,1358,992,1,3595332,3527532,236283,3831615,3763815,90.6244634005469,89.0208736300306,104
-7.6926,53.28823,2021/11/12 00:00:00+00,Fri 12 Nov 2021,1062,969,5,3596394,3528501,236288,3832682,3764789,90.649699835431,89.0439104506276,105
-7.6926,53.28823,2021/11/13 00:00:00+00,Sat 13 Nov 2021,1376,1298,0,3597770,3529799,236288,3834058,3766087,90.6822446661719,89.0746104435794,106
-7.6926,53.28823,2021/11/14 00:00:00+00,Sun 14 Nov 2021,1612,1740,0,3599382,3531539,236288,3835670,3767827,90.720371313813,89.115764517336,107
-7.6926,53.28823,2021/11/15 00:00:00+00,Mon 15 Nov 2021,1171,456,0,3600553,3531995,236288,3836841,3768283,90.7480675324159,89.1265497228723,108
-7.6926,53.28823,2021/04/15 23:00:00+00,Fri 16 Apr 2021,27795,9740,1,873646,371359,18,873664,371377,20.6636969508616,8.78372209741973,109
-7.6926,53.28823,2021/04/16 23:00:00+00,Sat 17 Apr 2021,15694,4474,0,889340,375833,18,889358,375851,21.034887774733,8.88954010086059,110
-7.6926,53.28823,2021/04/17 23:00:00+00,Sun 18 Apr 2021,980,427,0,890320,376260,18,890338,376278,21.0580665059293,8.89963940516753,111
-7.6926,53.28823,2021/04/18 23:00:00+00,Mon 19 Apr 2021,6613,2167,0,896933,378427,18,896951,378445,21.2144756379709,8.95089278323109,112
-7.6926,53.28823,2021/04/19 23:00:00+00,Tue 20 Apr 2021,14908,7215,0,911841,385642,18,911859,385660,21.5670761733523,9.12154027872188,113
-7.6926,53.28823,2021/04/20 23:00:00+00,Wed 21 Apr 2021,26509,9756,0,938350,395398,18,938368,395416,22.194060852211,9.35228691295724,114
-7.6926,53.28823,2021/04/21 23:00:00+00,Thu 22 Apr 2021,31434,12069,0,969784,407467,18,969802,407485,22.9375304812141,9.63774008316907,115
-7.6926,53.28823,2021/04/22 23:00:00+00,Fri 23 Apr 2021,33393,12285,0,1003177,419752,18,1003195,419770,23.7273339208432,9.92830203495069,116
-7.6926,53.28823,2021/04/23 23:00:00+00,Sat 24 Apr 2021,23519,6919,0,1026696,426671,18,1026714,426689,24.2835998177868,10.0919486075495,117
-7.6926,53.28823,2021/04/24 23:00:00+00,Sun 25 Apr 2021,9649,240,0,1036345,426911,18,1036363,426929,24.5118157130038,10.097625031516,118
-7.6926,53.28823,2021/04/25 23:00:00+00,Mon 26 Apr 2021,15428,2935,0,1051773,429846,18,1051791,429864,24.8767151669791,10.1670429662721,119
-7.6926,53.28823,2021/04/26 23:00:00+00,Tue 27 Apr 2021,25733,7698,0,1077506,437544,18,1077524,437562,25.485346075013,10.3491142649953,120
-7.6926,53.28823,2021/04/27 23:00:00+00,Wed 28 Apr 2021,25870,8484,0,1103376,446028,18,1103394,446046,26.0972172750611,10.5497758522086,121
-7.6926,53.28823,2021/04/28 23:00:00+00,Thu 29 Apr 2021,31527,11221,0,1134903,457249,18,1134921,457267,26.8428865183512,10.8151723244057,122
-7.6926,53.28823,2021/04/29 23:00:00+00,Fri 30 Apr 2021,35912,13432,0,1170815,470681,18,1170833,470699,27.6922687578613,11.1328628523936,123
-7.6926,53.28823,2021/04/30 23:00:00+00,Sat 01 May 2021,16376,6580,0,1187191,477261,18,1187209,477279,28.079590086504,11.2884914761399,124
-7.6926,53.28823,2021/05/01 23:00:00+00,Sun 02 May 2021,12308,857,1,1199499,478118,19,1199518,478137,28.3707196806822,11.3087846918198,125
-7.6926,53.28823,2021/05/02 23:00:00+00,Mon 03 May 2021,14097,837,0,1213596,478955,19,1213615,478974,28.7041386334104,11.3285812204028,126
-7.6926,53.28823,2021/05/03 23:00:00+00,Tue 04 May 2021,26435,6681,0,1240031,485636,19,1240050,485655,29.3293730815461,11.4865986725683,127
-7.6926,53.28823,2021/05/04 23:00:00+00,Wed 05 May 2021,31848,13312,61,1271879,498948,80,1271959,499028,30.0840772996494,11.802893746331,128
-7.6926,53.28823,2021/05/05 23:00:00+00,Thu 06 May 2021,37051,14235,119,1308930,513183,199,1309129,513382,30.9632134614502,12.1423912030566,129
-7.6926,53.28823,2021/05/06 23:00:00+00,Fri 07 May 2021,40319,14939,81,1349249,528122,280,1349529,528402,31.9187448291325,12.497640736289,130
-7.6926,53.28823,2021/05/07 23:00:00+00,Sat 08 May 2021,25382,6944,2,1374631,535066,282,1374913,535348,32.5191212706486,12.661925906584,131
-7.6926,53.28823,2021/05/08 23:00:00+00,Sun 09 May 2021,19539,858,0,1394170,535924,282,1394452,536206,32.9812531368155,12.682219122264,132
-7.6926,53.28823,2021/05/09 23:00:00+00,Mon 10 May 2021,28589,4523,154,1422759,540447,436,1423195,540883,33.6610758620951,12.7928384343098,133
-7.6926,53.28823,2021/05/10 23:00:00+00,Tue 11 May 2021,34103,14701,141,1456862,555148,577,1457439,555725,34.4710069550385,13.1438779531004,134
-7.6926,53.28823,2021/05/11 23:00:00+00,Wed 12 May 2021,31022,20791,139,1487884,575939,716,1488600,576655,35.2080196517798,13.6389094265062,135
-7.6926,53.28823,2021/05/12 23:00:00+00,Thu 13 May 2021,35754,25350,131,1523638,601289,847,1524485,602136,36.0567632935936,14.2415800893753,136
-7.6926,53.28823,2021/05/13 23:00:00+00,Fri 14 May 2021,37959,27841,220,1561597,629130,1067,1562664,630197,36.95976408782,14.9052723098836,137
-7.6926,53.28823,2021/05/14 23:00:00+00,Sat 15 May 2021,28607,12332,0,1590204,641462,1067,1591271,642529,37.6363701728518,15.1969458946919,138
-7.6926,53.28823,2021/05/15 23:00:00+00,Sun 16 May 2021,23004,1104,0,1613208,642566,1067,1614275,643633,38.1804554100341,15.2230574449375,139
-7.6926,53.28823,2021/05/16 23:00:00+00,Mon 17 May 2021,35164,3847,100,1648372,646413,1167,1649539,647580,39.0145113048348,15.3164109674187,140
-7.6926,53.28823,2021/05/17 23:00:00+00,Tue 18 May 2021,38772,12343,108,1687144,658756,1275,1688419,660031,39.9340919873964,15.6108991124438,141
-7.6926,53.28823,2021/05/18 23:00:00+00,Wed 19 May 2021,36755,17457,193,1723899,676213,1468,1725367,677681,40.8079774570283,16.0283527916417,142
-7.6926,53.28823,2021/05/19 23:00:00+00,Thu 20 May 2021,38797,19494,107,1762696,695707,1575,1764271,697282,41.7281257819865,16.4919510673333,143
-7.6926,53.28823,2021/05/20 23:00:00+00,Fri 21 May 2021,25566,23056,14908,1788262,718763,16483,1804745,735246,42.6854073803918,17.3898667317563,144
-7.6926,53.28823,2021/05/21 23:00:00+00,Sat 22 May 2021,16367,10129,13488,1804629,728892,29971,1834600,758863,43.3915308700492,17.9484505018195,145
-7.6926,53.28823,2021/05/22 23:00:00+00,Sun 23 May 2021,8058,5461,10189,1812687,734353,40160,1852847,774513,43.8231046538635,18.3186006479638,146
-7.6926,53.28823,2021/05/23 23:00:00+00,Mon 24 May 2021,22293,8077,8425,1834980,742430,48585,1883565,791015,44.5496396180334,18.7089020991889,147
-7.6926,53.28823,2021/05/24 23:00:00+00,Tue 25 May 2021,30045,16333,3205,1865025,758763,51790,1916815,810553,45.3360608550492,19.1710103135893,148
-7.6926,53.28823,2021/05/25 23:00:00+00,Wed 26 May 2021,19659,25256,3025,1884684,784019,54815,1939499,838834,45.8725775269429,19.8399059227335,149
-7.6926,53.28823,2021/05/26 23:00:00+00,Thu 27 May 2021,16712,35811,539,1901396,819830,55354,1956750,875184,46.2805941512966,20.6996476359823,150
-7.6926,53.28823,2021/05/27 23:00:00+00,Fri 28 May 2021,26738,31683,1513,1928134,851513,56867,1985001,908380,46.9487802074449,21.4847916776056,151
-7.6926,53.28823,2021/05/28 23:00:00+00,Sat 29 May 2021,24240,7286,493,1952374,858799,57360,2009734,916159,47.533759348952,21.6687787694175,152
-7.6926,53.28823,2021/05/29 23:00:00+00,Sun 30 May 2021,24071,1594,181,1976445,860393,57541,2033986,917934,48.1073619907597,21.7107606550026,153
-7.6926,53.28823,2021/05/30 23:00:00+00,Mon 31 May 2021,22266,7188,3409,1998711,867581,60950,2059661,928531,48.7146210963351,21.961398424887,154
-7.6926,53.28823,2021/05/31 23:00:00+00,Tue 01 Jun 2021,27154,11321,3615,2025865,878902,64565,2090430,943467,49.4423623005979,22.3146612097311,155
-7.6926,53.28823,2021/06/01 23:00:00+00,Wed 02 Jun 2021,18355,20719,3970,2044220,899621,68535,2112755,968156,49.9703879883085,22.898599673511,156
-7.6926,53.28823,2021/06/02 23:00:00+00,Thu 03 Jun 2021,16412,30517,1951,2060632,930138,70486,2131118,1000624,50.4047053770399,23.6665252291028,157
-7.6926,53.28823,2021/06/03 23:00:00+00,Fri 04 Jun 2021,28708,23137,111,2089340,953275,70597,2159937,1023872,51.0863256365755,24.2163814973177,158
-7.6926,53.28823,2021/06/04 23:00:00+00,Sat 05 Jun 2021,20679,11335,1,2110019,964610,70598,2180617,1035208,51.5754441683495,24.4844979226653,159
-7.6926,53.28823,2021/06/05 23:00:00+00,Sun 06 Jun 2021,19732,3787,7,2129751,968397,70605,2200356,1039002,52.0423063878218,24.574232724868,160
-7.6926,53.28823,2021/06/06 23:00:00+00,Mon 07 Jun 2021,19522,4374,0,2149273,972771,70605,2219878,1043376,52.5040361739578,24.6776855516562,161
-7.6926,53.28823,2021/06/07 23:00:00+00,Tue 08 Jun 2021,26250,18310,10,2175523,991081,70615,2246138,1061696,53.1251315629513,25.110985914427,162
-7.6926,53.28823,2021/06/08 23:00:00+00,Wed 09 Jun 2021,32572,19885,141,2208095,1010966,70756,2278851,1081722,53.8988518013422,25.5846361908925,163
-7.6926,53.28823,2021/06/09 23:00:00+00,Thu 10 Jun 2021,27400,27272,234,2235495,1038238,70990,2306485,1109228,54.5524447175435,26.2352016809783,164
-7.6926,53.28823,2021/06/10 23:00:00+00,Fri 11 Jun 2021,26179,32685,0,2261674,1070923,70990,2332664,1141913,55.1716243134483,27.0082596699065,165
-7.6926,53.28823,2021/06/11 23:00:00+00,Sat 12 Jun 2021,11943,19508,75,2273617,1090431,71065,2344682,1161496,55.4558712435673,27.4714322138006,166
-7.6926,53.28823,2021/06/12 23:00:00+00,Sun 13 Jun 2021,8396,18043,807,2282013,1108474,71872,2353885,1180346,55.6735384509134,27.9172680128306,167
-7.6926,53.28823,2021/06/13 23:00:00+00,Mon 14 Jun 2021,15768,31052,9,2297781,1139526,71881,2369662,1211407,56.0466923714065,28.6519155329192,168
-7.6926,53.28823,2021/06/14 23:00:00+00,Tue 15 Jun 2021,14413,41246,175,2312194,1180772,72056,2384250,1252828,56.3917243414993,29.6315953542254,169
-7.6926,53.28823,2021/06/15 23:00:00+00,Wed 16 Jun 2021,13147,48061,190,2325341,1228833,72246,2397587,1301079,56.7071679516671,30.7728167409096,170
-7.6926,53.28823,2021/06/16 23:00:00+00,Thu 17 Jun 2021,21265,42358,497,2346606,1271191,72743,2419349,1343934,57.2218776948232,31.7864131954152,171
-7.6926,53.28823,2021/06/17 23:00:00+00,Fri 18 Jun 2021,11791,49765,521,2358397,1320956,73264,2431661,1394220,57.513078244301,32.9757659269813,172
-7.6926,53.28823,2021/06/18 23:00:00+00,Sat 19 Jun 2021,6065,32580,400,2364462,1353536,73664,2438126,1427200,57.6659869148967,33.7558011870349,173
-7.6926,53.28823,2021/06/19 23:00:00+00,Sun 20 Jun 2021,8339,25990,158,2372801,1379526,73822,2446623,1453348,57.8669559750748,34.3742475781774,174
-7.6926,53.28823,2021/06/20 23:00:00+00,Mon 21 Jun 2021,15210,32078,532,2388011,1411604,74354,2462365,1485958,58.2392820837396,35.145531684616,175
-7.6926,53.28823,2021/06/21 23:00:00+00,Tue 22 Jun 2021,14875,43283,685,2402886,1454887,75039,2477925,1529926,58.6073035708964,36.1854525552659,176
-7.6926,53.28823,2021/06/22 23:00:00+00,Wed 23 Jun 2021,19793,39081,846,2422679,1493968,75885,2498564,1569853,59.0954523802428,37.129796637381,177
-7.6926,53.28823,2021/06/23 23:00:00+00,Thu 24 Jun 2021,18780,43971,998,2441459,1537939,76883,2518342,1614822,59.5632370186097,38.1933929263243,178
-7.6926,53.28823,2021/06/24 23:00:00+00,Fri 25 Jun 2021,14923,49842,782,2456382,1587781,77665,2534047,1665446,59.9346880119129,39.3907399549765,179
-7.6926,53.28823,2021/06/25 23:00:00+00,Sat 26 Jun 2021,8796,30286,450,2465178,1618067,78115,2543293,1696182,60.1533722452196,40.1177006509439,180
-7.6926,53.28823,2021/06/26 23:00:00+00,Sun 27 Jun 2021,8564,30267,31,2473742,1648334,78146,2551888,1726480,60.3566591785174,40.8343018731726,181
-7.6926,53.28823,2021/06/27 23:00:00+00,Mon 28 Jun 2021,23987,24357,448,2497729,1672691,78594,2576323,1751285,60.9345900935995,41.4209839418696,182
-7.6926,53.28823,2021/06/28 23:00:00+00,Tue 29 Jun 2021,27850,30684,753,2525579,1703375,79347,2604926,1782722,61.6111015715653,42.1645245261723,183
-7.6926,53.28823,2021/06/29 23:00:00+00,Wed 30 Jun 2021,22246,36486,528,2547825,1739861,79875,2627700,1819736,62.1497469024464,43.0399710123949,184
-7.6926,53.28823,2021/06/30 23:00:00+00,Thu 01 Jul 2021,14582,48028,580,2562407,1787889,80455,2642862,1868344,62.5083549865256,44.1896360797292,185
-7.6926,53.28823,2021/07/01 23:00:00+00,Fri 02 Jul 2021,13337,46929,766,2575744,1834818,81221,2656965,1916039,62.8419158498529,45.3177070842244,186
-7.6926,53.28823,2021/07/02 23:00:00+00,Sat 03 Jul 2021,9091,30150,455,2584835,1864968,81676,2666511,1946644,63.0676956131176,46.0415693987768,187
-7.6926,53.28823,2021/07/03 23:00:00+00,Sun 04 Jul 2021,6276,27622,195,2591111,1892590,81871,2672982,1974461,63.2207461943125,46.6994905882525,188
-7.6926,53.28823,2021/07/04 23:00:00+00,Mon 05 Jul 2021,15230,33048,5302,2606341,1925638,87173,2693514,2012811,63.7063642646406,47.6065358345549,189
-7.6926,53.28823,2021/07/05 23:00:00+00,Tue 06 Jul 2021,12110,48057,5432,2618451,1973695,92605,2711056,2066300,64.1212635530535,48.8716451743064,190
-7.6926,53.28823,2021/07/06 23:00:00+00,Wed 07 Jul 2021,19412,43390,4985,2637863,2017085,97590,2735453,2114675,64.6982957010076,50.0157993800399,191
-7.6926,53.28823,2021/07/07 23:00:00+00,Thu 08 Jul 2021,17523,45276,5941,2655386,2062361,103531,2758917,2165892,65.2532607507922,51.2271719062425,192
-7.6926,53.28823,2021/07/08 23:00:00+00,Fri 09 Jul 2021,13279,44766,6492,2668665,2107127,110023,2778688,2217150,65.7208798267934,52.4395141548727,193
-7.6926,53.28823,2021/07/09 23:00:00+00,Sat 10 Jul 2021,8414,23566,4315,2677079,2130693,114338,2791417,2245031,66.0219431629129,53.0989490574062,194
-7.6926,53.28823,2021/07/10 23:00:00+00,Sun 11 Jul 2021,15092,15934,2128,2692171,2146627,116466,2808637,2263093,66.4292265825042,53.526147264413,195
-7.6926,53.28823,2021/07/11 23:00:00+00,Mon 12 Jul 2021,16913,31405,6033,2709084,2178032,122499,2831583,2300531,66.971940017228,54.411622099643,196
-7.6926,53.28823,2021/07/12 23:00:00+00,Tue 13 Jul 2021,19882,36191,8442,2728966,2214223,130941,2859907,2345164,67.6418526523327,55.4672713950332,197
-7.6926,53.28823,2021/07/13 23:00:00+00,Wed 14 Jul 2021,20578,35310,9279,2749544,2249533,140220,2889764,2389753,68.3480234455231,56.5218800126963,198
-7.6926,53.28823,2021/07/14 23:00:00+00,Thu 15 Jul 2021,23380,28445,9520,2772924,2277978,149740,2922664,2427718,69.1261665642545,57.4198193288859,199
-7.6926,53.28823,2021/07/15 23:00:00+00,Fri 16 Jul 2021,23327,27012,9110,2796251,2304990,158850,2955101,2463840,69.893358915084,58.2741684393666,200
-7.6926,53.28823,2021/07/16 23:00:00+00,Sat 17 Jul 2021,11354,19115,4629,2807605,2324105,163479,2971084,2487584,70.2713850994817,58.8357559837787,201
-7.6926,53.28823,2021/07/17 23:00:00+00,Sun 18 Jul 2021,16737,15593,1907,2824342,2339698,165386,2989728,2505084,70.7123486346072,59.2496618979975,202
-7.6926,53.28823,2021/07/18 23:00:00+00,Mon 19 Jul 2021,24657,18057,6188,2848999,2357755,171574,3020573,2529329,71.441887373126,59.8230989774395,203
-7.6926,53.28823,2021/07/19 23:00:00+00,Tue 20 Jul 2021,30370,17752,7648,2879369,2375507,179222,3058591,2554729,72.3410802329415,60.42385384722,204
-7.6926,53.28823,2021/07/20 23:00:00+00,Wed 21 Jul 2021,30091,19459,6826,2909460,2394966,186048,3095508,2581014,73.214232497811,61.0455405303767,205
-7.6926,53.28823,2021/07/21 23:00:00+00,Thu 22 Jul 2021,33322,15549,6872,2942782,2410515,192920,3135702,2603435,74.1648916015888,61.5758367876738,206
-7.6926,53.28823,2021/07/22 23:00:00+00,Fri 23 Jul 2021,26903,20443,5544,2969685,2430958,198464,3168149,2629422,74.9323204700836,62.1904752444055,207
-7.6926,53.28823,2021/07/23 23:00:00+00,Sat 24 Jul 2021,15304,14490,2203,2984989,2445448,200667,3185656,2646115,75.3463919466681,62.5852941830372,208
-7.6926,53.28823,2021/07/24 23:00:00+00,Sun 25 Jul 2021,14625,13452,1016,2999614,2458900,201683,3201297,2660583,75.7163292269136,62.9274879411468,209
-7.6926,53.28823,2021/07/25 23:00:00+00,Mon 26 Jul 2021,23666,17810,3399,3023280,2476710,205082,3228362,2681792,76.3564642879612,63.4291182574135,210
-7.6926,53.28823,2021/07/26 23:00:00+00,Tue 27 Jul 2021,25289,23438,3605,3048569,2500148,208687,3257256,2708835,77.0398584299863,64.0687329795975,211
-7.6926,53.28823,2021/07/27 23:00:00+00,Wed 28 Jul 2021,23258,24908,3225,3071827,2525056,211912,3283739,2736968,77.6662281629153,64.7341281272957,212
-7.6926,53.28823,2021/07/28 23:00:00+00,Thu 29 Jul 2021,19113,27493,2920,3090940,2552549,214832,3305772,2767381,78.1873475348,65.453449302675,213
-7.6926,53.28823,2021/07/29 23:00:00+00,Fri 30 Jul 2021,21764,22544,2079,3112704,2575093,216911,3329615,2792004,78.7512766040983,66.0358267498641,214
-7.6926,53.28823,2021/07/30 23:00:00+00,Sat 31 Jul 2021,13622,12183,883,3126326,2587276,217794,3344120,2805070,79.0943454775694,66.3448607313032,215
-7.6926,53.28823,2020/12/28 00:00:00+00,Mon 28 Dec 2020,94,6,5,94,6,5,99,11,0.00234152488615222,0.000260169431794691,216
-7.6926,53.28823,2020/12/29 00:00:00+00,Tue 29 Dec 2020,64,1,0,158,7,5,163,12,0.00385523794386679,0.000283821198321481,217
-7.6926,53.28823,2020/12/30 00:00:00+00,Wed 30 Dec 2020,1038,0,0,1196,7,5,1201,12,0.0284057715986749,0.000283821198321481,218
-7.6926,53.28823,2020/12/31 00:00:00+00,Thu 31 Dec 2020,1015,1,0,2211,8,5,2216,13,0.0524123146233669,0.000307472964848272,219
-7.6926,53.28823,2021/01/01 00:00:00+00,Fri 01 Jan 2021,782,0,0,2993,8,5,2998,13,0.0709079960473168,0.000307472964848272,220
-7.6926,53.28823,2021/01/02 00:00:00+00,Sat 02 Jan 2021,1005,0,0,3998,8,5,4003,13,0.0946780214067409,0.000307472964848272,221
-7.6926,53.28823,2021/01/03 00:00:00+00,Sun 03 Jan 2021,10,0,0,4008,8,5,4013,13,0.0949145390720087,0.000307472964848272,222
-7.6926,53.28823,2021/01/04 00:00:00+00,Mon 04 Jan 2021,1162,1,0,5170,9,5,5175,14,0.122397891776139,0.000331124731375062,223
-7.6926,53.28823,2021/01/05 00:00:00+00,Tue 05 Jan 2021,3482,3,0,8652,12,5,8657,17,0.204753342822422,0.000402080030955432,224
-7.6926,53.28823,2021/01/06 00:00:00+00,Wed 06 Jan 2021,6729,2,0,15381,14,5,15386,19,0.363906079781193,0.000449383564009012,225
-7.6926,53.28823,2021/01/07 00:00:00+00,Thu 07 Jan 2021,11685,0,0,27066,14,5,27071,19,0.640276971646735,0.000449383564009012,226
-7.6926,53.28823,2021/01/08 00:00:00+00,Fri 08 Jan 2021,12643,0,0,39709,14,5,39714,19,0.939306255844943,0.000449383564009012,227
-7.6926,53.28823,2021/01/09 00:00:00+00,Sat 09 Jan 2021,8047,0,0,47756,14,5,47761,19,1.12963202108602,0.000449383564009012,228
-7.6926,53.28823,2021/01/10 00:00:00+00,Sun 10 Jan 2021,4749,0,1,52505,14,6,52511,20,1.24197791208828,0.000473035330535802,229
-7.6926,53.28823,2021/01/11 00:00:00+00,Mon 11 Jan 2021,8307,3,0,60812,17,6,60818,23,1.43845313662632,0.000543990630116173,230
-7.6926,53.28823,2021/01/12 00:00:00+00,Tue 12 Jan 2021,8823,0,0,69635,17,6,69641,23,1.64713267269219,0.000543990630116173,231
-7.6926,53.28823,2021/01/13 00:00:00+00,Wed 13 Jan 2021,9818,2,0,79453,19,6,79459,25,1.87934571645222,0.000591294163169753,232
-7.6926,53.28823,2021/01/14 00:00:00+00,Thu 14 Jan 2021,8018,1,0,87471,20,6,87477,26,2.06898558046402,0.000614945929696543,233
-7.6926,53.28823,2021/01/15 00:00:00+00,Fri 15 Jan 2021,7621,2,0,95092,22,6,95098,28,2.24923569316469,0.000662249462750123,234
-7.6926,53.28823,2021/01/16 00:00:00+00,Sat 16 Jan 2021,5194,1,0,100286,23,6,100292,29,2.37208296850483,0.000685901229276913,235
-7.6926,53.28823,2021/01/17 00:00:00+00,Sun 17 Jan 2021,1091,1,0,101377,24,6,101383,30,2.39788704578556,0.000709552995803704,236
-7.6926,53.28823,2021/01/18 00:00:00+00,Mon 18 Jan 2021,8648,2,0,110025,26,6,110031,32,2.60242752270924,0.000756856528857284,237
-7.6926,53.28823,2021/01/19 00:00:00+00,Tue 19 Jan 2021,8329,11,0,118354,37,6,118360,43,2.79942308611088,0.00101702596065198,238
-7.6926,53.28823,2021/01/20 00:00:00+00,Wed 20 Jan 2021,8394,951,0,126748,988,6,126754,994,2.99795601433675,0.0235098559276294,239
-7.6926,53.28823,2021/01/21 00:00:00+00,Thu 21 Jan 2021,8921,953,0,135669,1941,6,135675,1947,3.20895342352225,0.0460499894276604,240
-7.6926,53.28823,2021/01/22 00:00:00+00,Fri 22 Jan 2021,6706,960,0,142375,2901,6,142381,2907,3.3675621698509,0.0687556852933789,241
-7.6926,53.28823,2021/01/23 00:00:00+00,Sat 23 Jan 2021,4135,456,0,146510,3357,6,146516,3363,3.46536222443918,0.0795408908295952,242
-7.6926,53.28823,2021/01/24 00:00:00+00,Sun 24 Jan 2021,1156,392,0,147666,3749,6,147672,3755,3.49270366654415,0.0888123833080969,243
-7.6926,53.28823,2021/01/25 00:00:00+00,Mon 25 Jan 2021,1311,1278,0,148977,5027,6,148983,5033,3.52371113246077,0.119039340929335,244
-7.6926,53.28823,2021/01/26 00:00:00+00,Tue 26 Jan 2021,965,3490,0,149942,8517,6,149948,8523,3.54653508715912,0.201584006107832,245
-7.6926,53.28823,2021/01/27 00:00:00+00,Wed 27 Jan 2021,2118,6687,0,152060,15204,6,152066,15210,3.59662952866287,0.359743368872478,246
-7.6926,53.28823,2021/01/28 00:00:00+00,Thu 28 Jan 2021,934,11530,0,152994,26734,6,153000,26740,3.61872027859889,0.632448236926368,247
-7.6926,53.28823,2021/01/29 00:00:00+00,Fri 29 Jan 2021,1520,11515,0,154514,38249,6,154520,38255,3.65467096371961,0.904798328482356,248
-7.6926,53.28823,2021/01/30 00:00:00+00,Sat 30 Jan 2021,588,7786,0,155102,46035,6,155108,46041,3.66857820243736,1.08895098265994,249
-7.6926,53.28823,2021/01/31 00:00:00+00,Sun 31 Jan 2021,191,4078,0,155293,50113,6,155299,50119,3.67309568984398,1.18540288655619,250
-7.6926,53.28823,2021/02/01 00:00:00+00,Mon 01 Feb 2021,959,8316,0,156252,58429,6,156258,58435,3.69577773394317,1.38209097699298,251
-7.6926,53.28823,2021/02/02 00:00:00+00,Tue 02 Feb 2021,770,5079,0,157022,63508,6,157028,63514,3.7139895941688,1.50221829918255,252
-7.6926,53.28823,2021/02/03 00:00:00+00,Wed 03 Feb 2021,1345,6843,0,158367,70351,6,158373,70357,3.74580122014733,1.66406733752537,253
-7.6926,53.28823,2021/02/04 00:00:00+00,Thu 04 Feb 2021,1371,10517,0,159738,80868,6,159744,80874,3.77822779205556,1.91281296608762,254
-7.6926,53.28823,2021/02/05 00:00:00+00,Fri 05 Feb 2021,3337,8585,0,163075,89453,6,163081,89459,3.85715373695546,2.11586338172012,255
-7.6926,53.28823,2021/02/06 00:00:00+00,Sat 06 Feb 2021,859,3855,0,163934,93308,6,163940,93314,3.87747060440197,2.20704094168089,256
-7.6926,53.28823,2021/02/07 00:00:00+00,Sun 07 Feb 2021,294,1287,0,164228,94595,6,164234,94601,3.88442422376085,2.23748076520087,257
-7.6926,53.28823,2021/02/08 00:00:00+00,Mon 08 Feb 2021,1105,865,0,165333,95460,6,165339,95466,3.91055942577295,2.25793954324655,258
-7.6926,53.28823,2021/02/09 00:00:00+00,Tue 09 Feb 2021,4172,515,0,169505,95975,6,169511,95981,4.00923459572272,2.27012020300784,259
-7.6926,53.28823,2021/02/10 00:00:00+00,Wed 10 Feb 2021,8772,567,0,178277,96542,6,178283,96548,4.21670789169572,2.28353075462853,260
-7.6926,53.28823,2021/02/11 00:00:00+00,Thu 11 Feb 2021,6105,420,0,184382,96962,6,184388,96968,4.36110192634178,2.29346449656978,261
-7.6926,53.28823,2021/02/12 00:00:00+00,Fri 12 Feb 2021,4343,509,0,188725,97471,6,188731,97477,4.46382154836763,2.30550324573192,262
-7.6926,53.28823,2021/02/13 00:00:00+00,Sat 13 Feb 2021,1164,1906,0,189889,99377,6,189895,99383,4.49135220460481,2.35058351273198,263
-7.6926,53.28823,2021/02/14 00:00:00+00,Sun 14 Feb 2021,2660,16,0,192549,99393,6,192555,99399,4.55426590356607,2.35096194099641,264
-7.6926,53.28823,2021/02/15 00:00:00+00,Mon 15 Feb 2021,1902,7858,0,194451,107251,6,194457,107257,4.59925156350003,2.53681752236393,265
-7.6926,53.28823,2021/02/16 00:00:00+00,Tue 16 Feb 2021,5583,8128,0,200034,115379,6,200040,115385,4.7312993760191,2.72905908069368,266
-7.6926,53.28823,2021/02/17 00:00:00+00,Wed 17 Feb 2021,9675,8442,0,209709,123821,6,209715,123827,4.96013021716579,2.92872729371284,267
-7.6926,53.28823,2021/02/18 00:00:00+00,Thu 18 Feb 2021,8405,8311,0,218114,132132,6,218120,132138,5.15892331482346,3.12529712531699,268
-7.6926,53.28823,2021/02/19 00:00:00+00,Fri 19 Feb 2021,9338,6554,0,227452,138686,6,227458,138692,5.37978351065063,3.28031080313358,269
-7.6926,53.28823,2021/02/20 00:00:00+00,Sat 20 Feb 2021,5835,3551,1,233287,142237,7,233294,142244,5.51781522010097,3.36432187783673,270
-7.6926,53.28823,2021/02/21 00:00:00+00,Sun 21 Feb 2021,1070,1014,2,234357,143251,9,234366,143260,5.54316991381769,3.38835207262795,271
-7.6926,53.28823,2021/02/22 00:00:00+00,Mon 22 Feb 2021,3891,1088,0,238248,144339,9,238257,144348,5.63519893737343,3.4140851946091,272
-7.6926,53.28823,2021/02/23 00:00:00+00,Tue 23 Feb 2021,13303,1043,0,251551,145382,9,251560,145391,5.94983838747932,3.43875398709654,273
-7.6926,53.28823,2021/02/24 00:00:00+00,Wed 24 Feb 2021,16855,2068,1,268406,147450,10,268416,147460,6.3485125640549,3.48768949204047,274
-7.6926,53.28823,2021/02/25 00:00:00+00,Thu 25 Feb 2021,17983,1723,0,286389,149173,10,286399,149183,6.77384228150616,3.52844148576613,275
-7.6926,53.28823,2021/02/26 00:00:00+00,Fri 26 Feb 2021,15993,2728,0,302382,151901,10,302392,151911,7.15210498356912,3.59296350485121,276
-7.6926,53.28823,2021/02/27 00:00:00+00,Sat 27 Feb 2021,8922,695,0,311304,152596,10,311314,152606,7.36312604452114,3.60940148258733,277
-7.6926,53.28823,2021/02/28 00:00:00+00,Sun 28 Feb 2021,2407,44,0,313711,152640,10,313721,152650,7.42005584655112,3.61044216031451,278
-7.6926,53.28823,2021/03/01 00:00:00+00,Mon 01 Mar 2021,5510,770,0,319221,153410,10,319231,153420,7.55037708011374,3.62865402054014,279
-7.6926,53.28823,2021/03/02 00:00:00+00,Tue 02 Mar 2021,12093,1577,0,331314,154987,10,331324,154997,7.83639789272221,3.66595285635289,280
-7.6926,53.28823,2021/03/03 00:00:00+00,Wed 03 Mar 2021,12742,1465,0,344056,156452,10,344066,156462,8.13776870180657,3.70060269431464,281
-7.6926,53.28823,2021/03/04 00:00:00+00,Thu 04 Mar 2021,18609,1662,0,362665,158114,10,362675,158124,8.57790442510361,3.73991193028216,282
-7.6926,53.28823,2021/03/05 00:00:00+00,Fri 05 Mar 2021,18332,2371,0,380997,160485,10,381007,160495,9.01148860907272,3.79599026871718,283
-7.6926,53.28823,2021/03/06 00:00:00+00,Sat 06 Mar 2021,10294,116,0,391291,160601,10,391301,160611,9.2549598936995,3.79873387363429,284
-7.6926,53.28823,2021/03/07 00:00:00+00,Sun 07 Mar 2021,1466,3,0,392757,160604,10,392767,160614,9.28963338342777,3.79880482893387,285
-7.6926,53.28823,2021/03/08 00:00:00+00,Mon 08 Mar 2021,6556,1459,0,399313,162063,10,399323,162073,9.44469436477741,3.83331275629646,286
-7.6926,53.28823,2021/03/09 00:00:00+00,Tue 09 Mar 2021,13680,3069,0,412993,165132,10,413003,165142,9.7682505308639,3.90590002776717,287
-7.6926,53.28823,2021/03/10 00:00:00+00,Wed 10 Mar 2021,13590,3945,0,426583,169077,10,426593,169087,10.089678037963,3.99920624671536,288
-7.6926,53.28823,2021/03/11 00:00:00+00,Thu 11 Mar 2021,18316,2063,0,444899,171140,10,444909,171150,10.5228837936677,4.04799984106013,289
-7.6926,53.28823,2021/03/12 00:00:00+00,Fri 12 Mar 2021,17185,1307,1,462084,172447,11,462095,172458,10.9293630531971,4.07893635167717,290
-7.6926,53.28823,2021/03/13 00:00:00+00,Sat 13 Mar 2021,8184,148,0,470268,172595,11,470279,172606,11.1229291104523,4.08243681312314,291
-7.6926,53.28823,2021/03/14 00:00:00+00,Sun 14 Mar 2021,315,4,0,470583,172599,11,470594,172610,11.1303794169083,4.08253142018924,292
-7.6926,53.28823,2021/03/15 00:00:00+00,Mon 15 Mar 2021,2511,958,0,473094,173557,11,473105,173568,11.189769002657,4.10518981252191,293
-7.6926,53.28823,2021/03/16 00:00:00+00,Tue 16 Mar 2021,8811,3775,0,481905,177332,11,481916,177343,11.3981647175246,4.19447523116054,294
-7.6926,53.28823,2021/03/17 00:00:00+00,Wed 17 Mar 2021,4788,2378,0,486693,179710,11,486704,179721,11.5114093756549,4.25071913196125,295
-7.6926,53.28823,2021/03/18 00:00:00+00,Thu 18 Mar 2021,11564,4640,0,498257,184350,11,498268,184361,11.7849184037707,4.36046332864555,296
-7.6926,53.28823,2021/03/19 00:00:00+00,Fri 19 Mar 2021,10190,6075,1,508447,190425,12,508459,190437,12.0259535564452,4.50417146206233,297
-7.6926,53.28823,2021/03/20 00:00:00+00,Sat 20 Mar 2021,5088,3079,0,513535,193504,12,513547,193516,12.1462937445335,4.57699525119832,298
-7.6926,53.28823,2021/03/21 00:00:00+00,Sun 21 Mar 2021,3526,38,0,517061,193542,12,517073,193554,12.2296898733069,4.57789401832633,299
-7.6926,53.28823,2021/03/22 00:00:00+00,Mon 22 Mar 2021,7272,2359,0,524333,195901,12,524345,195913,12.4016855194898,4.63368853556303,300
-7.6926,53.28823,2021/03/23 00:00:00+00,Tue 23 Mar 2021,12390,7338,0,536723,203239,12,536735,203251,12.6947309067567,4.80724519833662,301
-7.6926,53.28823,2021/03/24 00:00:00+00,Wed 24 Mar 2021,13471,9725,0,550194,212964,12,550206,212976,13.0133438536391,5.03725862780965,302
-7.6926,53.28823,2021/03/25 00:00:00+00,Thu 25 Mar 2021,20699,10169,0,570893,223133,12,570905,223145,13.5029117689771,5.27777344162058,303
-7.6926,53.28823,2021/03/26 00:00:00+00,Fri 26 Mar 2021,19530,9408,0,590423,232541,12,590435,232553,13.9648307692453,5.50028926110462,304
-7.6926,53.28823,2021/03/27 00:00:00+00,Sat 27 Mar 2021,11583,5284,1,602006,237825,13,602019,237838,14.2388128326917,5.62528884719871,305
-7.6926,53.28823,2021/03/28 00:00:00+00,Sun 28 Mar 2021,2400,458,0,604406,238283,13,604419,238296,14.295577072356,5.63612135626798,306
-7.6926,53.28823,2021/03/28 23:00:00+00,Mon 29 Mar 2021,9119,3055,0,613525,241338,13,613538,241351,14.5112575313138,5.70837750300732,307
-7.6926,53.28823,2021/03/29 23:00:00+00,Tue 30 Mar 2021,13172,8593,1,626697,249931,14,626711,249945,14.8228222517712,5.91164078453856,308
-7.6926,53.28823,2021/03/30 23:00:00+00,Wed 31 Mar 2021,15613,10404,0,642310,260335,14,642324,260349,15.1920972825539,6.15771376348328,309
-7.6926,53.28823,2021/03/31 23:00:00+00,Thu 01 Apr 2021,19522,11518,0,661832,271853,14,661846,271867,15.6538270686899,6.43013481033885,310
-7.6926,53.28823,2021/04/01 23:00:00+00,Fri 02 Apr 2021,19984,13662,0,681816,285515,14,681830,285529,16.1264839709613,6.75326524462786,311
-7.6926,53.28823,2021/04/02 23:00:00+00,Sat 03 Apr 2021,7403,4577,0,689219,290092,14,689233,290106,16.3015779985591,6.86151938002098,312
-7.6926,53.28823,2021/04/03 23:00:00+00,Sun 04 Apr 2021,2924,143,0,692143,290235,14,692157,290249,16.3707357638835,6.86490158263431,313
-7.6926,53.28823,2021/04/04 23:00:00+00,Mon 05 Apr 2021,3312,561,0,695455,290796,14,695469,290810,16.4490704146202,6.87817022365583,314
-7.6926,53.28823,2021/04/05 23:00:00+00,Tue 06 Apr 2021,11815,8090,0,707270,298886,14,707284,298900,16.7285160361342,7.06951301485757,315
-7.6926,53.28823,2021/04/06 23:00:00+00,Wed 07 Apr 2021,18159,10392,0,725429,309278,14,725443,309292,17.1580084644942,7.31530217260397,316
-7.6926,53.28823,2021/04/07 23:00:00+00,Thu 08 Apr 2021,19992,10468,0,745421,319746,14,745435,319760,17.6308545808978,7.56288886460641,317
-7.6926,53.28823,2021/04/08 23:00:00+00,Fri 09 Apr 2021,20528,9070,0,765949,328816,14,765963,328830,18.1163780441597,7.7774103870044,318
-7.6926,53.28823,2021/04/09 23:00:00+00,Sat 10 Apr 2021,10999,4112,1,776948,332928,15,776963,332943,18.3765474759544,7.87469010272908,319
-7.6926,53.28823,2021/04/10 23:00:00+00,Sun 11 Apr 2021,2768,301,0,779716,333229,15,779731,333244,18.4420155657006,7.88180928445365,320
-7.6926,53.28823,2021/04/11 23:00:00+00,Mon 12 Apr 2021,7640,2701,1,787356,335930,16,787372,335946,18.6227387137318,7.94571635760903,321
-7.6926,53.28823,2021/04/12 23:00:00+00,Tue 13 Apr 2021,11369,8490,0,798725,344420,16,798741,344436,18.8916356473749,8.14651985542148,322
-7.6926,53.28823,2021/04/13 23:00:00+00,Wed 14 Apr 2021,20182,6506,1,818907,350926,17,818924,350943,19.3689992511851,8.3004219002113,323
