X,Y,VaccinationDate,VaccineText,Dose1,Dose2,SingleDose,Dose1Cum,Dose2Cum,SingleDoseCum,PartiallyVacc,FullyVacc,PartialPercent,FullyPercent,ObjectId
-7.6926,53.28823,2021/08/20 23:00:00+00,Sat 21 Aug 2021,11893,7977,246,3418086,3044972,235104,3653190,3280076,77.5804236524527,69.6568439342718,1
-7.6926,53.28823,2021/08/21 23:00:00+00,Sun 22 Aug 2021,8004,12251,161,3426090,3057223,235265,3661355,3292488,77.7538184551107,69.9204295179327,2
-7.6926,53.28823,2021/08/22 23:00:00+00,Mon 23 Aug 2021,10868,15380,290,3436958,3072603,235555,3672513,3308158,77.9907736551178,70.253203131852,3
-7.6926,53.28823,2021/08/23 23:00:00+00,Tue 24 Aug 2021,9711,22923,384,3446669,3095526,235939,3682608,3331465,78.205154614436,70.748158755312,4
-7.6926,53.28823,2021/08/24 23:00:00+00,Wed 25 Aug 2021,9414,19527,315,3456083,3115053,236254,3692337,3351307,78.4117630694342,71.1695304239391,5
-7.6926,53.28823,2021/08/25 23:00:00+00,Thu 26 Aug 2021,8585,19443,369,3464668,3134496,236623,3701291,3371119,78.6019133527165,71.5902650020482,6
-7.6926,53.28823,2021/08/26 23:00:00+00,Fri 27 Aug 2021,9725,19211,432,3474393,3153707,237055,3711448,3390762,78.8176109657719,72.0074106369058,7
-7.6926,53.28823,2021/08/27 23:00:00+00,Sat 28 Aug 2021,9920,7922,153,3484313,3161629,237208,3721521,3398837,79.0315247253768,72.1788941680097,8
-7.6926,53.28823,2021/08/28 23:00:00+00,Sun 29 Aug 2021,8800,9188,30,3493113,3170817,237238,3730351,3408055,79.2190417011846,72.3746508478507,9
-7.6926,53.28823,2021/08/29 23:00:00+00,Mon 30 Aug 2021,5061,11136,84,3498174,3181953,237322,3735496,3419275,79.3283027250273,72.6129227015951,10
-7.6926,53.28823,2021/08/30 23:00:00+00,Tue 31 Aug 2021,4062,12888,142,3502236,3194841,237464,3739700,3432305,79.4175803429543,72.8896323499275,11
-7.6926,53.28823,2021/08/31 23:00:00+00,Wed 01 Sep 2021,4963,12530,181,3507199,3207371,237645,3744844,3445016,79.5268201304464,73.1595676024181,12
-7.6926,53.28823,2021/09/01 23:00:00+00,Thu 02 Sep 2021,5009,12360,248,3512208,3219731,237893,3750101,3457624,79.6384596255564,73.4273155107969,13
-7.6926,53.28823,2021/09/02 23:00:00+00,Fri 03 Sep 2021,4774,16069,166,3516982,3235800,238059,3755041,3473859,79.7433671975259,73.7720876628058,14
-7.6926,53.28823,2021/09/03 23:00:00+00,Sat 04 Sep 2021,4628,10583,134,3521610,3246383,238193,3759803,3484576,79.8444946990883,73.9996776321979,15
-7.6926,53.28823,2021/09/04 23:00:00+00,Sun 05 Sep 2021,5306,11903,1,3526916,3258286,238194,3765110,3496480,79.9571960117284,74.2524751497534,16
-7.6926,53.28823,2021/09/05 23:00:00+00,Mon 06 Sep 2021,2160,9674,75,3529076,3267960,238269,3767345,3506229,80.0046592553219,74.4595083317636,17
-7.6926,53.28823,2021/09/06 23:00:00+00,Tue 07 Sep 2021,3030,10023,158,3532106,3277983,238427,3770533,3516410,80.0723607410382,74.6757156172335,18
-7.6926,53.28823,2021/09/07 23:00:00+00,Wed 08 Sep 2021,2610,14797,188,3534716,3292780,238615,3773331,3531395,80.1317800500201,74.993942330991,19
-7.6926,53.28823,2021/09/08 23:00:00+00,Thu 09 Sep 2021,3116,14808,138,3537832,3307588,238753,3776585,3546341,80.2008831348761,75.3113408270752,20
-7.6926,53.28823,2021/09/09 23:00:00+00,Fri 10 Sep 2021,3384,13944,117,3541216,3321532,238870,3780086,3560402,80.2752315983306,75.6099451528773,21
-7.6926,53.28823,2021/09/10 23:00:00+00,Sat 11 Sep 2021,2558,11337,62,3543774,3332869,238932,3782706,3571801,80.3308708369055,75.8520183133793,22
-7.6926,53.28823,2021/09/11 23:00:00+00,Sun 12 Sep 2021,2041,12882,1,3545815,3345751,238933,3784748,3584684,80.3742354648329,76.1256062181733,23
-7.6926,53.28823,2021/09/12 23:00:00+00,Mon 13 Sep 2021,1616,7742,52,3547431,3353493,238985,3786416,3592478,80.4096576976356,76.2911223347584,24
-7.6926,53.28823,2021/09/13 23:00:00+00,Tue 14 Sep 2021,1547,10786,82,3548978,3364279,239067,3788045,3603346,80.4442517127648,76.5219189930912,25
-7.6926,53.28823,2021/09/14 23:00:00+00,Wed 15 Sep 2021,3283,12367,137,3552261,3376646,239204,3791465,3615850,80.5168800318205,76.7874583210074,26
-7.6926,53.28823,2021/09/15 23:00:00+00,Thu 16 Sep 2021,1913,10572,115,3554174,3387218,239319,3793493,3626537,80.5599473508396,77.0144111998814,27
-7.6926,53.28823,2021/09/16 23:00:00+00,Fri 17 Sep 2021,2561,14613,94,3556735,3401831,239413,3796148,3641244,80.6163298616855,77.3267342081719,28
-7.6926,53.28823,2021/09/17 23:00:00+00,Sat 18 Sep 2021,2288,11232,47,3559023,3413063,239460,3798483,3652523,80.6659167403391,77.5662590066017,29
-7.6926,53.28823,2021/09/18 23:00:00+00,Sun 19 Sep 2021,1863,8491,15,3560886,3421554,239475,3800361,3661029,80.705798606768,77.7468954048148,30
-7.6926,53.28823,2021/09/19 23:00:00+00,Mon 20 Sep 2021,956,5622,35,3561842,3427176,239510,3801352,3666686,80.7268438302137,77.8670294401652,31
-7.6926,53.28823,2021/09/20 23:00:00+00,Tue 21 Sep 2021,1465,6671,90,3563307,3433847,239600,3802907,3673447,80.7598663553984,78.0106084065793,32
-7.6926,53.28823,2021/09/21 23:00:00+00,Wed 22 Sep 2021,1896,8150,97,3565203,3441997,239697,3804900,3681694,80.8021904021464,78.1857445899866,33
-7.6926,53.28823,2021/09/22 23:00:00+00,Thu 23 Sep 2021,1702,8727,89,3566905,3450724,239786,3806691,3690510,80.840224706073,78.3729642568859,34
-7.6926,53.28823,2021/09/23 23:00:00+00,Fri 24 Sep 2021,1911,7379,79,3568816,3458103,239865,3808681,3697968,80.8824850437692,78.531344959669,35
-7.6926,53.28823,2021/09/24 23:00:00+00,Sat 25 Sep 2021,2421,6602,53,3571237,3464705,239918,3811155,3704623,80.9350237751563,78.6726728729193,36
-7.6926,53.28823,2021/09/25 23:00:00+00,Sun 26 Sep 2021,1549,7098,0,3572786,3471803,239918,3812704,3711721,80.9679188822374,78.823408489486,37
-7.6926,53.28823,2021/09/26 23:00:00+00,Mon 27 Sep 2021,1178,3823,45,3573964,3475626,239963,3813927,3715589,80.9938909390226,78.9055506936111,38
-7.6926,53.28823,2021/09/27 23:00:00+00,Tue 28 Sep 2021,1451,5136,93,3575415,3480762,240056,3815471,3720818,81.0266798643507,79.0165955709042,39
-7.6926,53.28823,2021/09/28 23:00:00+00,Wed 29 Sep 2021,1652,3629,79,3577067,3484391,240135,3817202,3724526,81.0634399872412,79.0953399589331,40
-7.6926,53.28823,2021/09/29 23:00:00+00,Thu 30 Sep 2021,1283,3974,78,3578350,3488365,240213,3818563,3728578,81.0923426604093,79.1813896515688,41
-7.6926,53.28823,2021/09/30 23:00:00+00,Fri 01 Oct 2021,1858,5184,42,3580208,3493549,240255,3820463,3733804,81.1326917265514,79.2923708198102,42
-7.6926,53.28823,2021/10/01 23:00:00+00,Sat 02 Oct 2021,1705,4093,40,3581913,3497642,240295,3822208,3737937,81.1697491583503,79.3801406568446,43
-7.6926,53.28823,2021/10/02 23:00:00+00,Sun 03 Oct 2021,1196,3018,9,3583109,3500660,240304,3823413,3740964,81.1953389608247,79.4444230901141,44
-7.6926,53.28823,2021/10/03 23:00:00+00,Mon 04 Oct 2021,339,1240,18,3583448,3501900,240322,3823770,3742222,81.2029203379893,79.4711384191703,45
-7.6926,53.28823,2021/10/04 23:00:00+00,Tue 05 Oct 2021,959,2825,70,3584407,3504725,240392,3824799,3745117,81.2247725427578,79.5326176541605,46
-7.6926,53.28823,2021/10/05 23:00:00+00,Wed 06 Oct 2021,975,2575,40,3585382,3507300,240432,3825814,3747732,81.2463274386179,79.5881507109824,47
-7.6926,53.28823,2021/10/06 23:00:00+00,Thu 07 Oct 2021,1213,2697,44,3586595,3509997,240476,3827071,3750473,81.2730215313235,79.64635954798,48
-7.6926,53.28823,2021/10/07 23:00:00+00,Fri 08 Oct 2021,937,2770,48,3587532,3512767,240524,3828056,3753291,81.2939393366656,79.7062035839739,49
-7.6926,53.28823,2021/10/08 23:00:00+00,Sat 09 Oct 2021,730,2376,23,3588262,3515143,240547,3828809,3755690,81.3099303086682,79.757149589066,50
-7.6926,53.28823,2021/10/09 23:00:00+00,Sun 10 Oct 2021,1507,3918,2,3589769,3519061,240549,3830318,3759610,81.3419759617253,79.8403960834223,51
-7.6926,53.28823,2021/10/10 23:00:00+00,Mon 11 Oct 2021,334,1125,19,3590103,3520186,240568,3830671,3760754,81.3494723934875,79.86469046851,52
-7.6926,53.28823,2021/10/11 23:00:00+00,Tue 12 Oct 2021,562,1611,20,3590665,3521797,240588,3831253,3762385,81.3618319495373,79.8993269563404,53
-7.6926,53.28823,2021/10/12 23:00:00+00,Wed 13 Oct 2021,988,2072,11,3591653,3523869,240599,3832252,3764468,81.3830470637878,79.9435622746425,54
-7.6926,53.28823,2021/10/13 23:00:00+00,Thu 14 Oct 2021,670,1604,8,3592323,3525473,240607,3832930,3766080,81.3974453094954,79.9777952718115,55
-7.6926,53.28823,2021/10/14 23:00:00+00,Fri 15 Oct 2021,954,2070,8,3593277,3527543,240615,3833892,3768158,81.4178746787736,80.0219244083606,56
-7.6926,53.28823,2021/10/15 23:00:00+00,Sat 16 Oct 2021,1373,2646,14,3594650,3530189,240629,3835279,3770818,81.4473294970574,80.0784131009595,57
-7.6926,53.28823,2021/10/16 23:00:00+00,Sun 17 Oct 2021,1701,2892,2,3596351,3533081,240631,3836982,3773712,81.4834950021311,80.1398710995991,58
-7.6926,53.28823,2021/10/17 23:00:00+00,Mon 18 Oct 2021,673,1245,6,3597024,3534326,240637,3837661,3774963,81.4979144841892,80.1664377742011,59
-7.6926,53.28823,2021/10/18 23:00:00+00,Tue 19 Oct 2021,1333,1800,13,3598357,3536126,240650,3839007,3776776,81.5264986120983,80.2049392778409,60
-7.6926,53.28823,2021/10/19 23:00:00+00,Wed 20 Oct 2021,2253,2329,0,3600610,3538455,240650,3841260,3779105,81.5743441100026,80.2543987383909,61
-7.6926,53.28823,2021/10/20 23:00:00+00,Thu 21 Oct 2021,1728,1840,11,3602338,3540295,240661,3842999,3780956,81.6112741236979,80.2937072233535,62
-7.6926,53.28823,2021/10/21 23:00:00+00,Fri 22 Oct 2021,1504,1927,3,3603842,3542222,240664,3844506,3782886,81.6432773040538,80.3346933800137,63
-7.6926,53.28823,2021/10/22 23:00:00+00,Sat 23 Oct 2021,2015,1701,1,3605857,3543923,240665,3846522,3784588,81.6860897868656,80.3708376487368,64
-7.6926,53.28823,2021/10/23 23:00:00+00,Sun 24 Oct 2021,1949,2186,2,3607806,3546109,240667,3848473,3786776,81.7275219068884,80.417302783852,65
-7.6926,53.28823,2021/10/24 23:00:00+00,Mon 25 Oct 2021,1220,852,2,3609026,3546961,240669,3849695,3787630,81.7534727273229,80.4354386272653,66
-7.6926,53.28823,2021/10/25 23:00:00+00,Tue 26 Oct 2021,1235,1225,6,3610261,3548186,240675,3850936,3788861,81.7798270384189,80.4615805748553,67
-7.6926,53.28823,2021/10/26 23:00:00+00,Wed 27 Oct 2021,1554,1419,5,3611815,3549605,240680,3852495,3790285,81.812934509006,80.4918211381112,68
-7.6926,53.28823,2021/10/27 23:00:00+00,Thu 28 Oct 2021,2149,1689,5,3613964,3551294,240685,3854649,3791979,81.8586776082008,80.5277955160295,69
-7.6926,53.28823,2021/10/28 23:00:00+00,Fri 29 Oct 2021,2135,1361,2,3616099,3552655,240687,3856786,3793342,81.9040596894354,80.5567406618988,70
-7.6926,53.28823,2021/10/29 23:00:00+00,Sat 30 Oct 2021,2017,1448,1,3618116,3554103,240688,3858804,3794791,81.9469146449484,80.5875121339198,71
-7.6926,53.28823,2021/10/30 23:00:00+00,Sun 31 Oct 2021,1594,1320,0,3619710,3555423,240688,3860398,3796111,81.9807653878066,80.6155441167133,72
-7.6926,53.28823,2021/11/01 00:00:00+00,Mon 01 Nov 2021,278,287,2,3619988,3555710,240690,3860678,3796400,81.9867115659749,80.621681422037,73
-7.6926,53.28823,2021/11/02 00:00:00+00,Tue 02 Nov 2021,1097,1094,10,3621085,3556804,240700,3861785,3797504,82.0102202060903,80.6451263531006,74
-7.6926,53.28823,2021/11/03 00:00:00+00,Wed 03 Nov 2021,2533,1877,6,3623618,3558681,240706,3864324,3799387,82.0641393002665,80.6851144012825,75
-7.6926,53.28823,2021/11/04 00:00:00+00,Thu 04 Nov 2021,1534,1280,1,3625152,3559961,240707,3865859,3800668,82.0967370984392,80.7123181664025,76
-7.6926,53.28823,2021/11/05 00:00:00+00,Fri 05 Nov 2021,1628,1093,3,3626780,3561054,240710,3867490,3801764,82.1313735862696,80.7355932066613,77
-7.6926,53.28823,2021/11/06 00:00:00+00,Sat 06 Nov 2021,1815,1354,6,3628595,3562408,240716,3869311,3803124,82.1700449807142,80.7644746434788,78
-7.6926,53.28823,2021/11/07 00:00:00+00,Sun 07 Nov 2021,695,774,0,3629290,3563182,240716,3870006,3803898,82.184804244382,80.7809115788441,79
-7.6926,53.28823,2021/11/08 00:00:00+00,Mon 08 Nov 2021,516,529,3,3629806,3563711,240719,3870525,3804430,82.1958259103439,80.7922093173639,80
-7.6926,53.28823,2021/11/09 00:00:00+00,Tue 09 Nov 2021,1369,1062,3,3631175,3564773,240722,3871897,3805495,82.2249621833687,80.8148260307541,81
-7.6926,53.28823,2021/11/10 00:00:00+00,Wed 10 Nov 2021,1608,1359,1,3632783,3566132,240723,3873506,3806855,82.2591314714858,80.8437074675716,82
-7.6926,53.28823,2021/11/11 00:00:00+00,Thu 11 Nov 2021,1384,1108,1,3634167,3567240,240724,3874891,3807964,82.2885438170684,80.8672585803882,83
-7.6926,53.28823,2021/11/12 00:00:00+00,Fri 12 Nov 2021,1141,1154,6,3635308,3568394,240730,3876038,3809124,82.3129019112078,80.8918927470855,84
-7.6926,53.28823,2021/11/13 00:00:00+00,Sat 13 Nov 2021,1396,1375,0,3636704,3569769,240730,3877434,3810499,82.342547856647,80.921092729162,85
-7.6926,53.28823,2021/11/14 00:00:00+00,Sun 14 Nov 2021,1648,1806,0,3638352,3571575,240730,3879082,3812305,82.3775453624376,80.9594455783476,86
-7.6926,53.28823,2021/11/15 00:00:00+00,Mon 15 Nov 2021,1237,592,1,3639589,3572167,240731,3880320,3812898,82.4038359644818,80.972038734254,87
-7.6926,53.28823,2021/11/16 00:00:00+00,Tue 16 Nov 2021,1316,1071,5,3640905,3573238,240736,3881641,3813974,82.4318891836258,80.9948890475008,88
-7.6926,53.28823,2021/11/17 00:00:00+00,Wed 17 Nov 2021,1496,1111,0,3642401,3574349,240736,3883137,3815085,82.4636587641251,81.0184826330187,89
-7.6926,53.28823,2021/11/18 00:00:00+00,Thu 18 Nov 2021,1643,2501,5,3644044,3576850,240741,3884785,3817591,82.4986562699157,81.071700927625,90
-7.6926,53.28823,2021/11/19 00:00:00+00,Fri 19 Nov 2021,1162,1551,0,3645206,3578401,240741,3885947,3819142,82.5233329093142,81.1046385074073,91
-7.6926,53.28823,2021/11/20 00:00:00+00,Sat 20 Nov 2021,1545,2938,12,3646751,3581339,240753,3887504,3822092,82.5563979072001,81.1672857416806,92
-7.6926,53.28823,2021/11/21 00:00:00+00,Sun 21 Nov 2021,1788,2763,0,3648539,3584102,240753,3889292,3824855,82.5943685020749,81.2259617783915,93
-7.6926,53.28823,2021/11/22 00:00:00+00,Mon 22 Nov 2021,719,519,2,3649258,3584621,240755,3890013,3825376,82.6096799108583,81.2370259170546,94
-7.6926,53.28823,2021/11/23 00:00:00+00,Tue 23 Nov 2021,2154,1591,7,3651412,3586212,240762,3892174,3826974,82.6555716645073,81.2709616053152,95
-7.6926,53.28823,2021/11/24 00:00:00+00,Wed 24 Nov 2021,1606,3143,2,3653018,3589355,240764,3893782,3830119,82.6897197162739,81.3377499279557,96
-7.6926,53.28823,2021/11/25 00:00:00+00,Thu 25 Nov 2021,975,1182,1,3653993,3590537,240765,3894758,3831302,82.7104463944605,81.3628725307168,97
-7.6926,53.28823,2021/11/26 00:00:00+00,Fri 26 Nov 2021,1283,1103,12,3655276,3591640,240777,3896053,3832417,82.737947468489,81.386551061637,98
-7.6926,53.28823,2021/11/27 00:00:00+00,Sat 27 Nov 2021,1200,1564,6,3656476,3593204,240783,3897259,3833987,82.7635585073139,81.4198921320808,99
-7.6926,53.28823,2021/11/28 00:00:00+00,Sun 28 Nov 2021,1953,2256,0,3658429,3595460,240783,3899212,3836243,82.8050331000379,81.4678013390369,100
-7.6926,53.28823,2021/11/29 00:00:00+00,Mon 29 Nov 2021,532,993,1,3658961,3596453,240784,3899745,3837237,82.8163520749083,81.4889102715344,101
-7.6926,53.28823,2021/11/30 00:00:00+00,Tue 30 Nov 2021,1894,1645,6,3660855,3598098,240790,3901645,3838888,82.8567011410504,81.5239714863768,102
-7.6926,53.28823,2021/12/01 00:00:00+00,Wed 01 Dec 2021,1034,1379,3,3661889,3599477,240793,3902682,3840270,82.8787232366237,81.5533201229075,103
-7.6926,53.28823,2021/12/02 00:00:00+00,Thu 02 Dec 2021,1739,1411,0,3663628,3600888,240793,3904421,3841681,82.915653250319,81.5832846136057,104
-7.6926,53.28823,2021/12/03 00:00:00+00,Fri 03 Dec 2021,1014,1185,2,3664642,3602073,240795,3905437,3842868,82.9372293825297,81.6084921617692,105
-7.6926,53.28823,2021/12/04 00:00:00+00,Sat 04 Dec 2021,1202,1700,1,3665844,3603773,240796,3906640,3844569,82.9627767123029,81.6446151941417,106
-7.6926,53.28823,2021/12/05 00:00:00+00,Sun 05 Dec 2021,1346,1774,2,3667190,3605547,240798,3907988,3846345,82.9914033129132,81.6823309528092,107
-7.6926,53.28823,2021/12/06 00:00:00+00,Mon 06 Dec 2021,931,1292,0,3668121,3606839,240798,3908919,3847637,83.0111743553228,81.7097683177858,108
-7.6926,53.28823,2021/12/07 00:00:00+00,Tue 07 Dec 2021,483,740,2,3668604,3607579,240800,3909404,3848379,83.0214739853643,81.7255256899319,109
-7.6926,53.28823,2021/12/08 00:00:00+00,Wed 08 Dec 2021,785,1516,2,3669389,3609095,240802,3910191,3849897,83.0381869932874,81.7577624701443,110
-7.6926,53.28823,2021/12/09 00:00:00+00,Thu 09 Dec 2021,784,1208,1,3670173,3610303,240803,3910976,3851106,83.0548575285093,81.7834372180211,111
-7.6926,53.28823,2021/12/10 00:00:00+00,Fri 10 Dec 2021,886,1612,1,3671059,3611915,240804,3911863,3852719,83.0736941714924,81.8176914515407,112
-7.6926,53.28823,2021/12/11 00:00:00+00,Sat 11 Dec 2021,638,841,2,3671697,3612756,240806,3912503,3853562,83.0872854358772,81.8355936950974,113
-7.6926,53.28823,2021/12/12 00:00:00+00,Sun 12 Dec 2021,686,1192,0,3672383,3613948,240806,3913189,3854754,83.1018535723895,81.8609074250139,114
-7.6926,53.28823,2021/12/13 00:00:00+00,Mon 13 Dec 2021,719,1067,1,3673102,3615015,240807,3913909,3855822,83.1171437448223,81.8835878474559,115
-7.6926,53.28823,2021/12/14 00:00:00+00,Tue 14 Dec 2021,624,1200,3,3673726,3616215,240810,3914536,3857025,83.1304589366492,81.909135177229,116
-7.6926,53.28823,2021/12/15 00:00:00+00,Wed 15 Dec 2021,785,1255,0,3674511,3617470,240810,3915321,3858280,83.1471294718711,81.9357867972334,117
-7.6926,53.28823,2021/12/16 00:00:00+00,Thu 16 Dec 2021,1041,1541,7,3675552,3619011,240817,3916369,3859828,83.169385167301,81.9686606679639,118
-7.6926,53.28823,2021/04/24 23:00:00+00,Sun 25 Apr 2021,9751,302,2,1047992,431089,257,1048249,431346,22.2609832812583,9.16021488638446,119
-7.6926,53.28823,2021/04/25 23:00:00+00,Mon 26 Apr 2021,15594,3056,3,1063586,434145,260,1063846,434405,22.5922066415837,9.22517688287324,120
-7.6926,53.28823,2021/04/26 23:00:00+00,Tue 27 Apr 2021,25915,7814,9,1089501,441959,269,1089770,442228,23.1427377945668,9.39130885362569,121
-7.6926,53.28823,2021/04/27 23:00:00+00,Wed 28 Apr 2021,26038,8610,5,1115539,450569,274,1115813,450843,23.6957960732714,9.57426001405422,122
-7.6926,53.28823,2021/04/28 23:00:00+00,Thu 29 Apr 2021,31689,11334,6,1147228,461903,280,1147508,462183,24.3688822055734,9.81508022987075,123
-7.6926,53.28823,2021/04/29 23:00:00+00,Fri 30 Apr 2021,36111,13528,8,1183339,475431,288,1183627,475719,25.1359179529347,10.1025354716073,124
-7.6926,53.28823,2021/04/30 23:00:00+00,Sat 01 May 2021,16583,6690,18,1199922,482121,306,1200228,482427,25.4884626092637,10.2449889114395,125
-7.6926,53.28823,2021/05/01 23:00:00+00,Sun 02 May 2021,12463,909,15,1212385,483030,321,1212706,483351,25.7534497920643,10.264611299395,126
-7.6926,53.28823,2021/05/02 23:00:00+00,Mon 03 May 2021,14264,924,21,1226649,483954,342,1226991,484296,26.0568110604011,10.284679650713,127
-7.6926,53.28823,2021/05/03 23:00:00+00,Tue 04 May 2021,26662,6793,10,1253311,490747,352,1253663,491099,26.6232270036338,10.4291505438523,128
-7.6926,53.28823,2021/05/04 23:00:00+00,Wed 05 May 2021,32110,13457,69,1285421,504204,421,1285842,504625,27.3065915296267,10.7163934220829,129
-7.6926,53.28823,2021/05/05 23:00:00+00,Thu 06 May 2021,37293,14374,132,1322714,518578,553,1323267,519131,28.1013619508731,11.0244479239025,130
-7.6926,53.28823,2021/05/06 23:00:00+00,Fri 07 May 2021,40604,15072,97,1363318,533650,650,1363968,534300,28.9657026566887,11.3465821261707,131
-7.6926,53.28823,2021/05/07 23:00:00+00,Sat 08 May 2021,25625,7054,10,1388943,540704,660,1389603,541364,29.510096504348,11.4965957068169,132
-7.6926,53.28823,2021/05/08 23:00:00+00,Sun 09 May 2021,19674,926,5,1408617,541630,665,1409282,542295,29.9280066478272,11.5163667492265,133
-7.6926,53.28823,2021/05/09 23:00:00+00,Mon 10 May 2021,28844,4645,171,1437461,546275,836,1438297,547111,30.5441793605183,11.6186410137214,134
-7.6926,53.28823,2021/05/10 23:00:00+00,Tue 11 May 2021,33923,14825,153,1471384,561100,989,1472373,562089,31.2678292436015,11.9367190730248,135
-7.6926,53.28823,2021/05/11 23:00:00+00,Wed 12 May 2021,31293,20944,173,1502677,582044,1162,1503839,583206,31.9360522516159,12.3851670886683,136
-7.6926,53.28823,2021/05/12 23:00:00+00,Thu 13 May 2021,35997,25480,152,1538674,607524,1314,1539988,608838,32.7037250894953,12.9294972272759,137
-7.6926,53.28823,2021/05/13 23:00:00+00,Fri 14 May 2021,38220,27942,236,1576894,635466,1550,1578444,637016,33.5203901882114,13.5278951145138,138
-7.6926,53.28823,2021/05/14 23:00:00+00,Sat 15 May 2021,28857,12449,22,1605751,647915,1572,1607323,649487,34.1336747572207,13.7927336428602,139
-7.6926,53.28823,2021/05/15 23:00:00+00,Sun 16 May 2021,23177,1173,9,1628928,649088,1581,1630509,650669,34.626060782258,13.8178350092707,140
-7.6926,53.28823,2021/05/16 23:00:00+00,Mon 17 May 2021,35382,3952,118,1664310,653040,1699,1666009,654739,35.3799512285972,13.9042669562172,141
-7.6926,53.28823,2021/05/17 23:00:00+00,Tue 18 May 2021,39011,12494,127,1703321,665534,1826,1705147,667360,36.2110995184233,14.1722909371538,142
-7.6926,53.28823,2021/05/18 23:00:00+00,Wed 19 May 2021,37021,17590,211,1740342,683124,2037,1742379,685161,37.0017713240036,14.5503192142041,143
-7.6926,53.28823,2021/05/19 23:00:00+00,Thu 20 May 2021,39090,19642,136,1779432,702766,2173,1781605,704939,37.8347884126826,14.9703317563927,144
-7.6926,53.28823,2021/05/20 23:00:00+00,Fri 21 May 2021,25837,23245,14934,1805269,726011,17107,1822376,743118,38.7006156630403,15.7811143859923,145
-7.6926,53.28823,2021/05/21 23:00:00+00,Sat 22 May 2021,16585,10248,13522,1821854,736259,30629,1852483,766888,39.3399784705878,16.2859024397806,146
-7.6926,53.28823,2021/05/22 23:00:00+00,Sun 23 May 2021,8216,5525,10205,1830070,741784,40834,1870904,782618,39.7311732850107,16.619950234736,147
-7.6926,53.28823,2021/05/23 23:00:00+00,Mon 24 May 2021,22547,8217,8450,1852617,750001,49284,1901901,799285,40.3894364445932,16.9738964902046,148
-7.6926,53.28823,2021/05/24 23:00:00+00,Tue 25 May 2021,30345,16498,3224,1882962,766499,52508,1935470,819007,41.1023194979217,17.3927197967596,149
-7.6926,53.28823,2021/05/25 23:00:00+00,Wed 26 May 2021,19975,25450,3054,1902937,791949,55562,1958499,847511,41.5913714159146,17.9980407342935,150
-7.6926,53.28823,2021/05/26 23:00:00+00,Thu 27 May 2021,17014,36034,550,1919951,827983,56112,1976063,884095,41.9643666778724,18.7749513846844,151
-7.6926,53.28823,2021/05/27 23:00:00+00,Fri 28 May 2021,27043,31826,1558,1946994,859809,57670,2004664,917479,42.5717475414146,19.4839057131517,152
-7.6926,53.28823,2021/05/28 23:00:00+00,Sat 29 May 2021,24480,7386,534,1971474,867195,58204,2029678,925399,43.1029536153506,19.6520976099124,153
-7.6926,53.28823,2021/05/29 23:00:00+00,Sun 30 May 2021,24250,1676,209,1995724,868871,58413,2054137,927284,43.6223735147031,19.6921281307955,154
-7.6926,53.28823,2021/05/30 23:00:00+00,Mon 31 May 2021,22585,7320,3443,2018309,876191,61856,2080165,938047,44.1751132481487,19.9206949723152,155
-7.6926,53.28823,2021/05/31 23:00:00+00,Tue 01 Jun 2021,27567,11515,3653,2045876,887706,65509,2111385,953215,44.8381121139152,20.2428079382328,156
-7.6926,53.28823,2021/06/01 23:00:00+00,Wed 02 Jun 2021,18695,20898,4008,2064571,908604,69517,2134088,978121,45.3202409816121,20.7717204863039,157
-7.6926,53.28823,2021/06/02 23:00:00+00,Thu 03 Jun 2021,16692,30706,1977,2081263,939310,71494,2152757,1010804,45.7167024109841,21.4657881329999,158
-7.6926,53.28823,2021/06/03 23:00:00+00,Fri 04 Jun 2021,28979,23342,153,2110242,962652,71647,2181889,1034299,46.3353597766955,21.9647361903728,159
-7.6926,53.28823,2021/06/04 23:00:00+00,Sat 05 Jun 2021,20961,11493,33,2131203,974145,71680,2202883,1045825,46.7811957212151,22.2095063674012,160
-7.6926,53.28823,2021/06/05 23:00:00+00,Sun 06 Jun 2021,19945,3908,46,2151148,978053,71726,2222874,1049779,47.2057316060818,22.293474897678,161
-7.6926,53.28823,2021/06/06 23:00:00+00,Mon 07 Jun 2021,19815,4591,45,2170963,982644,71771,2242734,1054415,47.6274855290198,22.3919266190647,162
-7.6926,53.28823,2021/06/07 23:00:00+00,Tue 08 Jun 2021,26410,18339,45,2197373,1000983,71816,2269189,1072799,48.189293184172,22.7823356885154,163
-7.6926,53.28823,2021/06/08 23:00:00+00,Wed 09 Jun 2021,32801,20110,174,2230174,1021093,71990,2302164,1093083,48.8895618452435,23.2130938241082,164
-7.6926,53.28823,2021/06/09 23:00:00+00,Thu 10 Jun 2021,27696,27490,273,2257870,1048583,72263,2330133,1120846,49.4835213352058,23.8026786258467,165
-7.6926,53.28823,2021/06/10 23:00:00+00,Fri 11 Jun 2021,26438,32897,40,2284308,1081480,72303,2356611,1153783,50.0458174264219,24.5021403055953,166
-7.6926,53.28823,2021/06/11 23:00:00+00,Sat 12 Jun 2021,12212,19721,105,2296520,1101201,72408,2368928,1173609,50.3073855567757,24.9231721926128,167
-7.6926,53.28823,2021/06/12 23:00:00+00,Sun 13 Jun 2021,8550,18173,834,2305070,1119374,73242,2378312,1192616,50.5066674708165,25.3268115084881,168
-7.6926,53.28823,2021/06/13 23:00:00+00,Mon 14 Jun 2021,16019,31303,51,2321089,1150677,73293,2394382,1223970,50.8479356249762,25.9926560452351,169
-7.6926,53.28823,2021/06/14 23:00:00+00,Tue 15 Jun 2021,14701,41588,205,2335790,1192265,73498,2409288,1265763,51.1644846670363,26.8801868459071,170
-7.6926,53.28823,2021/06/15 23:00:00+00,Wed 16 Jun 2021,13470,48385,217,2349260,1240650,73715,2422975,1314365,51.4551465977137,27.9123159578221,171
-7.6926,53.28823,2021/06/16 23:00:00+00,Thu 17 Jun 2021,21571,42690,534,2370831,1283340,74249,2445080,1357589,51.9245761277511,28.8302359762042,172
-7.6926,53.28823,2021/06/17 23:00:00+00,Fri 18 Jun 2021,12019,50017,554,2382850,1333357,74803,2457653,1408160,52.1915807638588,29.9041794624528,173
-7.6926,53.28823,2021/06/18 23:00:00+00,Sat 19 Jun 2021,6318,32804,433,2389168,1366161,75236,2464404,1441397,52.3349473667668,30.6100120473817,174
-7.6926,53.28823,2021/06/19 23:00:00+00,Sun 20 Jun 2021,8516,26142,177,2397684,1392303,75413,2473097,1467716,52.5195549625423,31.1689315588522,175
-7.6926,53.28823,2021/06/20 23:00:00+00,Mon 21 Jun 2021,15479,32336,574,2413163,1424639,75987,2489150,1500626,52.8604620987418,31.8678198571346,176
-7.6926,53.28823,2021/06/21 23:00:00+00,Tue 22 Jun 2021,15147,43539,722,2428310,1468178,76709,2505019,1544887,53.1974617464308,32.8077619710901,177
-7.6926,53.28823,2021/06/22 23:00:00+00,Wed 23 Jun 2021,20085,39385,883,2448395,1507563,77592,2525987,1585155,53.6427455458347,33.6629073370954,178
-7.6926,53.28823,2021/06/23 23:00:00+00,Thu 24 Jun 2021,19022,44274,1032,2467417,1551837,78624,2546041,1630461,54.0686193207893,34.6250414374291,179
-7.6926,53.28823,2021/06/24 23:00:00+00,Fri 25 Jun 2021,15209,50123,843,2482626,1601960,79467,2562093,1681427,54.4095052206383,35.7073732821651,180
-7.6926,53.28823,2021/06/25 23:00:00+00,Sat 26 Jun 2021,9066,30559,510,2491692,1632519,79977,2571669,1712496,54.6128645139944,36.3671654589908,181
-7.6926,53.28823,2021/06/26 23:00:00+00,Sun 27 Jun 2021,8732,30476,59,2500424,1662995,80036,2580460,1743031,54.7995532721288,37.0156174245956,182
-7.6926,53.28823,2021/06/27 23:00:00+00,Mon 28 Jun 2021,24230,24644,524,2524654,1687639,80560,2605214,1768199,55.3252378949085,37.5500938965242,183
-7.6926,53.28823,2021/06/28 23:00:00+00,Tue 29 Jun 2021,28143,31038,810,2552797,1718677,81370,2634167,1800047,55.9400939538623,38.2264291904682,184
-7.6926,53.28823,2021/06/29 23:00:00+00,Wed 30 Jun 2021,22574,36866,590,2575371,1755543,81960,2657331,1837503,56.4320127791863,39.0218579385832,185
-7.6926,53.28823,2021/06/30 23:00:00+00,Thu 01 Jul 2021,15024,48303,640,2590395,1803846,82600,2672995,1886446,56.7646589750021,40.0612286460531,186
-7.6926,53.28823,2021/07/01 23:00:00+00,Fri 02 Jul 2021,13682,47265,817,2604077,1851111,83417,2687494,1934528,57.0725648223675,41.0823148556555,187
-7.6926,53.28823,2021/07/02 23:00:00+00,Sat 03 Jul 2021,9317,30476,505,2613394,1881587,83922,2697316,1965509,57.2811482579715,41.7402382336283,188
-7.6926,53.28823,2021/07/03 23:00:00+00,Sun 04 Jul 2021,6450,27782,233,2619844,1909369,84155,2703999,1993524,57.4230707890387,42.3351745957183,189
-7.6926,53.28823,2021/07/04 23:00:00+00,Mon 05 Jul 2021,15615,33459,5343,2635459,1942828,89498,2724957,2032326,57.8681422249367,43.1591874717424,190
-7.6926,53.28823,2021/07/05 23:00:00+00,Tue 06 Jul 2021,12409,48296,5486,2647868,1991124,94984,2742852,2086108,58.2481667189435,44.301320879771,191
-7.6926,53.28823,2021/07/06 23:00:00+00,Wed 07 Jul 2021,19705,43756,5059,2667573,2034880,100043,2767616,2134923,58.7740637052293,45.337973334364,192
-7.6926,53.28823,2021/07/07 23:00:00+00,Thu 08 Jul 2021,17778,45591,5997,2685351,2080471,106040,2791391,2186511,59.2789579407705,46.4335141891738,193
-7.6926,53.28823,2021/07/08 23:00:00+00,Fri 09 Jul 2021,13524,45085,6531,2698875,2125556,112571,2811446,2238127,59.7048529520757,47.5296496618005,194
-7.6926,53.28823,2021/07/09 23:00:00+00,Sat 10 Jul 2021,8635,23868,4364,2707510,2149424,116935,2824445,2266359,59.9809042735395,48.1291943119709,195
-7.6926,53.28823,2021/07/10 23:00:00+00,Sun 11 Jul 2021,15236,16110,2153,2722746,2165534,119088,2841834,2284622,60.3501831741421,48.5170337829989,196
-7.6926,53.28823,2021/07/11 23:00:00+00,Mon 12 Jul 2021,17108,31763,6092,2739854,2197297,125180,2865034,2322477,60.8428665080878,49.3209358350038,197
-7.6926,53.28823,2021/07/12 23:00:00+00,Tue 13 Jul 2021,20104,36567,8491,2759958,2233864,133671,2893629,2367535,61.4501199535264,50.2778033203884,198
-7.6926,53.28823,2021/07/13 23:00:00+00,Wed 14 Jul 2021,20801,35708,9335,2780759,2269572,143006,2923765,2412578,62.0900986152413,51.234352260514,199
-7.6926,53.28823,2021/07/14 23:00:00+00,Thu 15 Jul 2021,23643,28834,9586,2804402,2298406,152592,2956994,2450998,62.7957613093654,52.0502528506084,200
-7.6926,53.28823,2021/07/15 23:00:00+00,Fri 16 Jul 2021,23528,27426,9166,2827930,2325832,161758,2989688,2487590,63.490062555918,52.8273333918041,201
-7.6926,53.28823,2021/07/16 23:00:00+00,Sat 17 Jul 2021,11504,19426,4676,2839434,2345258,166434,3005868,2511692,63.8336667086439,53.3391719139919,202
-7.6926,53.28823,2021/07/17 23:00:00+00,Sun 18 Jul 2021,16864,15818,1932,2856298,2361076,168366,3024664,2529442,64.2328251545422,53.7161171371616,203
-7.6926,53.28823,2021/07/18 23:00:00+00,Mon 19 Jul 2021,24886,18433,6255,2881184,2379509,174621,3055805,2554130,64.8941463486113,54.2404001608016,204
-7.6926,53.28823,2021/07/19 23:00:00+00,Tue 20 Jul 2021,30587,18182,7699,2911771,2397691,182320,3094091,2580011,65.7072012677252,54.7900181507089,205
-7.6926,53.28823,2021/07/20 23:00:00+00,Wed 21 Jul 2021,30356,19841,6889,2942127,2417532,189209,3131336,2606741,66.4981491458634,55.3576658022764,206
-7.6926,53.28823,2021/07/21 23:00:00+00,Thu 22 Jul 2021,33538,15924,6934,2975665,2433456,196143,3171808,2629599,67.3576267273913,55.8430863043165,207
-7.6926,53.28823,2021/07/22 23:00:00+00,Fri 23 Jul 2021,27086,20835,5615,3002751,2454291,201758,3204509,2656049,68.0520766283981,56.4047877777157,208
-7.6926,53.28823,2021/07/23 23:00:00+00,Sat 24 Jul 2021,15437,14812,2275,3018188,2469103,204033,3222221,2673136,68.4282148702448,56.7676533004368,209
-7.6926,53.28823,2021/07/24 23:00:00+00,Sun 25 Jul 2021,14720,13642,1046,3032908,2482745,205079,3237987,2687824,68.7630271738219,57.0795728180658,210
-7.6926,53.28823,2021/07/25 23:00:00+00,Mon 26 Jul 2021,23834,18297,3422,3056742,2501042,208501,3265243,2709543,69.3418451458056,57.5408051167713,211
-7.6926,53.28823,2021/07/26 23:00:00+00,Tue 27 Jul 2021,25507,23907,3671,3082249,2524949,212172,3294421,2737121,69.9614793836447,58.1264611936486,212
-7.6926,53.28823,2021/07/27 23:00:00+00,Wed 28 Jul 2021,23439,25285,3263,3105688,2550234,215435,3321123,2765669,70.5285324173954,58.7327165306089,213
-7.6926,53.28823,2021/07/28 23:00:00+00,Thu 29 Jul 2021,19272,27865,2962,3124960,2578099,218397,3343357,2796496,71.0007014366603,59.3873695105892,214
-7.6926,53.28823,2021/07/29 23:00:00+00,Fri 30 Jul 2021,21954,22934,2120,3146914,2601033,220517,3367431,2821550,71.5119453410314,59.9194250385493,215
-7.6926,53.28823,2021/07/30 23:00:00+00,Sat 31 Jul 2021,13744,12484,907,3160658,2613517,221424,3382082,2834941,71.8230791136882,60.2038010094487,216
-7.6926,53.28823,2021/07/31 23:00:00+00,Sun 01 Aug 2021,11114,9328,368,3171772,2622845,221792,3393564,2844637,72.0669148912901,60.409708664877,217
-7.6926,53.28823,2021/08/01 23:00:00+00,Mon 02 Aug 2021,15023,16021,430,3186795,2638866,222222,3409017,2861088,72.3950802171289,60.7590678686158,218
-7.6926,53.28823,2021/08/02 23:00:00+00,Tue 03 Aug 2021,17345,25448,1111,3204140,2664314,223333,3427473,2887647,72.7870183038229,61.3230841042306,219
-7.6926,53.28823,2021/08/03 23:00:00+00,Wed 04 Aug 2021,22111,17305,1576,3226251,2681619,224909,3451160,2906528,73.2900437405113,61.72404763993,220
-7.6926,53.28823,2021/08/04 23:00:00+00,Thu 05 Aug 2021,13534,30046,1420,3239785,2711665,226329,3466114,2937994,73.6076121274003,62.3922706479444,221
-7.6926,53.28823,2021/08/05 23:00:00+00,Fri 06 Aug 2021,12206,24749,948,3251991,2736414,227277,3479268,2963691,73.8869550832072,62.937981149341,222
-7.6926,53.28823,2021/08/06 23:00:00+00,Sat 07 Aug 2021,6335,8461,583,3258326,2744875,227860,3486186,2972735,74.0338681566656,63.1300427041774,223
-7.6926,53.28823,2021/08/07 23:00:00+00,Sun 08 Aug 2021,8626,11976,153,3266952,2756851,228013,3494965,2984864,74.2203020785928,63.3876184006182,224
-7.6926,53.28823,2021/08/08 23:00:00+00,Mon 09 Aug 2021,5543,23038,600,3272495,2779889,228613,3501108,3008502,74.3507569803353,63.8896032561272,225
-7.6926,53.28823,2021/08/09 23:00:00+00,Tue 10 Aug 2021,9354,26011,716,3281849,2805900,229329,3511178,3035229,74.5646070308885,64.4571871986429,226
-7.6926,53.28823,2021/08/10 23:00:00+00,Wed 11 Aug 2021,7012,31241,665,3288861,2837141,229994,3518855,3067135,74.7276384944532,65.1347542009218,227
-7.6926,53.28823,2021/08/11 23:00:00+00,Thu 12 Aug 2021,6771,38297,862,3295632,2875438,230856,3526488,3106294,74.8897355585914,65.9663484541105,228
-7.6926,53.28823,2021/08/12 23:00:00+00,Fri 13 Aug 2021,10930,28244,870,3306562,2903682,231726,3538288,3135408,75.1403244956845,66.5846235655111,229
-7.6926,53.28823,2021/08/13 23:00:00+00,Sat 14 Aug 2021,18137,5844,281,3324699,2909526,232007,3556706,3141533,75.5314556010556,66.7146962129428,230
-7.6926,53.28823,2021/08/14 23:00:00+00,Sun 15 Aug 2021,16998,3729,51,3341697,2913255,232058,3573755,3145313,75.8935141424539,66.794969618215,231
-7.6926,53.28823,2021/08/15 23:00:00+00,Mon 16 Aug 2021,10185,23154,384,3351882,2936409,232442,3584324,3168851,76.1179611319569,67.2948308386638,232
-7.6926,53.28823,2021/08/16 23:00:00+00,Tue 17 Aug 2021,12866,26866,528,3364748,2963275,232970,3597718,3196245,76.4024008119082,67.8765794270305,233
-7.6926,53.28823,2021/08/17 23:00:00+00,Wed 18 Aug 2021,15234,25764,658,3379982,2989039,233628,3613610,3222667,76.7398888956609,68.4376862826129,234
-7.6926,53.28823,2021/08/18 23:00:00+00,Thu 19 Aug 2021,11362,25707,544,3391344,3014746,234172,3625516,3248918,76.9927288859177,68.9951617222425,235
-7.6926,53.28823,2021/08/19 23:00:00+00,Fri 20 Aug 2021,14849,22249,686,3406193,3036995,234858,3641051,3271853,77.3226355925059,69.4822174232789,236
-7.6926,53.28823,2021/12/17 00:00:00+00,Fri 17 Dec 2021,1198,2458,1,3676750,3621469,240818,3917568,3862287,83.1948475516718,82.020880854092,237
-7.6926,53.28823,2021/12/18 00:00:00+00,Sat 18 Dec 2021,1245,1183,0,3677995,3622652,240818,3918813,3863470,83.2212868081701,82.0460034568532,238
-7.6926,53.28823,2021/12/19 00:00:00+00,Sun 19 Dec 2021,541,887,1,3678536,3623539,240819,3919355,3864358,83.2327969101959,82.0648613361869,239
-7.6926,53.28823,2021/12/20 00:00:00+00,Mon 20 Dec 2021,504,615,0,3679040,3624154,240819,3919859,3864973,83.2435000308989,82.0779216918066,240
-7.6926,53.28823,2021/12/21 00:00:00+00,Tue 21 Dec 2021,1396,1816,3,3680436,3625970,240822,3921258,3866792,83.2732096853898,82.11655061355,241
-7.6926,53.28823,2021/12/22 00:00:00+00,Wed 22 Dec 2021,1155,1591,2,3681591,3627561,240824,3922415,3868385,83.2977801430353,82.1503801200576,242
-7.6926,53.28823,2021/12/23 00:00:00+00,Thu 23 Dec 2021,919,1389,0,3682510,3628950,240824,3923334,3869774,83.3172963492377,82.1798774110425,243
-7.6926,53.28823,2021/12/24 00:00:00+00,Fri 24 Dec 2021,100,157,0,3682610,3629107,240824,3923434,3869931,83.3194199842978,82.1832115180869,244
-7.6926,53.28823,2021/12/25 00:00:00+00,Sat 25 Dec 2021,1,5,0,3682611,3629112,240824,3923435,3869936,83.3194412206484,82.1833176998399,245
-7.6926,53.28823,2021/12/26 00:00:00+00,Sun 26 Dec 2021,11,10,0,3682622,3629122,240824,3923446,3869946,83.3196748205051,82.1835300633459,246
-7.6926,53.28823,2021/12/27 00:00:00+00,Mon 27 Dec 2021,389,589,0,3683011,3629711,240824,3923835,3870535,83.3279357608889,82.19603827385,247
-7.6926,53.28823,2021/12/28 00:00:00+00,Tue 28 Dec 2021,465,746,0,3683476,3630457,240824,3924300,3871281,83.3378106639184,82.2118805913984,248
-7.6926,53.28823,2021/12/29 00:00:00+00,Wed 29 Dec 2021,1058,1306,0,3684534,3631763,240824,3925358,3872587,83.3602787228544,82.2396152652834,249
-7.6926,53.28823,2021/12/30 00:00:00+00,Thu 30 Dec 2021,1047,1194,1,3685581,3632957,240825,3926406,3873782,83.3825344182843,82.2649927042518,250
-7.6926,53.28823,2021/12/31 00:00:00+00,Fri 31 Dec 2021,711,1679,0,3686292,3634636,240825,3927117,3875461,83.3976334635617,82.300648536911,251
-7.6926,53.28823,2022/01/01 00:00:00+00,Sat 01 Jan 2022,64,98,0,3686356,3634734,240825,3927181,3875559,83.3989925900002,82.3027296992699,252
-7.6926,53.28823,2022/01/02 00:00:00+00,Sun 02 Jan 2022,270,627,0,3686626,3635361,240825,3927451,3876186,83.4047264046625,82.3160448910968,253
-7.6926,53.28823,2022/01/03 00:00:00+00,Mon 03 Jan 2022,3630,726,1,3690256,3636087,240826,3931082,3876913,83.4818355936951,82.3314837179838,254
-7.6926,53.28823,2022/01/04 00:00:00+00,Tue 04 Jan 2022,1187,778,1,3691443,3636865,240827,3932270,3877692,83.5070643782092,82.3480268351021,255
-7.6926,53.28823,2022/01/05 00:00:00+00,Wed 05 Jan 2022,2140,900,0,3693583,3637765,240827,3934410,3878592,83.5525101684956,82.3671395506431,256
-7.6926,53.28823,2022/01/06 00:00:00+00,Thu 06 Jan 2022,2455,1693,1,3696038,3639458,240828,3936866,3880286,83.6046666455719,82.4031139285613,257
-7.6926,53.28823,2022/01/07 00:00:00+00,Fri 07 Jan 2022,4852,785,2,3700890,3640243,240830,3941720,3881073,83.7077478913897,82.4198269364844,258
-7.6926,53.28823,2022/01/08 00:00:00+00,Sat 08 Jan 2022,9789,738,2,3710679,3640981,240832,3951511,3881813,83.9156730001251,82.4355418359292,259
-7.6926,53.28823,2022/01/09 00:00:00+00,Sun 09 Jan 2022,7115,664,0,3717794,3641645,240832,3958626,3882477,84.0667696346519,82.4496427727284,260
-7.6926,53.28823,2022/01/10 00:00:00+00,Mon 10 Jan 2022,6658,507,1,3724452,3642152,240833,3965285,3882985,84.2081824933047,82.4604308388337,261
-7.6926,53.28823,2022/01/11 00:00:00+00,Tue 11 Jan 2022,4774,1367,1,3729226,3643519,240834,3970060,3884353,84.309586067425,82.489482166456,262
-7.6926,53.28823,2022/01/12 00:00:00+00,Wed 12 Jan 2022,7559,918,1,3736785,3644437,240835,3977620,3885272,84.4701328779693,82.5089983726585,263
-7.6926,53.28823,2022/01/13 00:00:00+00,Thu 13 Jan 2022,7321,815,0,3744106,3645252,240835,3984941,3886087,84.62560420072,82.5263059983984,264
-7.6926,53.28823,2022/01/14 00:00:00+00,Fri 14 Jan 2022,10721,833,0,3754827,3646085,240835,3995662,3886920,84.8532791155145,82.5439958784491,265
-7.6926,53.28823,2022/01/15 00:00:00+00,Sat 15 Jan 2022,8358,652,2,3763185,3646737,240837,4004022,3887574,85.0308150065397,82.5578844517422,266
-7.6926,53.28823,2022/01/16 00:00:00+00,Sun 16 Jan 2022,6965,1215,1,3770150,3647952,240838,4010988,3888790,85.178747424827,82.5837078540731,267
-7.6926,53.28823,2022/01/17 00:00:00+00,Mon 17 Jan 2022,2562,560,0,3772712,3648512,240838,4013550,3889350,85.2331549550671,82.5956002104098,268
-7.6926,53.28823,2022/01/18 00:00:00+00,Tue 18 Jan 2022,4056,448,3,3776768,3648960,240841,4017609,3889801,85.319353302157,82.6051778045309,269
-7.6926,53.28823,2022/01/19 00:00:00+00,Wed 19 Jan 2022,3487,622,0,3780255,3649582,240841,4021096,3890423,85.393404456703,82.6183868146047,270
-7.6926,53.28823,2022/01/20 00:00:00+00,Thu 20 Jan 2022,3691,932,0,3783946,3650514,240841,4024787,3891355,85.4717878267717,82.638179093365,271
-7.6926,53.28823,2022/01/21 00:00:00+00,Fri 21 Jan 2022,3250,976,0,3787196,3651490,240841,4028037,3892331,85.5408059662253,82.6589057715517,272
-7.6926,53.28823,2022/01/22 00:00:00+00,Sat 22 Jan 2022,4270,643,0,3791466,3652133,240841,4032307,3892974,85.631485183292,82.6725607449882,273
-7.6926,53.28823,2022/01/23 00:00:00+00,Sun 23 Jan 2022,3092,677,0,3794558,3652810,240841,4035399,3893651,85.6971479793506,82.6869377543451,274
-7.6926,53.28823,2022/01/24 00:00:00+00,Mon 24 Jan 2022,646,461,0,3795204,3653271,240841,4036045,3894112,85.7108666618389,82.6967277119722,275
-7.6926,53.28823,2022/01/25 00:00:00+00,Tue 25 Jan 2022,692,1837,0,3795896,3655108,240841,4036737,3895949,85.7255622164549,82.7357388880265,276
-7.6926,53.28823,2022/01/26 00:00:00+00,Wed 26 Jan 2022,700,896,0,3796596,3656004,240841,4037437,3896845,85.7404276618757,82.7547666581651,277
-7.6926,53.28823,2022/01/27 00:00:00+00,Thu 27 Jan 2022,1272,1175,0,3797868,3657179,240841,4038709,3898020,85.7674402998403,82.7797193701214,278
-7.6926,53.28823,2022/01/28 00:00:00+00,Fri 28 Jan 2022,1027,3094,1,3798895,3660273,240842,4039737,3901115,85.7892712682582,82.8454458752318,279
-7.6926,53.28823,2022/01/29 00:00:00+00,Sat 29 Jan 2022,2328,3444,0,3801223,3663717,240842,4042065,3904559,85.8387094924576,82.918583866702,280
-7.6926,53.28823,2022/01/30 00:00:00+00,Sun 30 Jan 2022,1638,7537,0,3802861,3671254,240842,4043703,3912096,85.8734946347422,83.0786422411825,281
-7.6926,53.28823,2022/01/31 00:00:00+00,Mon 31 Jan 2022,480,1392,0,3803341,3672646,240842,4044183,3913488,85.8836880830307,83.1082032412192,282
-7.6926,53.28823,2022/02/01 00:00:00+00,Tue 01 Feb 2022,747,3417,1,3804088,3676063,240843,4044931,3916906,85.8995728732804,83.1807890875738,283
-7.6926,53.28823,2022/02/02 00:00:00+00,Wed 02 Feb 2022,650,2996,0,3804738,3679059,240843,4045581,3919902,85.9133765011711,83.2444131939747,284
-7.6926,53.28823,2022/02/03 00:00:00+00,Thu 03 Feb 2022,905,2434,1,3805643,3681493,240844,4046487,3922337,85.9326166348157,83.2961237076884,285
-7.6926,53.28823,2022/02/04 00:00:00+00,Fri 04 Feb 2022,1173,6522,0,3806816,3688015,240844,4047660,3928859,85.9575268740708,83.4346271863088,286
-7.6926,53.28823,2022/02/05 00:00:00+00,Sat 05 Feb 2022,1777,5750,0,3808593,3693765,240844,4049437,3934609,85.9952638690889,83.5567362022652,287
-7.6926,53.28823,2022/02/06 00:00:00+00,Sun 06 Feb 2022,1407,7555,0,3810000,3701320,240844,4050844,3942164,86.0251434143847,83.7171768310565,288
-7.6926,53.28823,2022/02/07 00:00:00+00,Mon 07 Feb 2022,440,1351,0,3810440,3702671,240844,4051284,3943515,86.0344874086492,83.7458671407186,289
-7.6926,53.28823,2022/02/08 00:00:00+00,Tue 08 Feb 2022,901,1236,0,3811341,3703907,240844,4052185,3944751,86.0536213605408,83.7721152700616,290
-7.6926,53.28823,2022/02/09 00:00:00+00,Wed 09 Feb 2022,1332,1783,0,3812673,3705690,240844,4053517,3946534,86.0819081795415,83.8099796831834,291
-7.6926,53.28823,2022/02/10 00:00:00+00,Thu 10 Feb 2022,684,2548,0,3813357,3708238,240844,4054201,3949082,86.0964338433526,83.864089904515,292
-7.6926,53.28823,2022/02/11 00:00:00+00,Fri 11 Feb 2022,546,4920,0,3813903,3713158,240844,4054747,3954002,86.1080288907808,83.9685727494724,293
-7.6926,53.28823,2022/02/12 00:00:00+00,Sat 12 Feb 2022,1397,5462,0,3815300,3718620,240844,4056144,3959464,86.1376960725706,84.0845656964557,294
-7.6926,53.28823,2022/02/13 00:00:00+00,Sun 13 Feb 2022,1567,4706,0,3816867,3723326,240844,4057711,3964170,86.1709734339625,84.1845039623845,295
-7.6926,53.28823,2022/02/14 00:00:00+00,Mon 14 Feb 2022,172,953,0,3817039,3724279,240844,4057883,3965123,86.1746260862659,84.2047422045073,296
-7.6926,53.28823,2022/02/15 00:00:00+00,Tue 15 Feb 2022,649,818,1,3817688,3725097,240845,4058533,3965942,86.1884297141566,84.2221347756496,297
-7.6926,53.28823,2022/02/16 00:00:00+00,Wed 16 Feb 2022,800,1785,0,3818488,3726882,240845,4059333,3967727,86.2054187946375,84.2600416614726,298
-7.6926,53.28823,2022/02/17 00:00:00+00,Thu 17 Feb 2022,791,1191,2,3819279,3728073,240847,4060126,3968920,86.2222592206642,84.2853766277397,299
-7.6926,53.28823,2022/02/18 00:00:00+00,Fri 18 Feb 2022,790,3293,0,3820069,3731366,240847,4060916,3972213,86.239035937639,84.3553079302692,300
-7.6926,53.28823,2022/02/19 00:00:00+00,Sat 19 Feb 2022,980,3555,0,3821049,3734921,240847,4061896,3975768,86.2598475612281,84.4308031566561,301
-7.6926,53.28823,2022/02/20 00:00:00+00,Sun 20 Feb 2022,1366,3587,0,3822415,3738508,240847,4063262,3979355,86.2888564161492,84.5069779462623,302
-7.6926,53.28823,2022/02/21 00:00:00+00,Mon 21 Feb 2022,253,994,1,3822668,3739502,240848,4063516,3980350,86.2942504492019,84.5281081151104,303
-7.6926,53.28823,2022/02/22 00:00:00+00,Tue 22 Feb 2022,475,981,0,3823143,3740483,240848,4063991,3981331,86.3043377157374,84.54894097505,304
-7.6926,53.28823,2022/02/23 00:00:00+00,Wed 23 Feb 2022,830,1272,1,3823973,3741755,240849,4064822,3982604,86.3219851230869,84.5759748493653,305
-7.6926,53.28823,2022/02/24 00:00:00+00,Thu 24 Feb 2022,657,1233,0,3824630,3742988,240849,4065479,3983837,86.3359374054319,84.6021592696564,306
-7.6926,53.28823,2022/02/25 00:00:00+00,Fri 25 Feb 2022,690,1228,0,3825320,3744216,240849,4066169,3985065,86.3505904873466,84.6282375081946,307
-7.6926,53.28823,2022/02/26 00:00:00+00,Sat 26 Feb 2022,959,2092,0,3826279,3746308,240849,4067128,3987157,86.3709561475731,84.6726639536521,308
-7.6926,53.28823,2022/02/27 00:00:00+00,Sun 27 Feb 2022,671,1783,0,3826950,3748091,240849,4067799,3988940,86.3852057388264,84.7105283667739,309
-7.6926,53.28823,2022/02/28 00:00:00+00,Mon 28 Feb 2022,81,428,0,3827031,3748519,240849,4067880,3989368,86.3869258832251,84.7196175248311,310
-7.6926,53.28823,2022/03/01 00:00:00+00,Tue 01 Mar 2022,129,937,0,3827160,3749456,240849,4068009,3990305,86.3896653724527,84.7395159853444,311
-7.6926,53.28823,2022/03/02 00:00:00+00,Wed 02 Mar 2022,206,996,2,3827366,3750452,240851,4068217,3991303,86.3940825333777,84.7607098632443,312
-7.6926,53.28823,2022/03/03 00:00:00+00,Thu 03 Mar 2022,279,1273,0,3827645,3751725,240851,4068496,3992576,86.4000074751954,84.7877437375595,313
-7.6926,53.28823,2022/03/04 00:00:00+00,Fri 04 Mar 2022,734,1506,1,3828379,3753231,240852,4069231,3994083,86.4156161928872,84.8197469179154,314
-7.6926,53.28823,2022/03/05 00:00:00+00,Sat 05 Mar 2022,962,3341,0,3829341,3756572,240852,4070193,3997424,86.4360455621655,84.8906975652736,315
-7.6926,53.28823,2022/03/06 00:00:00+00,Sun 06 Mar 2022,455,1915,0,3829796,3758487,240852,4070648,3999339,86.445708101689,84.9313651766748,316
-7.6926,53.28823,2022/03/07 00:00:00+00,Mon 07 Mar 2022,114,123,1,3829910,3758610,240853,4070763,3999463,86.4481502820081,84.9339984841493,317
-7.6926,53.28823,2022/03/08 00:00:00+00,Tue 08 Mar 2022,120,492,0,3830030,3759102,240853,4070883,3999955,86.4506986440802,84.944446768645,318
-7.6926,53.28823,2022/03/09 00:00:00+00,Wed 09 Mar 2022,129,344,1,3830159,3759446,240854,4071013,4000300,86.4534593696584,84.9517733096024,319
-7.6926,53.28823,2022/03/10 00:00:00+00,Thu 10 Mar 2022,258,508,0,3830417,3759954,240854,4071271,4000808,86.4589383481135,84.9625613757078,320
-7.6926,53.28823,2022/03/11 00:00:00+00,Fri 11 Mar 2022,492,2182,0,3830909,3762136,240854,4071763,4002990,86.4693866326092,85.0088990927194,321
-7.6926,53.28823,2022/03/12 00:00:00+00,Sat 12 Mar 2022,473,2391,2,3831382,3764527,240856,4072238,4005383,86.4794738991448,85.0597176797078,322
-7.6926,53.28823,2022/03/13 00:00:00+00,Sun 13 Mar 2022,358,1082,0,3831740,3765609,240856,4072596,4006465,86.4870765126599,85.0826954110582,323
-7.6926,53.28823,2022/03/14 00:00:00+00,Mon 14 Mar 2022,109,121,0,3831849,3765730,240856,4072705,4006586,86.4893912748755,85.085265009481,324
-7.6926,53.28823,2022/03/15 00:00:00+00,Tue 15 Mar 2022,219,757,1,3832068,3766487,240857,4072925,4007344,86.4940632720077,85.1013621632366,325
-7.6926,53.28823,2022/03/16 00:00:00+00,Wed 16 Mar 2022,196,797,0,3832264,3767284,240857,4073121,4008141,86.4982255967255,85.1182875346657,326
-7.6926,53.28823,2022/03/18 00:00:00+00,Fri 18 Mar 2022,1,6,0,3832265,3767290,240857,4073122,4008147,86.4982468330761,85.1184149527693,327
-7.6926,53.28823,2022/03/19 00:00:00+00,Sat 19 Mar 2022,743,2779,0,3833008,3770069,240857,4073865,4010926,86.5140254415728,85.1774307710898,328
-7.6926,53.28823,2022/03/20 00:00:00+00,Sun 20 Mar 2022,395,1402,0,3833403,3771471,240857,4074260,4012328,86.5224138000602,85.2072041346325,329
-7.6926,53.28823,2022/03/21 00:00:00+00,Mon 21 Mar 2022,54,112,0,3833457,3771583,240857,4074314,4012440,86.5235605629926,85.2095826058998,330
-7.6926,53.28823,2022/03/22 00:00:00+00,Tue 22 Mar 2022,140,575,0,3833597,3772158,240857,4074454,4013015,86.5265336520768,85.2217935074955,331
-7.6926,53.28823,2022/03/23 00:00:00+00,Wed 23 Mar 2022,102,221,0,3833699,3772379,240857,4074556,4013236,86.5286997598381,85.2264867409783,332
-7.6926,53.28823,2022/03/24 00:00:00+00,Thu 24 Mar 2022,147,244,0,3833846,3772623,240857,4074703,4013480,86.5318215033765,85.231668410525,333
-7.6926,53.28823,2022/03/25 00:00:00+00,Fri 25 Mar 2022,435,1625,0,3834281,3774248,240857,4075138,4015105,86.541059315888,85.2661774802518,334
-7.6926,53.28823,2022/03/26 00:00:00+00,Sat 26 Mar 2022,874,1848,0,3835155,3776096,240857,4076012,4016953,86.5596198863133,85.3054222561626,335
-7.6926,53.28823,2022/03/27 00:00:00+00,Sun 27 Mar 2022,380,803,0,3835535,3776899,240857,4076392,4017756,86.5676896995417,85.3224750456953,336
-7.6926,53.28823,2022/03/27 23:00:00+00,Mon 28 Mar 2022,44,53,1,3835579,3776952,240858,4076437,4017810,86.5686453353188,85.3236218086278,337
-7.6926,53.28823,2022/03/28 23:00:00+00,Tue 29 Mar 2022,138,193,3,3835717,3777145,240861,4076578,4018006,86.5716396607535,85.3277841333456,338
-7.6926,53.28823,2022/03/29 23:00:00+00,Wed 30 Mar 2022,109,135,0,3835826,3777280,240861,4076687,4018141,86.5739544229691,85.3306510406767,339
-7.6926,53.28823,2022/03/30 23:00:00+00,Thu 31 Mar 2022,227,358,0,3836053,3777638,240861,4076914,4018499,86.5787750745555,85.3382536541919,340
-7.6926,53.28823,2022/03/31 23:00:00+00,Fri 01 Apr 2022,304,903,0,3836357,3778541,240861,4077218,4019402,86.5852309251383,85.3574300787847,341
-7.6926,53.28823,2022/04/01 23:00:00+00,Sat 02 Apr 2022,729,1539,0,3837086,3780080,240861,4077947,4020941,86.6007122247265,85.3901128223598,342
-7.6926,53.28823,2022/04/02 23:00:00+00,Sun 03 Apr 2022,537,816,0,3837623,3780896,240861,4078484,4021757,86.6121161449992,85.4074416844503,343
-7.6926,53.28823,2022/04/03 23:00:00+00,Mon 04 Apr 2022,49,53,0,3837672,3780949,240861,4078533,4021810,86.6131567261787,85.4085672110322,344
-7.6926,53.28823,2022/04/04 23:00:00+00,Tue 05 Apr 2022,130,169,0,3837802,3781118,240861,4078663,4021979,86.6159174517569,85.4121561542838,345
-7.6926,53.28823,2022/04/05 23:00:00+00,Wed 06 Apr 2022,159,209,0,3837961,3781327,240861,4078822,4022188,86.6192940315024,85.4165945515594,346
-7.6926,53.28823,2022/04/06 23:00:00+00,Thu 07 Apr 2022,116,178,0,3838077,3781505,240861,4078938,4022366,86.6217574481722,85.4203746219664,347
-7.6926,53.28823,2022/04/07 23:00:00+00,Fri 08 Apr 2022,259,421,2,3838336,3781926,240863,4079199,4022789,86.627300135679,85.4293575982707,348
-7.6926,53.28823,2022/04/08 23:00:00+00,Sat 09 Apr 2022,559,1018,0,3838895,3782944,240863,4079758,4023807,86.6391712556651,85.4509762031826,349
-7.6926,53.28823,2022/04/09 23:00:00+00,Sun 10 Apr 2022,413,719,0,3839308,3783663,240863,4080171,4024526,86.6479418684633,85.4662451392648,350
-7.6926,53.28823,2022/04/10 23:00:00+00,Mon 11 Apr 2022,70,92,1,3839378,3783755,240864,4080242,4024619,86.649449649356,85.4682201198707,351
-7.6926,53.28823,2022/04/11 23:00:00+00,Tue 12 Apr 2022,196,177,0,3839574,3783932,240864,4080438,4024796,86.6536119740738,85.4719789539271,352
-7.6926,53.28823,2022/04/12 23:00:00+00,Wed 13 Apr 2022,144,232,0,3839718,3784164,240864,4080582,4025028,86.6566700085604,85.4769057872666,353
-7.6926,53.28823,2022/04/13 23:00:00+00,Thu 14 Apr 2022,360,429,0,3840078,3784593,240864,4080942,4025457,86.6643150947768,85.4860161816744,354
-7.6926,53.28823,2022/04/14 23:00:00+00,Fri 15 Apr 2022,446,990,0,3840524,3785583,240864,4081388,4026447,86.6737865071449,85.5070401687695,355
-7.6926,53.28823,2022/04/15 23:00:00+00,Sat 16 Apr 2022,42,88,0,3840566,3785671,240864,4081430,4026535,86.6746784338701,85.5089089676224,356
-7.6926,53.28823,2022/04/16 23:00:00+00,Sun 17 Apr 2022,1,0,0,3840567,3785671,240864,4081431,4026535,86.6746996702207,85.5089089676224,357
-7.6926,53.28823,2022/04/17 23:00:00+00,Mon 18 Apr 2022,36,61,1,3840603,3785732,240865,4081468,4026597,86.675485415193,85.5102256213597,358
-7.6926,53.28823,2022/04/18 23:00:00+00,Tue 19 Apr 2022,218,269,1,3840821,3786001,240866,4081687,4026867,86.6801361759746,85.515959436022,359
-7.6926,53.28823,2022/04/19 23:00:00+00,Wed 20 Apr 2022,250,606,0,3841071,3786607,240866,4081937,4027473,86.6854452636249,85.5288286644863,360
-7.6926,53.28823,2022/04/20 23:00:00+00,Thu 21 Apr 2022,171,236,0,3841242,3786843,240866,4082108,4027709,86.6890766795777,85.5338404432281,361
-7.6926,53.28823,2022/04/21 23:00:00+00,Fri 22 Apr 2022,196,254,0,3841438,3787097,240866,4082304,4027963,86.6932390042955,85.5392344762808,362
-7.6926,53.28823,2022/04/22 23:00:00+00,Sat 23 Apr 2022,324,1010,0,3841762,3788107,240866,4082628,4028973,86.7001195818902,85.5606831903879,363
-7.6926,53.28823,2022/04/23 23:00:00+00,Sun 24 Apr 2022,181,253,0,3841943,3788360,240866,4082809,4029226,86.703963361349,85.56605598709,364
-7.6926,53.28823,2022/04/24 23:00:00+00,Mon 25 Apr 2022,42,58,1,3841985,3788418,240867,4082852,4029285,86.7048765244249,85.5673089317755,365
-7.6926,53.28823,2022/04/25 23:00:00+00,Tue 26 Apr 2022,145,238,0,3842130,3788656,240867,4082997,4029523,86.707955795262,85.5723631832185,366
-7.6926,53.28823,2022/04/26 23:00:00+00,Wed 27 Apr 2022,122,208,0,3842252,3788864,240867,4083119,4029731,86.7105466300354,85.5767803441436,367
-7.6926,53.28823,2022/04/27 23:00:00+00,Thu 28 Apr 2022,103,130,0,3842355,3788994,240867,4083222,4029861,86.7127339741473,85.5795410697217,368
-7.6926,53.28823,2022/04/28 23:00:00+00,Fri 29 Apr 2022,171,222,0,3842526,3789216,240867,4083393,4030083,86.7163653901001,85.5842555395551,369
-7.6926,53.28823,2022/04/29 23:00:00+00,Sat 30 Apr 2022,281,723,0,3842807,3789939,240867,4083674,4030806,86.722332804619,85.5996094210397,370
-7.6926,53.28823,2022/04/30 23:00:00+00,Sun 01 May 2022,187,746,0,3842994,3790685,240867,4083861,4031552,86.7263040021814,85.6154517385882,371
-7.6926,53.28823,2022/05/01 23:00:00+00,Mon 02 May 2022,13,26,0,3843007,3790711,240867,4083874,4031578,86.7265800747392,85.6160038837038,372
-7.6926,53.28823,2022/05/02 23:00:00+00,Tue 03 May 2022,101,117,0,3843108,3790828,240867,4083975,4031695,86.7287249461499,85.6184885367241,373
-7.6926,53.28823,2022/05/03 23:00:00+00,Wed 04 May 2022,116,128,0,3843224,3790956,240867,4084091,4031823,86.7311883628197,85.6212067896011,374
-7.6926,53.28823,2022/05/04 23:00:00+00,Thu 05 May 2022,117,164,0,3843341,3791120,240867,4084208,4031987,86.73367301584,85.6246895510996,375
-7.6926,53.28823,2022/05/05 23:00:00+00,Fri 06 May 2022,140,257,0,3843481,3791377,240867,4084348,4032244,86.7366461049241,85.6301472932041,376
-7.6926,53.28823,2022/05/06 23:00:00+00,Sat 07 May 2022,441,1088,0,3843922,3792465,240867,4084789,4033332,86.7460113355392,85.6532524426581,377
-7.6926,53.28823,2022/05/07 23:00:00+00,Sun 08 May 2022,275,437,0,3844197,3792902,240867,4085064,4033769,86.7518513319545,85.6625327278708,378
-7.6926,53.28823,2022/05/08 23:00:00+00,Mon 09 May 2022,27,32,0,3844224,3792934,240867,4085091,4033801,86.7524247134208,85.66321229109,379
-7.6926,53.28823,2022/05/09 23:00:00+00,Tue 10 May 2022,86,98,1,3844310,3793032,240868,4085178,4033900,86.7542722759231,85.6653146897996,380
-7.6926,53.28823,2022/05/10 23:00:00+00,Wed 11 May 2022,123,132,0,3844433,3793164,240868,4085301,4034032,86.756884347047,85.6681178880789,381
-7.6926,53.28823,2022/05/11 23:00:00+00,Thu 12 May 2022,247,396,0,3844680,3793560,240868,4085548,4034428,86.7621297256455,85.676527482917,382
-7.6926,53.28823,2022/05/12 23:00:00+00,Fri 13 May 2022,182,326,0,3844862,3793886,240868,4085730,4034754,86.7659947414549,85.6834505332129,383
-7.6926,53.28823,2022/05/13 23:00:00+00,Sat 14 May 2022,333,632,0,3845195,3794518,240868,4086063,4035386,86.773066446205,85.6968719067928,384
-7.6926,53.28823,2022/05/14 23:00:00+00,Sun 15 May 2022,169,254,0,3845364,3794772,240868,4086232,4035640,86.7766553894566,85.7022659398455,385
-7.6926,53.28823,2022/05/15 23:00:00+00,Mon 16 May 2022,31,40,0,3845395,3794812,240868,4086263,4035680,86.7773137163253,85.7031153938695,386
-7.6926,53.28823,2022/05/16 23:00:00+00,Tue 17 May 2022,98,96,0,3845493,3794908,240868,4086361,4035776,86.7793948786842,85.7051540835272,387
-7.6926,53.28823,2022/05/17 23:00:00+00,Wed 18 May 2022,103,121,0,3845596,3795029,240868,4086464,4035897,86.7815822227961,85.70772368195,388
-7.6926,53.28823,2022/05/18 23:00:00+00,Thu 19 May 2022,100,104,0,3845696,3795133,240868,4086564,4036001,86.7837058578562,85.7099322624125,389
-7.6926,53.28823,2022/05/19 23:00:00+00,Fri 20 May 2022,127,208,0,3845823,3795341,240868,4086691,4036209,86.7864028743825,85.7143494233375,390
-7.6926,53.28823,2022/05/20 23:00:00+00,Sat 21 May 2022,393,761,0,3846216,3796102,240868,4087084,4036970,86.7947487601688,85.730510286145,391
-7.6926,53.28823,2022/05/21 23:00:00+00,Sun 22 May 2022,234,409,0,3846450,3796511,240868,4087318,4037379,86.7997180662094,85.7391959535408,392
-7.6926,53.28823,2022/05/22 23:00:00+00,Mon 23 May 2022,30,35,0,3846480,3796546,240868,4087348,4037414,86.8003551567274,85.7399392258118,393
-7.6926,53.28823,2022/05/23 23:00:00+00,Tue 24 May 2022,77,83,0,3846557,3796629,240868,4087425,4037497,86.8019903557237,85.7417018429117,394
-7.6926,53.28823,2022/05/24 23:00:00+00,Wed 25 May 2022,89,133,0,3846646,3796762,240868,4087514,4037630,86.8038803909272,85.7445262775417,395
-7.6926,53.28823,2022/05/25 23:00:00+00,Thu 26 May 2022,136,155,0,3846782,3796917,240868,4087650,4037785,86.806768534609,85.7478179118849,396
-7.6926,53.28823,2022/05/26 23:00:00+00,Fri 27 May 2022,98,151,0,3846880,3797068,240868,4087748,4037936,86.8088496969679,85.7510246008256,397
-7.6926,53.28823,2022/05/27 23:00:00+00,Sat 28 May 2022,335,578,0,3847215,3797646,240868,4088083,4038514,86.8159638744193,85.7632992114731,398
-7.6926,53.28823,2022/05/28 23:00:00+00,Sun 29 May 2022,181,348,0,3847396,3797994,240868,4088264,4038862,86.8198076538781,85.7706894614822,399
-7.6926,53.28823,2022/05/29 23:00:00+00,Mon 30 May 2022,11,21,0,3847407,3798015,240868,4088275,4038883,86.8200412537347,85.7711354248449,400
-7.6926,53.28823,2022/05/30 23:00:00+00,Tue 31 May 2022,66,79,1,3847473,3798094,240869,4088342,4038963,86.8214640892249,85.772834332893,401
-7.6926,53.28823,2022/05/31 23:00:00+00,Wed 01 Jun 2022,73,100,0,3847546,3798194,240869,4088415,4039063,86.8230143428188,85.7749579679531,402
-7.6926,53.28823,2022/06/01 23:00:00+00,Thu 02 Jun 2022,120,138,0,3847666,3798332,240869,4088535,4039201,86.825562704891,85.777888584336,403
-7.6926,53.28823,2022/06/02 23:00:00+00,Fri 03 Jun 2022,63,144,0,3847729,3798476,240869,4088598,4039345,86.8269005949788,85.7809466188226,404
-7.6926,53.28823,2022/06/03 23:00:00+00,Sat 04 Jun 2022,307,606,0,3848036,3799082,240869,4088905,4039951,86.8334201546134,85.7938158472869,405
-7.6926,53.28823,2022/06/04 23:00:00+00,Sun 05 Jun 2022,142,273,0,3848178,3799355,240869,4089047,4040224,86.8364357163987,85.799613371001,406
-7.6926,53.28823,2022/06/05 23:00:00+00,Mon 06 Jun 2022,3,6,0,3848181,3799361,240869,4089050,4040230,86.8364994254505,85.7997407891046,407
-7.6926,53.28823,2022/06/06 23:00:00+00,Tue 07 Jun 2022,29,50,0,3848210,3799411,240869,4089079,4040280,86.837115279618,85.8008026066346,408
-7.6926,53.28823,2022/06/07 23:00:00+00,Wed 08 Jun 2022,41,76,0,3848251,3799487,240869,4089120,4040356,86.8379859699926,85.8024165692803,409
-7.6926,53.28823,2022/06/08 23:00:00+00,Thu 09 Jun 2022,82,123,0,3848333,3799610,240869,4089202,4040479,86.8397273507419,85.8050286404042,410
-7.6926,53.28823,2022/06/09 23:00:00+00,Fri 10 Jun 2022,55,108,0,3848388,3799718,240869,4089257,4040587,86.840895350025,85.8073221662692,411
-7.6926,53.28823,2022/06/10 23:00:00+00,Sat 11 Jun 2022,190,560,0,3848578,3800278,240869,4089447,4041147,86.8449302566392,85.8192145226058,412
-7.6926,53.28823,2022/06/11 23:00:00+00,Sun 12 Jun 2022,143,287,0,3848721,3800565,240869,4089590,4041434,86.8479670547751,85.8253093552283,413
-7.6926,53.28823,2022/06/12 23:00:00+00,Mon 13 Jun 2022,19,44,0,3848740,3800609,240869,4089609,4041478,86.8483705454366,85.8262437546547,414
-7.6926,53.28823,2022/06/13 23:00:00+00,Tue 14 Jun 2022,39,54,0,3848779,3800663,240869,4089648,4041532,86.84919876311,85.8273905175872,415
-7.6926,53.28823,2022/06/14 23:00:00+00,Wed 15 Jun 2022,70,122,0,3848849,3800785,240869,4089718,4041654,86.8506853076521,85.8299813523605,416
-7.6926,53.28823,2022/06/15 23:00:00+00,Thu 16 Jun 2022,82,85,0,3848931,3800870,240869,4089800,4041739,86.8524266884014,85.8317864421616,417
-7.6926,53.28823,2022/06/16 23:00:00+00,Fri 17 Jun 2022,60,94,0,3848991,3800964,240869,4089860,4041833,86.8537008694374,85.8337826591181,418
-7.6926,53.28823,2022/06/17 23:00:00+00,Sat 18 Jun 2022,223,487,0,3849214,3801451,240869,4090083,4042320,86.8584365756215,85.8441247618609,419
-7.6926,53.28823,2022/06/18 23:00:00+00,Sun 19 Jun 2022,80,129,0,3849294,3801580,240869,4090163,4042449,86.8601354836696,85.8468642510884,420
-7.6926,53.28823,2022/06/19 23:00:00+00,Mon 20 Jun 2022,8,27,0,3849302,3801607,240869,4090171,4042476,86.8603053744744,85.8474376325546,421
-7.6926,53.28823,2022/06/20 23:00:00+00,Tue 21 Jun 2022,79,168,1,3849381,3801775,240870,4090251,4042645,86.8620042825225,85.8510265758062,422
-7.6926,53.28823,2022/06/21 23:00:00+00,Wed 22 Jun 2022,59,95,0,3849440,3801870,240870,4090310,4042740,86.8632572272079,85.8530440291133,423
-7.6926,53.28823,2022/06/22 23:00:00+00,Thu 23 Jun 2022,64,113,0,3849504,3801983,240870,4090374,4042853,86.8646163536464,85.8554437367313,424
-7.6926,53.28823,2022/06/23 23:00:00+00,Fri 24 Jun 2022,56,90,1,3849560,3802073,240871,4090431,4042944,86.8658268256307,85.857376244636,425
-7.6926,53.28823,2022/06/24 23:00:00+00,Sat 25 Jun 2022,209,292,0,3849769,3802365,240871,4090640,4043236,86.8702652229063,85.8635772590115,426
-7.6926,53.28823,2022/06/25 23:00:00+00,Sun 26 Jun 2022,174,403,0,3849943,3802768,240871,4090814,4043639,86.8739603479109,85.8721355083037,427
-7.6926,53.28823,2022/06/26 23:00:00+00,Mon 27 Jun 2022,2,33,0,3849945,3802801,240871,4090816,4043672,86.8740028206121,85.8728363078736,428
-7.6926,53.28823,2022/06/27 23:00:00+00,Tue 28 Jun 2022,47,60,0,3849992,3802861,240871,4090863,4043732,86.8750009290903,85.8741104889096,429
-7.6926,53.28823,2022/06/28 23:00:00+00,Wed 29 Jun 2022,65,81,3,3850057,3802942,240874,4090931,4043816,86.8764450009312,85.8758943423601,430
-7.6926,53.28823,2022/06/29 23:00:00+00,Thu 30 Jun 2022,70,86,0,3850127,3803028,240874,4091001,4043902,86.8779315454733,85.8777206685118,431
-7.6926,53.28823,2022/06/30 23:00:00+00,Fri 01 Jul 2022,48,62,0,3850175,3803090,240874,4091049,4043964,86.8789508903021,85.8790373222491,432
-7.6926,53.28823,2022/07/01 23:00:00+00,Sat 02 Jul 2022,182,227,0,3850357,3803317,240874,4091231,4044191,86.8828159061115,85.8838579738355,433
-7.6926,53.28823,2022/07/02 23:00:00+00,Sun 03 Jul 2022,108,272,0,3850465,3803589,240874,4091339,4044463,86.8851094319765,85.889634261199,434
-7.6926,53.28823,2022/07/03 23:00:00+00,Mon 04 Jul 2022,14,14,0,3850479,3803603,240874,4091353,4044477,86.8854067408849,85.8899315701075,435
-7.6926,53.28823,2022/07/04 23:00:00+00,Tue 05 Jul 2022,53,68,0,3850532,3803671,240874,4091406,4044545,86.8865322674667,85.8913756419483,436
-7.6926,53.28823,2022/07/05 23:00:00+00,Wed 06 Jul 2022,63,82,0,3850595,3803753,240874,4091469,4044627,86.8878701575546,85.8931170226976,437
-7.6926,53.28823,2022/07/06 23:00:00+00,Thu 07 Jul 2022,76,73,0,3850671,3803826,240874,4091545,4044700,86.8894841202003,85.8946672762915,438
-7.6926,53.28823,2022/07/07 23:00:00+00,Fri 08 Jul 2022,101,88,0,3850772,3803914,240874,4091646,4044788,86.891628991611,85.8965360751444,439
-7.6926,53.28823,2022/07/08 23:00:00+00,Sat 09 Jul 2022,120,141,0,3850892,3804055,240874,4091766,4044929,86.8941773536831,85.8995304005792,440
-7.6926,53.28823,2022/07/09 23:00:00+00,Sun 10 Jul 2022,131,219,0,3851023,3804274,240874,4091897,4045148,86.8969593156119,85.9041811613608,441
-7.6926,53.28823,2022/07/10 23:00:00+00,Mon 11 Jul 2022,9,13,0,3851032,3804287,240874,4091906,4045161,86.8971504427673,85.9044572339186,442
-7.6926,53.28823,2022/07/11 23:00:00+00,Tue 12 Jul 2022,42,80,0,3851074,3804367,240874,4091948,4045241,86.8980423694925,85.9061561419667,443
-7.6926,53.28823,2022/07/12 23:00:00+00,Wed 13 Jul 2022,96,71,0,3851170,3804438,240874,4092044,4045312,86.9000810591503,85.9076639228594,444
-7.6926,53.28823,2022/07/13 23:00:00+00,Thu 14 Jul 2022,40,39,0,3851210,3804477,240874,4092084,4045351,86.9009305131743,85.9084921405328,445
-7.6926,53.28823,2022/07/14 23:00:00+00,Fri 15 Jul 2022,78,111,1,3851288,3804588,240875,4092163,4045463,86.9026081848718,85.9108706118001,446
-7.6926,53.28823,2022/07/15 23:00:00+00,Sat 16 Jul 2022,124,209,0,3851412,3804797,240875,4092287,4045672,86.9052414923463,85.9153090090758,447
-7.6926,53.28823,2022/07/16 23:00:00+00,Sun 17 Jul 2022,119,165,0,3851531,3804962,240875,4092406,4045837,86.9077686180678,85.918813006925,448
-7.6926,53.28823,2022/07/17 23:00:00+00,Mon 18 Jul 2022,9,16,0,3851540,3804978,240875,4092415,4045853,86.9079597452233,85.9191527885346,449
-7.6926,53.28823,2022/07/18 23:00:00+00,Tue 19 Jul 2022,29,33,0,3851569,3805011,240875,4092444,4045886,86.9085755993907,85.9198535881044,450
-7.6926,53.28823,2022/07/19 23:00:00+00,Wed 20 Jul 2022,73,63,0,3851642,3805074,240875,4092517,4045949,86.9101258529846,85.9211914781923,451
-7.6926,53.28823,2022/07/20 23:00:00+00,Thu 21 Jul 2022,48,27,0,3851690,3805101,240875,4092565,4045976,86.9111451978134,85.9217648596585,452
-7.6926,53.28823,2022/07/21 23:00:00+00,Fri 22 Jul 2022,70,67,0,3851760,3805168,240875,4092635,4046043,86.9126317423555,85.9231876951488,453
-7.6926,53.28823,2022/07/22 23:00:00+00,Sat 23 Jul 2022,98,172,0,3851858,3805340,240875,4092733,4046215,86.9147129047144,85.9268403474522,454
-7.6926,53.28823,2022/07/23 23:00:00+00,Sun 24 Jul 2022,106,232,0,3851964,3805572,240875,4092839,4046447,86.9169639578781,85.9317671807916,455
-7.6926,53.28823,2022/07/24 23:00:00+00,Mon 25 Jul 2022,12,21,0,3851976,3805593,240875,4092851,4046468,86.9172187940853,85.9322131441543,456
-7.6926,53.28823,2022/07/25 23:00:00+00,Tue 26 Jul 2022,15,13,0,3851991,3805606,240875,4092866,4046481,86.9175373393443,85.9324892167121,457
-7.6926,53.28823,2022/07/26 23:00:00+00,Wed 27 Jul 2022,58,67,1,3852049,3805673,240876,4092925,4046549,86.9187902840298,85.933933288553,458
-7.6926,53.28823,2022/07/27 23:00:00+00,Thu 28 Jul 2022,19,47,0,3852068,3805720,240876,4092944,4046596,86.9191937746912,85.9349313970312,459
-7.6926,53.28823,2022/07/28 23:00:00+00,Fri 29 Jul 2022,50,81,0,3852118,3805801,240876,4092994,4046677,86.9202555922213,85.9366515414299,460
-7.6926,53.28823,2022/07/29 23:00:00+00,Sat 30 Jul 2022,96,104,0,3852214,3805905,240876,4093090,4046781,86.922294281879,85.9388601218924,461
-7.6926,53.28823,2022/07/30 23:00:00+00,Sun 31 Jul 2022,31,57,0,3852245,3805962,240876,4093121,4046838,86.9229526087476,85.9400705938767,462
-7.6926,53.28823,2022/07/31 23:00:00+00,Mon 01 Aug 2022,9,13,0,3852254,3805975,240876,4093130,4046851,86.923143735903,85.9403466664345,463
-7.6926,53.28823,2022/08/01 23:00:00+00,Tue 02 Aug 2022,21,20,0,3852275,3805995,240876,4093151,4046871,86.9235896992657,85.9407713934465,464
-7.6926,53.28823,2022/08/02 23:00:00+00,Wed 03 Aug 2022,79,129,0,3852354,3806124,240876,4093230,4047000,86.9252673709632,85.943510882674,465
-7.6926,53.28823,2022/08/03 23:00:00+00,Thu 04 Aug 2022,24,30,0,3852378,3806154,240876,4093254,4047030,86.9257770433776,85.9441479731921,466
-7.6926,53.28823,2022/08/04 23:00:00+00,Fri 05 Aug 2022,87,71,0,3852465,3806225,240876,4093341,4047101,86.9276246058799,85.9456557540848,467
-7.6926,53.28823,2022/08/05 23:00:00+00,Sat 06 Aug 2022,65,121,0,3852530,3806346,240876,4093406,4047222,86.9290049686689,85.9482253525075,468
-7.6926,53.28823,2022/08/06 23:00:00+00,Sun 07 Aug 2022,27,80,0,3852557,3806426,240876,4093433,4047302,86.9295783501352,85.9499242605556,469
-7.6926,53.28823,2020/12/28 00:00:00+00,Mon 28 Dec 2020,223,14,1,223,14,1,224,15,0.00475694253464764,0.000318545259016583,470
-7.6926,53.28823,2020/12/29 00:00:00+00,Tue 29 Dec 2020,77,2,0,300,16,1,301,17,0.00639214153093276,0.000361017960218794,471
-7.6926,53.28823,2020/12/30 00:00:00+00,Wed 30 Dec 2020,1057,1,0,1357,17,1,1358,18,0.0288389641163013,0.000382254310819899,472
-7.6926,53.28823,2020/12/31 00:00:00+00,Thu 31 Dec 2020,1033,1,0,2390,18,1,2391,19,0.0507761142872433,0.000403490661421005,473
-7.6926,53.28823,2021/01/01 00:00:00+00,Fri 01 Jan 2021,814,0,0,3204,18,1,3205,19,0.0680625036765432,0.000403490661421005,474
-7.6926,53.28823,2021/01/02 00:00:00+00,Sat 02 Jan 2021,1016,0,0,4220,18,1,4221,19,0.0896386358872664,0.000403490661421005,475
-7.6926,53.28823,2021/01/03 00:00:00+00,Sun 03 Jan 2021,20,2,1,4240,20,2,4242,22,0.0900845992498896,0.000467199713224322,476
-7.6926,53.28823,2021/01/04 00:00:00+00,Mon 04 Jan 2021,1189,3,0,5429,23,2,5431,25,0.115334620114604,0.000530908765027638,477
-7.6926,53.28823,2021/01/05 00:00:00+00,Tue 05 Jan 2021,3531,13,0,8960,36,2,8962,38,0.190320174087108,0.00080698132284201,478
-7.6926,53.28823,2021/01/06 00:00:00+00,Wed 06 Jan 2021,6777,12,0,15737,48,2,15739,50,0.3342389221108,0.00106181753005528,479
-7.6926,53.28823,2021/01/07 00:00:00+00,Thu 07 Jan 2021,11726,8,0,27463,56,2,27465,58,0.583256369259363,0.00123170833486412,480
-7.6926,53.28823,2021/01/08 00:00:00+00,Fri 08 Jan 2021,12682,5,0,40145,61,2,40147,63,0.852575767582583,0.00133789008786965,481
-7.6926,53.28823,2021/01/09 00:00:00+00,Sat 09 Jan 2021,8073,7,0,48218,68,2,48220,70,1.02401682598531,0.00148654454207739,482
-7.6926,53.28823,2021/01/10 00:00:00+00,Sun 10 Jan 2021,4781,4,1,52999,72,3,53002,75,1.12556905455979,0.00159272629508291,483
-7.6926,53.28823,2021/01/11 00:00:00+00,Mon 11 Jan 2021,8343,7,0,61342,79,3,61345,82,1.30274392762482,0.00174138074929065,484
-7.6926,53.28823,2021/01/12 00:00:00+00,Tue 12 Jan 2021,8885,10,0,70227,89,3,70230,92,1.49142890271564,0.00195374425530171,485
-7.6926,53.28823,2021/01/13 00:00:00+00,Wed 13 Jan 2021,9884,4,0,80111,93,3,80114,96,1.70132899205697,0.00203868965770613,486
-7.6926,53.28823,2021/01/14 00:00:00+00,Thu 14 Jan 2021,8084,4,0,88195,97,3,88198,100,1.8730036503163,0.00212363506011055,487
-7.6926,53.28823,2021/01/15 00:00:00+00,Fri 15 Jan 2021,7691,2,0,95886,99,3,95889,102,2.03633242278941,0.00216610776131276,488
-7.6926,53.28823,2021/01/16 00:00:00+00,Sat 16 Jan 2021,5237,3,0,101123,102,3,101126,105,2.1475471908874,0.00222981681311608,489
-7.6926,53.28823,2021/01/17 00:00:00+00,Sun 17 Jan 2021,1113,4,0,102236,106,3,102239,109,2.17118324910643,0.0023147622155205,490
-7.6926,53.28823,2021/01/18 00:00:00+00,Mon 18 Jan 2021,8714,8,1,110950,114,4,110954,118,2.35625804459506,0.00250588937093045,491
-7.6926,53.28823,2021/01/19 00:00:00+00,Tue 19 Jan 2021,8382,19,0,119332,133,4,119336,137,2.53426113533353,0.00290938003235146,492
-7.6926,53.28823,2021/01/20 00:00:00+00,Wed 20 Jan 2021,8446,962,0,127778,1095,4,127782,1099,2.71362335251047,0.023338749310615,493
-7.6926,53.28823,2021/01/21 00:00:00+00,Thu 21 Jan 2021,9006,962,0,136784,2057,4,136788,2061,2.90487792602402,0.0437681185888785,494
-7.6926,53.28823,2021/01/22 00:00:00+00,Fri 22 Jan 2021,6782,967,0,143566,3024,4,143570,3028,3.04890285580072,0.0643036696201475,495
-7.6926,53.28823,2021/01/23 00:00:00+00,Sat 23 Jan 2021,4188,460,0,147754,3484,4,147758,3488,3.13784069211815,0.0740723908966561,496
-7.6926,53.28823,2021/01/24 00:00:00+00,Sun 24 Jan 2021,1182,398,0,148936,3882,4,148940,3886,3.16294205852866,0.0825244584358961,497
-7.6926,53.28823,2021/01/25 00:00:00+00,Mon 25 Jan 2021,1359,1289,0,150295,5171,4,150299,5175,3.19180225899556,0.109898114360721,498
-7.6926,53.28823,2021/01/26 00:00:00+00,Tue 26 Jan 2021,1002,3500,0,151297,8671,4,151301,8675,3.21308108229787,0.18422534146459,499
-7.6926,53.28823,2021/01/27 00:00:00+00,Wed 27 Jan 2021,2178,6700,0,153475,15371,4,153479,15375,3.25933385390707,0.326508890491997,500
-7.6926,53.28823,2021/01/28 00:00:00+00,Thu 28 Jan 2021,1009,11541,0,154484,26912,4,154488,26916,3.28076133166359,0.571597612779356,501
-7.6926,53.28823,2021/01/29 00:00:00+00,Fri 29 Jan 2021,1578,11526,0,156062,38438,4,156066,38442,3.31427229291213,0.816367789807699,502
-7.6926,53.28823,2021/01/30 00:00:00+00,Sat 30 Jan 2021,641,7792,0,156703,46230,4,156707,46234,3.32788479364744,0.981841433691513,503
-7.6926,53.28823,2021/01/31 00:00:00+00,Sun 31 Jan 2021,231,4086,0,156934,50316,4,156938,50320,3.3327903906363,1.06861316224763,504
-7.6926,53.28823,2021/02/01 00:00:00+00,Mon 01 Feb 2021,1027,8334,1,157961,58650,5,157966,58655,3.35462135905424,1.24561814450784,505
-7.6926,53.28823,2021/02/02 00:00:00+00,Tue 02 Feb 2021,829,5108,0,158790,63758,5,158795,63763,3.37222629370255,1.35409342337829,506
-7.6926,53.28823,2021/02/03 00:00:00+00,Wed 03 Feb 2021,1404,6865,0,160194,70623,5,160199,70628,3.4020421299465,1.49988097025488,507
-7.6926,53.28823,2021/02/04 00:00:00+00,Thu 04 Feb 2021,1435,10541,1,161629,81164,6,161635,81170,3.43253752940969,1.72375457829174,508
-7.6926,53.28823,2021/02/05 00:00:00+00,Fri 05 Feb 2021,3395,8614,0,165024,89778,6,165030,89784,3.50463493970044,1.90668450236966,509
-7.6926,53.28823,2021/02/06 00:00:00+00,Sat 06 Feb 2021,900,3870,0,165924,93648,6,165930,93654,3.52374765524144,1.98886917919594,510
-7.6926,53.28823,2021/02/07 00:00:00+00,Sun 07 Feb 2021,331,1300,2,166255,94948,8,166263,94956,3.53081935999161,2.01651890767858,511
-7.6926,53.28823,2021/02/08 00:00:00+00,Mon 08 Feb 2021,1185,879,0,167440,95827,8,167448,95835,3.55598443545392,2.03518565985695,512
-7.6926,53.28823,2021/02/09 00:00:00+00,Tue 09 Feb 2021,4263,544,3,171703,96371,11,171714,96382,3.64657870711823,2.04680194363575,513
-7.6926,53.28823,2021/02/10 00:00:00+00,Wed 10 Feb 2021,8825,579,0,180528,96950,11,180539,96961,3.83398950117299,2.05909779063379,514
-7.6926,53.28823,2021/02/11 00:00:00+00,Thu 11 Feb 2021,6185,445,0,186713,97395,11,186724,97406,3.96533632964083,2.06854796665128,515
-7.6926,53.28823,2021/02/12 00:00:00+00,Fri 12 Feb 2021,4396,524,0,191109,97919,11,191120,97930,4.05869132688329,2.07967581436626,516
-7.6926,53.28823,2021/02/13 00:00:00+00,Sat 13 Feb 2021,1210,1914,0,192319,99833,11,192330,99844,4.08438731111062,2.12032218941678,517
-7.6926,53.28823,2021/02/14 00:00:00+00,Sun 14 Feb 2021,2701,27,0,195020,99860,11,195031,99871,4.14174669408421,2.12089557088301,518
-7.6926,53.28823,2021/02/15 00:00:00+00,Mon 15 Feb 2021,1964,7889,0,196984,107749,11,196995,107760,4.18345488666478,2.28842914077513,519
-7.6926,53.28823,2021/02/16 00:00:00+00,Tue 16 Feb 2021,5651,8162,0,202635,115911,11,202646,115922,4.30346150391163,2.46176023438135,520
-7.6926,53.28823,2021/02/17 00:00:00+00,Wed 17 Feb 2021,9745,8465,0,212380,124376,11,212391,124387,4.5104097405194,2.64152594221971,521
-7.6926,53.28823,2021/02/18 00:00:00+00,Thu 18 Feb 2021,8466,8354,1,220846,132730,12,220858,132742,4.69021792105896,2.81895565149195,522
-7.6926,53.28823,2021/02/19 00:00:00+00,Fri 19 Feb 2021,9387,6582,0,230233,139312,12,230245,139324,4.88956354415154,2.95873331114843,523
-7.6926,53.28823,2021/02/20 00:00:00+00,Sat 20 Feb 2021,5886,3571,2,236119,142883,14,236133,142897,5.01460317649085,3.03461079184618,524
-7.6926,53.28823,2021/02/21 00:00:00+00,Sun 21 Feb 2021,1112,1024,6,237231,143907,20,237251,143927,5.03834541646289,3.05648423296531,525
-7.6926,53.28823,2021/02/22 00:00:00+00,Mon 22 Feb 2021,3944,1122,1,241175,145029,21,241196,145050,5.12212281958425,3.08033265469036,526
-7.6926,53.28823,2021/02/23 00:00:00+00,Tue 23 Feb 2021,13361,1067,1,254536,146096,22,254558,146118,5.40588293631622,3.10301307713234,527
-7.6926,53.28823,2021/02/24 00:00:00+00,Wed 24 Feb 2021,16937,2104,3,271473,148200,25,271498,148225,5.76562671549895,3.14775806784887,528
-7.6926,53.28823,2021/02/25 00:00:00+00,Thu 25 Feb 2021,18093,1757,2,289566,149957,27,289593,149984,6.14989847962595,3.18511280855621,529
-7.6926,53.28823,2021/02/26 00:00:00+00,Fri 26 Feb 2021,16078,2769,0,305644,152726,27,305671,152753,6.49133652459053,3.24391626337067,530
-7.6926,53.28823,2021/02/27 00:00:00+00,Sat 27 Feb 2021,8995,704,1,314639,153430,28,314667,153458,6.68237873459807,3.25888789054445,531
-7.6926,53.28823,2021/02/28 00:00:00+00,Sun 28 Feb 2021,2444,57,2,317083,153487,30,317113,153517,6.73432284816838,3.26014083522992,532
-7.6926,53.28823,2021/03/01 00:00:00+00,Mon 01 Mar 2021,5601,793,0,322684,154280,30,322714,154310,6.85326764788517,3.27698126125659,533
-7.6926,53.28823,2021/03/02 00:00:00+00,Tue 02 Mar 2021,12178,1611,0,334862,155891,30,334892,155921,7.11188392550543,3.31119302207497,534
-7.6926,53.28823,2021/03/03 00:00:00+00,Wed 03 Mar 2021,12911,1505,1,347773,157396,31,347804,157427,7.38608768446691,3.34317496608024,535
-7.6926,53.28823,2021/03/04 00:00:00+00,Thu 04 Mar 2021,18739,1691,5,366512,159087,36,366548,159123,7.78414184013403,3.37919181669971,536
-7.6926,53.28823,2021/03/05 00:00:00+00,Fri 05 Mar 2021,18448,2398,6,384960,161485,42,385002,161527,8.17603745412683,3.43024400354477,537
-7.6926,53.28823,2021/03/06 00:00:00+00,Sat 06 Mar 2021,10401,141,4,395361,161626,46,395407,161672,8.39700168213133,3.43332327438193,538
-7.6926,53.28823,2021/03/07 00:00:00+00,Sun 07 Mar 2021,1522,12,3,396883,161638,49,396932,161687,8.42938711679802,3.43364181964095,539
-7.6926,53.28823,2021/03/08 00:00:00+00,Mon 08 Mar 2021,6668,1497,5,403551,163135,54,403605,163189,8.57109728435919,3.46553881824381,540
-7.6926,53.28823,2021/03/09 00:00:00+00,Tue 09 Mar 2021,13829,3106,6,417380,166241,60,417440,166301,8.86490219492549,3.53162634131445,541
-7.6926,53.28823,2021/03/10 00:00:00+00,Wed 10 Mar 2021,13736,3990,3,431116,170231,63,431179,170294,9.15666841583408,3.61642308926466,542
-7.6926,53.28823,2021/03/11 00:00:00+00,Thu 11 Mar 2021,18481,2102,3,449597,172333,66,449663,172399,9.54920112034491,3.66112560727999,543
-7.6926,53.28823,2021/03/12 00:00:00+00,Fri 12 Mar 2021,17332,1339,4,466929,173672,70,466999,173742,9.91735449436568,3.68964602613728,544
-7.6926,53.28823,2021/03/13 00:00:00+00,Sat 13 Mar 2021,8309,174,0,475238,173846,70,475308,173916,10.0938073315103,3.69334115114187,545
-7.6926,53.28823,2021/03/14 00:00:00+00,Sun 14 Mar 2021,383,20,2,475621,173866,72,475693,173938,10.1019833264917,3.69380835085509,546
-7.6926,53.28823,2021/03/15 00:00:00+00,Mon 15 Mar 2021,2655,992,0,478276,174858,72,478348,174930,10.1583658373376,3.71487481065139,547
-7.6926,53.28823,2021/03/16 00:00:00+00,Tue 16 Mar 2021,8945,3823,2,487221,178681,74,487295,178755,10.3483674661657,3.79610385170062,548
-7.6926,53.28823,2021/03/17 00:00:00+00,Wed 17 Mar 2021,4898,2415,6,492119,181096,80,492199,181176,10.4525105295135,3.84751705650589,549
-7.6926,53.28823,2021/03/18 00:00:00+00,Thu 18 Mar 2021,11731,4682,5,503850,185778,85,503935,185863,10.7017403401681,3.94705183177328,550
-7.6926,53.28823,2021/03/19 00:00:00+00,Fri 19 Mar 2021,10369,6132,2,514219,191910,87,514306,191997,10.9219825322522,4.07731560636046,551
-7.6926,53.28823,2021/03/20 00:00:00+00,Sat 20 Mar 2021,5242,3117,4,519461,195027,91,519552,195118,11.0333884275056,4.14359425658651,552
-7.6926,53.28823,2021/03/21 00:00:00+00,Sun 21 Mar 2021,3638,55,3,523099,195082,94,523193,195176,11.1107099800442,4.14482596492137,553
-7.6926,53.28823,2021/03/22 00:00:00+00,Mon 22 Mar 2021,7414,2406,1,530513,197488,95,530608,197583,11.2681775197514,4.19594186081823,554
-7.6926,53.28823,2021/03/23 00:00:00+00,Tue 23 Mar 2021,12565,7391,4,543078,204879,99,543177,204978,11.5350972104567,4.35298467351341,555
-7.6926,53.28823,2021/03/24 00:00:00+00,Wed 24 Mar 2021,13627,9779,2,556705,214658,101,556806,214759,11.8245274327992,4.56069741874282,556
-7.6926,53.28823,2021/03/25 00:00:00+00,Thu 25 Mar 2021,20872,10225,3,577577,224883,104,577681,224987,12.2678362515972,4.77790281269093,557
-7.6926,53.28823,2021/03/26 00:00:00+00,Fri 26 Mar 2021,19700,9497,1,597277,234380,105,597382,234485,12.6862135947896,4.97960567070023,558
-7.6926,53.28823,2021/03/27 00:00:00+00,Sat 27 Mar 2021,11758,5354,3,609035,239734,108,609143,239842,12.9359743142092,5.09336880087035,559
-7.6926,53.28823,2021/03/28 00:00:00+00,Sun 28 Mar 2021,2492,483,0,611527,240217,108,611635,240325,12.9888952999072,5.10362595821068,560
-7.6926,53.28823,2021/03/28 23:00:00+00,Mon 29 Mar 2021,9275,3120,3,620802,243337,111,620913,243448,13.1859261607842,5.16994708113794,561
-7.6926,53.28823,2021/03/29 23:00:00+00,Tue 30 Mar 2021,13330,8668,4,634132,252005,115,634247,252120,13.4690916596994,5.35410871355072,562
-7.6926,53.28823,2021/03/30 23:00:00+00,Wed 31 Mar 2021,15838,10515,4,649970,262520,119,650089,262639,13.8055179259221,5.57749388552375,563
-7.6926,53.28823,2021/03/31 23:00:00+00,Thu 01 Apr 2021,19704,11582,8,669674,274102,127,669801,274229,14.2241288689711,5.82362318899057,564
-7.6926,53.28823,2021/04/01 23:00:00+00,Fri 02 Apr 2021,20140,13724,9,689814,287826,136,689950,287962,14.6520200972328,6.11526199179555,565
-7.6926,53.28823,2021/04/02 23:00:00+00,Sat 03 Apr 2021,7547,4635,6,697361,292461,142,697503,292603,14.8124182533229,6.21381989493528,566
-7.6926,53.28823,2021/04/03 23:00:00+00,Sun 04 Apr 2021,3038,170,3,700399,292631,145,700544,292776,14.8769979955009,6.21749378358927,567
-7.6926,53.28823,2021/04/04 23:00:00+00,Mon 05 Apr 2021,3434,608,4,703833,293239,149,703982,293388,14.9500085688675,6.23049043015715,568
-7.6926,53.28823,2021/04/05 23:00:00+00,Tue 06 Apr 2021,11994,8150,11,715827,301389,160,715987,301549,15.2049509578337,6.40380028741277,569
-7.6926,53.28823,2021/04/06 23:00:00+00,Wed 07 Apr 2021,18365,10471,11,734192,311860,171,734363,312031,15.5951901364797,6.62639971441356,570
-7.6926,53.28823,2021/04/07 23:00:00+00,Thu 08 Apr 2021,20183,10564,16,754375,322424,187,754562,322611,16.0241431822714,6.85108030377325,571
-7.6926,53.28823,2021/04/08 23:00:00+00,Fri 09 Apr 2021,20673,9158,16,775048,331582,203,775251,331785,16.4635020398577,7.04590258418779,572
-7.6926,53.28823,2021/04/09 23:00:00+00,Sat 10 Apr 2021,11179,4173,12,786227,335755,215,786442,335970,16.7011580394346,7.13477671145342,573
-7.6926,53.28823,2021/04/10 23:00:00+00,Sun 11 Apr 2021,2860,365,8,789087,336120,223,789310,336343,16.7620638929586,7.14269787022763,574
-7.6926,53.28823,2021/04/11 23:00:00+00,Mon 12 Apr 2021,7776,2796,13,796863,338916,236,797099,339152,16.9274738277906,7.20235077906614,575
-7.6926,53.28823,2021/04/12 23:00:00+00,Tue 13 Apr 2021,11513,8601,1,808376,347517,237,808613,347754,17.1719891686117,7.38502586693685,576
-7.6926,53.28823,2021/04/13 23:00:00+00,Wed 14 Apr 2021,20353,6597,2,828729,354114,239,828968,354353,17.6042550850972,7.52516454455354,577
-7.6926,53.28823,2021/04/14 23:00:00+00,Thu 15 Apr 2021,27129,10812,1,855858,364926,240,856098,365166,18.1803972769052,7.7547932036033,578
-7.6926,53.28823,2021/04/15 23:00:00+00,Fri 16 Apr 2021,27976,9835,1,883834,374761,241,884075,375002,18.7745266576724,7.96367394811577,579
-7.6926,53.28823,2021/04/16 23:00:00+00,Sat 17 Apr 2021,15846,4555,3,899680,379316,244,899924,379560,19.1111015783493,8.06046923415561,580
-7.6926,53.28823,2021/04/17 23:00:00+00,Sun 18 Apr 2021,1073,483,0,900753,379799,244,900997,380043,19.1338881825443,8.07072639149595,581
-7.6926,53.28823,2021/04/18 23:00:00+00,Mon 19 Apr 2021,6742,2259,0,907495,382058,244,907739,382302,19.2770636582969,8.11869930750384,582
-7.6926,53.28823,2021/04/19 23:00:00+00,Tue 20 Apr 2021,15087,7320,1,922582,389378,245,922827,389623,19.5974777161664,8.27417063025454,583
-7.6926,53.28823,2021/04/20 23:00:00+00,Wed 21 Apr 2021,26720,9883,4,949302,399261,249,949551,399510,20.1649979496304,8.48413442864767,584
-7.6926,53.28823,2021/04/21 23:00:00+00,Thu 22 Apr 2021,31624,12180,1,980926,411441,250,981176,411691,20.8365975373903,8.74281441531973,585
-7.6926,53.28823,2021/04/22 23:00:00+00,Fri 23 Apr 2021,33613,12353,3,1014539,423794,253,1014792,424047,21.5504786991971,9.00521076334699,586
-7.6926,53.28823,2021/04/23 23:00:00+00,Sat 24 Apr 2021,23702,6993,2,1038241,430787,255,1038496,431042,22.0538651538457,9.15375903580173,587
