X,Y,VaccinationDate,VaccineText,Dose1,Dose2,SingleDose,Dose1Cum,Dose2Cum,SingleDoseCum,PartiallyVacc,FullyVacc,PartialPercent,FullyPercent,ObjectId
-7.6926,53.28823,2020/12/28 00:00:00+00,Mon 28 Dec 2020,226,14,1,226,14,1,227,15,0.00482065158645095,0.000318545259016583,1
-7.6926,53.28823,2020/12/29 00:00:00+00,Tue 29 Dec 2020,77,2,0,303,16,1,304,17,0.00645585058273608,0.000361017960218794,2
-7.6926,53.28823,2020/12/30 00:00:00+00,Wed 30 Dec 2020,1059,1,0,1362,17,1,1363,18,0.0289451458693068,0.000382254310819899,3
-7.6926,53.28823,2020/12/31 00:00:00+00,Thu 31 Dec 2020,1033,1,0,2395,18,1,2396,19,0.0508822960402488,0.000403490661421005,4
-7.6926,53.28823,2021/01/01 00:00:00+00,Fri 01 Jan 2021,814,0,0,3209,18,1,3210,19,0.0681686854295487,0.000403490661421005,5
-7.6926,53.28823,2021/01/02 00:00:00+00,Sat 02 Jan 2021,1016,0,0,4225,18,1,4226,19,0.0897448176402719,0.000403490661421005,6
-7.6926,53.28823,2021/01/03 00:00:00+00,Sun 03 Jan 2021,20,2,1,4245,20,2,4247,22,0.0901907810028952,0.000467199713224322,7
-7.6926,53.28823,2021/01/04 00:00:00+00,Mon 04 Jan 2021,1190,3,0,5435,23,2,5437,25,0.115462038218211,0.000530908765027638,8
-7.6926,53.28823,2021/01/05 00:00:00+00,Tue 05 Jan 2021,3532,13,0,8967,36,2,8969,38,0.190468828541315,0.00080698132284201,9
-7.6926,53.28823,2021/01/06 00:00:00+00,Wed 06 Jan 2021,6778,13,0,15745,49,2,15747,51,0.334408812915609,0.00108305388065638,10
-7.6926,53.28823,2021/01/07 00:00:00+00,Thu 07 Jan 2021,11728,8,0,27473,57,2,27475,59,0.583468732765374,0.00125294468546523,11
-7.6926,53.28823,2021/01/08 00:00:00+00,Fri 08 Jan 2021,12682,5,0,40155,62,2,40157,64,0.852788131088595,0.00135912643847075,12
-7.6926,53.28823,2021/01/09 00:00:00+00,Sat 09 Jan 2021,8073,7,0,48228,69,2,48230,71,1.02422918949132,0.00150778089267849,13
-7.6926,53.28823,2021/01/10 00:00:00+00,Sun 10 Jan 2021,4782,4,1,53010,73,3,53013,76,1.12580265441641,0.00161396264568402,14
-7.6926,53.28823,2021/01/11 00:00:00+00,Mon 11 Jan 2021,8343,7,0,61353,80,3,61356,83,1.30297752748143,0.00176261709989176,15
-7.6926,53.28823,2021/01/12 00:00:00+00,Tue 12 Jan 2021,8886,10,0,70239,90,3,70242,93,1.49168373892285,0.00197498060590281,16
-7.6926,53.28823,2021/01/13 00:00:00+00,Wed 13 Jan 2021,9888,4,0,80127,94,3,80130,97,1.70166877366659,0.00205992600830724,17
-7.6926,53.28823,2021/01/14 00:00:00+00,Thu 14 Jan 2021,8084,4,0,88211,98,3,88214,101,1.87334343192592,0.00214487141071166,18
-7.6926,53.28823,2021/01/15 00:00:00+00,Fri 15 Jan 2021,7692,2,0,95903,100,3,95906,103,2.03669344074963,0.00218734411191387,19
-7.6926,53.28823,2021/01/16 00:00:00+00,Sat 16 Jan 2021,5240,2,0,101143,102,3,101146,105,2.14797191789942,0.00222981681311608,20
-7.6926,53.28823,2021/01/17 00:00:00+00,Sun 17 Jan 2021,1113,4,0,102256,106,3,102259,109,2.17160797611845,0.0023147622155205,21
-7.6926,53.28823,2021/01/18 00:00:00+00,Mon 18 Jan 2021,8717,8,1,110973,114,4,110977,118,2.35674648065889,0.00250588937093045,22
-7.6926,53.28823,2021/01/19 00:00:00+00,Tue 19 Jan 2021,8382,19,0,119355,133,4,119359,137,2.53474957139735,0.00290938003235146,23
-7.6926,53.28823,2021/01/20 00:00:00+00,Wed 20 Jan 2021,8447,962,0,127802,1095,4,127806,1099,2.71413302492489,0.023338749310615,24
-7.6926,53.28823,2021/01/21 00:00:00+00,Thu 21 Jan 2021,9005,962,0,136807,2057,4,136811,2061,2.90536636208785,0.0437681185888785,25
-7.6926,53.28823,2021/01/22 00:00:00+00,Fri 22 Jan 2021,6783,967,0,143590,3024,4,143594,3028,3.04941252821515,0.0643036696201475,26
-7.6926,53.28823,2021/01/23 00:00:00+00,Sat 23 Jan 2021,4191,460,0,147781,3484,4,147785,3488,3.13841407358438,0.0740723908966561,27
-7.6926,53.28823,2021/01/24 00:00:00+00,Sun 24 Jan 2021,1183,398,0,148964,3882,4,148968,3886,3.16353667634549,0.0825244584358961,28
-7.6926,53.28823,2021/01/25 00:00:00+00,Mon 25 Jan 2021,1363,1289,0,150327,5171,4,150331,5175,3.19248182221479,0.109898114360721,29
-7.6926,53.28823,2021/01/26 00:00:00+00,Tue 26 Jan 2021,1002,3502,0,151329,8673,4,151333,8677,3.2137606455171,0.184267814165793,30
-7.6926,53.28823,2021/01/27 00:00:00+00,Wed 27 Jan 2021,2179,6700,0,153508,15373,4,153512,15377,3.26003465347691,0.3265513631932,31
-7.6926,53.28823,2021/01/28 00:00:00+00,Thu 28 Jan 2021,1013,11541,0,154521,26914,4,154525,26918,3.28154707663583,0.571640085480558,32
-7.6926,53.28823,2021/01/29 00:00:00+00,Fri 29 Jan 2021,1579,11526,0,156100,38440,4,156104,38444,3.31507927423498,0.816410262508901,33
-7.6926,53.28823,2021/01/30 00:00:00+00,Sat 30 Jan 2021,646,7792,0,156746,46232,4,156750,46236,3.32879795672329,0.981883906392715,34
-7.6926,53.28823,2021/01/31 00:00:00+00,Sun 31 Jan 2021,232,4086,0,156978,50318,4,156982,50322,3.33372479006275,1.06865563494883,35
-7.6926,53.28823,2021/02/01 00:00:00+00,Mon 01 Feb 2021,1028,8332,1,158006,58650,5,158011,58655,3.35557699483128,1.24561814450784,36
-7.6926,53.28823,2021/02/02 00:00:00+00,Tue 02 Feb 2021,834,5108,0,158840,63758,5,158845,63763,3.37328811123261,1.35409342337829,37
-7.6926,53.28823,2021/02/03 00:00:00+00,Wed 03 Feb 2021,1405,6868,0,160245,70626,5,160250,70631,3.40312518382716,1.49994467930668,38
-7.6926,53.28823,2021/02/04 00:00:00+00,Thu 04 Feb 2021,1437,10541,1,161682,81167,6,161688,81173,3.43366305599155,1.72381828734354,39
-7.6926,53.28823,2021/02/05 00:00:00+00,Fri 05 Feb 2021,3395,8614,0,165077,89781,6,165083,89787,3.5057604662823,1.90674821142146,40
-7.6926,53.28823,2021/02/06 00:00:00+00,Sat 06 Feb 2021,902,3870,0,165979,93651,6,165985,93657,3.5249156545245,1.98893288824774,41
-7.6926,53.28823,2021/02/07 00:00:00+00,Sun 07 Feb 2021,332,1300,2,166311,94951,8,166319,94959,3.53200859562527,2.01658261673038,42
-7.6926,53.28823,2021/02/08 00:00:00+00,Mon 08 Feb 2021,1185,879,0,167496,95830,8,167504,95838,3.55717367108758,2.03524936890875,43
-7.6926,53.28823,2021/02/09 00:00:00+00,Tue 09 Feb 2021,4263,545,3,171759,96375,11,171770,96386,3.6477679427519,2.04688688903816,44
-7.6926,53.28823,2021/02/10 00:00:00+00,Wed 10 Feb 2021,8827,579,0,180586,96954,11,180597,96965,3.83522120950785,2.0591827360362,45
-7.6926,53.28823,2021/02/11 00:00:00+00,Thu 11 Feb 2021,6188,446,0,186774,97400,11,186785,97411,3.96663174702749,2.06865414840429,46
-7.6926,53.28823,2021/02/12 00:00:00+00,Fri 12 Feb 2021,4397,524,0,191171,97924,11,191182,97935,4.06000798062056,2.07978199611927,47
-7.6926,53.28823,2021/02/13 00:00:00+00,Sat 13 Feb 2021,1211,1915,0,192382,99839,11,192393,99850,4.08572520119849,2.12044960752039,48
-7.6926,53.28823,2021/02/14 00:00:00+00,Sun 14 Feb 2021,2701,27,0,195083,99866,11,195094,99877,4.14308458417208,2.12102298898662,49
-7.6926,53.28823,2021/02/15 00:00:00+00,Mon 15 Feb 2021,1964,7891,0,197047,107757,11,197058,107768,4.18479277675265,2.28859903157994,50
-7.6926,53.28823,2021/02/16 00:00:00+00,Tue 16 Feb 2021,5652,8163,0,202699,115920,11,202710,115931,4.3048206303501,2.46195136153676,51
-7.6926,53.28823,2021/02/17 00:00:00+00,Wed 17 Feb 2021,9747,8465,0,212446,124385,11,212457,124396,4.51181133965908,2.64171706937512,52
-7.6926,53.28823,2021/02/18 00:00:00+00,Thu 18 Feb 2021,8467,8354,1,220913,132739,12,220925,132751,4.69164075654924,2.81914677864736,53
-7.6926,53.28823,2021/02/19 00:00:00+00,Fri 19 Feb 2021,9391,6582,0,230304,139321,12,230316,139333,4.89107132504422,2.95892443830384,54
-7.6926,53.28823,2021/02/20 00:00:00+00,Sat 20 Feb 2021,5890,3572,2,236194,142893,14,236208,142907,5.01619590278593,3.03482315535219,55
-7.6926,53.28823,2021/02/21 00:00:00+00,Sun 21 Feb 2021,1112,1024,6,237306,143917,20,237326,143937,5.03993814275797,3.05669659647133,56
-7.6926,53.28823,2021/02/22 00:00:00+00,Mon 22 Feb 2021,3946,1123,1,241252,145040,21,241273,145061,5.12375801858053,3.08056625454697,57
-7.6926,53.28823,2021/02/23 00:00:00+00,Tue 23 Feb 2021,13362,1067,1,254614,146107,22,254636,146129,5.40753937166311,3.10324667698895,58
-7.6926,53.28823,2021/02/24 00:00:00+00,Wed 24 Feb 2021,16939,2106,3,271553,148213,25,271578,148238,5.76732562354704,3.14803414040668,59
-7.6926,53.28823,2021/02/25 00:00:00+00,Thu 25 Feb 2021,18097,1758,2,289650,149971,27,289677,149998,6.15168233307644,3.18541011746463,60
-7.6926,53.28823,2021/02/26 00:00:00+00,Fri 26 Feb 2021,16080,2769,0,305730,152740,27,305757,152767,6.49316285074222,3.24421357227909,61
-7.6926,53.28823,2021/02/27 00:00:00+00,Sat 27 Feb 2021,8995,705,1,314725,153445,28,314753,153473,6.68420506074977,3.25920643580347,62
-7.6926,53.28823,2021/02/28 00:00:00+00,Sun 28 Feb 2021,2445,57,2,317170,153502,30,317200,153532,6.73617041067067,3.26045938048893,63
-7.6926,53.28823,2021/03/01 00:00:00+00,Mon 01 Mar 2021,5604,796,0,322774,154298,30,322804,154328,6.85517891943927,3.27736351556741,64
-7.6926,53.28823,2021/03/02 00:00:00+00,Tue 02 Mar 2021,12180,1611,0,334954,155909,30,334984,155939,7.11383766976073,3.31157527638579,65
-7.6926,53.28823,2021/03/03 00:00:00+00,Wed 03 Mar 2021,12913,1504,1,347867,157413,31,347898,157444,7.38808390142341,3.34353598404046,66
-7.6926,53.28823,2021/03/04 00:00:00+00,Thu 04 Mar 2021,18738,1691,5,366605,159104,36,366641,159140,7.78611682073993,3.37955283465993,67
-7.6926,53.28823,2021/03/05 00:00:00+00,Fri 05 Mar 2021,18449,2400,6,385054,161504,42,385096,161546,8.17803367108333,3.43064749420619,68
-7.6926,53.28823,2021/03/06 00:00:00+00,Sat 06 Mar 2021,10403,141,4,395457,161645,46,395503,161691,8.39904037178904,3.43372676504335,69
-7.6926,53.28823,2021/03/07 00:00:00+00,Sun 07 Mar 2021,1523,12,3,396980,161657,49,397029,161706,8.43144704280632,3.43404531030237,70
-7.6926,53.28823,2021/03/08 00:00:00+00,Mon 08 Mar 2021,6669,1498,5,403649,163155,54,403703,163209,8.5731784467181,3.46596354525583,71
-7.6926,53.28823,2021/03/09 00:00:00+00,Tue 09 Mar 2021,13834,3106,6,417483,166261,60,417543,166321,8.8670895390374,3.53205106832647,72
-7.6926,53.28823,2021/03/10 00:00:00+00,Wed 10 Mar 2021,13740,3990,3,431223,170251,63,431286,170314,9.1589407053484,3.61684781627669,73
-7.6926,53.28823,2021/03/11 00:00:00+00,Thu 11 Mar 2021,18484,2103,3,449707,172354,66,449773,172420,9.55153711891103,3.66157157064261,74
-7.6926,53.28823,2021/03/12 00:00:00+00,Fri 12 Mar 2021,17332,1340,4,467039,173694,70,467109,173764,9.9196904929318,3.6901132258505,75
-7.6926,53.28823,2021/03/13 00:00:00+00,Sat 13 Mar 2021,8311,176,0,475350,173870,70,475420,173940,10.0961858027776,3.69385082355629,76
-7.6926,53.28823,2021/03/14 00:00:00+00,Sun 14 Mar 2021,383,20,2,475733,173890,72,475805,173962,10.104361797759,3.69431802326952,77
-7.6926,53.28823,2021/03/15 00:00:00+00,Mon 15 Mar 2021,2657,992,0,478390,174882,72,478462,174954,10.1607867813062,3.71538448306582,78
-7.6926,53.28823,2021/03/16 00:00:00+00,Tue 16 Mar 2021,8947,3823,2,487337,178705,74,487411,178779,10.3508308828354,3.79661352411504,79
-7.6926,53.28823,2021/03/17 00:00:00+00,Wed 17 Mar 2021,4897,2415,7,492234,181120,81,492315,181201,10.4549739461833,3.84804796527092,80
-7.6926,53.28823,2021/03/18 00:00:00+00,Thu 18 Mar 2021,11731,4682,5,503965,185802,86,504051,185888,10.7042037568378,3.9475827405383,81
-7.6926,53.28823,2021/03/19 00:00:00+00,Fri 19 Mar 2021,10374,6133,2,514339,191935,88,514427,192023,10.9245521306749,4.07786775147609,82
-7.6926,53.28823,2021/03/20 00:00:00+00,Sat 20 Mar 2021,5245,3118,4,519584,195053,92,519676,195145,11.0360217349801,4.14416763805274,83
-7.6926,53.28823,2021/03/21 00:00:00+00,Sun 21 Mar 2021,3640,54,3,523224,195107,95,523319,195202,11.1133857602199,4.145378110037,84
-7.6926,53.28823,2021/03/22 00:00:00+00,Mon 22 Mar 2021,7414,2409,1,530638,197516,96,530734,197612,11.2708532999271,4.19655771498566,85
-7.6926,53.28823,2021/03/23 00:00:00+00,Tue 23 Mar 2021,12565,7392,4,543203,204908,100,543303,205008,11.5377729906324,4.35362176403144,86
-7.6926,53.28823,2021/03/24 00:00:00+00,Wed 24 Mar 2021,13630,9780,2,556833,214688,102,556935,214790,11.8272669220267,4.56135574561146,87
-7.6926,53.28823,2021/03/25 00:00:00+00,Thu 25 Mar 2021,20875,10224,3,577708,224912,105,577813,225017,12.2706394498766,4.77853990320896,88
-7.6926,53.28823,2021/03/26 00:00:00+00,Fri 26 Mar 2021,19698,9497,1,597406,234409,106,597512,234515,12.6889743203678,4.98024276121826,89
-7.6926,53.28823,2021/03/27 00:00:00+00,Sat 27 Mar 2021,11758,5355,3,609164,239764,109,609273,239873,12.9387350397874,5.09402712773899,90
-7.6926,53.28823,2021/03/28 00:00:00+00,Sun 28 Mar 2021,2492,483,0,611656,240247,109,611765,240356,12.9916560254853,5.10428428507932,91
-7.6926,53.28823,2021/03/28 23:00:00+00,Mon 29 Mar 2021,9279,3122,3,620935,243369,112,621047,243481,13.1887718317648,5.17064788070777,92
-7.6926,53.28823,2021/03/29 23:00:00+00,Tue 30 Mar 2021,13331,8670,4,634266,252039,116,634382,252155,13.4719585670305,5.35485198582176,93
-7.6926,53.28823,2021/03/30 23:00:00+00,Wed 31 Mar 2021,15840,10516,4,650106,262555,120,650226,262675,13.8084273059544,5.57825839414539,94
-7.6926,53.28823,2021/03/31 23:00:00+00,Thu 01 Apr 2021,19706,11583,8,669812,274138,128,669940,274266,14.2270807217046,5.82440893396281,95
-7.6926,53.28823,2021/04/01 23:00:00+00,Fri 02 Apr 2021,20146,13722,9,689958,287860,137,690095,287997,14.6550993680699,6.11600526406659,96
-7.6926,53.28823,2021/04/02 23:00:00+00,Sat 03 Apr 2021,7548,4635,6,697506,292495,143,697649,292638,14.8155187605107,6.21456316720632,97
-7.6926,53.28823,2021/04/03 23:00:00+00,Sun 04 Apr 2021,3039,170,3,700545,292665,146,700691,292811,14.8801197390392,6.21823705586031,98
-7.6926,53.28823,2021/04/04 23:00:00+00,Mon 05 Apr 2021,3435,607,4,703980,293272,150,704130,293422,14.9531515487564,6.23121246607758,99
-7.6926,53.28823,2021/04/05 23:00:00+00,Tue 06 Apr 2021,11997,8149,11,715977,301421,161,716138,301582,15.2081576467745,6.40450108698261,100
-7.6926,53.28823,2021/04/06 23:00:00+00,Wed 07 Apr 2021,18369,10472,11,734346,311893,172,734518,312065,15.5984817708228,6.62712175033399,101
-7.6926,53.28823,2021/07/17 23:00:00+00,Sun 18 Jul 2021,16866,15818,1932,2856697,2361320,168377,3025074,2529697,64.2415320582887,53.7215324065648,102
-7.6926,53.28823,2021/07/18 23:00:00+00,Mon 19 Jul 2021,24892,18441,6255,2881589,2379761,174632,3056221,2554393,64.9029806704613,54.2459853210097,103
-7.6926,53.28823,2021/07/19 23:00:00+00,Tue 20 Jul 2021,30587,18184,7699,2912176,2397945,182331,3094507,2580276,65.7160355895753,54.7956457836182,104
-7.6926,53.28823,2021/07/20 23:00:00+00,Wed 21 Jul 2021,30363,19844,6890,2942539,2417789,189221,3131760,2607010,66.5071533585182,55.3633783805881,105
-7.6926,53.28823,2021/07/21 23:00:00+00,Thu 22 Jul 2021,33542,15930,6934,2976081,2433719,196155,3172236,2629874,67.3667158854486,55.8489263007318,106
-7.6926,53.28823,2021/07/22 23:00:00+00,Fri 23 Jul 2021,27091,20837,5615,3003172,2454556,201770,3204942,2656326,68.0612719682083,56.4106702468322,107
-7.6926,53.28823,2021/07/23 23:00:00+00,Sat 24 Jul 2021,15439,14812,2275,3018611,2469368,204045,3222656,2673413,68.4374526827563,56.7735357695533,108
-7.6926,53.28823,2021/07/24 23:00:00+00,Sun 25 Jul 2021,14725,13645,1046,3033336,2483013,205091,3238427,2688104,68.7723711680864,57.0855189962341,109
-7.6926,53.28823,2021/07/25 23:00:00+00,Mon 26 Jul 2021,23839,18305,3422,3057175,2501318,208513,3265688,2709831,69.3512953218231,57.5469211857444,110
-7.6926,53.28823,2021/07/26 23:00:00+00,Tue 27 Jul 2021,25510,23909,3674,3082685,2525227,212187,3294872,2737414,69.9710569777658,58.1326834443747,111
-7.6926,53.28823,2021/07/27 23:00:00+00,Wed 28 Jul 2021,23440,25289,3264,3106125,2550516,215451,3321576,2765967,70.5381524842177,58.739044963088,112
-7.6926,53.28823,2021/07/28 23:00:00+00,Thu 29 Jul 2021,19276,27867,2963,3125401,2578383,218414,3343815,2796797,71.0104276852357,59.3937616521201,113
-7.6926,53.28823,2021/07/29 23:00:00+00,Fri 30 Jul 2021,21957,22942,2120,3147358,2601325,220534,3367892,2821859,71.5217352986585,59.925987070885,114
-7.6926,53.28823,2021/07/30 23:00:00+00,Sat 31 Jul 2021,13747,12486,907,3161105,2613811,221441,3382546,2835252,71.8329327803671,60.2104055144856,115
-7.6926,53.28823,2021/07/31 23:00:00+00,Sun 01 Aug 2021,11120,9332,368,3172225,2623143,221809,3394034,2844952,72.0768959760726,60.4163981153164,116
-7.6926,53.28823,2021/08/01 23:00:00+00,Mon 02 Aug 2021,15024,16025,430,3187249,2639168,222239,3409488,2861407,72.4050825382621,60.7658422644575,117
-7.6926,53.28823,2021/08/02 23:00:00+00,Tue 03 Aug 2021,17348,25451,1111,3204597,2664619,223350,3427947,2887969,72.7970843340079,61.3299222091241,118
-7.6926,53.28823,2021/08/03 23:00:00+00,Wed 04 Aug 2021,22116,17310,1576,3226713,2681929,224926,3451639,2906855,73.3002159524493,61.7309919265766,119
-7.6926,53.28823,2021/08/04 23:00:00+00,Thu 05 Aug 2021,13535,30049,1420,3240248,2711978,226346,3466594,2938324,73.6178055756888,62.3992786436428,120
-7.6926,53.28823,2021/08/05 23:00:00+00,Fri 06 Aug 2021,12210,24750,948,3252458,2736728,227294,3479752,2964022,73.8972334768981,62.94501038139,121
-7.6926,53.28823,2021/08/06 23:00:00+00,Sat 07 Aug 2021,6337,8463,583,3258795,2745191,227877,3486672,2973068,74.0441890230578,63.1371144089276,122
-7.6926,53.28823,2021/08/07 23:00:00+00,Sun 08 Aug 2021,8628,11979,153,3267423,2757170,228030,3495453,2985200,74.2306654176861,63.3947538144202,123
-7.6926,53.28823,2021/08/08 23:00:00+00,Mon 09 Aug 2021,5546,23040,600,3272969,2780210,228630,3501599,3008840,74.3611840284805,63.8967811426303,124
-7.6926,53.28823,2021/08/09 23:00:00+00,Tue 10 Aug 2021,9357,26013,716,3282326,2806223,229346,3511672,3035569,74.5750977880854,64.4644075578473,125
-7.6926,53.28823,2021/08/10 23:00:00+00,Wed 11 Aug 2021,7019,31244,666,3289345,2837467,230012,3519357,3067479,74.7382991424549,65.1420595055286,126
-7.6926,53.28823,2021/08/11 23:00:00+00,Thu 12 Aug 2021,6777,38299,862,3296122,2875766,230874,3526996,3106640,74.9005236246968,65.9736962314185,127
-7.6926,53.28823,2021/08/12 23:00:00+00,Fri 13 Aug 2021,10933,28251,871,3307055,2904017,231745,3538800,3135762,75.1511975071922,66.5921412336239,128
-7.6926,53.28823,2021/08/13 23:00:00+00,Sat 14 Aug 2021,18139,5846,281,3325194,2909863,232026,3557220,3141889,75.5423710852646,66.7222563537568,129
-7.6926,53.28823,2021/08/14 23:00:00+00,Sun 15 Aug 2021,17000,3731,51,3342194,2913594,232077,3574271,3145671,75.904472099364,66.8025722317302,130
-7.6926,53.28823,2021/08/15 23:00:00+00,Mon 16 Aug 2021,10193,23156,384,3352387,2936750,232461,3584848,3169211,76.1290889796719,67.3024759248802,131
-7.6926,53.28823,2021/08/16 23:00:00+00,Tue 17 Aug 2021,12873,26866,528,3365260,2963616,232989,3598249,3196605,76.4136773140773,67.8842245132469,132
-7.6926,53.28823,2021/08/17 23:00:00+00,Wed 18 Aug 2021,15237,25768,658,3380497,2989384,233647,3614144,3223031,76.7512291068819,68.4454163142317,133
-7.6926,53.28823,2021/08/18 23:00:00+00,Thu 19 Aug 2021,11362,25714,544,3391859,3015098,234191,3626050,3249289,77.0040690971387,69.0030404083156,134
-7.6926,53.28823,2021/08/19 23:00:00+00,Fri 20 Aug 2021,14853,22252,686,3406712,3037350,234877,3641589,3272227,77.3340607491293,69.4901598184037,135
-7.6926,53.28823,2021/08/20 23:00:00+00,Sat 21 Aug 2021,11895,7981,246,3418607,3045331,235123,3653730,3280454,77.5918912817773,69.664871274799,136
-7.6926,53.28823,2021/08/21 23:00:00+00,Sun 22 Aug 2021,8004,12254,161,3426611,3057585,235284,3661895,3292869,77.7652860844353,69.9285205675117,137
-7.6926,53.28823,2021/08/22 23:00:00+00,Mon 23 Aug 2021,10870,15387,291,3437481,3072972,235575,3673056,3308547,78.0023049934942,70.2614640722359,138
-7.6926,53.28823,2021/08/23 23:00:00+00,Tue 24 Aug 2021,9716,22925,384,3447197,3095897,235959,3683156,3331856,78.2167921345654,70.756462168397,139
-7.6926,53.28823,2021/08/24 23:00:00+00,Wed 25 Aug 2021,9416,19531,316,3456613,3115428,236275,3692888,3351703,78.4234642986154,71.1779400187772,140
-7.6926,53.28823,2021/08/25 23:00:00+00,Thu 26 Aug 2021,8586,19444,369,3465199,3134872,236644,3701843,3371516,78.6136358182483,71.5986958332369,141
-7.6926,53.28823,2021/08/26 23:00:00+00,Fri 27 Aug 2021,9726,19214,432,3474925,3154086,237076,3712001,3391162,78.8293546676543,72.0159051771462,142
-7.6926,53.28823,2021/08/27 23:00:00+00,Sat 28 Aug 2021,9923,7927,153,3484848,3162013,237229,3722077,3399242,79.043332136311,72.1874948900031,143
-7.6926,53.28823,2021/08/28 23:00:00+00,Sun 29 Aug 2021,8800,9190,30,3493648,3171203,237259,3730907,3408462,79.2308491121188,72.3832940425453,144
-7.6926,53.28823,2021/08/29 23:00:00+00,Mon 30 Aug 2021,5062,11137,84,3498710,3182340,237343,3736053,3419683,79.3401313723121,72.6215871326403,145
-7.6926,53.28823,2021/08/30 23:00:00+00,Tue 31 Aug 2021,4066,12897,145,3502776,3195237,237488,3740264,3432725,79.4295576446933,72.8985516171799,146
-7.6926,53.28823,2021/08/31 23:00:00+00,Wed 01 Sep 2021,4965,12540,181,3507741,3207777,237669,3745410,3445446,79.5388399048866,73.1686992331766,147
-7.6926,53.28823,2021/09/01 23:00:00+00,Thu 02 Sep 2021,5010,12364,248,3512751,3220141,237917,3750668,3458058,79.6505006363472,73.4365320869578,148
-7.6926,53.28823,2021/09/02 23:00:00+00,Fri 03 Sep 2021,4775,16073,166,3517526,3236214,238083,3755609,3474297,79.7554294446673,73.7813891843691,149
-7.6926,53.28823,2021/09/03 23:00:00+00,Sat 04 Sep 2021,4628,10583,135,3522154,3246797,238218,3760372,3485015,79.8565781825804,74.0090003901118,150
-7.6926,53.28823,2021/09/04 23:00:00+00,Sun 05 Sep 2021,5307,11904,1,3527461,3258701,238219,3765680,3496920,79.9693007315711,74.2618191440179,151
-7.6926,53.28823,2021/09/05 23:00:00+00,Mon 06 Sep 2021,2161,9682,75,3529622,3268383,238294,3767916,3506677,80.0167852115151,74.4690222168329,152
-7.6926,53.28823,2021/09/06 23:00:00+00,Tue 07 Sep 2021,3031,10025,160,3532653,3278408,238454,3771107,3516862,80.0845504062832,74.6853144477052,153
-7.6926,53.28823,2021/09/07 23:00:00+00,Wed 08 Sep 2021,2609,14800,189,3535262,3293208,238643,3773905,3531851,80.1439697152651,75.0036261068651,154
-7.6926,53.28823,2021/09/08 23:00:00+00,Thu 09 Sep 2021,3116,14811,138,3538378,3308019,238781,3777159,3546800,80.2130728001211,75.3210883120011,155
-7.6926,53.28823,2021/09/09 23:00:00+00,Fri 10 Sep 2021,3385,13945,116,3541763,3321964,238897,3780660,3560861,80.2874212635756,75.6196926378032,156
-7.6926,53.28823,2021/09/10 23:00:00+00,Sat 11 Sep 2021,2559,11340,62,3544322,3333304,238959,3783281,3572263,80.3430817385011,75.861829507357,157
-7.6926,53.28823,2021/09/11 23:00:00+00,Sun 12 Sep 2021,2042,12883,1,3546364,3346187,238960,3785324,3585147,80.3864676027791,76.1354386485017,158
-7.6926,53.28823,2021/09/12 23:00:00+00,Mon 13 Sep 2021,1618,7744,52,3547982,3353931,239012,3786994,3592943,80.421932308283,76.3009972377879,159
-7.6926,53.28823,2021/09/13 23:00:00+00,Tue 14 Sep 2021,1548,10786,82,3549530,3364717,239094,3788624,3603811,80.4565475597628,76.5317938961207,160
-7.6926,53.28823,2021/09/14 23:00:00+00,Wed 15 Sep 2021,3283,12368,137,3552813,3377085,239231,3792044,3616316,80.5291758788186,76.7973544603875,161
-7.6926,53.28823,2021/09/15 23:00:00+00,Thu 16 Sep 2021,1915,10576,115,3554728,3387661,239346,3794074,3627007,80.5722856705388,77.0243922846639,162
-7.6926,53.28823,2021/09/16 23:00:00+00,Fri 17 Sep 2021,2560,14615,94,3557288,3402276,239440,3796728,3641716,80.6286469450342,77.3367577656556,163
-7.6926,53.28823,2021/09/17 23:00:00+00,Sat 18 Sep 2021,2289,11233,47,3559577,3413509,239487,3799064,3652996,80.6782550600384,77.5763038004361,164
-7.6926,53.28823,2021/09/18 23:00:00+00,Sun 19 Sep 2021,1862,8491,16,3561439,3422000,239503,3800942,3661503,80.7181369264672,77.7569614349997,165
-7.6926,53.28823,2021/09/19 23:00:00+00,Mon 20 Sep 2021,957,5626,35,3562396,3427626,239538,3801934,3667164,80.7392033862635,77.8771804157525,166
-7.6926,53.28823,2021/09/20 23:00:00+00,Tue 21 Sep 2021,1467,6673,90,3563863,3434299,239628,3803491,3673927,80.7722683841494,78.0208018548678,167
-7.6926,53.28823,2021/09/21 23:00:00+00,Wed 22 Sep 2021,1896,8152,97,3565759,3442451,239725,3805484,3682176,80.8145924308974,78.1959805109763,168
-7.6926,53.28823,2021/09/22 23:00:00+00,Thu 23 Sep 2021,1698,8728,89,3567457,3451179,239814,3807271,3690993,80.8525417894216,78.3832214142263,169
-7.6926,53.28823,2021/09/23 23:00:00+00,Fri 24 Sep 2021,1912,7382,79,3569369,3458561,239893,3809262,3698454,80.8948233634684,78.5416658260611,170
-7.6926,53.28823,2021/09/24 23:00:00+00,Sat 25 Sep 2021,2422,6602,53,3571791,3465163,239946,3811737,3705109,80.9473833312062,78.6829937393115,171
-7.6926,53.28823,2021/09/25 23:00:00+00,Sun 26 Sep 2021,1549,7098,0,3573340,3472261,239946,3813286,3712207,80.9802784382873,78.8337293558781,172
-7.6926,53.28823,2021/09/26 23:00:00+00,Mon 27 Sep 2021,1177,3825,45,3574517,3476086,239991,3814508,3716077,81.0062292587218,78.9159140327044,173
-7.6926,53.28823,2021/09/27 23:00:00+00,Tue 28 Sep 2021,1451,5136,93,3575968,3481222,240084,3816052,3721306,81.0390181840499,79.0269589099976,174
-7.6926,53.28823,2021/09/28 23:00:00+00,Wed 29 Sep 2021,1651,3630,80,3577619,3484852,240164,3817783,3725016,81.0757783069404,79.1057457707277,175
-7.6926,53.28823,2021/09/29 23:00:00+00,Thu 30 Sep 2021,1281,3976,78,3578900,3488828,240242,3819142,3729070,81.1046385074073,79.1918379360646,176
-7.6926,53.28823,2021/09/30 23:00:00+00,Fri 01 Oct 2021,1860,5185,42,3580760,3494013,240284,3821044,3734297,81.1450300462506,79.3028403406565,177
-7.6926,53.28823,2021/10/01 23:00:00+00,Sat 02 Oct 2021,1705,4096,40,3582465,3498109,240324,3822789,3738433,81.1820874780496,79.3906738867427,178
-7.6926,53.28823,2021/10/02 23:00:00+00,Sun 03 Oct 2021,1196,3020,9,3583661,3501129,240333,3823994,3741462,81.2076772805239,79.4549987927135,179
-7.6926,53.28823,2021/10/03 23:00:00+00,Mon 04 Oct 2021,339,1243,18,3584000,3502372,240351,3824351,3742723,81.2152586576885,79.4817778308215,180
-7.6926,53.28823,2021/10/04 23:00:00+00,Tue 05 Oct 2021,959,2828,70,3584959,3505200,240421,3825380,3745621,81.237110862457,79.5433207748635,181
-7.6926,53.28823,2021/10/05 23:00:00+00,Wed 06 Oct 2021,975,2575,40,3585934,3507775,240461,3826395,3748236,81.2586657583172,79.5988538316854,182
-7.6926,53.28823,2021/10/06 23:00:00+00,Thu 07 Oct 2021,1215,2703,44,3587149,3510478,240505,3827654,3750983,81.285402323724,79.6571900867866,183
-7.6926,53.28823,2021/10/07 23:00:00+00,Fri 08 Oct 2021,937,2772,48,3588086,3513250,240553,3828639,3753803,81.3063201290661,79.7170765954817,184
-7.6926,53.28823,2021/10/08 23:00:00+00,Sat 09 Oct 2021,732,2377,23,3588818,3515627,240576,3829394,3756203,81.3223535737699,79.7680438369244,185
-7.6926,53.28823,2021/10/09 23:00:00+00,Sun 10 Oct 2021,1508,3918,2,3590326,3519545,240578,3830904,3760123,81.3544204631775,79.8512903312807,186
-7.6926,53.28823,2021/10/10 23:00:00+00,Mon 11 Oct 2021,334,1130,19,3590660,3520675,240597,3831257,3761272,81.3619168949397,79.8756908981214,187
-7.6926,53.28823,2021/10/11 23:00:00+00,Tue 12 Oct 2021,562,1612,20,3591222,3522287,240617,3831839,3762904,81.3742764509896,79.9103486223024,188
-7.6926,53.28823,2021/10/12 23:00:00+00,Wed 13 Oct 2021,991,2074,11,3592213,3524361,240628,3832841,3764989,81.3955552742919,79.9546264133057,189
-7.6926,53.28823,2021/10/13 23:00:00+00,Thu 14 Oct 2021,670,1605,8,3592883,3525966,240636,3833519,3766602,81.4099535199994,79.9888806468253,190
-7.6926,53.28823,2021/10/14 23:00:00+00,Fri 15 Oct 2021,957,2072,9,3593840,3528038,240645,3834485,3768683,81.4304678346801,80.0330734924262,191
-7.6926,53.28823,2021/10/15 23:00:00+00,Sat 16 Oct 2021,1373,2648,14,3595213,3530686,240659,3835872,3771345,81.4599226529638,80.0896046577263,192
-7.6926,53.28823,2021/10/16 23:00:00+00,Sun 17 Oct 2021,1700,2892,2,3596913,3533578,240661,3837574,3774239,81.4960669216869,80.1510626563659,193
-7.6926,53.28823,2021/10/17 23:00:00+00,Mon 18 Oct 2021,674,1246,6,3597587,3534824,240667,3838254,3775491,81.5105076400957,80.1776505673185,194
-7.6926,53.28823,2021/10/18 23:00:00+00,Tue 19 Oct 2021,1336,1802,13,3598923,3536626,240680,3839603,3777306,81.5391554770566,80.2161945436595,195
-7.6926,53.28823,2021/10/19 23:00:00+00,Wed 20 Oct 2021,2253,2329,0,3601176,3538955,240680,3841856,3779635,81.5870009749609,80.2656540042095,196
-7.6926,53.28823,2021/10/20 23:00:00+00,Thu 21 Oct 2021,1731,1844,11,3602907,3540799,240691,3843598,3781490,81.623994697708,80.3050474345745,197
-7.6926,53.28823,2021/10/21 23:00:00+00,Fri 22 Oct 2021,1505,1932,3,3604412,3542731,240694,3845106,3783425,81.6560191144144,80.3461397729877,198
-7.6926,53.28823,2021/10/22 23:00:00+00,Sat 23 Oct 2021,2017,1701,1,3606429,3544432,240695,3847124,3785127,81.6988740699275,80.3822840417107,199
-7.6926,53.28823,2021/10/23 23:00:00+00,Sun 24 Oct 2021,1952,2186,2,3608381,3546618,240697,3849078,3787315,81.740369899002,80.428749176826,200
-7.6926,53.28823,2021/10/24 23:00:00+00,Mon 25 Oct 2021,1225,853,2,3609606,3547471,240699,3850305,3788170,81.7664269011896,80.4469062565899,201
-7.6926,53.28823,2021/10/25 23:00:00+00,Tue 26 Oct 2021,1236,1229,6,3610842,3548700,240705,3851547,3789405,81.7928024486362,80.4731331495823,202
-7.6926,53.28823,2021/10/26 23:00:00+00,Wed 27 Oct 2021,1555,1422,6,3612397,3550122,240711,3853108,3790833,81.8259523919245,80.5034586582406,203
-7.6926,53.28823,2021/10/27 23:00:00+00,Thu 28 Oct 2021,2148,1691,5,3614545,3551813,240716,3855261,3792529,81.8716742547687,80.5394755088601,204
-7.6926,53.28823,2021/10/28 23:00:00+00,Fri 29 Oct 2021,2137,1363,2,3616682,3553176,240718,3857400,3793894,81.9170988087044,80.5684631274306,205
-7.6926,53.28823,2021/10/29 23:00:00+00,Sat 30 Oct 2021,2020,1450,1,3618702,3554626,240719,3859421,3795345,81.9600174732693,80.5992770721528,206
-7.6926,53.28823,2021/10/30 23:00:00+00,Sun 31 Oct 2021,1596,1320,0,3620298,3555946,240719,3861017,3796665,81.9939106888286,80.6273090549463,207
-7.6926,53.28823,2021/11/01 00:00:00+00,Mon 01 Nov 2021,278,290,2,3620576,3556236,240721,3861297,3796957,81.999856866997,80.6335100693218,208
-7.6926,53.28823,2021/11/02 00:00:00+00,Tue 02 Nov 2021,1098,1095,10,3621674,3557331,240731,3862405,3798062,82.023386743463,80.656976236736,209
-7.6926,53.28823,2021/11/03 00:00:00+00,Wed 03 Nov 2021,2535,1879,7,3624209,3559210,240738,3864947,3799948,82.077369546691,80.6970279939697,210
-7.6926,53.28823,2021/11/04 00:00:00+00,Thu 04 Nov 2021,1534,1285,2,3625743,3560495,240740,3866483,3801235,82.1099885812143,80.7243591771933,211
-7.6926,53.28823,2021/11/05 00:00:00+00,Fri 05 Nov 2021,1628,1096,4,3627371,3561591,240744,3868115,3802335,82.1446463053953,80.7477191628546,212
-7.6926,53.28823,2021/11/06 00:00:00+00,Sat 06 Nov 2021,1816,1357,6,3629187,3562948,240750,3869937,3803698,82.1833389361905,80.7766643087239,213
-7.6926,53.28823,2021/11/07 00:00:00+00,Sun 07 Nov 2021,695,775,0,3629882,3563723,240750,3870632,3804473,82.1980981998583,80.7931224804397,214
-7.6926,53.28823,2021/11/08 00:00:00+00,Mon 08 Nov 2021,517,529,3,3630399,3564252,240753,3871152,3805005,82.2091411021708,80.8044202189595,215
-7.6926,53.28823,2021/11/09 00:00:00+00,Tue 09 Nov 2021,1370,1063,3,3631769,3565315,240756,3872525,3806071,82.2382986115462,80.8270581687003,216
-7.6926,53.28823,2021/11/10 00:00:00+00,Wed 10 Nov 2021,1609,1360,1,3633378,3566675,240757,3874135,3807432,82.2724891360139,80.8559608418684,217
-7.6926,53.28823,2021/11/11 00:00:00+00,Thu 11 Nov 2021,1385,1113,1,3634763,3567788,240758,3875521,3808546,82.3019227179471,80.879618136438,218
-7.6926,53.28823,2021/11/12 00:00:00+00,Fri 12 Nov 2021,1143,1156,6,3635906,3568944,240764,3876670,3809708,82.3263232847877,80.9042947758365,219
-7.6926,53.28823,2021/11/13 00:00:00+00,Sat 13 Nov 2021,1396,1376,0,3637302,3570320,240764,3878066,3811084,82.3559692302269,80.9335159942636,220
-7.6926,53.28823,2021/11/14 00:00:00+00,Sun 14 Nov 2021,1647,1807,1,3638949,3572127,240765,3879714,3812892,82.3909667360175,80.9719113161504,221
-7.6926,53.28823,2021/11/15 00:00:00+00,Mon 15 Nov 2021,1239,596,1,3640188,3572723,240766,3880954,3813489,82.4172998107629,80.9845894174593,222
-7.6926,53.28823,2021/11/16 00:00:00+00,Tue 16 Nov 2021,1315,1074,5,3641503,3573797,240771,3882274,3814568,82.4453317935563,81.0075034397579,223
-7.6926,53.28823,2021/11/17 00:00:00+00,Wed 17 Nov 2021,1499,1116,1,3643002,3574913,240772,3883774,3815685,82.477186319458,81.0312244433793,224
-7.6926,53.28823,2021/11/18 00:00:00+00,Thu 18 Nov 2021,1642,2501,5,3644644,3577414,240777,3885421,3818191,82.512162588898,81.0844427379857,225
-7.6926,53.28823,2021/11/19 00:00:00+00,Fri 19 Nov 2021,1163,1554,0,3645807,3578968,240777,3886584,3819745,82.5368604646471,81.1174440268198,226
-7.6926,53.28823,2021/11/20 00:00:00+00,Sat 20 Nov 2021,1545,2941,12,3647352,3581909,240789,3888141,3822698,82.569925462533,81.1801549701449,227
-7.6926,53.28823,2021/11/21 00:00:00+00,Sun 21 Nov 2021,1788,2766,0,3649140,3584675,240789,3889929,3825464,82.6078960574078,81.2388947159075,228
-7.6926,53.28823,2021/11/22 00:00:00+00,Mon 22 Nov 2021,719,519,3,3649859,3585194,240792,3890651,3825986,82.6232287025418,81.2499800909213,229
-7.6926,53.28823,2021/11/23 00:00:00+00,Tue 23 Nov 2021,2153,1594,7,3652012,3586788,240799,3892811,3827587,82.6690992198402,81.2839794882337,230
-7.6926,53.28823,2021/11/24 00:00:00+00,Wed 24 Nov 2021,1607,3144,2,3653619,3589932,240801,3894420,3830733,82.7032685079574,81.3507890472248,231
-7.6926,53.28823,2021/11/25 00:00:00+00,Thu 25 Nov 2021,976,1185,1,3654595,3591117,240802,3895397,3831919,82.7240164224947,81.3759753590377,232
-7.6926,53.28823,2021/11/26 00:00:00+00,Fri 26 Nov 2021,1285,1108,12,3655880,3592225,240814,3896694,3833039,82.7515599692243,81.3997600717109,233
-7.6926,53.28823,2021/11/27 00:00:00+00,Sat 27 Nov 2021,1200,1564,6,3657080,3593789,240820,3897900,3834609,82.7771710080492,81.4331011421546,234
-7.6926,53.28823,2021/11/28 00:00:00+00,Sun 28 Nov 2021,1953,2257,1,3659033,3596046,240821,3899854,3836867,82.8186668371238,81.4810528218119,235
-7.6926,53.28823,2021/11/29 00:00:00+00,Mon 29 Nov 2021,534,993,1,3659567,3597039,240822,3900389,3837861,82.8300282846954,81.5021617543094,236
-7.6926,53.28823,2021/11/30 00:00:00+00,Tue 30 Nov 2021,1894,1646,6,3661461,3598685,240828,3902289,3839513,82.8703773508375,81.5372442055025,237
-7.6926,53.28823,2021/12/01 00:00:00+00,Wed 01 Dec 2021,1037,1381,4,3662498,3600066,240832,3903330,3840898,82.8924843918132,81.566656551085,238
-7.6926,53.28823,2021/12/02 00:00:00+00,Thu 02 Dec 2021,1739,1410,0,3664237,3601476,240832,3905069,3842308,82.9294144055085,81.5965998054326,239
-7.6926,53.28823,2021/12/03 00:00:00+00,Fri 03 Dec 2021,1014,1189,2,3665251,3602665,240834,3906085,3843499,82.9509905377193,81.6218922989985,240
-7.6926,53.28823,2021/12/04 00:00:00+00,Sat 04 Dec 2021,1202,1700,1,3666453,3604365,240835,3907288,3845200,82.9765378674924,81.6580153313709,241
-7.6926,53.28823,2021/12/05 00:00:00+00,Sun 05 Dec 2021,1346,1774,2,3667799,3606139,240837,3908636,3846976,83.0051644681027,81.6957310900385,242
-7.6926,53.28823,2021/12/06 00:00:00+00,Mon 06 Dec 2021,932,1297,0,3668731,3607436,240837,3909568,3848273,83.0249567468629,81.7232746367682,243
-7.6926,53.28823,2021/12/07 00:00:00+00,Tue 07 Dec 2021,483,741,2,3669214,3608177,240839,3910053,3849016,83.0352563769045,81.7390532452648,244
-7.6926,53.28823,2021/12/08 00:00:00+00,Wed 08 Dec 2021,785,1518,2,3669999,3609695,240841,3910840,3850536,83.0519693848275,81.7713324981785,245
-7.6926,53.28823,2021/12/09 00:00:00+00,Thu 09 Dec 2021,784,1209,1,3670783,3610904,240842,3911625,3851746,83.0686399200494,81.7970284824058,246
-7.6926,53.28823,2021/12/10 00:00:00+00,Fri 10 Dec 2021,886,1613,1,3671669,3612517,240843,3912512,3853360,83.0874765630326,81.831303952276,247
-7.6926,53.28823,2021/12/11 00:00:00+00,Sat 11 Dec 2021,638,842,2,3672307,3613359,240845,3913152,3854204,83.1010678274173,81.8492274321833,248
-7.6926,53.28823,2021/12/12 00:00:00+00,Sun 12 Dec 2021,685,1192,0,3672992,3614551,240845,3913837,3855396,83.115614727579,81.8745411620998,249
-7.6926,53.28823,2021/12/13 00:00:00+00,Mon 13 Dec 2021,719,1068,1,3673711,3615619,240846,3914557,3856465,83.1309049000118,81.8972428208924,250
-7.6926,53.28823,2021/12/14 00:00:00+00,Tue 14 Dec 2021,626,1201,3,3674337,3616820,240849,3915186,3857669,83.1442625645399,81.9228113870161,251
-7.6926,53.28823,2021/12/15 00:00:00+00,Wed 15 Dec 2021,789,1257,0,3675126,3618077,240849,3915975,3858926,83.1610180451642,81.9495054797217,252
-7.6926,53.28823,2021/12/16 00:00:00+00,Thu 16 Dec 2021,1042,1541,7,3676168,3619618,240856,3917024,3860474,83.1832949769448,81.9823793504522,253
-7.6926,53.28823,2021/12/17 00:00:00+00,Fri 17 Dec 2021,1197,2459,1,3677365,3622077,240857,3918222,3862934,83.2087361249649,82.0346207729309,254
-7.6926,53.28823,2021/12/18 00:00:00+00,Sat 18 Dec 2021,1245,1183,0,3678610,3623260,240857,3919467,3864117,83.2351753814633,82.0597433756921,255
-7.6926,53.28823,2021/12/19 00:00:00+00,Sun 19 Dec 2021,543,887,1,3679153,3624147,240858,3920011,3865005,83.2467279561903,82.0786012550258,256
-7.6926,53.28823,2021/12/20 00:00:00+00,Mon 20 Dec 2021,505,615,1,3679658,3624762,240859,3920517,3865621,83.2574735495944,82.0916828469961,257
-7.6926,53.28823,2021/12/21 00:00:00+00,Tue 21 Dec 2021,1396,1815,3,3681054,3626577,240862,3921916,3867439,83.2871832040854,82.1302905323889,258
-7.6926,53.28823,2021/12/22 00:00:00+00,Wed 22 Dec 2021,1154,1592,2,3682208,3628169,240864,3923072,3869033,83.3117324253802,82.1641412752471,259
-7.6926,53.28823,2021/12/23 00:00:00+00,Thu 23 Dec 2021,923,1387,0,3683131,3629556,240864,3923995,3870420,83.3313335769851,82.1935960935308,260
-7.6926,53.28823,2021/12/24 00:00:00+00,Fri 24 Dec 2021,101,157,0,3683232,3629713,240864,3924096,3870577,83.3334784483958,82.1969302005752,261
-7.6926,53.28823,2021/12/25 00:00:00+00,Sat 25 Dec 2021,1,5,0,3683233,3629718,240864,3924097,3870582,83.3334996847464,82.1970363823282,262
-7.6926,53.28823,2021/12/26 00:00:00+00,Sun 26 Dec 2021,12,11,0,3683245,3629729,240864,3924109,3870593,83.3337545209536,82.1972699821848,263
-7.6926,53.28823,2021/12/27 00:00:00+00,Mon 27 Dec 2021,389,589,0,3683634,3630318,240864,3924498,3871182,83.3420154613374,82.2097781926889,264
-7.6926,53.28823,2021/12/28 00:00:00+00,Tue 28 Dec 2021,465,747,0,3684099,3631065,240864,3924963,3871929,83.3518903643669,82.2256417465879,265
-7.6926,53.28823,2021/12/29 00:00:00+00,Wed 29 Dec 2021,1057,1306,0,3685156,3632371,240864,3926020,3873235,83.3743371869523,82.2533764204729,266
-7.6926,53.28823,2021/12/30 00:00:00+00,Thu 30 Dec 2021,1047,1194,1,3686203,3633565,240865,3927068,3874430,83.3965928823823,82.2787538594413,267
-7.6926,53.28823,2021/12/31 00:00:00+00,Fri 31 Dec 2021,711,1680,0,3686914,3635245,240865,3927779,3876110,83.4116919276596,82.3144309284511,268
-7.6926,53.28823,2022/01/01 00:00:00+00,Sat 01 Jan 2022,64,99,0,3686978,3635344,240865,3927843,3876209,83.4130510540981,82.3165333271606,269
-7.6926,53.28823,2022/01/02 00:00:00+00,Sun 02 Jan 2022,270,628,0,3687248,3635972,240865,3928113,3876837,83.4187848687604,82.3298697553381,270
-7.6926,53.28823,2022/01/03 00:00:00+00,Mon 03 Jan 2022,3630,727,1,3690878,3636699,240866,3931744,3877565,83.495894057793,82.3453298185757,271
-7.6926,53.28823,2022/01/04 00:00:00+00,Tue 04 Jan 2022,1186,780,1,3692064,3637479,240867,3932931,3878346,83.5211016059565,82.3619154083952,272
-7.6926,53.28823,2022/01/05 00:00:00+00,Wed 05 Jan 2022,2140,903,0,3694204,3638382,240867,3935071,3879249,83.5665473962429,82.381091832988,273
-7.6926,53.28823,2022/01/06 00:00:00+00,Thu 06 Jan 2022,2455,1694,1,3696659,3640076,240868,3937527,3880944,83.6187038733192,82.4170874472569,274
-7.6926,53.28823,2022/01/07 00:00:00+00,Fri 07 Jan 2022,4852,784,2,3701511,3640860,240870,3942381,3881730,83.721785119137,82.4337792188293,275
-7.6926,53.28823,2022/01/08 00:00:00+00,Sat 08 Jan 2022,9789,740,2,3711300,3641600,240872,3952172,3882472,83.9297102278724,82.4495365909754,276
-7.6926,53.28823,2022/01/09 00:00:00+00,Sun 09 Jan 2022,7115,666,0,3718415,3642266,240872,3959287,3883138,84.0808068623993,82.4636800004757,277
-7.6926,53.28823,2022/01/10 00:00:00+00,Mon 10 Jan 2022,6658,507,1,3725073,3642773,240873,3965946,3883646,84.222219721052,82.4744680665811,278
-7.6926,53.28823,2022/01/11 00:00:00+00,Tue 11 Jan 2022,4780,1365,1,3729853,3644138,240874,3970727,3885012,84.3237507132759,82.5034769215022,279
-7.6926,53.28823,2022/01/12 00:00:00+00,Wed 12 Jan 2022,7559,918,1,3737412,3645056,240875,3978287,3885931,84.4842975238203,82.5229931277046,280
-7.6926,53.28823,2022/01/13 00:00:00+00,Thu 13 Jan 2022,7322,815,0,3744734,3645871,240875,3985609,3886746,84.6397900829216,82.5403007534445,281
-7.6926,53.28823,2022/01/14 00:00:00+00,Fri 14 Jan 2022,10721,834,0,3755455,3646705,240875,3996330,3887580,84.867464997716,82.5580118698458,282
-7.6926,53.28823,2022/01/15 00:00:00+00,Sat 15 Jan 2022,8360,652,2,3763815,3647357,240877,4004692,3888234,85.0450433614425,82.5719004431389,283
-7.6926,53.28823,2022/01/16 00:00:00+00,Sun 16 Jan 2022,6965,1215,1,3770780,3648572,240878,4011658,3889450,85.1929757797298,82.5977238454699,284
-7.6926,53.28823,2022/01/17 00:00:00+00,Mon 17 Jan 2022,2563,560,0,3773343,3649132,240878,4014221,3890010,85.2474045463204,82.6096162018065,285
-7.6926,53.28823,2022/01/18 00:00:00+00,Tue 18 Jan 2022,4056,451,3,3777399,3649583,240881,4018280,3890464,85.3336028934103,82.6192575049794,286
-7.6926,53.28823,2022/01/19 00:00:00+00,Wed 19 Jan 2022,3486,621,0,3780885,3650204,240881,4021766,3891085,85.4076328116058,82.6324452787027,287
-7.6926,53.28823,2022/01/20 00:00:00+00,Thu 20 Jan 2022,3693,932,0,3784578,3651136,240881,4025459,3892017,85.4860586543756,82.6522375574629,288
-7.6926,53.28823,2022/01/21 00:00:00+00,Fri 21 Jan 2022,3250,976,0,3787828,3652112,240881,4028709,3892993,85.5550767938292,82.6729642356496,289
-7.6926,53.28823,2022/01/22 00:00:00+00,Sat 22 Jan 2022,4270,643,0,3792098,3652755,240881,4032979,3893636,85.645756010896,82.6866192090861,290
-7.6926,53.28823,2022/01/23 00:00:00+00,Sun 23 Jan 2022,3092,677,0,3795190,3653432,240881,4036071,3894313,85.7114188069546,82.7009962184431,291
-7.6926,53.28823,2022/01/24 00:00:00+00,Mon 24 Jan 2022,646,463,0,3795836,3653895,240881,4036717,3894776,85.7251374894429,82.7108286487714,292
-7.6926,53.28823,2022/01/25 00:00:00+00,Tue 25 Jan 2022,692,1836,0,3796528,3655731,240881,4037409,3896612,85.7398330440588,82.749818588475,293
-7.6926,53.28823,2022/01/26 00:00:00+00,Wed 26 Jan 2022,700,897,0,3797228,3656628,240881,4038109,3897509,85.7546984894796,82.7688675949642,294
-7.6926,53.28823,2022/01/27 00:00:00+00,Thu 27 Jan 2022,1274,1177,0,3798502,3657805,240881,4039383,3898686,85.7817536001454,82.7938627796217,295
-7.6926,53.28823,2022/01/28 00:00:00+00,Fri 28 Jan 2022,1027,3094,1,3799529,3660899,240882,4040411,3901781,85.8035845685634,82.8595892847321,296
-7.6926,53.28823,2022/01/29 00:00:00+00,Sat 29 Jan 2022,2328,3444,0,3801857,3664343,240882,4042739,3905225,85.8530227927627,82.9327272762023,297
-7.6926,53.28823,2022/01/30 00:00:00+00,Sun 30 Jan 2022,1638,7537,0,3803495,3671880,240882,4044377,3912762,85.8878079350473,83.0927856506828,298
-7.6926,53.28823,2022/01/31 00:00:00+00,Mon 31 Jan 2022,480,1392,0,3803975,3673272,240882,4044857,3914154,85.8980013833359,83.1223466507196,299
-7.6926,53.28823,2022/02/01 00:00:00+00,Tue 01 Feb 2022,747,3417,1,3804722,3676689,240883,4045605,3917572,85.9138861735855,83.1949324970742,300
-7.6926,53.28823,2022/02/02 00:00:00+00,Wed 02 Feb 2022,650,2996,0,3805372,3679685,240883,4046255,3920568,85.9276898014762,83.2585566034751,301
-7.6926,53.28823,2022/02/03 00:00:00+00,Thu 03 Feb 2022,905,2435,1,3806277,3682120,240884,4047161,3923004,85.9469299351208,83.3102883535394,302
-7.6926,53.28823,2022/02/04 00:00:00+00,Fri 04 Feb 2022,1172,6523,0,3807449,3688643,240884,4048333,3929527,85.9718189380253,83.4488130685104,303
-7.6926,53.28823,2022/05/17 23:00:00+00,Wed 18 May 2022,103,121,0,3846247,3795666,240908,4087155,4036574,86.7962565410614,85.7221006913069,304
-7.6926,53.28823,2022/05/18 23:00:00+00,Thu 19 May 2022,99,104,0,3846346,3795770,240908,4087254,4036678,86.7983589397709,85.7243092717694,305
-7.6926,53.28823,2022/05/19 23:00:00+00,Fri 20 May 2022,128,208,0,3846474,3795978,240908,4087382,4036886,86.8010771926479,85.7287264326945,306
-7.6926,53.28823,2022/05/20 23:00:00+00,Sat 21 May 2022,393,761,0,3846867,3796739,240908,4087775,4037647,86.8094230784341,85.7448872955019,307
-7.6926,53.28823,2022/05/21 23:00:00+00,Sun 22 May 2022,234,409,0,3847101,3797148,240908,4088009,4038056,86.8143923844748,85.7535729628978,308
-7.6926,53.28823,2022/05/22 23:00:00+00,Mon 23 May 2022,30,35,0,3847131,3797183,240908,4088039,4038091,86.8150294749928,85.7543162351688,309
-7.6926,53.28823,2022/05/23 23:00:00+00,Tue 24 May 2022,77,83,0,3847208,3797266,240908,4088116,4038174,86.8166646739891,85.7560788522687,310
-7.6926,53.28823,2022/05/24 23:00:00+00,Wed 25 May 2022,89,134,1,3847297,3797400,240909,4088206,4038309,86.8185759455432,85.7589457595998,311
-7.6926,53.28823,2022/05/25 23:00:00+00,Thu 26 May 2022,135,155,0,3847432,3797555,240909,4088341,4038464,86.8214428528744,85.762237393943,312
-7.6926,53.28823,2022/05/26 23:00:00+00,Fri 27 May 2022,98,151,0,3847530,3797706,240909,4088439,4038615,86.8235240152333,85.7654440828838,313
-7.6926,53.28823,2022/05/27 23:00:00+00,Sat 28 May 2022,335,578,0,3847865,3798284,240909,4088774,4039193,86.8306381926846,85.7777186935312,314
-7.6926,53.28823,2022/05/28 23:00:00+00,Sun 29 May 2022,182,349,0,3848047,3798633,240909,4088956,4039542,86.834503208494,85.785130179891,315
-7.6926,53.28823,2022/05/29 23:00:00+00,Mon 30 May 2022,11,22,0,3848058,3798655,240909,4088967,4039564,86.8347368083506,85.7855973796042,316
-7.6926,53.28823,2022/05/30 23:00:00+00,Tue 31 May 2022,66,79,1,3848124,3798734,240910,4089034,4039644,86.8361596438409,85.7872962876523,317
-7.6926,53.28823,2022/05/31 23:00:00+00,Wed 01 Jun 2022,71,100,0,3848195,3798834,240910,4089105,4039744,86.8376674247336,85.7894199227124,318
-7.6926,53.28823,2022/06/01 23:00:00+00,Thu 02 Jun 2022,120,138,0,3848315,3798972,240910,4089225,4039882,86.8402157868057,85.7923505390954,319
-7.6926,53.28823,2022/06/02 23:00:00+00,Fri 03 Jun 2022,63,144,0,3848378,3799116,240910,4089288,4040026,86.8415536768936,85.7954085735819,320
-7.6926,53.28823,2022/06/03 23:00:00+00,Sat 04 Jun 2022,307,606,0,3848685,3799722,240910,4089595,4040632,86.8480732365281,85.8082778020462,321
-7.6926,53.28823,2022/06/04 23:00:00+00,Sun 05 Jun 2022,143,273,0,3848828,3799995,240910,4089738,4040905,86.8511100346641,85.8140753257603,322
-7.6926,53.28823,2022/06/05 23:00:00+00,Mon 06 Jun 2022,3,7,1,3848831,3800002,240911,4089742,4040913,86.8511949800665,85.8142452165651,323
-7.6926,53.28823,2022/06/06 23:00:00+00,Tue 07 Jun 2022,29,50,0,3848860,3800052,240911,4089771,4040963,86.8518108342339,85.8153070340952,324
-7.6926,53.28823,2022/06/07 23:00:00+00,Wed 08 Jun 2022,41,76,0,3848901,3800128,240911,4089812,4041039,86.8526815246086,85.8169209967408,325
-7.6926,53.28823,2022/06/08 23:00:00+00,Thu 09 Jun 2022,83,123,0,3848984,3800251,240911,4089895,4041162,86.8544441417085,85.8195330678648,326
-7.6926,53.28823,2022/06/09 23:00:00+00,Fri 10 Jun 2022,56,108,0,3849040,3800359,240911,4089951,4041270,86.8556333773421,85.8218265937297,327
-7.6926,53.28823,2022/06/10 23:00:00+00,Sat 11 Jun 2022,189,561,0,3849229,3800920,240911,4090140,4041831,86.8596470476057,85.8337401864169,328
-7.6926,53.28823,2022/06/11 23:00:00+00,Sun 12 Jun 2022,143,288,0,3849372,3801208,240911,4090283,4042119,86.8626838457417,85.83985625539,329
-7.6926,53.28823,2022/06/12 23:00:00+00,Mon 13 Jun 2022,19,44,0,3849391,3801252,240911,4090302,4042163,86.8630873364031,85.8407906548165,330
-7.6926,53.28823,2022/06/13 23:00:00+00,Tue 14 Jun 2022,39,54,0,3849430,3801306,240911,4090341,4042217,86.8639155540766,85.841937417749,331
-7.6926,53.28823,2022/06/14 23:00:00+00,Wed 15 Jun 2022,70,122,0,3849500,3801428,240911,4090411,4042339,86.8654020986186,85.8445282525223,332
-7.6926,53.28823,2022/06/15 23:00:00+00,Thu 16 Jun 2022,81,85,0,3849581,3801513,240911,4090492,4042424,86.8671222430173,85.8463333423234,333
-7.6926,53.28823,2022/06/16 23:00:00+00,Fri 17 Jun 2022,60,94,0,3849641,3801607,240911,4090552,4042518,86.8683964240534,85.8483295592799,334
-7.6926,53.28823,2022/06/17 23:00:00+00,Sat 18 Jun 2022,223,487,0,3849864,3802094,240911,4090775,4043005,86.8731321302374,85.8586716620226,335
-7.6926,53.28823,2022/06/18 23:00:00+00,Sun 19 Jun 2022,80,129,0,3849944,3802223,240911,4090855,4043134,86.8748310382855,85.8614111512502,336
-7.6926,53.28823,2022/06/19 23:00:00+00,Mon 20 Jun 2022,9,27,0,3849953,3802250,240911,4090864,4043161,86.8750221654409,85.8619845327164,337
-7.6926,53.28823,2022/06/20 23:00:00+00,Tue 21 Jun 2022,79,168,1,3850032,3802418,240912,4090944,4043330,86.876721073489,85.865573475968,338
-7.6926,53.28823,2022/06/21 23:00:00+00,Wed 22 Jun 2022,59,94,0,3850091,3802512,240912,4091003,4043424,86.8779740181745,85.8675696929245,339
-7.6926,53.28823,2022/06/22 23:00:00+00,Thu 23 Jun 2022,65,115,0,3850156,3802627,240912,4091068,4043539,86.8793543809636,85.8700118732436,340
-7.6926,53.28823,2022/06/23 23:00:00+00,Fri 24 Jun 2022,56,91,1,3850212,3802718,240913,4091125,4043631,86.8805648529478,85.8719656174989,341
-7.6926,53.28823,2022/06/24 23:00:00+00,Sat 25 Jun 2022,210,292,0,3850422,3803010,240913,4091335,4043923,86.8850244865741,85.8781666318744,342
-7.6926,53.28823,2022/06/25 23:00:00+00,Sun 26 Jun 2022,174,403,0,3850596,3803413,240913,4091509,4044326,86.8887196115787,85.8867248811667,343
-7.6926,53.28823,2022/06/26 23:00:00+00,Mon 27 Jun 2022,3,33,0,3850599,3803446,240913,4091512,4044359,86.8887833206305,85.8874256807365,344
-7.6926,53.28823,2022/06/27 23:00:00+00,Tue 28 Jun 2022,47,60,0,3850646,3803506,240913,4091559,4044419,86.8897814291087,85.8886998617726,345
-7.6926,53.28823,2022/06/28 23:00:00+00,Wed 29 Jun 2022,63,81,3,3850709,3803587,240916,4091625,4044503,86.8911830282484,85.8904837152231,346
-7.6926,53.28823,2022/06/29 23:00:00+00,Thu 30 Jun 2022,73,87,0,3850782,3803674,240916,4091698,4044590,86.8927332818423,85.8923312777254,347
-7.6926,53.28823,2022/06/30 23:00:00+00,Fri 01 Jul 2022,49,62,0,3850831,3803736,240916,4091747,4044652,86.8937738630217,85.8936479314627,348
-7.6926,53.28823,2022/07/01 23:00:00+00,Sat 02 Jul 2022,182,228,0,3851013,3803964,240916,4091929,4044880,86.8976388788311,85.8984898193997,349
-7.6926,53.28823,2022/07/02 23:00:00+00,Sun 03 Jul 2022,108,273,0,3851121,3804237,240916,4092037,4045153,86.899932404696,85.9042873431138,350
-7.6926,53.28823,2022/07/03 23:00:00+00,Mon 04 Jul 2022,14,14,0,3851135,3804251,240916,4092051,4045167,86.9002297136044,85.9045846520222,351
-7.6926,53.28823,2022/07/04 23:00:00+00,Tue 05 Jul 2022,53,69,0,3851188,3804320,240916,4092104,4045236,86.9013552401863,85.9060499602137,352
-7.6926,53.28823,2022/07/05 23:00:00+00,Wed 06 Jul 2022,63,82,0,3851251,3804402,240916,4092167,4045318,86.9026931302742,85.907791340963,353
-7.6926,53.28823,2022/07/06 23:00:00+00,Thu 07 Jul 2022,79,74,0,3851330,3804476,240916,4092246,4045392,86.9043708019717,85.9093628309075,354
-7.6926,53.28823,2022/07/07 23:00:00+00,Fri 08 Jul 2022,101,88,0,3851431,3804564,240916,4092347,4045480,86.9065156733824,85.9112316297604,355
-7.6926,53.28823,2022/07/08 23:00:00+00,Sat 09 Jul 2022,120,142,0,3851551,3804706,240916,4092467,4045622,86.9090640354545,85.9142471915457,356
-7.6926,53.28823,2022/07/09 23:00:00+00,Sun 10 Jul 2022,131,219,0,3851682,3804925,240916,4092598,4045841,86.9118459973833,85.9188979523274,357
-7.6926,53.28823,2022/07/10 23:00:00+00,Mon 11 Jul 2022,12,15,0,3851694,3804940,240916,4092610,4045856,86.9121008335905,85.9192164975864,358
-7.6926,53.28823,2022/07/11 23:00:00+00,Tue 12 Jul 2022,43,80,0,3851737,3805020,240916,4092653,4045936,86.9130139966663,85.9209154056345,359
-7.6926,53.28823,2022/07/12 23:00:00+00,Wed 13 Jul 2022,99,73,0,3851836,3805093,240916,4092752,4046009,86.9151163953758,85.9224656592284,360
-7.6926,53.28823,2022/07/13 23:00:00+00,Thu 14 Jul 2022,70,39,0,3851906,3805132,240916,4092822,4046048,86.9166029399179,85.9232938769018,361
-7.6926,53.28823,2022/07/14 23:00:00+00,Fri 15 Jul 2022,79,116,1,3851985,3805248,240917,4092902,4046165,86.918301847966,85.9257785299221,362
-7.6926,53.28823,2022/07/15 23:00:00+00,Sat 16 Jul 2022,124,209,0,3852109,3805457,240917,4093026,4046374,86.9209351554405,85.9302169271978,363
-7.6926,53.28823,2022/07/16 23:00:00+00,Sun 17 Jul 2022,119,165,0,3852228,3805622,240917,4093145,4046539,86.9234622811621,85.9337209250469,364
-7.6926,53.28823,2022/07/17 23:00:00+00,Mon 18 Jul 2022,13,17,0,3852241,3805639,240917,4093158,4046556,86.9237383537199,85.9340819430072,365
-7.6926,53.28823,2022/07/18 23:00:00+00,Tue 19 Jul 2022,29,33,0,3852270,3805672,240917,4093187,4046589,86.9243542078873,85.934782742577,366
-7.6926,53.28823,2022/07/19 23:00:00+00,Wed 20 Jul 2022,77,66,0,3852347,3805738,240917,4093264,4046655,86.9259894068836,85.9361843417167,367
-7.6926,53.28823,2022/07/20 23:00:00+00,Thu 21 Jul 2022,51,30,0,3852398,3805768,240917,4093315,4046685,86.9270724607643,85.9368214322347,368
-7.6926,53.28823,2022/07/21 23:00:00+00,Fri 22 Jul 2022,72,69,0,3852470,3805837,240917,4093387,4046754,86.9286014780075,85.9382867404262,369
-7.6926,53.28823,2022/07/22 23:00:00+00,Sat 23 Jul 2022,97,175,0,3852567,3806012,240917,4093484,4046929,86.9306614040158,85.9420031017814,370
-7.6926,53.28823,2022/07/23 23:00:00+00,Sun 24 Jul 2022,106,232,0,3852673,3806244,240917,4093590,4047161,86.9329124571796,85.9469299351208,371
-7.6926,53.28823,2022/07/24 23:00:00+00,Mon 25 Jul 2022,13,22,0,3852686,3806266,240917,4093603,4047183,86.9331885297374,85.947397134834,372
-7.6926,53.28823,2022/07/25 23:00:00+00,Tue 26 Jul 2022,18,16,0,3852704,3806282,240917,4093621,4047199,86.9335707840482,85.9477369164437,373
-7.6926,53.28823,2022/07/26 23:00:00+00,Wed 27 Jul 2022,60,72,1,3852764,3806354,240918,4093682,4047272,86.9348662014349,85.9492871700376,374
-7.6926,53.28823,2022/07/27 23:00:00+00,Thu 28 Jul 2022,48,71,0,3852812,3806425,240918,4093730,4047343,86.9358855462637,85.9507949509302,375
-7.6926,53.28823,2022/07/28 23:00:00+00,Fri 29 Jul 2022,69,106,0,3852881,3806531,240918,4093799,4047449,86.9373508544552,85.9530460040939,376
-7.6926,53.28823,2022/07/29 23:00:00+00,Sat 30 Jul 2022,99,118,0,3852980,3806649,240918,4093898,4047567,86.9394532531647,85.9555518934649,377
-7.6926,53.28823,2022/07/30 23:00:00+00,Sun 31 Jul 2022,31,57,0,3853011,3806706,240918,4093929,4047624,86.9401115800333,85.9567623654491,378
-7.6926,53.28823,2022/07/31 23:00:00+00,Mon 01 Aug 2022,9,14,0,3853020,3806720,240918,4093938,4047638,86.9403027071887,85.9570596743576,379
-7.6926,53.28823,2022/08/01 23:00:00+00,Tue 02 Aug 2022,34,27,0,3853054,3806747,240918,4093972,4047665,86.9410247431092,85.9576330558238,380
-7.6926,53.28823,2022/08/02 23:00:00+00,Wed 03 Aug 2022,93,139,0,3853147,3806886,240918,4094065,4047804,86.9429997237151,85.9605849085573,381
-7.6926,53.28823,2022/08/03 23:00:00+00,Thu 04 Aug 2022,44,51,0,3853191,3806937,240918,4094109,4047855,86.9439341231415,85.961667962438,382
-7.6926,53.28823,2022/08/04 23:00:00+00,Fri 05 Aug 2022,95,90,0,3853286,3807027,240918,4094204,4047945,86.9459515764486,85.9635792339921,383
-7.6926,53.28823,2022/08/05 23:00:00+00,Sat 06 Aug 2022,71,131,0,3853357,3807158,240918,4094275,4048076,86.9474593573413,85.9663611959208,384
-7.6926,53.28823,2022/08/06 23:00:00+00,Sun 07 Aug 2022,28,80,0,3853385,3807238,240918,4094303,4048156,86.9480539751581,85.9680601039689,385
-7.6926,53.28823,2022/08/07 23:00:00+00,Mon 08 Aug 2022,11,16,0,3853396,3807254,240918,4094314,4048172,86.9482875750147,85.9683998855785,386
-7.6926,53.28823,2022/08/08 23:00:00+00,Tue 09 Aug 2022,47,39,0,3853443,3807293,240918,4094361,4048211,86.949285683493,85.969228103252,387
-7.6926,53.28823,2022/08/09 23:00:00+00,Wed 10 Aug 2022,54,94,0,3853497,3807387,240918,4094415,4048305,86.9504324464255,85.9712243202085,388
-7.6926,53.28823,2022/08/10 23:00:00+00,Thu 11 Aug 2022,43,38,0,3853540,3807425,240918,4094458,4048343,86.9513456095013,85.9720313015313,389
-7.6926,53.28823,2022/08/11 23:00:00+00,Fri 12 Aug 2022,70,75,0,3853610,3807500,240918,4094528,4048418,86.9528321540434,85.9736240278264,390
-7.6926,53.28823,2022/08/12 23:00:00+00,Sat 13 Aug 2022,100,151,0,3853710,3807651,240918,4094628,4048569,86.9549557891035,85.9768307167672,391
-7.6926,53.28823,2022/08/13 23:00:00+00,Sun 14 Aug 2022,18,26,0,3853728,3807677,240918,4094646,4048595,86.9553380434143,85.9773828618828,392
-7.6926,53.28823,2022/08/14 23:00:00+00,Mon 15 Aug 2022,12,6,0,3853740,3807683,240918,4094658,4048601,86.9555928796215,85.9775102799864,393
-7.6926,53.28823,2022/08/15 23:00:00+00,Tue 16 Aug 2022,40,27,0,3853780,3807710,240918,4094698,4048628,86.9564423336456,85.9780836614526,394
-7.6926,53.28823,2022/08/16 23:00:00+00,Wed 17 Aug 2022,52,56,0,3853832,3807766,240918,4094750,4048684,86.9575466238768,85.9792728970863,395
-7.6926,53.28823,2022/08/17 23:00:00+00,Thu 18 Aug 2022,82,36,0,3853914,3807802,240918,4094832,4048720,86.9592880046261,85.980037405708,396
-7.6926,53.28823,2022/08/18 23:00:00+00,Fri 19 Aug 2022,68,57,0,3853982,3807859,240918,4094900,4048777,86.960732076467,85.9812478776922,397
-7.6926,53.28823,2022/08/19 23:00:00+00,Sat 20 Aug 2022,110,125,0,3854092,3807984,240918,4095010,4048902,86.9630680750331,85.9839024215174,398
-7.6926,53.28823,2022/08/20 23:00:00+00,Sun 21 Aug 2022,38,36,0,3854130,3808020,240918,4095048,4048938,86.963875056356,85.984666930139,399
-7.6926,53.28823,2022/08/21 23:00:00+00,Mon 22 Aug 2022,9,10,0,3854139,3808030,240918,4095057,4048948,86.9640661835114,85.984879293645,400
-7.6926,53.28823,2022/08/22 23:00:00+00,Tue 23 Aug 2022,78,71,0,3854217,3808101,240918,4095135,4049019,86.9657226188583,85.9863870745377,401
-7.6926,53.28823,2022/08/23 23:00:00+00,Wed 24 Aug 2022,56,52,0,3854273,3808153,240918,4095191,4049071,86.9669118544919,85.9874913647689,402
-7.6926,53.28823,2022/08/24 23:00:00+00,Thu 25 Aug 2022,52,46,0,3854325,3808199,240918,4095243,4049117,86.9680161447232,85.9884682368966,403
-7.6926,53.28823,2021/04/07 23:00:00+00,Thu 08 Apr 2021,20185,10565,16,754531,322458,188,754719,322646,16.0274772893158,6.85182357604429,404
-7.6926,53.28823,2021/04/08 23:00:00+00,Fri 09 Apr 2021,20675,9160,16,775206,331618,204,775410,331822,16.4668786196032,7.04668832916004,405
-7.6926,53.28823,2021/04/09 23:00:00+00,Sat 10 Apr 2021,11179,4174,12,786385,335792,216,786601,336008,16.7045346191802,7.13558369277626,406
-7.6926,53.28823,2021/04/10 23:00:00+00,Sun 11 Apr 2021,2865,365,8,789250,336157,224,789474,336381,16.7655466544572,7.14350485155048,407
-7.6926,53.28823,2021/04/11 23:00:00+00,Mon 12 Apr 2021,7777,2797,13,797027,338954,237,797264,339191,16.9309778256398,7.20317899673958,408
-7.6926,53.28823,2021/04/12 23:00:00+00,Tue 13 Apr 2021,11518,8603,1,808545,347557,238,808783,347795,17.1755993482139,7.3858965573115,409
-7.6926,53.28823,2021/04/13 23:00:00+00,Wed 14 Apr 2021,20355,6598,2,828900,354155,240,829140,354395,17.6079077374006,7.52605647127879,410
-7.6926,53.28823,2021/04/14 23:00:00+00,Thu 15 Apr 2021,27131,10812,1,856031,364967,241,856272,365208,18.1840924019098,7.75568513032855,411
-7.6926,53.28823,2021/04/15 23:00:00+00,Fri 16 Apr 2021,27979,9835,1,884010,374802,242,884252,375044,18.7782854917288,7.96456587484102,412
-7.6926,53.28823,2021/04/16 23:00:00+00,Sat 17 Apr 2021,15850,4556,3,899860,379358,245,900105,379603,19.1149453578081,8.06138239723146,413
-7.6926,53.28823,2021/04/17 23:00:00+00,Sun 18 Apr 2021,1073,484,0,900933,379842,245,901178,380087,19.1377319620031,8.07166079092239,414
-7.6926,53.28823,2021/04/18 23:00:00+00,Mon 19 Apr 2021,6748,2259,0,907681,382101,245,907926,382346,19.2810348558593,8.11963370693029,415
-7.6926,53.28823,2021/04/19 23:00:00+00,Tue 20 Apr 2021,15089,7320,1,922770,389421,246,923016,389667,19.60149138643,8.27510502968099,416
-7.6926,53.28823,2021/04/20 23:00:00+00,Wed 21 Apr 2021,26725,9888,4,949495,399309,250,949745,399559,20.169117801647,8.48517500982712,417
-7.6926,53.28823,2021/04/21 23:00:00+00,Thu 22 Apr 2021,31620,12182,1,981115,411491,251,981366,411742,20.8406324440045,8.74389746920039,418
-7.6926,53.28823,2021/04/22 23:00:00+00,Fri 23 Apr 2021,33615,12351,3,1014730,423842,254,1014984,424096,21.5545560785125,9.00625134452645,419
-7.6926,53.28823,2021/04/23 23:00:00+00,Sat 24 Apr 2021,23702,6995,2,1038432,430837,256,1038688,431093,22.0579425331611,9.15484208968238,420
-7.6926,53.28823,2021/04/24 23:00:00+00,Sun 25 Apr 2021,9752,304,2,1048184,431141,258,1048442,431399,22.2650818969243,9.16134041296632,421
-7.6926,53.28823,2021/04/25 23:00:00+00,Mon 26 Apr 2021,15594,3055,3,1063778,434196,261,1064039,434457,22.5963052572497,9.2262811731045,422
-7.6926,53.28823,2021/04/26 23:00:00+00,Tue 27 Apr 2021,25917,7819,9,1089695,442015,270,1089965,442285,23.146878882934,9.39251932560996,423
-7.6926,53.28823,2021/04/27 23:00:00+00,Wed 28 Apr 2021,26039,8613,5,1115734,450628,275,1116009,450903,23.6999583979892,9.57553419509028,424
-7.6926,53.28823,2021/04/28 23:00:00+00,Thu 29 Apr 2021,31692,11336,6,1147426,461964,281,1147707,462245,24.373108239343,9.81639688360802,425
-7.6926,53.28823,2021/04/29 23:00:00+00,Fri 30 Apr 2021,36111,13531,8,1183537,475495,289,1183826,475784,25.1401439867043,10.1039158343964,426
-7.6926,53.28823,2021/04/30 23:00:00+00,Sat 01 May 2021,16586,6692,18,1200123,482187,307,1200430,482494,25.4927523520851,10.2464117469298,427
-7.6926,53.28823,2021/05/01 23:00:00+00,Sun 02 May 2021,12465,910,15,1212588,483097,322,1212910,483419,25.7577820075869,10.2660553712358,428
-7.6926,53.28823,2021/05/02 23:00:00+00,Mon 03 May 2021,14267,926,21,1226855,484023,343,1227198,484366,26.0612069849755,10.2861661952551,429
-7.6926,53.28823,2021/05/03 23:00:00+00,Tue 04 May 2021,26661,6795,10,1253516,490818,353,1253869,491171,26.6276016918576,10.4306795610956,430
-7.6926,53.28823,2021/05/04 23:00:00+00,Wed 05 May 2021,32117,13459,69,1285633,504277,422,1286055,504699,27.3111148723048,10.7179649120274,431
-7.6926,53.28823,2021/05/05 23:00:00+00,Thu 06 May 2021,37294,14374,132,1322927,518651,554,1323481,519205,28.1059065299017,11.026019413847,432
-7.6926,53.28823,2021/05/06 23:00:00+00,Fri 07 May 2021,40594,15076,97,1363521,533727,651,1364172,534378,28.9700348722113,11.3482385615176,433
-7.6926,53.28823,2021/05/07 23:00:00+00,Sat 08 May 2021,25626,7054,10,1389147,540781,661,1389808,541442,29.5144499562213,11.4982521421638,434
-7.6926,53.28823,2021/05/08 23:00:00+00,Sun 09 May 2021,19674,926,5,1408821,541707,666,1409487,542373,29.9323600997004,11.5180231845734,435
-7.6926,53.28823,2021/05/09 23:00:00+00,Mon 10 May 2021,28844,4650,171,1437665,546357,837,1438502,547194,30.5485328123915,11.6204036308213,436
-7.6926,53.28823,2021/05/10 23:00:00+00,Tue 11 May 2021,33926,14827,153,1471591,561184,990,1472581,562174,31.2722464045266,11.9385241628259,437
-7.6926,53.28823,2021/05/11 23:00:00+00,Wed 12 May 2021,31293,20949,173,1502884,582133,1163,1504047,583296,31.940469412541,12.3870783602224,438
-7.6926,53.28823,2021/05/12 23:00:00+00,Thu 13 May 2021,36003,25483,152,1538887,607616,1315,1540202,608931,32.7082696685239,12.9314722078818,439
-7.6926,53.28823,2021/05/13 23:00:00+00,Fri 14 May 2021,38221,27945,236,1577108,635561,1551,1578659,637112,33.5249560035906,13.5299338041715,440
-7.6926,53.28823,2021/05/14 23:00:00+00,Sat 15 May 2021,28860,12455,22,1605968,648016,1573,1607541,649589,34.1383042816518,13.7948997506215,441
-7.6926,53.28823,2021/05/15 23:00:00+00,Sun 16 May 2021,23180,1174,9,1629148,649190,1582,1630730,650772,34.6307540157408,13.8200223533826,442
-7.6926,53.28823,2021/05/16 23:00:00+00,Mon 17 May 2021,35387,3952,118,1664535,653142,1700,1666235,654842,35.3847506438331,13.9064543003291,443
-7.6926,53.28823,2021/05/17 23:00:00+00,Tue 18 May 2021,39013,12501,128,1703548,665643,1828,1705376,667471,36.2159626427109,14.1746481720705,444
-7.6926,53.28823,2021/05/18 23:00:00+00,Wed 19 May 2021,37026,17590,211,1740574,683233,2039,1742613,685272,37.0067406300443,14.5526764491208,445
-7.6926,53.28823,2021/05/19 23:00:00+00,Thu 20 May 2021,39090,19642,136,1779664,702875,2175,1781839,705050,37.8397577187233,14.9726889913094,446
-7.6926,53.28823,2021/05/20 23:00:00+00,Fri 21 May 2021,25837,23245,14934,1805501,726120,17109,1822610,743229,38.7055849690809,15.7834716209091,447
-7.6926,53.28823,2021/05/21 23:00:00+00,Sat 22 May 2021,16588,10248,13522,1822089,736368,30631,1852720,766999,39.3450114856802,16.2882596746973,448
-7.6926,53.28823,2021/05/22 23:00:00+00,Sun 23 May 2021,8217,5527,10205,1830306,741895,40836,1871142,782731,39.7362275364538,16.6223499423539,449
-7.6926,53.28823,2021/05/23 23:00:00+00,Mon 24 May 2021,22551,8217,8450,1852857,750112,49286,1902143,799398,40.3945756414387,16.9762961978226,450
-7.6926,53.28823,2021/05/24 23:00:00+00,Tue 25 May 2021,30345,16503,3224,1883202,766615,52510,1935712,819125,41.1074586947672,17.3952256861306,451
-7.6926,53.28823,2021/05/25 23:00:00+00,Wed 26 May 2021,19981,25452,3054,1903183,792067,55564,1958747,847631,41.5966380308636,18.0005890963657,452
-7.6926,53.28823,2021/05/26 23:00:00+00,Thu 27 May 2021,17016,36040,550,1920199,828107,56114,1976313,884221,41.9696757655227,18.7776271648601,453
-7.6926,53.28823,2021/05/27 23:00:00+00,Fri 28 May 2021,27043,31827,1559,1947242,859934,57673,2004915,917607,42.5770778654155,19.4866239660286,454
-7.6926,53.28823,2021/05/28 23:00:00+00,Sat 29 May 2021,24482,7386,534,1971724,867320,58207,2029931,925527,43.1083264120527,19.6548158627894,455
-7.6926,53.28823,2021/05/29 23:00:00+00,Sun 30 May 2021,24253,1679,209,1995977,868999,58416,2054393,927415,43.627810020457,19.6949100927243,456
-7.6926,53.28823,2021/05/30 23:00:00+00,Mon 31 May 2021,22588,7323,3443,2018565,876322,61859,2080424,938181,44.1806134629544,19.9235406432958,457
-7.6926,53.28823,2021/05/31 23:00:00+00,Tue 01 Jun 2021,27578,11515,3653,2046143,887837,65512,2111655,953349,44.8438459285775,20.2456536092133,458
-7.6926,53.28823,2021/06/01 23:00:00+00,Wed 02 Jun 2021,18701,20901,4008,2064844,908738,69520,2134364,978258,45.326102214378,20.7746298663363,459
-7.6926,53.28823,2021/06/02 23:00:00+00,Thu 03 Jun 2021,16695,30700,1977,2081539,939438,71497,2153036,1010935,45.7226273528018,21.4685700949286,460
-7.6926,53.28823,2021/06/03 23:00:00+00,Fri 04 Jun 2021,28985,23339,153,2110524,962777,71650,2182174,1034427,46.3414121366168,21.9674544432498,461
-7.6926,53.28823,2021/06/04 23:00:00+00,Sat 05 Jun 2021,20967,11493,33,2131491,974270,71683,2203174,1045953,46.7873754992401,22.2122246202781,462
-7.6926,53.28823,2021/06/05 23:00:00+00,Sun 06 Jun 2021,19947,3910,47,2151438,978180,71730,2223168,1049910,47.2119750931586,22.2962568596067,463
-7.6926,53.28823,2021/06/06 23:00:00+00,Mon 07 Jun 2021,19821,4593,45,2171259,982773,71775,2243034,1054548,47.6338564342001,22.3947510536946,464
-7.6926,53.28823,2021/06/07 23:00:00+00,Tue 08 Jun 2021,26413,18343,45,2197672,1001116,71820,2269492,1072936,48.1957277984042,22.7852450685478,465
-7.6926,53.28823,2021/06/08 23:00:00+00,Wed 09 Jun 2021,32806,20114,174,2230478,1021230,71994,2302472,1093224,48.8961026412286,23.216088149543,466
-7.6926,53.28823,2021/06/09 23:00:00+00,Thu 10 Jun 2021,27701,27492,273,2258179,1048722,72267,2330446,1120989,49.490168312944,23.8057154239827,467
-7.6926,53.28823,2021/06/10 23:00:00+00,Fri 11 Jun 2021,26440,32903,40,2284619,1081625,72307,2356926,1153932,50.0525068768612,24.5053045218349,468
-7.6926,53.28823,2021/06/11 23:00:00+00,Sat 12 Jun 2021,12213,19721,105,2296832,1101346,72412,2369244,1173758,50.3140962435657,24.9263364088524,469
-7.6926,53.28823,2021/06/12 23:00:00+00,Sun 13 Jun 2021,8551,18174,834,2305383,1119520,73246,2378629,1192766,50.513399393957,25.3299969610782,470
-7.6926,53.28823,2021/06/13 23:00:00+00,Mon 14 Jun 2021,16021,31305,52,2321404,1150825,73298,2394702,1224123,50.8547312571686,25.9959052068771,471
-7.6926,53.28823,2021/06/14 23:00:00+00,Tue 15 Jun 2021,14703,41591,205,2336107,1192416,73503,2409610,1265919,51.1713227719299,26.8834997166009,472
-7.6926,53.28823,2021/06/15 23:00:00+00,Wed 16 Jun 2021,13473,48390,217,2349580,1240806,73720,2423300,1314526,51.462048411659,27.9157350102688,473
-7.6926,53.28823,2021/06/16 23:00:00+00,Thu 17 Jun 2021,21569,42690,535,2371149,1283496,74255,2445404,1357751,51.9314567053458,28.8336762650016,474
-7.6926,53.28823,2021/06/17 23:00:00+00,Fri 18 Jun 2021,12019,50019,554,2383168,1333515,74809,2457977,1408324,52.1984613414536,29.9076622239513,475
-7.6926,53.28823,2021/06/18 23:00:00+00,Sat 19 Jun 2021,6322,32808,433,2389490,1366323,75242,2464732,1441565,52.341912889764,30.6135797542827,476
-7.6926,53.28823,2021/06/19 23:00:00+00,Sun 20 Jun 2021,8518,26142,177,2398008,1392465,75419,2473427,1467884,52.5265629582406,31.1724992657532,477
-7.6926,53.28823,2021/06/20 23:00:00+00,Mon 21 Jun 2021,15482,32337,574,2413490,1424802,75993,2489483,1500795,52.867533803492,31.8714088003862,478
-7.6926,53.28823,2021/06/21 23:00:00+00,Tue 22 Jun 2021,15148,43544,722,2428638,1468346,76715,2505353,1545061,53.2045546875315,32.8114570960947,479
-7.6926,53.28823,2021/06/22 23:00:00+00,Wed 23 Jun 2021,20089,39390,883,2448727,1507736,77598,2526325,1585334,53.6499234323379,33.666708643853,480
-7.6926,53.28823,2021/06/23 23:00:00+00,Thu 24 Jun 2021,19022,44275,1032,2467749,1552011,78630,2546379,1630641,54.0757972072925,34.6288639805373,481
-7.6926,53.28823,2021/06/24 23:00:00+00,Fri 25 Jun 2021,15212,50124,843,2482961,1602135,79473,2562434,1681608,54.4167468161932,35.7112170616239,482
-7.6926,53.28823,2021/06/25 23:00:00+00,Sat 26 Jun 2021,9066,30562,511,2492027,1632697,79984,2572011,1712681,54.6201273459,36.371094183852,483
-7.6926,53.28823,2021/06/26 23:00:00+00,Sun 27 Jun 2021,8736,30478,59,2500763,1663175,80043,2580806,1743218,54.8069010494367,37.019588622158,484
-7.6926,53.28823,2021/06/27 23:00:00+00,Mon 28 Jun 2021,24235,24650,524,2524998,1687825,80567,2605565,1768392,55.3326918539695,37.5541925121902,485
-7.6926,53.28823,2021/06/28 23:00:00+00,Tue 29 Jun 2021,28144,31044,811,2553142,1718869,81378,2634520,1800247,55.9475903856245,38.2306764605884,486
-7.6926,53.28823,2021/06/29 23:00:00+00,Wed 30 Jun 2021,22577,36869,590,2575719,1755738,81968,2657687,1837706,56.4395729200003,39.0261689177552,487
-7.6926,53.28823,2021/06/30 23:00:00+00,Thu 01 Jul 2021,15029,48306,640,2590748,1804044,82608,2673356,1886652,56.772325297569,40.0656033342769,488
-7.6926,53.28823,2021/07/01 23:00:00+00,Fri 02 Jul 2021,13687,47269,818,2604435,1851313,83426,2687861,1934739,57.0803585630381,41.0867957256323,489
-7.6926,53.28823,2021/07/02 23:00:00+00,Sat 03 Jul 2021,9317,30479,505,2613752,1881792,83931,2697683,1965723,57.2889419986422,41.744782812657,490
-7.6926,53.28823,2021/07/03 23:00:00+00,Sun 04 Jul 2021,6454,27784,233,2620206,1909576,84164,2704370,1993740,57.4309494751117,42.3397616474481,491
-7.6926,53.28823,2021/07/04 23:00:00+00,Mon 05 Jul 2021,15618,33464,5343,2635824,1943040,89507,2725331,2032547,57.8760846200615,43.1638807052252,492
-7.6926,53.28823,2021/07/05 23:00:00+00,Tue 06 Jul 2021,12412,48299,5487,2648236,1991339,94994,2743230,2086333,58.2561940594707,44.3060990586563,493
-7.6926,53.28823,2021/07/06 23:00:00+00,Wed 07 Jul 2021,19707,43760,5059,2667943,2035099,100053,2767996,2135152,58.7821335184577,45.3428364586517,494
-7.6926,53.28823,2021/07/07 23:00:00+00,Thu 08 Jul 2021,17784,45594,5997,2685727,2080693,106050,2791777,2186743,59.2871551721026,46.4384410225133,495
-7.6926,53.28823,2021/07/08 23:00:00+00,Fri 09 Jul 2021,13528,45088,6531,2699255,2125781,112581,2811836,2238362,59.7131351288101,47.5346402041918,496
-7.6926,53.28823,2021/07/09 23:00:00+00,Sat 10 Jul 2021,8639,23872,4364,2707894,2149653,116945,2824839,2266598,59.9892713956763,48.1342697997646,497
-7.6926,53.28823,2021/07/10 23:00:00+00,Sun 11 Jul 2021,15237,16111,2153,2723131,2165764,119098,2842229,2284862,60.3585715326295,48.5221305071432,498
-7.6926,53.28823,2021/07/11 23:00:00+00,Mon 12 Jul 2021,17109,31768,6092,2740240,2197532,125190,2865430,2322722,60.8512761029258,49.326138740901,499
-7.6926,53.28823,2021/07/12 23:00:00+00,Tue 13 Jul 2021,20106,36568,8491,2760346,2234100,133681,2894027,2367781,61.4585720210656,50.2830274626362,500
-7.6926,53.28823,2021/07/13 23:00:00+00,Wed 14 Jul 2021,20801,35711,9335,2781147,2269811,143016,2924163,2412827,62.0985506827805,51.2396401118136,501
-7.6926,53.28823,2021/07/14 23:00:00+00,Thu 15 Jul 2021,23647,28832,9586,2804794,2298643,152602,2957396,2451245,62.8042983223071,52.0554982292069,502
-7.6926,53.28823,2021/07/15 23:00:00+00,Fri 16 Jul 2021,23527,27430,9166,2828321,2326073,161768,2990089,2487841,63.498578332509,52.832663715805,503
-7.6926,53.28823,2021/07/16 23:00:00+00,Sat 17 Jul 2021,11510,19429,4677,2839831,2345502,166445,3006276,2511947,63.8423311396891,53.3445871833952,504
-7.6926,53.28823,2022/02/05 00:00:00+00,Sat 05 Feb 2022,1777,5750,0,3809226,3694393,240884,4050110,3935277,86.0095559330435,83.5709220844667,505
-7.6926,53.28823,2022/02/06 00:00:00+00,Sun 06 Feb 2022,1407,7555,0,3810633,3701948,240884,4051517,3942832,86.0394354783392,83.7313627132581,506
-7.6926,53.28823,2022/02/07 00:00:00+00,Mon 07 Feb 2022,441,1351,0,3811074,3703299,240884,4051958,3944183,86.0488007089543,83.7600530229202,507
-7.6926,53.28823,2022/02/08 00:00:00+00,Tue 08 Feb 2022,901,1237,0,3811975,3704536,240884,4052859,3945420,86.0679346608459,83.7863223886137,508
-7.6926,53.28823,2022/02/09 00:00:00+00,Wed 09 Feb 2022,1333,1782,0,3813308,3706318,240884,4054192,3947202,86.0962427161972,83.8241655653849,509
-7.6926,53.28823,2022/02/10 00:00:00+00,Thu 10 Feb 2022,684,2549,0,3813992,3708867,240884,4054876,3949751,86.1107683800084,83.8782970230671,510
-7.6926,53.28823,2022/02/11 00:00:00+00,Fri 11 Feb 2022,547,4920,0,3814539,3713787,240884,4055423,3954671,86.1223846637872,83.9827798680246,511
-7.6926,53.28823,2022/02/12 00:00:00+00,Sat 12 Feb 2022,1397,5462,0,3815936,3719249,240884,4056820,3960133,86.1520518455769,84.0987728150078,512
-7.6926,53.28823,2022/02/13 00:00:00+00,Sun 13 Feb 2022,1567,4706,0,3817503,3723955,240884,4058387,3964839,86.1853292069688,84.1987110809366,513
-7.6926,53.28823,2022/02/14 00:00:00+00,Mon 14 Feb 2022,173,953,0,3817676,3724908,240884,4058560,3965792,86.1890030956228,84.2189493230595,514
-7.6926,53.28823,2022/02/15 00:00:00+00,Tue 15 Feb 2022,649,817,1,3818325,3725725,240885,4059210,3966610,86.2028067235135,84.2363206578512,515
-7.6926,53.28823,2022/02/16 00:00:00+00,Wed 16 Feb 2022,800,1786,0,3819125,3727511,240885,4060010,3968396,86.2197958039944,84.2742487800247,516
-7.6926,53.28823,2022/02/17 00:00:00+00,Thu 17 Feb 2022,790,1192,2,3819915,3728703,240887,4060802,3969590,86.2366149936705,84.2996049826425,517
-7.6926,53.28823,2022/02/18 00:00:00+00,Fri 18 Feb 2022,791,3293,0,3820706,3731996,240887,4061593,3972883,86.253412946996,84.3695362851719,518
-7.6926,53.28823,2022/02/19 00:00:00+00,Sat 19 Feb 2022,980,3555,0,3821686,3735551,240887,4062573,3976438,86.2742245705851,84.4450315115588,519
-7.6926,53.28823,2022/02/20 00:00:00+00,Sun 20 Feb 2022,1366,3587,0,3823052,3739138,240887,4063939,3980025,86.3032334255062,84.521206301165,520
-7.6926,53.28823,2022/02/21 00:00:00+00,Mon 21 Feb 2022,253,994,1,3823305,3740132,240888,4064193,3981020,86.3086274585588,84.5423364700131,521
-7.6926,53.28823,2022/02/22 00:00:00+00,Tue 22 Feb 2022,476,981,0,3823781,3741113,240888,4064669,3982001,86.318735961445,84.5631693299528,522
-7.6926,53.28823,2022/02/23 00:00:00+00,Wed 23 Feb 2022,831,1272,1,3824612,3742385,240889,4065501,3983274,86.3364046051451,84.590203204268,523
-7.6926,53.28823,2022/02/24 00:00:00+00,Thu 24 Feb 2022,657,1233,0,3825269,3743618,240889,4066158,3984507,86.35035688749,84.6163876245592,524
-7.6926,53.28823,2022/02/25 00:00:00+00,Fri 25 Feb 2022,691,1227,0,3825960,3744845,240889,4066849,3985734,86.3650312057554,84.6424446267467,525
-7.6926,53.28823,2022/02/26 00:00:00+00,Sat 26 Feb 2022,959,2092,0,3826919,3746937,240889,4067808,3987826,86.3853968659819,84.6868710722042,526
-7.6926,53.28823,2022/02/27 00:00:00+00,Sun 27 Feb 2022,671,1783,0,3827590,3748720,240889,4068479,3989609,86.3996464572352,84.724735485326,527
-7.6926,53.28823,2022/02/28 00:00:00+00,Mon 28 Feb 2022,81,428,0,3827671,3749148,240889,4068560,3990037,86.4013666016339,84.7338246433833,528
-7.6926,53.28823,2022/03/01 00:00:00+00,Tue 01 Mar 2022,130,937,0,3827801,3750085,240889,4068690,3990974,86.404127327212,84.7537231038965,529
-7.6926,53.28823,2022/03/02 00:00:00+00,Wed 02 Mar 2022,206,996,2,3828007,3751081,240891,4068898,3991972,86.4085444881371,84.7749169817964,530
-7.6926,53.28823,2022/03/03 00:00:00+00,Thu 03 Mar 2022,279,1274,0,3828286,3752355,240891,4069177,3993246,86.4144694299548,84.8019720924622,531
-7.6926,53.28823,2022/03/04 00:00:00+00,Fri 04 Mar 2022,735,1507,1,3829021,3753862,240892,4069913,3994754,86.4300993839972,84.8339965091687,532
-7.6926,53.28823,2022/03/05 00:00:00+00,Sat 05 Mar 2022,963,3341,0,3829984,3757203,240892,4070876,3998095,86.450549989626,84.904947156527,533
-7.6926,53.28823,2022/03/06 00:00:00+00,Sun 06 Mar 2022,455,1915,0,3830439,3759118,240892,4071331,4000010,86.4602125291495,84.9456147679281,534
-7.6926,53.28823,2022/03/07 00:00:00+00,Mon 07 Mar 2022,114,124,1,3830553,3759242,240893,4071446,4000135,86.4626547094687,84.9482693117532,535
-7.6926,53.28823,2022/03/08 00:00:00+00,Tue 08 Mar 2022,120,493,0,3830673,3759735,240893,4071566,4000628,86.4652030715408,84.9587388325996,536
-7.6926,53.28823,2022/03/09 00:00:00+00,Wed 09 Mar 2022,130,345,1,3830803,3760080,240894,4071697,4000974,86.4679850334695,84.9660866099076,537
-7.6926,53.28823,2022/03/10 00:00:00+00,Thu 10 Mar 2022,258,509,0,3831061,3760589,240894,4071955,4001483,86.4734640119246,84.9768959123635,538
-7.6926,53.28823,2022/03/11 00:00:00+00,Fri 11 Mar 2022,492,2182,0,3831553,3762771,240894,4072447,4003665,86.4839122964204,85.0232336293751,539
-7.6926,53.28823,2022/03/12 00:00:00+00,Sat 12 Mar 2022,473,2391,2,3832026,3765162,240896,4072922,4006058,86.4939995629559,85.0740522163636,540
-7.6926,53.28823,2022/03/13 00:00:00+00,Sun 13 Mar 2022,358,1082,0,3832384,3766244,240896,4073280,4007140,86.5016021764711,85.097029947714,541
-7.6926,53.28823,2022/03/14 00:00:00+00,Mon 14 Mar 2022,109,121,0,3832493,3766365,240896,4073389,4007261,86.5039169386866,85.0995995461367,542
-7.6926,53.28823,2022/03/15 00:00:00+00,Tue 15 Mar 2022,220,756,1,3832713,3767121,240897,4073610,4008018,86.5086101721695,85.1156754635417,543
-7.6926,53.28823,2022/03/16 00:00:00+00,Wed 16 Mar 2022,196,797,0,3832909,3767918,240897,4073806,4008815,86.5127724968873,85.1326008349708,544
-7.6926,53.28823,2022/03/18 00:00:00+00,Fri 18 Mar 2022,1,6,0,3832910,3767924,240897,4073807,4008821,86.5127937332379,85.1327282530744,545
-7.6926,53.28823,2022/03/19 00:00:00+00,Sat 19 Mar 2022,743,2779,0,3833653,3770703,240897,4074550,4011600,86.5285723417345,85.1917440713949,546
-7.6926,53.28823,2022/03/20 00:00:00+00,Sun 20 Mar 2022,395,1402,0,3834048,3772105,240897,4074945,4013002,86.5369607002219,85.2215174349377,547
-7.6926,53.28823,2022/03/21 00:00:00+00,Mon 21 Mar 2022,55,112,0,3834103,3772217,240897,4075000,4013114,86.538128699505,85.223895906205,548
-7.6926,53.28823,2022/03/22 00:00:00+00,Tue 22 Mar 2022,140,574,0,3834243,3772791,240897,4075140,4013688,86.5411017885892,85.23608557145,549
-7.6926,53.28823,2022/03/23 00:00:00+00,Wed 23 Mar 2022,102,221,0,3834345,3773012,240897,4075242,4013909,86.5432678963505,85.2407788049329,550
-7.6926,53.28823,2022/03/24 00:00:00+00,Thu 24 Mar 2022,147,244,0,3834492,3773256,240897,4075389,4014153,86.5463896398888,85.2459604744795,551
-7.6926,53.28823,2022/03/25 00:00:00+00,Fri 25 Mar 2022,435,1625,0,3834927,3774881,240897,4075824,4015778,86.5556274524003,85.2804695442063,552
-7.6926,53.28823,2022/03/26 00:00:00+00,Sat 26 Mar 2022,874,1848,0,3835801,3776729,240897,4076698,4017626,86.5741880228257,85.3197143201172,553
-7.6926,53.28823,2022/03/27 00:00:00+00,Sun 27 Mar 2022,380,803,0,3836181,3777532,240897,4077078,4018429,86.5822578360541,85.3367671096499,554
-7.6926,53.28823,2022/03/27 23:00:00+00,Mon 28 Mar 2022,44,53,1,3836225,3777585,240898,4077123,4018483,86.5832134718311,85.3379138725823,555
-7.6926,53.28823,2022/03/28 23:00:00+00,Tue 29 Mar 2022,138,194,3,3836363,3777779,240901,4077264,4018680,86.5862077972659,85.3420974336507,556
-7.6926,53.28823,2022/03/29 23:00:00+00,Wed 30 Mar 2022,109,135,0,3836472,3777914,240901,4077373,4018815,86.5885225594814,85.3449643409819,557
-7.6926,53.28823,2022/03/30 23:00:00+00,Thu 31 Mar 2022,227,358,0,3836699,3778272,240901,4077600,4019173,86.5933432110679,85.3525669544971,558
-7.6926,53.28823,2022/03/31 23:00:00+00,Fri 01 Apr 2022,304,904,0,3837003,3779176,240901,4077904,4020077,86.5997990616506,85.3717646154405,559
-7.6926,53.28823,2022/04/01 23:00:00+00,Sat 02 Apr 2022,730,1539,0,3837733,3780715,240901,4078634,4021616,86.6153015975894,85.4044473590156,560
-7.6926,53.28823,2022/04/02 23:00:00+00,Sun 03 Apr 2022,538,815,0,3838271,3781530,240901,4079172,4022431,86.6267267542128,85.4217549847555,561
-7.6926,53.28823,2022/04/03 23:00:00+00,Mon 04 Apr 2022,50,52,0,3838321,3781582,240901,4079222,4022483,86.6277885717429,85.4228592749867,562
-7.6926,53.28823,2022/04/04 23:00:00+00,Tue 05 Apr 2022,130,169,0,3838451,3781751,240901,4079352,4022652,86.630549297321,85.4264482182383,563
-7.6926,53.28823,2022/04/05 23:00:00+00,Wed 06 Apr 2022,159,210,0,3838610,3781961,240901,4079511,4022862,86.6339258770666,85.4309078518646,564
-7.6926,53.28823,2022/04/06 23:00:00+00,Thu 07 Apr 2022,117,178,0,3838727,3782139,240901,4079628,4023040,86.6364105300869,85.4346879222716,565
-7.6926,53.28823,2022/04/07 23:00:00+00,Fri 08 Apr 2022,258,421,2,3838985,3782560,240903,4079888,4023463,86.6419319812432,85.4436708985758,566
-7.6926,53.28823,2022/04/08 23:00:00+00,Sat 09 Apr 2022,559,1018,0,3839544,3783578,240903,4080447,4024481,86.6538031012292,85.4652895034878,567
-7.6926,53.28823,2022/04/09 23:00:00+00,Sun 10 Apr 2022,413,719,0,3839957,3784297,240903,4080860,4025200,86.6625737140275,85.4805584395699,568
-7.6926,53.28823,2022/04/10 23:00:00+00,Mon 11 Apr 2022,70,92,1,3840027,3784389,240904,4080931,4025293,86.6640814949202,85.4825334201759,569
-7.6926,53.28823,2022/04/11 23:00:00+00,Tue 12 Apr 2022,198,177,0,3840225,3784566,240904,4081129,4025470,86.6682862923392,85.4862922542322,570
-7.6926,53.28823,2022/04/12 23:00:00+00,Wed 13 Apr 2022,144,232,0,3840369,3784798,240904,4081273,4025702,86.6713443268257,85.4912190875717,571
-7.6926,53.28823,2022/04/13 23:00:00+00,Thu 14 Apr 2022,360,429,0,3840729,3785227,240904,4081633,4026131,86.6789894130421,85.5003294819796,572
-7.6926,53.28823,2022/04/14 23:00:00+00,Fri 15 Apr 2022,446,990,0,3841175,3786217,240904,4082079,4027121,86.6884608254102,85.5213534690747,573
-7.6926,53.28823,2022/04/15 23:00:00+00,Sat 16 Apr 2022,42,88,0,3841217,3786305,240904,4082121,4027209,86.6893527521355,85.5232222679276,574
-7.6926,53.28823,2022/04/16 23:00:00+00,Sun 17 Apr 2022,1,0,0,3841218,3786305,240904,4082122,4027209,86.6893739884861,85.5232222679276,575
-7.6926,53.28823,2022/04/17 23:00:00+00,Mon 18 Apr 2022,36,62,1,3841254,3786367,240905,4082159,4027272,86.6901597334583,85.5245601580154,576
-7.6926,53.28823,2022/04/18 23:00:00+00,Tue 19 Apr 2022,218,269,1,3841472,3786636,240906,4082378,4027542,86.69481049424,85.5302939726777,577
-7.6926,53.28823,2022/04/19 23:00:00+00,Wed 20 Apr 2022,250,606,0,3841722,3787242,240906,4082628,4028148,86.7001195818902,85.543163201142,578
-7.6926,53.28823,2022/04/20 23:00:00+00,Thu 21 Apr 2022,171,236,0,3841893,3787478,240906,4082799,4028384,86.703750997843,85.5481749798839,579
-7.6926,53.28823,2022/04/21 23:00:00+00,Fri 22 Apr 2022,196,254,0,3842089,3787732,240906,4082995,4028638,86.7079133225608,85.5535690129365,580
-7.6926,53.28823,2022/04/22 23:00:00+00,Sat 23 Apr 2022,324,1010,0,3842413,3788742,240906,4083319,4029648,86.7147939001556,85.5750177270437,581
-7.6926,53.28823,2022/04/23 23:00:00+00,Sun 24 Apr 2022,181,253,0,3842594,3788995,240906,4083500,4029901,86.7186376796144,85.5803905237457,582
-7.6926,53.28823,2022/04/24 23:00:00+00,Mon 25 Apr 2022,42,58,1,3842636,3789053,240907,4083543,4029960,86.7195508426903,85.5816434684312,583
-7.6926,53.28823,2022/04/25 23:00:00+00,Tue 26 Apr 2022,145,238,0,3842781,3789291,240907,4083688,4030198,86.7226301135274,85.5866977198743,584
-7.6926,53.28823,2022/04/26 23:00:00+00,Wed 27 Apr 2022,122,208,0,3842903,3789499,240907,4083810,4030406,86.7252209483007,85.5911148807993,585
-7.6926,53.28823,2022/04/27 23:00:00+00,Thu 28 Apr 2022,103,130,0,3843006,3789629,240907,4083913,4030536,86.7274082924127,85.5938756063775,586
-7.6926,53.28823,2022/04/28 23:00:00+00,Fri 29 Apr 2022,171,222,0,3843177,3789851,240907,4084084,4030758,86.7310397083654,85.5985900762109,587
-7.6926,53.28823,2022/04/29 23:00:00+00,Sat 30 Apr 2022,282,723,0,3843459,3790574,240907,4084366,4031481,86.737028359235,85.6139439576955,588
-7.6926,53.28823,2022/04/30 23:00:00+00,Sun 01 May 2022,187,746,0,3843646,3791320,240907,4084553,4032227,86.7409995567974,85.6297862752439,589
-7.6926,53.28823,2022/05/01 23:00:00+00,Mon 02 May 2022,13,26,0,3843659,3791346,240907,4084566,4032253,86.7412756293552,85.6303384203595,590
-7.6926,53.28823,2022/05/02 23:00:00+00,Tue 03 May 2022,101,117,0,3843760,3791463,240907,4084667,4032370,86.7434205007659,85.6328230733799,591
-7.6926,53.28823,2022/05/03 23:00:00+00,Wed 04 May 2022,116,128,0,3843876,3791591,240907,4084783,4032498,86.7458839174356,85.6355413262568,592
-7.6926,53.28823,2022/05/04 23:00:00+00,Thu 05 May 2022,117,164,0,3843993,3791755,240907,4084900,4032662,86.748368570456,85.6390240877554,593
-7.6926,53.28823,2022/05/05 23:00:00+00,Fri 06 May 2022,140,257,0,3844133,3792012,240907,4085040,4032919,86.7513416595401,85.6444818298599,594
-7.6926,53.28823,2022/05/06 23:00:00+00,Sat 07 May 2022,441,1087,0,3844574,3793099,240907,4085481,4034006,86.7607068901552,85.6675657429633,595
-7.6926,53.28823,2022/05/07 23:00:00+00,Sun 08 May 2022,275,437,0,3844849,3793536,240907,4085756,4034443,86.7665468865705,85.676846028176,596
-7.6926,53.28823,2022/05/08 23:00:00+00,Mon 09 May 2022,27,32,0,3844876,3793568,240907,4085783,4034475,86.7671202680367,85.6775255913952,597
-7.6926,53.28823,2022/05/09 23:00:00+00,Tue 10 May 2022,84,98,1,3844960,3793666,240908,4085868,4034574,86.7689253578378,85.6796279901047,598
-7.6926,53.28823,2022/05/10 23:00:00+00,Wed 11 May 2022,123,132,0,3845083,3793798,240908,4085991,4034706,86.7715374289618,85.6824311883841,599
-7.6926,53.28823,2022/05/11 23:00:00+00,Thu 12 May 2022,248,397,0,3845331,3794195,240908,4086239,4035103,86.7768040439108,85.6908620195727,600
-7.6926,53.28823,2022/05/12 23:00:00+00,Fri 13 May 2022,182,326,0,3845513,3794521,240908,4086421,4035429,86.7806690597202,85.6977850698687,601
-7.6926,53.28823,2022/05/13 23:00:00+00,Sat 14 May 2022,333,632,0,3845846,3795153,240908,4086754,4036061,86.7877407644704,85.7112064434485,602
-7.6926,53.28823,2022/05/14 23:00:00+00,Sun 15 May 2022,169,254,0,3846015,3795407,240908,4086923,4036315,86.791329707722,85.7166004765012,603
-7.6926,53.28823,2022/05/15 23:00:00+00,Mon 16 May 2022,32,40,0,3846047,3795447,240908,4086955,4036355,86.7920092709412,85.7174499305253,604
-7.6926,53.28823,2022/05/16 23:00:00+00,Tue 17 May 2022,97,98,0,3846144,3795545,240908,4087052,4036453,86.7940691969495,85.7195310928842,605
