date,extract_date,daily_cases,total_cases,daily_deaths,total_deaths,Daily_0_14,Daily_15_24,Daily_25_44,Daily_45_64,Daily_65_,Total_0_14,Total_15_24,Total_25_44,Total_45_64,Total_65_,F14_Day_Rate_100k_0_14,F14_Day_Rate_100k_15_24,F14_Day_Rate_100k_25_44,F14_Day_Rate_100k_45_64,F14_Day_Rate_100k_65_,F14_Day_Rate_100k_Total,ObjectId
2020/03/01 00:00:00+00,2022/03/28 00:00:00+00,0,0,1,1,0,0,0,0,0,0,0,0,0,0,0,0,0,0,0,0,1
2020/03/02 00:00:00+00,2022/03/28 00:00:00+00,1,1,0,1,1,0,0,0,0,1,0,0,0,0,0.1,0,0,0,0,0.02,2
2020/03/03 00:00:00+00,2022/03/28 00:00:00+00,1,2,0,1,0,0,0,1,0,1,0,0,1,0,0.1,0,0,0.09,0,0.04,3
2020/03/04 00:00:00+00,2022/03/28 00:00:00+00,3,5,0,1,1,0,2,0,0,2,0,2,1,0,0.2,0,0.14,0.09,0,0.11,4
2020/03/05 00:00:00+00,2022/03/28 00:00:00+00,3,8,0,1,1,0,2,0,0,3,0,4,1,0,0.3,0,0.28,0.09,0,0.17,5
2020/03/06 00:00:00+00,2022/03/28 00:00:00+00,5,13,0,1,0,0,2,3,0,3,0,6,4,0,0.3,0,0.43,0.35,0,0.27,6
2020/03/07 00:00:00+00,2022/03/28 00:00:00+00,3,16,0,1,0,0,2,1,0,3,0,8,5,0,0.3,0,0.57,0.44,0,0.34,7
2020/03/08 00:00:00+00,2022/03/28 00:00:00+00,2,18,0,1,0,0,0,0,2,3,0,8,5,2,0.3,0,0.57,0.44,0.31,0.38,8
2020/03/09 00:00:00+00,2022/03/28 00:00:00+00,7,25,0,1,0,0,1,5,1,3,0,9,10,3,0.3,0,0.64,0.88,0.47,0.53,9
2020/03/10 00:00:00+00,2022/03/28 00:00:00+00,12,37,0,1,0,1,4,5,2,3,1,13,15,5,0.3,0.17,0.92,1.32,0.78,0.78,10
2020/03/11 00:00:00+00,2022/03/28 00:00:00+00,12,49,1,2,0,0,2,6,4,3,1,15,21,9,0.3,0.17,1.07,1.85,1.41,1.03,11
2020/03/12 00:00:00+00,2022/03/28 00:00:00+00,29,78,0,2,0,10,10,7,2,3,11,25,28,11,0.3,1.91,1.78,2.47,1.73,1.64,12
2020/03/13 00:00:00+00,2022/03/28 00:00:00+00,32,110,0,2,1,2,9,17,3,4,13,34,45,14,0.4,2.26,2.42,3.96,2.2,2.31,13
2020/03/14 00:00:00+00,2022/03/28 00:00:00+00,33,143,1,3,0,3,10,12,8,4,16,44,57,22,0.4,2.78,3.13,5.02,3.45,3,14
2020/03/15 00:00:00+00,2022/03/28 00:00:00+00,27,170,0,3,0,3,15,6,3,4,19,59,63,25,0.4,3.3,4.2,5.55,3.92,3.57,15
2020/03/16 00:00:00+00,2022/03/28 00:00:00+00,98,268,0,3,1,8,50,22,17,5,27,109,85,42,0.4,4.68,7.75,7.49,6.59,5.61,16
2020/03/17 00:00:00+00,2022/03/28 00:00:00+00,79,347,0,3,5,10,33,16,15,10,37,142,101,57,0.89,6.42,10.1,8.81,8.94,7.25,17
2020/03/18 00:00:00+00,2022/03/28 00:00:00+00,84,431,1,4,0,8,31,27,18,10,45,173,128,75,0.79,7.81,12.16,11.19,11.76,8.95,18
2020/03/19 00:00:00+00,2022/03/28 00:00:00+00,142,573,1,5,3,9,55,48,27,13,54,228,176,102,0.99,9.37,15.93,15.42,16,11.87,19
2020/03/20 00:00:00+00,2022/03/28 00:00:00+00,126,699,3,8,3,6,46,52,19,16,60,274,228,121,1.29,10.41,19.06,19.74,18.98,14.41,20
2020/03/21 00:00:00+00,2022/03/28 00:00:00+00,124,823,5,13,4,6,54,43,17,20,66,328,271,138,1.69,11.45,22.75,23.44,21.64,16.95,21
2020/03/22 00:00:00+00,2022/03/28 00:00:00+00,128,951,2,15,1,8,43,50,26,21,74,371,321,164,1.79,12.84,25.81,27.84,25.41,19.59,22
2020/03/23 00:00:00+00,2022/03/28 00:00:00+00,198,1149,7,22,3,17,69,67,42,24,91,440,388,206,2.09,15.79,30.65,33.3,31.84,23.6,23
2020/03/24 00:00:00+00,2022/03/28 00:00:00+00,220,1369,8,30,5,17,70,84,44,29,108,510,472,250,2.58,18.56,35.34,40.26,38.43,27.97,24
2020/03/25 00:00:00+00,2022/03/28 00:00:00+00,248,1617,9,39,5,12,102,74,53,34,120,612,546,303,3.08,20.64,42.45,46.26,46.11,32.93,25
2020/03/26 00:00:00+00,2022/03/28 00:00:00+00,262,1879,15,54,4,13,96,84,65,38,133,708,630,368,3.48,21.16,48.57,53.04,55.99,37.82,26
2020/03/27 00:00:00+00,2022/03/28 00:00:00+00,309,2188,4,58,4,19,112,107,67,42,152,820,737,435,3.78,24.11,55.89,60.97,66.03,43.64,27
2020/03/28 00:00:00+00,2022/03/28 00:00:00+00,258,2446,14,72,0,16,89,82,70,42,168,909,819,505,3.78,26.37,61.51,67.14,75.76,48.36,28
2020/03/29 00:00:00+00,2022/03/28 00:00:00+00,194,2640,21,93,3,7,60,74,50,45,175,969,893,555,4.07,27.06,64.71,73.13,83.13,51.87,29
2020/03/30 00:00:00+00,2022/03/28 00:00:00+00,303,2943,16,109,2,15,85,96,105,47,190,1054,989,660,4.17,28.28,67.2,79.65,96.93,56.18,30
2020/03/31 00:00:00+00,2022/03/28 00:00:00+00,290,3233,20,129,1,21,111,89,67,48,211,1165,1078,727,3.78,30.18,72.74,86.08,105.09,60.61,31
2020/04/01 00:00:00+00,2022/03/28 00:00:00+00,366,3599,22,151,1,18,122,137,88,49,229,1287,1215,815,3.87,31.92,79.22,95.77,116.07,66.53,32
2020/04/02 00:00:00+00,2022/03/28 00:00:00+00,360,3959,24,175,4,20,125,121,90,53,249,1412,1336,905,3.97,33.83,84.19,102.2,125.95,71.11,33
2020/04/03 00:00:00+00,2022/03/28 00:00:00+00,427,4386,36,211,5,15,126,127,154,58,264,1538,1463,1059,4.17,35.39,89.88,108.81,147.12,77.43,34
2020/04/04 00:00:00+00,2022/03/28 00:00:00+00,463,4849,42,253,1,17,162,126,155,59,281,1700,1589,1214,3.87,37.3,97.56,116.12,168.77,84.55,35
2020/04/05 00:00:00+00,2022/03/28 00:00:00+00,676,5525,37,290,9,60,272,237,98,68,341,1972,1826,1312,4.67,46.32,113.85,132.6,180.06,96.05,36
2020/04/06 00:00:00+00,2022/03/28 00:00:00+00,385,5910,34,324,3,17,129,120,116,71,358,2101,1946,1428,4.67,46.32,118.11,137.27,191.67,99.98,37
2020/04/07 00:00:00+00,2022/03/28 00:00:00+00,464,6374,51,375,5,20,155,178,106,76,378,2256,2124,1534,4.67,46.84,124.16,145.55,201.39,105.11,38
2020/04/08 00:00:00+00,2022/03/28 00:00:00+00,613,6987,34,409,5,38,242,206,122,81,416,2498,2330,1656,4.67,51.35,134.11,157.18,212.21,112.77,39
2020/04/09 00:00:00+00,2022/03/28 00:00:00+00,698,7685,46,455,10,48,229,259,152,91,464,2727,2589,1808,5.27,57.42,143.57,172.6,225.86,121.93,40
2020/04/10 00:00:00+00,2022/03/28 00:00:00+00,705,8390,48,503,9,54,279,241,122,100,518,3006,2830,1930,5.76,63.49,155.44,184.4,234.49,130.24,41
2020/04/11 00:00:00+00,2022/03/28 00:00:00+00,969,9359,45,548,14,67,359,358,170,114,585,3365,3188,2100,7.15,72.34,174.64,208.72,250.17,145.17,42
2020/04/12 00:00:00+00,2022/03/28 00:00:00+00,893,10252,57,605,20,79,326,281,187,134,664,3691,3469,2287,8.84,84.83,193.56,226.96,271.66,159.85,43
2020/04/13 00:00:00+00,2022/03/28 00:00:00+00,866,11118,47,652,19,63,295,284,205,153,727,3986,3753,2492,10.53,93.16,208.49,243.52,287.34,171.68,44
2020/04/14 00:00:00+00,2022/03/28 00:00:00+00,1130,12248,50,702,39,71,418,391,211,192,798,4404,4144,2703,14.31,101.83,230.32,270.13,309.93,189.32,45
2020/04/15 00:00:00+00,2022/03/28 00:00:00+00,580,12828,51,753,12,37,182,198,150,204,835,4586,4342,2853,15.4,105.13,234.59,275.51,319.65,193.81,46
2020/04/16 00:00:00+00,2022/03/28 00:00:00+00,721,13549,44,797,11,47,204,264,195,215,882,4790,4606,3048,16.09,109.81,240.21,288.1,336.12,201.39,47
2020/04/17 00:00:00+00,2022/03/28 00:00:00+00,853,14402,54,851,14,61,278,275,224,229,943,5068,4881,3272,16.99,117.79,251.01,301.14,347.1,210.34,48
2020/04/18 00:00:00+00,2022/03/28 00:00:00+00,555,14957,45,896,11,46,168,179,151,240,989,5236,5060,3423,17.98,122.82,251.44,305.81,346.47,212.27,49
2020/04/19 00:00:00+00,2022/03/28 00:00:00+00,266,15223,39,935,0,10,60,49,147,240,999,5296,5109,3570,17.09,114.15,236.37,289.25,354.16,203.66,50
2020/12/26 00:00:00+00,2022/03/28 00:00:00+00,742,86090,7,2250,58,141,279,176,88,8320,15029,28161,22076,12478,121.31,312.43,244.83,218.94,158.73,209.2,51
2020/12/27 00:00:00+00,2022/03/28 00:00:00+00,762,86852,9,2259,78,155,297,165,67,8398,15184,28458,22241,12545,124.98,331.51,259.83,228.81,163.28,219.68,52
2020/12/28 00:00:00+00,2022/03/28 00:00:00+00,1545,88397,11,2270,152,317,544,374,158,8550,15501,29002,22615,12703,135.81,375.75,291.05,254.89,181.63,245.22,53
2020/12/29 00:00:00+00,2022/03/28 00:00:00+00,1720,90117,6,2276,128,397,611,433,151,8678,15898,29613,23048,12854,140.98,433.69,324.19,283.17,200.45,272.37,54
2020/12/30 00:00:00+00,2022/03/28 00:00:00+00,1606,91723,6,2282,108,372,569,402,155,8786,16270,30182,23450,13009,146.24,485.56,353.55,306.08,216.13,296,55
2020/12/31 00:00:00+00,2022/03/28 00:00:00+00,1749,93472,18,2300,124,381,618,442,184,8910,16651,30800,23892,13193,152.1,539.16,382.5,331.81,232.29,320.57,56
2021/01/01 00:00:00+00,2022/03/28 00:00:00+00,3382,96854,8,2308,290,780,1135,857,320,9200,17431,31935,24749,13513,172.77,662.15,449.55,394.89,275.89,380.5,57
2021/01/02 00:00:00+00,2022/03/28 00:00:00+00,4954,101808,8,2316,397,998,1743,1344,471,9597,18429,33678,26093,13984,201.98,807.53,555.65,497.62,339.26,468.6,58
2021/01/03 00:00:00+00,2022/03/28 00:00:00+00,6101,107909,17,2333,480,1138,2226,1693,564,10077,19567,35904,27786,14548,239.53,987.94,696.3,630.13,413.76,581.47,59
2021/01/04 00:00:00+00,2022/03/28 00:00:00+00,5303,113212,19,2352,438,1049,1876,1438,502,10515,20616,37780,29224,15050,269.24,1144.07,806.02,735.5,476.34,672.55,60
2021/01/05 00:00:00+00,2022/03/28 00:00:00+00,7799,121011,14,2366,551,1515,2866,2133,734,11066,22131,40646,31357,15784,314.14,1373.92,987.14,902.64,577.19,816.7,61
2021/01/06 00:00:00+00,2022/03/28 00:00:00+00,6503,127514,19,2385,439,1225,2397,1821,621,11505,23356,43043,33178,16405,346.93,1553.12,1134.9,1043.7,662.36,933.98,62
2021/01/07 00:00:00+00,2022/03/28 00:00:00+00,8236,135750,19,2404,516,1550,3001,2323,846,12021,24906,46044,35501,17251,386.67,1788.18,1321.92,1227.49,779.68,1085.58,63
2021/01/08 00:00:00+00,2022/03/28 00:00:00+00,4836,140586,24,2428,314,939,1685,1353,544,12335,25845,47729,36854,17795,404.65,1900.77,1411.3,1317.53,847.75,1160.01,64
2021/01/09 00:00:00+00,2022/03/28 00:00:00+00,6831,147417,32,2460,426,1275,2415,1951,764,12761,27120,50144,38805,18559,441.21,2097.49,1563.19,1473.92,953.78,1287.88,65
2021/01/10 00:00:00+00,2022/03/28 00:00:00+00,4886,152303,44,2504,356,890,1628,1360,652,13117,28010,51772,40165,19211,468.83,2224.99,1657.84,1579.2,1045.54,1374.48,66
2021/01/11 00:00:00+00,2022/03/28 00:00:00+00,3070,155373,34,2538,166,454,1043,846,561,13283,28464,52815,41011,19772,470.22,2248.76,1693.32,1620.79,1108.75,1406.51,67
2021/01/12 00:00:00+00,2022/03/28 00:00:00+00,3557,158930,54,2592,214,502,1199,1127,515,13497,28966,54014,42138,20287,478.76,2266.97,1735.13,1681.93,1165.84,1445.09,68
2021/01/13 00:00:00+00,2022/03/28 00:00:00+00,3946,162876,56,2648,241,561,1323,1196,625,13738,29527,55337,43334,20912,491.98,2299.76,1788.75,1751.89,1239.56,1494.23,69
2021/01/14 00:00:00+00,2022/03/28 00:00:00+00,3491,166367,45,2693,211,497,1178,1033,571,13949,30024,56515,44367,21483,500.62,2319.88,1828.57,1803.96,1300.26,1530.81,70
2021/01/15 00:00:00+00,2022/03/28 00:00:00+00,3221,169588,54,2747,225,435,1093,964,504,14174,30459,57608,45331,21987,494.16,2260.03,1825.58,1813.39,1329.12,1527.43,71
2021/01/16 00:00:00+00,2022/03/28 00:00:00+00,2937,172525,61,2808,236,460,996,842,395,14410,30919,58604,46173,22382,478.17,2166.7,1772.46,1769.16,1317.19,1485.07,72
2021/01/17 00:00:00+00,2022/03/28 00:00:00+00,2110,174635,47,2855,128,345,765,572,300,14538,31264,59369,46745,22682,443.2,2029.14,1668.57,1670.39,1275.79,1401.26,73
2021/01/18 00:00:00+00,2022/03/28 00:00:00+00,1988,176623,67,2922,142,281,674,546,344,14680,31545,60043,47291,23026,413.79,1895.91,1583.1,1591.8,1251.01,1331.64,74
2021/01/19 00:00:00+00,2022/03/28 00:00:00+00,2473,179096,60,2982,134,309,840,767,423,14814,31854,60883,48058,23449,372.36,1686.7,1439.03,1471.45,1202.23,1219.8,75
2021/01/20 00:00:00+00,2022/03/28 00:00:00+00,2598,181694,56,3038,162,334,923,799,379,14976,32188,61806,48857,23828,344.84,1532.13,1334.22,1381.41,1164.27,1137.79,76
2021/01/21 00:00:00+00,2022/03/28 00:00:00+00,2364,184058,72,3110,184,337,821,639,383,15160,32525,62627,49496,24211,311.86,1321.71,1179.2,1233.04,1091.65,1014.48,77
2021/01/22 00:00:00+00,2022/03/28 00:00:00+00,1903,185961,61,3171,142,268,695,500,298,15302,32793,63322,49996,24509,294.77,1205.3,1108.8,1157.88,1053.07,952.88,78
2021/01/23 00:00:00+00,2022/03/28 00:00:00+00,1369,187330,50,3221,106,203,490,379,191,15408,32996,63812,50375,24700,262.98,1019.34,971.92,1019.38,963.19,838.18,79
2021/01/24 00:00:00+00,2022/03/28 00:00:00+00,1364,188694,72,3293,115,177,471,368,233,15523,33173,64283,50743,24933,239.03,895.65,889.65,931.98,897.47,764.22,80
2021/01/25 00:00:00+00,2022/03/28 00:00:00+00,916,189610,54,3347,67,119,275,243,212,15590,33292,64558,50986,25145,229.2,837.54,835.03,878.85,842.73,718.98,81
2021/01/26 00:00:00+00,2022/03/28 00:00:00+00,1327,190937,75,3422,112,184,426,350,255,15702,33476,64984,51336,25400,219.06,782.37,780.07,810.39,801.95,672.15,82
2021/01/27 00:00:00+00,2022/03/28 00:00:00+00,1459,192396,74,3496,126,218,463,374,278,15828,33694,65447,51710,25678,207.64,722.87,718.91,737.97,747.53,619.93,83
2021/01/28 00:00:00+00,2022/03/28 00:00:00+00,1243,193639,66,3562,95,179,395,352,222,15923,33873,65842,52062,25900,196.12,667.71,663.23,677.97,692.79,572.72,84
2021/01/29 00:00:00+00,2022/03/28 00:00:00+00,1362,195001,50,3612,138,187,486,358,193,16061,34060,66328,52420,26093,187.47,624.68,620.07,624.58,644.01,533.68,85
2021/01/30 00:00:00+00,2022/03/28 00:00:00+00,1243,196244,54,3666,106,205,432,301,199,16167,34265,66760,52721,26292,174.56,580.45,579.97,576.91,613.27,498.1,86
2021/01/31 00:00:00+00,2022/03/28 00:00:00+00,1058,197302,57,3723,76,154,374,276,178,16243,34419,67134,52997,26470,169.39,547.31,552.16,550.84,594.13,476.01,87
2021/02/01 00:00:00+00,2022/03/28 00:00:00+00,871,198173,77,3800,75,132,281,223,160,16318,34551,67415,53220,26630,162.73,521.47,524.22,522.38,565.27,452.55,88
2021/02/02 00:00:00+00,2022/03/28 00:00:00+00,1007,199180,59,3859,104,140,319,267,177,16422,34691,67734,53487,26807,159.75,492.15,487.17,478.32,526.69,421.77,89
2021/02/03 00:00:00+00,2022/03/28 00:00:00+00,1312,200492,51,3910,123,221,417,350,200,16545,34912,68151,53837,27007,155.88,472.55,451.19,438.77,498.61,394.76,90
2021/02/04 00:00:00+00,2022/03/28 00:00:00+00,1040,201532,39,3949,118,163,322,283,154,16663,35075,68473,54120,27161,149.32,442.36,415.7,407.4,462.7,366.96,91
2021/02/05 00:00:00+00,2022/03/28 00:00:00+00,827,202359,29,3978,110,114,299,196,108,16773,35189,68772,54316,27269,146.14,415.65,387.54,380.62,432.9,344.36,92
2021/02/06 00:00:00+00,2022/03/28 00:00:00+00,1023,203382,45,4023,129,209,326,245,114,16902,35398,69098,54561,27383,148.43,416.69,375.88,368.81,420.82,337.09,93
2021/02/07 00:00:00+00,2022/03/28 00:00:00+00,826,204208,37,4060,144,140,243,185,114,17046,35538,69341,54746,27497,151.31,410.27,359.67,352.69,402.15,325.8,94
2021/02/08 00:00:00+00,2022/03/28 00:00:00+00,553,204761,57,4117,72,89,173,139,80,17118,35627,69514,54885,27577,151.81,405.06,352.42,343.52,381.45,318.17,95
2021/02/09 00:00:00+00,2022/03/28 00:00:00+00,1004,205765,46,4163,167,157,327,245,108,17285,35784,69841,55130,27685,157.27,400.38,345.38,334.27,358.39,311.39,96
2021/02/10 00:00:00+00,2022/03/28 00:00:00+00,861,206626,29,4192,124,146,293,200,97,17409,35930,70134,55330,27782,157.07,387.89,333.29,318.94,330,298.83,97
2021/02/11 00:00:00+00,2022/03/28 00:00:00+00,920,207546,37,4229,133,156,317,205,109,17542,36086,70451,55535,27891,160.85,383.9,327.74,305.99,312.28,292.05,98
2021/02/12 00:00:00+00,2022/03/28 00:00:00+00,1074,208620,26,4255,164,253,335,223,99,17706,36339,70786,55758,27990,163.43,395.35,317,294.1,297.54,286,99
2021/02/13 00:00:00+00,2022/03/28 00:00:00+00,785,209405,27,4282,151,163,241,161,69,17857,36502,71027,55919,28059,167.9,388.06,303.42,281.76,277.15,276.38,100
2020/09/17 00:00:00+00,2022/03/28 00:00:00+00,248,32242,1,1767,31,60,82,51,24,1322,3346,11197,9334,7027,38.35,109.29,68.19,60.26,46.43,62.06,101
2020/09/18 00:00:00+00,2022/03/28 00:00:00+00,270,32512,0,1767,28,65,84,69,24,1350,3411,11281,9403,7051,39.14,112.24,67.62,62.47,46.27,62.92,102
2020/09/19 00:00:00+00,2022/03/28 00:00:00+00,391,32903,0,1767,37,93,144,75,42,1387,3504,11425,9478,7093,41.73,122.99,74.24,66.52,50.35,68.23,103
2020/09/20 00:00:00+00,2022/03/28 00:00:00+00,184,33087,0,1767,19,39,72,36,18,1406,3543,11497,9514,7111,42.22,125.6,76.8,68.11,51.92,69.99,104
2020/09/21 00:00:00+00,2022/03/28 00:00:00+00,328,33415,2,1769,49,82,105,65,27,1455,3625,11602,9579,7138,42.32,129.24,76.23,68.11,53.17,70.46,105
2020/09/22 00:00:00+00,2022/03/28 00:00:00+00,227,33642,4,1773,14,75,64,54,20,1469,3700,11666,9633,7158,41.93,140.17,79,71.63,54.27,73.5,106
2020/09/23 00:00:00+00,2022/03/28 00:00:00+00,320,33962,0,1773,30,66,110,83,31,1499,3766,11776,9716,7189,41.73,147.45,82.27,74.8,54.74,76.13,107
2020/09/24 00:00:00+00,2022/03/28 00:00:00+00,324,34286,2,1775,26,87,111,74,26,1525,3853,11887,9790,7215,42.02,154.57,84.34,77.62,56.62,78.58,108
2020/09/25 00:00:00+00,2022/03/28 00:00:00+00,248,34534,2,1777,29,64,74,57,24,1554,3917,11961,9847,7239,42.82,160.46,85.97,78.59,58.82,80.47,109
2020/09/26 00:00:00+00,2022/03/28 00:00:00+00,428,34962,2,1779,43,112,151,78,44,1597,4029,12112,9925,7283,43.51,170.35,90.81,81.23,60.54,84.11,110
2020/09/27 00:00:00+00,2022/03/28 00:00:00+00,383,35345,0,1779,31,97,122,101,32,1628,4126,12234,10026,7315,45.3,175.9,96.07,84.58,63.21,87.86,111
2020/09/28 00:00:00+00,2022/03/28 00:00:00+00,357,35702,0,1779,24,95,109,93,36,1652,4221,12343,10119,7351,43.02,176.94,97.56,85.2,62.58,88.01,112
2020/09/29 00:00:00+00,2022/03/28 00:00:00+00,428,36130,2,1781,43,109,125,108,43,1695,4330,12468,10227,7394,43.42,186.83,101.76,88.9,65.88,91.85,113
2020/09/30 00:00:00+00,2022/03/28 00:00:00+00,439,36569,2,1783,30,96,168,108,37,1725,4426,12636,10335,7431,43.12,197.76,108.16,92.69,67.13,96.08,114
2020/10/01 00:00:00+00,2022/03/28 00:00:00+00,458,37027,4,1787,46,110,155,115,32,1771,4536,12791,10450,7463,44.61,206.44,113.35,98.33,68.38,100.49,115
2020/10/02 00:00:00+00,2022/03/28 00:00:00+00,604,37631,1,1788,60,151,200,144,49,1831,4687,12991,10594,7512,47.79,221.35,121.6,104.93,72.31,107.5,116
2020/10/03 00:00:00+00,2022/03/28 00:00:00+00,361,37992,2,1790,30,95,142,74,20,1861,4782,13133,10668,7532,47.09,221.7,121.45,104.85,68.86,106.87,117
2020/10/04 00:00:00+00,2022/03/28 00:00:00+00,516,38508,3,1793,57,129,168,117,45,1918,4911,13301,10785,7577,50.87,237.31,128.28,111.98,73.09,113.84,118
2020/10/05 00:00:00+00,2022/03/28 00:00:00+00,426,38934,2,1795,38,115,111,122,40,1956,5026,13412,10907,7617,49.77,243.04,128.71,117,75.13,115.9,119
2020/10/06 00:00:00+00,2022/03/28 00:00:00+00,601,39535,1,1796,57,148,149,147,100,2013,5174,13561,11054,7717,54.05,255.7,134.75,125.2,87.68,123.75,120
2020/10/07 00:00:00+00,2022/03/28 00:00:00+00,503,40038,1,1797,37,149,139,118,60,2050,5323,13700,11172,7777,54.74,270.1,136.81,128.28,92.23,127.6,121
2020/10/08 00:00:00+00,2022/03/28 00:00:00+00,613,40651,4,1801,63,188,200,125,37,2113,5511,13900,11297,7814,58.42,287.62,143.14,132.77,93.95,133.67,122
2020/10/09 00:00:00+00,2022/03/28 00:00:00+00,999,41650,5,1806,94,293,325,226,60,2207,5804,14225,11523,7874,64.87,327.35,160.99,147.66,99.6,149.44,123
2020/10/10 00:00:00+00,2022/03/28 00:00:00+00,798,42448,5,1811,81,211,263,169,73,2288,6015,14488,11692,7947,68.65,344.52,168.96,155.68,104.15,157.21,124
2020/10/11 00:00:00+00,2022/03/28 00:00:00+00,816,43264,2,1813,78,219,266,187,66,2366,6234,14754,11879,8013,73.32,365.69,179.19,163.26,109.48,166.3,125
2020/10/12 00:00:00+00,2022/03/28 00:00:00+00,806,44070,5,1818,77,245,241,171,72,2443,6479,14995,12050,8085,78.59,391.71,188.58,170.13,115.13,175.73,126
2020/10/13 00:00:00+00,2022/03/28 00:00:00+00,1072,45142,4,1822,94,316,336,232,93,2537,6795,15331,12282,8178,83.65,427.62,203.59,181.06,122.97,189.25,127
2020/10/14 00:00:00+00,2022/03/28 00:00:00+00,1206,46348,2,1824,127,336,388,272,83,2664,7131,15719,12554,8261,93.29,469.25,219.23,195.51,130.18,205.36,128
2020/10/15 00:00:00+00,2022/03/28 00:00:00+00,994,47342,5,1829,131,264,313,226,60,2795,7395,16032,12780,8321,101.73,495.96,230.46,205.29,134.57,216.62,129
2020/10/16 00:00:00+00,2022/03/28 00:00:00+00,1267,48609,8,1837,124,363,385,310,85,2919,7758,16417,13090,8406,108.09,532.74,243.62,219.91,140.22,230.54,130
2020/10/17 00:00:00+00,2022/03/28 00:00:00+00,1245,49854,3,1840,174,295,380,282,113,3093,8053,16797,13372,8519,122.4,567.44,260.54,238.24,154.81,249.1,131
2020/10/18 00:00:00+00,2022/03/28 00:00:00+00,999,50853,4,1844,148,262,290,228,70,3241,8315,17087,13600,8589,131.44,590.51,269.22,248.02,158.73,259.25,132
2020/10/19 00:00:00+00,2022/03/28 00:00:00+00,1249,52102,5,1849,158,316,314,340,121,3399,8631,17401,13940,8710,143.36,625.38,283.65,267.22,171.43,276.53,133
2020/10/20 00:00:00+00,2022/03/28 00:00:00+00,1155,53257,3,1852,147,279,323,272,133,3546,8910,17724,14212,8843,152.3,648.1,296.03,278.24,176.61,288.16,134
2020/10/21 00:00:00+00,2022/03/28 00:00:00+00,1060,54317,5,1857,162,228,320,226,124,3708,9138,18044,14438,8967,164.72,661.81,308.9,287.75,186.65,299.86,135
2020/10/22 00:00:00+00,2022/03/28 00:00:00+00,755,55072,7,1864,104,176,223,194,58,3812,9314,18267,14632,9025,168.79,659.73,310.53,293.83,189.94,302.84,136
2020/10/23 00:00:00+00,2022/03/28 00:00:00+00,838,55910,5,1869,109,189,230,217,93,3921,9503,18497,14849,9118,170.28,641.68,303.78,293.04,195.12,299.46,137
2020/10/24 00:00:00+00,2022/03/28 00:00:00+00,1013,56923,7,1876,177,241,298,227,70,4098,9744,18795,15076,9188,179.82,646.89,306.27,298.15,194.65,303.98,138
2020/10/25 00:00:00+00,2022/03/28 00:00:00+00,930,57853,5,1881,151,206,254,216,103,4249,9950,19049,15292,9291,187.07,644.63,305.41,300.7,200.45,306.37,139
2020/10/26 00:00:00+00,2022/03/28 00:00:00+00,709,58562,7,1888,98,156,205,188,62,4347,10106,19254,15480,9353,189.16,629.19,302.85,302.2,198.88,304.33,140
2020/10/27 00:00:00+00,2022/03/28 00:00:00+00,663,59225,4,1892,106,135,193,166,63,4453,10241,19447,15646,9416,190.35,597.79,292.68,296.39,194.18,295.75,141
2020/10/28 00:00:00+00,2022/03/28 00:00:00+00,843,60068,8,1900,127,165,249,200,102,4580,10406,19696,15846,9518,190.35,568.13,282.8,290.04,197.16,288.12,142
2020/10/29 00:00:00+00,2022/03/28 00:00:00+00,754,60822,6,1906,125,144,218,192,75,4705,10550,19914,16038,9593,189.76,547.31,276.05,287.05,199.51,283.08,143
2020/10/30 00:00:00+00,2022/03/28 00:00:00+00,399,61221,5,1911,51,86,120,101,41,4756,10636,20034,16139,9634,182.5,499.26,257.2,268.63,192.61,264.85,144
2020/10/31 00:00:00+00,2022/03/28 00:00:00+00,538,61759,4,1915,114,90,137,132,65,4870,10726,20171,16271,9699,176.54,463.7,239.92,255.42,185.08,250.01,145
2020/11/01 00:00:00+00,2022/03/28 00:00:00+00,747,62506,4,1919,121,145,247,168,66,4991,10871,20418,16439,9765,173.86,443.4,236.86,250.13,184.45,244.72,146
2020/11/02 00:00:00+00,2022/03/28 00:00:00+00,310,62816,7,1926,53,41,107,62,45,5044,10912,20525,16501,9810,163.43,395.7,222.14,225.64,172.53,225,147
2020/11/03 00:00:00+00,2022/03/28 00:00:00+00,442,63258,6,1932,72,58,137,115,60,5116,10970,20662,16616,9870,155.98,357.36,208.92,211.81,161.08,210.02,148
2020/11/04 00:00:00+00,2022/03/28 00:00:00+00,580,63838,3,1935,62,85,195,145,93,5178,11055,20857,16761,9963,146.04,332.55,200.03,204.67,156.22,199.94,149
2020/11/05 00:00:00+00,2022/03/28 00:00:00+00,493,64331,9,1944,72,92,169,99,61,5250,11147,21026,16860,10024,142.86,317.98,196.19,196.3,156.69,194.44,150
2020/04/20 00:00:00+00,2022/03/28 00:00:00+00,395,15618,39,974,11,30,112,106,136,251,1029,5408,5215,3706,17.88,116.4,235.16,288.02,357.3,203.87,151
2020/04/21 00:00:00+00,2022/03/28 00:00:00+00,510,16128,45,1019,5,29,140,133,203,256,1058,5548,5348,3909,17.88,117.96,234.09,284.05,372.51,204.84,152
2020/04/22 00:00:00+00,2022/03/28 00:00:00+00,946,17074,35,1054,6,59,230,245,406,262,1117,5778,5593,4315,17.98,121.61,233.24,287.49,417.05,211.83,153
2020/04/23 00:00:00+00,2022/03/28 00:00:00+00,537,17611,34,1088,5,32,142,120,238,267,1149,5920,5713,4553,17.49,118.83,227.05,275.24,430.54,208.45,154
2020/04/24 00:00:00+00,2022/03/28 00:00:00+00,449,18060,48,1136,3,31,135,106,174,270,1180,6055,5819,4727,16.89,114.84,216.81,263.35,438.7,203.07,155
2020/04/25 00:00:00+00,2022/03/28 00:00:00+00,664,18724,18,1154,11,45,195,173,240,281,1225,6250,5992,4967,16.59,111.02,205.15,247.05,449.68,196.67,156
2020/04/26 00:00:00+00,2022/03/28 00:00:00+00,399,19123,40,1194,6,33,101,85,174,287,1258,6351,6077,5141,15.2,103.04,189.15,229.78,447.64,186.29,157
2020/04/27 00:00:00+00,2022/03/28 00:00:00+00,367,19490,21,1215,6,33,120,100,108,293,1291,6471,6177,5249,13.91,97.84,176.71,213.57,432.43,175.81,158
2020/04/28 00:00:00+00,2022/03/28 00:00:00+00,366,19856,19,1234,5,28,112,108,113,298,1319,6583,6285,5362,10.53,90.38,154.95,188.63,417.05,159.77,159
2020/04/29 00:00:00+00,2022/03/28 00:00:00+00,396,20252,28,1262,7,38,126,95,129,305,1357,6709,6380,5491,10.03,90.55,150.96,179.56,413.76,155.91,160
2020/04/30 00:00:00+00,2022/03/28 00:00:00+00,271,20523,28,1290,1,21,90,83,76,306,1378,6799,6463,5567,9.04,86.04,142.86,163.61,395.1,146.46,161
2020/05/01 00:00:00+00,2022/03/28 00:00:00+00,351,20874,24,1314,16,37,119,98,81,322,1415,6918,6561,5648,9.24,81.88,131.55,148.02,372.67,135.91,162
2020/05/02 00:00:00+00,2022/03/28 00:00:00+00,383,21257,27,1341,10,43,169,108,53,332,1458,7087,6669,5701,9.14,81.36,131.62,141.76,357.3,132.3,163
2020/05/03 00:00:00+00,2022/03/28 00:00:00+00,205,21462,25,1366,8,15,82,62,37,340,1473,7169,6731,5738,9.93,82.23,133.19,142.91,340.04,131.02,164
2020/05/04 00:00:00+00,2022/03/28 00:00:00+00,249,21711,18,1384,9,20,110,67,43,349,1493,7279,6798,5781,9.74,80.49,133.05,139.47,325.46,127.95,165
2020/05/05 00:00:00+00,2022/03/28 00:00:00+00,281,21992,24,1408,7,36,126,73,39,356,1529,7405,6871,5820,9.93,81.71,132.05,134.18,299.73,123.15,166
2020/05/06 00:00:00+00,2022/03/28 00:00:00+00,137,22129,29,1437,2,12,40,54,28,358,1541,7445,6925,5848,9.54,73.55,118.54,117.36,240.45,106.16,167
2020/05/07 00:00:00+00,2022/03/28 00:00:00+00,186,22315,18,1455,2,21,74,43,46,360,1562,7519,6968,5894,9.24,71.65,113.7,110.57,210.33,98.78,168
2020/05/08 00:00:00+00,2022/03/28 00:00:00+00,158,22473,18,1473,8,14,57,40,39,368,1576,7576,7008,5933,9.74,68.7,108.16,104.76,189.16,92.67,169
2020/05/09 00:00:00+00,2022/03/28 00:00:00+00,261,22734,14,1487,9,21,94,80,57,377,1597,7670,7088,5990,9.54,64.53,100.97,96.56,160.45,84.21,170
2020/05/10 00:00:00+00,2022/03/28 00:00:00+00,181,22915,11,1498,2,19,58,50,52,379,1616,7728,7138,6042,9.14,62.1,97.92,93.48,141.32,79.63,171
2020/05/11 00:00:00+00,2022/03/28 00:00:00+00,85,23000,12,1510,4,9,34,21,17,383,1625,7762,7159,6059,8.94,57.94,91.8,86.52,127.05,73.71,172
2020/05/12 00:00:00+00,2022/03/28 00:00:00+00,124,23124,6,1516,6,10,49,32,27,389,1635,7811,7191,6086,9.04,54.82,87.32,79.82,113.56,68.63,173
2020/05/13 00:00:00+00,2022/03/28 00:00:00+00,363,23487,15,1531,3,46,188,108,18,392,1681,7999,7299,6104,8.64,56.21,91.73,80.97,96.15,67.94,174
2020/05/14 00:00:00+00,2022/03/28 00:00:00+00,233,23720,7,1538,1,18,131,67,16,393,1699,8130,7366,6120,8.64,55.69,94.65,79.56,86.74,67.14,175
2020/05/15 00:00:00+00,2022/03/28 00:00:00+00,105,23825,14,1552,5,10,50,21,19,398,1709,8180,7387,6139,7.55,51,89.74,72.78,77.01,61.97,176
2020/05/16 00:00:00+00,2022/03/28 00:00:00+00,84,23909,8,1560,2,7,44,14,17,400,1716,8224,7401,6156,6.76,44.76,80.85,64.49,71.37,55.69,177
2020/05/17 00:00:00+00,2022/03/28 00:00:00+00,130,24039,12,1572,7,23,53,32,15,407,1739,8277,7433,6171,6.66,46.14,78.79,61.85,67.91,54.12,178
2020/05/18 00:00:00+00,2022/03/28 00:00:00+00,42,24081,9,1581,3,5,14,12,8,410,1744,8291,7445,6179,6.06,43.54,71.96,57,62.42,49.77,179
2020/05/19 00:00:00+00,2022/03/28 00:00:00+00,75,24156,8,1589,3,11,28,17,16,413,1755,8319,7462,6195,5.66,39.21,64.99,52.07,58.82,45.44,180
2020/05/20 00:00:00+00,2022/03/28 00:00:00+00,75,24231,5,1594,3,3,26,20,23,416,1758,8345,7482,6218,5.76,37.64,64,49.07,58.03,44.14,181
2020/05/21 00:00:00+00,2022/03/28 00:00:00+00,95,24326,5,1599,11,6,33,25,20,427,1764,8378,7507,6238,6.66,35.04,61.08,47.49,53.96,42.23,182
2020/05/22 00:00:00+00,2022/03/28 00:00:00+00,115,24441,3,1602,7,22,45,26,15,434,1786,8423,7533,6253,6.56,36.43,60.23,46.26,50.19,41.33,183
2020/05/23 00:00:00+00,2022/03/28 00:00:00+00,39,24480,6,1608,2,6,16,8,7,436,1792,8439,7541,6260,5.86,33.83,54.68,39.91,42.35,36.67,184
2020/05/24 00:00:00+00,2022/03/28 00:00:00+00,40,24520,6,1614,3,5,6,16,10,439,1797,8445,7557,6270,5.96,31.4,50.99,36.92,35.76,33.71,185
2020/05/25 00:00:00+00,2022/03/28 00:00:00+00,105,24625,8,1622,4,8,36,36,21,443,1805,8481,7593,6291,5.96,31.23,51.13,38.24,36.39,34.13,186
2020/05/26 00:00:00+00,2022/03/28 00:00:00+00,68,24693,6,1628,9,8,22,16,13,452,1813,8503,7609,6304,6.26,30.88,49.21,36.83,34.19,32.95,187
2020/05/27 00:00:00+00,2022/03/28 00:00:00+00,40,24733,4,1632,2,3,14,12,9,454,1816,8517,7621,6313,6.16,23.42,36.83,28.37,32.78,26.17,188
2020/05/28 00:00:00+00,2022/03/28 00:00:00+00,37,24770,7,1639,4,0,8,13,12,458,1816,8525,7634,6325,6.46,20.3,28.09,23.61,32.15,22.05,189
2020/05/29 00:00:00+00,2022/03/28 00:00:00+00,55,24825,5,1644,1,2,21,11,20,459,1818,8546,7645,6345,6.06,18.91,26.03,22.73,32.31,21,190
2020/05/30 00:00:00+00,2022/03/28 00:00:00+00,66,24891,5,1649,2,7,27,20,10,461,1825,8573,7665,6355,6.06,18.91,24.82,23.26,31.21,20.62,191
2020/05/31 00:00:00+00,2022/03/28 00:00:00+00,75,24966,4,1653,10,12,18,23,12,471,1837,8591,7688,6367,6.36,17,22.33,22.47,30.74,19.47,192
2020/06/01 00:00:00+00,2022/03/28 00:00:00+00,10,24976,2,1655,0,1,2,1,6,471,1838,8593,7689,6373,6.06,16.31,21.47,21.5,30.43,18.8,193
2020/06/02 00:00:00+00,2022/03/28 00:00:00+00,40,25016,2,1657,2,1,11,16,10,473,1839,8604,7705,6383,5.96,14.57,20.27,21.41,29.49,18.06,194
2020/06/03 00:00:00+00,2022/03/28 00:00:00+00,36,25052,5,1662,2,5,12,16,1,475,1844,8616,7721,6384,5.86,14.92,19.27,21.06,26.04,17.24,195
2020/06/04 00:00:00+00,2022/03/28 00:00:00+00,26,25078,4,1666,5,4,6,4,7,480,1848,8622,7725,6391,5.27,14.57,17.35,19.21,24,15.79,196
2020/06/05 00:00:00+00,2022/03/28 00:00:00+00,22,25100,3,1669,0,4,9,5,4,480,1852,8631,7730,6395,4.57,11.45,14.79,17.36,22.27,13.84,197
2020/06/06 00:00:00+00,2022/03/28 00:00:00+00,23,25123,4,1673,0,6,7,7,3,480,1858,8638,7737,6398,4.37,11.45,14.15,17.27,21.64,13.5,198
2020/06/07 00:00:00+00,2022/03/28 00:00:00+00,9,25132,5,1678,0,0,5,3,1,480,1858,8643,7740,6399,4.07,10.58,14.08,16.12,20.23,12.85,199
2020/06/08 00:00:00+00,2022/03/28 00:00:00+00,9,25141,3,1681,0,2,1,5,1,480,1860,8644,7745,6400,3.68,9.54,11.59,13.39,17.1,10.84,200
2020/07/29 00:00:00+00,2022/03/28 00:00:00+00,84,26012,1,1736,15,19,24,21,5,554,2003,8990,7937,6515,3.58,9.71,9.32,6.43,4.55,6.85,201
2020/07/30 00:00:00+00,2022/03/28 00:00:00+00,41,26053,1,1737,2,11,19,7,2,556,2014,9009,7944,6517,3.38,10.41,9.74,6.78,4.08,7.01,202
2020/07/31 00:00:00+00,2022/03/28 00:00:00+00,43,26096,0,1737,7,6,19,9,2,563,2020,9028,7953,6519,4.07,10.76,10.67,7.14,3.76,7.52,203
2020/08/01 00:00:00+00,2022/03/28 00:00:00+00,53,26149,0,1737,12,9,21,6,5,575,2029,9049,7959,6524,5.27,12.14,11.73,7.58,4.39,8.44,204
2020/08/02 00:00:00+00,2022/03/28 00:00:00+00,45,26194,0,1737,6,8,24,6,1,581,2037,9073,7965,6525,5.76,13.53,13.3,7.84,4.55,9.26,205
2020/08/03 00:00:00+00,2022/03/28 00:00:00+00,44,26238,0,1737,1,7,26,10,0,582,2044,9099,7975,6525,5.76,13.88,14.44,7.31,4.23,9.47,206
2020/08/04 00:00:00+00,2022/03/28 00:00:00+00,47,26285,0,1737,10,11,17,7,2,592,2055,9116,7982,6527,6.66,15.61,15.22,7.58,3.92,10.12,207
2020/08/05 00:00:00+00,2022/03/28 00:00:00+00,70,26355,0,1737,6,7,33,21,3,598,2062,9149,8003,6530,7.25,16.65,17.35,9.34,4.08,11.45,208
2020/08/06 00:00:00+00,2022/03/28 00:00:00+00,97,26452,1,1738,4,14,48,28,3,602,2076,9197,8031,6533,7.35,18.56,19.98,11.72,4.23,13.06,209
2020/08/07 00:00:00+00,2022/03/28 00:00:00+00,170,26622,1,1739,10,24,86,41,9,612,2100,9283,8072,6542,8.25,22.2,25.1,14.89,5.65,16.15,210
2020/08/08 00:00:00+00,2022/03/28 00:00:00+00,67,26689,1,1740,10,11,34,10,2,622,2111,9317,8082,6544,9.04,23.59,27.09,15.68,5.96,17.3,211
2020/08/09 00:00:00+00,2022/03/28 00:00:00+00,57,26746,1,1741,6,15,20,15,1,628,2126,9337,8097,6545,9.54,26.02,28.23,16.74,5.96,18.29,212
2020/08/10 00:00:00+00,2022/03/28 00:00:00+00,33,26779,0,1741,6,11,6,6,4,634,2137,9343,8103,6549,9.74,26.72,27.38,16.56,6.27,18.17,213
2020/08/11 00:00:00+00,2022/03/28 00:00:00+00,40,26819,0,1741,6,8,16,8,2,640,2145,9359,8111,6551,10.03,27.93,27.95,17.18,6.43,18.71,214
2020/08/12 00:00:00+00,2022/03/28 00:00:00+00,87,26906,0,1741,10,24,29,18,6,650,2169,9388,8129,6557,9.54,28.8,28.3,16.92,6.59,18.77,215
2020/08/13 00:00:00+00,2022/03/28 00:00:00+00,67,26973,0,1741,6,16,25,13,7,656,2185,9413,8142,6564,9.93,29.66,28.73,17.44,7.37,19.32,216
2020/08/14 00:00:00+00,2022/03/28 00:00:00+00,198,27171,1,1742,22,33,79,48,16,678,2218,9492,8190,6580,11.43,34.35,32.99,20.88,9.57,22.58,217
2020/08/15 00:00:00+00,2022/03/28 00:00:00+00,64,27235,0,1742,9,12,22,17,4,687,2230,9514,8207,6584,11.13,34.87,33.07,21.85,9.41,22.81,218
2020/08/16 00:00:00+00,2022/03/28 00:00:00+00,53,27288,0,1742,10,12,19,10,2,697,2242,9533,8217,6586,11.52,35.56,32.71,22.2,9.57,22.97,219
2020/08/17 00:00:00+00,2022/03/28 00:00:00+00,184,27472,0,1742,19,36,82,40,7,716,2278,9615,8257,6593,13.31,40.59,36.69,24.85,10.67,25.91,220
2020/08/18 00:00:00+00,2022/03/28 00:00:00+00,54,27526,0,1742,6,15,15,14,4,722,2293,9630,8271,6597,12.92,41.29,36.55,25.46,10.98,26.06,221
2020/08/19 00:00:00+00,2022/03/28 00:00:00+00,135,27661,1,1743,16,37,53,23,6,738,2330,9683,8294,6603,13.91,46.49,37.97,25.64,11.45,27.43,222
2020/08/20 00:00:00+00,2022/03/28 00:00:00+00,75,27736,0,1743,8,18,30,17,2,746,2348,9713,8311,6605,14.31,47.19,36.69,24.67,11.29,26.96,223
2020/08/21 00:00:00+00,2022/03/28 00:00:00+00,150,27886,0,1743,20,28,59,32,11,766,2376,9772,8343,6616,15.3,47.88,34.77,23.88,11.61,26.54,224
2020/08/22 00:00:00+00,2022/03/28 00:00:00+00,60,27946,0,1743,5,20,17,17,1,771,2396,9789,8360,6617,14.8,49.44,33.56,24.49,11.45,26.4,225
2020/08/23 00:00:00+00,2022/03/28 00:00:00+00,146,28092,0,1743,11,47,46,28,14,782,2443,9835,8388,6631,15.3,54.99,35.41,25.64,13.49,28.27,226
2020/08/24 00:00:00+00,2022/03/28 00:00:00+00,91,28183,1,1744,14,21,27,22,7,796,2464,9862,8410,6638,16.09,56.73,36.91,27.05,13.96,29.48,227
2020/08/25 00:00:00+00,2022/03/28 00:00:00+00,162,28345,0,1744,12,40,54,42,13,808,2504,9916,8452,6651,16.69,62.28,39.61,30.04,15.68,32.05,228
2020/08/26 00:00:00+00,2022/03/28 00:00:00+00,93,28438,0,1744,13,18,34,23,5,821,2522,9950,8475,6656,16.99,61.24,39.96,30.48,15.53,32.17,229
2020/08/27 00:00:00+00,2022/03/28 00:00:00+00,124,28562,0,1744,13,32,53,21,4,834,2554,10003,8496,6660,17.68,64.01,41.95,31.19,15.06,33.37,230
2020/08/28 00:00:00+00,2022/03/28 00:00:00+00,140,28702,0,1744,16,26,55,31,12,850,2580,10058,8527,6672,17.09,62.8,40.25,29.69,14.43,32.15,231
2020/08/29 00:00:00+00,2022/03/28 00:00:00+00,40,28742,0,1744,5,11,13,8,3,855,2591,10071,8535,6675,16.69,62.62,39.61,28.9,14.27,31.65,232
2020/08/30 00:00:00+00,2022/03/28 00:00:00+00,53,28795,0,1744,6,13,21,12,1,861,2604,10092,8547,6676,16.29,62.8,39.75,29.07,14.12,31.65,233
2020/08/31 00:00:00+00,2022/03/28 00:00:00+00,214,29009,0,1744,30,48,71,44,21,891,2652,10163,8591,6697,17.39,64.88,38.97,29.43,16.31,32.28,234
2020/09/01 00:00:00+00,2022/03/28 00:00:00+00,89,29098,0,1744,14,26,16,19,14,905,2678,10179,8610,6711,18.18,66.79,39.04,29.87,17.88,33.01,235
2020/09/02 00:00:00+00,2022/03/28 00:00:00+00,93,29191,1,1745,14,19,31,18,10,919,2697,10210,8628,6721,17.98,63.67,37.47,29.43,18.51,32.13,236
2020/09/03 00:00:00+00,2022/03/28 00:00:00+00,96,29287,0,1745,17,19,28,22,10,936,2716,10238,8650,6731,18.88,63.84,37.33,29.87,19.76,32.57,237
2020/09/04 00:00:00+00,2022/03/28 00:00:00+00,229,29516,0,1745,20,48,92,44,25,956,2764,10330,8694,6756,18.88,67.31,39.68,30.93,21.96,34.23,238
2020/09/05 00:00:00+00,2022/03/28 00:00:00+00,138,29654,2,1747,11,31,51,29,16,967,2795,10381,8723,6772,19.47,69.22,42.1,31.98,24.31,35.87,239
2020/09/06 00:00:00+00,2022/03/28 00:00:00+00,100,29754,1,1748,14,24,36,18,8,981,2819,10417,8741,6780,19.77,65.23,41.39,31.1,23.37,34.9,240
2020/09/07 00:00:00+00,2022/03/28 00:00:00+00,306,30060,1,1749,48,61,113,65,19,1029,2880,10530,8806,6799,23.15,72.17,47.5,34.89,25.25,39.42,241
2020/09/08 00:00:00+00,2022/03/28 00:00:00+00,82,30142,1,1750,18,12,25,14,13,1047,2892,10555,8820,6812,23.74,67.31,45.44,32.42,25.25,37.74,242
2020/09/09 00:00:00+00,2022/03/28 00:00:00+00,195,30337,0,1750,32,24,64,47,28,1079,2916,10619,8867,6840,25.63,68.35,47.57,34.54,28.86,39.88,243
2020/09/10 00:00:00+00,2022/03/28 00:00:00+00,207,30544,3,1753,23,46,82,42,14,1102,2962,10701,8909,6854,26.63,70.78,49.63,36.39,30.43,41.62,244
2020/09/11 00:00:00+00,2022/03/28 00:00:00+00,158,30702,2,1755,21,30,51,46,10,1123,2992,10752,8955,6864,27.12,71.47,49.35,37.71,30.11,42,245
2020/09/12 00:00:00+00,2022/03/28 00:00:00+00,255,30957,1,1756,36,55,83,48,33,1159,3047,10835,9003,6897,30.2,79.1,54.33,41.23,34.82,46.52,246
2020/09/13 00:00:00+00,2022/03/28 00:00:00+00,204,31161,2,1758,13,65,48,63,15,1172,3112,10883,9066,6912,30.9,88.13,56.25,45.73,37.02,49.69,247
2020/09/14 00:00:00+00,2022/03/28 00:00:00+00,350,31511,3,1761,47,89,88,86,40,1219,3201,10971,9152,6952,32.59,95.24,57.46,49.43,40,52.54,248
2020/09/15 00:00:00+00,2022/03/28 00:00:00+00,245,31756,2,1763,39,52,66,66,22,1258,3253,11037,9218,6974,35.07,99.75,61.01,53.57,41.25,55.82,249
2020/09/16 00:00:00+00,2022/03/28 00:00:00+00,238,31994,3,1766,33,33,78,65,29,1291,3286,11115,9283,7003,36.96,102.18,64.35,57.71,44.23,58.86,250
2020/11/06 00:00:00+00,2022/03/28 00:00:00+00,331,64662,6,1950,51,47,114,87,32,5301,11194,21140,16947,10056,137.1,293.35,187.94,184.85,147.12,183.79,251
2020/11/07 00:00:00+00,2022/03/28 00:00:00+00,519,65181,10,1960,68,95,171,119,66,5369,11289,21311,17066,10122,126.27,268.02,178.91,175.33,146.49,173.42,252
2020/11/08 00:00:00+00,2022/03/28 00:00:00+00,264,65445,9,1969,44,58,80,60,22,5413,11347,21391,17126,10144,115.64,242.34,166.54,161.59,133.79,159.43,253
2020/11/09 00:00:00+00,2022/03/28 00:00:00+00,267,65712,2,1971,26,45,80,58,58,5439,11392,21471,17184,10202,108.49,223.09,157.65,150.13,133.16,150.15,254
2020/11/10 00:00:00+00,2022/03/28 00:00:00+00,359,66071,5,1976,42,63,94,107,53,5481,11455,21565,17291,10255,102.13,210.6,150.61,144.93,131.59,143.77,255
2020/11/11 00:00:00+00,2022/03/28 00:00:00+00,391,66462,6,1982,50,87,117,78,59,5531,11542,21682,17369,10314,94.48,197.07,141.22,134.18,124.85,134.28,256
2020/11/12 00:00:00+00,2022/03/28 00:00:00+00,477,66939,1,1983,78,76,139,116,68,5609,11618,21821,17485,10382,89.81,185.27,135.6,127.49,123.75,128.46,257
2020/11/13 00:00:00+00,2022/03/28 00:00:00+00,455,67394,8,1991,75,86,154,100,40,5684,11704,21975,17585,10422,92.2,185.27,138.02,127.4,123.59,129.63,258
2020/11/14 00:00:00+00,2022/03/28 00:00:00+00,370,67764,6,1997,50,52,131,86,51,5734,11756,22106,17671,10473,85.84,178.68,137.6,123.35,121.4,126.11,259
2020/11/15 00:00:00+00,2022/03/28 00:00:00+00,450,68214,11,2008,69,90,151,99,41,5803,11846,22257,17770,10514,80.67,169.14,130.77,117.27,117.48,119.87,260
2020/11/16 00:00:00+00,2022/03/28 00:00:00+00,360,68574,13,2021,57,54,108,90,51,5860,11900,22365,17860,10565,81.07,171.39,130.84,119.74,118.42,120.92,261
2020/11/17 00:00:00+00,2022/03/28 00:00:00+00,381,68955,6,2027,59,70,119,100,33,5919,11970,22484,17960,10598,79.78,173.47,129.56,118.41,114.18,119.64,262
2020/11/18 00:00:00+00,2022/03/28 00:00:00+00,419,69374,3,2030,49,96,144,80,50,5968,12066,22628,18040,10648,78.49,175.38,125.93,112.69,107.44,116.26,263
2020/11/19 00:00:00+00,2022/03/28 00:00:00+00,330,69704,7,2037,52,55,105,69,48,6020,12121,22733,18109,10696,76.5,168.96,121.38,110.04,105.4,112.83,264
2020/11/20 00:00:00+00,2022/03/28 00:00:00+00,334,70038,6,2043,58,71,105,67,33,6078,12192,22838,18176,10729,77.19,173.13,120.74,108.28,105.56,112.9,265
2020/11/21 00:00:00+00,2022/03/28 00:00:00+00,306,70344,6,2049,52,93,80,57,24,6130,12285,22918,18233,10753,75.6,172.78,114.27,102.82,98.97,108.42,266
2020/11/22 00:00:00+00,2022/03/28 00:00:00+00,249,70593,4,2053,42,52,67,59,29,6172,12337,22985,18292,10782,75.41,171.74,113.35,102.73,100.07,108.11,267
2020/11/23 00:00:00+00,2022/03/28 00:00:00+00,226,70819,8,2061,19,41,66,53,47,6191,12378,23051,18345,10829,74.71,171.05,112.35,102.29,98.34,107.25,268
2020/11/24 00:00:00+00,2022/03/28 00:00:00+00,256,71075,3,2064,44,47,73,59,33,6235,12425,23124,18404,10862,74.91,168.27,110.86,98.06,95.21,105.08,269
2020/11/25 00:00:00+00,2022/03/28 00:00:00+00,332,71407,8,2072,48,63,99,84,37,6283,12488,23223,18488,10899,74.71,164.11,109.58,98.59,91.76,103.85,270
2020/11/26 00:00:00+00,2022/03/28 00:00:00+00,201,71608,1,2073,37,46,52,48,18,6320,12534,23275,18536,10917,70.64,158.9,103.39,92.6,83.91,98.05,271
2020/11/27 00:00:00+00,2022/03/28 00:00:00+00,237,71845,14,2087,43,49,77,37,31,6363,12583,23352,18573,10948,67.46,152.48,97.92,87.05,82.5,93.47,272
2020/11/28 00:00:00+00,2022/03/28 00:00:00+00,295,72140,6,2093,57,42,100,63,33,6420,12625,23452,18636,10981,68.15,150.75,95.71,85.02,79.68,91.9,273
2020/11/29 00:00:00+00,2022/03/28 00:00:00+00,302,72442,4,2097,42,52,107,67,34,6462,12677,23559,18703,11015,65.47,144.16,92.58,82.2,78.58,88.79,274
2020/11/30 00:00:00+00,2022/03/28 00:00:00+00,269,72711,8,2105,42,54,79,60,34,6504,12731,23638,18763,11049,63.98,144.16,90.52,79.56,75.91,86.88,275
2020/12/01 00:00:00+00,2022/03/28 00:00:00+00,267,72978,2,2107,44,45,81,60,37,6548,12776,23719,18823,11086,62.49,139.82,87.82,76.04,76.54,84.48,276
2020/12/02 00:00:00+00,2022/03/28 00:00:00+00,181,73159,8,2115,27,30,53,44,27,6575,12806,23772,18867,11113,60.3,128.37,81.35,72.86,72.93,79.49,277
2020/12/03 00:00:00+00,2022/03/28 00:00:00+00,264,73423,5,2120,55,39,83,59,28,6630,12845,23855,18926,11141,60.6,125.6,79.78,71.98,69.8,78.1,278
2020/12/04 00:00:00+00,2022/03/28 00:00:00+00,445,73868,7,2127,64,56,143,107,75,6694,12901,23998,19033,11216,61.2,122.99,82.49,75.51,76.38,80.43,279
2020/12/05 00:00:00+00,2022/03/28 00:00:00+00,298,74166,2,2129,81,34,77,61,45,6775,12935,24075,19094,11261,64.08,112.76,82.27,75.86,79.68,80.26,280
2020/12/06 00:00:00+00,2022/03/28 00:00:00+00,241,74407,4,2133,46,28,77,56,34,6821,12963,24152,19150,11295,64.48,108.6,82.98,75.59,80.46,80.09,281
2020/12/07 00:00:00+00,2022/03/28 00:00:00+00,211,74618,8,2141,32,28,69,61,21,6853,12991,24221,19211,11316,65.77,106.34,83.2,76.3,76.38,79.78,282
2020/12/08 00:00:00+00,2022/03/28 00:00:00+00,220,74838,7,2148,34,35,71,52,28,6887,13026,24292,19263,11344,64.78,104.26,83.06,75.68,75.6,79.02,283
2020/12/09 00:00:00+00,2022/03/28 00:00:00+00,309,75147,4,2152,52,39,95,93,30,6939,13065,24387,19356,11374,65.17,100.1,82.77,76.48,74.5,78.54,284
2020/12/10 00:00:00+00,2022/03/28 00:00:00+00,312,75459,3,2155,43,55,112,75,27,6982,13120,24499,19431,11401,65.77,101.66,87.04,78.85,75.91,80.87,285
2020/12/11 00:00:00+00,2022/03/28 00:00:00+00,243,75702,7,2162,41,34,87,59,22,7023,13154,24586,19490,11423,65.57,99.05,87.75,80.79,74.5,81,286
2020/12/12 00:00:00+00,2022/03/28 00:00:00+00,426,76128,6,2168,76,74,132,101,43,7099,13228,24718,19591,11466,67.46,104.61,90.02,84.14,76.07,83.75,287
2020/12/13 00:00:00+00,2022/03/28 00:00:00+00,263,76391,0,2168,41,45,86,53,38,7140,13273,24804,19644,11504,67.36,103.39,88.53,82.91,76.7,82.93,288
2020/12/14 00:00:00+00,2022/03/28 00:00:00+00,329,76720,4,2172,43,62,105,78,41,7183,13335,24909,19722,11545,67.46,104.78,90.38,84.49,77.8,84.19,289
2020/12/15 00:00:00+00,2022/03/28 00:00:00+00,427,77147,3,2175,76,63,145,112,31,7259,13398,25054,19834,11576,70.64,107.9,94.93,89.07,76.85,87.55,290
2020/12/16 00:00:00+00,2022/03/28 00:00:00+00,481,77628,5,2180,55,73,156,142,55,7314,13471,25210,19976,11631,73.42,115.36,102.25,97.71,81.25,93.85,291
2020/12/17 00:00:00+00,2022/03/28 00:00:00+00,579,78207,8,2188,65,72,211,150,81,7379,13543,25421,20126,11712,74.41,121.09,111.36,105.73,89.56,100.46,292
2020/12/18 00:00:00+00,2022/03/28 00:00:00+00,528,78735,7,2195,82,71,192,141,42,7461,13614,25613,20267,11754,76.2,123.69,114.84,108.72,84.38,102.21,293
2020/12/19 00:00:00+00,2022/03/28 00:00:00+00,759,79494,5,2200,103,160,251,178,67,7564,13774,25864,20445,11821,78.39,145.55,127.21,119.03,87.83,111.89,294
2020/12/20 00:00:00+00,2022/03/28 00:00:00+00,726,80220,4,2204,102,98,248,189,89,7666,13872,26112,20634,11910,83.95,157.69,139.37,130.75,96.46,122.07,295
2020/12/21 00:00:00+00,2022/03/28 00:00:00+00,966,81186,4,2208,139,149,333,242,103,7805,14021,26445,20876,12013,94.58,178.68,158.15,146.7,109.32,137.93,296
2020/12/22 00:00:00+00,2022/03/28 00:00:00+00,935,82121,10,2218,99,190,319,236,91,7904,14211,26764,21112,12104,101.04,205.57,175.78,162.91,119.2,152.94,297
2020/12/23 00:00:00+00,2022/03/28 00:00:00+00,918,83039,15,2233,109,192,319,220,78,8013,14403,27083,21332,12182,106.7,232.11,191.71,174.1,126.73,165.73,298
2020/12/24 00:00:00+00,2022/03/28 00:00:00+00,1017,84056,3,2236,116,195,371,237,98,8129,14598,27454,21569,12280,113.95,256.4,210.13,188.37,137.87,180.54,299
2020/12/25 00:00:00+00,2022/03/28 00:00:00+00,1292,85348,7,2243,133,290,428,331,110,8262,14888,27882,21900,12390,123.09,300.81,234.38,212.33,151.67,202.57,300
2020/06/09 00:00:00+00,2022/03/28 00:00:00+00,18,25159,2,1683,1,5,6,2,4,481,1865,8650,7747,6404,2.88,9.02,10.45,12.16,15.68,9.79,301
2020/06/10 00:00:00+00,2022/03/28 00:00:00+00,8,25167,4,1687,1,1,3,1,2,482,1866,8653,7748,6406,2.78,8.67,9.67,11.19,14.59,9.11,302
2020/06/11 00:00:00+00,2022/03/28 00:00:00+00,13,25180,2,1689,2,1,2,1,7,484,1867,8655,7749,6413,2.58,8.85,9.24,10.13,13.8,8.61,303
2020/06/12 00:00:00+00,2022/03/28 00:00:00+00,45,25225,2,1691,5,4,17,12,7,489,1871,8672,7761,6420,2.98,9.19,8.96,10.22,11.76,8.4,304
2020/06/13 00:00:00+00,2022/03/28 00:00:00+00,8,25233,1,1692,0,2,2,1,3,489,1873,8674,7762,6423,2.78,8.33,7.18,8.55,10.67,7.18,305
2020/06/14 00:00:00+00,2022/03/28 00:00:00+00,18,25251,2,1694,3,1,4,7,3,492,1874,8678,7769,6426,2.09,6.42,6.19,7.14,9.25,5.99,306
2020/06/15 00:00:00+00,2022/03/28 00:00:00+00,14,25265,2,1696,2,0,4,4,4,494,1874,8682,7773,6430,2.29,6.25,6.33,7.4,8.94,6.07,307
2020/06/16 00:00:00+00,2022/03/28 00:00:00+00,8,25273,2,1698,0,1,3,2,2,494,1875,8685,7775,6432,2.09,6.25,5.76,6.17,7.69,5.4,308
2020/06/17 00:00:00+00,2022/03/28 00:00:00+00,16,25289,3,1701,1,2,7,4,2,495,1877,8692,7779,6434,1.99,5.72,5.4,5.11,7.84,4.98,309
2020/06/18 00:00:00+00,2022/03/28 00:00:00+00,13,25302,2,1703,1,1,5,2,4,496,1878,8697,7781,6438,1.59,5.2,5.33,4.93,7.37,4.7,310
2020/06/19 00:00:00+00,2022/03/28 00:00:00+00,21,25323,0,1703,0,5,7,6,3,496,1883,8704,7787,6441,1.59,5.38,5.19,5.02,7.21,4.68,311
2020/06/20 00:00:00+00,2022/03/28 00:00:00+00,5,25328,0,1703,0,0,3,0,2,496,1883,8707,7787,6443,1.59,4.34,4.91,4.41,7.06,4.31,312
2020/06/21 00:00:00+00,2022/03/28 00:00:00+00,4,25332,2,1705,0,1,1,2,0,496,1884,8708,7789,6443,1.59,4.51,4.62,4.32,6.9,4.2,313
2020/06/22 00:00:00+00,2022/03/28 00:00:00+00,10,25342,6,1711,1,0,4,4,1,497,1884,8712,7793,6444,1.69,4.16,4.84,4.23,6.9,4.22,314
2020/06/23 00:00:00+00,2022/03/28 00:00:00+00,4,25346,1,1712,0,0,1,1,2,497,1884,8713,7794,6446,1.59,3.3,4.48,4.14,6.59,3.93,315
2020/06/24 00:00:00+00,2022/03/28 00:00:00+00,9,25355,1,1713,0,1,2,2,4,497,1885,8715,7796,6450,1.49,3.3,4.41,4.23,6.9,3.95,316
2020/06/25 00:00:00+00,2022/03/28 00:00:00+00,11,25366,2,1715,0,2,7,1,1,497,1887,8722,7797,6451,1.29,3.47,4.76,4.23,5.96,3.91,317
2020/06/26 00:00:00+00,2022/03/28 00:00:00+00,20,25386,1,1716,0,2,12,4,2,497,1889,8734,7801,6453,0.79,3.12,4.41,3.52,5.18,3.38,318
2020/06/27 00:00:00+00,2022/03/28 00:00:00+00,3,25389,1,1717,1,2,0,0,0,498,1891,8734,7801,6453,0.89,3.12,4.27,3.44,4.71,3.28,319
2020/06/28 00:00:00+00,2022/03/28 00:00:00+00,24,25413,1,1718,1,3,8,5,7,499,1894,8742,7806,6460,0.7,3.47,4.55,3.26,5.33,3.4,320
2020/06/29 00:00:00+00,2022/03/28 00:00:00+00,11,25424,2,1720,1,2,6,1,1,500,1896,8748,7807,6461,0.6,3.82,4.69,3,4.86,3.34,321
2020/06/30 00:00:00+00,2022/03/28 00:00:00+00,6,25430,0,1720,0,0,2,2,2,500,1896,8750,7809,6463,0.6,3.64,4.62,3,4.86,3.3,322
2020/07/01 00:00:00+00,2022/03/28 00:00:00+00,15,25445,0,1720,0,4,6,4,1,500,1900,8756,7813,6464,0.5,3.99,4.55,3,4.71,3.28,323
2020/07/02 00:00:00+00,2022/03/28 00:00:00+00,9,25454,3,1723,3,0,5,1,0,503,1900,8761,7814,6464,0.7,3.82,4.55,2.91,4.08,3.19,324
2020/07/03 00:00:00+00,2022/03/28 00:00:00+00,11,25465,1,1724,1,0,5,5,0,504,1900,8766,7819,6464,0.79,2.95,4.41,2.82,3.61,2.98,325
2020/07/04 00:00:00+00,2022/03/28 00:00:00+00,17,25482,0,1724,2,1,7,5,2,506,1901,8773,7824,6466,0.99,3.12,4.69,3.26,3.61,3.23,326
2020/07/05 00:00:00+00,2022/03/28 00:00:00+00,3,25485,1,1725,0,0,2,1,0,506,1901,8775,7825,6466,0.99,2.95,4.76,3.17,3.61,3.21,327
2020/07/06 00:00:00+00,2022/03/28 00:00:00+00,24,25509,0,1725,1,3,13,5,2,507,1904,8788,7830,6468,0.99,3.47,5.4,3.26,3.76,3.51,328
2020/07/07 00:00:00+00,2022/03/28 00:00:00+00,11,25520,2,1727,1,3,3,3,1,508,1907,8791,7833,6469,1.09,3.99,5.55,3.44,3.61,3.65,329
2020/07/08 00:00:00+00,2022/03/28 00:00:00+00,23,25543,0,1727,3,14,5,0,1,511,1921,8796,7833,6470,1.39,6.25,5.76,3.26,3.14,3.95,330
2020/07/09 00:00:00+00,2022/03/28 00:00:00+00,25,25568,0,1727,4,11,7,2,1,515,1932,8803,7835,6471,1.79,7.81,5.76,3.35,3.14,4.24,331
2020/07/10 00:00:00+00,2022/03/28 00:00:00+00,23,25591,0,1727,2,6,10,3,2,517,1938,8813,7838,6473,1.99,8.5,5.62,3.26,3.14,4.31,332
2020/07/11 00:00:00+00,2022/03/28 00:00:00+00,17,25608,0,1727,0,1,13,2,1,517,1939,8826,7840,6474,1.89,8.33,6.54,3.44,3.29,4.6,333
2020/07/12 00:00:00+00,2022/03/28 00:00:00+00,11,25619,1,1728,0,2,3,4,2,517,1941,8829,7844,6476,1.79,8.15,6.19,3.35,2.51,4.33,334
2020/07/13 00:00:00+00,2022/03/28 00:00:00+00,32,25651,2,1730,0,2,12,13,5,517,1943,8841,7857,6481,1.69,8.15,6.61,4.41,3.14,4.77,335
2020/07/14 00:00:00+00,2022/03/28 00:00:00+00,13,25664,2,1732,0,2,5,5,1,517,1945,8846,7862,6482,1.69,8.5,6.83,4.67,2.98,4.91,336
2020/07/15 00:00:00+00,2022/03/28 00:00:00+00,22,25686,0,1732,1,2,13,2,4,518,1947,8859,7864,6486,1.79,8.15,7.32,4.49,3.45,5.06,337
2020/07/16 00:00:00+00,2022/03/28 00:00:00+00,33,25719,0,1732,4,7,13,3,5,522,1954,8872,7867,6491,1.89,9.37,7.89,4.67,4.23,5.57,338
2020/07/17 00:00:00+00,2022/03/28 00:00:00+00,19,25738,1,1733,0,4,6,5,4,522,1958,8878,7872,6495,1.79,10.06,7.96,4.67,4.86,5.73,339
2020/07/18 00:00:00+00,2022/03/28 00:00:00+00,9,25747,0,1733,0,1,6,1,1,522,1959,8884,7873,6496,1.59,10.06,7.89,4.32,4.71,5.57,340
2020/07/19 00:00:00+00,2022/03/28 00:00:00+00,6,25753,0,1733,1,0,2,3,0,523,1959,8886,7876,6496,1.69,10.06,7.89,4.49,4.71,5.63,341
2020/07/20 00:00:00+00,2022/03/28 00:00:00+00,34,25787,0,1733,1,5,10,16,2,524,1964,8896,7892,6498,1.69,10.41,7.68,5.46,4.71,5.84,342
2020/07/21 00:00:00+00,2022/03/28 00:00:00+00,16,25803,1,1734,1,1,6,4,4,525,1965,8902,7896,6502,1.69,10.06,7.89,5.55,5.18,5.94,343
2020/07/22 00:00:00+00,2022/03/28 00:00:00+00,7,25810,0,1734,0,1,3,1,2,525,1966,8905,7897,6504,1.39,7.81,7.75,5.64,5.33,5.61,344
2020/07/23 00:00:00+00,2022/03/28 00:00:00+00,20,25830,1,1735,3,3,11,1,2,528,1969,8916,7898,6506,1.29,6.42,8.04,5.55,5.49,5.5,345
2020/07/24 00:00:00+00,2022/03/28 00:00:00+00,23,25853,0,1735,1,3,14,5,0,529,1972,8930,7903,6506,1.19,5.9,8.32,5.73,5.18,5.5,346
2020/07/25 00:00:00+00,2022/03/28 00:00:00+00,12,25865,0,1735,2,3,6,1,0,531,1975,8936,7904,6506,1.39,6.25,7.82,5.64,5.02,5.4,347
2020/07/26 00:00:00+00,2022/03/28 00:00:00+00,10,25875,0,1735,1,1,4,3,1,532,1976,8940,7907,6507,1.49,6.07,7.89,5.55,4.86,5.38,348
2020/07/27 00:00:00+00,2022/03/28 00:00:00+00,39,25914,0,1735,4,7,18,8,2,536,1983,8958,7915,6509,1.89,6.94,8.32,5.11,4.39,5.52,349
2020/07/28 00:00:00+00,2022/03/28 00:00:00+00,14,25928,0,1735,3,1,8,1,1,539,1984,8966,7916,6510,2.19,6.77,8.53,4.76,4.39,5.54,350
2021/02/14 00:00:00+00,2022/03/28 00:00:00+00,818,210223,30,4312,137,185,247,173,76,17994,36687,71274,56092,28135,173.96,393.44,294.39,272.69,261.15,271.34,351
2021/02/15 00:00:00+00,2022/03/28 00:00:00+00,740,210963,31,4343,127,171,209,141,92,18121,36858,71483,56233,28227,179.13,400.21,289.27,265.46,250.48,268.59,352
2021/02/16 00:00:00+00,2022/03/28 00:00:00+00,646,211609,23,4366,73,141,200,155,77,18194,36999,71683,56388,28304,176.05,400.38,280.81,255.59,234.8,261.01,353
2021/02/17 00:00:00+00,2022/03/28 00:00:00+00,898,212507,35,4401,110,164,315,199,110,18304,37163,71998,56587,28414,174.76,390.49,273.56,242.29,220.68,252.32,354
2021/02/18 00:00:00+00,2022/03/28 00:00:00+00,761,213268,20,4421,113,184,248,140,76,18417,37347,72246,56727,28490,174.26,394.14,268.29,229.69,208.45,246.46,355
2021/02/19 00:00:00+00,2022/03/28 00:00:00+00,983,214251,29,4450,164,219,301,192,107,18581,37566,72547,56919,28597,179.62,412.35,268.44,229.34,208.29,249.73,356
2021/02/20 00:00:00+00,2022/03/28 00:00:00+00,677,214928,16,4466,119,149,213,134,62,18700,37715,72760,57053,28659,178.63,401.94,260.4,219.56,200.14,242.47,357
2021/02/21 00:00:00+00,2022/03/28 00:00:00+00,682,215610,18,4484,119,123,204,183,53,18819,37838,72964,57236,28712,176.15,398.99,257.63,219.38,190.57,239.44,358
2021/02/22 00:00:00+00,2022/03/28 00:00:00+00,575,216185,20,4504,106,118,166,114,71,18925,37956,73130,57350,28783,179.52,404.02,257.13,217.18,189.16,239.91,359
2021/02/23 00:00:00+00,2022/03/28 00:00:00+00,573,216758,26,4530,79,121,186,126,61,19004,38077,73316,57476,28844,170.78,397.78,247.1,206.7,181.78,230.85,360
2021/02/24 00:00:00+00,2022/03/28 00:00:00+00,608,217366,28,4558,73,132,197,137,68,19077,38209,73513,57613,28912,165.71,395.35,240.28,201.14,177.24,225.54,361
2021/02/25 00:00:00+00,2022/03/28 00:00:00+00,772,218138,12,4570,120,148,247,173,84,19197,38357,73760,57786,28996,164.42,393.96,235.3,198.33,173.32,222.43,362
2021/02/26 00:00:00+00,2022/03/28 00:00:00+00,732,218870,16,4586,151,129,242,149,61,19348,38486,74002,57935,29057,163.13,372.45,228.69,191.81,167.35,215.25,363
2021/02/27 00:00:00+00,2022/03/28 00:00:00+00,602,219472,18,4604,100,123,213,130,36,19448,38609,74215,58065,29093,158.06,365.51,226.7,189.07,162.18,211.41,364
2021/02/28 00:00:00+00,2022/03/28 00:00:00+00,684,220156,11,4615,142,144,198,144,56,19590,38753,74413,58209,29149,158.56,358.4,223.21,186.52,159.04,208.59,365
2021/03/01 00:00:00+00,2022/03/28 00:00:00+00,358,220514,14,4629,61,69,106,84,38,19651,38822,74519,58293,29187,152,340.7,215.89,181.5,150.57,200.57,366
2021/03/02 00:00:00+00,2022/03/28 00:00:00+00,557,221071,14,4643,93,96,188,139,41,19744,38918,74707,58432,29228,153.99,332.9,215.03,180.09,144.93,198.7,367
2021/03/03 00:00:00+00,2022/03/28 00:00:00+00,451,221522,9,4652,73,102,136,101,39,19817,39020,74843,58533,29267,150.32,322.14,202.31,171.45,133.79,189.32,368
2021/03/04 00:00:00+00,2022/03/28 00:00:00+00,518,222040,14,4666,97,72,180,130,39,19914,39092,75023,58663,29306,148.73,302.71,197.47,170.57,127.99,184.21,369
2021/03/05 00:00:00+00,2022/03/28 00:00:00+00,535,222575,7,4673,76,101,191,111,56,19990,39193,75214,58774,29362,139.98,282.24,189.65,163.44,119.99,174.81,370
2021/03/06 00:00:00+00,2022/03/28 00:00:00+00,525,223100,12,4685,107,104,179,88,47,20097,39297,75393,58862,29409,138.79,274.44,187.23,159.38,117.63,171.61,371
2021/03/07 00:00:00+00,2022/03/28 00:00:00+00,433,223533,7,4692,83,80,144,79,47,20180,39377,75537,58941,29456,135.21,266.98,182.96,150.22,116.69,166.38,372
2021/03/08 00:00:00+00,2022/03/28 00:00:00+00,311,223844,15,4707,56,59,85,75,36,20236,39436,75622,59016,29492,130.25,256.74,177.2,146.78,111.2,160.84,373
2021/03/09 00:00:00+00,2022/03/28 00:00:00+00,631,224475,12,4719,115,147,208,124,37,20351,39583,75830,59140,29529,133.82,261.25,178.77,146.61,107.44,162.06,374
2021/03/10 00:00:00+00,2022/03/28 00:00:00+00,590,225065,5,4724,103,114,209,117,47,20454,39697,76039,59257,29576,136.8,258.13,179.62,144.85,104.15,161.68,375
2021/03/11 00:00:00+00,2022/03/28 00:00:00+00,644,225709,4,4728,124,141,210,122,47,20578,39838,76249,59379,29623,137.2,256.92,176.99,140.35,98.34,158.99,376
2021/03/12 00:00:00+00,2022/03/28 00:00:00+00,541,226250,8,4736,110,121,164,95,51,20688,39959,76413,59474,29674,133.13,255.53,171.44,135.59,96.77,154.98,377
2021/03/13 00:00:00+00,2022/03/28 00:00:00+00,381,226631,11,4747,68,74,138,79,22,20756,40033,76551,59553,29696,129.95,247.03,166.11,131.1,94.58,150.34,378
2021/03/14 00:00:00+00,2022/03/28 00:00:00+00,573,227204,8,4755,146,89,183,110,45,20902,40122,76734,59663,29741,130.35,237.49,165.04,128.11,92.85,148.01,379
2021/03/15 00:00:00+00,2022/03/28 00:00:00+00,344,227548,8,4763,70,52,118,56,48,20972,40174,76852,59719,29789,131.24,234.54,165.9,125.64,94.42,147.72,380
2021/03/16 00:00:00+00,2022/03/28 00:00:00+00,557,228105,11,4774,151,84,175,99,48,21123,40258,77027,59818,29837,137,232.46,164.97,122.11,95.52,147.72,381
2021/03/17 00:00:00+00,2022/03/28 00:00:00+00,574,228679,9,4783,135,82,210,115,32,21258,40340,77237,59933,29869,143.16,228.99,170.24,123.35,94.42,150.3,382
2021/03/18 00:00:00+00,2022/03/28 00:00:00+00,503,229182,5,4788,117,66,171,98,51,21375,40406,77408,60031,29920,145.15,227.95,169.6,120.53,96.3,149.98,383
2021/03/19 00:00:00+00,2022/03/28 00:00:00+00,522,229704,5,4793,120,63,172,110,57,21495,40469,77580,60141,29977,149.52,221.35,168.24,120.44,96.46,149.71,384
2021/03/20 00:00:00+00,2022/03/28 00:00:00+00,763,230467,11,4804,181,102,286,127,67,21676,40571,77866,60268,30044,156.87,221.01,175.85,123.88,99.6,154.71,385
2021/03/21 00:00:00+00,2022/03/28 00:00:00+00,519,230986,3,4807,167,68,174,74,36,21843,40639,78040,60342,30080,165.22,218.93,177.99,123.44,97.87,156.51,386
2021/03/22 00:00:00+00,2022/03/28 00:00:00+00,370,231356,1,4808,118,40,122,67,23,21961,40679,78162,60409,30103,171.38,215.63,180.62,122.73,95.83,157.75,387
2021/03/23 00:00:00+00,2022/03/28 00:00:00+00,679,232035,7,4815,168,95,248,121,47,22129,40774,78410,60530,30150,176.64,206.61,183.46,122.47,97.4,158.76,388
2021/03/24 00:00:00+00,2022/03/28 00:00:00+00,603,232638,6,4821,141,82,228,107,45,22270,40856,78638,60637,30195,180.42,201.06,184.81,121.59,97.09,159.03,389
2021/03/25 00:00:00+00,2022/03/28 00:00:00+00,583,233221,10,4831,123,94,204,108,54,22393,40950,78842,60745,30249,180.32,192.9,184.39,120.35,98.19,157.75,390
2021/03/26 00:00:00+00,2022/03/28 00:00:00+00,622,233843,9,4840,147,95,225,125,30,22540,41045,79067,60870,30279,183.99,188.39,188.72,123,94.89,159.45,391
2021/03/27 00:00:00+00,2022/03/28 00:00:00+00,600,234443,6,4846,172,105,185,105,33,22712,41150,79252,60975,30312,194.33,193.77,192.07,125.29,96.62,164.05,392
2021/03/28 00:00:00+00,2022/03/28 00:00:00+00,539,234982,5,4851,149,72,174,111,33,22861,41222,79426,61086,30345,194.62,190.82,191.43,125.37,94.74,163.34,393
2021/03/29 00:00:00+00,2022/03/28 00:00:00+00,365,235347,5,4856,80,53,110,83,39,22941,41275,79536,61169,30384,195.62,191,190.86,127.75,93.32,163.78,394
2021/03/30 00:00:00+00,2022/03/28 00:00:00+00,411,235758,7,4863,91,60,135,94,31,23032,41335,79671,61263,30415,189.66,186.83,188.01,127.31,90.66,160.71,395
2021/03/31 00:00:00+00,2022/03/28 00:00:00+00,749,236507,10,4873,169,111,261,156,52,23201,41446,79932,61419,30467,193.04,191.86,191.64,130.92,93.79,164.39,396
2021/04/01 00:00:00+00,2022/03/28 00:00:00+00,587,237094,6,4879,138,89,195,119,46,23339,41535,80127,61538,30513,195.12,195.85,193.35,132.77,93.01,166.15,397
2021/04/02 00:00:00+00,2022/03/28 00:00:00+00,508,237602,5,4884,117,71,191,101,28,23456,41606,80318,61639,30541,194.82,197.24,194.7,131.98,88.46,165.86,398
2021/04/03 00:00:00+00,2022/03/28 00:00:00+00,453,238055,5,4889,88,86,151,99,29,23544,41692,80469,61738,30570,185.58,194.47,185.1,129.52,82.5,159.35,399
2021/04/04 00:00:00+00,2022/03/28 00:00:00+00,317,238372,3,4892,70,59,117,56,15,23614,41751,80586,61794,30585,175.95,192.9,181.04,127.93,79.21,155.11,400
2021/04/05 00:00:00+00,2022/03/28 00:00:00+00,443,238815,5,4897,117,69,148,83,26,23731,41820,80734,61877,30611,175.85,197.93,182.89,129.34,79.68,156.64,401
2021/04/06 00:00:00+00,2022/03/28 00:00:00+00,419,239234,3,4900,106,72,128,81,32,23837,41892,80862,61958,30643,169.69,193.95,174.36,125.81,77.33,151.18,402
2021/04/07 00:00:00+00,2022/03/28 00:00:00+00,394,239628,5,4905,70,51,162,88,23,23907,41943,81024,62046,30666,162.63,188.57,169.67,124.14,73.87,146.79,403
2021/04/08 00:00:00+00,2022/03/28 00:00:00+00,466,240094,5,4910,105,94,159,84,24,24012,42037,81183,62130,30690,160.85,188.57,166.47,122.03,69.17,144.33,404
2021/04/09 00:00:00+00,2022/03/28 00:00:00+00,455,240549,3,4913,87,97,166,79,26,24099,42134,81349,62209,30716,154.89,188.91,162.27,117.97,68.54,140.83,405
2021/04/10 00:00:00+00,2022/03/28 00:00:00+00,302,240851,2,4915,67,47,111,61,16,24166,42181,81460,62270,30732,144.45,178.85,157.01,114.1,65.88,134.57,406
2021/04/11 00:00:00+00,2022/03/28 00:00:00+00,393,241244,6,4921,82,62,151,78,20,24248,42243,81611,62348,30752,137.8,177.12,155.37,111.19,63.84,131.5,407
2021/04/12 00:00:00+00,2022/03/28 00:00:00+00,355,241599,4,4925,73,59,129,76,18,24321,42302,81740,62424,30770,137.1,178.16,156.72,110.57,60.54,131.29,408
2021/04/13 00:00:00+00,2022/03/28 00:00:00+00,429,242028,4,4929,92,60,150,112,15,24413,42362,81890,62536,30785,137.2,178.16,157.79,112.16,58.03,131.67,409
2021/04/14 00:00:00+00,2022/03/28 00:00:00+00,306,242334,5,4934,62,49,107,65,23,24475,42411,81997,62601,30808,126.57,167.4,146.84,104.14,53.48,122.37,410
2021/04/15 00:00:00+00,2022/03/28 00:00:00+00,419,242753,3,4937,89,75,146,85,24,24564,42486,82143,62686,30832,121.7,164.97,143.36,101.15,50.03,118.84,411
2021/04/16 00:00:00+00,2022/03/28 00:00:00+00,419,243172,2,4939,93,63,154,91,18,24657,42549,82297,62777,30850,119.32,163.59,140.72,100.26,48.47,116.97,412
2021/04/17 00:00:00+00,2022/03/28 00:00:00+00,266,243438,6,4945,53,45,90,64,14,24710,42594,82387,62841,30864,115.84,156.47,136.39,97.18,46.11,113.04,413
2021/04/18 00:00:00+00,2022/03/28 00:00:00+00,399,243837,0,4945,79,85,129,91,15,24789,42679,82516,62932,30879,116.74,160.98,137.24,100.26,46.11,114.77,414
2021/04/19 00:00:00+00,2022/03/28 00:00:00+00,387,244224,2,4947,61,67,131,93,35,24850,42746,82647,63025,30914,111.17,160.64,136.03,101.15,47.52,113.59,415
2021/04/20 00:00:00+00,2022/03/28 00:00:00+00,401,244625,5,4952,88,73,133,82,25,24938,42819,82780,63107,30939,109.38,160.81,136.39,101.23,46.43,113.21,416
2021/04/21 00:00:00+00,2022/03/28 00:00:00+00,612,245237,2,4954,117,111,198,141,45,25055,42930,82978,63248,30984,114.05,171.22,138.95,105.9,49.88,117.79,417
2021/04/22 00:00:00+00,2022/03/28 00:00:00+00,433,245670,3,4957,74,92,155,92,20,25129,43022,83133,63340,31004,110.97,170.87,138.66,106.61,49.25,117.1,418
2021/04/23 00:00:00+00,2022/03/28 00:00:00+00,458,246128,2,4959,115,86,141,98,18,25244,43108,83274,63438,31022,113.75,168.96,136.88,108.28,47.99,117.16,419
2021/04/24 00:00:00+00,2022/03/28 00:00:00+00,424,246552,2,4961,90,84,155,74,21,25334,43192,83429,63512,31043,116.04,175.38,140.01,109.43,48.78,119.72,420
2021/04/25 00:00:00+00,2022/03/28 00:00:00+00,437,246989,4,4965,98,80,154,86,19,25432,43272,83583,63598,31062,117.63,178.51,140.23,110.13,48.62,120.65,421
2021/04/26 00:00:00+00,2022/03/28 00:00:00+00,423,247412,3,4968,97,90,127,92,17,25529,43362,83710,63690,31079,120.01,183.88,140.08,111.54,48.47,122.07,422
2021/04/27 00:00:00+00,2022/03/28 00:00:00+00,369,247781,2,4970,85,77,119,70,18,25614,43439,83829,63760,31097,119.32,186.83,137.88,107.84,48.94,120.81,423
2021/04/28 00:00:00+00,2022/03/28 00:00:00+00,471,248252,2,4972,120,69,148,115,19,25734,43508,83977,63875,31116,125.08,190.3,140.8,112.25,48.31,124.28,424
2021/04/29 00:00:00+00,2022/03/28 00:00:00+00,541,248793,2,4974,114,121,186,100,20,25848,43629,84163,63975,31136,127.56,198.28,143.64,113.57,47.68,126.84,425
2021/04/30 00:00:00+00,2022/03/28 00:00:00+00,569,249362,3,4977,141,125,177,103,23,25989,43754,84340,64078,31159,132.33,209.04,145.28,114.63,48.47,129.99,426
2021/05/01 00:00:00+00,2022/03/28 00:00:00+00,400,249762,2,4979,72,83,161,73,11,26061,43837,84501,64151,31170,134.22,215.63,150.32,115.42,47.99,132.81,427
2021/05/02 00:00:00+00,2022/03/28 00:00:00+00,451,250213,1,4980,131,92,132,81,15,26192,43929,84633,64232,31185,139.39,216.84,150.54,114.54,47.99,133.9,428
2021/05/03 00:00:00+00,2022/03/28 00:00:00+00,375,250588,1,4981,111,63,124,73,4,26303,43992,84757,64305,31189,144.35,216.15,150.04,112.78,43.13,133.65,429
2021/05/04 00:00:00+00,2022/03/28 00:00:00+00,416,251004,2,4983,106,81,117,89,23,26409,44073,84874,64394,31212,146.14,217.54,148.9,113.39,42.82,133.96,430
2021/05/05 00:00:00+00,2022/03/28 00:00:00+00,392,251396,1,4984,96,70,143,67,16,26505,44143,85017,64461,31228,144.06,210.43,144.99,106.87,38.27,129.34,431
2021/05/06 00:00:00+00,2022/03/28 00:00:00+00,427,251823,2,4986,82,60,198,72,15,26587,44203,85215,64533,31243,144.85,204.87,148.05,105.11,37.49,129.21,432
2021/05/07 00:00:00+00,2022/03/28 00:00:00+00,407,252230,3,4989,71,83,159,78,16,26658,44286,85374,64611,31259,140.48,204.35,149.33,103.35,37.17,128.14,433
2021/05/08 00:00:00+00,2022/03/28 00:00:00+00,514,252744,4,4993,141,73,174,112,14,26799,44359,85548,64723,31273,145.55,202.45,150.68,106.7,36.07,130.03,434
2021/05/09 00:00:00+00,2022/03/28 00:00:00+00,381,253125,1,4994,86,68,140,75,12,26885,44427,85688,64798,31285,144.35,200.36,149.68,105.73,34.98,128.86,435
2021/05/10 00:00:00+00,2022/03/28 00:00:00+00,380,253505,0,4994,88,62,142,76,12,26973,44489,85830,64874,31297,143.46,195.51,150.75,104.32,34.19,127.95,436
2021/05/11 00:00:00+00,2022/03/28 00:00:00+00,451,253956,0,4994,111,58,184,84,14,27084,44547,86014,64958,31311,146.04,192.21,155.37,105.55,33.57,129.68,437
2021/05/12 00:00:00+00,2022/03/28 00:00:00+00,467,254423,0,4994,126,82,170,81,8,27210,44629,86184,65039,31319,146.64,194.47,156.94,102.55,31.84,129.59,438
2021/05/13 00:00:00+00,2022/03/28 00:00:00+00,581,255004,1,4995,136,102,210,112,21,27346,44731,86394,65151,31340,148.82,191.17,158.64,103.61,32,130.43,439
2021/05/14 00:00:00+00,2022/03/28 00:00:00+00,475,255479,1,4996,114,86,176,83,16,27460,44817,86570,65234,31356,146.14,184.4,158.57,101.85,30.9,128.46,440
2021/05/15 00:00:00+00,2022/03/28 00:00:00+00,307,255786,2,4998,75,51,106,69,6,27535,44868,86676,65303,31362,146.44,178.85,154.66,101.5,30.11,126.51,441
2021/05/16 00:00:00+00,2022/03/28 00:00:00+00,350,256136,0,4998,83,83,112,61,11,27618,44951,86788,65364,31373,141.67,177.29,153.24,99.74,29.49,124.38,442
2021/05/17 00:00:00+00,2022/03/28 00:00:00+00,350,256486,3,5001,94,67,117,62,10,27712,45018,86905,65426,31383,139.98,177.99,152.74,98.77,30.43,123.86,443
2021/05/18 00:00:00+00,2022/03/28 00:00:00+00,475,256961,3,5004,118,106,155,83,13,27830,45124,87060,65509,31396,141.18,182.32,155.44,98.24,28.86,125.1,444
2021/05/19 00:00:00+00,2022/03/28 00:00:00+00,418,257379,0,5004,115,87,129,77,10,27945,45211,87189,65586,31406,143.06,185.27,154.45,99.12,27.92,125.64,445
2021/05/20 00:00:00+00,2022/03/28 00:00:00+00,521,257900,3,5007,116,143,151,100,11,28061,45354,87340,65686,31417,146.44,199.67,151.11,101.59,27.29,127.62,446
2021/05/21 00:00:00+00,2022/03/28 00:00:00+00,348,258248,1,5008,86,103,95,61,3,28147,45457,87435,65747,31420,147.93,203.14,146.56,100.09,25.25,126.38,447
2021/05/22 00:00:00+00,2022/03/28 00:00:00+00,418,258666,1,5009,83,134,104,90,7,28230,45591,87539,65837,31427,142.17,213.72,141.58,98.15,24.15,124.36,448
2021/05/23 00:00:00+00,2022/03/28 00:00:00+00,317,258983,4,5013,97,72,106,38,4,28327,45663,87645,65875,31431,143.26,214.42,139.16,94.89,22.9,123.02,449
2021/05/24 00:00:00+00,2022/03/28 00:00:00+00,339,259322,1,5014,103,89,84,56,7,28430,45752,87729,65931,31438,144.75,219.1,135.04,93.13,22.12,122.16,450
2021/05/25 00:00:00+00,2022/03/28 00:00:00+00,436,259758,0,5014,125,108,128,70,5,28555,45860,87857,66001,31443,146.14,227.77,131.05,91.89,20.7,121.84,451
2021/05/26 00:00:00+00,2022/03/28 00:00:00+00,415,260173,0,5014,100,129,116,68,2,28655,45989,87973,66069,31445,143.56,235.93,127.21,90.75,19.76,120.75,452
2021/09/08 00:00:00+00,2022/03/28 00:00:00+00,1291,362114,4,5213,410,211,396,199,75,48419,77464,119190,80679,36312,536.39,756.87,431.77,316.92,250.01,441.53,453
2021/09/09 00:00:00+00,2022/03/28 00:00:00+00,1615,363729,4,5217,522,275,442,271,105,48941,77739,119632,80950,36417,548.61,733.63,425.02,313.22,245.62,437.83,454
2021/09/10 00:00:00+00,2022/03/28 00:00:00+00,494,364223,5,5222,158,82,145,77,32,49099,77821,119777,81027,36449,515.72,665.28,389.11,292.16,230.41,404.95,455
2021/09/11 00:00:00+00,2022/03/28 00:00:00+00,1803,366026,5,5227,632,299,491,278,103,49731,78120,120268,81305,36552,542.94,661.63,395.08,291.98,231.19,412.09,456
2021/09/12 00:00:00+00,2022/03/28 00:00:00+00,1380,367406,7,5234,508,219,381,187,85,50239,78339,120649,81492,36637,566.39,663.37,403.69,291.54,233.07,419.94,457
2021/09/13 00:00:00+00,2022/03/28 00:00:00+00,1175,368581,8,5242,384,200,300,181,110,50623,78539,120949,81673,36747,565.89,641.51,393.09,283.52,235.43,412.46,458
2021/09/14 00:00:00+00,2022/03/28 00:00:00+00,1181,369762,6,5248,422,160,304,219,76,51045,78699,121253,81892,36823,565.79,608.2,380.72,275.68,225.23,401.52,459
2021/09/15 00:00:00+00,2022/03/28 00:00:00+00,1411,371173,6,5254,502,208,360,243,98,51547,78907,121613,82135,36921,577.32,580.1,371.62,268.11,213.62,394.51,460
2021/09/16 00:00:00+00,2022/03/28 00:00:00+00,1390,372563,7,5261,423,237,382,235,112,51970,79144,121995,82370,37033,587.95,566.4,369.06,269.07,210.17,394.13,461
2021/09/17 00:00:00+00,2022/03/28 00:00:00+00,1451,374014,6,5267,463,233,394,251,110,52433,79377,122389,82621,37143,592.12,541.07,362.87,265.9,206.72,388.9,462
2021/09/18 00:00:00+00,2022/03/28 00:00:00+00,1224,375238,5,5272,448,177,325,189,85,52881,79554,122714,82810,37228,605.14,529.79,363.65,266.17,201.55,389.89,463
2021/09/19 00:00:00+00,2022/03/28 00:00:00+00,1152,376390,3,5275,356,182,348,190,76,53237,79736,123062,83000,37304,605.83,527.88,365.71,265.99,199.51,390.1,464
2021/09/20 00:00:00+00,2022/03/28 00:00:00+00,1418,377808,2,5277,432,181,388,258,157,53669,79917,123450,83258,37461,609.41,510.71,362.23,267.05,207.35,389.09,465
2021/09/21 00:00:00+00,2022/03/28 00:00:00+00,1433,379241,5,5282,457,210,429,253,83,54126,80127,123879,83511,37544,607.72,498.57,361.59,267.05,205,386.78,466
2021/05/27 00:00:00+00,2022/03/28 00:00:00+00,426,260599,1,5015,96,111,136,74,9,28751,46100,88109,66143,31454,139.59,237.49,121.95,87.4,17.88,117.5,467
2021/09/22 00:00:00+00,2022/03/28 00:00:00+00,1352,380593,8,5290,415,189,397,232,119,54541,80316,124276,83743,37663,608.21,494.75,361.66,269.96,211.9,388.06,468
2021/09/23 00:00:00+00,2022/03/28 00:00:00+00,1161,381754,5,5295,301,194,368,209,89,54842,80510,124644,83952,37752,586.26,480.7,356.4,264.49,209.39,378.53,469
2021/09/24 00:00:00+00,2022/03/28 00:00:00+00,1333,383087,8,5303,365,212,426,220,110,55207,80722,125070,84172,37862,606.82,503.25,376.38,277.09,221.62,396.15,470
2021/09/25 00:00:00+00,2022/03/28 00:00:00+00,1458,384545,10,5313,435,208,427,273,115,55642,80930,125497,84445,37977,587.25,487.46,371.83,276.65,223.51,388.9,471
2021/09/26 00:00:00+00,2022/03/28 00:00:00+00,1046,385591,3,5316,314,144,292,216,80,55956,81074,125789,84661,38057,567.98,474.45,365.5,279.21,222.72,381.89,472
2021/09/27 00:00:00+00,2022/03/28 00:00:00+00,1496,387087,1,5317,355,234,454,295,157,56311,81308,126243,84956,38214,565.1,480.35,376.45,289.25,230.09,388.63,473
2021/09/28 00:00:00+00,2022/03/28 00:00:00+00,1446,388533,7,5324,351,238,417,299,141,56662,81546,126660,85255,38355,558.04,493.88,384.49,296.3,240.29,394.19,474
2021/09/29 00:00:00+00,2022/03/28 00:00:00+00,1268,389801,8,5332,279,204,369,273,143,56941,81750,127029,85528,38498,535.89,493.19,385.13,298.94,247.35,391.19,475
2021/09/30 00:00:00+00,2022/03/28 00:00:00+00,1061,390862,11,5343,223,163,327,237,111,57164,81913,127356,85765,38609,516.02,480.35,381.22,299.12,247.19,384.28,476
2021/10/01 00:00:00+00,2022/03/28 00:00:00+00,1582,392444,9,5352,345,252,491,314,180,57509,82165,127847,86079,38789,504.3,483.65,388.11,304.67,258.17,387.03,477
2021/10/02 00:00:00+00,2022/03/28 00:00:00+00,1050,393494,8,5360,225,154,311,250,110,57734,82319,128158,86329,38899,482.14,479.66,387.12,310.04,262.09,383.38,478
2021/10/03 00:00:00+00,2022/03/28 00:00:00+00,892,394386,9,5369,192,145,257,193,105,57926,82464,128415,86522,39004,465.85,473.24,380.65,310.31,266.64,377.92,479
2021/10/04 00:00:00+00,2022/03/28 00:00:00+00,1124,395510,3,5372,228,168,330,246,152,58154,82632,128745,86768,39156,445.58,470.98,376.52,309.25,265.85,371.75,480
2021/10/05 00:00:00+00,2022/03/28 00:00:00+00,982,396492,3,5375,221,129,266,240,126,58375,82761,129011,87008,39282,422.13,456.93,364.93,308.1,272.6,362.27,481
2021/10/06 00:00:00+00,2022/03/28 00:00:00+00,1203,397695,10,5385,264,182,333,289,135,58639,82943,129344,87297,39417,407.13,455.72,360.38,313.13,275.11,359.14,482
2021/10/07 00:00:00+00,2022/03/28 00:00:00+00,2002,399697,6,5391,404,316,596,426,258,59043,83259,129940,87723,39675,417.37,476.88,376.59,332.25,301.62,376.81,483
2021/10/08 00:00:00+00,2022/03/28 00:00:00+00,1937,401634,8,5399,411,281,593,418,234,59454,83540,130533,88141,39909,421.94,488.85,388.47,349.69,321.06,389.49,484
2021/10/09 00:00:00+00,2022/03/28 00:00:00+00,1383,403017,2,5401,329,157,381,336,180,59783,83697,130914,88477,40089,411.4,480.01,385.2,355.24,331.26,387.92,485
2021/10/10 00:00:00+00,2022/03/28 00:00:00+00,1358,404375,5,5406,262,179,421,347,149,60045,83876,131335,88824,40238,406.24,486.08,394.37,366.78,342.08,394.47,486
2021/10/11 00:00:00+00,2022/03/28 00:00:00+00,1465,405840,10,5416,326,169,424,346,200,60371,84045,131759,89170,40438,403.36,474.8,392.24,371.28,348.83,393.82,487
2021/10/12 00:00:00+00,2022/03/28 00:00:00+00,2063,407903,13,5429,442,266,670,445,240,60813,84311,132429,89615,40678,412.4,479.66,410.23,384.14,364.35,406.77,488
2021/10/13 00:00:00+00,2022/03/28 00:00:00+00,1625,409528,2,5431,322,220,514,375,194,61135,84531,132943,89990,40872,416.67,482.43,420.54,393.13,372.35,414.27,489
2021/10/14 00:00:00+00,2022/03/28 00:00:00+00,1913,411441,7,5438,432,235,570,437,238,61567,84766,133513,90427,41110,437.43,494.92,437.82,410.75,392.27,432.16,490
2021/10/15 00:00:00+00,2022/03/28 00:00:00+00,2180,413621,11,5449,438,247,681,522,292,62005,85013,134194,90949,41402,446.67,494.06,451.33,429.07,409.84,444.72,491
2021/10/16 00:00:00+00,2022/03/28 00:00:00+00,1380,415001,8,5457,309,163,392,327,189,62314,85176,134586,91276,41591,455.02,495.62,457.09,435.86,422.23,451.65,492
2021/10/17 00:00:00+00,2022/03/28 00:00:00+00,1575,416576,7,5464,360,171,447,390,207,62674,85347,135033,91666,41798,471.71,500.13,470.6,453.21,438.23,465.99,493
2021/10/18 00:00:00+00,2022/03/28 00:00:00+00,2397,418973,10,5474,544,284,712,532,325,63218,85631,135745,92198,42123,503.1,520.25,497.76,478.41,465.36,492.73,494
2021/10/19 00:00:00+00,2022/03/28 00:00:00+00,2139,421112,7,5481,467,246,655,517,254,63685,85877,136400,92715,42377,527.54,540.55,525.42,502.82,485.44,517.02,495
2021/10/20 00:00:00+00,2022/03/28 00:00:00+00,2025,423137,8,5489,460,222,641,461,241,64145,86099,137041,93176,42618,547.02,547.49,547.33,517.97,502.06,534.29,496
2021/10/21 00:00:00+00,2022/03/28 00:00:00+00,2459,425596,10,5499,577,295,742,555,290,64722,86394,137783,93731,42908,564.2,543.84,557.71,529.34,507.08,543.88,497
2021/10/22 00:00:00+00,2022/03/28 00:00:00+00,2424,428020,6,5505,577,265,765,543,274,65299,86659,138548,94274,43182,580.7,541.07,569.94,540.35,513.36,554.11,498
2021/10/23 00:00:00+00,2022/03/28 00:00:00+00,1723,429743,5,5510,369,197,502,446,209,65668,86856,139050,94720,43391,584.67,548.01,578.54,550.04,517.91,561.25,499
2021/10/24 00:00:00+00,2022/03/28 00:00:00+00,1844,431587,5,5515,413,195,526,473,237,66081,87051,139576,95193,43628,599.67,550.78,586.01,561.14,531.71,571.46,500
2021/10/25 00:00:00+00,2022/03/28 00:00:00+00,2188,433775,5,5520,562,198,650,528,250,66643,87249,140226,95721,43878,623.12,555.81,602.08,577.18,539.55,586.64,501
2021/10/26 00:00:00+00,2022/03/28 00:00:00+00,1626,435401,11,5531,352,181,473,414,206,66995,87430,140699,96135,44084,614.18,541.07,588.07,574.45,534.22,577.46,502
2021/10/27 00:00:00+00,2022/03/28 00:00:00+00,2602,438003,12,5543,571,262,796,661,311,67566,87692,141495,96796,44395,638.91,548.35,608.12,599.65,552.57,597.98,503
2021/10/28 00:00:00+00,2022/03/28 00:00:00+00,2549,440552,10,5553,518,311,865,564,290,68084,88003,142360,97360,44685,647.46,561.54,629.1,610.84,560.73,611.34,504
2021/10/29 00:00:00+00,2022/03/28 00:00:00+00,2962,443514,7,5560,538,356,1005,731,332,68622,88359,143365,98091,45017,657.39,580.45,652.14,629.25,567,627.76,505
2021/05/28 00:00:00+00,2022/03/28 00:00:00+00,458,261057,2,5017,141,110,128,73,6,28892,46210,88237,66216,31460,142.27,241.65,118.54,86.52,16.31,117.14,506
2021/05/29 00:00:00+00,2022/03/28 00:00:00+00,368,261425,2,5019,105,74,116,66,7,28997,46284,88353,66282,31467,145.25,245.64,119.25,86.26,16.47,118.42,507
2021/05/30 00:00:00+00,2022/03/28 00:00:00+00,362,261787,1,5020,89,76,113,77,7,29086,46360,88466,66359,31474,145.84,244.43,119.32,87.66,15.84,118.67,508
2021/05/31 00:00:00+00,2022/03/28 00:00:00+00,315,262102,1,5021,80,70,114,48,3,29166,46430,88580,66407,31477,144.45,244.95,119.11,86.43,14.74,117.94,509
2021/06/01 00:00:00+00,2022/03/28 00:00:00+00,392,262494,1,5022,110,75,123,74,10,29276,46505,88703,66481,31487,143.66,239.57,116.83,85.64,14.27,116.19,510
2021/06/02 00:00:00+00,2022/03/28 00:00:00+00,478,262972,0,5022,133,96,149,92,8,29409,46601,88852,66573,31495,145.45,241.13,118.25,86.96,13.96,117.45,511
2021/06/03 00:00:00+00,2022/03/28 00:00:00+00,499,263471,2,5024,142,127,166,61,3,29551,46728,89018,66634,31498,148.03,238.35,119.32,83.52,12.7,116.99,512
2021/06/04 00:00:00+00,2022/03/28 00:00:00+00,395,263866,0,5024,104,102,124,50,15,29655,46830,89142,66684,31513,149.82,238.18,121.38,82.55,14.59,117.98,513
2021/06/05 00:00:00+00,2022/03/28 00:00:00+00,308,264174,1,5025,81,80,96,44,7,29736,46910,89238,66728,31520,149.62,228.81,120.81,78.5,14.59,115.67,514
2021/06/06 00:00:00+00,2022/03/28 00:00:00+00,362,264536,0,5025,93,85,107,67,10,29829,46995,89345,66795,31530,149.22,231.07,120.89,81.06,15.53,116.61,515
2021/06/07 00:00:00+00,2022/03/28 00:00:00+00,253,264789,0,5025,57,71,80,39,6,29886,47066,89425,66834,31536,144.65,227.95,120.6,79.56,15.37,114.81,516
2021/06/08 00:00:00+00,2022/03/28 00:00:00+00,260,265049,0,5025,58,69,89,35,9,29944,47135,89514,66869,31545,138,221.18,117.83,76.48,16,111.11,517
2021/06/09 00:00:00+00,2022/03/28 00:00:00+00,366,265415,0,5025,81,102,134,40,9,30025,47237,89648,66909,31554,136.11,216.5,119.11,74.01,17.1,110.08,518
2021/06/10 00:00:00+00,2022/03/28 00:00:00+00,279,265694,0,5025,55,80,104,36,3,30080,47317,89752,66945,31557,132.03,211.12,116.83,70.66,16.16,107,519
2021/06/11 00:00:00+00,2022/03/28 00:00:00+00,368,266062,2,5027,81,107,119,51,10,30161,47424,89871,66996,31567,126.07,210.6,116.19,68.72,16.78,105.11,520
2021/06/12 00:00:00+00,2022/03/28 00:00:00+00,306,266368,0,5027,50,95,111,42,8,30211,47519,89982,67038,31575,120.61,214.24,115.84,66.61,16.94,103.8,521
2021/06/13 00:00:00+00,2022/03/28 00:00:00+00,242,266610,0,5027,47,85,78,30,2,30258,47604,90060,67068,31577,116.44,215.8,113.35,62.47,16.16,101.28,522
2021/06/14 00:00:00+00,2022/03/28 00:00:00+00,259,266869,1,5028,67,60,92,32,8,30325,47664,90152,67100,31585,115.15,214.07,111.78,61.06,16.94,100.11,523
2021/06/15 00:00:00+00,2022/03/28 00:00:00+00,316,267185,2,5030,58,88,125,43,2,30383,47752,90277,67143,31587,109.98,216.32,111.93,58.33,15.68,98.51,524
2021/06/16 00:00:00+00,2022/03/28 00:00:00+00,350,267535,1,5031,76,93,121,51,9,30459,47845,90398,67194,31596,104.32,215.8,109.93,54.71,15.84,95.82,525
2021/06/17 00:00:00+00,2022/03/28 00:00:00+00,323,267858,2,5033,51,104,121,41,6,30510,47949,90519,67235,31602,95.28,211.81,106.73,52.95,16.31,92.13,526
2021/06/18 00:00:00+00,2022/03/28 00:00:00+00,327,268185,0,5033,65,99,115,37,11,30575,48048,90634,67272,31613,91.4,211.29,106.09,51.81,15.68,90.7,527
2021/06/19 00:00:00+00,2022/03/28 00:00:00+00,253,268438,1,5034,56,71,90,34,2,30631,48119,90724,67306,31615,88.92,209.73,105.67,50.92,14.9,89.54,528
2021/06/20 00:00:00+00,2022/03/28 00:00:00+00,204,268642,1,5035,42,47,80,29,6,30673,48166,90804,67335,31621,83.85,203.14,103.75,47.58,14.27,86.23,529
2021/06/21 00:00:00+00,2022/03/28 00:00:00+00,293,268935,1,5036,69,61,102,47,14,30742,48227,90906,67382,31635,85.04,201.4,105.31,48.28,15.53,87.07,530
2021/06/22 00:00:00+00,2022/03/28 00:00:00+00,338,269273,0,5036,68,92,122,45,11,30810,48319,91028,67427,31646,86.04,205.39,107.66,49.16,15.84,88.7,531
2021/06/23 00:00:00+00,2022/03/28 00:00:00+00,284,269557,0,5036,51,98,92,38,5,30861,48417,91120,67465,31651,83.06,204.7,104.67,48.99,15.21,86.98,532
2021/06/24 00:00:00+00,2022/03/28 00:00:00+00,344,269901,0,5036,65,112,113,42,12,30926,48529,91233,67507,31663,84.05,210.25,105.31,49.52,16.63,88.35,533
2021/06/25 00:00:00+00,2022/03/28 00:00:00+00,403,270304,3,5039,94,94,147,58,10,31020,48623,91380,67565,31673,85.34,208,107.3,50.13,16.63,89.08,534
2021/06/26 00:00:00+00,2022/03/28 00:00:00+00,355,270659,0,5039,80,92,115,60,8,31100,48715,91495,67625,31681,88.32,207.48,107.59,51.72,16.63,90.11,535
2021/06/27 00:00:00+00,2022/03/28 00:00:00+00,283,270942,1,5040,59,78,92,49,5,31159,48793,91587,67674,31686,89.51,206.26,108.58,53.39,17.1,90.97,536
2021/06/28 00:00:00+00,2022/03/28 00:00:00+00,351,271293,0,5040,82,88,107,65,9,31241,48881,91694,67739,31695,91,211.12,109.65,56.3,17.25,92.9,537
2021/06/29 00:00:00+00,2022/03/28 00:00:00+00,413,271706,0,5040,98,115,143,49,8,31339,48996,91837,67788,31703,94.98,215.8,110.93,56.83,18.19,94.94,538
2021/06/30 00:00:00+00,2022/03/28 00:00:00+00,430,272136,2,5042,75,131,161,49,14,31414,49127,91998,67837,31717,94.88,222.39,113.77,56.65,18.98,96.62,539
2021/07/01 00:00:00+00,2022/03/28 00:00:00+00,510,272646,0,5042,97,171,169,59,13,31511,49298,92167,67896,31730,99.45,234.02,117.19,58.24,20.08,100.55,540
2021/07/02 00:00:00+00,2022/03/28 00:00:00+00,513,273159,1,5043,99,181,168,55,10,31610,49479,92335,67951,31740,102.83,248.24,120.96,59.82,19.92,104.45,541
2021/07/03 00:00:00+00,2022/03/28 00:00:00+00,466,273625,1,5044,112,141,150,51,12,31722,49620,92485,68002,31752,108.39,260.39,125.22,61.32,21.49,108.93,542
2021/07/04 00:00:00+00,2022/03/28 00:00:00+00,370,273995,0,5044,82,125,122,35,6,31804,49745,92607,68037,31758,112.36,273.92,128.21,61.85,21.49,112.41,543
2021/07/05 00:00:00+00,2022/03/28 00:00:00+00,372,274367,0,5044,68,124,113,56,10,31872,49869,92720,68093,31768,112.26,284.85,128.99,62.64,20.86,114.07,544
2021/07/06 00:00:00+00,2022/03/28 00:00:00+00,579,274946,0,5044,120,185,185,72,17,31992,50054,92905,68165,31785,117.43,300.98,133.47,65.02,21.8,119.13,545
2021/07/07 00:00:00+00,2022/03/28 00:00:00+00,500,275446,0,5044,83,165,181,53,18,32075,50219,93086,68218,31803,120.61,312.6,139.8,66.34,23.84,123.67,546
2021/07/08 00:00:00+00,2022/03/28 00:00:00+00,601,276047,0,5044,111,231,186,61,12,32186,50450,93272,68279,31815,125.18,333.25,144.99,68.02,23.84,129.07,547
2021/07/09 00:00:00+00,2022/03/28 00:00:00+00,589,276636,0,5044,78,231,217,48,15,32264,50681,93489,68327,31830,123.59,357.01,149.97,67.14,24.62,132.97,548
2021/07/10 00:00:00+00,2022/03/28 00:00:00+00,481,277117,1,5045,66,189,169,51,6,32330,50870,93658,68378,31836,122.2,373.84,153.81,66.34,24.31,135.62,549
2021/07/11 00:00:00+00,2022/03/28 00:00:00+00,540,277657,0,5045,75,254,139,53,19,32405,51124,93797,68431,31855,123.79,404.37,157.15,66.7,26.51,141.02,550
2021/07/12 00:00:00+00,2022/03/28 00:00:00+00,447,278104,0,5045,74,197,125,35,15,32479,51321,93922,68466,31870,122.99,423.28,158.43,64.05,27.45,143.03,551
2021/07/13 00:00:00+00,2022/03/28 00:00:00+00,807,278911,0,5045,88,349,271,70,29,32567,51670,94193,68536,31899,122,463.87,167.53,65.9,30.74,151.31,552
2021/07/14 00:00:00+00,2022/03/28 00:00:00+00,925,279836,2,5047,102,380,339,75,29,32669,52050,94532,68611,31928,124.68,507.07,180.19,68.19,33.09,161.7,553
2021/07/15 00:00:00+00,2022/03/28 00:00:00+00,1150,280986,1,5048,142,488,372,126,22,32811,52538,94904,68737,31950,129.15,562.06,194.63,74.1,34.51,175.14,554
2021/07/16 00:00:00+00,2022/03/28 00:00:00+00,1286,282272,2,5050,132,551,423,135,45,32943,53089,95327,68872,31995,132.43,626.24,212.76,81.15,40,191.37,555
2021/07/17 00:00:00+00,2022/03/28 00:00:00+00,1151,283423,1,5051,138,485,379,121,27,33081,53574,95706,68993,32022,135.02,685.92,229.04,87.31,42.35,205.76,556
2021/10/30 00:00:00+00,2022/03/28 00:00:00+00,1958,445472,11,5571,381,273,676,452,176,69003,88632,144041,98543,45193,664.55,599.53,672.34,640.26,564.96,639.9,557
2021/10/31 00:00:00+00,2022/03/28 00:00:00+00,2852,448324,7,5578,567,422,962,619,282,69570,89054,145003,99162,45475,685.11,643.07,708.96,660.44,576.72,666.71,558
2021/11/01 00:00:00+00,2022/03/28 00:00:00+00,3721,452045,18,5596,768,511,1223,843,376,70338,89565,146226,100005,45851,707.37,682.45,745.29,687.84,584.72,694.52,559
2021/11/02 00:00:00+00,2022/03/28 00:00:00+00,1259,453304,12,5608,221,163,450,305,120,70559,89728,146676,100310,45971,682.93,668.05,730.72,669.16,563.71,676.04,560
2021/11/03 00:00:00+00,2022/03/28 00:00:00+00,4351,457655,12,5620,868,618,1417,1035,413,71427,90346,148093,101345,46384,723.46,736.75,785.9,719.73,590.68,724.88,561
2021/11/04 00:00:00+00,2022/03/28 00:00:00+00,4510,462165,9,5629,880,765,1488,992,384,72307,91111,149581,102337,46768,753.56,818.28,838.94,758.24,605.43,767.96,562
2021/11/05 00:00:00+00,2022/03/28 00:00:00+00,5256,467421,12,5641,1002,886,1697,1214,457,73309,91997,151278,103551,47225,795.79,926.01,905.22,817.35,634.13,827.43,563
2021/11/06 00:00:00+00,2022/03/28 00:00:00+00,3034,470455,5,5646,631,489,965,668,281,73940,92486,152243,104219,47506,821.82,976.66,938.14,836.91,645.42,854.96,564
2021/11/07 00:00:00+00,2022/03/28 00:00:00+00,3727,474182,6,5652,781,639,1159,873,275,74721,93125,153402,105092,47781,858.38,1053.69,983.15,872.16,651.38,894.5,565
2021/11/08 00:00:00+00,2022/03/28 00:00:00+00,3571,477753,6,5658,764,580,1111,804,312,75485,93705,154513,105896,48093,878.44,1119.95,1015.93,896.47,661.11,923.55,566
2021/11/09 00:00:00+00,2022/03/28 00:00:00+00,2971,480724,3,5661,657,396,909,735,274,76142,94101,155422,106631,48367,908.75,1157.25,1046.94,924.76,671.77,951.79,567
2021/11/10 00:00:00+00,2022/03/28 00:00:00+00,3673,484397,8,5669,790,560,1119,852,352,76932,94661,156541,107483,48719,930.5,1208.95,1069.91,941.58,678.2,974.28,568
2021/11/11 00:00:00+00,2022/03/28 00:00:00+00,5477,489874,8,5677,1199,779,1806,1199,494,78131,95440,158347,108682,49213,998.16,1290.13,1136.82,997.53,710.2,1035.77,569
2021/11/12 00:00:00+00,2022/03/28 00:00:00+00,4636,494510,12,5689,1038,631,1543,1058,366,79169,96071,159890,109740,49579,1047.83,1337.84,1175.08,1026.34,715.53,1070.92,570
2021/11/13 00:00:00+00,2022/03/28 00:00:00+00,3802,498312,5,5694,812,519,1285,883,303,79981,96590,161175,110623,49882,1090.65,1380.51,1218.38,1064.31,735.45,1109.65,571
2021/11/14 00:00:00+00,2022/03/28 00:00:00+00,4569,502881,8,5702,1066,628,1485,1048,342,81047,97218,162660,111671,50224,1140.23,1416.25,1255.57,1102.11,744.86,1145.71,572
2021/11/15 00:00:00+00,2022/03/28 00:00:00+00,4401,507282,6,5708,995,591,1409,1016,389,82042,97809,164069,112687,50613,1162.78,1430.13,1268.8,1117.35,746.9,1159.99,573
2021/11/16 00:00:00+00,2022/03/28 00:00:00+00,3630,510912,8,5716,948,407,1154,803,318,82990,98216,165223,113490,50931,1235.01,1472.46,1318.86,1161.23,777.96,1209.78,574
2021/11/17 00:00:00+00,2022/03/28 00:00:00+00,4645,515557,9,5725,1176,554,1491,1019,405,84166,98770,166714,114509,51336,1265.61,1461.35,1324.12,1159.82,776.7,1215.95,575
2021/11/18 00:00:00+00,2022/03/28 00:00:00+00,3137,518694,2,5727,801,420,1018,669,229,84967,99190,167732,115178,51565,1257.76,1401.5,1290.7,1131.36,752.39,1187.12,576
2021/11/19 00:00:00+00,2022/03/28 00:00:00+00,5953,524647,12,5739,1366,769,1991,1350,477,86333,99959,169723,116528,52042,1293.92,1381.21,1311.61,1143.34,755.53,1201.76,577
2021/11/20 00:00:00+00,2022/03/28 00:00:00+00,4176,528823,3,5742,1090,510,1366,931,279,87423,100469,171089,117459,52321,1339.52,1384.85,1340.12,1166.52,755.21,1225.74,578
2021/11/21 00:00:00+00,2022/03/28 00:00:00+00,5626,534449,10,5752,1405,724,1879,1193,425,88828,101193,172968,118652,52746,1401.52,1399.6,1391.32,1194.71,778.74,1265.62,579
2021/11/22 00:00:00+00,2022/03/28 00:00:00+00,3658,538107,13,5765,851,465,1220,822,295,89679,101658,174188,119474,53041,1410.16,1379.65,1399.07,1196.3,776.08,1267.44,580
2021/11/23 00:00:00+00,2022/03/28 00:00:00+00,3885,541992,11,5776,1092,487,1208,814,279,90771,102145,175396,120288,53320,1453.38,1395.43,1420.33,1203.26,776.86,1286.64,581
2021/11/24 00:00:00+00,2022/03/28 00:00:00+00,4762,546754,8,5784,1327,594,1437,1059,345,92098,102739,176833,121347,53665,1506.73,1401.33,1442.94,1221.49,775.76,1309.51,582
2021/11/25 00:00:00+00,2022/03/28 00:00:00+00,4613,551367,13,5797,1317,619,1432,939,306,93415,103358,178265,122286,53971,1518.45,1373.57,1416.35,1198.59,746.27,1291.36,583
2021/11/26 00:00:00+00,2022/03/28 00:00:00+00,4782,556149,4,5801,1248,662,1570,990,310,94663,104020,179835,123276,54281,1539.31,1378.95,1418.27,1192.6,737.49,1294.43,584
2021/11/27 00:00:00+00,2022/03/28 00:00:00+00,3729,559878,14,5815,1036,478,1229,753,232,95699,104498,181064,124029,54513,1561.57,1371.84,1414.29,1181.14,726.36,1292.9,585
2021/11/28 00:00:00+00,2022/03/28 00:00:00+00,4598,564476,16,5831,1331,558,1429,987,292,97030,105056,182493,125016,54805,1587.9,1359.7,1410.31,1175.77,718.51,1293.51,586
2021/11/29 00:00:00+00,2022/03/28 00:00:00+00,5462,569938,5,5836,1510,672,1812,1141,324,98540,105728,184305,126157,55129,1639.06,1373.75,1438.96,1186.78,708.32,1315.79,587
2021/11/30 00:00:00+00,2022/03/28 00:00:00+00,3775,573713,12,5848,1097,415,1222,829,211,99637,106143,185527,126986,55340,1653.86,1375.14,1443.8,1189.07,691.54,1318.83,588
2021/12/01 00:00:00+00,2022/03/28 00:00:00+00,4148,577861,10,5858,1201,488,1336,876,247,100838,106631,186863,127862,55587,1656.35,1363.69,1432.78,1176.47,666.75,1308.39,589
2021/12/02 00:00:00+00,2022/03/28 00:00:00+00,5407,583268,6,5864,1716,659,1694,1037,301,102554,107290,188557,128899,55888,1747.25,1405.15,1480.85,1208.9,678.05,1356.07,590
2021/12/03 00:00:00+00,2022/03/28 00:00:00+00,5612,588880,14,5878,1623,657,1905,1159,267,104177,107947,190462,130058,56155,1772.78,1385.72,1474.73,1192.07,645.11,1348.9,591
2021/12/04 00:00:00+00,2022/03/28 00:00:00+00,5145,594025,8,5886,1416,609,1796,1074,250,105593,108556,192258,131132,56405,1805.17,1402.89,1505.31,1204.67,640.56,1369.25,592
2021/12/05 00:00:00+00,2022/03/28 00:00:00+00,2947,596972,8,5894,790,377,1037,610,133,106383,108933,193295,131742,56538,1744.07,1342.7,1445.43,1153.3,594.76,1312.99,593
2021/12/06 00:00:00+00,2022/03/28 00:00:00+00,5570,602542,8,5902,1522,687,1862,1229,269,107905,109620,195157,132971,56807,1810.74,1381.21,1491.09,1189.16,590.68,1353.15,594
2021/12/07 00:00:00+00,2022/03/28 00:00:00+00,4141,606683,5,5907,1222,436,1424,890,169,109127,110056,196581,133861,56976,1823.65,1372.36,1506.44,1195.86,573.43,1358.52,595
2021/12/08 00:00:00+00,2022/03/28 00:00:00+00,4007,610690,5,5912,1120,491,1419,809,168,110247,110547,198000,134670,57144,1803.09,1354.49,1505.17,1173.83,545.67,1342.67,596
2021/12/09 00:00:00+00,2022/03/28 00:00:00+00,4098,614788,6,5918,1085,439,1589,813,171,111332,110986,199589,135483,57315,1780.04,1323.27,1516.33,1162.73,524.49,1331.85,597
2021/12/10 00:00:00+00,2022/03/28 00:00:00+00,3992,618780,10,5928,1032,480,1495,831,154,112364,111466,201084,136314,57469,1758.58,1291.69,1511,1148.72,500.03,1315.26,598
2021/12/11 00:00:00+00,2022/03/28 00:00:00+00,4662,623442,10,5938,1232,601,1711,937,181,113596,112067,202795,137251,57650,1778.05,1313.03,1545.27,1164.93,492.03,1334.86,599
2021/12/12 00:00:00+00,2022/03/28 00:00:00+00,4678,628120,10,5948,1173,675,1631,998,201,114769,112742,204426,138249,57851,1762.35,1333.33,1559.63,1165.9,477.75,1336.54,600
2021/12/13 00:00:00+00,2022/03/28 00:00:00+00,3879,631999,9,5957,967,517,1438,763,194,115736,113259,205864,139012,58045,1708.41,1306.44,1533.04,1132.6,457.36,1303.29,601
2021/12/14 00:00:00+00,2022/03/28 00:00:00+00,4228,636227,7,5964,977,595,1596,895,165,116713,113854,207460,139907,58210,1696.48,1337.67,1559.63,1138.41,450.15,1312.8,602
2021/12/15 00:00:00+00,2022/03/28 00:00:00+00,4132,640359,12,5976,864,648,1662,797,161,117577,114502,209122,140704,58371,1663,1365.42,1582.82,1131.45,436.66,1312.47,603
2021/12/16 00:00:00+00,2022/03/28 00:00:00+00,3622,643981,8,5984,718,590,1526,667,121,118295,115092,210648,141371,58492,1563.85,1353.45,1570.87,1098.85,408.43,1274.98,604
2021/12/17 00:00:00+00,2022/03/28 00:00:00+00,7319,651300,10,5994,1264,1232,3140,1435,248,119559,116324,213788,142806,58740,1528.19,1453.2,1658.69,1123.17,405.45,1310.83,605
2021/12/18 00:00:00+00,2022/03/28 00:00:00+00,5122,656422,4,5998,974,868,2121,982,177,120533,117192,215909,143788,58917,1484.28,1498.13,1681.8,1115.06,394,1310.35,606
2021/12/19 00:00:00+00,2022/03/28 00:00:00+00,4789,661211,4,6002,977,816,1916,911,169,121510,118008,217825,144699,59086,1502.85,1574.29,1744.3,1141.58,399.64,1349.03,607
2021/12/20 00:00:00+00,2022/03/28 00:00:00+00,5267,666478,6,6008,1024,956,2104,1018,165,122534,118964,219929,145717,59251,1453.38,1620.95,1761.51,1122.99,383.33,1342.67,608
2022/02/11 00:00:00+00,2022/03/28 00:00:00+00,6042,1237328,8,6477,919,642,2334,1715,431,224474,222461,435370,264541,90383,1742.58,2001.73,2355.49,1921.76,947.82,1891.34,609
2022/02/12 00:00:00+00,2022/03/28 00:00:00+00,3144,1240472,5,6482,535,317,1185,865,242,225009,222778,436555,265406,90625,1305.55,1761.64,1887.38,1589.25,754.12,1526.46,610
2022/02/13 00:00:00+00,2022/03/28 00:00:00+00,4668,1245140,2,6484,819,434,1618,1384,413,225828,223212,438173,266790,91038,1303.76,1769.62,1914.47,1640.35,787.84,1551.74,611
2022/02/14 00:00:00+00,2022/03/28 00:00:00+00,4156,1249296,7,6491,712,392,1449,1188,415,226540,223604,439622,267978,91453,1204.11,1674.55,1827.36,1588.72,777.8,1479.8,612
2022/02/15 00:00:00+00,2022/03/28 00:00:00+00,5264,1254560,8,6499,858,486,1918,1523,479,227398,224090,441540,269501,91932,1178.38,1622.34,1831.2,1622.11,795.84,1479.53,613
2022/02/16 00:00:00+00,2022/03/28 00:00:00+00,5030,1259590,3,6502,796,491,1849,1344,548,228194,224581,443389,270845,92480,1185.83,1579.84,1858.22,1662.81,844.15,1500.15,614
2022/02/17 00:00:00+00,2022/03/28 00:00:00+00,4813,1264403,5,6507,766,450,1765,1375,457,228960,225031,445154,272220,92937,1179.97,1521.38,1857.79,1691.45,877.08,1502.94,615
2022/02/18 00:00:00+00,2022/03/28 00:00:00+00,4849,1269252,8,6515,740,447,1819,1354,489,229700,225478,446973,273574,93426,1112.61,1344.95,1750.14,1628.37,873.95,1420.07,616
2022/02/19 00:00:00+00,2022/03/28 00:00:00+00,3350,1272602,5,6520,572,271,1154,1022,331,230272,225749,448127,274596,93757,1132.28,1327.08,1768.48,1666.43,902.81,1440.42,617
2022/02/20 00:00:00+00,2022/03/28 00:00:00+00,3472,1276074,7,6527,585,244,1217,1104,322,230857,225993,449344,275700,94079,1080.72,1205.3,1705.83,1632.77,888.22,1386.31,618
2022/02/21 00:00:00+00,2022/03/28 00:00:00+00,3280,1279354,5,6532,495,226,1158,1006,395,231352,226219,450502,276706,94474,1052.7,1134.53,1670.42,1612.07,888.06,1356.4,619
2022/02/22 00:00:00+00,2022/03/28 00:00:00+00,4151,1283505,8,6540,631,288,1452,1323,457,231983,226507,451954,278029,94931,1076.75,1110.59,1701.57,1670.22,926.96,1386.85,620
2022/02/23 00:00:00+00,2022/03/28 00:00:00+00,3757,1287262,5,6545,542,286,1355,1092,482,232525,226793,453309,279121,95413,1029.26,1032.18,1661.46,1634.45,946.41,1349.56,621
2022/02/24 00:00:00+00,2022/03/28 00:00:00+00,4333,1291595,7,6552,592,340,1602,1312,487,233117,227133,454911,280433,95900,949.98,921.85,1555.51,1551.27,932.92,1266.5,622
2022/02/25 00:00:00+00,2022/03/28 00:00:00+00,3631,1295226,5,6557,483,297,1291,1152,408,233600,227430,456202,281585,96308,906.66,862,1481.34,1501.67,929.31,1215.87,623
2022/02/26 00:00:00+00,2022/03/28 00:00:00+00,2338,1297564,3,6560,368,170,749,751,300,233968,227600,456951,282336,96608,890.07,836.5,1450.34,1491.63,938.41,1198.94,624
2022/02/27 00:00:00+00,2022/03/28 00:00:00+00,2274,1299838,2,6562,340,164,735,784,250,234308,227764,457686,283120,96858,842.48,789.66,1387.55,1438.76,912.85,1148.67,625
2022/02/28 00:00:00+00,2022/03/28 00:00:00+00,3297,1303135,6,6568,426,259,1135,1034,443,234734,228023,458821,284154,97301,814.07,766.59,1365.22,1425.19,917.24,1130.63,626
2022/03/01 00:00:00+00,2022/03/28 00:00:00+00,3338,1306473,7,6575,409,291,1146,1068,424,235143,228314,459967,285222,97725,769.46,732.76,1310.33,1385.11,908.61,1090.18,627
2022/03/02 00:00:00+00,2022/03/28 00:00:00+00,4036,1310509,4,6579,515,460,1477,1053,531,235658,228774,461444,286275,98256,741.54,727.38,1283.87,1359.47,905.94,1069.31,628
2022/03/03 00:00:00+00,2022/03/28 00:00:00+00,4035,1314544,5,6584,484,422,1607,1046,476,236142,229196,463051,287321,98732,713.52,722.52,1272.64,1330.48,908.92,1052.97,629
2022/03/04 00:00:00+00,2022/03/28 00:00:00+00,3902,1318446,8,6592,501,409,1483,1025,483,236643,229605,464534,288346,99215,689.78,715.93,1248.75,1301.49,907.98,1033.08,630
2022/03/05 00:00:00+00,2022/03/28 00:00:00+00,1253,1319699,4,6596,174,113,432,364,170,236817,229718,464966,288710,99385,650.24,688.52,1197.41,1243.52,882.73,989.05,631
2022/03/06 00:00:00+00,2022/03/28 00:00:00+00,2382,1322081,4,6600,397,245,860,618,262,237214,229963,465826,289328,99647,631.56,688.7,1172.02,1200.7,873.32,966.16,632
2022/03/07 00:00:00+00,2022/03/28 00:00:00+00,4417,1326498,7,6607,672,425,1576,1146,598,237886,230388,467402,290474,100245,649.15,723.22,1201.74,1213.04,905.16,990.03,633
2022/03/08 00:00:00+00,2022/03/28 00:00:00+00,1712,1328210,5,6612,248,157,603,477,226,238134,230545,468005,290951,100471,611.1,700.49,1141.37,1138.5,868.93,938.81,634
2022/03/09 00:00:00+00,2022/03/28 00:00:00+00,4064,1332274,5,6617,698,391,1498,1036,441,238832,230936,469503,291987,100912,626.59,718.71,1151.54,1133.57,862.5,945.26,635
2022/03/10 00:00:00+00,2022/03/28 00:00:00+00,9182,1341456,11,6628,1355,883,3416,2524,1004,240187,231819,472919,294511,101916,702.4,812.9,1280.53,1240.35,943.59,1047.09,636
2022/03/11 00:00:00+00,2022/03/28 00:00:00+00,4396,1345852,5,6633,594,405,1656,1234,507,240781,232224,474575,295745,102423,713.43,831.64,1306.49,1247.57,959.11,1063.15,637
2022/03/12 00:00:00+00,2022/03/28 00:00:00+00,5472,1351324,3,6636,964,519,1998,1423,568,241745,232743,476573,297168,102991,772.64,892.18,1395.3,1306.78,1001.15,1128.97,638
2022/03/13 00:00:00+00,2022/03/28 00:00:00+00,2098,1353422,4,6640,382,194,725,546,250,242127,232937,477298,297714,103241,776.81,897.39,1394.59,1285.81,1001.15,1125.27,639
2022/03/14 00:00:00+00,2022/03/28 00:00:00+00,6288,1359710,3,6643,1026,544,2192,1755,769,243153,233481,479490,299469,104010,836.42,946.83,1469.75,1349.34,1052.28,1188.08,640
2022/03/15 00:00:00+00,2022/03/28 00:00:00+00,5447,1365157,5,6648,873,435,1925,1473,741,244026,233916,481415,300942,104751,882.52,971.81,1525.15,1385.02,1102,1232.37,641
2022/03/16 00:00:00+00,2022/03/28 00:00:00+00,5230,1370387,3,6651,883,393,1838,1430,686,244909,234309,483253,302372,105437,919.08,960.18,1550.82,1418.23,1126.31,1257.45,642
2022/03/17 00:00:00+00,2022/03/28 00:00:00+00,5626,1376013,6,6657,848,386,2051,1611,728,245757,234695,485304,303983,106165,955.24,953.94,1582.39,1468.01,1165.84,1290.86,643
2022/03/18 00:00:00+00,2022/03/28 00:00:00+00,4785,1380798,7,6664,795,385,1815,1295,495,246552,235080,487119,305278,106660,984.45,949.78,1606,1491.8,1167.72,1309.4,644
2022/03/19 00:00:00+00,2022/03/28 00:00:00+00,5067,1385865,1,6665,892,369,1836,1423,547,247444,235449,488955,306701,107207,1055.78,994.19,1705.83,1585.11,1226.85,1389.5,645
2022/03/20 00:00:00+00,2022/03/28 00:00:00+00,4023,1389888,6,6671,651,292,1419,1191,469,248095,235741,490374,307892,107676,1081.02,1002.34,1745.58,1635.59,1259.32,1423.96,646
2022/03/21 00:00:00+00,2022/03/28 00:00:00+00,7727,1397615,5,6676,1072,650,2825,2218,962,249167,236391,493199,310110,108638,1120.76,1041.37,1834.4,1730.04,1316.41,1493.47,647
2022/03/22 00:00:00+00,2022/03/28 00:00:00+00,7042,1404657,9,6685,828,582,2710,2003,919,249995,236973,495909,312113,109557,1178.38,1115.1,1984.23,1864.49,1425.11,1605.4,648
2022/03/23 00:00:00+00,2022/03/28 00:00:00+00,8911,1413568,3,6688,954,856,3466,2594,1040,250949,237829,499375,314707,110597,1203.81,1195.76,2124.17,2001.76,1519.06,1707.19,649
2022/03/24 00:00:00+00,2022/03/28 00:00:00+00,9325,1422893,3,6691,988,883,3591,2736,1126,251937,238712,502966,317443,111723,1167.35,1195.76,2136.61,2020.44,1538.19,1710.19,650
2022/03/25 00:00:00+00,2022/03/28 00:00:00+00,7754,1430647,4,6695,759,673,3115,2334,873,252696,239385,506081,319777,112596,1183.74,1242.25,2240.36,2117.35,1595.6,1780.71,651
2022/03/26 00:00:00+00,2022/03/28 00:00:00+00,6940,1437587,2,6697,761,633,2620,2106,820,253457,240018,508701,321883,113416,1163.58,1262.03,2284.59,2177.53,1635.12,1811.54,652
2022/03/27 00:00:00+00,2022/03/28 00:00:00+00,5263,1442850,0,6697,578,443,1989,1658,595,254035,240461,510690,323541,114011,1183.05,1305.23,2374.47,2275.5,1689.23,1878,653
2022/03/28 00:00:00+00,2022/03/28 00:00:00+00,5962,1448812,0,6697,630,443,2106,1833,949,254665,240904,512796,325374,114960,1143.71,1287.7,2368.36,2282.37,1717.47,1871.16,654
2021/12/21 00:00:00+00,2022/03/28 00:00:00+00,4724,671202,13,6021,779,914,1990,850,189,123313,119878,221919,146567,59440,1409.37,1703.87,1801.76,1119.47,386.47,1354.91,655
2021/12/22 00:00:00+00,2022/03/28 00:00:00+00,5287,676489,3,6024,838,1137,2255,909,148,124151,121015,224174,147476,59588,1381.35,1815.94,1861.21,1128.28,383.33,1381.79,656
2021/12/23 00:00:00+00,2022/03/28 00:00:00+00,8872,685361,12,6036,1174,1968,4005,1476,249,125325,122983,228179,148952,59837,1390.19,2081.18,2033.01,1186.69,395.57,1482.05,657
2021/12/24 00:00:00+00,2022/03/28 00:00:00+00,8340,693701,7,6043,952,1966,3885,1314,219,126277,124949,232064,150266,60056,1382.24,2338.96,2202.96,1229.25,405.76,1573.35,658
2021/12/25 00:00:00+00,2022/03/28 00:00:00+00,2915,696616,2,6045,324,753,1264,507,67,126601,125702,233328,150773,60123,1292.03,2365.33,2171.17,1191.36,387.88,1536.67,659
2021/12/26 00:00:00+00,2022/03/28 00:00:00+00,807,697423,10,6055,83,189,391,123,21,126684,125891,233719,150896,60144,1183.74,2281.02,2083,1114.27,359.65,1455.38,660
2021/12/27 00:00:00+00,2022/03/28 00:00:00+00,5435,702858,6,6061,613,1392,2394,884,152,127297,127283,236113,151780,60296,1148.57,2432.81,2150.98,1124.93,353.06,1488.05,661
2021/12/28 00:00:00+00,2022/03/28 00:00:00+00,10272,713130,4,6065,1130,2689,4382,1794,277,128427,129972,240495,153574,60573,1163.77,2796.07,2349.09,1204.14,370.63,1614.98,662
2021/12/29 00:00:00+00,2022/03/28 00:00:00+00,12128,725258,12,6077,1580,3046,4850,2275,377,130007,133018,245345,155849,60950,1234.91,3212.06,2575.78,1334.36,404.51,1782.89,663
2021/12/30 00:00:00+00,2022/03/28 00:00:00+00,12263,737521,11,6088,1840,2824,4711,2458,430,131847,135842,250056,158307,61380,1346.38,3599.61,2802.26,1492.15,452.97,1964.36,664
2021/12/31 00:00:00+00,2022/03/28 00:00:00+00,13848,751369,13,6101,2060,3048,5447,2728,565,133907,138890,255503,161035,61945,1425.46,3914.64,2966.31,1606.08,502.69,2101.47,665
2022/01/01 00:00:00+00,2022/03/28 00:00:00+00,10196,761565,7,6108,1438,2292,4028,2054,384,135345,141182,259531,163089,62329,1471.56,4161.66,3101.92,1700.52,535.16,2208.02,666
2022/01/02 00:00:00+00,2022/03/28 00:00:00+00,10638,772203,4,6112,1408,2450,4233,2106,441,136753,143632,263764,165195,62770,1514.38,4445.12,3266.68,1805.81,577.82,2330.85,667
2022/01/03 00:00:00+00,2022/03/28 00:00:00+00,10376,782579,5,6117,1462,2260,4157,2050,447,138215,145892,267921,167245,63217,1557.89,4671.33,3412.66,1896.74,622.05,2438.14,668
2022/01/04 00:00:00+00,2022/03/28 00:00:00+00,13150,795729,4,6121,1714,2893,5273,2658,612,139929,148785,273194,169903,63829,1650.78,5014.64,3646.12,2056.03,688.4,2615.09,669
2022/01/05 00:00:00+00,2022/03/28 00:00:00+00,12153,807882,10,6131,1568,2906,4849,2296,534,141497,151691,278043,172199,64363,1723.31,5321.52,3830.57,2178.23,748.94,2759.28,670
2022/01/06 00:00:00+00,2022/03/28 00:00:00+00,16633,824515,11,6142,2247,3637,6596,3346,806,143744,155328,284639,175545,65169,1829.91,5611.05,4014.82,2342.99,836.3,2922.26,671
2022/01/07 00:00:00+00,2022/03/28 00:00:00+00,14690,839205,15,6157,2098,3111,5742,2968,771,145842,158439,290381,178513,65940,1943.76,5809.68,4146.87,2488.72,922.88,3055.61,672
2022/01/08 00:00:00+00,2022/03/28 00:00:00+00,11207,850412,12,6169,1630,2453,4282,2248,594,147472,160892,294663,180761,66534,2073.51,6104.58,4361.47,2642.11,1005.54,3229.74,673
2022/01/09 00:00:00+00,2022/03/28 00:00:00+00,9581,859993,9,6178,1316,2110,3695,1953,507,148788,163002,298358,182714,67041,2196.01,6437.83,4596.42,2803.34,1081.77,3414,674
2022/01/10 00:00:00+00,2022/03/28 00:00:00+00,11893,871886,11,6189,1721,2382,4588,2525,677,150509,165384,302946,185239,67718,2306.09,6609.57,4752.43,2947.92,1164.11,3549.62,675
2022/01/11 00:00:00+00,2022/03/28 00:00:00+00,16833,888719,17,6206,2611,3233,6460,3604,925,153120,168617,309406,188843,68643,2453.23,6703.94,4900.19,3107.39,1265.75,3687.4,676
2022/01/12 00:00:00+00,2022/03/28 00:00:00+00,15840,904559,10,6216,2387,3267,6188,3250,746,155507,171884,315594,192093,69389,2533.4,6742.28,4995.34,3193.3,1323.63,3765.35,677
2022/01/13 00:00:00+00,2022/03/28 00:00:00+00,10567,915126,11,6227,1514,2236,3999,2275,542,157021,174120,319593,194368,69931,2501.01,6640.28,4944.71,3177.17,1341.19,3729.74,678
2022/01/14 00:00:00+00,2022/03/28 00:00:00+00,15577,930703,7,6234,2295,3159,6175,3188,760,159316,177279,325768,197556,70691,2524.36,6659.53,4996.48,3217.7,1371.78,3766.05,679
2022/01/15 00:00:00+00,2022/03/28 00:00:00+00,9502,940205,10,6244,1536,1837,3572,2072,485,160852,179116,329340,199628,71176,2534.1,6580.6,4964.05,3219.29,1387.62,3751.47,680
2022/01/16 00:00:00+00,2022/03/28 00:00:00+00,8942,949147,6,6250,1453,1828,3312,1903,446,162305,180944,332652,201531,71622,2538.57,6472.7,4898.56,3201.4,1388.4,3715.86,681
2022/01/17 00:00:00+00,2022/03/28 00:00:00+00,9570,958717,9,6259,1638,1848,3634,1950,500,163943,182792,336286,203481,72122,2556.05,6401.23,4861.37,3192.59,1396.72,3698.93,682
2022/01/18 00:00:00+00,2022/03/28 00:00:00+00,15732,974449,5,6264,2954,2935,5722,3233,888,166897,185727,342008,206714,73010,2679.25,6408.51,4893.3,3243.25,1440.01,3753.15,683
2022/01/19 00:00:00+00,2022/03/28 00:00:00+00,16770,991219,6,6270,3184,3066,6025,3505,990,170081,188793,348033,210219,74000,2839.79,6436.27,4976.92,3349.77,1511.53,3850.11,684
2022/01/20 00:00:00+00,2022/03/28 00:00:00+00,17681,1008900,7,6277,3416,3265,6180,3743,1077,173497,192058,354213,213962,75077,2955.93,6371.74,4947.34,3384.75,1554.03,3872.12,685
2022/01/21 00:00:00+00,2022/03/28 00:00:00+00,18420,1027320,9,6286,3542,3400,6465,3882,1131,177039,195458,360678,217844,76208,3099.39,6421.87,4998.75,3465.28,1610.5,3950.45,686
2022/01/22 00:00:00+00,2022/03/28 00:00:00+00,11838,1039158,9,6295,2654,1956,4012,2460,755,179693,197414,364690,220304,76963,3201.13,6335.65,4979.55,3483.96,1635.75,3963.7,687
2022/01/23 00:00:00+00,2022/03/28 00:00:00+00,11239,1050397,11,6306,2697,1755,3825,2213,749,182390,199169,368515,222517,77712,3338.33,6274.07,4988.8,3506.86,1673.71,3998.52,688
2022/01/24 00:00:00+00,2022/03/28 00:00:00+00,17287,1067684,10,6316,4122,2735,5936,3364,1129,186512,201904,374451,225881,78841,3576.86,6335.31,5084.65,3580.78,1744.6,4111.79,689
2022/01/25 00:00:00+00,2022/03/28 00:00:00+00,19916,1087600,10,6326,5237,2819,6681,3941,1238,191749,204723,381132,229822,80079,3837.76,6263.49,5100.37,3610.48,1793.69,4176.54,690
2022/01/26 00:00:00+00,2022/03/28 00:00:00+00,19759,1107359,12,6338,5002,2368,6845,4197,1347,196751,207091,387977,234019,81426,4097.55,6107.53,5147.09,3693.91,1887.96,4258.84,691
2022/01/27 00:00:00+00,2022/03/28 00:00:00+00,19695,1127054,7,6345,5101,2086,6910,4154,1444,201852,209177,394887,238173,82870,4453.92,6081.51,5354.08,3859.46,2029.43,4450.53,692
2022/01/28 00:00:00+00,2022/03/28 00:00:00+00,20211,1147265,13,6358,5082,1745,7358,4556,1470,206934,210922,402245,242729,84340,4730.8,5836.22,5438.21,3979.99,2140.79,4547.84,693
2022/01/29 00:00:00+00,2022/03/28 00:00:00+00,20519,1167784,15,6373,4934,1701,7768,4639,1477,211868,212623,410013,247368,85817,5068.39,5812.63,5736.58,4206.16,2296.39,4779.2,694
2022/01/30 00:00:00+00,2022/03/28 00:00:00+00,3464,1171248,10,6383,837,388,1237,804,198,212705,213011,411250,248172,86015,5007.19,5562.82,5589.03,4109.33,2257.49,4664.16,695
2022/01/31 00:00:00+00,2022/03/28 00:00:00+00,7582,1178830,10,6393,1715,940,2674,1774,479,214420,213951,413924,249946,86494,5014.84,5405.31,5520.76,4093.82,2254.19,4622.41,696
2022/02/01 00:00:00+00,2022/03/28 00:00:00+00,5277,1184107,4,6397,1117,787,1864,1144,364,215537,214738,415788,251090,86858,4832.34,5032.68,5246.42,3909.77,2172.01,4402.85,697
2022/02/02 00:00:00+00,2022/03/28 00:00:00+00,4048,1188155,6,6403,721,736,1469,882,240,216258,215474,417257,251972,87098,4587.64,4628.49,4922.45,3678.67,2054.37,4135.69,698
2022/02/03 00:00:00+00,2022/03/28 00:00:00+00,4680,1192835,16,6419,825,787,1771,1050,247,217083,216261,419028,253022,87345,4330.23,4198.61,4608.93,3441.4,1924.19,3862.67,699
2022/02/04 00:00:00+00,2022/03/28 00:00:00+00,8795,1201630,7,6426,1418,1464,3333,2070,509,218501,217725,422361,255092,87854,4119.21,3862.77,4386.22,3281.75,1826.63,3660.54,700
2022/02/05 00:00:00+00,2022/03/28 00:00:00+00,2381,1204011,10,6436,374,374,896,590,147,218875,218099,423257,255682,88001,3892.7,3588.33,4164.64,3117,1731.27,3461.94,701
2022/02/06 00:00:00+00,2022/03/28 00:00:00+00,6049,1210060,7,6443,1104,946,2098,1486,415,219979,219045,425355,257168,88416,3734.43,3447.99,4041.84,3052.94,1678.88,3352.95,702
2022/02/07 00:00:00+00,2022/03/28 00:00:00+00,4704,1214764,5,6448,777,634,1656,1241,396,220756,219679,427011,258409,88812,3402.11,3083.52,3737.49,2865.9,1563.91,3088.71,703
2022/02/08 00:00:00+00,2022/03/28 00:00:00+00,2701,1217465,10,6458,389,426,1014,663,209,221145,220105,428025,259072,89021,2920.47,2668.39,3334.52,2577.09,1402.52,2727.19,704
2022/02/09 00:00:00+00,2022/03/28 00:00:00+00,5533,1222998,8,6466,1020,738,1919,1498,358,222165,220843,429944,260570,89379,2524.86,2385.63,2984.23,2339.29,1247.4,2428.44,705
2022/02/10 00:00:00+00,2022/03/28 00:00:00+00,8288,1231286,3,6469,1390,976,3092,2256,573,223555,221819,433036,262826,89952,2156.17,2193.07,2712.74,2172.06,1110.79,2188.89,706
2021/07/18 00:00:00+00,2022/03/28 00:00:00+00,1041,284464,0,5051,122,480,296,117,26,33203,54054,96002,69110,32048,138.99,747.5,241.42,94.54,45.49,219.85,707
2021/07/19 00:00:00+00,2022/03/28 00:00:00+00,1042,285506,0,5051,143,427,313,129,30,33346,54481,96315,69239,32078,146.44,800.07,255.64,100.97,48.62,233.92,708
2021/07/20 00:00:00+00,2022/03/28 00:00:00+00,784,286290,0,5051,127,331,225,84,17,33473,54812,96540,69323,32095,147.14,825.39,258.48,102.03,48.62,238.23,709
2021/07/21 00:00:00+00,2022/03/28 00:00:00+00,1499,287789,1,5052,189,636,465,166,43,33662,55448,97005,69489,32138,157.67,907.1,278.68,111.98,52.54,259.21,710
2021/07/22 00:00:00+00,2022/03/28 00:00:00+00,1581,289370,1,5053,213,684,485,162,37,33875,56132,97490,69651,32175,167.8,985.68,299.94,120.88,56.46,279.79,711
2021/07/23 00:00:00+00,2022/03/28 00:00:00+00,1372,290742,3,5056,158,598,432,142,42,34033,56730,97922,69793,32217,175.75,1049.35,315.23,129.16,60.7,296.23,712
2021/07/24 00:00:00+00,2022/03/28 00:00:00+00,1065,291807,0,5056,126,453,327,112,46,34159,57183,98249,69905,32263,181.71,1095.15,326.46,134.54,66.97,308.49,713
2021/07/25 00:00:00+00,2022/03/28 00:00:00+00,1268,293075,2,5058,186,542,394,118,28,34345,57725,98643,70023,32291,192.74,1145.11,344.59,140.26,68.38,323.78,714
2021/07/26 00:00:00+00,2022/03/28 00:00:00+00,956,294031,3,5061,163,366,302,106,19,34508,58091,98945,70129,32310,201.58,1174.43,357.18,146.52,69.01,334.47,715
2021/07/27 00:00:00+00,2022/03/28 00:00:00+00,1422,295453,0,5061,200,510,500,161,51,34708,58601,99445,70290,32361,212.71,1202.36,373.46,154.54,72.46,347.38,716
2021/07/28 00:00:00+00,2022/03/28 00:00:00+00,1358,296811,1,5062,155,582,449,139,33,34863,59183,99894,70429,32394,217.97,1237.4,381.29,160.18,73.09,356.48,717
2021/07/29 00:00:00+00,2022/03/28 00:00:00+00,1492,298303,0,5062,203,552,526,159,52,35066,59735,100420,70588,32446,224.03,1248.5,392.24,163.08,77.8,363.66,718
2021/07/30 00:00:00+00,2022/03/28 00:00:00+00,1423,299726,2,5064,200,550,471,153,49,35266,60285,100891,70741,32495,230.79,1248.33,395.65,164.67,78.42,366.54,719
2021/07/31 00:00:00+00,2022/03/28 00:00:00+00,1283,301009,0,5064,206,467,432,148,30,35472,60752,101323,70889,32525,237.54,1245.2,399.42,167.05,78.89,369.31,720
2021/08/01 00:00:00+00,2022/03/28 00:00:00+00,1149,302158,4,5068,183,436,338,162,30,35655,61188,101661,71051,32555,243.6,1237.57,402.41,171.01,79.52,371.58,721
2021/08/02 00:00:00+00,2022/03/28 00:00:00+00,949,303107,0,5068,149,369,285,119,26,35804,61557,101946,71170,32581,244.2,1227.51,400.41,170.13,78.89,369.62,722
2021/08/03 00:00:00+00,2022/03/28 00:00:00+00,451,303558,1,5069,77,153,144,53,24,35881,61710,102090,71223,32605,239.23,1196.63,394.66,167.4,79.99,362.63,723
2021/08/04 00:00:00+00,2022/03/28 00:00:00+00,1039,304597,1,5070,141,373,343,131,51,36022,62083,102433,71354,32656,234.46,1151.01,385.98,164.32,81.25,352.97,724
2021/08/05 00:00:00+00,2022/03/28 00:00:00+00,2937,307534,2,5072,470,1009,997,356,105,36492,63092,103430,71710,32761,260,1207.39,422.39,181.41,91.91,381.45,725
2021/08/06 00:00:00+00,2022/03/28 00:00:00+00,1631,309165,3,5075,249,593,513,216,60,36741,63685,103943,71926,32821,269.04,1206.52,428.15,187.93,94.74,386.89,726
2021/08/07 00:00:00+00,2022/03/28 00:00:00+00,1859,311024,1,5076,249,706,587,231,86,36990,64391,104530,72157,32907,281.26,1250.41,446.64,198.41,101.01,403.56,727
2021/08/08 00:00:00+00,2022/03/28 00:00:00+00,1367,312391,4,5080,262,476,397,183,49,37252,64867,104927,72340,32956,288.81,1238.96,446.85,204.14,104.3,405.64,728
2021/08/09 00:00:00+00,2022/03/28 00:00:00+00,859,313250,1,5081,152,320,227,129,31,37404,65187,105154,72469,32987,287.71,1230.98,441.52,206.17,106.18,403.6,729
2021/08/10 00:00:00+00,2022/03/28 00:00:00+00,1217,314467,2,5083,216,382,364,176,78,37620,65569,105518,72645,33065,289.3,1208.77,431.85,207.49,110.42,399.3,730
2021/08/11 00:00:00+00,2022/03/28 00:00:00+00,2213,316680,2,5085,334,766,681,320,112,37954,66335,106199,72965,33177,307.09,1240.69,448.34,223.44,122.81,417.25,731
2021/08/12 00:00:00+00,2022/03/28 00:00:00+00,1915,318595,2,5087,321,657,552,275,110,38275,66992,106751,73240,33287,318.81,1258.91,450.19,233.66,131.91,426.14,732
2021/08/13 00:00:00+00,2022/03/28 00:00:00+00,2034,320629,3,5090,341,689,621,287,96,38616,67681,107372,73527,33383,332.82,1283.02,460.86,245.46,139.28,438.97,733
2021/08/14 00:00:00+00,2022/03/28 00:00:00+00,1851,322480,3,5093,311,624,513,301,102,38927,68305,107885,73828,33485,343.25,1310.26,466.62,258.94,150.57,450.89,734
2021/08/15 00:00:00+00,2022/03/28 00:00:00+00,1179,323659,4,5097,245,356,313,220,45,39172,68661,108198,74048,33530,349.41,1296.38,464.84,264.05,152.93,451.52,735
2021/08/16 00:00:00+00,2022/03/28 00:00:00+00,1377,325036,2,5099,301,415,361,220,80,39473,69076,108559,74268,33610,364.51,1304.36,470.24,272.95,161.39,460.51,736
2021/08/17 00:00:00+00,2022/03/28 00:00:00+00,2117,327153,2,5101,474,562,581,357,143,39947,69638,109140,74625,33753,403.95,1375.31,501.32,299.73,180.06,495.5,737
2021/08/18 00:00:00+00,2022/03/28 00:00:00+00,1761,328914,1,5102,374,486,492,305,104,40321,70124,109632,74930,33857,427.1,1394.91,511.91,315.07,188.37,510.66,738
2021/08/19 00:00:00+00,2022/03/28 00:00:00+00,1486,330400,0,5102,285,423,441,235,102,40606,70547,110073,75165,33959,408.72,1293.26,472.38,304.4,187.9,480.19,739
2021/08/20 00:00:00+00,2022/03/28 00:00:00+00,3031,333431,5,5107,680,796,882,508,165,41286,71343,110955,75673,34124,451.54,1328.47,498.62,330.13,204.37,509.59,740
2021/08/21 00:00:00+00,2022/03/28 00:00:00+00,1739,335170,5,5112,357,428,524,311,119,41643,71771,111479,75984,34243,462.27,1280.25,494.14,337.18,209.55,507.07,741
2021/08/22 00:00:00+00,2022/03/28 00:00:00+00,1206,336376,1,5113,305,290,322,227,62,41948,72061,111801,76211,34305,466.54,1247.98,488.8,341.06,211.59,503.69,742
2021/08/23 00:00:00+00,2022/03/28 00:00:00+00,1455,337831,4,5117,342,338,400,252,123,42290,72399,112201,76463,34428,485.42,1251.1,501.11,351.89,226.02,516.21,743
2021/08/24 00:00:00+00,2022/03/28 00:00:00+00,1219,339050,4,5121,276,250,337,255,101,42566,72649,112538,76718,34529,491.38,1228.2,499.19,358.85,229.62,516.25,744
2021/08/25 00:00:00+00,2022/03/28 00:00:00+00,2039,341089,5,5126,454,452,580,364,189,43020,73101,113118,77082,34718,503.3,1173.73,492,362.73,241.7,512.59,745
2021/08/26 00:00:00+00,2022/03/28 00:00:00+00,1791,342880,3,5129,399,409,537,313,133,43419,73510,113655,77395,34851,511.05,1130.71,490.94,366.08,245.31,509.99,746
2021/08/27 00:00:00+00,2022/03/28 00:00:00+00,2060,344940,8,5137,489,476,650,316,129,43908,73986,114305,77711,34980,525.76,1093.76,493,368.63,250.48,510.54,747
2021/08/28 00:00:00+00,2022/03/28 00:00:00+00,1463,346403,4,5141,358,320,407,280,98,44266,74306,114712,77991,35078,530.42,1041.02,485.46,366.78,249.86,502.39,748
2021/08/29 00:00:00+00,2022/03/28 00:00:00+00,1006,347409,6,5147,272,209,260,192,73,44538,74515,114972,78183,35151,533.11,1015.52,481.69,364.32,254.25,498.75,749
2021/08/30 00:00:00+00,2022/03/28 00:00:00+00,1531,348940,7,5154,389,326,449,272,95,44927,74841,115421,78455,35246,541.85,1000.08,487.95,368.9,256.6,501.99,750
2021/08/31 00:00:00+00,2022/03/28 00:00:00+00,1702,350642,3,5157,423,352,478,308,141,45350,75193,115899,78763,35387,536.78,963.65,480.63,364.58,256.29,493.27,751
2021/09/01 00:00:00+00,2022/03/28 00:00:00+00,1745,352387,6,5163,386,370,488,329,172,45736,75563,116387,79092,35559,537.98,943.53,480.34,366.7,266.95,492.94,752
2021/09/02 00:00:00+00,2022/03/28 00:00:00+00,1408,353795,10,5173,316,316,418,224,134,46052,75879,116805,79316,35693,541.06,924.97,478.71,365.73,271.97,491.3,753
2021/09/03 00:00:00+00,2022/03/28 00:00:00+00,1700,355495,6,5179,421,379,481,287,132,46473,76258,117286,79603,35825,515.32,852.63,450.19,346.25,266.8,463.35,754
2021/09/04 00:00:00+00,2022/03/28 00:00:00+00,1177,356672,9,5188,317,242,314,186,118,46790,76500,117600,79789,35943,511.35,820.36,435.26,335.24,266.64,451.55,755
2021/09/05 00:00:00+00,2022/03/28 00:00:00+00,1142,357814,8,5196,349,193,319,192,89,47139,76693,117919,79981,36032,515.72,803.54,435.05,332.16,270.87,450.2,756
2021/09/06 00:00:00+00,2022/03/28 00:00:00+00,1466,359280,6,5202,396,280,437,246,107,47535,76973,118356,80227,36139,521.09,793.47,437.68,331.63,268.36,450.43,757
2021/09/07 00:00:00+00,2022/03/28 00:00:00+00,1543,360823,7,5209,474,280,438,253,98,48009,77253,118794,80480,36237,540.76,798.68,444.86,331.45,267.89,457.24,758
