X,Y,VaccinationDate,VaccineText,Dose1,Dose2,SingleDose,Dose1Cum,Dose2Cum,SingleDoseCum,PartiallyVacc,FullyVacc,PartialPercent,FullyPercent,ObjectId
-7.6926,53.28823,2021/11/14 00:00:00+00,Sun 14 Nov 2021,1646,1807,1,3639556,3572810,240815,3880371,3813625,80.8660130344383,79.4750421953107,1
-7.6926,53.28823,2021/11/15 00:00:00+00,Mon 15 Nov 2021,1240,597,1,3640796,3573407,240816,3881612,3814223,80.8918751806547,79.4875043737453,2
-7.6926,53.28823,2021/11/16 00:00:00+00,Tue 16 Nov 2021,1311,1075,5,3642107,3574482,240821,3882928,3815303,80.9193003091162,79.5100113180754,3
-7.6926,53.28823,2021/11/17 00:00:00+00,Wed 17 Nov 2021,1495,1121,2,3643602,3575603,240823,3884425,3816426,80.9504974347293,79.5334143722261,4
-7.6926,53.28823,2021/11/18 00:00:00+00,Thu 18 Nov 2021,1638,2503,5,3645240,3578106,240828,3886068,3818934,80.9847371657797,79.5856804985038,5
-7.6926,53.28823,2021/11/19 00:00:00+00,Fri 19 Nov 2021,1160,1557,0,3646400,3579663,240828,3887228,3820491,81.0089112911713,79.6181280099131,6
-7.6926,53.28823,2021/11/20 00:00:00+00,Sat 20 Nov 2021,1544,2945,12,3647944,3582608,240840,3888784,3823448,81.0413379628173,79.6797511898984,7
-7.6926,53.28823,2021/11/21 00:00:00+00,Sun 21 Nov 2021,1787,2768,0,3649731,3585376,240840,3890571,3826216,81.0785786197783,79.7374356546259,8
-7.6926,53.28823,2021/11/22 00:00:00+00,Mon 22 Nov 2021,719,519,3,3650450,3585895,240843,3891293,3826738,81.0936249288582,79.7483140110522,9
-7.6926,53.28823,2021/11/23 00:00:00+00,Tue 23 Nov 2021,2152,1596,8,3652602,3587491,240851,3893453,3828342,81.1386388175185,79.781740991335,10
-7.6926,53.28823,2021/11/24 00:00:00+00,Wed 24 Nov 2021,1607,3149,2,3654209,3590640,240853,3895062,3831493,81.1721699966177,79.8474070853945,11
-7.6926,53.28823,2021/11/25 00:00:00+00,Thu 25 Nov 2021,974,1186,1,3655183,3591826,240854,3896037,3832680,81.1924887658046,79.8721438843943,12
-7.6926,53.28823,2021/11/26 00:00:00+00,Fri 26 Nov 2021,1279,1108,12,3656462,3592934,240866,3897328,3833800,81.2193929001844,79.8954844192552,13
-7.6926,53.28823,2021/11/27 00:00:00+00,Sat 27 Nov 2021,1198,1564,6,3657660,3594498,240872,3898532,3835370,81.2444839751598,79.9282028475869,14
-7.6926,53.28823,2021/11/28 00:00:00+00,Sun 28 Nov 2021,1950,2258,1,3659610,3596756,240873,3900483,3837629,81.2851423532969,79.9752798728108,15
-7.6926,53.28823,2021/11/29 00:00:00+00,Mon 29 Nov 2021,532,996,2,3660142,3597752,240875,3901017,3838627,81.2962707868824,79.9960779565529,16
-7.6926,53.28823,2021/11/30 00:00:00+00,Tue 30 Nov 2021,1888,1648,6,3662030,3599400,240881,3902911,3840281,81.3357412985131,80.0305469249991,17
-7.6926,53.28823,2021/12/01 00:00:00+00,Wed 01 Dec 2021,1030,1386,4,3663060,3600786,240885,3903945,3841671,81.3572896137329,80.0595141959425,18
-7.6926,53.28823,2021/12/02 00:00:00+00,Thu 02 Dec 2021,1728,1411,0,3664788,3602197,240885,3905673,3843082,81.3933007246611,80.0889191019146,19
-7.6926,53.28823,2021/12/03 00:00:00+00,Fri 03 Dec 2021,1006,1191,2,3665794,3603388,240887,3906681,3844275,81.4143072060359,80.113780939494,20
-7.6926,53.28823,2021/12/04 00:00:00+00,Sat 04 Dec 2021,1201,1700,1,3666995,3605088,240888,3907883,3845976,81.4393566014847,80.149229376814,21
-7.6926,53.28823,2021/12/05 00:00:00+00,Sun 05 Dec 2021,1347,1776,2,3668342,3606864,240890,3909232,3847754,81.4674694421341,80.1862824759056,22
-7.6926,53.28823,2021/12/06 00:00:00+00,Mon 06 Dec 2021,931,1300,0,3669273,3608164,240890,3910163,3849054,81.4868712617372,80.2133741681548,23
-7.6926,53.28823,2021/12/07 00:00:00+00,Tue 07 Dec 2021,482,743,2,3669755,3608907,240892,3910647,3849799,81.4969577071592,80.2288997917899,24
-7.6926,53.28823,2021/12/08 00:00:00+00,Wed 08 Dec 2021,782,1523,2,3670537,3610430,240894,3911431,3851324,81.5132960815618,80.2606804307746,25
-7.6926,53.28823,2021/12/09 00:00:00+00,Thu 09 Dec 2021,784,1211,1,3671321,3611641,240895,3912216,3852536,81.5296552957277,80.2859382238562,26
-7.6926,53.28823,2021/12/10 00:00:00+00,Fri 10 Dec 2021,887,1616,1,3672208,3613257,240896,3913104,3854153,81.5481610055102,80.3196361210615,27
-7.6926,53.28823,2021/12/11 00:00:00+00,Sat 11 Dec 2021,639,845,2,3672847,3614102,240898,3913745,3855000,81.5615192937654,80.33728740055,28
-7.6926,53.28823,2021/12/12 00:00:00+00,Sun 12 Dec 2021,685,1193,0,3673532,3615295,240898,3914430,3856193,81.5757945316044,80.3621492381295,29
-7.6926,53.28823,2021/12/13 00:00:00+00,Mon 13 Dec 2021,719,1069,1,3674251,3616364,240899,3915150,3857263,81.5907991611578,80.3844477848269,30
-7.6926,53.28823,2021/12/14 00:00:00+00,Tue 14 Dec 2021,626,1203,3,3674877,3617567,240902,3915779,3858469,81.6039073722538,80.4095805393289,31
-7.6926,53.28823,2021/12/15 00:00:00+00,Wed 15 Dec 2021,791,1259,1,3675668,3618826,240903,3916571,3859729,81.6204124647626,80.4358386410474,32
-7.6926,53.28823,2021/12/16 00:00:00+00,Thu 16 Dec 2021,1042,1543,7,3676710,3620369,240910,3917620,3861279,81.6422733764313,80.4681402741137,33
-7.6926,53.28823,2021/12/17 00:00:00+00,Fri 17 Dec 2021,1196,2460,1,3677906,3622829,240911,3918817,3863740,81.6672185730639,80.5194269315178,34
-7.6926,53.28823,2021/12/18 00:00:00+00,Sat 18 Dec 2021,1247,1183,0,3679153,3624012,240911,3920064,3864923,81.6932057578599,80.5440803714646,35
-7.6926,53.28823,2021/12/19 00:00:00+00,Sun 19 Dec 2021,544,888,1,3679697,3624900,240912,3920609,3865812,81.7045634288413,80.5626069210104,36
-7.6926,53.28823,2021/12/20 00:00:00+00,Mon 20 Dec 2021,506,616,1,3680203,3625516,240913,3921116,3866429,81.7151291888185,80.5754650549472,37
-7.6926,53.28823,2021/12/21 00:00:00+00,Tue 21 Dec 2021,1398,1816,3,3681601,3627332,240916,3922517,3868248,81.7443256971578,80.6133725843328,38
-7.6926,53.28823,2021/12/22 00:00:00+00,Wed 22 Dec 2021,1156,1595,2,3682757,3628927,240918,3923675,3869845,81.7684581430229,80.6466536862728,39
-7.6926,53.28823,2021/12/23 00:00:00+00,Thu 23 Dec 2021,923,1395,0,3683680,3630322,240918,3924598,3871240,81.7876932445198,80.6757251560325,40
-7.6926,53.28823,2021/12/24 00:00:00+00,Fri 24 Dec 2021,102,157,0,3683782,3630479,240918,3924700,3871397,81.7898189003732,80.6789969988657,41
-7.6926,53.28823,2021/12/25 00:00:00+00,Sat 25 Dec 2021,1,6,0,3683783,3630485,240918,3924701,3871403,81.7898397401365,80.6791220374453,42
-7.6926,53.28823,2021/12/26 00:00:00+00,Sun 26 Dec 2021,12,11,0,3683795,3630496,240918,3924713,3871414,81.7900898172957,80.6793512748413,43
-7.6926,53.28823,2021/12/27 00:00:00+00,Mon 27 Dec 2021,389,589,0,3684184,3631085,240918,3925102,3872003,81.7981964852072,80.6916258954065,44
-7.6926,53.28823,2021/12/28 00:00:00+00,Tue 28 Dec 2021,466,747,0,3684650,3631832,240918,3925568,3872750,81.8079078148904,80.7071931985681,45
-7.6926,53.28823,2021/12/29 00:00:00+00,Wed 29 Dec 2021,1057,1310,0,3685707,3633142,240918,3926625,3874060,81.8299354446653,80.73449328845,46
-7.6926,53.28823,2021/12/30 00:00:00+00,Thu 30 Dec 2021,1047,1197,1,3686754,3634339,240919,3927673,3875258,81.8517755165708,80.7594593248458,47
-7.6926,53.28823,2021/12/31 00:00:00+00,Fri 31 Dec 2021,711,1681,0,3687465,3636020,240919,3928384,3876939,81.8665925882548,80.7944909669004,48
-7.6926,53.28823,2022/01/01 00:00:00+00,Sat 01 Jan 2022,65,99,0,3687530,3636119,240919,3928449,3877038,81.8679471728673,80.796554103464,49
-7.6926,53.28823,2022/01/02 00:00:00+00,Sun 02 Jan 2022,270,629,0,3687800,3636748,240919,3928719,3877667,81.8735739089498,80.80966231456,50
-7.6926,53.28823,2022/01/03 00:00:00+00,Mon 03 Jan 2022,3630,728,1,3691430,3637476,240920,3932350,3878396,81.9492430893782,80.8248545019828,51
-7.6926,53.28823,2022/01/04 00:00:00+00,Tue 04 Jan 2022,1186,783,1,3692616,3638259,240921,3933537,3879180,81.9739798883781,80.8411928763854,52
-7.6926,53.28823,2022/01/05 00:00:00+00,Wed 05 Jan 2022,2141,910,0,3694757,3639169,240921,3935678,3880090,82.0185978215362,80.8601570609598,53
-7.6926,53.28823,2022/01/06 00:00:00+00,Thu 06 Jan 2022,2454,1696,1,3697211,3640865,240922,3938133,3881787,82.0697594403607,80.8955221392267,54
-7.6926,53.28823,2022/01/07 00:00:00+00,Fri 07 Jan 2022,4853,784,2,3702064,3641649,240924,3942988,3882573,82.1709364910298,80.9119021931559,55
-7.6926,53.28823,2022/01/08 00:00:00+00,Sat 08 Jan 2022,9790,740,2,3711854,3642389,240926,3952780,3883315,82.3749994529562,80.9273652975012,56
-7.6926,53.28823,2022/01/09 00:00:00+00,Sun 09 Jan 2022,7115,666,0,3718969,3643055,240926,3959895,3883981,82.5232743686125,80.9412445798381,57
-7.6926,53.28823,2022/01/10 00:00:00+00,Mon 10 Jan 2022,6661,508,1,3725630,3643563,240927,3966557,3884490,82.6621088715081,80.9518520193418,58
-7.6926,53.28823,2022/01/11 00:00:00+00,Tue 11 Jan 2022,4784,1367,1,3730414,3644930,240928,3971342,3885858,82.7618271387484,80.9803608154933,59
-7.6926,53.28823,2022/01/12 00:00:00+00,Wed 12 Jan 2022,7556,922,1,3737970,3645852,240929,3978899,3886781,82.9193132297694,80.9995959169902,60
-7.6926,53.28823,2022/01/13 00:00:00+00,Thu 13 Jan 2022,7322,816,0,3745292,3646668,240929,3986221,3887597,83.0719019764223,81.0166011638174,61
-7.6926,53.28823,2022/01/14 00:00:00+00,Fri 14 Jan 2022,10723,835,0,3756015,3647503,240929,3996944,3888432,83.2953667579518,81.0340023661467,62
-7.6926,53.28823,2022/01/15 00:00:00+00,Sat 15 Jan 2022,8361,652,2,3764376,3648155,240931,4005307,3889086,83.4696496981673,81.0476315713244,63
-7.6926,53.28823,2022/01/16 00:00:00+00,Sun 16 Jan 2022,6965,1215,1,3771341,3649370,240932,4012273,3890302,83.6148194890965,81.072972723459,64
-7.6926,53.28823,2022/01/17 00:00:00+00,Mon 17 Jan 2022,2561,560,0,3773902,3649930,240932,4014834,3890862,83.6681901228275,81.0846429908895,65
-7.6926,53.28823,2022/01/18 00:00:00+00,Tue 18 Jan 2022,4057,452,3,3777959,3650382,240935,4018894,3891317,83.7527995616981,81.0941250831767,66
-7.6926,53.28823,2022/01/19 00:00:00+00,Wed 19 Jan 2022,3486,622,0,3781445,3651004,240935,4022380,3891939,83.8254469764525,81.1070874159298,67
-7.6926,53.28823,2022/01/20 00:00:00+00,Thu 20 Jan 2022,3693,935,0,3785138,3651939,240935,4026073,3892874,83.9024082222036,81.126572594586,68
-7.6926,53.28823,2022/01/21 00:00:00+00,Fri 21 Jan 2022,3252,978,0,3788390,3652917,240935,4029325,3893852,83.9701791323531,81.1469538830627,69
-7.6926,53.28823,2022/01/22 00:00:00+00,Sat 22 Jan 2022,4270,644,0,3792660,3653561,240935,4033595,3894496,84.0591649215102,81.1603746906077,70
-7.6926,53.28823,2022/01/23 00:00:00+00,Sun 23 Jan 2022,3092,677,0,3795752,3654238,240935,4036687,3895173,84.1236014695368,81.1744832103405,71
-7.6926,53.28823,2022/01/24 00:00:00+00,Mon 24 Jan 2022,646,465,0,3796398,3654703,240935,4037333,3895638,84.1370639566083,81.1841737002604,72
-7.6926,53.28823,2022/01/25 00:00:00+00,Tue 25 Jan 2022,692,1836,0,3797090,3656539,240935,4038025,3897474,84.1514850727902,81.2224355056216,73
-7.6926,53.28823,2022/01/26 00:00:00+00,Wed 26 Jan 2022,700,897,0,3797790,3657436,240935,4038725,3898371,84.1660729070782,81.2411287732736,74
-7.6926,53.28823,2022/01/27 00:00:00+00,Thu 27 Jan 2022,1274,1178,0,3799064,3658614,240935,4039999,3899549,84.1926227654824,81.265678014404,75
-7.6926,53.28823,2022/01/28 00:00:00+00,Fri 28 Jan 2022,1028,3093,1,3800092,3661707,240936,4041028,3902643,84.2140668818859,81.3301562419572,76
-7.6926,53.28823,2022/01/29 00:00:00+00,Sat 29 Jan 2022,2328,3445,0,3802420,3665152,240936,4043356,3906088,84.2625818507752,81.4019492264176,77
-7.6926,53.28823,2022/01/30 00:00:00+00,Sun 30 Jan 2022,1639,7537,0,3804059,3672689,240936,4044995,3913625,84.2967382227725,81.5590185221732,78
-7.6926,53.28823,2022/01/31 00:00:00+00,Mon 31 Jan 2022,480,1392,0,3804539,3674081,240936,4045475,3915017,84.3067413091414,81.5880274726431,79
-7.6926,53.28823,2022/02/01 00:00:00+00,Tue 01 Feb 2022,748,3418,1,3805287,3677499,240937,4046224,3918436,84.3223502918296,81.6592786232585,80
-7.6926,53.28823,2022/02/02 00:00:00+00,Wed 02 Feb 2022,650,2997,0,3805937,3680496,240937,4046874,3921433,84.3358961379542,81.7217353937746,81
-7.6926,53.28823,2022/02/03 00:00:00+00,Thu 03 Feb 2022,905,2435,1,3806842,3682931,240938,4047780,3923869,84.3547769634756,81.772501057097,82
-7.6926,53.28823,2022/02/04 00:00:00+00,Fri 04 Feb 2022,1172,6522,0,3808014,3689453,240938,4048952,3930391,84.3792011660264,81.908417993135,83
-7.6926,53.28823,2022/02/05 00:00:00+00,Sat 05 Feb 2022,1777,5749,0,3809791,3695202,240938,4050729,3936140,84.4162334253548,82.0282257921663,84
-7.6926,53.28823,2022/02/06 00:00:00+00,Sun 06 Feb 2022,1407,7555,0,3811198,3702757,240938,4052136,3943695,84.4455549722737,82.1856702036607,85
-7.6926,53.28823,2022/02/07 00:00:00+00,Mon 07 Feb 2022,441,1351,0,3811639,3704108,240938,4052577,3945046,84.4547453078752,82.2138247238367,86
-7.6926,53.28823,2022/02/08 00:00:00+00,Tue 08 Feb 2022,899,1238,0,3812538,3705346,240938,4053476,3946284,84.4734802550537,82.2396243507632,87
-7.6926,53.28823,2022/02/09 00:00:00+00,Wed 09 Feb 2022,1335,1784,0,3813873,3707130,240938,4054811,3948068,84.5013013390173,82.2768024884345,88
-7.6926,53.28823,2022/02/10 00:00:00+00,Thu 10 Feb 2022,685,2550,0,3814558,3709680,240938,4055496,3950618,84.5155765768563,82.3299438847694,89
-7.6926,53.28823,2022/02/11 00:00:00+00,Fri 11 Feb 2022,548,4921,0,3815106,3714601,240938,4056044,3955539,84.5269967671275,82.4324963598144,90
-7.6926,53.28823,2022/02/12 00:00:00+00,Sat 12 Feb 2022,1397,5462,0,3816503,3720063,240938,4057441,3961001,84.5561099164138,82.5463231467876,91
-7.6926,53.28823,2022/02/13 00:00:00+00,Sun 13 Feb 2022,1566,4706,0,3818069,3724769,240938,4059007,3965707,84.5887449856925,82.6443950727297,92
-7.6926,53.28823,2022/02/14 00:00:00+00,Mon 14 Feb 2022,173,954,0,3818242,3725723,240938,4059180,3966661,84.5923502647379,82.664276206888,93
-7.6926,53.28823,2022/02/15 00:00:00+00,Tue 15 Feb 2022,649,815,1,3818891,3726538,240939,4059830,3967477,84.6058961108625,82.6812814537152,94
-7.6926,53.28823,2022/02/16 00:00:00+00,Wed 16 Feb 2022,799,1786,0,3819690,3728324,240939,4060629,3969263,84.6225470817142,82.718501270913,95
-7.6926,53.28823,2022/02/17 00:00:00+00,Thu 17 Feb 2022,790,1193,2,3820480,3729517,240941,4061421,3970458,84.6390521742229,82.743404788019,96
-7.6926,53.28823,2022/02/18 00:00:00+00,Fri 18 Feb 2022,791,3294,0,3821271,3732811,240941,4062212,3973752,84.6555364269684,82.8120509682258,97
-7.6926,53.28823,2022/02/19 00:00:00+00,Sat 19 Feb 2022,980,3555,0,3822251,3736366,240941,4063192,3977307,84.6759593949717,82.8861363266458,98
-7.6926,53.28823,2022/02/20 00:00:00+00,Sun 20 Feb 2022,1366,3588,0,3823617,3739954,240941,4064558,3980895,84.7044265115966,82.9609093972536,99
-7.6926,53.28823,2022/02/21 00:00:00+00,Mon 21 Feb 2022,252,994,1,3823869,3740948,240942,4064811,3981890,84.7096989717036,82.9816449617059,100
-7.6926,53.28823,2022/02/22 00:00:00+00,Tue 22 Feb 2022,475,981,1,3824344,3741929,240943,4065287,3982872,84.7196186990194,83.0021096092357,101
-7.6926,53.28823,2022/02/23 00:00:00+00,Wed 23 Feb 2022,832,1272,1,3825176,3743201,240944,4066120,3984145,84.7369782218222,83.0286386278766,102
-7.6926,53.28823,2022/02/24 00:00:00+00,Thu 24 Feb 2022,655,1232,0,3825831,3744433,240944,4066775,3985377,84.7506282667631,83.0543132162236,103
-7.6926,53.28823,2022/02/25 00:00:00+00,Fri 25 Feb 2022,692,1227,0,3826523,3745660,240944,4067467,3986604,84.765049382945,83.0798836057542,104
-7.6926,53.28823,2022/02/26 00:00:00+00,Sat 26 Feb 2022,959,2092,0,3827482,3747752,240944,4068426,3988696,84.7850347159196,83.1234803905122,105
-7.6926,53.28823,2022/02/27 00:00:00+00,Sun 27 Feb 2022,671,1783,0,3828153,3749535,240944,4069097,3990479,84.7990181970729,83.1606376884201,106
-7.6926,53.28823,2022/02/28 00:00:00+00,Mon 28 Feb 2022,81,432,0,3828234,3749967,240944,4069178,3990911,84.8007062178976,83.1696404661522,107
-7.6926,53.28823,2021/04/13 23:00:00+00,Wed 14 Apr 2021,20346,6589,2,829199,354234,246,829445,354480,17.2854374443448,7.38727928346225,108
-7.6926,53.28823,2021/04/14 23:00:00+00,Thu 15 Apr 2021,27107,10816,1,856306,365050,247,856553,365297,17.8503617470307,7.61270300273897,109
-7.6926,53.28823,2021/04/15 23:00:00+00,Fri 16 Apr 2021,27965,9839,1,884271,374889,248,884519,375137,18.4331665666011,7.81776627330224,110
-7.6926,53.28823,2021/04/16 23:00:00+00,Sat 17 Apr 2021,15852,4558,3,900123,379447,251,900374,379698,18.7635810132251,7.91281643357044,111
-7.6926,53.28823,2021/04/17 23:00:00+00,Sun 18 Apr 2021,1075,484,0,901198,379931,251,901449,380182,18.7859837587389,7.92290287899246,112
-7.6926,53.28823,2021/04/18 23:00:00+00,Mon 19 Apr 2021,6748,2260,0,907946,382191,251,908197,382442,18.9266104812756,7.97000074397955,113
-7.6926,53.28823,2021/04/19 23:00:00+00,Tue 20 Apr 2021,15092,7323,1,923038,389514,252,923290,389766,19.2411450282889,8.12263117015896,114
-7.6926,53.28823,2021/04/20 23:00:00+00,Wed 21 Apr 2021,26727,9891,4,949765,399405,256,950021,399661,19.7982127402226,8.32884062770201,115
-7.6926,53.28823,2021/04/21 23:00:00+00,Thu 22 Apr 2021,31625,12185,1,981390,411590,257,981647,411847,20.4572910933561,8.58279398289347,116
-7.6926,53.28823,2021/04/22 23:00:00+00,Fri 23 Apr 2021,33612,12359,3,1015002,423949,260,1015262,424209,21.1578197356309,8.84041513642022,117
-7.6926,53.28823,2021/04/23 23:00:00+00,Sat 24 Apr 2021,23705,6996,2,1038707,430945,262,1038969,431207,21.6518680034402,8.98625179977406,118
-7.6926,53.28823,2021/04/24 23:00:00+00,Sun 25 Apr 2021,9753,308,2,1048460,431253,264,1048724,431517,21.8551598941257,8.99271212638733,119
-7.6926,53.28823,2021/04/25 23:00:00+00,Mon 26 Apr 2021,15598,3057,3,1064058,434310,267,1064325,434577,22.1802810408795,9.05648180198932,120
-7.6926,53.28823,2021/04/26 23:00:00+00,Tue 27 Apr 2021,25919,7822,9,1089977,442132,276,1090253,442408,22.7206144229084,9.21967798814593,121
-7.6926,53.28823,2021/04/27 23:00:00+00,Wed 28 Apr 2021,26043,8615,5,1116020,450747,281,1116301,451028,23.2634485765295,9.39931674752147,122
-7.6926,53.28823,2021/04/28 23:00:00+00,Thu 29 Apr 2021,31691,11323,6,1147711,462070,287,1147998,462357,23.9240065528552,9.63541042559173,123
-7.6926,53.28823,2021/04/29 23:00:00+00,Fri 30 Apr 2021,36099,13539,8,1183810,475609,295,1184105,475904,24.6764678851954,9.91772669859179,124
-7.6926,53.28823,2021/04/30 23:00:00+00,Sat 01 May 2021,16593,6694,18,1200403,482303,313,1200716,482616,25.0226371928505,10.0576031896508,125
-7.6926,53.28823,2021/05/01 23:00:00+00,Sun 02 May 2021,12468,911,16,1212871,483214,329,1213200,483543,25.2828007974961,10.0769216502008,126
-7.6926,53.28823,2021/05/02 23:00:00+00,Mon 03 May 2021,14269,929,21,1227140,484143,350,1227490,484493,25.5806010146047,10.096719425306,127
-7.6926,53.28823,2021/05/03 23:00:00+00,Tue 04 May 2021,26662,6801,10,1253802,490944,360,1254162,491304,26.1364391805055,10.2386590529286,128
-7.6926,53.28823,2021/05/04 23:00:00+00,Wed 05 May 2021,32123,13459,70,1285925,504403,430,1286355,504833,26.8073336794123,10.5206002101899,129
-7.6926,53.28823,2021/05/05 23:00:00+00,Thu 06 May 2021,37296,14377,132,1323221,518780,562,1323783,519342,27.5873243390304,10.8229643354543,130
-7.6926,53.28823,2021/05/06 23:00:00+00,Fri 07 May 2021,40596,15080,98,1363817,533860,660,1364477,534520,28.4353776654839,11.1392702623455,131
-7.6926,53.28823,2021/05/07 23:00:00+00,Sat 08 May 2021,25628,7058,10,1389445,540918,670,1390115,541588,28.9696675161649,11.2865657091282,132
-7.6926,53.28823,2021/05/08 23:00:00+00,Sun 09 May 2021,19674,930,5,1409119,541848,675,1409794,542523,29.3797732175282,11.3060508877843,133
-7.6926,53.28823,2021/05/09 23:00:00+00,Mon 10 May 2021,28849,4653,171,1437968,546501,846,1438814,547347,29.9845431475837,11.4065819057922,134
-7.6926,53.28823,2021/05/10 23:00:00+00,Tue 11 May 2021,33930,14811,153,1471898,561312,999,1472897,562311,30.6948247990682,11.7184281233439,135
-7.6926,53.28823,2021/05/11 23:00:00+00,Wed 12 May 2021,31296,20924,173,1503194,582236,1172,1504366,583408,31.3506313093686,12.1580846090221,136
-7.6926,53.28823,2021/05/12 23:00:00+00,Thu 13 May 2021,36003,25476,152,1539197,607712,1324,1540521,609036,32.1040929503457,12.6921660620704,137
-7.6926,53.28823,2021/05/13 23:00:00+00,Fri 14 May 2021,38226,27952,237,1577423,635664,1561,1578984,637225,32.9056527649469,13.2796181488497,138
-7.6926,53.28823,2021/05/14 23:00:00+00,Sat 15 May 2021,28862,12456,22,1606285,648120,1583,1607868,649703,33.5075884871978,13.5396567149156,139
-7.6926,53.28823,2021/05/15 23:00:00+00,Sun 16 May 2021,23184,1178,10,1629469,649298,1593,1631062,650891,33.9909459564503,13.5644143536787,140
-7.6926,53.28823,2021/05/16 23:00:00+00,Mon 17 May 2021,35394,3954,120,1664863,653252,1713,1666576,654965,34.7310493091723,13.6493155492351,141
-7.6926,53.28823,2021/05/17 23:00:00+00,Tue 18 May 2021,39014,12506,128,1703877,665758,1841,1705718,667599,35.5467593230328,13.9126051183709,142
-7.6926,53.28823,2020/12/28 00:00:00+00,Mon 28 Dec 2020,238,14,1,238,14,1,239,15,0.00498070342120142,0.000312596449029378,143
-7.6926,53.28823,2021/05/18 23:00:00+00,Wed 19 May 2021,37029,17596,211,1740906,683354,2052,1742958,685406,36.3228321071564,14.2836987828953,144
-7.6926,53.28823,2021/05/19 23:00:00+00,Thu 20 May 2021,39091,19643,136,1779997,702997,2188,1782185,705185,37.1403135008948,14.6958884605854,145
-7.6926,53.28823,2021/05/20 23:00:00+00,Fri 21 May 2021,25840,23253,14934,1805837,726250,17122,1822959,743372,37.9900340084097,15.4916965005244,146
-7.6926,53.28823,2021/05/21 23:00:00+00,Sat 22 May 2021,16589,10253,13523,1822426,736503,30645,1853071,767148,38.6175609599545,15.9871827119993,147
-7.6926,53.28823,2021/05/22 23:00:00+00,Sun 23 May 2021,8219,5529,10205,1830645,742032,40850,1871495,782882,39.0015127584157,16.3150755472678,148
-7.6926,53.28823,2021/05/23 23:00:00+00,Mon 24 May 2021,22553,8223,8451,1853198,750255,49301,1902499,799556,39.6476287787961,16.6625577600089,149
-7.6926,53.28823,2021/05/24 23:00:00+00,Tue 25 May 2021,30352,16508,3224,1883550,766763,52525,1936075,819288,40.3473446703035,17.0737679688254,150
-7.6926,53.28823,2021/05/25 23:00:00+00,Wed 26 May 2021,19980,25462,3054,1903530,792225,55579,1959109,847804,40.827367777433,17.6680346581935,151
-7.6926,53.28823,2021/05/26 23:00:00+00,Thu 27 May 2021,17018,36047,550,1920548,828272,56129,1976677,884401,41.1934807385362,18.4307074745354,152
-7.6926,53.28823,2021/05/27 23:00:00+00,Fri 28 May 2021,27045,31833,1559,1947593,860105,57688,2005281,917793,41.789581327072,19.1265888496013,153
-7.6926,53.28823,2021/05/28 23:00:00+00,Sat 29 May 2021,24485,7390,537,1972078,867495,58225,2030303,925720,42.3110338835795,19.2917856530317,154
-7.6926,53.28823,2021/05/29 23:00:00+00,Sun 30 May 2021,24258,1683,210,1996336,869178,58435,2054771,927613,42.8209412112362,19.3312353248992,155
-7.6926,53.28823,2021/05/30 23:00:00+00,Mon 31 May 2021,22592,7312,3444,2018928,876490,61879,2080807,938369,43.3635252876981,19.5553878186165,156
-7.6926,53.28823,2021/05/31 23:00:00+00,Tue 01 Jun 2021,27591,11520,3653,2046519,888010,65532,2112051,953542,44.0146428512631,19.8715895466914,157
-7.6926,53.28823,2021/06/01 23:00:00+00,Wed 02 Jun 2021,18707,20913,4008,2065226,908923,69540,2134766,978463,44.4880180739099,20.3909372871088,158
-7.6926,53.28823,2021/06/02 23:00:00+00,Thu 03 Jun 2021,16692,30706,1978,2081918,939629,71518,2153436,1011147,44.8770964541351,21.0720641097805,159
-7.6926,53.28823,2021/06/03 23:00:00+00,Fri 04 Jun 2021,28991,23346,153,2110909,962975,71671,2182580,1034646,45.4844505148359,21.56177770683,160
-7.6926,53.28823,2021/06/04 23:00:00+00,Sat 05 Jun 2021,20969,11495,33,2131878,974470,71704,2203582,1046174,45.9221272230036,21.8020184977907,161
-7.6926,53.28823,2021/06/05 23:00:00+00,Sun 06 Jun 2021,19949,3916,47,2151827,978386,71751,2223578,1050137,46.338839129323,21.8846064796242,162
-7.6926,53.28823,2021/06/06 23:00:00+00,Mon 07 Jun 2021,19831,4598,45,2171658,982984,71796,2243454,1054780,46.7530502640502,21.9813655004805,163
-7.6926,53.28823,2021/06/07 23:00:00+00,Tue 08 Jun 2021,26415,18345,45,2198073,1001329,71841,2269914,1073170,47.304470400138,22.3646087469905,164
-7.6926,53.28823,2021/06/08 23:00:00+00,Wed 09 Jun 2021,32807,20122,174,2230880,1021451,72015,2302895,1093466,47.9917866325006,22.7875725822905,165
-7.6926,53.28823,2021/06/09 23:00:00+00,Thu 10 Jun 2021,27705,27497,273,2258585,1048948,72288,2330873,1121236,48.5748415292302,23.3662928082602,166
-7.6926,53.28823,2021/06/10 23:00:00+00,Fri 11 Jun 2021,26444,32908,42,2285029,1081856,72330,2357359,1154186,49.126803499163,24.0529630079614,167
-7.6926,53.28823,2021/06/11 23:00:00+00,Sat 12 Jun 2021,12219,19721,105,2297248,1101577,72435,2369683,1174012,49.3836327416855,24.4661321545252,168
-7.6926,53.28823,2021/06/12 23:00:00+00,Sun 13 Jun 2021,8554,18175,835,2305802,1119752,73270,2379072,1193022,49.5792972790146,24.8622960542617,169
-7.6926,53.28823,2021/06/13 23:00:00+00,Mon 14 Jun 2021,16025,31310,52,2321827,1151062,73322,2395149,1224384,49.9143381530843,25.5158727098924,170
-7.6926,53.28823,2021/06/14 23:00:00+00,Tue 15 Jun 2021,14706,41592,205,2336533,1192654,73527,2410060,1266181,50.2250798631828,26.3869122952311,171
-7.6926,53.28823,2021/06/15 23:00:00+00,Wed 16 Jun 2021,13479,48390,217,2350012,1241044,73744,2423756,1314788,50.5105012609099,27.3998706684292,172
-7.6926,53.28823,2021/06/16 23:00:00+00,Thu 17 Jun 2021,21577,42691,535,2371589,1283735,74279,2445868,1358014,50.9713101063057,28.3006902754787,173
-7.6926,53.28823,2021/06/17 23:00:00+00,Fri 18 Jun 2021,12022,50024,554,2383611,1333759,74833,2458444,1408592,51.2333909691719,29.3547238220793,174
-7.6926,53.28823,2021/06/18 23:00:00+00,Sat 19 Jun 2021,6326,32810,433,2389937,1366569,75266,2465203,1441835,51.3742469291046,30.0475000724182,175
-7.6926,53.28823,2021/06/19 23:00:00+00,Sun 20 Jun 2021,8520,26143,177,2398457,1392712,75443,2473900,1468155,51.5554903502518,30.5960026416484,176
-7.6926,53.28823,2021/06/20 23:00:00+00,Mon 21 Jun 2021,15484,32338,574,2413941,1425050,76017,2489958,1501067,51.8901352688194,31.2818809303454,177
-7.6926,53.28823,2021/06/21 23:00:00+00,Tue 22 Jun 2021,15149,43548,722,2429090,1468598,76739,2505829,1545337,52.2208831516557,32.2044572502474,178
-7.6926,53.28823,2021/06/22 23:00:00+00,Wed 23 Jun 2021,20096,39397,883,2449186,1507995,77622,2526808,1585617,52.6580805452682,33.0438829147076,179
-7.6926,53.28823,2021/06/23 23:00:00+00,Thu 24 Jun 2021,19024,44278,1032,2468210,1552273,78654,2546864,1630927,53.0760428373838,33.988132588409,180
-7.6926,53.28823,2021/06/24 23:00:00+00,Fri 25 Jun 2021,15213,50122,843,2483423,1602395,79497,2562920,1681892,53.4106460764248,35.0502311233945,181
-7.6926,53.28823,2021/06/25 23:00:00+00,Sat 26 Jun 2021,9069,30568,511,2492492,1632963,80008,2572500,1712971,53.6102910085383,35.6979101260201,182
-7.6926,53.28823,2021/06/26 23:00:00+00,Sun 27 Jun 2021,8737,30479,59,2501229,1663442,80067,2581296,1743509,53.7935975662491,36.3343148167174,183
-7.6926,53.28823,2021/06/27 23:00:00+00,Mon 28 Jun 2021,24239,24654,525,2525468,1688096,80592,2606060,1768688,54.3096734638333,36.8590392160581,184
-7.6926,53.28823,2021/06/28 23:00:00+00,Tue 29 Jun 2021,28149,31048,811,2553617,1719144,81403,2635020,1800547,54.9131930080927,37.5229732340333,185
-7.6926,53.28823,2021/06/29 23:00:00+00,Wed 30 Jun 2021,22580,36871,590,2576197,1756015,81993,2658190,1838008,55.3960503230267,38.3036516058392,186
-7.6926,53.28823,2021/06/30 23:00:00+00,Thu 01 Jul 2021,15033,48306,642,2591230,1804321,82635,2673865,1886956,55.7227136122625,39.3237163383119,187
-7.6926,53.28823,2021/07/01 23:00:00+00,Fri 02 Jul 2021,13692,47270,818,2604922,1851591,83453,2688375,1935044,56.0250985772902,40.3258588743735,188
-7.6926,53.28823,2021/07/02 23:00:00+00,Sat 03 Jul 2021,9320,30483,504,2614242,1882074,83957,2698199,1966031,56.2298284116412,40.9716206187784,189
-7.6926,53.28823,2021/07/03 23:00:00+00,Sun 04 Jul 2021,6458,27785,233,2620700,1909859,84190,2704890,1994049,56.3692672676715,41.5555091060388,190
-7.6926,53.28823,2021/07/04 23:00:00+00,Mon 05 Jul 2021,15621,33469,5343,2636321,1943328,89533,2725854,2032861,56.806152064835,42.3643419980206,191
-7.6926,53.28823,2021/07/05 23:00:00+00,Tue 06 Jul 2021,12415,48302,5487,2648736,1991630,95020,2743756,2086650,57.1792255068699,43.4852920244767,192
-7.6926,53.28823,2021/07/06 23:00:00+00,Wed 07 Jul 2021,19712,43765,5060,2668448,2035395,100080,2768528,2135475,57.6954681225603,44.5027934660673,193
-7.6926,53.28823,2021/07/07 23:00:00+00,Thu 08 Jul 2021,17785,45604,5997,2686233,2080999,106077,2792310,2187076,58.1910793726148,45.5781460904917,194
-7.6926,53.28823,2021/07/08 23:00:00+00,Fri 09 Jul 2021,13534,45095,6531,2699767,2126094,112608,2812375,2238702,58.6092292225997,46.6540197089977,195
-7.6926,53.28823,2021/07/09 23:00:00+00,Sat 10 Jul 2021,8639,23879,4364,2708406,2149973,116972,2825378,2266945,58.8802086643817,47.2425971429935,196
-7.6926,53.28823,2021/07/10 23:00:00+00,Sun 11 Jul 2021,15240,16114,2153,2723646,2166087,119125,2842771,2285212,59.2426746669129,47.6232770986215,197
-7.6926,53.28823,2021/07/11 23:00:00+00,Mon 12 Jul 2021,17112,31778,6092,2740758,2197865,125217,2865975,2323082,59.726240533798,48.4124789336043,198
-7.6926,53.28823,2021/07/12 23:00:00+00,Tue 13 Jul 2021,20113,36570,8491,2760871,2234435,133708,2894579,2368143,60.3223411223338,49.3515395062518,199
-7.6926,53.28823,2021/07/13 23:00:00+00,Wed 14 Jul 2021,20801,35714,9335,2781672,2270149,143043,2924715,2413192,60.9503682281971,50.2903500017401,200
-7.6926,53.28823,2021/07/14 23:00:00+00,Thu 15 Jul 2021,23654,28835,9586,2805326,2298984,152629,2957955,2451613,61.6430819592462,51.091034546284,201
-7.6926,53.28823,2021/07/15 23:00:00+00,Fri 16 Jul 2021,23529,27429,9167,2828855,2326413,161796,2990651,2488209,62.3244588590771,51.8536865228626,202
-7.6926,53.28823,2021/07/16 23:00:00+00,Sat 17 Jul 2021,11510,19433,4677,2840365,2345846,166473,3006838,2512319,62.6617921071064,52.3561332152691,203
-7.6926,53.28823,2021/07/17 23:00:00+00,Sun 18 Jul 2021,16867,15821,1931,2857232,2361667,168404,3025636,2530071,63.05353797703,52.7260806928138,204
-7.6926,53.28823,2021/07/18 23:00:00+00,Mon 19 Jul 2021,24896,18444,6255,2882128,2380111,174659,3056787,2554770,63.7027174426109,53.2408020057855,205
-7.6926,53.28823,2021/07/19 23:00:00+00,Tue 20 Jul 2021,30591,18185,7699,2912719,2398296,182358,3095077,2580654,64.5006719781666,53.7802184382306,206
-7.6926,53.28823,2021/07/20 23:00:00+00,Wed 21 Jul 2021,30367,19845,6891,2943086,2418141,189249,3132335,2607390,65.277119878029,54.3373903489806,207
-7.6926,53.28823,2021/07/21 23:00:00+00,Thu 22 Jul 2021,33545,15936,6936,2976631,2434077,196185,3172816,2630262,66.1207343349062,54.8140374144606,208
-7.6926,53.28823,2021/07/22 23:00:00+00,Fri 23 Jul 2021,27094,20839,5615,3003725,2454916,201800,3205525,2656716,66.8023821516597,55.3653325119688,209
-7.6926,53.28823,2021/07/23 23:00:00+00,Sat 24 Jul 2021,15444,14813,2275,3019169,2469729,204075,3223244,2673804,67.1716419170165,55.7214423867031,210
-7.6926,53.28823,2021/07/24 23:00:00+00,Sun 25 Jul 2021,14730,13650,1046,3033899,2483379,205121,3239020,2688500,67.5004100223423,56.0277035476988,211
-7.6926,53.28823,2021/07/25 23:00:00+00,Mon 26 Jul 2021,23843,18309,3422,3057742,2501688,208543,3266285,2710231,68.0686061678614,56.4805724432893,212
-7.6926,53.28823,2021/07/26 23:00:00+00,Tue 27 Jul 2021,25516,23914,3674,3083258,2525602,212217,3295475,2737819,68.6769188576725,57.0554998323441,213
-7.6926,53.28823,2021/07/27 23:00:00+00,Wed 28 Jul 2021,23444,25292,3264,3106702,2550894,215481,3322183,2766375,69.233507255051,57.650600112243,214
-7.6926,53.28823,2021/07/28 23:00:00+00,Thu 29 Jul 2021,19280,27873,2963,3125982,2578767,218444,3344426,2797211,69.697046109435,58.2932150523943,215
-7.6926,53.28823,2020/12/29 00:00:00+00,Tue 29 Dec 2020,78,3,0,316,17,1,317,18,0.00660620495615418,0.000375115738835253,216
-7.6926,53.28823,2020/12/30 00:00:00+00,Wed 30 Dec 2020,1061,1,0,1377,18,1,1378,19,0.0287171937841655,0.000395955502103878,217
-7.6926,53.28823,2020/12/31 00:00:00+00,Thu 31 Dec 2020,1037,1,0,2414,19,1,2415,20,0.0503280282937298,0.000416795265372503,218
-7.6926,53.28823,2021/01/01 00:00:00+00,Fri 01 Jan 2021,816,0,0,3230,19,1,3231,20,0.0673332751209279,0.000416795265372503,219
-7.6926,53.28823,2021/01/02 00:00:00+00,Sat 02 Jan 2021,1018,0,0,4248,19,1,4249,20,0.0885481541283884,0.000416795265372503,220
-7.6926,53.28823,2021/01/03 00:00:00+00,Sun 03 Jan 2021,20,3,1,4268,22,2,4270,24,0.0889857891570295,0.000500154318447004,221
-7.6926,53.28823,2021/01/04 00:00:00+00,Mon 04 Jan 2021,1194,4,0,5462,26,2,5464,28,0.113868466499768,0.000583513371521505,222
-7.6926,53.28823,2021/01/05 00:00:00+00,Tue 05 Jan 2021,3535,13,0,8997,39,2,8999,41,0.187537029654358,0.000854430294013632,223
-7.6926,53.28823,2021/01/06 00:00:00+00,Wed 06 Jan 2021,6778,13,0,15775,52,2,15777,54,0.328788945089099,0.00112534721650576,224
-7.6926,53.28823,2021/01/07 00:00:00+00,Thu 07 Jan 2021,11730,9,0,27505,61,2,27507,63,0.573239368230073,0.00131290508592339,225
-7.6926,53.28823,2021/01/08 00:00:00+00,Fri 08 Jan 2021,12682,5,0,40187,66,2,40189,68,0.837529246002777,0.00141710390226651,226
-7.6926,53.28823,2021/01/09 00:00:00+00,Sat 09 Jan 2021,8074,7,0,48261,73,2,48263,75,1.00578949463366,0.00156298224514689,227
-7.6926,53.28823,2021/01/10 00:00:00+00,Sun 10 Jan 2021,4783,4,1,53044,77,3,53047,80,1.10548692211076,0.00166718106149001,228
-7.6926,53.28823,2021/01/11 00:00:00+00,Mon 11 Jan 2021,8344,7,0,61388,84,3,61391,87,1.27937390682417,0.00181305940437039,229
-7.6926,53.28823,2021/01/12 00:00:00+00,Tue 12 Jan 2021,8889,12,0,70277,96,3,70280,99,1.46461856251898,0.00206313656359389,230
-7.6926,53.28823,2021/01/13 00:00:00+00,Wed 13 Jan 2021,9892,4,0,80169,100,3,80172,103,1.67076550077222,0.00214649561666839,231
-7.6926,53.28823,2021/01/14 00:00:00+00,Thu 14 Jan 2021,8090,5,0,88259,105,3,88262,108,1.8393591856154,0.00225069443301152,232
-7.6926,53.28823,2021/01/15 00:00:00+00,Fri 15 Jan 2021,7697,3,0,95956,108,3,95959,111,1.999762843494,0.00231321372281739,233
-7.6926,53.28823,2021/01/16 00:00:00+00,Sat 16 Jan 2021,5241,2,0,101197,110,3,101200,113,2.10898404278487,0.00235489324935464,234
-7.6926,53.28823,2021/01/17 00:00:00+00,Sun 17 Jan 2021,1115,5,0,102312,115,3,102315,118,2.13222037882938,0.00245909206569777,235
-7.6926,53.28823,2021/01/18 00:00:00+00,Mon 18 Jan 2021,8717,8,1,111029,123,4,111033,127,2.31390143500526,0.0026466499351154,236
-7.6926,53.28823,2021/01/19 00:00:00+00,Tue 19 Jan 2021,8386,21,0,119415,144,4,119419,148,2.48866368977595,0.00308428496375653,237
-7.6926,53.28823,2021/01/20 00:00:00+00,Wed 20 Jan 2021,8450,963,0,127865,1107,4,127869,1111,2.66475968939583,0.0231529769914426,238
-7.6926,53.28823,2021/01/21 00:00:00+00,Thu 21 Jan 2021,9006,964,0,136871,2071,4,136875,2075,2.85244259739307,0.0432425087823972,239
-7.6926,53.28823,2021/01/22 00:00:00+00,Fri 22 Jan 2021,6786,967,0,143657,3038,4,143661,3042,2.99386123093396,0.0633945598631578,240
-7.6926,53.28823,2021/01/23 00:00:00+00,Sat 23 Jan 2021,4194,460,0,147851,3498,4,147855,3502,3.08126319808258,0.0729808509667254,241
-7.6926,53.28823,2021/01/24 00:00:00+00,Sun 24 Jan 2021,1186,398,0,149037,3896,4,149041,3900,3.10597915731916,0.0812750767476382,242
-7.6926,53.28823,2021/01/25 00:00:00+00,Mon 25 Jan 2021,1366,1290,0,150403,5186,4,150407,5190,3.13444627394411,0.108158371364165,243
-7.6926,53.28823,2021/01/26 00:00:00+00,Tue 26 Jan 2021,1003,3502,0,151406,8688,4,151410,8692,3.15534855650254,0.18113922233089,244
-7.6926,53.28823,2021/01/27 00:00:00+00,Wed 27 Jan 2021,2181,6700,0,153587,15388,4,153591,15392,3.20080008019141,0.320765636230679,245
-7.6926,53.28823,2021/01/28 00:00:00+00,Thu 28 Jan 2021,1015,11542,0,154602,26930,4,154606,26934,3.22195243990906,0.56129818387715,246
-7.6926,53.28823,2021/01/29 00:00:00+00,Fri 29 Jan 2021,1583,11526,0,156185,38456,4,156189,38460,3.2549417851633,0.801497295311324,247
-7.6926,53.28823,2021/01/30 00:00:00+00,Sat 30 Jan 2021,649,7794,0,156834,46250,4,156838,46254,3.26846679152464,0.963922410226989,248
-7.6926,53.28823,2021/01/31 00:00:00+00,Sun 31 Jan 2021,234,4086,0,157068,50336,4,157072,50340,3.27334329612949,1.04907368294259,249
-7.6926,53.28823,2021/02/01 00:00:00+00,Mon 01 Feb 2021,1029,8332,1,158097,58668,5,158102,58673,3.29480825229618,1.22273143026004,250
-7.6926,53.28823,2021/02/02 00:00:00+00,Tue 02 Feb 2021,839,5107,0,158936,63775,5,158941,63780,3.31229281367855,1.32916010127291,251
-7.6926,53.28823,2021/02/03 00:00:00+00,Wed 03 Feb 2021,1405,6869,0,160341,70644,5,160346,70649,3.34157268107097,1.4723084351651,252
-7.6926,53.28823,2021/02/04 00:00:00+00,Thu 04 Feb 2021,1443,10541,1,161784,81185,6,161790,81191,3.37166529923087,1.69200121954295,253
-7.6926,53.28823,2021/02/05 00:00:00+00,Fri 05 Feb 2021,3398,8616,0,165182,89801,6,165188,89807,3.44247881481766,1.87155661986542,254
-7.6926,53.28823,2021/02/06 00:00:00+00,Sat 06 Feb 2021,903,3870,0,166085,93671,6,166091,93677,3.46129712104922,1.952206503715,255
-7.6926,53.28823,2021/02/07 00:00:00+00,Sun 07 Feb 2021,333,1301,2,166418,94972,8,166426,94980,3.46827844174421,1.97936071525402,256
-7.6926,53.28823,2021/02/08 00:00:00+00,Mon 08 Feb 2021,1189,880,0,167607,95852,8,167615,95860,3.49305692027061,1.99769970693041,257
-7.6926,53.28823,2021/02/09 00:00:00+00,Tue 09 Feb 2021,4265,548,3,171872,96400,11,171883,96411,3.5820010299011,2.00918241649142,258
-7.6926,53.28823,2021/02/10 00:00:00+00,Wed 10 Feb 2021,8828,580,0,180700,96980,11,180711,96991,3.76597446003652,2.02126947918722,259
-7.6926,53.28823,2021/02/11 00:00:00+00,Thu 11 Feb 2021,6190,447,0,186890,97427,11,186901,97438,3.89497259466931,2.0305848533683,260
-7.6926,53.28823,2021/02/12 00:00:00+00,Fri 12 Feb 2021,4399,525,0,191289,97952,11,191300,97963,3.986646713288,2.04152572908433,261
-7.6926,53.28823,2021/02/13 00:00:00+00,Sat 13 Feb 2021,1214,1915,0,192503,99867,11,192514,99878,4.01194618589611,2.08143387574375,262
-7.6926,53.28823,2021/02/14 00:00:00+00,Sun 14 Feb 2021,2702,27,0,195205,99894,11,195216,99905,4.06825522624793,2.081996549352,263
-7.6926,53.28823,2021/02/15 00:00:00+00,Mon 15 Feb 2021,1966,7893,0,197171,107787,11,197182,107798,4.10922620083405,2.24648480083126,264
-7.6926,53.28823,2021/02/16 00:00:00+00,Tue 16 Feb 2021,5656,8164,0,202827,115951,11,202838,115962,4.22709590188139,2.41662062815631,265
-7.6926,53.28823,2021/02/17 00:00:00+00,Wed 17 Feb 2021,9748,8464,0,212575,124415,11,212586,124426,4.43024191422395,2.59300838446196,266
-7.6926,53.28823,2021/02/18 00:00:00+00,Thu 18 Feb 2021,8468,8354,1,221043,132769,12,221055,132781,4.60673386934594,2.76712460657132,267
-7.6926,53.28823,2021/02/19 00:00:00+00,Fri 19 Feb 2021,9396,6584,0,230439,139353,12,230451,139365,4.80254428501794,2.90433360793195,268
-7.6926,53.28823,2021/02/20 00:00:00+00,Sat 20 Feb 2021,5894,3573,2,236333,142926,14,236347,142940,4.92541552924975,2.97883576161728,269
-7.6926,53.28823,2021/02/21 00:00:00+00,Sun 21 Feb 2021,1115,1024,6,237448,143950,20,237468,143970,4.94877690387388,3.00030071778397,270
-7.6926,53.28823,2021/02/22 00:00:00+00,Mon 22 Feb 2021,3946,1123,1,241394,145073,21,241415,145094,5.03103144949515,3.0237246116979,271
-7.6926,53.28823,2021/02/23 00:00:00+00,Tue 23 Feb 2021,13365,1070,1,254759,146143,22,254781,146165,5.30957572534359,3.0460439981586,272
-7.6926,53.28823,2021/02/24 00:00:00+00,Wed 24 Feb 2021,16944,2106,5,271703,148249,27,271730,148276,5.66278887298352,3.09003673841867,273
-7.6926,53.28823,2021/02/25 00:00:00+00,Thu 25 Feb 2021,18098,1758,2,289801,150007,29,289830,150036,6.03998858814563,3.12671472177145,274
-7.6926,53.28823,2021/02/26 00:00:00+00,Fri 26 Feb 2021,16082,2772,0,305883,152779,29,305912,152808,6.37513366103166,3.18448254555208,275
-7.6926,53.28823,2021/02/27 00:00:00+00,Sat 27 Feb 2021,9000,706,1,314883,153485,30,314913,153515,6.56271237021256,3.19921625818299,276
-7.6926,53.28823,2021/02/28 00:00:00+00,Sun 28 Feb 2021,2446,59,2,317329,153544,32,317361,153576,6.61372811069415,3.20048748374238,277
-7.6926,53.28823,2021/03/01 00:00:00+00,Mon 01 Mar 2021,5609,797,0,322938,154341,32,322970,154373,6.73061834286787,3.21709677506747,278
-7.6926,53.28823,2021/03/02 00:00:00+00,Tue 02 Mar 2021,12187,1613,0,335125,155954,32,335157,155986,6.98459253782261,3.25071131321977,279
-7.6926,53.28823,2021/03/03 00:00:00+00,Wed 03 Mar 2021,12906,1506,1,348031,157460,33,348064,157493,7.25357136233075,3.28211683646558,280
-7.6926,53.28823,2021/03/04 00:00:00+00,Thu 04 Mar 2021,18725,1692,5,366756,159152,38,366794,159190,7.6439001283521,3.31748191473244,281
-7.6926,53.28823,2021/03/05 00:00:00+00,Fri 05 Mar 2021,18451,2402,6,385207,161554,44,385251,161598,8.02853963900112,3.36766406468329,282
-7.6926,53.28823,2021/03/06 00:00:00+00,Sat 06 Mar 2021,10405,143,5,395612,161697,49,395661,161746,8.2454815746275,3.37074834964705,283
-7.6926,53.28823,2021/03/07 00:00:00+00,Sun 07 Mar 2021,1524,12,3,397136,161709,52,397188,161761,8.2773038931387,3.37106094609608,284
-7.6926,53.28823,2021/03/08 00:00:00+00,Mon 08 Mar 2021,6671,1501,5,403807,163210,57,403864,163267,8.41643015272004,3.40244562957863,285
-7.6926,53.28823,2021/03/09 00:00:00+00,Tue 09 Mar 2021,13844,3106,6,417651,166316,63,417714,166379,8.7050608739905,3.46729897287059,286
-7.6926,53.28823,2021/03/10 00:00:00+00,Wed 10 Mar 2021,13745,3990,3,431396,170306,66,431462,170372,8.99156593940755,3.55051214760221,287
-7.6926,53.28823,2021/03/11 00:00:00+00,Thu 11 Mar 2021,18494,2102,3,449890,172408,69,449959,172477,9.37703904058731,3.59437984928266,288
-7.6926,53.28823,2021/03/12 00:00:00+00,Fri 12 Mar 2021,17339,1341,4,467229,173749,73,467302,173822,9.73846305495508,3.62240933087897,289
-7.6926,53.28823,2021/03/13 00:00:00+00,Sat 13 Mar 2021,8317,176,0,475546,173925,73,475619,173998,9.91178736606024,3.62607712921424,290
-7.6926,53.28823,2021/03/14 00:00:00+00,Sun 14 Mar 2021,385,20,2,475931,173945,75,476006,174020,9.91985235444519,3.62653560400615,291
-7.6926,53.28823,2021/03/15 00:00:00+00,Mon 15 Mar 2021,2663,996,0,478594,174941,75,478669,175016,9.97534864402954,3.6472920082217,292
-7.6926,53.28823,2021/03/16 00:00:00+00,Tue 16 Mar 2021,8951,3824,2,487545,178765,77,487622,178842,10.1619270445735,3.72702494248746,293
-7.6926,53.28823,2021/03/17 00:00:00+00,Wed 17 Mar 2021,4885,2418,7,492430,181183,84,492514,181267,10.2638751664837,3.77756136841388,294
-7.6926,53.28823,2021/03/18 00:00:00+00,Thu 18 Mar 2021,11730,4685,5,504160,185868,89,504249,185957,10.508429788441,3.87529985814373,295
-7.6926,53.28823,2021/03/19 00:00:00+00,Fri 19 Mar 2021,10383,6135,2,514543,192003,91,514634,192094,10.7248507299856,4.00319348532328,296
-7.6926,53.28823,2021/03/20 00:00:00+00,Sat 20 Mar 2021,5255,3120,4,519798,195123,95,519893,195218,10.8344470450153,4.06829690577447,297
-7.6926,53.28823,2021/03/21 00:00:00+00,Sun 21 Mar 2021,3648,54,3,523446,195177,98,523544,195275,10.9105330207091,4.06948477228078,298
-7.6926,53.28823,2021/03/22 00:00:00+00,Mon 22 Mar 2021,7419,2411,1,530865,197588,99,530964,197687,11.0651640641623,4.1197502812847,299
-7.6926,53.28823,2021/03/23 00:00:00+00,Tue 23 Mar 2021,12574,7397,4,543439,204985,103,543542,205088,11.3272866065551,4.2739853692358,300
-7.6926,53.28823,2021/03/24 00:00:00+00,Wed 24 Mar 2021,13634,9782,2,557073,214767,105,557178,214872,11.611457618486,4.47788161305603,301
-7.6926,53.28823,2021/03/25 00:00:00+00,Thu 25 Mar 2021,20877,10226,3,577950,224993,108,578058,225101,12.0465918755349,4.6910515515308,302
-7.6926,53.28823,2021/03/26 00:00:00+00,Fri 26 Mar 2021,19705,9499,1,597655,234492,109,597764,234601,12.4572602505065,4.88902930258273,303
-7.6926,53.28823,2021/03/27 00:00:00+00,Sat 27 Mar 2021,11764,5359,3,609419,239851,112,609531,239963,12.7024817448884,5.0007721132291,304
-7.6926,53.28823,2021/03/28 00:00:00+00,Sun 28 Mar 2021,2492,484,0,611911,240335,112,612023,240447,12.7544144349538,5.01085855865112,305
-7.6926,53.28823,2021/03/28 23:00:00+00,Mon 29 Mar 2021,9283,3124,3,621194,243459,115,621309,243574,12.9479324766662,5.07602449839211,306
-7.6926,53.28823,2021/03/29 23:00:00+00,Tue 30 Mar 2021,13341,8672,4,634535,252131,119,634654,252250,13.226039117486,5.2568302845107,307
-7.6926,53.28823,2021/03/30 23:00:00+00,Wed 31 Mar 2021,15840,10504,4,650375,262635,123,650498,262758,13.5562243267141,5.47581451693741,308
-7.6926,53.28823,2021/03/31 23:00:00+00,Thu 01 Apr 2021,19699,11576,9,670074,274211,132,670206,274343,13.9669343812122,5.71724317440444,309
-7.6926,53.28823,2021/04/01 23:00:00+00,Fri 02 Apr 2021,20154,13723,9,690228,287934,141,690369,288075,14.3871265279975,6.0034148036092,310
-7.6926,53.28823,2021/04/02 23:00:00+00,Sat 03 Apr 2021,7549,4636,6,697777,292570,147,697924,292717,14.544570939492,6.10015298470215,311
-7.6926,53.28823,2021/04/03 23:00:00+00,Sun 04 Apr 2021,3043,170,3,700820,292740,150,700970,292890,14.6080488584082,6.10375826374763,312
-7.6926,53.28823,2021/04/04 23:00:00+00,Mon 05 Apr 2021,3439,610,5,704259,293350,155,704414,293505,14.6798210031053,6.11657471815783,313
-7.6926,53.28823,2021/04/05 23:00:00+00,Tue 06 Apr 2021,12001,8154,11,716260,301504,166,716426,301670,14.9301482394881,6.28673138524616,314
-7.6926,53.28823,2021/04/06 23:00:00+00,Wed 07 Apr 2021,18371,10476,12,734631,311980,178,734809,312158,15.3132456076552,6.5052988224075,315
-7.6926,53.28823,2021/04/07 23:00:00+00,Thu 08 Apr 2021,20191,10567,16,754822,322547,194,755016,322741,15.7343547040243,6.72584603707936,316
-7.6926,53.28823,2021/04/08 23:00:00+00,Fri 09 Apr 2021,20680,9162,16,775502,331709,210,775712,331919,16.1656544446318,6.9171133843588,317
-7.6926,53.28823,2021/04/09 23:00:00+00,Sat 10 Apr 2021,11181,4179,12,786683,335888,222,786905,336110,16.3989139148975,7.00445283221761,318
-7.6926,53.28823,2021/04/10 23:00:00+00,Sun 11 Apr 2021,2864,366,8,789547,336254,230,789777,336484,16.458765715005,7.01224690368007,319
-7.6926,53.28823,2021/04/11 23:00:00+00,Mon 12 Apr 2021,7782,2800,13,797329,339054,243,797572,339297,16.6212116696839,7.07086915775472,320
-7.6926,53.28823,2021/04/12 23:00:00+00,Tue 13 Apr 2021,11524,8591,1,808853,347645,244,809097,347889,16.8613899413548,7.24992440375874,321
-7.6926,53.28823,2022/03/01 00:00:00+00,Tue 01 Mar 2022,131,936,0,3828365,3750903,240944,4069309,3991847,84.8034362268858,83.1891464845716,322
-7.6926,53.28823,2022/03/02 00:00:00+00,Wed 02 Mar 2022,205,997,2,3828570,3751900,240946,4069516,3992846,84.8077500578824,83.209965408077,323
-7.6926,53.28823,2022/03/03 00:00:00+00,Thu 03 Mar 2022,279,1276,0,3828849,3753176,240946,4069795,3994122,84.8135643518344,83.2365569460077,324
-7.6926,53.28823,2022/03/04 00:00:00+00,Fri 04 Mar 2022,736,1507,1,3829585,3754683,240947,4070532,3995630,84.8289232573634,83.2679833090168,325
-7.6926,53.28823,2022/03/05 00:00:00+00,Sat 05 Mar 2022,962,3341,0,3830547,3758024,240947,4071494,3998971,84.8489711096278,83.3376089580973,326
-7.6926,53.28823,2022/03/06 00:00:00+00,Sun 06 Mar 2022,455,1915,0,3831002,3759939,240947,4071949,4000886,84.858453201915,83.3775171047567,327
-7.6926,53.28823,2022/03/07 00:00:00+00,Mon 07 Mar 2022,114,124,1,3831116,3760063,240948,4072064,4001011,84.8608497746909,83.3801220751653,328
-7.6926,53.28823,2022/03/08 00:00:00+00,Tue 08 Mar 2022,120,493,0,3831236,3760556,240948,4072184,4001504,84.8633505462831,83.3903960784567,329
-7.6926,53.28823,2022/03/09 00:00:00+00,Wed 09 Mar 2022,130,345,1,3831366,3760901,240949,4072315,4001850,84.8660805552713,83.3976066365476,330
-7.6926,53.28823,2022/03/10 00:00:00+00,Thu 10 Mar 2022,258,508,0,3831624,3761409,240949,4072573,4002358,84.8714572141946,83.4081932362881,331
-7.6926,53.28823,2022/03/11 00:00:00+00,Fri 11 Mar 2022,492,2182,0,3832116,3763591,240949,4073065,4004540,84.8817103777228,83.4536655997403,332
-7.6926,53.28823,2022/03/12 00:00:00+00,Sat 12 Mar 2022,473,2391,2,3832589,3765982,240951,4073540,4006933,84.8916092652754,83.5035351532421,333
-7.6926,53.28823,2022/03/13 00:00:00+00,Sun 13 Mar 2022,358,1082,0,3832947,3767064,240951,4073898,4008015,84.8990699005256,83.5260837770987,334
-7.6926,53.28823,2022/03/14 00:00:00+00,Mon 14 Mar 2022,109,121,0,3833056,3767185,240951,4074007,4008136,84.9013414347218,83.5286053884542,335
-7.6926,53.28823,2022/03/15 00:00:00+00,Tue 15 Mar 2022,220,756,1,3833276,3767941,240952,4074228,4008893,84.9059470224042,83.5443810892486,336
-7.6926,53.28823,2022/03/16 00:00:00+00,Wed 16 Mar 2022,196,797,0,3833472,3768738,240952,4074424,4009690,84.9100316160049,83.5609903805737,337
-7.6926,53.28823,2022/03/18 00:00:00+00,Fri 18 Mar 2022,3,6,0,3833475,3768744,240952,4074427,4009696,84.9100941352947,83.5611154191533,338
-7.6926,53.28823,2022/03/19 00:00:00+00,Sat 19 Mar 2022,743,2778,0,3834218,3771522,240952,4075170,4012474,84.9255780794033,83.6190082815135,339
-7.6926,53.28823,2022/03/20 00:00:00+00,Sun 20 Mar 2022,395,1402,0,3834613,3772924,240952,4075565,4013876,84.9338097858944,83.6482256296161,340
-7.6926,53.28823,2022/03/21 00:00:00+00,Mon 21 Mar 2022,56,112,0,3834669,3773036,240952,4075621,4013988,84.9349768126374,83.6505596831022,341
-7.6926,53.28823,2022/03/22 00:00:00+00,Tue 22 Mar 2022,140,575,0,3834809,3773611,240952,4075761,4014563,84.937894379495,83.6625425469817,342
-7.6926,53.28823,2022/03/23 00:00:00+00,Wed 23 Mar 2022,102,221,0,3834911,3773832,240952,4075863,4014784,84.9400200353484,83.667148134664,343
-7.6926,53.28823,2022/03/24 00:00:00+00,Thu 24 Mar 2022,147,244,0,3835058,3774076,240952,4076010,4015028,84.9430834805489,83.6722330369016,344
-7.6926,53.28823,2022/03/25 00:00:00+00,Fri 25 Mar 2022,435,1625,0,3835493,3775701,240952,4076445,4016653,84.9521487775707,83.7060976522131,345
-7.6926,53.28823,2022/03/26 00:00:00+00,Sat 26 Mar 2022,874,1848,1,3836367,3777549,240953,4077320,4018502,84.9703835704308,83.7446303744968,346
-7.6926,53.28823,2022/03/27 00:00:00+00,Sun 27 Mar 2022,380,803,0,3836747,3778352,240953,4077700,4019305,84.9783026804729,83.7613647044015,347
-7.6926,53.28823,2022/03/27 23:00:00+00,Mon 28 Mar 2022,44,53,1,3836791,3778405,240954,4077745,4019359,84.97924046982,83.762490051618,348
-7.6926,53.28823,2022/03/28 23:00:00+00,Tue 29 Mar 2022,137,193,3,3836928,3778598,240957,4077885,4019555,84.9821580366776,83.7665746452187,349
-7.6926,53.28823,2022/03/29 23:00:00+00,Wed 30 Mar 2022,109,135,0,3837037,3778733,240957,4077994,4019690,84.9844295708738,83.7693880132599,350
-7.6926,53.28823,2022/03/30 23:00:00+00,Thu 31 Mar 2022,226,359,0,3837263,3779092,240957,4078220,4020049,84.9891393573726,83.7768694882734,351
-7.6926,53.28823,2022/03/31 23:00:00+00,Fri 01 Apr 2022,304,904,0,3837567,3779996,240957,4078524,4020953,84.9954746454062,83.7957086342682,352
-7.6926,53.28823,2022/04/01 23:00:00+00,Sat 02 Apr 2022,729,1539,0,3838296,3781535,240957,4079253,4022492,85.010666832829,83.8277810299386,353
-7.6926,53.28823,2022/04/02 23:00:00+00,Sun 03 Apr 2022,538,815,0,3838834,3782350,240957,4079791,4023307,85.0218786254676,83.8447654370026,354
-7.6926,53.28823,2022/04/03 23:00:00+00,Mon 04 Apr 2022,50,51,0,3838884,3782401,240957,4079841,4023358,85.022920613631,83.8458282649292,355
-7.6926,53.28823,2022/04/04 23:00:00+00,Tue 05 Apr 2022,129,169,0,3839013,3782570,240957,4079970,4023527,85.0256089430926,83.8493501849216,356
-7.6926,53.28823,2022/04/05 23:00:00+00,Wed 06 Apr 2022,158,210,0,3839171,3782780,240957,4080128,4023737,85.0289016256891,83.8537265352081,357
-7.6926,53.28823,2022/04/06 23:00:00+00,Thu 07 Apr 2022,117,178,0,3839288,3782958,240957,4080245,4023915,85.0313398779915,83.8574360130699,358
-7.6926,53.28823,2022/04/07 23:00:00+00,Fri 08 Apr 2022,257,421,2,3839545,3783379,240959,4080504,4024338,85.0367373766781,83.8662512329325,359
-7.6926,53.28823,2022/04/08 23:00:00+00,Sat 09 Apr 2022,558,1018,0,3840103,3784397,240959,4081062,4025356,85.048365964582,83.88746611194,360
-7.6926,53.28823,2022/04/09 23:00:00+00,Sun 10 Apr 2022,412,719,0,3840515,3785116,240959,4081474,4026075,85.0569519470487,83.9024499017301,361
-7.6926,53.28823,2022/04/10 23:00:00+00,Mon 11 Apr 2022,70,93,1,3840585,3785209,240960,4081545,4026169,85.0584315702407,83.9044088394774,362
-7.6926,53.28823,2022/04/11 23:00:00+00,Tue 12 Apr 2022,197,177,0,3840782,3785386,240960,4081742,4026346,85.0625370036047,83.9080974775759,363
-7.6926,53.28823,2022/04/12 23:00:00+00,Wed 13 Apr 2022,143,234,0,3840925,3785620,240960,4081885,4026580,85.0655170897521,83.9129739821807,364
-7.6926,53.28823,2022/04/13 23:00:00+00,Thu 14 Apr 2022,357,431,0,3841282,3786051,240960,4082242,4027011,85.072956885239,83.9219559201495,365
-7.6926,53.28823,2022/04/14 23:00:00+00,Fri 15 Apr 2022,445,991,0,3841727,3787042,240960,4082687,4028002,85.0822305798935,83.9426081255487,366
-7.6926,53.28823,2022/04/15 23:00:00+00,Sat 16 Apr 2022,42,88,0,3841769,3787130,240960,4082729,4028090,85.0831058499508,83.9444420247164,367
-7.6926,53.28823,2022/04/16 23:00:00+00,Sun 17 Apr 2022,1,1,0,3841770,3787131,240960,4082730,4028091,85.083126689714,83.9444628644796,368
-7.6926,53.28823,2022/04/17 23:00:00+00,Mon 18 Apr 2022,36,62,1,3841806,3787193,240961,4082767,4028154,85.083897760955,83.9457757695656,369
-7.6926,53.28823,2022/04/18 23:00:00+00,Tue 19 Apr 2022,218,269,1,3842024,3787462,240962,4082986,4028424,85.0884616691108,83.9514025056481,370
-7.6926,53.28823,2022/04/19 23:00:00+00,Wed 20 Apr 2022,250,606,0,3842274,3788068,240962,4083236,4029030,85.093671609928,83.9640314021889,371
-7.6926,53.28823,2022/04/20 23:00:00+00,Thu 21 Apr 2022,169,236,0,3842443,3788304,240962,4083405,4029266,85.0971935299204,83.9689495863203,372
-7.6926,53.28823,2022/04/21 23:00:00+00,Fri 22 Apr 2022,192,254,0,3842635,3788558,240962,4083597,4029520,85.101194764468,83.9742428861905,373
-7.6926,53.28823,2022/04/22 23:00:00+00,Sat 23 Apr 2022,320,1010,0,3842955,3789568,240962,4083917,4030530,85.1078634887139,83.9952910470918,374
-7.6926,53.28823,2022/04/23 23:00:00+00,Sun 24 Apr 2022,181,252,0,3843136,3789820,240962,4084098,4030782,85.1116354858655,84.0005426674355,375
-7.6926,53.28823,2022/04/24 23:00:00+00,Mon 25 Apr 2022,41,58,1,3843177,3789878,240963,4084140,4030841,85.1125107559228,84.0017722134684,376
-7.6926,53.28823,2022/04/25 23:00:00+00,Tue 26 Apr 2022,144,238,0,3843321,3790116,240963,4084284,4031079,85.1155116818335,84.0067320771263,377
-7.6926,53.28823,2022/04/26 23:00:00+00,Wed 27 Apr 2022,120,208,0,3843441,3790324,240963,4084404,4031287,85.1180124534257,84.0110667478862,378
-7.6926,53.28823,2022/04/27 23:00:00+00,Thu 28 Apr 2022,100,130,0,3843541,3790454,240963,4084504,4031417,85.1200964297526,84.0137759171111,379
-7.6926,53.28823,2022/04/28 23:00:00+00,Fri 29 Apr 2022,168,223,0,3843709,3790677,240963,4084672,4031640,85.1235975099817,84.01842318432,380
-7.6926,53.28823,2022/04/29 23:00:00+00,Sat 30 Apr 2022,281,723,0,3843990,3791400,240963,4084953,4032363,85.1294534834602,84.0334903331632,381
-7.6926,53.28823,2022/04/30 23:00:00+00,Sun 01 May 2022,187,746,0,3844177,3792146,240963,4085140,4033109,85.1333505191914,84.0490367965616,382
-7.6926,53.28823,2022/05/01 23:00:00+00,Mon 02 May 2022,12,26,0,3844189,3792172,240963,4085152,4033135,85.1336005963507,84.0495786304066,383
-7.6926,53.28823,2022/05/02 23:00:00+00,Tue 03 May 2022,96,118,0,3844285,3792290,240963,4085248,4033253,85.1356012136245,84.0520377224723,384
-7.6926,53.28823,2022/05/03 23:00:00+00,Wed 04 May 2022,113,128,0,3844398,3792418,240963,4085361,4033381,85.1379561068738,84.0547052121707,385
-7.6926,53.28823,2022/05/04 23:00:00+00,Thu 05 May 2022,111,164,0,3844509,3792582,240963,4085472,4033545,85.1402693205966,84.0581229333467,386
-7.6926,53.28823,2022/05/05 23:00:00+00,Fri 06 May 2022,137,257,0,3844646,3792839,240963,4085609,4033802,85.1431243681644,84.0634787525068,387
-7.6926,53.28823,2022/05/06 23:00:00+00,Sat 07 May 2022,441,1087,0,3845087,3793926,240963,4086050,4034889,85.1523147037659,84.0861315751798,388
-7.6926,53.28823,2022/05/07 23:00:00+00,Sun 08 May 2022,273,437,0,3845360,3794363,240963,4086323,4035326,85.1580039591382,84.0952385517281,389
-7.6926,53.28823,2022/05/08 23:00:00+00,Mon 09 May 2022,23,32,0,3845383,3794395,240963,4086346,4035358,85.1584832736934,84.0959054241527,390
-7.6926,53.28823,2022/05/09 23:00:00+00,Tue 10 May 2022,80,98,1,3845463,3794493,240964,4086427,4035457,85.1601712945182,84.0979685607163,391
-7.6926,53.28823,2022/05/10 23:00:00+00,Wed 11 May 2022,110,132,0,3845573,3794625,240964,4086537,4035589,85.1624636684777,84.1007194094678,392
-7.6926,53.28823,2022/05/11 23:00:00+00,Thu 12 May 2022,207,398,0,3845780,3795023,240964,4086744,4035987,85.1667774994743,84.1090136352487,393
-7.6926,53.28823,2022/05/12 23:00:00+00,Fri 13 May 2022,175,326,0,3845955,3795349,240964,4086919,4036313,85.1704244580463,84.1158073980743,394
-7.6926,53.28823,2022/05/13 23:00:00+00,Sat 14 May 2022,333,633,0,3846288,3795982,240964,4087252,4036946,85.1773640992148,84.1289989682233,395
-7.6926,53.28823,2022/05/14 23:00:00+00,Sun 15 May 2022,168,254,0,3846456,3796236,240964,4087420,4037200,85.1808651794439,84.1342922680935,396
-7.6926,53.28823,2022/05/15 23:00:00+00,Mon 16 May 2022,31,42,0,3846487,3796278,240964,4087451,4037242,85.1815112121052,84.1351675381508,397
-7.6926,53.28823,2022/05/16 23:00:00+00,Tue 17 May 2022,94,100,0,3846581,3796378,240964,4087545,4037342,85.1834701498525,84.1372515144777,398
-7.6926,53.28823,2022/05/17 23:00:00+00,Wed 18 May 2022,93,122,0,3846674,3796500,240964,4087638,4037464,85.1854082478365,84.1397939655965,399
-7.6926,53.28823,2022/05/18 23:00:00+00,Thu 19 May 2022,73,105,0,3846747,3796605,240964,4087711,4037569,85.1869295505551,84.1419821407397,400
-7.6926,53.28823,2022/05/19 23:00:00+00,Fri 20 May 2022,126,209,0,3846873,3796814,240964,4087837,4037778,85.1895553607269,84.1463376512628,401
-7.6926,53.28823,2022/05/20 23:00:00+00,Sat 21 May 2022,392,762,0,3847265,3797576,240964,4088229,4038540,85.1977245479282,84.1622175508735,402
-7.6926,53.28823,2022/05/21 23:00:00+00,Sun 22 May 2022,234,409,0,3847499,3797985,240964,4088463,4038949,85.2026010525331,84.1707410140504,403
-7.6926,53.28823,2022/05/22 23:00:00+00,Mon 23 May 2022,26,36,0,3847525,3798021,240964,4088489,4038985,85.2031428863781,84.171491245528,404
-7.6926,53.28823,2022/05/23 23:00:00+00,Tue 24 May 2022,63,83,0,3847588,3798104,240964,4088552,4039068,85.204455791464,84.1732209458794,405
-7.6926,53.28823,2022/05/24 23:00:00+00,Wed 25 May 2022,83,133,1,3847671,3798237,240965,4088636,4039202,85.2062063315786,84.1760134741573,406
-7.6926,53.28823,2022/05/25 23:00:00+00,Thu 26 May 2022,98,155,0,3847769,3798392,240965,4088734,4039357,85.2082486283789,84.179243637464,407
-7.6926,53.28823,2022/05/26 23:00:00+00,Fri 27 May 2022,94,151,0,3847863,3798543,240965,4088828,4039508,85.2102075661261,84.1823904417175,408
-7.6926,53.28823,2022/05/27 23:00:00+00,Sat 28 May 2022,334,578,0,3848197,3799121,240965,4089162,4040086,85.2171680470579,84.1944358248868,409
-7.6926,53.28823,2022/05/28 23:00:00+00,Sun 29 May 2022,182,349,0,3848379,3799470,240965,4089344,4040435,85.2209608839727,84.2017089022676,410
-7.6926,53.28823,2022/05/29 23:00:00+00,Mon 30 May 2022,9,23,0,3848388,3799493,240965,4089353,4040458,85.2211484418422,84.2021882168227,411
-7.6926,53.28823,2022/05/30 23:00:00+00,Tue 31 May 2022,64,79,1,3848452,3799572,240966,4089418,4040538,85.2225030264546,84.2038553978842,412
-7.6926,53.28823,2022/05/31 23:00:00+00,Wed 01 Jun 2022,67,100,0,3848519,3799672,240966,4089485,4040638,85.2238992905936,84.2059393742111,413
-7.6926,53.28823,2022/06/01 23:00:00+00,Thu 02 Jun 2022,91,138,0,3848610,3799810,240966,4089576,4040776,85.2257957090511,84.2088152615422,414
-7.6926,53.28823,2022/06/02 23:00:00+00,Fri 03 Jun 2022,60,143,0,3848670,3799953,240966,4089636,4040919,85.2270460948472,84.2117953476896,415
-7.6926,53.28823,2022/06/03 23:00:00+00,Sat 04 Jun 2022,305,606,0,3848975,3800559,240966,4089941,4041525,85.2334022226441,84.2244242442304,416
-7.6926,53.28823,2022/06/04 23:00:00+00,Sun 05 Jun 2022,143,273,0,3849118,3800832,240966,4090084,4041798,85.2363823087915,84.2301134996027,417
-7.6926,53.28823,2022/06/05 23:00:00+00,Mon 06 Jun 2022,4,7,1,3849122,3800839,240967,4090089,4041806,85.2364865076079,84.2302802177088,418
-7.6926,53.28823,2022/06/06 23:00:00+00,Tue 07 Jun 2022,29,50,0,3849151,3800889,240967,4090118,4041856,85.2370908607427,84.2313222058723,419
-7.6926,53.28823,2022/06/07 23:00:00+00,Wed 08 Jun 2022,36,76,0,3849187,3800965,240967,4090154,4041932,85.2378410922203,84.2329060278807,420
-7.6926,53.28823,2022/06/08 23:00:00+00,Thu 09 Jun 2022,71,123,0,3849258,3801088,240967,4090225,4042055,85.2393207154124,84.2354693187627,421
-7.6926,53.28823,2022/06/09 23:00:00+00,Fri 10 Jun 2022,56,108,0,3849314,3801196,240967,4090281,4042163,85.2404877421555,84.2377200131957,422
-7.6926,53.28823,2022/06/10 23:00:00+00,Sat 11 Jun 2022,189,561,0,3849503,3801757,240967,4090470,4042724,85.2444264574132,84.2494111203894,423
-7.6926,53.28823,2022/06/11 23:00:00+00,Sun 12 Jun 2022,143,288,0,3849646,3802045,240967,4090613,4043012,85.2474065435606,84.2554129722108,424
-7.6926,53.28823,2022/06/12 23:00:00+00,Mon 13 Jun 2022,17,44,0,3849663,3802089,240967,4090630,4043056,85.2477608195362,84.2563299217946,425
-7.6926,53.28823,2022/06/13 23:00:00+00,Tue 14 Jun 2022,37,54,0,3849700,3802143,240967,4090667,4043110,85.2485318907771,84.2574552690111,426
-7.6926,53.28823,2022/06/14 23:00:00+00,Wed 15 Jun 2022,66,122,0,3849766,3802265,240967,4090733,4043232,85.2499073151529,84.2599977201299,427
-7.6926,53.28823,2022/06/15 23:00:00+00,Thu 16 Jun 2022,42,87,0,3849808,3802352,240967,4090775,4043319,85.2507825852101,84.2618107795343,428
-7.6926,53.28823,2022/06/16 23:00:00+00,Fri 17 Jun 2022,57,95,0,3849865,3802447,240967,4090832,4043414,85.2519704517164,84.2637905570448,429
-7.6926,53.28823,2022/06/17 23:00:00+00,Sat 18 Jun 2022,223,487,0,3850088,3802934,240967,4091055,4043901,85.2566177189254,84.2739395217566,430
-7.6926,53.28823,2022/06/18 23:00:00+00,Sun 19 Jun 2022,80,129,0,3850168,3803063,240967,4091135,4044030,85.2582848999868,84.2766278512183,431
-7.6926,53.28823,2022/06/19 23:00:00+00,Mon 20 Jun 2022,8,27,0,3850176,3803090,240967,4091143,4044057,85.258451618093,84.2771905248265,432
-7.6926,53.28823,2022/06/20 23:00:00+00,Tue 21 Jun 2022,73,168,1,3850249,3803258,240968,4091217,4044226,85.2599937605749,84.2807124448189,433
-7.6926,53.28823,2022/06/21 23:00:00+00,Wed 22 Jun 2022,60,95,0,3850309,3803353,240968,4091277,4044321,85.261244146371,84.2826922223294,434
-7.6926,53.28823,2022/06/22 23:00:00+00,Thu 23 Jun 2022,64,114,0,3850373,3803467,240968,4091341,4044435,85.2625778912202,84.2850679553421,435
-7.6926,53.28823,2022/06/23 23:00:00+00,Fri 24 Jun 2022,56,92,1,3850429,3803559,240969,4091398,4044528,85.2637657577265,84.287006053326,436
-7.6926,53.28823,2022/06/24 23:00:00+00,Sat 25 Jun 2022,210,291,0,3850639,3803850,240969,4091608,4044819,85.2681421080129,84.2930704244372,437
-7.6926,53.28823,2022/06/25 23:00:00+00,Sun 26 Jun 2022,174,403,0,3850813,3804253,240969,4091782,4045222,85.2717682268216,84.3014688490345,438
-7.6926,53.28823,2022/06/26 23:00:00+00,Mon 27 Jun 2022,4,33,0,3850817,3804286,240969,4091786,4045255,85.2718515858747,84.3021565612223,439
-7.6926,53.28823,2022/06/27 23:00:00+00,Tue 28 Jun 2022,48,60,0,3850865,3804346,240969,4091834,4045315,85.2728518945116,84.3034069470184,440
-7.6926,53.28823,2022/06/28 23:00:00+00,Wed 29 Jun 2022,63,81,3,3850928,3804427,240972,4091900,4045399,85.2742273188874,84.305157487133,441
-7.6926,53.28823,2022/06/29 23:00:00+00,Thu 30 Jun 2022,49,86,0,3850977,3804513,240972,4091949,4045485,85.2752484672875,84.3069497067741,442
-7.6926,53.28823,2022/06/30 23:00:00+00,Fri 01 Jul 2022,46,62,0,3851023,3804575,240972,4091995,4045547,85.2762070963979,84.3082417720968,443
-7.6926,53.28823,2022/07/01 23:00:00+00,Sat 02 Jul 2022,182,228,0,3851205,3804803,240972,4092177,4045775,85.2799999333128,84.312993238122,444
-7.6926,53.28823,2022/07/02 23:00:00+00,Sun 03 Jul 2022,108,274,0,3851313,3805077,240972,4092285,4046049,85.2822506277458,84.3187033332576,445
-7.6926,53.28823,2022/07/03 23:00:00+00,Mon 04 Jul 2022,13,15,0,3851326,3805092,240972,4092298,4046064,85.2825215446683,84.3190159297066,446
-7.6926,53.28823,2022/07/04 23:00:00+00,Tue 05 Jul 2022,51,69,0,3851377,3805161,240972,4092349,4046133,85.283584372595,84.3204538733722,447
-7.6926,53.28823,2022/07/05 23:00:00+00,Wed 06 Jul 2022,61,83,0,3851438,3805244,240972,4092410,4046216,85.2848555981544,84.3221835737235,448
-7.6926,53.28823,2022/07/06 23:00:00+00,Thu 07 Jul 2022,76,75,0,3851514,3805319,240972,4092486,4046291,85.2864394201628,84.3237465559686,449
-7.6926,53.28823,2022/07/07 23:00:00+00,Fri 08 Jul 2022,99,89,0,3851613,3805408,240972,4092585,4046380,85.2885025567264,84.3256012948995,450
-7.6926,53.28823,2022/07/08 23:00:00+00,Sat 09 Jul 2022,119,143,0,3851732,3805551,240972,4092704,4046523,85.2909824885553,84.3285813810469,451
-7.6926,53.28823,2022/07/09 23:00:00+00,Sun 10 Jul 2022,131,219,0,3851863,3805770,240972,4092835,4046742,85.2937124975435,84.3331452892028,452
-7.6926,53.28823,2022/07/10 23:00:00+00,Mon 11 Jul 2022,11,16,0,3851874,3805786,240972,4092846,4046758,85.2939417349395,84.3334787254151,453
-7.6926,53.28823,2022/07/11 23:00:00+00,Tue 12 Jul 2022,43,80,0,3851917,3805866,240972,4092889,4046838,85.29483784476,84.3351459064766,454
-7.6926,53.28823,2022/07/12 23:00:00+00,Wed 13 Jul 2022,99,73,0,3852016,3805939,240972,4092988,4046911,85.2969009813236,84.3366672091952,455
-7.6926,53.28823,2022/07/13 23:00:00+00,Thu 14 Jul 2022,70,39,0,3852086,3805978,240972,4093058,4046950,85.2983597647524,84.3374799599626,456
-7.6926,53.28823,2022/07/14 23:00:00+00,Fri 15 Jul 2022,79,117,1,3852165,3806095,240973,4093138,4047068,85.3000269458139,84.3399390520283,457
-7.6926,53.28823,2022/07/15 23:00:00+00,Sat 16 Jul 2022,124,209,0,3852289,3806304,240973,4093262,4047277,85.3026110764592,84.3442945625515,458
-7.6926,53.28823,2022/07/16 23:00:00+00,Sun 17 Jul 2022,119,165,0,3852408,3806469,240973,4093381,4047442,85.3050910082882,84.3477331234908,459
-7.6926,53.28823,2022/07/17 23:00:00+00,Mon 18 Jul 2022,14,17,0,3852422,3806486,240973,4093395,4047459,85.3053827649739,84.3480873994664,460
-7.6926,53.28823,2022/07/18 23:00:00+00,Tue 19 Jul 2022,29,32,0,3852451,3806518,240973,4093424,4047491,85.3059871181087,84.348754271891,461
-7.6926,53.28823,2022/07/19 23:00:00+00,Wed 20 Jul 2022,78,66,0,3852529,3806584,240973,4093502,4047557,85.3076126196437,84.3501296962667,462
-7.6926,53.28823,2022/07/20 23:00:00+00,Thu 21 Jul 2022,52,30,0,3852581,3806614,240973,4093554,4047587,85.3086962873336,84.3507548891648,463
-7.6926,53.28823,2022/07/21 23:00:00+00,Fri 22 Jul 2022,73,70,0,3852654,3806684,240973,4093627,4047657,85.3102175900523,84.3522136725936,464
-7.6926,53.28823,2022/07/22 23:00:00+00,Sat 23 Jul 2022,97,175,0,3852751,3806859,240973,4093724,4047832,85.3122390470893,84.3558606311656,465
-7.6926,53.28823,2022/07/23 23:00:00+00,Sun 24 Jul 2022,108,231,0,3852859,3807090,240973,4093832,4048063,85.3144897415223,84.3606746164806,466
-7.6926,53.28823,2022/07/24 23:00:00+00,Mon 25 Jul 2022,13,23,0,3852872,3807113,240973,4093845,4048086,85.3147606584448,84.3611539310358,467
-7.6926,53.28823,2022/07/25 23:00:00+00,Tue 26 Jul 2022,18,16,0,3852890,3807129,240973,4093863,4048102,85.3151357741837,84.3614873672481,468
-7.6926,53.28823,2022/07/26 23:00:00+00,Wed 27 Jul 2022,62,72,1,3852952,3807201,240974,4093926,4048175,85.3164486792696,84.3630086699667,469
-7.6926,53.28823,2022/07/27 23:00:00+00,Thu 28 Jul 2022,48,71,0,3853000,3807272,240974,4093974,4048246,85.3174489879065,84.3644882931588,470
-7.6926,53.28823,2022/07/28 23:00:00+00,Fri 29 Jul 2022,70,105,0,3853070,3807377,240974,4094044,4048351,85.3189077713353,84.366676468302,471
-7.6926,53.28823,2022/07/29 23:00:00+00,Sat 30 Jul 2022,100,118,0,3853170,3807495,240974,4094144,4048469,85.3209917476621,84.3691355603677,472
-7.6926,53.28823,2022/07/30 23:00:00+00,Sun 31 Jul 2022,32,57,0,3853202,3807552,240974,4094176,4048526,85.3216586200867,84.370323426874,473
-7.6926,53.28823,2022/07/31 23:00:00+00,Mon 01 Aug 2022,9,14,0,3853211,3807566,240974,4094185,4048540,85.3218461779562,84.3706151835598,474
-7.6926,53.28823,2022/08/01 23:00:00+00,Tue 02 Aug 2022,36,28,0,3853247,3807594,240974,4094221,4048568,85.3225964094338,84.3711986969313,475
-7.6926,53.28823,2022/08/02 23:00:00+00,Wed 03 Aug 2022,93,139,0,3853340,3807733,240974,4094314,4048707,85.3245345074178,84.3740954240256,476
-7.6926,53.28823,2022/08/03 23:00:00+00,Thu 04 Aug 2022,45,51,0,3853385,3807784,240974,4094359,4048758,85.3254722967649,84.3751582519523,477
-7.6926,53.28823,2022/08/04 23:00:00+00,Fri 05 Aug 2022,96,91,0,3853481,3807875,240974,4094455,4048849,85.3274729140387,84.3770546704098,478
-7.6926,53.28823,2022/08/05 23:00:00+00,Sat 06 Aug 2022,72,130,0,3853553,3808005,240974,4094527,4048979,85.328973376994,84.3797638396347,479
-7.6926,53.28823,2022/08/06 23:00:00+00,Sun 07 Aug 2022,28,80,0,3853581,3808085,240974,4094555,4049059,85.3295568903655,84.3814310206962,480
-7.6926,53.28823,2022/08/07 23:00:00+00,Mon 08 Aug 2022,10,16,0,3853591,3808101,240974,4094565,4049075,85.3297652879982,84.3817644569085,481
-7.6926,53.28823,2022/08/08 23:00:00+00,Tue 09 Aug 2022,47,42,0,3853638,3808143,240974,4094612,4049117,85.3307447568719,84.3826397269658,482
-7.6926,53.28823,2022/08/09 23:00:00+00,Wed 10 Aug 2022,54,94,0,3853692,3808237,240974,4094666,4049211,85.3318701040884,84.384598664713,483
-7.6926,53.28823,2022/08/10 23:00:00+00,Thu 11 Aug 2022,45,38,0,3853737,3808275,240974,4094711,4049249,85.3328078934355,84.3853905757172,484
-7.6926,53.28823,2022/08/11 23:00:00+00,Fri 12 Aug 2022,70,75,0,3853807,3808350,240974,4094781,4049324,85.3342666768643,84.3869535579624,485
-7.6926,53.28823,2022/08/12 23:00:00+00,Sat 13 Aug 2022,103,151,0,3853910,3808501,240974,4094884,4049475,85.3364131724809,84.3901003622159,486
-7.6926,53.28823,2022/08/13 23:00:00+00,Sun 14 Aug 2022,18,26,0,3853928,3808527,240974,4094902,4049501,85.3367882882198,84.3906421960609,487
-7.6926,53.28823,2022/08/14 23:00:00+00,Mon 15 Aug 2022,7,11,0,3853935,3808538,240974,4094909,4049512,85.3369341665626,84.3908714334569,488
-7.6926,53.28823,2022/08/15 23:00:00+00,Tue 16 Aug 2022,41,28,0,3853976,3808566,240974,4094950,4049540,85.3377885968567,84.3914549468284,489
-7.6926,53.28823,2022/08/16 23:00:00+00,Wed 17 Aug 2022,51,57,0,3854027,3808623,240974,4095001,4049597,85.3388514247834,84.3926428133347,490
-7.6926,53.28823,2022/08/17 23:00:00+00,Thu 18 Aug 2022,56,39,0,3854083,3808662,240974,4095057,4049636,85.3400184515264,84.3934555641022,491
-7.6926,53.28823,2022/08/18 23:00:00+00,Fri 19 Aug 2022,72,57,0,3854155,3808719,240974,4095129,4049693,85.3415189144817,84.3946434306085,492
-7.6926,53.28823,2022/08/19 23:00:00+00,Sat 20 Aug 2022,108,127,0,3854263,3808846,240974,4095237,4049820,85.3437696089148,84.3972900805436,493
-7.6926,53.28823,2022/08/20 23:00:00+00,Sun 21 Aug 2022,38,36,0,3854301,3808882,240974,4095275,4049856,85.344561519919,84.3980403120213,494
-7.6926,53.28823,2022/08/21 23:00:00+00,Mon 22 Aug 2022,12,13,0,3854313,3808895,240974,4095287,4049869,85.3448115970782,84.3983112289438,495
-7.6926,53.28823,2022/08/22 23:00:00+00,Tue 23 Aug 2022,76,72,0,3854389,3808967,240974,4095363,4049941,85.3463954190866,84.3998116918991,496
-7.6926,53.28823,2022/08/23 23:00:00+00,Wed 24 Aug 2022,53,54,0,3854442,3809021,240974,4095416,4049995,85.3474999265398,84.4009370391156,497
-7.6926,53.28823,2022/08/24 23:00:00+00,Thu 25 Aug 2022,40,48,0,3854482,3809069,240974,4095456,4050043,85.3483335170706,84.4019373477525,498
-7.6926,53.28823,2022/08/25 23:00:00+00,Fri 26 Aug 2022,95,88,0,3854577,3809157,240974,4095551,4050131,85.3503132945811,84.4037712469201,499
-7.6926,53.28823,2022/08/26 23:00:00+00,Sat 27 Aug 2022,86,119,0,3854663,3809276,240974,4095637,4050250,85.3521055142222,84.4062511787491,500
-7.6926,53.28823,2022/08/27 23:00:00+00,Sun 28 Aug 2022,44,20,0,3854707,3809296,240974,4095681,4050270,85.353022463806,84.4066679740145,501
-7.6926,53.28823,2022/08/28 23:00:00+00,Mon 29 Aug 2022,14,12,0,3854721,3809308,240974,4095695,4050282,85.3533142204918,84.4069180511737,502
-7.6926,53.28823,2022/08/29 23:00:00+00,Tue 30 Aug 2022,40,44,0,3854761,3809352,240974,4095735,4050326,85.3541478110225,84.4078350007575,503
-7.6926,53.28823,2022/08/30 23:00:00+00,Wed 31 Aug 2022,28,29,0,3854789,3809381,240974,4095763,4050355,85.3547313243941,84.4084393538923,504
-7.6926,53.28823,2022/08/31 23:00:00+00,Thu 01 Sep 2022,30,28,0,3854819,3809409,240974,4095793,4050383,85.3553565172921,84.4090228672638,505
-7.6926,53.28823,2022/09/01 23:00:00+00,Fri 02 Sep 2022,50,50,0,3854869,3809459,240974,4095843,4050433,85.3563985054555,84.4100648554273,506
-7.6926,53.28823,2022/09/02 23:00:00+00,Sat 03 Sep 2022,73,101,0,3854942,3809560,240974,4095916,4050534,85.3579198081741,84.4121696715174,507
-7.6926,53.28823,2022/09/03 23:00:00+00,Sun 04 Sep 2022,58,82,0,3855000,3809642,240974,4095974,4050616,85.3591285144437,84.4138785321054,508
-7.6926,53.28823,2022/09/04 23:00:00+00,Mon 05 Sep 2022,8,5,0,3855008,3809647,240974,4095982,4050621,85.3592952325499,84.4139827309218,509
-7.6926,53.28823,2022/09/05 23:00:00+00,Tue 06 Sep 2022,39,22,0,3855047,3809669,240974,4096021,4050643,85.3601079833174,84.4144412057137,510
-7.6926,53.28823,2022/09/06 23:00:00+00,Wed 07 Sep 2022,46,42,0,3855093,3809711,240974,4096067,4050685,85.3610666124277,84.415316475771,511
-7.6926,53.28823,2022/09/07 23:00:00+00,Thu 08 Sep 2022,38,49,2,3855131,3809760,240976,4096107,4050736,85.3619002029585,84.4163793036977,512
-7.6926,53.28823,2022/09/08 23:00:00+00,Fri 09 Sep 2022,62,59,0,3855193,3809819,240976,4096169,4050795,85.3631922682811,84.4176088497305,513
-7.6926,53.28823,2022/09/09 23:00:00+00,Sat 10 Sep 2022,93,135,0,3855286,3809954,240976,4096262,4050930,85.3651303662651,84.4204222177718,514
-7.6926,53.28823,2022/09/10 23:00:00+00,Sun 11 Sep 2022,57,58,0,3855343,3810012,240976,4096319,4050988,85.3663182327714,84.4216309240414,515
-7.6926,53.28823,2022/09/11 23:00:00+00,Mon 12 Sep 2022,12,12,0,3855355,3810024,240976,4096331,4051000,85.3665683099306,84.4218810012006,516
-7.6926,53.28823,2022/09/12 23:00:00+00,Tue 13 Sep 2022,27,24,0,3855382,3810048,240976,4096358,4051024,85.3671309835389,84.422381155519,517
-7.6926,53.28823,2022/09/13 23:00:00+00,Wed 14 Sep 2022,36,33,0,3855418,3810081,240976,4096394,4051057,85.3678812150166,84.4230688677069,518
-7.6926,53.28823,2022/09/14 23:00:00+00,Thu 15 Sep 2022,50,35,0,3855468,3810116,240976,4096444,4051092,85.36892320318,84.4237982594213,519
-7.6926,53.28823,2022/09/15 23:00:00+00,Fri 16 Sep 2022,38,54,0,3855506,3810170,240976,4096482,4051146,85.3697151141842,84.4249236066378,520
-7.6926,53.28823,2022/09/16 23:00:00+00,Sat 17 Sep 2022,67,148,0,3855573,3810318,240976,4096549,4051294,85.3711113783232,84.4280078916016,521
-7.6926,53.28823,2022/09/17 23:00:00+00,Sun 18 Sep 2022,30,53,0,3855603,3810371,240976,4096579,4051347,85.3717365712212,84.4291123990548,522
-7.6926,53.28823,2022/09/18 23:00:00+00,Mon 19 Sep 2022,11,11,0,3855614,3810382,240976,4096590,4051358,85.3719658086172,84.4293416364507,523
-7.6926,53.28823,2022/09/19 23:00:00+00,Tue 20 Sep 2022,37,35,0,3855651,3810417,240976,4096627,4051393,85.3727368798581,84.4300710281651,524
-7.6926,53.28823,2022/09/20 23:00:00+00,Wed 21 Sep 2022,39,31,0,3855690,3810448,240976,4096666,4051424,85.3735496306256,84.4307170608265,525
-7.6926,53.28823,2022/09/21 23:00:00+00,Thu 22 Sep 2022,62,34,0,3855752,3810482,240976,4096728,4051458,85.3748416959483,84.4314256127776,526
-7.6926,53.28823,2022/09/22 23:00:00+00,Fri 23 Sep 2022,39,39,0,3855791,3810521,240976,4096767,4051497,85.3756544467157,84.4322383635451,527
-7.6926,53.28823,2022/09/23 23:00:00+00,Sat 24 Sep 2022,55,103,0,3855846,3810624,240976,4096822,4051600,85.3768006336955,84.4343848591618,528
-7.6926,53.28823,2022/09/24 23:00:00+00,Sun 25 Sep 2022,42,74,0,3855888,3810698,240976,4096864,4051674,85.3776759037528,84.4359270016436,529
-7.6926,53.28823,2022/09/25 23:00:00+00,Mon 26 Sep 2022,13,5,0,3855901,3810703,240976,4096877,4051679,85.3779468206753,84.43603120046,530
-7.6926,53.28823,2021/07/29 23:00:00+00,Fri 30 Jul 2021,21957,22949,2122,3147939,2601716,220566,3368505,2822282,70.1988467691802,58.815688757302,531
-7.6926,53.28823,2021/07/30 23:00:00+00,Sat 31 Jul 2021,13751,12491,907,3161690,2614207,221473,3383163,2835680,70.5043160191718,59.094899905575,532
-7.6926,53.28823,2021/07/31 23:00:00+00,Sun 01 Aug 2021,11135,9340,369,3172825,2623547,221842,3394667,2845389,70.744056655814,59.2972331671501,533
-7.6926,53.28823,2021/08/01 23:00:00+00,Mon 02 Aug 2021,15028,16036,430,3187853,2639583,222272,3410125,2861855,71.0661977164204,59.6403807091313,534
-7.6926,53.28823,2021/08/02 23:00:00+00,Tue 03 Aug 2021,17350,25455,1111,3205203,2665038,223383,3428586,2888421,71.4509205861225,60.1940098601256,535
-7.6926,53.28823,2021/08/03 23:00:00+00,Wed 04 Aug 2021,22120,17311,1576,3227323,2682349,224959,3452282,2907308,71.9447396165358,60.5876104689801,536
-7.6926,53.28823,2021/08/04 23:00:00+00,Thu 05 Aug 2021,13537,30054,1421,3240860,2712403,226380,3467240,2938783,72.2564607955079,61.2435420178601,537
-7.6926,53.28823,2021/08/05 23:00:00+00,Fri 06 Aug 2021,12216,24756,948,3253076,2737159,227328,3480404,2964487,72.5307954391761,61.7792072929168,538
-7.6926,53.28823,2021/08/06 23:00:00+00,Sat 07 Aug 2021,6338,8465,583,3259414,2745624,227911,3487325,2973535,72.6750274407583,61.9677654709714,539
-7.6926,53.28823,2021/08/07 23:00:00+00,Sun 08 Aug 2021,8631,11982,153,3268045,2757606,228064,3496109,2985670,72.8580839213099,62.2206559982361,540
-7.6926,53.28823,2021/08/08 23:00:00+00,Mon 09 Aug 2021,5552,23041,600,3273597,2780647,228664,3502261,3009311,72.9862901449385,62.7133288416697,541
-7.6926,53.28823,2021/08/09 23:00:00+00,Tue 10 Aug 2021,9361,26017,716,3282958,2806664,229380,3512338,3036044,73.1962924393964,63.2704382331298,542
-7.6926,53.28823,2021/08/10 23:00:00+00,Wed 11 Aug 2021,7020,31249,666,3289978,2837913,230046,3520024,3067959,73.356466859879,63.935539277848,543
-7.6926,53.28823,2021/08/11 23:00:00+00,Thu 12 Aug 2021,6785,38304,865,3296763,2876217,230911,3527674,3107128,73.515891048884,64.7518119653168,544
-7.6926,53.28823,2021/08/12 23:00:00+00,Fri 13 Aug 2021,10935,28253,873,3307698,2904470,231784,3539482,3136254,73.76196697356,65.3587909102788,545
-7.6926,53.28823,2021/08/13 23:00:00+00,Sat 14 Aug 2021,18141,5852,281,3325839,2910322,232065,3557904,3142387,74.1458770924946,65.4866011784053,546
-7.6926,53.28823,2021/08/14 23:00:00+00,Sun 15 Aug 2021,17001,3736,52,3342840,2914058,232117,3574957,3146175,74.5012575755144,65.5655422016668,547
-7.6926,53.28823,2021/08/15 23:00:00+00,Mon 16 Aug 2021,10196,23158,384,3353036,2937216,232501,3585537,3169717,74.7217422708965,66.0561519085368,548
-7.6926,53.28823,2021/08/16 23:00:00+00,Tue 17 Aug 2021,12873,26868,528,3365909,2964084,233029,3598938,3197113,75.0010159384593,66.627078063044,549
-7.6926,53.28823,2021/08/17 23:00:00+00,Wed 18 Aug 2021,15238,25774,658,3381147,2989858,233687,3614834,3223545,75.3322848153774,67.1779146857603,550
-7.6926,53.28823,2021/08/18 23:00:00+00,Thu 19 Aug 2021,11366,25719,544,3392513,3015577,234231,3626744,3249808,75.5804863959067,67.7252293884842,551
-7.6926,53.28823,2021/08/19 23:00:00+00,Fri 20 Aug 2021,14853,22258,686,3407366,3037835,234917,3642283,3272752,75.9043154773379,68.2033769169196,552
-7.6926,53.28823,2021/08/20 23:00:00+00,Sat 21 Aug 2021,11896,7987,246,3419262,3045822,235163,3654425,3280985,76.1573518829455,68.3749506879102,553
-7.6926,53.28823,2021/08/21 23:00:00+00,Sun 22 Aug 2021,8004,12255,161,3427266,3058077,235324,3662590,3293401,76.3275085500339,68.6336971886534,554
-7.6926,53.28823,2021/08/22 23:00:00+00,Mon 23 Aug 2021,10872,15390,291,3438138,3073467,235615,3673753,3309082,76.5601428274015,68.9604855164687,555
-7.6926,53.28823,2021/08/23 23:00:00+00,Tue 24 Aug 2021,9718,22927,384,3447856,3096394,235999,3683855,3332393,76.7706661159412,69.4462812380236,556
-7.6926,53.28823,2021/08/24 23:00:00+00,Wed 25 Aug 2021,9420,19539,317,3457276,3115933,236316,3693592,3352249,76.9735828908878,69.8600755774855,557
-7.6926,53.28823,2021/08/25 23:00:00+00,Thu 26 Aug 2021,8591,19447,369,3465867,3135380,236685,3702552,3372065,77.1603071697747,70.2730363264165,558
-7.6926,53.28823,2021/08/26 23:00:00+00,Fri 27 Aug 2021,9729,19218,432,3475596,3154598,237117,3712713,3391715,77.3720600043472,70.682537674645,559
-7.6926,53.28823,2021/08/27 23:00:00+00,Sat 28 Aug 2021,9926,7933,153,3485522,3162531,237270,3722792,3399801,77.5821039783316,70.8510480004351,560
-7.6926,53.28823,2021/08/28 23:00:00+00,Sun 29 Aug 2021,8800,9194,30,3494322,3171725,237300,3731622,3409025,77.7661190879936,71.0432739768249,561
-7.6926,53.28823,2021/08/29 23:00:00+00,Mon 30 Aug 2021,5067,11145,84,3499389,3182870,237384,3736773,3420254,77.8734647085903,71.2772836785683,562
-7.6926,53.28823,2021/08/30 23:00:00+00,Tue 31 Aug 2021,4071,12904,145,3503460,3195774,237529,3740989,3433303,77.9613251505308,71.5492217494606,563
-7.6926,53.28823,2021/08/31 23:00:00+00,Wed 01 Sep 2021,4975,12547,182,3508435,3208321,237711,3746146,3446032,78.0687958097071,71.8144910961069,564
-7.6926,53.28823,2021/09/01 23:00:00+00,Thu 02 Sep 2021,5011,12366,248,3513446,3220687,237959,3751405,3458646,78.1783921247368,72.0773638699774,565
-7.6926,53.28823,2021/09/02 23:00:00+00,Fri 03 Sep 2021,4780,16081,166,3518226,3236768,238125,3756351,3474893,78.2814655938634,72.4159475038027,566
-7.6926,53.28823,2021/09/03 23:00:00+00,Sat 04 Sep 2021,4631,10586,135,3522857,3247354,238260,3761117,3485614,78.3807879056017,72.6393706058057,567
-7.6926,53.28823,2021/09/04 23:00:00+00,Sun 05 Sep 2021,5310,11905,1,3528167,3259259,238261,3766428,3497520,78.4914678883214,72.8874888272819,568
-7.6926,53.28823,2021/09/05 23:00:00+00,Mon 06 Sep 2021,2163,9690,75,3530330,3268949,238336,3768666,3507285,78.5381072785165,73.0909891156001,569
-7.6926,53.28823,2021/09/06 23:00:00+00,Tue 07 Sep 2021,3032,10028,160,3533362,3278977,238496,3771858,3517473,78.60462780287,73.3033046237808,570
-7.6926,53.28823,2021/09/07 23:00:00+00,Wed 08 Sep 2021,2612,14800,191,3535974,3293777,238687,3774661,3532464,78.663041659312,73.6157135149408,571
-7.6926,53.28823,2021/09/08 23:00:00+00,Thu 09 Sep 2021,3122,14816,138,3539096,3308593,238825,3777921,3547418,78.7309792875677,73.9273513348598,572
-7.6926,53.28823,2021/09/09 23:00:00+00,Fri 10 Sep 2021,3389,13948,116,3542485,3322541,238941,3781426,3561482,78.8040226578242,74.2204417654697,573
-7.6926,53.28823,2021/09/10 23:00:00+00,Sat 11 Sep 2021,2561,11342,62,3545046,3333883,239003,3784049,3572886,78.8586853568778,74.4580984257851,574
-7.6926,53.28823,2021/09/11 23:00:00+00,Sun 12 Sep 2021,2043,12884,1,3547089,3346767,239004,3786093,3585771,78.9012818329989,74.7266187755014,575
-7.6926,53.28823,2021/09/12 23:00:00+00,Mon 13 Sep 2021,1619,7746,52,3548708,3354513,239056,3787764,3593569,78.9361050774208,74.8891272494701,576
-7.6926,53.28823,2021/09/13 23:00:00+00,Tue 14 Sep 2021,1548,10787,82,3550256,3365300,239138,3789394,3604438,78.9700738915486,75.1156346364368,577
-7.6926,53.28823,2021/09/14 23:00:00+00,Wed 15 Sep 2021,3284,12372,138,3553540,3377672,239276,3792816,3616948,79.0413875614539,75.3763400749273,578
-7.6926,53.28823,2021/09/15 23:00:00+00,Thu 16 Sep 2021,1919,10581,115,3555459,3388253,239391,3794850,3627644,79.0837756399422,75.5992421828485,579
-7.6926,53.28823,2021/09/16 23:00:00+00,Fri 17 Sep 2021,2562,14617,95,3558021,3402870,239486,3797507,3642356,79.139146890947,75.9058367800565,580
-7.6926,53.28823,2021/09/17 23:00:00+00,Sat 18 Sep 2021,2291,11237,47,3560312,3414107,239533,3799845,3653640,79.187870257469,76.1409926687797,581
-7.6926,53.28823,2021/09/18 23:00:00+00,Sun 19 Sep 2021,1863,8492,16,3562175,3422599,239549,3801724,3662148,79.2270281726508,76.3182973746691,582
-7.6926,53.28823,2021/09/19 23:00:00+00,Mon 20 Sep 2021,959,5631,35,3563134,3428230,239584,3802718,3667814,79.2477428973398,76.4363754733492,583
-7.6926,53.28823,2021/09/20 23:00:00+00,Tue 21 Sep 2021,1473,6675,90,3564607,3434905,239674,3804281,3674579,79.2803154473286,76.5773564718614,584
-7.6926,53.28823,2021/09/21 23:00:00+00,Wed 22 Sep 2021,1899,8157,97,3566506,3443062,239771,3806277,3682833,79.3219116148128,76.7493678778807,585
-7.6926,53.28823,2021/09/22 23:00:00+00,Thu 23 Sep 2021,1690,8730,89,3568196,3451792,239860,3808056,3691652,79.3589855536677,76.9331537501467,586
-7.6926,53.28823,2021/09/23 23:00:00+00,Fri 24 Sep 2021,1912,7393,80,3570108,3459185,239940,3810048,3699125,79.4004983620988,77.0888893010531,587
-7.6926,53.28823,2021/09/24 23:00:00+00,Sat 25 Sep 2021,2422,6607,53,3572530,3465792,239993,3812523,3705785,79.4520767761886,77.2276821244221,588
-7.6926,53.28823,2021/09/25 23:00:00+00,Sun 26 Sep 2021,1549,7101,0,3574079,3472893,239993,3814072,3712886,79.4843575694917,77.3756652833926,589
-7.6926,53.28823,2021/09/26 23:00:00+00,Mon 27 Sep 2021,1174,3828,45,3575253,3476721,240038,3815291,3716759,79.5097612409162,77.456377686532,590
-7.6926,53.28823,2021/09/27 23:00:00+00,Tue 28 Sep 2021,1452,5143,93,3576705,3481864,240131,3816836,3721995,79.5419586751662,77.5654946870065,591
-7.6926,53.28823,2021/09/28 23:00:00+00,Wed 29 Sep 2021,1650,3630,80,3578355,3485494,240211,3818566,3725705,79.578011465621,77.6428102087332,592
-7.6926,53.28823,2021/09/29 23:00:00+00,Thu 30 Sep 2021,1277,3979,78,3579632,3489473,240289,3819921,3729762,79.6062493448499,77.727357128314,593
-7.6926,53.28823,2021/09/30 23:00:00+00,Fri 01 Oct 2021,1862,5188,42,3581494,3494661,240331,3821825,3734992,79.6459282541134,77.8363490902089,594
-7.6926,53.28823,2021/10/01 23:00:00+00,Sat 02 Oct 2021,1682,4098,40,3583176,3498759,240371,3823547,3739130,79.681814326462,77.9225840306144,595
-7.6926,53.28823,2021/10/02 23:00:00+00,Sun 03 Oct 2021,1196,3021,9,3584372,3501780,240380,3824752,3742160,79.7069262412007,77.9857285133184,596
-7.6926,53.28823,2021/10/03 23:00:00+00,Mon 04 Oct 2021,341,1225,18,3584713,3503005,240398,3825111,3743403,79.7144077162141,78.0116323390613,597
-7.6926,53.28823,2021/10/04 23:00:00+00,Tue 05 Oct 2021,943,2831,70,3585656,3505836,240468,3826124,3746304,79.7355183964052,78.0720884923036,598
-7.6926,53.28823,2021/10/05 23:00:00+00,Wed 06 Oct 2021,965,2577,40,3586621,3508413,240508,3827129,3748921,79.7564623584902,78.1266261527776,599
-7.6926,53.28823,2021/10/06 23:00:00+00,Thu 07 Oct 2021,1213,2704,44,3587834,3511117,240552,3828386,3751669,79.7826579409189,78.1838938222397,600
-7.6926,53.28823,2021/10/07 23:00:00+00,Fri 08 Oct 2021,908,2743,48,3588742,3513860,240600,3829342,3754460,79.8025807546037,78.2420576015225,601
-7.6926,53.28823,2021/10/08 23:00:00+00,Sat 09 Oct 2021,720,2364,23,3589462,3516224,240623,3830085,3756847,79.8180646987122,78.2918021164447,602
-7.6926,53.28823,2021/10/09 23:00:00+00,Sun 10 Oct 2021,1510,3922,2,3590972,3520146,240625,3831597,3760771,79.8495744207744,78.3735773475108,603
-7.6926,53.28823,2021/10/10 23:00:00+00,Mon 11 Oct 2021,334,1134,19,3591306,3521280,240644,3831950,3761924,79.8569308572082,78.3976055945595,604
-7.6926,53.28823,2021/10/11 23:00:00+00,Tue 12 Oct 2021,562,1620,21,3591868,3522900,240665,3832533,3763565,79.8690804391938,78.4318036460833,605
-7.6926,53.28823,2021/10/12 23:00:00+00,Wed 13 Oct 2021,985,2077,11,3592853,3524977,240676,3833529,3765653,79.8898368434094,78.4753170717882,606
-7.6926,53.28823,2021/10/13 23:00:00+00,Thu 14 Oct 2021,648,1606,8,3593501,3526583,240684,3834185,3767267,79.9035077281136,78.5089524497038,607
-7.6926,53.28823,2021/10/14 23:00:00+00,Fri 15 Oct 2021,956,2075,9,3594457,3528658,240693,3835150,3769351,79.9236180996678,78.5523825163556,608
-7.6926,53.28823,2021/10/15 23:00:00+00,Sat 16 Oct 2021,1374,2646,14,3595831,3531304,240707,3836538,3772011,79.9525436910847,78.6078162866501,609
-7.6926,53.28823,2021/10/16 23:00:00+00,Sun 17 Oct 2021,1701,2892,2,3597532,3534196,240709,3838241,3774905,79.9880338079312,78.6681265615495,610
-7.6926,53.28823,2021/10/17 23:00:00+00,Mon 18 Oct 2021,676,1250,6,3598208,3535446,240715,3838923,3776161,80.0022465264804,78.6943013042149,611
-7.6926,53.28823,2021/10/18 23:00:00+00,Tue 19 Oct 2021,1335,1804,13,3599543,3537250,240728,3840271,3777978,80.0303385273665,78.732167154074,612
-7.6926,53.28823,2021/10/19 23:00:00+00,Wed 20 Oct 2021,2251,2332,0,3601794,3539582,240728,3842522,3780310,80.0772488344841,78.7807654820164,613
-7.6926,53.28823,2021/10/20 23:00:00+00,Thu 21 Oct 2021,1724,1846,11,3603518,3541428,240739,3844257,3782167,80.1134058237552,78.8194649224063,614
-7.6926,53.28823,2021/10/21 23:00:00+00,Fri 22 Oct 2021,1504,1932,3,3605022,3543360,240742,3845764,3784102,80.144811347001,78.859789864331,615
-7.6926,53.28823,2021/10/22 23:00:00+00,Sat 23 Oct 2021,2018,1702,1,3607040,3545062,240743,3847783,3785805,80.1868868290404,78.8952799811775,616
-7.6926,53.28823,2021/10/23 23:00:00+00,Sun 24 Oct 2021,1954,2186,2,3608994,3547248,240745,3849739,3787993,80.2276494059938,78.9408773832093,617
-7.6926,53.28823,2021/10/24 23:00:00+00,Mon 25 Oct 2021,1229,855,2,3610223,3548103,240747,3850970,3788850,80.2533031545775,78.9587370603305,618
-7.6926,53.28823,2021/10/25 23:00:00+00,Tue 26 Oct 2021,1236,1234,6,3611459,3549337,240753,3852212,3790090,80.2791861405571,78.9845783667836,619
-7.6926,53.28823,2021/10/26 23:00:00+00,Wed 27 Oct 2021,1555,1425,6,3613014,3550762,240759,3853773,3791521,80.3117170110194,79.014400068021,620
-7.6926,53.28823,2021/10/27 23:00:00+00,Thu 28 Oct 2021,2150,1695,5,3615164,3552457,240764,3855928,3793221,80.3566267008633,79.0498276655777,621
-7.6926,53.28823,2021/10/28 23:00:00+00,Fri 29 Oct 2021,2140,1366,2,3617304,3553823,240766,3858070,3794589,80.4012654737847,79.0783364617291,622
-7.6926,53.28823,2021/10/29 23:00:00+00,Sat 30 Oct 2021,2019,1454,1,3619323,3555277,240767,3860090,3796044,80.4433617955873,79.108658317285,623
-7.6926,53.28823,2021/10/30 23:00:00+00,Sun 31 Oct 2021,1596,1320,0,3620919,3556597,240767,3861686,3797364,80.4766220577641,79.1361668047996,624
-7.6926,53.28823,2021/11/01 00:00:00+00,Mon 01 Nov 2021,284,291,2,3621203,3556888,240769,3861972,3797657,80.4825822300589,79.1422728554373,625
-7.6926,53.28823,2021/11/02 00:00:00+00,Tue 02 Nov 2021,1099,1097,10,3622302,3557985,240779,3863081,3798764,80.5056935275238,79.1653424733756,626
-7.6926,53.28823,2021/11/03 00:00:00+00,Wed 03 Nov 2021,2535,1882,7,3624837,3559867,240786,3865623,3800653,80.5586682057527,79.2047087861901,627
-7.6926,53.28823,2021/11/04 00:00:00+00,Thu 04 Nov 2021,1532,1287,2,3626369,3561154,240788,3867157,3801942,80.5906364026067,79.2315712410433,628
-7.6926,53.28823,2021/11/05 00:00:00+00,Fri 05 Nov 2021,1628,1101,4,3627997,3562255,240792,3868789,3803047,80.6246468962611,79.2545991794552,629
-7.6926,53.28823,2021/11/06 00:00:00+00,Sat 06 Nov 2021,1818,1356,6,3629815,3563611,240798,3870613,3804409,80.6626586244631,79.282982937027,630
-7.6926,53.28823,2021/11/07 00:00:00+00,Sun 07 Nov 2021,696,774,0,3630511,3564385,240798,3871309,3805183,80.6771630996981,79.2991129137969,631
-7.6926,53.28823,2021/11/08 00:00:00+00,Mon 08 Nov 2021,515,532,3,3631026,3564917,240801,3871827,3805718,80.6879580970712,79.3102621871457,632
-7.6926,53.28823,2021/11/09 00:00:00+00,Tue 09 Nov 2021,1367,1066,3,3632393,3565983,240804,3873197,3806787,80.7165085727492,79.3325398940798,633
-7.6926,53.28823,2021/11/10 00:00:00+00,Wed 10 Nov 2021,1595,1362,2,3633988,3567345,240806,3874794,3808151,80.7497896746892,79.3609653311782,634
-7.6926,53.28823,2021/11/11 00:00:00+00,Thu 11 Nov 2021,1385,1119,2,3635373,3568464,240808,3876181,3809272,80.7786944263428,79.3843267058024,635
-7.6926,53.28823,2021/11/12 00:00:00+00,Fri 12 Nov 2021,1141,1156,6,3636514,3569620,240814,3877328,3810434,80.8025976348119,79.4085425107205,636
-7.6926,53.28823,2021/11/13 00:00:00+00,Sat 13 Nov 2021,1396,1383,0,3637910,3571003,240814,3878724,3811817,80.8316899443349,79.437363903321,637
