X,Y,VaccinationDate,VaccineText,Dose1,Dose2,SingleDose,Dose1Cum,Dose2Cum,SingleDoseCum,PartiallyVacc,FullyVacc,PartialPercent,FullyPercent,ObjectId
-7.6926,53.28823,2020/12/28 00:00:00+00,Mon 28 Dec 2020,286,24,4,286,24,4,290,28,0.0060435313479013,0.000583513371521505,1
-7.6926,53.28823,2020/12/29 00:00:00+00,Tue 29 Dec 2020,80,3,0,366,27,4,370,31,0.00771071240939131,0.00064603266132738,2
-7.6926,53.28823,2020/12/30 00:00:00+00,Wed 30 Dec 2020,1064,2,0,1430,29,4,1434,33,0.0298842205272085,0.000687712187864631,3
-7.6926,53.28823,2020/12/31 00:00:00+00,Thu 31 Dec 2020,1042,1,0,2472,30,4,2476,34,0.0515992538531159,0.000708551951133256,4
-7.6926,53.28823,2021/01/01 00:00:00+00,Fri 01 Jan 2021,822,0,0,3294,30,4,3298,34,0.0687295392599258,0.000708551951133256,5
-7.6926,53.28823,2021/01/02 00:00:00+00,Sat 02 Jan 2021,1021,0,0,4315,30,4,4319,34,0.0900069375571921,0.000708551951133256,6
-7.6926,53.28823,2021/01/03 00:00:00+00,Sun 03 Jan 2021,24,3,1,4339,33,5,4344,38,0.0905279316389078,0.000791911004207756,7
-7.6926,53.28823,2021/01/04 00:00:00+00,Mon 04 Jan 2021,1197,5,0,5536,38,5,5541,43,0.115473128271452,0.000896109820550883,8
-7.6926,53.28823,2021/01/05 00:00:00+00,Tue 05 Jan 2021,3545,14,0,9081,52,5,9086,57,0.189350089058728,0.00118786650631163,9
-7.6926,53.28823,2021/01/06 00:00:00+00,Wed 06 Jan 2021,6796,14,0,15877,66,5,15882,71,0.330977120232305,0.00147962319207239,10
-7.6926,53.28823,2021/01/07 00:00:00+00,Thu 07 Jan 2021,11741,9,0,27618,75,5,27623,80,0.575656780769233,0.00166718106149001,11
-7.6926,53.28823,2021/01/08 00:00:00+00,Fri 08 Jan 2021,12690,7,0,40308,82,5,40313,87,0.840113376648087,0.00181305940437039,12
-7.6926,53.28823,2021/01/09 00:00:00+00,Sat 09 Jan 2021,8081,7,0,48389,89,5,48394,94,1.00851950362185,0.00195893774725077,13
-7.6926,53.28823,2021/01/10 00:00:00+00,Sun 10 Jan 2021,4790,5,1,53179,94,6,53185,100,1.10836280944183,0.00208397632686252,14
-7.6926,53.28823,2021/01/11 00:00:00+00,Mon 11 Jan 2021,8354,8,0,61533,102,6,61539,108,1.28245819178792,0.00225069443301152,15
-7.6926,53.28823,2021/01/12 00:00:00+00,Tue 12 Jan 2021,8900,15,0,70433,117,6,70439,123,1.46793208487869,0.0025632908820409,16
-7.6926,53.28823,2021/01/13 00:00:00+00,Wed 13 Jan 2021,9904,5,0,80337,122,6,80343,128,1.67432910029115,0.00266748969838402,17
-7.6926,53.28823,2021/01/14 00:00:00+00,Thu 14 Jan 2021,8099,6,0,88436,128,6,88442,134,1.84311034300375,0.00279252827799577,18
-7.6926,53.28823,2021/01/15 00:00:00+00,Fri 15 Jan 2021,7707,4,0,96143,132,6,96149,138,2.00372239851504,0.00287588733107027,19
-7.6926,53.28823,2021/01/16 00:00:00+00,Sat 16 Jan 2021,5247,2,0,101390,134,6,101396,140,2.11306863638552,0.00291756685760752,20
-7.6926,53.28823,2021/01/17 00:00:00+00,Sun 17 Jan 2021,1118,5,0,102508,139,6,102514,145,2.13636749171984,0.00302176567395065,21
-7.6926,53.28823,2021/01/18 00:00:00+00,Mon 18 Jan 2021,8731,9,1,111239,148,7,111246,155,2.31834030458148,0.0032301633066369,22
-7.6926,53.28823,2021/01/19 00:00:00+00,Tue 19 Jan 2021,8396,21,0,119635,169,7,119642,176,2.49331095698485,0.00366779833527803,23
-7.6926,53.28823,2021/01/20 00:00:00+00,Wed 20 Jan 2021,8458,965,0,128093,1134,7,128100,1141,2.66957367471088,0.0237781698895013,24
-7.6926,53.28823,2021/01/21 00:00:00+00,Thu 21 Jan 2021,9020,966,0,137113,2100,7,137120,2107,2.85754833939388,0.0439093812069932,25
-7.6926,53.28823,2021/01/22 00:00:00+00,Fri 22 Jan 2021,6794,970,0,143907,3070,7,143914,3077,2.99913369104092,0.0641239515775597,26
-7.6926,53.28823,2021/01/23 00:00:00+00,Sat 23 Jan 2021,4201,461,0,148108,3531,7,148115,3538,3.08668153653242,0.0737310824443959,27
-7.6926,53.28823,2021/01/24 00:00:00+00,Sun 24 Jan 2021,1188,399,0,149296,3930,7,149303,3937,3.11143917529554,0.0820461479885773,28
-7.6926,53.28823,2021/01/25 00:00:00+00,Mon 25 Jan 2021,1376,1294,0,150672,5224,7,150679,5231,3.14011468955317,0.109012801658178,29
-7.6926,53.28823,2021/01/26 00:00:00+00,Tue 26 Jan 2021,1012,3507,0,151684,8731,7,151691,8738,3.16120452998102,0.182097851441247,30
-7.6926,53.28823,2021/01/27 00:00:00+00,Wed 27 Jan 2021,2191,6710,0,153875,15441,7,153882,15448,3.20686445130258,0.321932662973722,31
-7.6926,53.28823,2021/01/28 00:00:00+00,Thu 28 Jan 2021,1028,11544,0,154903,26985,7,154910,26992,3.22828772794273,0.562506890146731,32
-7.6926,53.28823,2021/01/29 00:00:00+00,Fri 29 Jan 2021,1591,11526,0,156494,38511,7,156501,38518,3.26144379130311,0.802706001580904,33
-7.6926,53.28823,2021/01/30 00:00:00+00,Sat 30 Jan 2021,656,7795,0,157150,46306,7,157157,46313,3.27511467600733,0.965151956259838,34
-7.6926,53.28823,2021/01/31 00:00:00+00,Sun 31 Jan 2021,239,4088,0,157389,50394,7,157396,50401,3.28009537942853,1.05034490850198,35
-7.6926,53.28823,2021/02/01 00:00:00+00,Mon 01 Feb 2021,1043,8335,1,158432,58729,8,158440,58737,3.30185209228097,1.22406517510924,36
-7.6926,53.28823,2021/02/02 00:00:00+00,Tue 02 Feb 2021,847,5112,1,159279,63841,9,159288,63850,3.31952421153277,1.33061888470172,37
-7.6926,53.28823,2021/02/03 00:00:00+00,Wed 03 Feb 2021,1413,6872,0,160692,70713,9,160701,70722,3.34897079703133,1.47382973788371,38
-7.6926,53.28823,2021/02/04 00:00:00+00,Thu 04 Feb 2021,1456,10542,1,162148,81255,10,162158,81265,3.37933433211372,1.69354336202482,39
-7.6926,53.28823,2021/02/05 00:00:00+00,Fri 05 Feb 2021,3408,8616,0,165556,89871,10,165566,89881,3.4503562453332,1.8730987623473,40
-7.6926,53.28823,2021/02/06 00:00:00+00,Sat 06 Feb 2021,912,3871,0,166468,93742,10,166478,93752,3.46936210943418,1.95376948596015,41
-7.6926,53.28823,2021/02/07 00:00:00+00,Sun 07 Feb 2021,339,1301,2,166807,95043,12,166819,95055,3.47646846870878,1.98092369749917,42
-7.6926,53.28823,2021/02/08 00:00:00+00,Mon 08 Feb 2021,1196,882,0,168003,95925,12,168015,95937,3.50139282557806,1.99930436870209,43
-7.6926,53.28823,2021/02/09 00:00:00+00,Tue 09 Feb 2021,4276,554,3,172279,96479,15,172294,96494,3.59056617260451,2.01091211684272,44
-7.6926,53.28823,2021/02/10 00:00:00+00,Wed 10 Feb 2021,8835,585,0,181114,97064,15,181129,97079,3.77468548108281,2.02310337835486,45
-7.6926,53.28823,2021/02/11 00:00:00+00,Thu 11 Feb 2021,6206,452,0,187320,97516,15,187335,97531,3.9040170519279,2.03252295135228,46
-7.6926,53.28823,2021/02/12 00:00:00+00,Fri 12 Feb 2021,4407,527,0,191727,98043,15,191742,98058,3.99585788865273,2.04350550659485,47
-7.6926,53.28823,2021/02/13 00:00:00+00,Sat 13 Feb 2021,1224,1918,0,192951,99961,15,192966,99976,4.02136575889353,2.08347617254407,48
-7.6926,53.28823,2021/02/14 00:00:00+00,Sun 14 Feb 2021,2712,28,0,195663,99989,15,195678,100004,4.07788319687804,2.08405968591559,49
-7.6926,53.28823,2021/02/15 00:00:00+00,Mon 15 Feb 2021,1974,7896,0,197637,107885,15,197652,107900,4.1190208895703,2.24861045668466,50
-7.6926,53.28823,2021/02/16 00:00:00+00,Tue 16 Feb 2021,5662,8169,0,203299,116054,15,203314,116069,4.23701562919726,2.41885048282606,51
-7.6926,53.28823,2021/02/17 00:00:00+00,Wed 17 Feb 2021,9761,8467,0,213060,124521,15,213075,124536,4.44043255846231,2.5953007584215,52
-7.6926,53.28823,2021/02/18 00:00:00+00,Thu 18 Feb 2021,8477,8361,1,221537,132882,16,221553,132898,4.61711207145371,2.76956285887375,53
-7.6926,53.28823,2021/02/19 00:00:00+00,Fri 19 Feb 2021,9401,6593,2,230938,139475,18,230956,139493,4.8130683654686,2.90700109763033,54
-7.6926,53.28823,2021/02/20 00:00:00+00,Sat 20 Feb 2021,5900,3581,2,236838,143056,20,236858,143076,4.93606464828002,2.98166996942182,55
-7.6926,53.28823,2021/02/21 00:00:00+00,Sun 21 Feb 2021,1118,1025,6,237956,144081,26,237982,144107,4.95948854219396,3.00315576535177,56
-7.6926,53.28823,2021/02/22 00:00:00+00,Mon 22 Feb 2021,3955,1128,2,241911,145209,28,241939,145237,5.04195148544791,3.02670469784531,57
-7.6926,53.28823,2021/02/23 00:00:00+00,Tue 23 Feb 2021,13377,1074,1,255288,146283,29,255317,146312,5.32074583845557,3.04910744335909,58
-7.6926,53.28823,2021/02/24 00:00:00+00,Wed 24 Feb 2021,16952,2110,6,272240,148393,35,272275,148428,5.67414654396492,3.0932043824355,59
-7.6926,53.28823,2021/02/25 00:00:00+00,Thu 25 Feb 2021,18110,1768,3,290350,150161,38,290388,150199,6.05161717604953,3.13011160318423,60
-7.6926,53.28823,2021/02/26 00:00:00+00,Fri 26 Feb 2021,16096,2778,1,306446,152939,39,306485,152978,6.38707484538459,3.18802530530774,61
-7.6926,53.28823,2021/02/27 00:00:00+00,Sat 27 Feb 2021,9013,706,1,315459,153645,40,315499,153685,6.57492447148797,3.20275901793866,62
-7.6926,53.28823,2021/02/28 00:00:00+00,Sun 28 Feb 2021,2454,61,2,317913,153706,42,317955,153748,6.62610693007572,3.20407192302458,63
-7.6926,53.28823,2021/03/01 00:00:00+00,Mon 01 Mar 2021,5631,809,0,323544,154515,42,323586,154557,6.74345563704135,3.2209312915089,64
-7.6926,53.28823,2021/03/02 00:00:00+00,Tue 02 Mar 2021,12211,1621,0,335755,156136,42,335797,156178,6.99792998631453,3.25471254776734,65
-7.6926,53.28823,2021/03/03 00:00:00+00,Wed 03 Mar 2021,12924,1514,1,348679,157650,43,348722,157693,7.26728392656151,3.28628478911931,66
-7.6926,53.28823,2021/03/04 00:00:00+00,Thu 04 Mar 2021,18741,1698,5,367420,159348,48,367468,159396,7.65794612879515,3.32177490596578,67
-7.6926,53.28823,2021/03/05 00:00:00+00,Fri 05 Mar 2021,18473,2407,6,385893,161755,54,385947,161809,8.04304411423608,3.37206125473297,68
-7.6926,53.28823,2021/03/06 00:00:00+00,Sat 06 Mar 2021,10414,149,5,396307,161904,59,396366,161963,8.26017360773189,3.37527057827634,69
-7.6926,53.28823,2021/03/07 00:00:00+00,Sun 07 Mar 2021,1539,17,4,397846,161921,63,397909,161984,8.29232936245537,3.37570821330498,70
-7.6926,53.28823,2021/03/08 00:00:00+00,Mon 08 Mar 2021,6684,1511,6,404530,163432,69,404599,163501,8.43174737872248,3.40732213418348,71
-7.6926,53.28823,2021/03/09 00:00:00+00,Tue 09 Mar 2021,13860,3115,6,418390,166547,75,418465,166622,8.72071153620523,3.47236303534486,72
-7.6926,53.28823,2021/03/10 00:00:00+00,Wed 10 Mar 2021,13761,4005,3,432151,170552,78,432229,170630,9.00755003783459,3.55588880652551,73
-7.6926,53.28823,2021/03/11 00:00:00+00,Thu 11 Mar 2021,18507,2108,4,450658,172660,82,450740,172742,9.39331489570011,3.59990238654885,74
-7.6926,53.28823,2021/03/12 00:00:00+00,Fri 12 Mar 2021,17361,1350,4,468019,174010,86,468105,174096,9.75519738485979,3.62811942601457,75
-7.6926,53.28823,2021/03/13 00:00:00+00,Sat 13 Mar 2021,8339,182,0,476358,174192,86,476444,174278,9.92898017075685,3.63191226292946,76
-7.6926,53.28823,2021/03/14 00:00:00+00,Sun 14 Mar 2021,396,23,2,476754,174215,88,476842,174303,9.93727439653776,3.63243325701117,77
-7.6926,53.28823,2021/03/15 00:00:00+00,Mon 15 Mar 2021,2678,1005,0,479432,175220,88,479520,175308,9.99308328257114,3.65337721909614,78
-7.6926,53.28823,2021/03/16 00:00:00+00,Tue 16 Mar 2021,8975,3831,2,488407,179051,90,488497,179141,10.1801618374336,3.73325603170478,79
-7.6926,53.28823,2021/03/17 00:00:00+00,Wed 17 Mar 2021,4912,2429,7,493319,181480,97,493416,181577,10.282672632952,3.78402169502715,80
-7.6926,53.28823,2021/03/18 00:00:00+00,Thu 18 Mar 2021,11750,4691,7,505069,186171,104,505173,186275,10.5276857297012,3.88192690286315,81
-7.6926,53.28823,2021/03/19 00:00:00+00,Fri 19 Mar 2021,10396,6142,2,515465,192313,106,515571,192419,10.7443775881683,4.00996640838559,82
-7.6926,53.28823,2021/03/20 00:00:00+00,Sat 20 Mar 2021,5260,3129,4,520725,195442,110,520835,195552,10.8540781020144,4.07525738670619,83
-7.6926,53.28823,2021/03/21 00:00:00+00,Sun 21 Mar 2021,3660,59,3,524385,195501,113,524498,195614,10.9304141548674,4.07654945202885,84
-7.6926,53.28823,2021/03/22 00:00:00+00,Mon 22 Mar 2021,7435,2419,1,531820,197920,114,531934,198034,11.0853786345329,4.12698167913892,85
-7.6926,53.28823,2021/03/23 00:00:00+00,Tue 23 Mar 2021,12583,7411,6,544403,205331,120,544523,205451,11.3477304143216,4.28155020330231,86
-7.6926,53.28823,2021/03/24 00:00:00+00,Wed 24 Mar 2021,13650,9786,2,558053,215117,122,558175,215239,11.6322348624649,4.48552980617561,87
-7.6926,53.28823,2021/03/25 00:00:00+00,Thu 25 Mar 2021,20896,10232,3,578949,225349,125,579074,225474,12.0677650750159,4.69882478322999,88
-7.6926,53.28823,2021/03/26 00:00:00+00,Fri 26 Mar 2021,19719,9514,1,598668,234863,126,598794,234989,12.4787252066731,4.89711513073096,89
-7.6926,53.28823,2021/03/27 00:00:00+00,Sat 27 Mar 2021,11772,5364,3,610440,240227,129,610569,240356,12.7241134191612,5.00896214019367,90
-7.6926,53.28823,2021/03/28 00:00:00+00,Sun 28 Mar 2021,2505,489,0,612945,240716,129,613074,240845,12.7763170261491,5.01915278443203,91
-7.6926,53.28823,2021/03/28 23:00:00+00,Mon 29 Mar 2021,9294,3132,3,622239,243848,132,622371,243980,12.9700643052575,5.08448544227917,92
-7.6926,53.28823,2021/03/29 23:00:00+00,Tue 30 Mar 2021,13347,8681,4,635586,252529,136,635722,252665,13.2482959846569,5.26547878626718,93
-7.6926,53.28823,2021/03/30 23:00:00+00,Wed 31 Mar 2021,15858,10516,4,651444,263045,140,651584,263185,13.5788563096239,5.48471309585312,94
-7.6926,53.28823,2021/03/31 23:00:00+00,Thu 01 Apr 2021,19730,11592,9,671174,274637,149,671323,274786,13.9902123967833,5.72647518953244,95
-7.6926,53.28823,2021/04/01 23:00:00+00,Fri 02 Apr 2021,20166,13729,9,691340,288366,158,691498,288524,14.4106546207278,6.01277185731681,96
-7.6926,53.28823,2021/04/02 23:00:00+00,Sat 03 Apr 2021,7559,4644,7,698899,293010,165,699064,293175,14.5683282696182,6.10969759627918,97
-7.6926,53.28823,2021/04/03 23:00:00+00,Sun 04 Apr 2021,3048,174,3,701947,293184,168,702115,293352,14.6319103873508,6.11338623437773,98
-7.6926,53.28823,2021/04/04 23:00:00+00,Mon 05 Apr 2021,3455,618,6,705402,293802,174,705576,293976,14.7040368080235,6.12639024665735,99
-7.6926,53.28823,2021/04/05 23:00:00+00,Tue 06 Apr 2021,12012,8162,12,717414,301964,186,717600,302150,14.9546141215654,6.2967344716151,100
-7.6926,53.28823,2021/04/06 23:00:00+00,Wed 07 Apr 2021,18385,10499,12,735799,312463,198,735997,312661,15.3380032464183,6.51578122333162,101
-7.6926,53.28823,2021/04/07 23:00:00+00,Thu 08 Apr 2021,20207,10580,18,756006,323043,216,756222,323259,15.7594874585263,6.7366410344525,102
-7.6926,53.28823,2021/04/08 23:00:00+00,Fri 09 Apr 2021,20689,9173,16,776695,332216,232,776927,332448,16.1909747570032,6.9281376191279,103
-7.6926,53.28823,2021/04/09 23:00:00+00,Sat 10 Apr 2021,11193,4187,12,787888,336403,244,788132,336647,16.4244843044281,7.01564378509286,104
-7.6926,53.28823,2021/04/10 23:00:00+00,Sun 11 Apr 2021,2875,369,9,790763,336772,253,791016,337025,16.4845861816948,7.0235212156084,105
-7.6926,53.28823,2021/04/11 23:00:00+00,Mon 12 Apr 2021,7794,2810,14,798557,339582,267,798824,339849,16.6473030532962,7.082372707079,106
-7.6926,53.28823,2021/04/12 23:00:00+00,Tue 13 Apr 2021,11535,8597,1,810092,348179,268,810360,348447,16.8877105623631,7.26155299166264,107
-7.6926,53.28823,2022/03/01 00:00:00+00,Tue 01 Mar 2022,132,937,0,3832380,3754579,241107,4073487,3995686,84.8905047578221,83.2691503357598,108
-7.6926,53.28823,2022/03/02 00:00:00+00,Wed 02 Mar 2022,207,997,2,3832587,3755576,241109,4073696,3996685,84.8948602683453,83.2899692592652,109
-7.6926,53.28823,2022/03/03 00:00:00+00,Thu 03 Mar 2022,279,1277,0,3832866,3756853,241109,4073975,3997962,84.9006745622972,83.3165816369592,110
-7.6926,53.28823,2022/03/04 00:00:00+00,Fri 04 Mar 2022,735,1508,1,3833601,3758361,241110,4074711,3999471,84.916012628063,83.3480288397316,111
-7.6926,53.28823,2022/03/05 00:00:00+00,Sat 05 Mar 2022,963,3341,0,3834564,3761702,241110,4075674,4002812,84.9360813200906,83.4176544888121,112
-7.6926,53.28823,2022/03/06 00:00:00+00,Sun 06 Mar 2022,455,1916,0,3835019,3763618,241110,4076129,4004728,84.9455634123779,83.4575834752348,113
-7.6926,53.28823,2022/03/07 00:00:00+00,Mon 07 Mar 2022,116,125,1,3835135,3763743,241111,4076246,4004854,84.9480016646803,83.4602092854066,114
-7.6926,53.28823,2022/03/08 00:00:00+00,Tue 08 Mar 2022,120,493,0,3835255,3764236,241111,4076366,4005347,84.9505024362725,83.470483288698,115
-7.6926,53.28823,2022/03/09 00:00:00+00,Wed 09 Mar 2022,130,344,1,3835385,3764580,241112,4076497,4005692,84.9532324452607,83.4776730070257,116
-7.6926,53.28823,2022/03/10 00:00:00+00,Thu 10 Mar 2022,259,508,0,3835644,3765088,241112,4076756,4006200,84.9586299439473,83.4882596067662,117
-7.6926,53.28823,2022/03/11 00:00:00+00,Fri 11 Mar 2022,493,2183,0,3836137,3767271,241112,4077249,4008383,84.9689039472387,83.5337528099816,118
-7.6926,53.28823,2022/03/12 00:00:00+00,Sat 12 Mar 2022,473,2393,2,3836610,3769664,241114,4077724,4010778,84.9788028347913,83.5836640430099,119
-7.6926,53.28823,2022/03/13 00:00:00+00,Sun 13 Mar 2022,358,1082,0,3836968,3770746,241114,4078082,4011860,84.9862634700415,83.6062126668666,120
-7.6926,53.28823,2022/03/14 00:00:00+00,Mon 14 Mar 2022,109,122,0,3837077,3770868,241114,4078191,4011982,84.9885350042378,83.6087551179854,121
-7.6926,53.28823,2022/03/15 00:00:00+00,Tue 15 Mar 2022,222,755,1,3837299,3771623,241115,4078414,4012738,84.9931822714467,83.6245099790164,122
-7.6926,53.28823,2022/03/16 00:00:00+00,Wed 16 Mar 2022,195,798,0,3837494,3772421,241115,4078609,4013536,84.9972460252841,83.6411401101048,123
-7.6926,53.28823,2022/03/18 00:00:00+00,Fri 18 Mar 2022,4,6,0,3837498,3772427,241115,4078613,4013542,84.9973293843371,83.6412651486844,124
-7.6926,53.28823,2022/03/19 00:00:00+00,Sat 19 Mar 2022,743,2779,0,3838241,3775206,241115,4079356,4016321,85.0128133284457,83.6991788508079,125
-7.6926,53.28823,2022/03/20 00:00:00+00,Sun 20 Mar 2022,395,1402,0,3838636,3776608,241115,4079751,4017723,85.0210450349368,83.7283961989105,126
-7.6926,53.28823,2022/03/21 00:00:00+00,Mon 21 Mar 2022,56,112,0,3838692,3776720,241115,4079807,4017835,85.0222120616799,83.7307302523966,127
-7.6926,53.28823,2022/03/22 00:00:00+00,Tue 22 Mar 2022,141,575,0,3838833,3777295,241115,4079948,4018410,85.0251504683007,83.7427131162761,128
-7.6926,53.28823,2022/03/23 00:00:00+00,Wed 23 Mar 2022,102,221,0,3838935,3777516,241115,4080050,4018631,85.0272761241541,83.7473187039585,129
-7.6926,53.28823,2022/03/24 00:00:00+00,Thu 24 Mar 2022,147,245,0,3839082,3777761,241115,4080197,4018876,85.0303395693546,83.7524244459593,130
-7.6926,53.28823,2022/03/25 00:00:00+00,Fri 25 Mar 2022,434,1625,0,3839516,3779386,241115,4080631,4020501,85.0393840266132,83.7862890612708,131
-7.6926,53.28823,2022/03/26 00:00:00+00,Sat 26 Mar 2022,874,1848,1,3840390,3781234,241116,4081506,4022350,85.0576188194733,83.8248217835545,132
-7.6926,53.28823,2022/03/27 00:00:00+00,Sun 27 Mar 2022,380,804,0,3840770,3782038,241116,4081886,4023154,85.0655379295153,83.8415769532224,133
-7.6926,53.28823,2022/03/27 23:00:00+00,Mon 28 Mar 2022,44,53,1,3840814,3782091,241117,4081931,4023208,85.0664757188624,83.8427023004389,134
-7.6926,53.28823,2022/03/28 23:00:00+00,Tue 29 Mar 2022,137,193,3,3840951,3782284,241120,4082071,4023404,85.06939328572,83.8467868940396,135
-7.6926,53.28823,2022/03/29 23:00:00+00,Wed 30 Mar 2022,109,136,0,3841060,3782420,241120,4082180,4023540,85.0716648199163,83.8496211018441,136
-7.6926,53.28823,2022/03/30 23:00:00+00,Thu 31 Mar 2022,227,360,0,3841287,3782780,241120,4082407,4023900,85.0763954461783,83.8571234166208,137
-7.6926,53.28823,2022/03/31 23:00:00+00,Fri 01 Apr 2022,307,905,0,3841594,3783685,241120,4082714,4024805,85.0827932535017,83.8759834023789,138
-7.6926,53.28823,2022/04/01 23:00:00+00,Sat 02 Apr 2022,729,1538,1,3842323,3785223,241121,4083444,4026344,85.0980062806879,83.9080557980493,139
-7.6926,53.28823,2022/04/02 23:00:00+00,Sun 03 Apr 2022,538,817,0,3842861,3786040,241121,4083982,4027161,85.1092180733264,83.9250818846398,140
-7.6926,53.28823,2022/04/03 23:00:00+00,Mon 04 Apr 2022,50,52,0,3842911,3786092,241121,4084032,4027213,85.1102600614898,83.9261655523298,141
-7.6926,53.28823,2022/04/04 23:00:00+00,Tue 05 Apr 2022,131,170,0,3843042,3786262,241121,4084163,4027383,85.112990070478,83.9297083120855,142
-7.6926,53.28823,2022/04/05 23:00:00+00,Wed 06 Apr 2022,158,210,0,3843200,3786472,241121,4084321,4027593,85.1162827530744,83.9340846623719,143
-7.6926,53.28823,2022/04/06 23:00:00+00,Thu 07 Apr 2022,117,179,0,3843317,3786651,241121,4084438,4027772,85.1187210053769,83.9378149799969,144
-7.6926,53.28823,2022/04/07 23:00:00+00,Fri 08 Apr 2022,256,422,2,3843573,3787073,241123,4084696,4028196,85.1240976643002,83.9466510396229,145
-7.6926,53.28823,2022/04/08 23:00:00+00,Sat 09 Apr 2022,558,1018,0,3844131,3788091,241123,4085254,4029214,85.1357262522041,83.9678659186303,146
-7.6926,53.28823,2022/04/09 23:00:00+00,Sun 10 Apr 2022,413,719,0,3844544,3788810,241123,4085667,4029933,85.144333074434,83.9828497084204,147
-7.6926,53.28823,2022/04/10 23:00:00+00,Mon 11 Apr 2022,70,93,1,3844614,3788903,241124,4085738,4030027,85.1458126976261,83.9848086461677,148
-7.6926,53.28823,2022/04/11 23:00:00+00,Tue 12 Apr 2022,197,178,0,3844811,3789081,241124,4085935,4030205,85.14991813099,83.9885181240295,149
-7.6926,53.28823,2022/04/12 23:00:00+00,Wed 13 Apr 2022,141,235,0,3844952,3789316,241124,4086076,4030440,85.1528565376109,83.9934154683976,150
-7.6926,53.28823,2022/04/13 23:00:00+00,Thu 14 Apr 2022,359,431,0,3845311,3789747,241124,4086435,4030871,85.1603380126243,84.0023974063664,151
-7.6926,53.28823,2022/04/14 23:00:00+00,Fri 15 Apr 2022,446,990,0,3845757,3790737,241124,4086881,4031861,85.1696325470421,84.0230287720024,152
-7.6926,53.28823,2022/04/15 23:00:00+00,Sat 16 Apr 2022,43,88,0,3845800,3790825,241124,4086924,4031949,85.1705286568627,84.02486267117,153
-7.6926,53.28823,2022/04/16 23:00:00+00,Sun 17 Apr 2022,1,1,0,3845801,3790826,241124,4086925,4031950,85.1705494966259,84.0248835109333,154
-7.6926,53.28823,2022/04/17 23:00:00+00,Mon 18 Apr 2022,36,62,1,3845837,3790888,241125,4086962,4032013,85.1713205678669,84.0261964160192,155
-7.6926,53.28823,2022/04/18 23:00:00+00,Tue 19 Apr 2022,218,270,1,3846055,3791158,241126,4087181,4032284,85.1758844760227,84.031843991865,156
-7.6926,53.28823,2022/04/19 23:00:00+00,Wed 20 Apr 2022,251,607,0,3846306,3791765,241126,4087432,4032891,85.1811152566031,84.044493728169,157
-7.6926,53.28823,2022/04/20 23:00:00+00,Thu 21 Apr 2022,170,236,0,3846476,3792001,241126,4087602,4033127,85.1846580163588,84.0494119123004,158
-7.6926,53.28823,2022/04/21 23:00:00+00,Fri 22 Apr 2022,195,254,0,3846671,3792255,241126,4087797,4033381,85.1887217701962,84.0547052121707,159
-7.6926,53.28823,2022/04/22 23:00:00+00,Sat 23 Apr 2022,325,1010,0,3846996,3793265,241126,4088122,4034391,85.1954946932585,84.075753373072,160
-7.6926,53.28823,2022/04/23 23:00:00+00,Sun 24 Apr 2022,181,252,0,3847177,3793517,241126,4088303,4034643,85.1992666904101,84.0810049934157,161
-7.6926,53.28823,2022/04/24 23:00:00+00,Mon 25 Apr 2022,41,59,1,3847218,3793576,241127,4088345,4034703,85.2001419604674,84.0822553792118,162
-7.6926,53.28823,2022/04/25 23:00:00+00,Tue 26 Apr 2022,144,238,0,3847362,3793814,241127,4088489,4034941,85.2031428863781,84.0872152428697,163
-7.6926,53.28823,2022/04/26 23:00:00+00,Wed 27 Apr 2022,122,208,0,3847484,3794022,241127,4088611,4035149,85.2056853374968,84.0915499136296,164
-7.6926,53.28823,2022/04/27 23:00:00+00,Thu 28 Apr 2022,100,130,0,3847584,3794152,241127,4088711,4035279,85.2077693138237,84.0942590828545,165
-7.6926,53.28823,2022/04/28 23:00:00+00,Fri 29 Apr 2022,169,222,0,3847753,3794374,241127,4088880,4035501,85.2112912338161,84.0988855103002,166
-7.6926,53.28823,2022/04/29 23:00:00+00,Sat 30 Apr 2022,281,724,0,3848034,3795098,241127,4089161,4036225,85.2171472072946,84.1139734989066,167
-7.6926,53.28823,2022/04/30 23:00:00+00,Sun 01 May 2022,188,747,0,3848222,3795845,241127,4089349,4036972,85.2210650827891,84.1295408020683,168
-7.6926,53.28823,2022/05/01 23:00:00+00,Mon 02 May 2022,12,26,0,3848234,3795871,241127,4089361,4036998,85.2213151599483,84.1300826359133,169
-7.6926,53.28823,2022/05/02 23:00:00+00,Tue 03 May 2022,96,118,0,3848330,3795989,241127,4089457,4037116,85.2233157772221,84.132541727979,170
-7.6926,53.28823,2022/05/03 23:00:00+00,Wed 04 May 2022,113,128,0,3848443,3796117,241127,4089570,4037244,85.2256706704715,84.1352092176774,171
-7.6926,53.28823,2022/05/04 23:00:00+00,Thu 05 May 2022,112,165,0,3848555,3796282,241127,4089682,4037409,85.2280047239575,84.1386477786167,172
-7.6926,53.28823,2022/05/05 23:00:00+00,Fri 06 May 2022,138,257,0,3848693,3796539,241127,4089820,4037666,85.2308806112886,84.1440035977767,173
-7.6926,53.28823,2022/05/06 23:00:00+00,Sat 07 May 2022,441,1088,0,3849134,3797627,241127,4090261,4038754,85.2400709468901,84.166677260213,174
-7.6926,53.28823,2022/05/07 23:00:00+00,Sun 08 May 2022,274,437,0,3849408,3798064,241127,4090535,4039191,85.2457810420257,84.1757842367614,175
-7.6926,53.28823,2022/05/08 23:00:00+00,Mon 09 May 2022,24,32,0,3849432,3798096,241127,4090559,4039223,85.2462811963441,84.176451109186,176
-7.6926,53.28823,2022/05/09 23:00:00+00,Tue 10 May 2022,80,98,1,3849512,3798194,241128,4090640,4039322,85.2479692171689,84.1785142457496,177
-7.6926,53.28823,2022/05/10 23:00:00+00,Wed 11 May 2022,112,132,0,3849624,3798326,241128,4090752,4039454,85.250303270655,84.181265094501,178
-7.6926,53.28823,2022/05/11 23:00:00+00,Thu 12 May 2022,207,398,0,3849831,3798724,241128,4090959,4039852,85.2546171016516,84.1895593202819,179
-7.6926,53.28823,2022/05/12 23:00:00+00,Fri 13 May 2022,173,326,0,3850004,3799050,241128,4091132,4040178,85.258222380697,84.1963530831075,180
-7.6926,53.28823,2022/05/13 23:00:00+00,Sat 14 May 2022,333,633,0,3850337,3799683,241128,4091465,4040811,85.2651620218655,84.2095446532566,181
-7.6926,53.28823,2022/05/14 23:00:00+00,Sun 15 May 2022,168,254,0,3850505,3799937,241128,4091633,4041065,85.2686631020946,84.2148379531268,182
-7.6926,53.28823,2022/05/15 23:00:00+00,Mon 16 May 2022,31,41,0,3850536,3799978,241128,4091664,4041106,85.269309134756,84.2156923834208,183
-7.6926,53.28823,2022/05/16 23:00:00+00,Tue 17 May 2022,97,101,0,3850633,3800079,241128,4091761,4041207,85.271330591793,84.2177971995109,184
-7.6926,53.28823,2022/05/17 23:00:00+00,Wed 18 May 2022,99,123,0,3850732,3800202,241128,4091860,4041330,85.2733937283566,84.220360490393,185
-7.6926,53.28823,2022/05/18 23:00:00+00,Thu 19 May 2022,73,107,0,3850805,3800309,241128,4091933,4041437,85.2749150310752,84.2225903450627,186
-7.6926,53.28823,2022/05/19 23:00:00+00,Fri 20 May 2022,126,209,0,3850931,3800518,241128,4092059,4041646,85.2775408412471,84.2269458555859,187
-7.6926,53.28823,2022/05/20 23:00:00+00,Sat 21 May 2022,392,762,0,3851323,3801280,241128,4092451,4042408,85.2857100284484,84.2428257551965,188
-7.6926,53.28823,2022/05/21 23:00:00+00,Sun 22 May 2022,234,410,0,3851557,3801690,241128,4092685,4042818,85.2905865330532,84.2513700581367,189
-7.6926,53.28823,2022/05/22 23:00:00+00,Mon 23 May 2022,26,35,0,3851583,3801725,241128,4092711,4042853,85.2911283668982,84.2520994498511,190
-7.6926,53.28823,2022/05/23 23:00:00+00,Tue 24 May 2022,64,83,0,3851647,3801808,241128,4092775,4042936,85.2924621117474,84.2538291502024,191
-7.6926,53.28823,2022/05/24 23:00:00+00,Wed 25 May 2022,87,134,1,3851734,3801942,241129,4092863,4043071,85.294296010915,84.2566425182437,192
-7.6926,53.28823,2022/05/25 23:00:00+00,Thu 26 May 2022,97,155,0,3851831,3802097,241129,4092960,4043226,85.2963174679521,84.2598726815503,193
-7.6926,53.28823,2022/05/26 23:00:00+00,Fri 27 May 2022,95,152,1,3851926,3802249,241130,4093056,4043379,85.2983180852259,84.2630611653304,194
-7.6926,53.28823,2022/05/27 23:00:00+00,Sat 28 May 2022,335,580,0,3852261,3802829,241130,4093391,4043959,85.3052994059209,84.2751482280262,195
-7.6926,53.28823,2022/05/28 23:00:00+00,Sun 29 May 2022,182,349,0,3852443,3803178,241130,4093573,4044308,85.3090922428358,84.2824213054069,196
-7.6926,53.28823,2022/05/29 23:00:00+00,Mon 30 May 2022,9,24,0,3852452,3803202,241130,4093582,4044332,85.3092798007052,84.2829214597254,197
-7.6926,53.28823,2022/05/30 23:00:00+00,Tue 31 May 2022,65,80,2,3852517,3803282,241132,4093649,4044414,85.3106760648442,84.2846303203134,198
-7.6926,53.28823,2022/05/31 23:00:00+00,Wed 01 Jun 2022,69,102,0,3852586,3803384,241132,4093718,4044516,85.3121140085097,84.2867559761668,199
-7.6926,53.28823,2022/06/01 23:00:00+00,Thu 02 Jun 2022,91,142,0,3852677,3803526,241132,4093809,4044658,85.3140104269672,84.289715222551,200
-7.6926,53.28823,2022/06/02 23:00:00+00,Fri 03 Jun 2022,60,143,0,3852737,3803669,241132,4093869,4044801,85.3152608127633,84.2926953086984,201
-7.6926,53.28823,2022/06/03 23:00:00+00,Sat 04 Jun 2022,305,607,0,3853042,3804276,241132,4094174,4045408,85.3216169405602,84.3053450450024,202
-7.6926,53.28823,2022/06/04 23:00:00+00,Sun 05 Jun 2022,143,273,0,3853185,3804549,241132,4094317,4045681,85.3245970267076,84.3110343003748,203
-7.6926,53.28823,2022/06/05 23:00:00+00,Mon 06 Jun 2022,5,7,1,3853190,3804556,241133,4094323,4045689,85.3247220652872,84.3112010184809,204
-7.6926,53.28823,2022/06/06 23:00:00+00,Tue 07 Jun 2022,29,54,0,3853219,3804610,241133,4094352,4045743,85.325326418422,84.3123263656974,205
-7.6926,53.28823,2022/06/07 23:00:00+00,Wed 08 Jun 2022,36,76,0,3853255,3804686,241133,4094388,4045819,85.3260766498997,84.3139101877058,206
-7.6926,53.28823,2022/06/08 23:00:00+00,Thu 09 Jun 2022,73,122,0,3853328,3804808,241133,4094461,4045941,85.3275979526183,84.3164526388246,207
-7.6926,53.28823,2022/06/09 23:00:00+00,Fri 10 Jun 2022,56,108,0,3853384,3804916,241133,4094517,4046049,85.3287649793613,84.3187033332576,208
-7.6926,53.28823,2022/06/10 23:00:00+00,Sat 11 Jun 2022,190,562,0,3853574,3805478,241133,4094707,4046611,85.3327245343824,84.3304152802146,209
-7.6926,53.28823,2022/06/11 23:00:00+00,Sun 12 Jun 2022,143,288,0,3853717,3805766,241133,4094850,4046899,85.3357046205298,84.3364171320359,210
-7.6926,53.28823,2022/06/12 23:00:00+00,Mon 13 Jun 2022,17,44,0,3853734,3805810,241133,4094867,4046943,85.3360588965054,84.3373340816198,211
-7.6926,53.28823,2022/06/13 23:00:00+00,Tue 14 Jun 2022,37,55,0,3853771,3805865,241133,4094904,4046998,85.3368299677463,84.3384802685995,212
-7.6926,53.28823,2022/06/14 23:00:00+00,Wed 15 Jun 2022,66,123,0,3853837,3805988,241133,4094970,4047121,85.338205392122,84.3410435594816,213
-7.6926,53.28823,2022/06/15 23:00:00+00,Thu 16 Jun 2022,42,85,0,3853879,3806073,241133,4095012,4047206,85.3390806621793,84.3428149393594,214
-7.6926,53.28823,2021/07/29 23:00:00+00,Fri 30 Jul 2021,21973,22972,2123,3150862,2603841,220681,3371543,2824522,70.2621579699903,58.8623698270237,215
-7.6926,53.28823,2021/07/30 23:00:00+00,Sat 31 Jul 2021,13762,12506,907,3164624,2616347,221588,3386212,2837935,70.5678564573778,59.1418935717458,216
-7.6926,53.28823,2021/07/31 23:00:00+00,Sun 01 Aug 2021,11157,9355,369,3175781,2625702,221957,3397738,2847659,70.808055568812,59.3445394297699,217
-7.6926,53.28823,2021/08/01 23:00:00+00,Mon 02 Aug 2021,15041,16060,431,3190822,2641762,222388,3413210,2864150,71.1304883861041,59.6882079658328,218
-7.6926,53.28823,2021/08/02 23:00:00+00,Tue 03 Aug 2021,17362,25468,1111,3208184,2667230,223499,3431683,2890729,71.5154613329654,60.2421080337496,219
-7.6926,53.28823,2021/08/03 23:00:00+00,Wed 04 Aug 2021,22138,17332,1576,3230322,2684562,225075,3455397,2909637,72.0096554791176,60.6361462776327,220
-7.6926,53.28823,2021/08/04 23:00:00+00,Thu 05 Aug 2021,13554,30073,1421,3243876,2714635,226496,3470372,2941131,72.3217309340653,61.2924737820148,221
-7.6926,53.28823,2021/08/05 23:00:00+00,Fri 06 Aug 2021,12233,24766,949,3256109,2739401,227445,3483554,2966846,72.5964406934723,61.8283682944675,222
-7.6926,53.28823,2021/08/06 23:00:00+00,Sat 07 Aug 2021,6345,8477,585,3262454,2747878,228030,3490484,2975908,72.7408602529239,62.0172182292078,223
-7.6926,53.28823,2021/08/07 23:00:00+00,Sun 08 Aug 2021,8635,11995,153,3271089,2759873,228183,3499272,2988056,72.9240000925286,62.2703796733951,224
-7.6926,53.28823,2021/08/08 23:00:00+00,Mon 09 Aug 2021,5566,23055,601,3276655,2782928,228784,3505439,3011712,73.0525189126062,62.7633651132777,225
-7.6926,53.28823,2021/08/09 23:00:00+00,Tue 10 Aug 2021,9383,26036,718,3286038,2808964,229502,3515540,3038466,73.2630213613825,63.3209121397665,226
-7.6926,53.28823,2021/08/10 23:00:00+00,Wed 11 Aug 2021,7036,31252,668,3293074,2840216,230170,3523244,3070386,73.423570897604,63.986117383301,227
-7.6926,53.28823,2021/08/11 23:00:00+00,Thu 12 Aug 2021,6794,38315,865,3299868,2878531,231035,3530903,3109566,73.5831826444784,64.8026193081657,228
-7.6926,53.28823,2021/08/12 23:00:00+00,Fri 13 Aug 2021,10952,28242,875,3310820,2906773,231910,3542730,3138683,73.8296545246565,65.4094106952583,229
-7.6926,53.28823,2021/08/13 23:00:00+00,Sat 14 Aug 2021,18151,5860,281,3328971,2912633,232191,3561162,3144824,74.2137730412238,65.5373876814909,230
-7.6926,53.28823,2021/08/14 23:00:00+00,Sun 15 Aug 2021,17005,3742,52,3345976,2916375,232243,3578219,3148618,74.5692368832967,65.6164537433321,231
-7.6926,53.28823,2021/08/15 23:00:00+00,Mon 16 Aug 2021,10208,23175,386,3356184,2939550,232629,3588813,3172179,74.7900133353645,66.1074594057041,232
-7.6926,53.28823,2021/08/16 23:00:00+00,Tue 17 Aug 2021,12885,26883,531,3369069,2966433,233160,3602229,3199593,75.0695995993764,66.6787606759502,233
-7.6926,53.28823,2021/08/17 23:00:00+00,Wed 18 Aug 2021,15247,25790,658,3384316,2992223,233818,3618134,3226041,75.4010560341639,67.2299307348788,234
-7.6926,53.28823,2021/08/18 23:00:00+00,Thu 19 Aug 2021,11380,25744,545,3395696,3017967,234363,3630059,3252330,75.6495702111422,67.7777872714477,235
-7.6926,53.28823,2021/08/19 23:00:00+00,Fri 20 Aug 2021,14867,22288,686,3410563,3040255,235049,3645612,3275304,75.9736910492592,68.2565599927811,236
-7.6926,53.28823,2021/08/20 23:00:00+00,Sat 21 Aug 2021,11913,8000,246,3422476,3048255,235295,3657771,3283550,76.2270817308424,68.4284046806942,237
-7.6926,53.28823,2021/08/21 23:00:00+00,Sun 22 Aug 2021,8007,12265,162,3430483,3060520,235457,3665940,3295977,76.3973217569838,68.6873804188334,238
-7.6926,53.28823,2021/08/22 23:00:00+00,Mon 23 Aug 2021,10887,15409,291,3441370,3075929,235748,3677118,3311677,76.6302686308005,69.0145647021508,239
-7.6926,53.28823,2021/08/23 23:00:00+00,Tue 24 Aug 2021,9724,22940,384,3451094,3098869,236132,3687226,3335001,76.8409169579197,69.5006313406282,240
-7.6926,53.28823,2021/08/24 23:00:00+00,Wed 25 Aug 2021,9426,19554,318,3460520,3118423,236450,3696970,3354873,77.0439796112092,69.9147591163023,241
-7.6926,53.28823,2021/08/25 23:00:00+00,Thu 26 Aug 2021,8603,19466,370,3469123,3137889,236820,3705943,3374709,77.2309748070186,70.3281366604988,242
-7.6926,53.28823,2021/08/26 23:00:00+00,Fri 27 Aug 2021,9734,19242,432,3478857,3157131,237252,3716109,3394383,77.4428318404074,70.7381381630457,243
-7.6926,53.28823,2021/08/27 23:00:00+00,Sat 28 Aug 2021,9934,7944,155,3488791,3165075,237407,3726198,3402482,77.6530842120246,70.9069194057583,244
-7.6926,53.28823,2021/08/28 23:00:00+00,Sun 29 Aug 2021,8806,9203,30,3497597,3174278,237437,3735034,3411715,77.8372243602661,71.0993329400175,245
-7.6926,53.28823,2021/08/29 23:00:00+00,Mon 30 Aug 2021,5072,11167,85,3502669,3185445,237522,3740191,3422967,77.9446950194425,71.3338219563161,246
-7.6926,53.28823,2021/08/30 23:00:00+00,Tue 31 Aug 2021,4081,12918,146,3506750,3198363,237668,3744418,3436031,78.0327846987789,71.6060726236574,247
-7.6926,53.28823,2021/08/31 23:00:00+00,Wed 01 Sep 2021,5001,12572,184,3511751,3210935,237852,3749603,3448787,78.1408388713267,71.871904643912,248
-7.6926,53.28823,2021/09/01 23:00:00+00,Thu 02 Sep 2021,5016,12386,249,3516767,3223321,238101,3754868,3461422,78.2505602249361,72.1352150528111,249
-7.6926,53.28823,2021/09/02 23:00:00+00,Fri 03 Sep 2021,4788,16116,167,3521555,3239437,238268,3759823,3477705,78.3538212519321,72.4745489181141,250
-7.6926,53.28823,2021/09/03 23:00:00+00,Sat 04 Sep 2021,4633,10594,136,3526188,3250031,238404,3764592,3488435,78.4532060829602,72.6981595779865,251
-7.6926,53.28823,2021/09/04 23:00:00+00,Sun 05 Sep 2021,5310,11915,1,3531498,3261946,238405,3769903,3500351,78.5638860656798,72.9464861970954,252
-7.6926,53.28823,2021/09/05 23:00:00+00,Mon 06 Sep 2021,2171,9702,76,3533669,3271648,238481,3772150,3510129,78.6107130137444,73.150257402336,253
-7.6926,53.28823,2021/09/06 23:00:00+00,Tue 07 Sep 2021,3039,10043,162,3536708,3281691,238643,3775351,3520334,78.6774210959673,73.3629271864923,254
-7.6926,53.28823,2021/09/07 23:00:00+00,Wed 08 Sep 2021,2615,14820,191,3539323,3296511,238834,3778157,3535345,78.7358974716991,73.6757528729177,255
-7.6926,53.28823,2021/09/08 23:00:00+00,Thu 09 Sep 2021,3130,14839,138,3542453,3311350,238972,3781425,3550322,78.8040018180609,73.9878700073919,256
-7.6926,53.28823,2021/09/09 23:00:00+00,Fri 10 Sep 2021,3395,13956,116,3545848,3325306,239088,3784936,3564394,78.8771702268971,74.281127156108,257
-7.6926,53.28823,2021/09/10 23:00:00+00,Sat 11 Sep 2021,2563,11348,62,3548411,3336654,239150,3787561,3575804,78.9318746054772,74.518908855003,258
-7.6926,53.28823,2021/09/11 23:00:00+00,Sun 12 Sep 2021,2045,12888,1,3550456,3349542,239151,3789607,3588693,78.9745127611248,74.7875125637723,259
-7.6926,53.28823,2021/09/12 23:00:00+00,Mon 13 Sep 2021,1624,7756,52,3552080,3357298,239203,3791283,3596501,79.0094402043631,74.9502294353737,260
-7.6926,53.28823,2021/09/13 23:00:00+00,Tue 14 Sep 2021,1557,10800,82,3553637,3368098,239285,3792922,3607383,79.0435965763603,75.1770077392629,261
-7.6926,53.28823,2021/09/14 23:00:00+00,Wed 15 Sep 2021,3291,12381,138,3556928,3380479,239423,3796351,3619902,79.1150561246085,75.4379007356228,262
-7.6926,53.28823,2021/09/15 23:00:00+00,Thu 16 Sep 2021,1920,10586,115,3558848,3391065,239538,3798386,3630603,79.1574650428601,75.6609070423604,263
-7.6926,53.28823,2021/09/16 23:00:00+00,Fri 17 Sep 2021,2564,14631,95,3561412,3405696,239633,3801045,3645329,79.2128779733914,75.9677933962541,264
-7.6926,53.28823,2021/09/17 23:00:00+00,Sat 18 Sep 2021,2292,11246,48,3563704,3416942,239681,3803385,3656623,79.26164301944,76.20315768261,265
-7.6926,53.28823,2021/09/18 23:00:00+00,Sun 19 Sep 2021,1865,8498,16,3565569,3425440,239697,3805266,3665137,79.3008426141482,76.3805874270791,266
-7.6926,53.28823,2021/09/19 23:00:00+00,Mon 20 Sep 2021,967,5643,35,3566536,3431083,239732,3806268,3670815,79.3217240569434,76.4989156029183,267
-7.6926,53.28823,2021/09/20 23:00:00+00,Tue 21 Sep 2021,1478,6688,90,3568014,3437771,239822,3807836,3677593,79.3544008057486,76.6401675183531,268
-7.6926,53.28823,2021/09/21 23:00:00+00,Wed 22 Sep 2021,1902,8170,97,3569916,3445941,239919,3809835,3685860,79.3960594925226,76.8124498412948,269
-7.6926,53.28823,2021/09/22 23:00:00+00,Thu 23 Sep 2021,1692,8742,89,3571608,3454683,240008,3811616,3694691,79.433175110904,76.99648579072,270
-7.6926,53.28823,2021/09/23 23:00:00+00,Fri 24 Sep 2021,1916,7404,81,3573524,3462087,240089,3813613,3702176,79.4747921181515,77.1524714187857,271
-7.6926,53.28823,2021/09/24 23:00:00+00,Sat 25 Sep 2021,2426,6616,53,3575950,3468703,240142,3816092,3708845,79.5264538912944,77.2914518000241,272
-7.6926,53.28823,2021/09/25 23:00:00+00,Sun 26 Sep 2021,1550,7102,0,3577500,3475805,240142,3817642,3715947,79.5587555243607,77.4394557987579,273
-7.6926,53.28823,2021/09/26 23:00:00+00,Mon 27 Sep 2021,1181,3840,45,3578681,3479645,240187,3818868,3719832,79.5843050741281,77.5204182790565,274
-7.6926,53.28823,2021/09/27 23:00:00+00,Tue 28 Sep 2021,1455,5160,93,3580136,3484805,240280,3820416,3725085,79.6165650276679,77.6298895555066,275
-7.6926,53.28823,2021/09/28 23:00:00+00,Wed 29 Sep 2021,1654,3637,80,3581790,3488442,240360,3822150,3728802,79.6527011771757,77.7073509555761,276
-7.6926,53.28823,2021/09/29 23:00:00+00,Thu 30 Sep 2021,1276,3995,78,3583066,3492437,240438,3823504,3732875,79.6809182166414,77.7922313113692,277
-7.6926,53.28823,2021/09/30 23:00:00+00,Fri 01 Oct 2021,1875,5206,42,3584941,3497643,240480,3825421,3738123,79.7208680428274,77.9015983890029,278
-7.6926,53.28823,2021/10/01 23:00:00+00,Sat 02 Oct 2021,1684,4107,41,3586625,3501750,240521,3827146,3742271,79.7568166344657,77.9880417270412,279
-7.6926,53.28823,2021/10/02 23:00:00+00,Sun 03 Oct 2021,1197,3023,9,3587822,3504773,240530,3828352,3745303,79.7819493889677,78.0512278892717,280
-7.6926,53.28823,2021/10/03 23:00:00+00,Mon 04 Oct 2021,350,1244,18,3588172,3506017,240548,3828720,3746565,79.7896184218506,78.0775276705167,281
-7.6926,53.28823,2021/10/04 23:00:00+00,Tue 05 Oct 2021,960,2840,70,3589132,3508857,240618,3829750,3749475,79.8110833780173,78.1381713816284,282
-7.6926,53.28823,2021/10/05 23:00:00+00,Wed 06 Oct 2021,975,2584,40,3590107,3511441,240658,3830765,3752099,79.8322357377349,78.1928549204452,283
-7.6926,53.28823,2021/10/06 23:00:00+00,Thu 07 Oct 2021,1213,2720,44,3591320,3514161,240702,3832022,3754863,79.8584313201636,78.2504560261197,284
-7.6926,53.28823,2021/10/07 23:00:00+00,Fri 08 Oct 2021,916,2759,48,3592236,3516920,240750,3832986,3757670,79.8785208519545,78.3089532416148,285
-7.6926,53.28823,2021/10/08 23:00:00+00,Sat 09 Oct 2021,725,2370,23,3592961,3519290,240773,3833734,3760063,79.8941089948795,78.3588227951166,286
-7.6926,53.28823,2021/10/09 23:00:00+00,Sun 10 Oct 2021,1520,3929,3,3594481,3523219,240776,3835257,3763995,79.9258479543376,78.4407647442888,287
-7.6926,53.28823,2021/10/10 23:00:00+00,Mon 11 Oct 2021,335,1145,19,3594816,3524364,240795,3835611,3765159,79.9332252305347,78.4650222287335,288
-7.6926,53.28823,2021/10/11 23:00:00+00,Tue 12 Oct 2021,563,1631,21,3595379,3525995,240816,3836195,3766811,79.9453956522836,78.4994495176533,289
-7.6926,53.28823,2021/10/12 23:00:00+00,Wed 13 Oct 2021,990,2084,11,3596369,3528079,240827,3837196,3768906,79.9662562553154,78.543108821701,290
-7.6926,53.28823,2021/10/13 23:00:00+00,Thu 14 Oct 2021,655,1619,9,3597024,3529698,240836,3837860,3770534,79.9800938581258,78.5770359563024,291
-7.6926,53.28823,2021/10/14 23:00:00+00,Fri 15 Oct 2021,957,2088,10,3597981,3531786,240846,3838827,3772632,80.0002459092066,78.6207577796399,292
-7.6926,53.28823,2021/10/15 23:00:00+00,Sat 16 Oct 2021,1384,2658,14,3599365,3534444,240860,3840225,3775304,80.0293798982561,78.6764416270937,293
-7.6926,53.28823,2021/10/16 23:00:00+00,Sun 17 Oct 2021,1708,2893,3,3601073,3537337,240863,3841936,3778200,80.0650367332087,78.7367935815196,294
-7.6926,53.28823,2021/10/17 23:00:00+00,Mon 18 Oct 2021,679,1266,6,3601752,3538603,240869,3842621,3779472,80.0793119710477,78.7633017603973,295
-7.6926,53.28823,2021/10/18 23:00:00+00,Tue 19 Oct 2021,1343,1815,13,3603095,3540418,240882,3843977,3781300,80.10757069004,78.8013968476524,296
-7.6926,53.28823,2021/10/19 23:00:00+00,Wed 20 Oct 2021,2263,2350,0,3605358,3542768,240882,3846240,3783650,80.1547310743169,78.8503702913336,297
-7.6926,53.28823,2021/10/20 23:00:00+00,Thu 21 Oct 2021,1731,1860,11,3607089,3544628,240893,3847982,3785521,80.1910339419308,78.8893614884092,298
-7.6926,53.28823,2021/10/21 23:00:00+00,Fri 22 Oct 2021,1509,1941,3,3608598,3546569,240896,3849494,3787465,80.222543663993,78.9298739882035,299
-7.6926,53.28823,2021/10/22 23:00:00+00,Sat 23 Oct 2021,2018,1714,1,3610616,3548283,240897,3851513,3789180,80.2646191460323,78.9656141822091,300
-7.6926,53.28823,2021/10/23 23:00:00+00,Sun 24 Oct 2021,1959,2191,2,3612575,3550474,240899,3853474,3791373,80.3054859218021,79.0113157830572,301
-7.6926,53.28823,2021/10/24 23:00:00+00,Mon 25 Oct 2021,1239,869,2,3613814,3551343,240901,3854715,3792244,80.3313480680185,79.0294672168642,302
-7.6926,53.28823,2021/10/25 23:00:00+00,Tue 26 Oct 2021,1247,1240,6,3615061,3552583,240907,3855968,3793490,80.3574602913941,79.0554335618969,303
-7.6926,53.28823,2021/10/26 23:00:00+00,Wed 27 Oct 2021,1568,1438,6,3616629,3554021,240913,3857542,3794934,80.3902620787789,79.0855261800568,304
-7.6926,53.28823,2021/10/27 23:00:00+00,Thu 28 Oct 2021,2159,1708,5,3618788,3555729,240918,3859706,3796647,80.4353593264922,79.121224694536,305
-7.6926,53.28823,2021/10/28 23:00:00+00,Fri 29 Oct 2021,2148,1382,2,3620936,3557111,240920,3861856,3798031,80.4801648175197,79.1500669268997,306
-7.6926,53.28823,2021/10/29 23:00:00+00,Sat 30 Oct 2021,2021,1459,1,3622957,3558570,240921,3863878,3799491,80.5223028188489,79.1804929812719,307
-7.6926,53.28823,2021/10/30 23:00:00+00,Sun 31 Oct 2021,1601,1322,0,3624558,3559892,240921,3865479,3800813,80.555667279842,79.2080431483131,308
-7.6926,53.28823,2021/11/01 00:00:00+00,Mon 01 Nov 2021,294,303,2,3624852,3560195,240923,3865775,3801118,80.5618358497695,79.21439927611,309
-7.6926,53.28823,2021/11/02 00:00:00+00,Tue 02 Nov 2021,1100,1100,10,3625952,3561295,240933,3866885,3802228,80.5849679869977,79.2375314133382,310
-7.6926,53.28823,2021/11/03 00:00:00+00,Wed 03 Nov 2021,2540,1888,7,3628492,3563183,240940,3869432,3804123,80.6380468640428,79.2770227647322,311
-7.6926,53.28823,2021/11/04 00:00:00+00,Thu 04 Nov 2021,1537,1294,2,3630029,3564477,240942,3870971,3805419,80.6701192597133,79.3040310979283,312
-7.6926,53.28823,2021/11/05 00:00:00+00,Fri 05 Nov 2021,1630,1107,4,3631659,3565584,240946,3872605,3806530,80.7041714328942,79.3271840749198,313
-7.6926,53.28823,2021/11/06 00:00:00+00,Sat 06 Nov 2021,1824,1366,6,3633483,3566950,240952,3874435,3807902,80.7423081996758,79.3557762301243,314
-7.6926,53.28823,2021/11/07 00:00:00+00,Sun 07 Nov 2021,698,775,0,3634181,3567725,240952,3875133,3808677,80.7568543544373,79.3719270466575,315
-7.6926,53.28823,2021/11/08 00:00:00+00,Mon 08 Nov 2021,518,537,4,3634699,3568262,240956,3875655,3809218,80.7677327108635,79.3832013585858,316
-7.6926,53.28823,2021/11/09 00:00:00+00,Tue 09 Nov 2021,1373,1076,4,3636072,3569338,240960,3877032,3810298,80.7964290648844,79.405708302916,317
-7.6926,53.28823,2021/11/10 00:00:00+00,Wed 10 Nov 2021,1603,1370,2,3637675,3570708,240962,3878637,3811670,80.8298768849305,79.4343004581205,318
-7.6926,53.28823,2021/11/11 00:00:00+00,Thu 11 Nov 2021,1395,1127,2,3639070,3571835,240964,3880034,3812799,80.8589900342168,79.4578285508508,319
-7.6926,53.28823,2021/11/12 00:00:00+00,Fri 12 Nov 2021,1143,1162,6,3640213,3572997,240970,3881183,3813967,80.8829349222125,79.4821693943485,320
-7.6926,53.28823,2021/11/13 00:00:00+00,Sat 13 Nov 2021,1396,1386,0,3641609,3574383,240970,3882579,3815353,80.9120272317355,79.5110533062389,321
-7.6926,53.28823,2022/06/16 23:00:00+00,Fri 17 Jun 2022,58,95,0,3853937,3806168,241133,4095070,4047301,85.3402893684489,84.3447947168699,322
-7.6926,53.28823,2022/06/17 23:00:00+00,Sat 18 Jun 2022,223,488,0,3854160,3806656,241133,4095293,4047789,85.3449366356578,84.354964521345,323
-7.6926,53.28823,2022/06/18 23:00:00+00,Sun 19 Jun 2022,80,129,0,3854240,3806785,241133,4095373,4047918,85.3466038167193,84.3576528508067,324
-7.6926,53.28823,2022/06/19 23:00:00+00,Mon 20 Jun 2022,9,28,0,3854249,3806813,241133,4095382,4047946,85.3467913745887,84.3582363641782,325
-7.6926,53.28823,2022/06/20 23:00:00+00,Tue 21 Jun 2022,74,169,1,3854323,3806982,241134,4095457,4048116,85.3483543568338,84.3617791239339,326
-7.6926,53.28823,2022/06/21 23:00:00+00,Wed 22 Jun 2022,60,94,0,3854383,3807076,241134,4095517,4048210,85.34960474263,84.3637380616811,327
-7.6926,53.28823,2022/06/22 23:00:00+00,Thu 23 Jun 2022,64,113,0,3854447,3807189,241134,4095581,4048323,85.3509384874792,84.3660929549305,328
-7.6926,53.28823,2022/06/23 23:00:00+00,Fri 24 Jun 2022,55,93,1,3854502,3807282,241135,4095637,4048417,85.3521055142222,84.3680518926777,329
-7.6926,53.28823,2022/06/24 23:00:00+00,Sat 25 Jun 2022,210,293,0,3854712,3807575,241135,4095847,4048710,85.3564818645086,84.3741579433154,330
-7.6926,53.28823,2021/11/14 00:00:00+00,Sun 14 Nov 2021,1646,1808,1,3643255,3576191,240971,3884226,3817162,80.9463503218389,79.5487524379918,331
-7.6926,53.28823,2022/06/25 23:00:00+00,Sun 26 Jun 2022,174,402,0,3854886,3807977,241135,4096021,4049112,85.3601079833174,84.3825355281494,332
-7.6926,53.28823,2021/04/13 23:00:00+00,Wed 14 Apr 2021,20356,6602,2,830448,354781,270,830718,355051,17.3119664629858,7.39917878828864,333
-7.6926,53.28823,2022/10/01 23:00:00+00,Sun 02 Oct 2022,26,47,0,3860254,3814769,241147,4101401,4055916,85.4722259097026,84.5243292774291,334
-7.6926,53.28823,2022/06/26 23:00:00+00,Mon 27 Jun 2022,5,34,0,3854891,3808011,241135,4096026,4049146,85.3602121821337,84.3832440801006,335
-7.6926,53.28823,2022/06/27 23:00:00+00,Tue 28 Jun 2022,49,60,0,3854940,3808071,241135,4096075,4049206,85.3612333305339,84.3844944658967,336
-7.6926,53.28823,2022/06/28 23:00:00+00,Wed 29 Jun 2022,63,81,3,3855003,3808152,241138,4096141,4049290,85.3626087549096,84.3862450060112,337
-7.6926,53.28823,2022/06/29 23:00:00+00,Thu 30 Jun 2022,48,89,0,3855051,3808241,241138,4096189,4049379,85.3636090635465,84.3880997449421,338
-7.6926,53.28823,2022/06/30 23:00:00+00,Fri 01 Jul 2022,46,64,0,3855097,3808305,241138,4096235,4049443,85.3645676926568,84.3894334897913,339
-7.6926,53.28823,2022/07/01 23:00:00+00,Sat 02 Jul 2022,182,228,0,3855279,3808533,241138,4096417,4049671,85.3683605295717,84.3941849558166,340
-7.6926,53.28823,2022/07/02 23:00:00+00,Sun 03 Jul 2022,108,273,0,3855387,3808806,241138,4096525,4049944,85.3706112240047,84.3998742111889,341
-7.6926,53.28823,2022/07/03 23:00:00+00,Mon 04 Jul 2022,14,15,0,3855401,3808821,241138,4096539,4049959,85.3709029806905,84.400186807638,342
-7.6926,53.28823,2022/07/04 23:00:00+00,Tue 05 Jul 2022,51,70,0,3855452,3808891,241138,4096590,4050029,85.3719658086172,84.4016455910667,343
-7.6926,53.28823,2022/07/05 23:00:00+00,Wed 06 Jul 2022,60,83,0,3855512,3808974,241138,4096650,4050112,85.3732161944133,84.403375291418,344
-7.6926,53.28823,2022/07/06 23:00:00+00,Thu 07 Jul 2022,77,77,0,3855589,3809051,241138,4096727,4050189,85.374820856185,84.4049799531897,345
-7.6926,53.28823,2022/07/07 23:00:00+00,Fri 08 Jul 2022,99,90,0,3855688,3809141,241138,4096826,4050279,85.3768839927486,84.4068555318839,346
-7.6926,53.28823,2022/07/08 23:00:00+00,Sat 09 Jul 2022,119,143,0,3855807,3809284,241138,4096945,4050422,85.3793639245776,84.4098356180313,347
-7.6926,53.28823,2022/07/09 23:00:00+00,Sun 10 Jul 2022,134,219,0,3855941,3809503,241138,4097079,4050641,85.3821564528556,84.4143995261871,348
-7.6926,53.28823,2022/07/10 23:00:00+00,Mon 11 Jul 2022,11,16,0,3855952,3809519,241138,4097090,4050657,85.3823856902515,84.4147329623994,349
-7.6926,53.28823,2022/07/11 23:00:00+00,Tue 12 Jul 2022,44,81,0,3855996,3809600,241138,4097134,4050738,85.3833026398353,84.4164209832242,350
-7.6926,53.28823,2022/07/12 23:00:00+00,Wed 13 Jul 2022,99,74,0,3856095,3809674,241138,4097233,4050812,85.3853657763989,84.4179631257061,351
-7.6926,53.28823,2022/07/13 23:00:00+00,Thu 14 Jul 2022,72,39,0,3856167,3809713,241138,4097305,4050851,85.3868662393543,84.4187758764735,352
-7.6926,53.28823,2022/07/14 23:00:00+00,Fri 15 Jul 2022,80,118,1,3856247,3809831,241139,4097386,4050970,85.388554260179,84.4212558083025,353
-7.6926,53.28823,2022/07/15 23:00:00+00,Sat 16 Jul 2022,124,209,0,3856371,3810040,241139,4097510,4051179,85.3911383908243,84.4256113188257,354
-7.6926,53.28823,2022/07/16 23:00:00+00,Sun 17 Jul 2022,119,165,0,3856490,3810205,241139,4097629,4051344,85.3936183226533,84.429049879765,355
-7.6926,53.28823,2022/07/17 23:00:00+00,Mon 18 Jul 2022,14,18,0,3856504,3810223,241139,4097643,4051362,85.3939100793391,84.4294249955038,356
-7.6926,53.28823,2022/07/18 23:00:00+00,Tue 19 Jul 2022,30,33,0,3856534,3810256,241139,4097673,4051395,85.3945352722371,84.4301127076917,357
-7.6926,53.28823,2022/07/19 23:00:00+00,Wed 20 Jul 2022,78,66,0,3856612,3810322,241139,4097751,4051461,85.3961607737721,84.4314881320674,358
-7.6926,53.28823,2022/07/20 23:00:00+00,Thu 21 Jul 2022,52,30,0,3856664,3810352,241139,4097803,4051491,85.397244441462,84.4321133249655,359
-7.6926,53.28823,2022/07/21 23:00:00+00,Fri 22 Jul 2022,75,70,0,3856739,3810422,241139,4097878,4051561,85.3988074237072,84.4335721083943,360
-7.6926,53.28823,2022/07/22 23:00:00+00,Sat 23 Jul 2022,99,175,0,3856838,3810597,241139,4097977,4051736,85.4008705602708,84.4372190669663,361
-7.6926,53.28823,2022/07/23 23:00:00+00,Sun 24 Jul 2022,108,231,0,3856946,3810828,241139,4098085,4051967,85.4031212547038,84.4420330522813,362
-7.6926,53.28823,2022/07/24 23:00:00+00,Mon 25 Jul 2022,14,23,0,3856960,3810851,241139,4098099,4051990,85.4034130113895,84.4425123668365,363
-7.6926,53.28823,2022/07/25 23:00:00+00,Tue 26 Jul 2022,18,16,0,3856978,3810867,241139,4098117,4052006,85.4037881271284,84.4428458030488,364
-7.6926,53.28823,2022/07/26 23:00:00+00,Wed 27 Jul 2022,61,72,1,3857039,3810939,241140,4098179,4052079,85.405080192451,84.4443671057674,365
-7.6926,53.28823,2022/07/27 23:00:00+00,Thu 28 Jul 2022,49,71,0,3857088,3811010,241140,4098228,4052150,85.4061013408512,84.4458467289595,366
-7.6926,53.28823,2022/07/28 23:00:00+00,Fri 29 Jul 2022,71,105,0,3857159,3811115,241140,4098299,4052255,85.4075809640433,84.4480349041027,367
-7.6926,53.28823,2022/07/29 23:00:00+00,Sat 30 Jul 2022,100,119,0,3857259,3811234,241140,4098399,4052374,85.4096649403701,84.4505148359317,368
-7.6926,53.28823,2022/07/30 23:00:00+00,Sun 31 Jul 2022,32,57,0,3857291,3811291,241140,4098431,4052431,85.4103318127947,84.451702702438,369
-7.6926,53.28823,2022/07/31 23:00:00+00,Mon 01 Aug 2022,10,15,0,3857301,3811306,241140,4098441,4052446,85.4105402104274,84.452015298887,370
-7.6926,53.28823,2022/08/01 23:00:00+00,Tue 02 Aug 2022,36,29,0,3857337,3811335,241140,4098477,4052475,85.4112904419051,84.4526196520218,371
-7.6926,53.28823,2022/08/02 23:00:00+00,Wed 03 Aug 2022,93,139,0,3857430,3811474,241140,4098570,4052614,85.4132285398891,84.4555163791161,372
-7.6926,53.28823,2022/08/03 23:00:00+00,Thu 04 Aug 2022,45,52,0,3857475,3811526,241140,4098615,4052666,85.4141663292362,84.4566000468061,373
-7.6926,53.28823,2022/08/04 23:00:00+00,Fri 05 Aug 2022,96,91,0,3857571,3811617,241140,4098711,4052757,85.4161669465099,84.4584964652636,374
-7.6926,53.28823,2022/08/05 23:00:00+00,Sat 06 Aug 2022,74,130,0,3857645,3811747,241140,4098785,4052887,85.4177090889918,84.4612056344885,375
-7.6926,53.28823,2022/08/06 23:00:00+00,Sun 07 Aug 2022,28,80,0,3857673,3811827,241140,4098813,4052967,85.4182926023634,84.46287281555,376
-7.6926,53.28823,2022/08/07 23:00:00+00,Mon 08 Aug 2022,11,15,0,3857684,3811842,241140,4098824,4052982,85.4185218397593,84.463185411999,377
-7.6926,53.28823,2022/08/08 23:00:00+00,Tue 09 Aug 2022,47,42,0,3857731,3811884,241140,4098871,4053024,85.4195013086329,84.4640606820563,378
-7.6926,53.28823,2022/08/09 23:00:00+00,Wed 10 Aug 2022,55,94,1,3857786,3811978,241141,4098927,4053119,85.420668335376,84.4660404595668,379
-7.6926,53.28823,2022/08/10 23:00:00+00,Thu 11 Aug 2022,44,42,0,3857830,3812020,241141,4098971,4053161,85.4215852849598,84.4669157296241,380
-7.6926,53.28823,2022/08/11 23:00:00+00,Fri 12 Aug 2022,70,75,0,3857900,3812095,241141,4099041,4053236,85.4230440683886,84.4684787118692,381
-7.6926,53.28823,2022/08/12 23:00:00+00,Sat 13 Aug 2022,103,151,0,3858003,3812246,241141,4099144,4053387,85.4251905640053,84.4716255161228,382
-7.6926,53.28823,2022/08/13 23:00:00+00,Sun 14 Aug 2022,17,26,0,3858020,3812272,241141,4099161,4053413,85.4255448399808,84.4721673499678,383
-7.6926,53.28823,2022/08/14 23:00:00+00,Mon 15 Aug 2022,7,11,0,3858027,3812283,241141,4099168,4053424,85.4256907183237,84.4723965873637,384
-7.6926,53.28823,2022/08/15 23:00:00+00,Tue 16 Aug 2022,41,28,0,3858068,3812311,241141,4099209,4053452,85.4265451486177,84.4729801007353,385
-7.6926,53.28823,2022/08/16 23:00:00+00,Wed 17 Aug 2022,51,58,0,3858119,3812369,241141,4099260,4053510,85.4276079765444,84.4741888070048,386
-7.6926,53.28823,2022/08/17 23:00:00+00,Thu 18 Aug 2022,55,39,0,3858174,3812408,241141,4099315,4053549,85.4287541635242,84.4750015577723,387
-7.6926,53.28823,2022/08/18 23:00:00+00,Fri 19 Aug 2022,74,56,0,3858248,3812464,241141,4099389,4053605,85.4302963060061,84.4761685845153,388
-7.6926,53.28823,2022/08/19 23:00:00+00,Sat 20 Aug 2022,109,127,1,3858357,3812591,241142,4099499,4053733,85.4325886799656,84.4788360742137,389
-7.6926,53.28823,2022/08/20 23:00:00+00,Sun 21 Aug 2022,39,36,0,3858396,3812627,241142,4099538,4053769,85.4334014307331,84.4795863056914,390
-7.6926,53.28823,2022/08/21 23:00:00+00,Mon 22 Aug 2022,12,13,0,3858408,3812640,241142,4099550,4053782,85.4336515078923,84.4798572226139,391
-7.6926,53.28823,2022/08/22 23:00:00+00,Tue 23 Aug 2022,78,73,0,3858486,3812713,241142,4099628,4053855,85.4352770094273,84.4813785253325,392
-7.6926,53.28823,2022/08/23 23:00:00+00,Wed 24 Aug 2022,53,56,0,3858539,3812769,241142,4099681,4053911,85.4363815168805,84.4825455520755,393
-7.6926,53.28823,2022/08/24 23:00:00+00,Thu 25 Aug 2022,40,49,0,3858579,3812818,241142,4099721,4053960,85.4372151074113,84.4835667004757,394
-7.6926,53.28823,2022/08/25 23:00:00+00,Fri 26 Aug 2022,99,90,0,3858678,3812908,241142,4099820,4054050,85.4392782439749,84.4854422791699,395
-7.6926,53.28823,2022/08/26 23:00:00+00,Sat 27 Aug 2022,86,119,0,3858764,3813027,241142,4099906,4054169,85.441070463616,84.4879222109989,396
-7.6926,53.28823,2022/08/27 23:00:00+00,Sun 28 Aug 2022,44,21,0,3858808,3813048,241142,4099950,4054190,85.4419874131998,84.4883598460275,397
-7.6926,53.28823,2022/08/28 23:00:00+00,Mon 29 Aug 2022,13,12,0,3858821,3813060,241142,4099963,4054202,85.4422583301223,84.4886099231867,398
-7.6926,53.28823,2022/08/29 23:00:00+00,Tue 30 Aug 2022,41,44,1,3858862,3813104,241143,4100005,4054247,85.4431336001796,84.4895477125338,399
-7.6926,53.28823,2022/08/30 23:00:00+00,Wed 31 Aug 2022,28,29,0,3858890,3813133,241143,4100033,4054276,85.4437171135511,84.4901520656686,400
-7.6926,53.28823,2022/08/31 23:00:00+00,Thu 01 Sep 2022,33,30,0,3858923,3813163,241143,4100066,4054306,85.4444048257389,84.4907772585667,401
-7.6926,53.28823,2022/09/01 23:00:00+00,Fri 02 Sep 2022,48,51,0,3858971,3813214,241143,4100114,4054357,85.4454051343758,84.4918400864934,402
-7.6926,53.28823,2022/09/02 23:00:00+00,Sat 03 Sep 2022,73,101,0,3859044,3813315,241143,4100187,4054458,85.4469264370944,84.4939449025835,403
-7.6926,53.28823,2022/09/03 23:00:00+00,Sun 04 Sep 2022,58,82,0,3859102,3813397,241143,4100245,4054540,85.448135143364,84.4956537631715,404
-7.6926,53.28823,2022/09/04 23:00:00+00,Mon 05 Sep 2022,9,5,0,3859111,3813402,241143,4100254,4054545,85.4483227012335,84.4957579619878,405
-7.6926,53.28823,2022/09/05 23:00:00+00,Tue 06 Sep 2022,42,22,0,3859153,3813424,241143,4100296,4054567,85.4491979712907,84.4962164367798,406
-7.6926,53.28823,2022/09/06 23:00:00+00,Wed 07 Sep 2022,48,42,0,3859201,3813466,241143,4100344,4054609,85.4501982799276,84.497091706837,407
-7.6926,53.28823,2022/09/07 23:00:00+00,Thu 08 Sep 2022,39,50,2,3859240,3813516,241145,4100385,4054661,85.4510527102216,84.498175374527,408
-7.6926,53.28823,2022/09/08 23:00:00+00,Fri 09 Sep 2022,63,61,0,3859303,3813577,241145,4100448,4054722,85.4523656153076,84.4994466000864,409
-7.6926,53.28823,2022/09/09 23:00:00+00,Sat 10 Sep 2022,94,135,0,3859397,3813712,241145,4100542,4054857,85.4543245530548,84.5022599681277,410
-7.6926,53.28823,2022/09/10 23:00:00+00,Sun 11 Sep 2022,58,58,0,3859455,3813770,241145,4100600,4054915,85.4555332593244,84.5034686743972,411
-7.6926,53.28823,2022/09/11 23:00:00+00,Mon 12 Sep 2022,13,13,0,3859468,3813783,241145,4100613,4054928,85.4558041762469,84.5037395913197,412
-7.6926,53.28823,2022/09/12 23:00:00+00,Tue 13 Sep 2022,29,25,0,3859497,3813808,241145,4100642,4054953,85.4564085293817,84.5042605854015,413
-7.6926,53.28823,2022/09/13 23:00:00+00,Wed 14 Sep 2022,35,33,0,3859532,3813841,241145,4100677,4054986,85.4571379210961,84.5049482975893,414
-7.6926,53.28823,2022/09/14 23:00:00+00,Thu 15 Sep 2022,51,36,0,3859583,3813877,241145,4100728,4055022,85.4582007490228,84.505698529067,415
-7.6926,53.28823,2022/09/15 23:00:00+00,Fri 16 Sep 2022,38,56,0,3859621,3813933,241145,4100766,4055078,85.458992660027,84.50686555581,416
-7.6926,53.28823,2022/09/16 23:00:00+00,Sat 17 Sep 2022,67,149,0,3859688,3814082,241145,4100833,4055227,85.460388924166,84.5099706805371,417
-7.6926,53.28823,2022/09/17 23:00:00+00,Sun 18 Sep 2022,30,53,0,3859718,3814135,241145,4100863,4055280,85.461014117064,84.5110751879903,418
-7.6926,53.28823,2022/09/18 23:00:00+00,Mon 19 Sep 2022,11,11,0,3859729,3814146,241145,4100874,4055291,85.46124335446,84.5113044253862,419
-7.6926,53.28823,2022/09/19 23:00:00+00,Tue 20 Sep 2022,39,37,0,3859768,3814183,241145,4100913,4055328,85.4620561052275,84.5120754966272,420
-7.6926,53.28823,2022/09/20 23:00:00+00,Wed 21 Sep 2022,43,32,0,3859811,3814215,241145,4100956,4055360,85.462952215048,84.5127423690518,421
-7.6926,53.28823,2022/09/21 23:00:00+00,Thu 22 Sep 2022,61,34,0,3859872,3814249,241145,4101017,4055394,85.4642234406074,84.5134509210029,422
-7.6926,53.28823,2022/09/22 23:00:00+00,Fri 23 Sep 2022,38,39,0,3859910,3814288,241145,4101055,4055433,85.4650153516116,84.5142636717704,423
-7.6926,53.28823,2022/09/23 23:00:00+00,Sat 24 Sep 2022,56,104,0,3859966,3814392,241145,4101111,4055537,85.4661823783547,84.5164310071503,424
-7.6926,53.28823,2022/09/24 23:00:00+00,Sun 25 Sep 2022,42,74,0,3860008,3814466,241145,4101153,4055611,85.4670576484119,84.5179731496322,425
-7.6926,53.28823,2022/09/25 23:00:00+00,Mon 26 Sep 2022,24,10,0,3860032,3814476,241145,4101177,4055621,85.4675578027304,84.5181815472649,426
-7.6926,53.28823,2022/09/26 23:00:00+00,Tue 27 Sep 2022,30,33,2,3860062,3814509,241147,4101209,4055656,85.468224675155,84.5189109389793,427
-7.6926,53.28823,2022/09/27 23:00:00+00,Wed 28 Sep 2022,43,27,0,3860105,3814536,241147,4101252,4055683,85.4691207849755,84.5194736125875,428
-7.6926,53.28823,2022/09/28 23:00:00+00,Thu 29 Sep 2022,31,23,0,3860136,3814559,241147,4101283,4055706,85.4697668176369,84.5199529271427,429
-7.6926,53.28823,2022/09/29 23:00:00+00,Fri 30 Sep 2022,39,58,0,3860175,3814617,241147,4101322,4055764,85.4705795684043,84.5211616334123,430
-7.6926,53.28823,2022/09/30 23:00:00+00,Sat 01 Oct 2022,53,105,0,3860228,3814722,241147,4101375,4055869,85.4716840758576,84.5233498085555,431
-7.6926,53.28823,2021/11/15 00:00:00+00,Mon 15 Nov 2021,1244,598,1,3644499,3576789,240972,3885471,3817761,80.9722958271083,79.5612354561897,432
-7.6926,53.28823,2021/11/16 00:00:00+00,Tue 16 Nov 2021,1316,1082,5,3645815,3577871,240977,3886792,3818848,80.9998251543862,79.5838882788627,433
-7.6926,53.28823,2021/11/17 00:00:00+00,Wed 17 Nov 2021,1503,1125,3,3647318,3578996,240980,3888298,3819976,81.0312098378687,79.6073955318297,434
-7.6926,53.28823,2021/11/18 00:00:00+00,Thu 18 Nov 2021,1641,2518,5,3648959,3581514,240985,3889944,3822499,81.0655120882089,79.6599742545565,435
-7.6926,53.28823,2021/11/19 00:00:00+00,Fri 19 Nov 2021,1166,1565,0,3650125,3583079,240985,3891110,3824064,81.0898112521801,79.6925884840719,436
-7.6926,53.28823,2021/11/20 00:00:00+00,Sat 20 Nov 2021,1547,2952,12,3651672,3586031,240997,3892669,3827028,81.1223004431159,79.7543575424001,437
-7.6926,53.28823,2021/11/21 00:00:00+00,Sun 21 Nov 2021,1789,2771,0,3653461,3588802,240997,3894458,3829799,81.1595827796035,79.8121045264174,438
-7.6926,53.28823,2021/11/22 00:00:00+00,Mon 22 Nov 2021,725,521,3,3654186,3589323,241000,3895186,3830323,81.174754127263,79.8230245623702,439
-7.6926,53.28823,2021/11/23 00:00:00+00,Tue 23 Nov 2021,2156,1600,8,3656342,3590923,241008,3897350,3831931,81.2198513749763,79.8565349017061,440
-7.6926,53.28823,2021/11/24 00:00:00+00,Wed 24 Nov 2021,1615,3154,2,3657957,3594077,241010,3898967,3835087,81.2535492721817,79.9223051945819,441
-7.6926,53.28823,2021/11/25 00:00:00+00,Thu 25 Nov 2021,982,1190,2,3658939,3595267,241012,3899951,3836279,81.274055599238,79.9471461923981,442
-7.6926,53.28823,2021/11/26 00:00:00+00,Fri 26 Nov 2021,1279,1115,12,3660218,3596382,241024,3901242,3837406,81.3009597336178,79.9706326056018,443
-7.6926,53.28823,2021/11/27 00:00:00+00,Sat 27 Nov 2021,1200,1566,6,3661418,3597948,241030,3902448,3838978,81.3260924881198,80.0033927134601,444
-7.6926,53.28823,2021/11/28 00:00:00+00,Sun 28 Nov 2021,1962,2263,1,3663380,3600211,241031,3904411,3841242,81.3670009434161,80.0505739375003,445
-7.6926,53.28823,2021/11/29 00:00:00+00,Mon 29 Nov 2021,536,1005,2,3663916,3601216,241033,3904949,3842249,81.3782127360546,80.0715595791118,446
-7.6926,53.28823,2021/11/30 00:00:00+00,Tue 30 Nov 2021,1896,1651,6,3665812,3602867,241039,3906851,3843906,81.4178499657915,80.1060910668479,447
-7.6926,53.28823,2021/12/01 00:00:00+00,Wed 01 Dec 2021,1074,1392,4,3666886,3604259,241043,3907929,3845302,81.4403152305951,80.1351833763709,448
-7.6926,53.28823,2021/12/02 00:00:00+00,Thu 02 Dec 2021,1737,1417,0,3668623,3605676,241043,3909666,3846719,81.4765138993927,80.1647133209226,449
-7.6926,53.28823,2021/12/03 00:00:00+00,Fri 03 Dec 2021,1016,1202,2,3669639,3606878,241045,3910684,3847923,81.4977287784002,80.189804395898,450
-7.6926,53.28823,2021/12/04 00:00:00+00,Sat 04 Dec 2021,1204,1704,3,3670843,3608582,241048,3911891,3849630,81.5228823726654,80.2253778717975,451
-7.6926,53.28823,2021/12/05 00:00:00+00,Sun 05 Dec 2021,1349,1778,2,3672192,3610360,241050,3913242,3851410,81.5510368928413,80.2624726504157,452
-7.6926,53.28823,2021/12/06 00:00:00+00,Mon 06 Dec 2021,939,1306,0,3673131,3611666,241050,3914181,3852716,81.5706054305505,80.2896893812445,453
-7.6926,53.28823,2021/12/07 00:00:00+00,Tue 07 Dec 2021,485,750,2,3673616,3612416,241052,3914668,3853468,81.5807543952624,80.3053608832225,454
-7.6926,53.28823,2021/12/08 00:00:00+00,Wed 08 Dec 2021,797,1527,2,3674413,3613943,241054,3915467,3854997,81.597405366114,80.3372248812602,455
-7.6926,53.28823,2021/12/09 00:00:00+00,Thu 09 Dec 2021,787,1215,1,3675200,3615158,241055,3916255,3856213,81.6138270995697,80.3625660333949,456
-7.6926,53.28823,2021/12/10 00:00:00+00,Fri 10 Dec 2021,894,1618,1,3676094,3616776,241056,3917150,3857832,81.6324786876951,80.3963056101268,457
-7.6926,53.28823,2021/12/11 00:00:00+00,Sat 11 Dec 2021,645,847,2,3676739,3617623,241058,3917797,3858681,81.6459620145299,80.4139985691419,458
-7.6926,53.28823,2021/12/12 00:00:00+00,Sun 12 Dec 2021,686,1193,0,3677425,3618816,241058,3918483,3859874,81.6602580921322,80.4388604067213,459
-7.6926,53.28823,2021/12/13 00:00:00+00,Mon 13 Dec 2021,724,1071,1,3678149,3619887,241059,3919208,3860946,81.6753669205019,80.4612006329453,460
-7.6926,53.28823,2021/12/14 00:00:00+00,Tue 14 Dec 2021,631,1204,3,3678780,3621091,241062,3919842,3862153,81.6885793304142,80.4863542272105,461
-7.6926,53.28823,2021/12/15 00:00:00+00,Wed 15 Dec 2021,792,1258,1,3679572,3622349,241063,3920635,3863412,81.7051052626863,80.5125914891657,462
-7.6926,53.28823,2021/12/16 00:00:00+00,Thu 16 Dec 2021,1049,1548,8,3680621,3623897,241071,3921692,3864968,81.7271328924612,80.5450181608117,463
-7.6926,53.28823,2021/12/17 00:00:00+00,Fri 17 Dec 2021,1198,2460,1,3681819,3626357,241072,3922891,3867429,81.7521197686203,80.5963048182158,464
-7.6926,53.28823,2021/12/18 00:00:00+00,Sat 18 Dec 2021,1251,1185,0,3683070,3627542,241072,3924142,3868614,81.7781903124693,80.6209999376891,465
-7.6926,53.28823,2021/12/19 00:00:00+00,Sun 19 Dec 2021,550,892,2,3683620,3628434,241074,3924694,3869508,81.7896938617936,80.6396306860513,466
-7.6926,53.28823,2021/12/20 00:00:00+00,Mon 20 Dec 2021,516,621,1,3684136,3629055,241075,3925211,3870130,81.8004680194035,80.6525930188043,467
-7.6926,53.28823,2021/12/21 00:00:00+00,Tue 21 Dec 2021,1406,1822,3,3685542,3630877,241078,3926620,3871955,81.829831245849,80.6906255867696,468
-7.6926,53.28823,2021/12/22 00:00:00+00,Wed 22 Dec 2021,1165,1602,2,3686707,3632479,241080,3927787,3873559,81.8541512495835,80.7240525670525,469
-7.6926,53.28823,2021/12/23 00:00:00+00,Thu 23 Dec 2021,930,1401,0,3687637,3633880,241080,3928717,3874960,81.8735322294233,80.7532490753918,470
-7.6926,53.28823,2021/12/24 00:00:00+00,Fri 24 Dec 2021,101,164,0,3687738,3634044,241080,3928818,3875124,81.8756370455134,80.7566667965679,471
-7.6926,53.28823,2021/12/25 00:00:00+00,Sat 25 Dec 2021,1,6,0,3687739,3634050,241080,3928819,3875130,81.8756578852767,80.7567918351475,472
-7.6926,53.28823,2021/12/26 00:00:00+00,Sun 26 Dec 2021,12,13,0,3687751,3634063,241080,3928831,3875143,81.8759079624359,80.75706275207,473
-7.6926,53.28823,2021/12/27 00:00:00+00,Mon 27 Dec 2021,392,590,0,3688143,3634653,241080,3929223,3875733,81.8840771496372,80.7693582123984,474
-7.6926,53.28823,2021/12/28 00:00:00+00,Tue 28 Dec 2021,468,752,0,3688611,3635405,241080,3929691,3876485,81.8938301588469,80.7850297143764,475
-7.6926,53.28823,2021/12/29 00:00:00+00,Wed 29 Dec 2021,1058,1313,0,3689669,3636718,241080,3930749,3877798,81.9158786283851,80.8123923235482,476
-7.6926,53.28823,2021/12/30 00:00:00+00,Thu 30 Dec 2021,1051,1200,1,3690720,3637918,241081,3931801,3878999,81.9378020593437,80.8374208792338,477
-7.6926,53.28823,2021/12/31 00:00:00+00,Fri 31 Dec 2021,714,1681,0,3691434,3639599,241081,3932515,3880680,81.9526816503175,80.8724525212883,478
-7.6926,53.28823,2022/01/01 00:00:00+00,Sat 01 Jan 2022,71,100,0,3691505,3639699,241081,3932586,3880780,81.9541612735096,80.8745364976152,479
-7.6926,53.28823,2022/01/02 00:00:00+00,Sun 02 Jan 2022,271,629,0,3691776,3640328,241081,3932857,3881409,81.9598088493554,80.8876447087112,480
-7.6926,53.28823,2022/01/03 00:00:00+00,Mon 03 Jan 2022,3632,729,1,3695408,3641057,241082,3936490,3882139,82.0355197093103,80.9028577358973,481
-7.6926,53.28823,2022/01/04 00:00:00+00,Tue 04 Jan 2022,1188,785,1,3696596,3641842,241083,3937679,3882925,82.0602981878367,80.9192377898264,482
-7.6926,53.28823,2022/01/05 00:00:00+00,Wed 05 Jan 2022,2139,914,0,3698735,3642756,241083,3939818,3883839,82.1048744414683,80.9382853334539,483
-7.6926,53.28823,2022/01/06 00:00:00+00,Thu 06 Jan 2022,2454,1700,1,3701189,3644456,241084,3942273,3885540,82.1560360602928,80.9737337707739,484
-7.6926,53.28823,2022/01/07 00:00:00+00,Fri 07 Jan 2022,4854,785,2,3706043,3645241,241086,3947129,3886327,82.2572339507252,80.9901346644663,485
-7.6926,53.28823,2022/01/08 00:00:00+00,Sat 08 Jan 2022,9789,745,2,3715832,3645986,241088,3956920,3887074,82.4612760728883,81.0057019676279,486
-7.6926,53.28823,2022/01/09 00:00:00+00,Sun 09 Jan 2022,7116,667,0,3722948,3646653,241088,3964036,3887741,82.6095718283079,81.0196020897281,487
-7.6926,53.28823,2022/01/10 00:00:00+00,Mon 10 Jan 2022,6664,510,1,3729612,3647163,241089,3970701,3888252,82.7484688504933,81.0302512087584,488
-7.6926,53.28823,2022/01/11 00:00:00+00,Tue 11 Jan 2022,4779,1372,1,3734391,3648535,241090,3975481,3889625,82.8480829189173,81.0588642037262,489
-7.6926,53.28823,2022/01/12 00:00:00+00,Wed 12 Jan 2022,7560,929,1,3741951,3649464,241091,3983042,3890555,83.0056523689913,81.078245183566,490
-7.6926,53.28823,2022/01/13 00:00:00+00,Thu 13 Jan 2022,7322,818,0,3749273,3650282,241091,3990364,3891373,83.1582411156442,81.0952921099198,491
-7.6926,53.28823,2022/01/14 00:00:00+00,Fri 14 Jan 2022,10723,837,0,3759996,3651119,241091,4001087,3892210,83.3817058971737,81.1127349917756,492
-7.6926,53.28823,2022/01/15 00:00:00+00,Sat 15 Jan 2022,8363,653,2,3768359,3651772,241093,4009452,3892865,83.5560305169157,81.1263850367165,493
-7.6926,53.28823,2022/01/16 00:00:00+00,Sun 16 Jan 2022,6965,1216,1,3775324,3652988,241094,4016418,3894082,83.701200307845,81.1517470286145,494
-7.6926,53.28823,2022/01/17 00:00:00+00,Mon 17 Jan 2022,2565,562,0,3777889,3653550,241094,4018983,3894644,83.754654300629,81.1634589755714,495
-7.6926,53.28823,2022/01/18 00:00:00+00,Tue 18 Jan 2022,4056,453,3,3781945,3654003,241097,4023042,3895100,83.8392428997363,81.1729619076219,496
-7.6926,53.28823,2022/01/19 00:00:00+00,Wed 19 Jan 2022,3487,623,0,3785432,3654626,241097,4026529,3895723,83.911911154254,81.1859450801383,497
-7.6926,53.28823,2022/01/20 00:00:00+00,Thu 20 Jan 2022,3699,938,0,3789131,3655564,241097,4030228,3896661,83.9889974385847,81.2054927780842,498
-7.6926,53.28823,2022/01/21 00:00:00+00,Fri 21 Jan 2022,3252,977,0,3792383,3656541,241097,4033480,3897638,84.0567683487343,81.2258532267977,499
-7.6926,53.28823,2022/01/22 00:00:00+00,Sat 22 Jan 2022,4273,644,0,3796656,3657185,241097,4037753,3898282,84.1458166571811,81.2392740343427,500
-7.6926,53.28823,2022/01/23 00:00:00+00,Sun 23 Jan 2022,3094,680,0,3799750,3657865,241097,4040847,3898962,84.2102948847342,81.2534450733654,501
-7.6926,53.28823,2022/01/24 00:00:00+00,Mon 24 Jan 2022,646,469,0,3800396,3658334,241097,4041493,3899431,84.2237573718058,81.2632189223383,502
-7.6926,53.28823,2022/01/25 00:00:00+00,Tue 25 Jan 2022,692,1837,1,3801088,3660171,241098,4042186,3901269,84.2381993277509,81.3015224072261,503
-7.6926,53.28823,2022/01/26 00:00:00+00,Wed 26 Jan 2022,700,898,0,3801788,3661069,241098,4042886,3902167,84.252787162039,81.3202365146413,504
-7.6926,53.28823,2022/01/27 00:00:00+00,Thu 27 Jan 2022,1277,1178,0,3803065,3662247,241098,4044163,3903345,84.279399539733,81.3447857557717,505
-7.6926,53.28823,2022/01/28 00:00:00+00,Fri 28 Jan 2022,1029,3095,1,3804094,3665342,241099,4045193,3906441,84.3008644958997,81.4093056628514,506
-7.6926,53.28823,2022/01/29 00:00:00+00,Sat 29 Jan 2022,2329,3446,0,3806423,3668788,241099,4047522,3909887,84.3494003045523,81.4811194870751,507
-7.6926,53.28823,2022/01/30 00:00:00+00,Sun 30 Jan 2022,1639,7538,0,3808062,3676326,241099,4049161,3917425,84.3835566765496,81.638209622594,508
-7.6926,53.28823,2022/01/31 00:00:00+00,Mon 31 Jan 2022,482,1396,0,3808544,3677722,241099,4049643,3918821,84.3936014424451,81.667301932117,509
-7.6926,53.28823,2022/02/01 00:00:00+00,Tue 01 Feb 2022,750,3420,1,3809294,3681142,241100,4050394,3922242,84.4092521046598,81.7385947622589,510
-7.6926,53.28823,2022/02/02 00:00:00+00,Wed 02 Feb 2022,653,2998,0,3809947,3684140,241100,4051047,3925240,84.4228604700742,81.8010723725383,511
-7.6926,53.28823,2022/02/03 00:00:00+00,Thu 03 Feb 2022,908,2436,1,3810855,3686576,241101,4051956,3927677,84.4418038148854,81.8518588756239,512
-7.6926,53.28823,2022/02/04 00:00:00+00,Fri 04 Feb 2022,1173,6523,0,3812028,3693099,241101,4053129,3934200,84.4662488571995,81.9877966514252,513
-7.6926,53.28823,2022/02/05 00:00:00+00,Sat 05 Feb 2022,1777,5750,0,3813805,3698849,241101,4054906,3939950,84.5032811165278,82.1076252902198,514
-7.6926,53.28823,2022/02/06 00:00:00+00,Sun 06 Feb 2022,1407,7556,0,3815212,3706405,241101,4056313,3947506,84.5326026634468,82.2650905414775,515
-7.6926,53.28823,2022/02/07 00:00:00+00,Mon 07 Feb 2022,439,1352,0,3815651,3707757,241101,4056752,3948858,84.5417513195217,82.2932659014167,516
-7.6926,53.28823,2022/02/08 00:00:00+00,Tue 08 Feb 2022,899,1238,0,3816550,3708995,241101,4057651,3950096,84.5604862667002,82.3190655283432,517
-7.6926,53.28823,2022/02/09 00:00:00+00,Wed 09 Feb 2022,1335,1784,0,3817885,3710779,241101,4058986,3951880,84.5883073506638,82.3562436660144,518
-7.6926,53.28823,2022/02/10 00:00:00+00,Thu 10 Feb 2022,687,2554,0,3818572,3713333,241101,4059673,3954434,84.6026242680294,82.4094684214025,519
-7.6926,53.28823,2022/02/11 00:00:00+00,Fri 11 Feb 2022,546,4922,0,3819118,3718255,241101,4060219,3959356,84.614002778774,82.5120417362107,520
-7.6926,53.28823,2022/02/12 00:00:00+00,Sat 12 Feb 2022,1397,5462,0,3820515,3723717,241101,4061616,3964818,84.6431159280603,82.6258685231839,521
-7.6926,53.28823,2022/02/13 00:00:00+00,Sun 13 Feb 2022,1566,4706,0,3822081,3728423,241101,4063182,3969524,84.675750997339,82.7239404491261,522
-7.6926,53.28823,2022/02/14 00:00:00+00,Mon 14 Feb 2022,175,954,0,3822256,3729377,241101,4063357,3970478,84.679397955911,82.7438215832843,523
-7.6926,53.28823,2022/02/15 00:00:00+00,Tue 15 Feb 2022,650,817,1,3822906,3730194,241102,4064008,3971296,84.6929646417989,82.7608685096381,524
-7.6926,53.28823,2022/02/16 00:00:00+00,Wed 16 Feb 2022,798,1787,0,3823704,3731981,241102,4064806,3973083,84.7095947728872,82.7981091665991,525
-7.6926,53.28823,2022/02/17 00:00:00+00,Thu 17 Feb 2022,791,1194,2,3824495,3733175,241104,4065599,3974279,84.7261207051592,82.8230335234684,526
-7.6926,53.28823,2022/02/18 00:00:00+00,Fri 18 Feb 2022,792,3295,0,3825287,3736470,241104,4066391,3977574,84.742625797668,82.8917005434385,527
-7.6926,53.28823,2022/02/19 00:00:00+00,Sat 19 Feb 2022,980,3556,0,3826267,3740026,241104,4067371,3981130,84.7630487656712,82.9658067416217,528
-7.6926,53.28823,2022/02/20 00:00:00+00,Sun 20 Feb 2022,1365,3588,0,3827632,3743614,241104,4068736,3984718,84.7914950425329,83.0405798122296,529
-7.6926,53.28823,2022/02/21 00:00:00+00,Mon 21 Feb 2022,254,996,1,3827886,3744610,241105,4068991,3985715,84.7968091821664,83.0613570562084,530
-7.6926,53.28823,2022/02/22 00:00:00+00,Tue 22 Feb 2022,475,985,1,3828361,3745595,241106,4069467,3986701,84.8067289094823,83.0819050627913,531
-7.6926,53.28823,2022/02/23 00:00:00+00,Wed 23 Feb 2022,829,1273,1,3829190,3746868,241107,4070297,3987975,84.8240259129952,83.1084549211955,532
-7.6926,53.28823,2022/02/24 00:00:00+00,Thu 24 Feb 2022,653,1236,0,3829843,3748104,241107,4070950,3989211,84.8376342784097,83.1342128685955,533
-7.6926,53.28823,2022/02/25 00:00:00+00,Fri 25 Feb 2022,693,1228,0,3830536,3749332,241107,4071643,3990439,84.8520762343548,83.1598040978894,534
-7.6926,53.28823,2022/02/26 00:00:00+00,Sat 26 Feb 2022,960,2092,0,3831496,3751424,241107,4072603,3992531,84.8720824070927,83.2034008826473,535
-7.6926,53.28823,2022/02/27 00:00:00+00,Sun 27 Feb 2022,671,1783,0,3832167,3753207,241107,4073274,3994314,84.8860658882459,83.2405581805553,536
-7.6926,53.28823,2022/02/28 00:00:00+00,Mon 28 Feb 2022,81,435,0,3832248,3753642,241107,4073355,3994749,84.8877539090707,83.2496234775771,537
-7.6926,53.28823,2022/10/02 23:00:00+00,Mon 03 Oct 2022,22,1,0,3860276,3814770,241147,4101423,4055917,85.4726843844945,84.5243501171924,538
-7.6926,53.28823,2022/10/03 23:00:00+00,Tue 04 Oct 2022,29,17,0,3860305,3814787,241147,4101452,4055934,85.4732887376293,84.524704393168,539
-7.6926,53.28823,2022/10/04 23:00:00+00,Wed 05 Oct 2022,49,37,0,3860354,3814824,241147,4101501,4055971,85.4743098860294,84.5254754644089,540
-7.6926,53.28823,2022/10/05 23:00:00+00,Thu 06 Oct 2022,55,26,0,3860409,3814850,241147,4101556,4055997,85.4754560730092,84.5260172982539,541
-7.6926,53.28823,2022/10/06 23:00:00+00,Fri 07 Oct 2022,80,40,0,3860489,3814890,241147,4101636,4056037,85.4771232540707,84.5268508887847,542
-7.6926,53.28823,2022/10/07 23:00:00+00,Sat 08 Oct 2022,100,102,0,3860589,3814992,241147,4101736,4056139,85.4792072303975,84.528976544638,543
-7.6926,53.28823,2022/10/08 23:00:00+00,Sun 09 Oct 2022,37,29,0,3860626,3815021,241147,4101773,4056168,85.4799783016385,84.5295808977728,544
-7.6926,53.28823,2022/10/09 23:00:00+00,Mon 10 Oct 2022,19,3,0,3860645,3815024,241147,4101792,4056171,85.4803742571406,84.5296434170626,545
-7.6926,53.28823,2022/10/10 23:00:00+00,Tue 11 Oct 2022,76,15,0,3860721,3815039,241147,4101868,4056186,85.481958079149,84.5299560135117,546
-7.6926,53.28823,2022/10/11 23:00:00+00,Wed 12 Oct 2022,55,36,0,3860776,3815075,241147,4101923,4056222,85.4831042661288,84.5307062449893,547
-7.6926,53.28823,2022/10/12 23:00:00+00,Thu 13 Oct 2022,80,29,0,3860856,3815104,241147,4102003,4056251,85.4847714471903,84.5313105981241,548
-7.6926,53.28823,2022/10/13 23:00:00+00,Fri 14 Oct 2022,120,21,0,3860976,3815125,241147,4102123,4056272,85.4872722187825,84.5317482331528,549
-7.6926,53.28823,2022/10/14 23:00:00+00,Sat 15 Oct 2022,98,120,0,3861074,3815245,241147,4102221,4056392,85.4893145155828,84.534249004745,550
-7.6926,53.28823,2022/10/15 23:00:00+00,Sun 16 Oct 2022,26,37,1,3861100,3815282,241148,4102248,4056430,85.4898771891911,84.5350409157492,551
-7.6926,53.28823,2022/10/16 23:00:00+00,Mon 17 Oct 2022,52,3,0,3861152,3815285,241148,4102300,4056433,85.490960856881,84.535103435039,552
-7.6926,53.28823,2022/10/17 23:00:00+00,Tue 18 Oct 2022,116,17,0,3861268,3815302,241148,4102416,4056450,85.4933782694202,84.5354577110146,553
-7.6926,53.28823,2022/10/18 23:00:00+00,Wed 19 Oct 2022,87,40,0,3861355,3815342,241148,4102503,4056490,85.4951913288246,84.5362913015453,554
-7.6926,53.28823,2022/10/19 23:00:00+00,Thu 20 Oct 2022,97,10,0,3861452,3815352,241148,4102600,4056500,85.4972127858616,84.536499699178,555
-7.6926,53.28823,2022/10/20 23:00:00+00,Fri 21 Oct 2022,124,21,0,3861576,3815373,241148,4102724,4056521,85.4997969165069,84.5369373342067,556
-7.6926,53.28823,2022/10/21 23:00:00+00,Sat 22 Oct 2022,94,58,0,3861670,3815431,241148,4102818,4056579,85.5017558542542,84.5381460404762,557
-7.6926,53.28823,2022/10/22 23:00:00+00,Sun 23 Oct 2022,80,48,0,3861750,3815479,241148,4102898,4056627,85.5034230353157,84.5391463491131,558
-7.6926,53.28823,2022/10/23 23:00:00+00,Mon 24 Oct 2022,65,4,0,3861815,3815483,241148,4102963,4056631,85.5047776199281,84.5392297081662,559
-7.6926,53.28823,2022/10/24 23:00:00+00,Tue 25 Oct 2022,75,28,0,3861890,3815511,241148,4103038,4056659,85.5063406021733,84.5398132215377,560
-7.6926,53.28823,2022/10/25 23:00:00+00,Wed 26 Oct 2022,45,25,0,3861935,3815536,241148,4103083,4056684,85.5072783915204,84.5403342156194,561
-7.6926,53.28823,2022/10/26 23:00:00+00,Thu 27 Oct 2022,64,34,0,3861999,3815570,241148,4103147,4056718,85.5086121363696,84.5410427675706,562
-7.6926,53.28823,2022/10/27 23:00:00+00,Fri 28 Oct 2022,50,19,0,3862049,3815589,241148,4103197,4056737,85.509654124533,84.5414387230727,563
-7.6926,53.28823,2022/10/28 23:00:00+00,Sat 29 Oct 2022,87,64,0,3862136,3815653,241148,4103284,4056801,85.5114671839374,84.5427724679219,564
-7.6926,53.28823,2022/10/29 23:00:00+00,Sun 30 Oct 2022,11,6,0,3862147,3815659,241148,4103295,4056807,85.5116964213333,84.5428975065015,565
-7.6926,53.28823,2022/11/01 00:00:00+00,Tue 01 Nov 2022,98,25,0,3862245,3815684,241148,4103393,4056832,85.5137387181337,84.5434185005832,566
-7.6926,53.28823,2022/11/02 00:00:00+00,Wed 02 Nov 2022,108,12,0,3862353,3815696,241148,4103501,4056844,85.5159894125667,84.5436685777424,567
-7.6926,53.28823,2022/11/03 00:00:00+00,Thu 03 Nov 2022,91,28,0,3862444,3815724,241148,4103592,4056872,85.5178858310241,84.5442520911139,568
-7.6926,53.28823,2022/11/04 00:00:00+00,Fri 04 Nov 2022,61,22,0,3862505,3815746,241148,4103653,4056894,85.5191570565835,84.5447105659059,569
-7.6926,53.28823,2022/11/05 00:00:00+00,Sat 05 Nov 2022,46,54,0,3862551,3815800,241148,4103699,4056948,85.5201156856939,84.5458359131224,570
-7.6926,53.28823,2022/11/06 00:00:00+00,Sun 06 Nov 2022,56,78,0,3862607,3815878,241148,4103755,4057026,85.5212827124369,84.5474614146573,571
-7.6926,53.28823,2022/11/07 00:00:00+00,Mon 07 Nov 2022,43,3,0,3862650,3815881,241148,4103798,4057029,85.5221788222575,84.5475239339471,572
-7.6926,53.28823,2022/11/08 00:00:00+00,Tue 08 Nov 2022,66,32,0,3862716,3815913,241148,4103864,4057061,85.5235542466332,84.5481908063717,573
-7.6926,53.28823,2022/11/09 00:00:00+00,Wed 09 Nov 2022,93,32,0,3862809,3815945,241148,4103957,4057093,85.5254923446172,84.5488576787963,574
-7.6926,53.28823,2022/11/10 00:00:00+00,Thu 10 Nov 2022,48,15,0,3862857,3815960,241148,4104005,4057108,85.5264926532541,84.5491702752453,575
-7.6926,53.28823,2022/11/11 00:00:00+00,Fri 11 Nov 2022,50,17,0,3862907,3815977,241148,4104055,4057125,85.5275346414175,84.5495245512209,576
-7.6926,53.28823,2022/11/12 00:00:00+00,Sat 12 Nov 2022,74,87,0,3862981,3816064,241148,4104129,4057212,85.5290767838994,84.5513376106253,577
-7.6926,53.28823,2022/11/13 00:00:00+00,Sun 13 Nov 2022,41,62,1,3863022,3816126,241149,4104171,4057275,85.5299520539566,84.5526505157112,578
-7.6926,53.28823,2022/11/14 00:00:00+00,Mon 14 Nov 2022,15,2,0,3863037,3816128,241149,4104186,4057277,85.5302646504057,84.5526921952377,579
-7.6926,53.28823,2022/11/15 00:00:00+00,Tue 15 Nov 2022,57,7,0,3863094,3816135,241149,4104243,4057284,85.531452516912,84.5528380735806,580
-7.6926,53.28823,2022/11/16 00:00:00+00,Wed 16 Nov 2022,46,20,0,3863140,3816155,241149,4104289,4057304,85.5324111460223,84.553254868846,581
-7.6926,53.28823,2022/11/17 00:00:00+00,Thu 17 Nov 2022,64,9,1,3863204,3816164,241150,4104354,4057314,85.5337657306348,84.5534632664787,582
-7.6926,53.28823,2022/11/18 00:00:00+00,Fri 18 Nov 2022,28,22,0,3863232,3816186,241150,4104382,4057336,85.5343492440063,84.5539217412706,583
-7.6926,53.28823,2022/11/19 00:00:00+00,Sat 19 Nov 2022,55,57,0,3863287,3816243,241150,4104437,4057393,85.5354954309861,84.5551096077769,584
-7.6926,53.28823,2022/11/20 00:00:00+00,Sun 20 Nov 2022,40,56,0,3863327,3816299,241150,4104477,4057449,85.5363290215168,84.5562766345199,585
-7.6926,53.28823,2022/11/21 00:00:00+00,Mon 21 Nov 2022,17,3,0,3863344,3816302,241150,4104494,4057452,85.5366832974924,84.5563391538097,586
-7.6926,53.28823,2022/11/22 00:00:00+00,Tue 22 Nov 2022,48,22,0,3863392,3816324,241150,4104542,4057474,85.5376836061293,84.5567976286017,587
-7.6926,53.28823,2022/11/23 00:00:00+00,Wed 23 Nov 2022,23,16,0,3863415,3816340,241150,4104565,4057490,85.5381629206845,84.5571310648139,588
-7.6926,53.28823,2022/11/24 00:00:00+00,Thu 24 Nov 2022,25,18,0,3863440,3816358,241150,4104590,4057508,85.5386839147662,84.5575061805528,589
-7.6926,53.28823,2022/11/25 00:00:00+00,Fri 25 Nov 2022,18,11,0,3863458,3816369,241150,4104608,4057519,85.539059030505,84.5577354179487,590
-7.6926,53.28823,2022/11/26 00:00:00+00,Sat 26 Nov 2022,66,62,0,3863524,3816431,241150,4104674,4057581,85.5404344548808,84.5590274832714,591
-7.6926,53.28823,2022/11/27 00:00:00+00,Sun 27 Nov 2022,36,42,0,3863560,3816473,241150,4104710,4057623,85.5411846863584,84.5599027533287,592
-7.6926,53.28823,2022/11/28 00:00:00+00,Mon 28 Nov 2022,17,1,0,3863577,3816474,241150,4104727,4057624,85.541538962334,84.559923593092,593
-7.6926,53.28823,2022/11/29 00:00:00+00,Tue 29 Nov 2022,32,18,0,3863609,3816492,241150,4104759,4057642,85.5422058347586,84.5602987088308,594
-7.6926,53.28823,2022/11/30 00:00:00+00,Wed 30 Nov 2022,46,12,0,3863655,3816504,241150,4104805,4057654,85.543164463869,84.56054878599,595
-7.6926,53.28823,2022/12/01 00:00:00+00,Thu 01 Dec 2022,20,11,0,3863675,3816515,241150,4104825,4057665,85.5435812591343,84.560778023386,596
-7.6926,53.28823,2022/12/02 00:00:00+00,Fri 02 Dec 2022,17,18,0,3863692,3816533,241150,4104842,4057683,85.5439355351099,84.5611531391248,597
-7.6926,53.28823,2022/12/03 00:00:00+00,Sat 03 Dec 2022,41,71,0,3863733,3816604,241150,4104883,4057754,85.5447899654039,84.5626327623169,598
-7.6926,53.28823,2022/12/04 00:00:00+00,Sun 04 Dec 2022,44,47,0,3863777,3816651,241150,4104927,4057801,85.5457069149877,84.5636122311905,599
-7.6926,53.28823,2022/12/05 00:00:00+00,Mon 05 Dec 2022,20,5,0,3863797,3816656,241150,4104947,4057806,85.5461237102531,84.5637164300068,600
-7.6926,53.28823,2022/12/06 00:00:00+00,Tue 06 Dec 2022,35,29,0,3863832,3816685,241150,4104982,4057835,85.5468531019675,84.5643207831416,601
-7.6926,53.28823,2022/12/07 00:00:00+00,Wed 07 Dec 2022,22,23,0,3863854,3816708,241150,4105004,4057858,85.5473115767594,84.5648000976968,602
-7.6926,53.28823,2022/12/08 00:00:00+00,Thu 08 Dec 2022,16,13,1,3863870,3816721,241151,4105021,4057872,85.547665852735,84.5650918543826,603
-7.6926,53.28823,2022/12/09 00:00:00+00,Fri 09 Dec 2022,27,17,0,3863897,3816738,241151,4105048,4057889,85.5482285263432,84.5654461303581,604
-7.6926,53.28823,2022/12/10 00:00:00+00,Sat 10 Dec 2022,49,43,0,3863946,3816781,241151,4105097,4057932,85.5492496747434,84.5663422401787,605
-7.6926,53.28823,2022/12/11 00:00:00+00,Sun 11 Dec 2022,28,40,0,3863974,3816821,241151,4105125,4057972,85.5498331881149,84.5671758307094,606
-7.6926,53.28823,2022/12/12 00:00:00+00,Mon 12 Dec 2022,15,2,0,3863989,3816823,241151,4105140,4057974,85.550145784564,84.567217510236,607
-7.6926,53.28823,2022/12/13 00:00:00+00,Tue 13 Dec 2022,30,15,0,3864019,3816838,241151,4105170,4057989,85.550770977462,84.567530106685,608
-7.6926,53.28823,2022/12/14 00:00:00+00,Wed 14 Dec 2022,20,19,0,3864039,3816857,241151,4105190,4058008,85.5511877727274,84.5679260621871,609
-7.6926,53.28823,2022/12/15 00:00:00+00,Thu 15 Dec 2022,13,9,0,3864052,3816866,241151,4105203,4058017,85.5514586896499,84.5681136200565,610
-7.6926,53.28823,2022/12/16 00:00:00+00,Fri 16 Dec 2022,14,4,0,3864066,3816870,241151,4105217,4058021,85.5517504463356,84.5681969791096,611
-7.6926,53.28823,2022/12/17 00:00:00+00,Sat 17 Dec 2022,20,43,0,3864086,3816913,241151,4105237,4058064,85.552167241601,84.5690930889301,612
-7.6926,53.28823,2022/12/18 00:00:00+00,Sun 18 Dec 2022,29,35,0,3864115,3816948,241151,4105266,4058099,85.5527715947358,84.5698224806445,613
-7.6926,53.28823,2022/12/19 00:00:00+00,Mon 19 Dec 2022,9,1,0,3864124,3816949,241151,4105275,4058100,85.5529591526052,84.5698433204078,614
-7.6926,53.28823,2022/12/20 00:00:00+00,Tue 20 Dec 2022,20,18,0,3864144,3816967,241151,4105295,4058118,85.5533759478706,84.5702184361466,615
-7.6926,53.28823,2021/04/14 23:00:00+00,Thu 15 Apr 2021,27122,10825,1,857570,365606,271,857841,365877,17.8772033621207,7.62479006543477,616
-7.6926,53.28823,2022/12/21 00:00:00+00,Wed 21 Dec 2022,18,29,0,3864162,3816996,241151,4105313,4058147,85.5537510636094,84.5708227892814,617
-7.6926,53.28823,2022/12/22 00:00:00+00,Thu 22 Dec 2022,7,15,0,3864169,3817011,241151,4105320,4058162,85.5538969419523,84.5711353857305,618
-7.6926,53.28823,2022/12/23 00:00:00+00,Fri 23 Dec 2022,20,6,0,3864189,3817017,241151,4105340,4058168,85.5543137372177,84.5712604243101,619
-7.6926,53.28823,2022/12/28 00:00:00+00,Wed 28 Dec 2022,20,24,0,3864209,3817041,241151,4105360,4058192,85.554730532483,84.5717605786285,620
-7.6926,53.28823,2022/12/29 00:00:00+00,Thu 29 Dec 2022,18,12,0,3864227,3817053,241151,4105378,4058204,85.5551056482219,84.5720106557878,621
-7.6926,53.28823,2022/12/30 00:00:00+00,Fri 30 Dec 2022,70,31,0,3864297,3817084,241151,4105448,4058235,85.5565644316507,84.5726566884491,622
-7.6926,53.28823,2022/12/31 00:00:00+00,Sat 31 Dec 2022,36,26,0,3864333,3817110,241151,4105484,4058261,85.5573146631284,84.5731985222941,623
-7.6926,53.28823,2023/01/03 00:00:00+00,Tue 03 Jan 2023,14,14,0,3864347,3817124,241151,4105498,4058275,85.5576064198141,84.5734902789798,624
-7.6926,53.28823,2023/01/04 00:00:00+00,Wed 04 Jan 2023,56,28,0,3864403,3817152,241151,4105554,4058303,85.5587734465572,84.5740737923513,625
-7.6926,53.28823,2023/01/05 00:00:00+00,Thu 05 Jan 2023,26,16,0,3864429,3817168,241151,4105580,4058319,85.5593152804021,84.5744072285636,626
-7.6926,53.28823,2023/01/06 00:00:00+00,Fri 06 Jan 2023,36,22,0,3864465,3817190,241151,4105616,4058341,85.5600655118798,84.5748657033556,627
-7.6926,53.28823,2023/01/07 00:00:00+00,Sat 07 Jan 2023,135,74,0,3864600,3817264,241151,4105751,4058415,85.5628788799211,84.5764078458374,628
-7.6926,53.28823,2023/01/08 00:00:00+00,Sun 08 Jan 2023,51,45,0,3864651,3817309,241151,4105802,4058460,85.5639417078478,84.5773456351845,629
-7.6926,53.28823,2023/01/09 00:00:00+00,Mon 09 Jan 2023,1,1,0,3864652,3817310,241151,4105803,4058461,85.563962547611,84.5773664749478,630
-7.6926,53.28823,2023/01/10 00:00:00+00,Tue 10 Jan 2023,43,13,0,3864695,3817323,241151,4105846,4058474,85.5648586574316,84.5776373918703,631
-7.6926,53.28823,2023/01/11 00:00:00+00,Wed 11 Jan 2023,58,31,0,3864753,3817354,241151,4105904,4058505,85.5660673637012,84.5782834245316,632
-7.6926,53.28823,2023/01/12 00:00:00+00,Thu 12 Jan 2023,14,12,0,3864767,3817366,241151,4105918,4058517,85.5663591203869,84.5785335016908,633
-7.6926,53.28823,2023/01/13 00:00:00+00,Fri 13 Jan 2023,30,12,0,3864797,3817378,241151,4105948,4058529,85.566984313285,84.5787835788501,634
-7.6926,53.28823,2023/01/14 00:00:00+00,Sat 14 Jan 2023,72,39,0,3864869,3817417,241151,4106020,4058568,85.5684847762403,84.5795963296175,635
-7.6926,53.28823,2023/01/15 00:00:00+00,Sun 15 Jan 2023,61,29,0,3864930,3817446,241151,4106081,4058597,85.5697560017997,84.5802006827523,636
-7.6926,53.28823,2023/01/16 00:00:00+00,Mon 16 Jan 2023,6,2,0,3864936,3817448,241151,4106087,4058599,85.5698810403793,84.5802423622789,637
-7.6926,53.28823,2023/01/17 00:00:00+00,Tue 17 Jan 2023,13,18,0,3864949,3817466,241151,4106100,4058617,85.5701519573018,84.5806174780177,638
-7.6926,53.28823,2023/01/18 00:00:00+00,Wed 18 Jan 2023,35,13,0,3864984,3817479,241151,4106135,4058630,85.5708813490162,84.5808883949402,639
-7.6926,53.28823,2021/04/15 23:00:00+00,Fri 16 Apr 2021,27980,9852,1,885550,375458,272,885822,375730,18.4603207781401,7.83012425292054,640
-7.6926,53.28823,2021/04/16 23:00:00+00,Sat 17 Apr 2021,15860,4567,3,901410,380025,275,901685,380300,18.7909019428703,7.92536197105815,641
-7.6926,53.28823,2021/04/17 23:00:00+00,Sun 18 Apr 2021,1080,489,0,902490,380514,275,902765,380789,18.8134088872004,7.93555261529651,642
-7.6926,53.28823,2021/04/18 23:00:00+00,Mon 19 Apr 2021,6766,2269,0,909256,382783,275,909531,383058,18.9544107254759,7.98283803815302,643
-7.6926,53.28823,2021/04/19 23:00:00+00,Tue 20 Apr 2021,15104,7333,1,924360,390116,276,924636,390392,19.2691953496485,8.13567686196512,644
-7.6926,53.28823,2021/04/20 23:00:00+00,Wed 21 Apr 2021,26743,9906,4,951103,400022,280,951383,400302,19.8265964977944,8.34219891595719,645
-7.6926,53.28823,2021/04/21 23:00:00+00,Thu 22 Apr 2021,31645,12198,1,982748,412220,281,983029,412501,20.4860916461933,8.59642318807115,646
-7.6926,53.28823,2021/04/22 23:00:00+00,Fri 23 Apr 2021,33625,12365,3,1016373,424585,284,1016657,424869,21.1868912053907,8.85416938017751,647
-7.6926,53.28823,2021/04/23 23:00:00+00,Sat 24 Apr 2021,23712,7011,2,1040085,431596,286,1040371,431882,21.6810853515428,9.00031863998038,648
-7.6926,53.28823,2021/04/24 23:00:00+00,Sun 25 Apr 2021,9759,312,3,1049844,431908,289,1050133,432197,21.8845231205712,9.00688316540999,649
-7.6926,53.28823,2021/04/25 23:00:00+00,Mon 26 Apr 2021,15606,3064,4,1065450,434972,293,1065743,435265,22.2098318251944,9.07081955911814,650
-7.6926,53.28823,2021/04/26 23:00:00+00,Tue 27 Apr 2021,25932,7827,9,1091382,442799,302,1091684,443101,22.7504361241458,9.23411994409108,651
-7.6926,53.28823,2021/04/27 23:00:00+00,Wed 28 Apr 2021,26057,8627,6,1117439,451426,308,1117747,451734,23.293582874216,9.41402962038912,652
-7.6926,53.28823,2021/04/28 23:00:00+00,Thu 29 Apr 2021,31705,11338,7,1149144,462764,315,1149459,463079,23.9544534469906,9.65045673467168,653
-7.6926,53.28823,2021/04/29 23:00:00+00,Fri 30 Apr 2021,36116,13545,8,1185260,476309,323,1185583,476632,24.7072690553064,9.93289804625135,654
-7.6926,53.28823,2021/04/30 23:00:00+00,Sat 01 May 2021,16634,6703,21,1201894,483012,344,1202238,483356,25.0543553125454,10.0730246144696,655
-7.6926,53.28823,2021/05/01 23:00:00+00,Sun 02 May 2021,12479,914,16,1214373,483926,360,1214733,484286,25.3147481545869,10.0924055943094,656
-7.6926,53.28823,2021/05/02 23:00:00+00,Mon 03 May 2021,14281,938,21,1228654,484864,381,1229035,485245,25.6127984488547,10.112390927284,657
-7.6926,53.28823,2021/05/03 23:00:00+00,Tue 04 May 2021,26676,6810,11,1255330,491674,392,1255722,492066,26.1689492112045,10.2545389525393,658
-7.6926,53.28823,2021/05/04 23:00:00+00,Wed 05 May 2021,32146,13474,70,1287476,505148,462,1287938,505610,26.8403230246666,10.5367927062496,659
-7.6926,53.28823,2021/05/05 23:00:00+00,Thu 06 May 2021,37310,14388,133,1324786,519536,595,1325381,520131,27.6206262807337,10.8394069086733,660
-7.6926,53.28823,2021/05/06 23:00:00+00,Fri 07 May 2021,40612,15102,98,1365398,534638,693,1366091,535331,28.4690130433994,11.1561713103564,661
-7.6926,53.28823,2021/05/07 23:00:00+00,Sat 08 May 2021,25642,7066,10,1391040,541704,703,1391743,542407,29.0035946507662,11.3036334752452,662
-7.6926,53.28823,2021/05/08 23:00:00+00,Sun 09 May 2021,19684,936,5,1410724,542640,708,1411432,543348,29.4139087497622,11.323243692481,663
-7.6926,53.28823,2021/05/09 23:00:00+00,Mon 10 May 2021,28867,4667,172,1439591,547307,880,1440471,548187,30.0190746353198,11.4240873069378,664
-7.6926,53.28823,2021/05/10 23:00:00+00,Tue 11 May 2021,33930,14824,153,1473521,562131,1033,1474554,563164,30.7293562868043,11.736204441412,665
-7.6926,53.28823,2021/05/11 23:00:00+00,Wed 12 May 2021,31312,20934,175,1504833,583065,1208,1506041,584273,31.3855379128435,12.1761110042494,666
-7.6926,53.28823,2021/05/12 23:00:00+00,Thu 13 May 2021,36021,25489,153,1540854,608554,1361,1542215,609915,32.1393955093228,12.7104842139835,667
-7.6926,53.28823,2021/05/13 23:00:00+00,Fri 14 May 2021,38242,27959,237,1579096,636513,1598,1580694,638111,32.9412887601362,13.2980821791057,668
-7.6926,53.28823,2021/05/14 23:00:00+00,Sat 15 May 2021,28893,12469,22,1607989,648982,1620,1609609,650602,33.5438705150485,13.5583916620941,669
-7.6926,53.28823,2021/05/15 23:00:00+00,Sun 16 May 2021,23194,1184,11,1631183,650166,1631,1632814,651797,34.0274572216969,13.5832951792001,670
-7.6926,53.28823,2021/05/16 23:00:00+00,Mon 17 May 2021,35407,3965,120,1666590,654131,1751,1668341,655882,34.7678314913414,13.6684256121524,671
-7.6926,53.28823,2021/05/17 23:00:00+00,Tue 18 May 2021,39044,12518,127,1705634,666649,1878,1707512,668527,35.5841458583367,13.9319444186842,672
-7.6926,53.28823,2021/05/18 23:00:00+00,Wed 19 May 2021,37052,17616,212,1742686,684265,2090,1744776,686355,36.3607187967788,14.3034757182372,673
-7.6926,53.28823,2021/05/19 23:00:00+00,Thu 20 May 2021,39110,19650,137,1781796,703915,2227,1784023,706142,37.1786169857825,14.7158321140335,674
-7.6926,53.28823,2021/05/20 23:00:00+00,Fri 21 May 2021,25859,23267,14935,1807655,727182,17162,1824817,744344,38.0287542885628,15.5119527504215,675
-7.6926,53.28823,2021/05/21 23:00:00+00,Sat 22 May 2021,16611,10262,13524,1824266,737444,30686,1854952,768130,38.6567605546628,16.0076473595291,676
-7.6926,53.28823,2021/05/22 23:00:00+00,Sun 23 May 2021,8237,5544,10205,1832503,742988,40891,1873394,783879,39.0410874688628,16.3358527912466,677
-7.6926,53.28823,2021/05/23 23:00:00+00,Mon 24 May 2021,22568,8246,8453,1855071,751234,49344,1904415,800578,39.6875577652188,16.6838559980694,678
-7.6926,53.28823,2021/05/24 23:00:00+00,Tue 25 May 2021,30381,16524,3224,1885452,767758,52568,1938020,820326,40.387878009861,17.0953996430982,679
-7.6926,53.28823,2021/05/25 23:00:00+00,Wed 26 May 2021,20000,25490,3055,1905452,793248,55623,1961075,848871,40.8683387520191,17.6902706856011,680
-7.6926,53.28823,2021/05/26 23:00:00+00,Thu 27 May 2021,17035,36066,550,1922487,829314,56173,1978660,885487,41.2348059890979,18.4533394574451,681
-7.6926,53.28823,2021/05/27 23:00:00+00,Fri 28 May 2021,27061,31850,1562,1949548,861164,57735,2007283,918899,41.8313025331357,19.1496376277764,682
-7.6926,53.28823,2021/05/28 23:00:00+00,Sat 29 May 2021,24508,7406,538,1974056,868570,58273,2032329,926843,42.3532552439617,19.3151887071824,683
-7.6926,53.28823,2021/05/29 23:00:00+00,Sun 30 May 2021,24271,1695,210,1998327,870265,58483,2056810,928748,42.8634334885409,19.3548884562091,684
-7.6926,53.28823,2021/05/30 23:00:00+00,Mon 31 May 2021,22616,7323,3445,2020943,877588,61928,2082871,939516,43.4065385590846,19.5792910270856,685
-7.6926,53.28823,2021/05/31 23:00:00+00,Tue 01 Jun 2021,27628,11540,3657,2048571,889128,65585,2114156,954713,44.0585105529435,19.8959929094789,686
-7.6926,53.28823,2021/06/01 23:00:00+00,Wed 02 Jun 2021,18728,20925,4009,2067299,910053,69594,2136893,979647,44.5323442503823,20.4156115668188,687
-7.6926,53.28823,2021/06/02 23:00:00+00,Thu 03 Jun 2021,16715,30718,1978,2084014,940771,71572,2155586,1012343,44.9219019451627,21.0969884666498,688
-7.6926,53.28823,2021/06/03 23:00:00+00,Fri 04 Jun 2021,29016,23357,155,2113030,964128,71727,2184757,1035855,45.5298186794717,21.5869729806217,689
-7.6926,53.28823,2021/06/04 23:00:00+00,Sat 05 Jun 2021,20983,11511,35,2134013,975639,71762,2205775,1047401,45.9678288238517,21.8275888873213,690
-7.6926,53.28823,2021/06/05 23:00:00+00,Sun 06 Jun 2021,19965,3925,47,2153978,979564,71809,2225787,1051373,46.3848741663834,21.9103644270243,691
-7.6926,53.28823,2021/06/06 23:00:00+00,Mon 07 Jun 2021,19853,4612,47,2173831,984176,71856,2245687,1056032,46.7995854554291,22.0074568840928,692
-7.6926,53.28823,2021/06/07 23:00:00+00,Tue 08 Jun 2021,26436,18354,48,2200267,1002530,71904,2272171,1074434,47.3515057458353,22.390950207762,693
-7.6926,53.28823,2021/06/08 23:00:00+00,Wed 09 Jun 2021,32837,20140,176,2233104,1022670,72080,2305184,1094750,48.0394888506225,22.8143308383274,694
-7.6926,53.28823,2021/06/09 23:00:00+00,Thu 10 Jun 2021,27723,27513,273,2260827,1050183,72353,2333180,1122536,48.6229188630909,23.3933845005094,695
-7.6926,53.28823,2021/06/10 23:00:00+00,Fri 11 Jun 2021,26472,32918,44,2287299,1083101,72397,2359696,1155498,49.1755060259217,24.0803047773699,696
-7.6926,53.28823,2021/06/11 23:00:00+00,Sat 12 Jun 2021,12235,19737,105,2299534,1102838,72502,2372036,1175340,49.4326687046566,24.4938073601459,697
-7.6926,53.28823,2021/06/12 23:00:00+00,Sun 13 Jun 2021,8565,18186,835,2308099,1121024,73337,2381436,1194361,49.6285624793817,24.8902004972784,698
-7.6926,53.28823,2021/06/13 23:00:00+00,Mon 14 Jun 2021,16038,31324,54,2324137,1152348,73391,2397528,1225739,49.9639159499004,25.5441105891213,699
-7.6926,53.28823,2021/06/14 23:00:00+00,Tue 15 Jun 2021,14723,41604,206,2338860,1193952,73597,2412457,1267549,50.2750327757377,26.4154210913826,700
-7.6926,53.28823,2021/06/15 23:00:00+00,Wed 16 Jun 2021,13500,48412,220,2352360,1242364,73817,2426177,1316181,50.5609543277832,27.4289004586623,701
-7.6926,53.28823,2021/06/16 23:00:00+00,Thu 17 Jun 2021,21594,42708,535,2373954,1285072,74352,2448306,1359424,51.0221174491546,28.3300743416875,702
-7.6926,53.28823,2021/06/17 23:00:00+00,Fri 18 Jun 2021,12028,50040,555,2385982,1335112,74907,2460889,1410019,51.2843441903637,29.3844621642636,703
-7.6926,53.28823,2021/06/18 23:00:00+00,Sat 19 Jun 2021,6343,32828,434,2392325,1367940,75341,2467666,1443281,51.4255752660352,30.0776343701046,704
-7.6926,53.28823,2021/06/19 23:00:00+00,Sun 20 Jun 2021,8530,26154,178,2400855,1394094,75519,2476374,1469613,51.6070479245784,30.626387016494,705
-7.6926,53.28823,2021/06/20 23:00:00+00,Mon 21 Jun 2021,15504,32361,575,2416359,1426455,76094,2492453,1502549,51.9421304781746,31.3127654595095,706
-7.6926,53.28823,2021/06/21 23:00:00+00,Tue 22 Jun 2021,15160,43574,723,2431519,1470029,76817,2508336,1546846,52.2731284381702,32.2359044530198,707
-7.6926,53.28823,2021/06/22 23:00:00+00,Wed 23 Jun 2021,20110,39415,886,2451629,1509444,77703,2529332,1587147,52.7106801077582,33.0757677525086,708
-7.6926,53.28823,2021/06/23 23:00:00+00,Thu 24 Jun 2021,19048,44286,1033,2470677,1553730,78736,2549413,1632466,53.1291633939555,34.0202049840795,709
-7.6926,53.28823,2021/06/24 23:00:00+00,Fri 25 Jun 2021,15232,50141,843,2485909,1603871,79579,2565488,1683450,53.4641625884987,35.0826994745671,710
-7.6926,53.28823,2021/06/25 23:00:00+00,Sat 26 Jun 2021,9088,30590,513,2494997,1634461,80092,2575089,1714553,53.6642451556407,35.7308786315111,711
-7.6926,53.28823,2021/06/26 23:00:00+00,Sun 27 Jun 2021,8745,30493,59,2503742,1664954,80151,2583893,1745105,53.8477184314577,36.3675750788941,712
-7.6926,53.28823,2021/06/27 23:00:00+00,Mon 28 Jun 2021,24254,24678,528,2527996,1689632,80679,2608675,1770311,54.3641694447808,36.8928621518431,713
-7.6926,53.28823,2021/06/28 23:00:00+00,Tue 29 Jun 2021,28163,31069,812,2556159,1720701,81491,2637650,1802192,54.9680015854892,37.5572546446101,714
-7.6926,53.28823,2021/06/29 23:00:00+00,Wed 30 Jun 2021,22602,36895,592,2578761,1757596,82083,2660844,1839679,55.4513590547417,38.3384748502611,715
-7.6926,53.28823,2021/06/30 23:00:00+00,Thu 01 Jul 2021,15066,48324,644,2593827,1805920,82727,2676554,1888647,55.7787517356918,39.3589563779991,716
-7.6926,53.28823,2021/07/01 23:00:00+00,Fri 02 Jul 2021,13705,47295,818,2607532,1853215,83545,2691077,1936760,56.081407617642,40.3616199081425,717
-7.6926,53.28823,2021/07/02 23:00:00+00,Sat 03 Jul 2021,9330,30500,506,2616862,1883715,84051,2700913,1967766,56.2863875291522,41.0077776080495,718
-7.6926,53.28823,2021/07/03 23:00:00+00,Sun 04 Jul 2021,6465,27793,233,2623327,1911508,84284,2707611,1995792,56.4259722635255,41.591832813416,719
-7.6926,53.28823,2021/07/04 23:00:00+00,Mon 05 Jul 2021,15645,33486,5343,2638972,1944994,89627,2728599,2034621,56.8633572150074,42.4010199813734,720
-7.6926,53.28823,2021/07/05 23:00:00+00,Tue 06 Jul 2021,12412,48316,5489,2651384,1993310,95116,2746500,2088426,57.236409817279,43.5223034440418,721
-7.6926,53.28823,2021/07/06 23:00:00+00,Wed 07 Jul 2021,19722,43778,5061,2671106,2037088,100177,2771283,2137265,57.7528816703654,44.5400966423182,722
-7.6926,53.28823,2021/07/07 23:00:00+00,Thu 08 Jul 2021,17802,45625,6001,2688908,2082713,106178,2795086,2188891,58.2489305554485,45.6159702608242,723
-7.6926,53.28823,2021/07/08 23:00:00+00,Fri 09 Jul 2021,13534,45116,6532,2702442,2127829,112710,2815152,2240539,58.6671012451967,46.6923023541222,724
-7.6926,53.28823,2021/07/09 23:00:00+00,Sat 10 Jul 2021,8657,23892,4365,2711099,2151721,117075,2828174,2268796,58.9384766424807,47.2811715448037,725
-7.6926,53.28823,2021/07/10 23:00:00+00,Sun 11 Jul 2021,15247,16132,2153,2726346,2167853,119228,2845574,2287081,59.3010885233548,47.6622266161705,726
-7.6926,53.28823,2021/07/11 23:00:00+00,Mon 12 Jul 2021,17132,31788,6095,2743478,2199641,125323,2868801,2324964,59.7851337047952,48.4516993680759,727
-7.6926,53.28823,2021/07/12 23:00:00+00,Tue 13 Jul 2021,20123,36592,8490,2763601,2236233,133813,2897414,2370046,60.3814218512003,49.391197575752,728
-7.6926,53.28823,2021/07/13 23:00:00+00,Wed 14 Jul 2021,20806,35740,9335,2784407,2271973,143148,2927555,2415121,61.00955315588,50.3305499050853,729
-7.6926,53.28823,2021/07/14 23:00:00+00,Thu 15 Jul 2021,23668,28862,9587,2808075,2300835,152735,2960810,2453570,61.7025794833781,51.1318179630007,730
-7.6926,53.28823,2021/07/15 23:00:00+00,Fri 16 Jul 2021,23526,27450,9168,2831601,2328285,161903,2993504,2490188,62.3839147036825,51.8949284143712,731
-7.6926,53.28823,2021/07/16 23:00:00+00,Sat 17 Jul 2021,11520,19450,4678,2843121,2347735,166581,3009702,2514316,62.7214771891077,52.3977502225166,732
-7.6926,53.28823,2021/07/17 23:00:00+00,Sun 18 Jul 2021,16872,15836,1931,2859993,2363571,168512,3028505,2532083,63.1133272578477,52.7680102965102,733
-7.6926,53.28823,2021/07/18 23:00:00+00,Mon 19 Jul 2021,24915,18466,6253,2884908,2382037,174765,3059673,2556802,63.7628609994042,53.2831484047474,734
-7.6926,53.28823,2021/07/19 23:00:00+00,Tue 20 Jul 2021,30611,18203,7700,2915519,2400240,182465,3097984,2582705,64.5612531699885,53.8229607926946,735
-7.6926,53.28823,2021/07/20 23:00:00+00,Wed 21 Jul 2021,30378,19859,6894,2945897,2420099,189359,3135256,2609458,65.3379928265367,54.3804869794201,736
-7.6926,53.28823,2021/07/21 23:00:00+00,Thu 22 Jul 2021,33553,15950,6937,2979450,2436049,196296,3175746,2632345,66.1817948412833,54.8574466413491,737
-7.6926,53.28823,2021/07/22 23:00:00+00,Fri 23 Jul 2021,27097,20864,5616,3006547,2456913,201912,3208459,2658825,66.8635260170899,55.4092835727023,738
-7.6926,53.28823,2021/07/23 23:00:00+00,Sat 24 Jul 2021,15449,14830,2277,3021996,2471743,204189,3226185,2675932,67.2329316607895,55.7657894029387,739
-7.6926,53.28823,2021/07/24 23:00:00+00,Sun 25 Jul 2021,14744,13657,1046,3036740,2485400,205235,3241975,2690635,67.5619915228011,56.0721964422773,740
-7.6926,53.28823,2021/07/25 23:00:00+00,Mon 26 Jul 2021,23859,18332,3422,3060599,2503732,208657,3269256,2712389,68.1305211045325,56.525544652423,741
-7.6926,53.28823,2021/07/26 23:00:00+00,Tue 27 Jul 2021,25534,23931,3672,3086133,2527663,212329,3298462,2739992,68.7391672305559,57.1007846379268,742
-7.6926,53.28823,2021/07/27 23:00:00+00,Wed 28 Jul 2021,23455,25314,3265,3109588,2552977,215594,3325182,2768571,69.2960057050936,57.6963642323809,743
-7.6926,53.28823,2021/07/28 23:00:00+00,Thu 29 Jul 2021,19301,27892,2964,3128889,2580869,218558,3347447,2799427,69.7600030342695,58.3393959677976,744
