X,Y,VaccinationDate,VaccineText,Dose1,Dose2,SingleDose,Dose1Cum,Dose2Cum,SingleDoseCum,PartiallyVacc,FullyVacc,PartialPercent,FullyPercent,ObjectId
-7.6926,53.28823,2021/04/12 23:00:00+00,Tue 13 Apr 2021,11458,8571,1,805373,346659,167,805540,346826,17.1067298632145,7.36531853357902,1
-7.6926,53.28823,2021/04/13 23:00:00+00,Wed 14 Apr 2021,20312,6569,2,825685,353228,169,825854,353397,17.5381250893254,7.50486259337889,2
-7.6926,53.28823,2021/04/14 23:00:00+00,Thu 15 Apr 2021,27085,10770,1,852770,363998,170,852940,364168,18.1133328817069,7.7335993257034,3
-7.6926,53.28823,2021/04/15 23:00:00+00,Fri 16 Apr 2021,27923,9808,1,880693,373806,171,880864,373977,18.7063367358922,7.94190668874964,4
-7.6926,53.28823,2021/04/16 23:00:00+00,Sat 17 Apr 2021,15819,4529,1,896512,378335,172,896684,378507,19.0422958024017,8.03810735697265,5
-7.6926,53.28823,2021/04/17 23:00:00+00,Sun 18 Apr 2021,1043,464,0,897555,378799,172,897727,378971,19.0644453160787,8.04796102365156,6
-7.6926,53.28823,2021/04/18 23:00:00+00,Mon 19 Apr 2021,6711,2226,0,904266,381025,172,904438,381197,19.2069624649627,8.09523314008962,7
-7.6926,53.28823,2021/04/19 23:00:00+00,Tue 20 Apr 2021,15033,7276,1,919299,388301,173,919472,388474,19.5262297598997,8.24977006341387,8
-7.6926,53.28823,2021/04/20 23:00:00+00,Wed 21 Apr 2021,26655,9836,2,945954,398137,175,946129,398312,20.0923271578734,8.45869328062754,9
-7.6926,53.28823,2021/04/21 23:00:00+00,Thu 22 Apr 2021,31576,12155,1,977530,410292,176,977706,410468,20.7629074008045,8.71684235853458,10
-7.6926,53.28823,2021/04/22 23:00:00+00,Fri 23 Apr 2021,33539,12346,1,1011069,422638,177,1011246,422815,21.4751745999656,8.97904757940643,11
-7.6926,53.28823,2021/04/23 23:00:00+00,Sat 24 Apr 2021,23648,6976,1,1034717,429614,178,1034895,429792,21.9773930553311,9.12721359755034,12
-7.6926,53.28823,2021/04/24 23:00:00+00,Sun 25 Apr 2021,9711,279,2,1044428,429893,180,1044608,430073,22.1836617287196,9.13318101206925,13
-7.6926,53.28823,2021/04/25 23:00:00+00,Mon 26 Apr 2021,15525,3026,1,1059953,432919,181,1060134,433100,22.5133773081524,9.1974634453388,14
-7.6926,53.28823,2021/04/26 23:00:00+00,Tue 27 Apr 2021,25868,7776,5,1085821,440695,186,1086007,440881,23.0628254072548,9.362703489366,15
-7.6926,53.28823,2021/04/27 23:00:00+00,Wed 28 Apr 2021,25982,8566,5,1111803,449261,191,1111994,449452,23.6146944503257,9.54472025036808,16
-7.6926,53.28823,2021/04/28 23:00:00+00,Thu 29 Apr 2021,31641,11311,4,1143444,460572,195,1143639,460767,24.2867187650977,9.78500955741959,17
-7.6926,53.28823,2021/04/29 23:00:00+00,Fri 30 Apr 2021,36062,13497,5,1179506,474069,200,1179706,474269,25.0526502222278,10.0717427632357,18
-7.6926,53.28823,2021/04/30 23:00:00+00,Sat 01 May 2021,16505,6659,15,1196011,480728,215,1196226,480943,25.4034747341581,10.2134741671475,19
-7.6926,53.28823,2021/05/01 23:00:00+00,Sun 02 May 2021,12397,891,9,1208408,481619,224,1208632,481843,25.6669328997154,10.2325868826885,20
-7.6926,53.28823,2021/05/02 23:00:00+00,Mon 03 May 2021,14206,898,14,1222614,482517,238,1222852,482755,25.9689138052631,10.2519544344367,21
-7.6926,53.28823,2021/05/03 23:00:00+00,Tue 04 May 2021,26576,6751,6,1249190,489268,244,1249434,489512,26.5334184769417,10.3954484554484,22
-7.6926,53.28823,2021/05/04 23:00:00+00,Wed 05 May 2021,32014,13411,68,1281204,502679,312,1281516,502991,27.2147230769263,10.6816932252007,23
-7.6926,53.28823,2021/05/05 23:00:00+00,Thu 06 May 2021,37206,14349,130,1318410,517028,442,1318852,517470,28.0076034629692,10.9891743455541,24
-7.6926,53.28823,2021/05/06 23:00:00+00,Fri 07 May 2021,40518,15033,91,1358928,532061,533,1359461,532594,28.8699904245295,11.3103529120452,25
-7.6926,53.28823,2021/05/07 23:00:00+00,Sat 08 May 2021,25545,7005,9,1384473,539066,542,1385015,539608,29.4126641277902,11.4593046751613,26
-7.6926,53.28823,2021/05/08 23:00:00+00,Sun 09 May 2021,19619,901,1,1404092,539967,543,1404635,540510,29.8293213265839,11.4784598634035,27
-7.6926,53.28823,2021/05/09 23:00:00+00,Mon 10 May 2021,28751,4603,167,1432843,544570,710,1433553,545280,30.4434341132666,11.5797572557708,28
-7.6926,53.28823,2021/05/10 23:00:00+00,Tue 11 May 2021,33854,14785,149,1466697,559355,859,1467556,560214,31.165533742756,11.8969009156477,29
-7.6926,53.28823,2021/05/11 23:00:00+00,Wed 12 May 2021,31208,20907,164,1497905,580262,1023,1498928,581285,31.8317605338139,12.3443720591636,30
-7.6926,53.28823,2021/05/12 23:00:00+00,Thu 13 May 2021,35915,25449,146,1533820,605711,1169,1534989,606880,32.5975645728404,12.8879164527989,31
-7.6926,53.28823,2021/05/13 23:00:00+00,Fri 14 May 2021,38117,27931,230,1571937,633642,1399,1573336,635041,33.411914909341,13.4859533220767,32
-7.6926,53.28823,2021/05/14 23:00:00+00,Sat 15 May 2021,28781,12415,13,1600718,646057,1412,1602130,647469,34.0233943885492,13.7498786873472,33
-7.6926,53.28823,2021/05/15 23:00:00+00,Sun 16 May 2021,23108,1143,5,1623826,647200,1417,1625243,648617,34.5142301599925,13.7742580178373,34
-7.6926,53.28823,2021/05/16 23:00:00+00,Mon 17 May 2021,35320,3914,110,1659146,651114,1527,1660673,652641,35.2666340617897,13.8597130926561,35
-7.6926,53.28823,2021/05/17 23:00:00+00,Tue 18 May 2021,38973,12456,118,1698119,663570,1645,1699764,665215,36.0967842431375,14.1267389651144,36
-7.6926,53.28823,2021/05/18 23:00:00+00,Wed 19 May 2021,36939,17561,201,1735058,681131,1846,1736904,682977,36.8855023044626,14.5039390244912,37
-7.6926,53.28823,2021/05/19 23:00:00+00,Thu 20 May 2021,38993,19637,127,1774051,700768,1973,1776024,702741,37.7162683399778,14.9236542577715,38
-7.6926,53.28823,2021/05/20 23:00:00+00,Fri 21 May 2021,25749,23206,14927,1799800,723974,16900,1816700,740874,38.5800781370284,15.7334600152435,39
-7.6926,53.28823,2021/05/21 23:00:00+00,Sat 22 May 2021,16517,10226,13512,1816317,734200,30412,1846729,764612,39.217784509229,16.2375685058125,40
-7.6926,53.28823,2021/05/22 23:00:00+00,Sun 23 May 2021,8162,5511,10200,1824479,739711,40612,1865091,780323,39.6077263789665,16.5712128101065,41
-7.6926,53.28823,2021/05/23 23:00:00+00,Mon 24 May 2021,22462,8171,8441,1846941,747882,49053,1895994,796935,40.2639933215925,16.923991066292,42
-7.6926,53.28823,2021/05/24 23:00:00+00,Tue 25 May 2021,30218,16471,3216,1877159,764353,52269,1929428,816622,40.9740094675898,17.342071100576,43
-7.6926,53.28823,2021/05/25 23:00:00+00,Wed 26 May 2021,19853,25387,3043,1897012,789740,55312,1952324,845052,41.4602369509527,17.9458205481654,44
-7.6926,53.28823,2021/05/26 23:00:00+00,Thu 27 May 2021,16920,35955,546,1913932,825695,55858,1969790,881553,41.8311510505516,18.7209685814564,45
-7.6926,53.28823,2021/05/27 23:00:00+00,Fri 28 May 2021,26912,31774,1548,1940844,857469,57406,1998250,914875,42.4355375886591,19.4286062561864,46
-7.6926,53.28823,2021/05/28 23:00:00+00,Sat 29 May 2021,24389,7361,522,1965233,864830,57928,2023161,922758,42.9645563184832,19.5960124079749,47
-7.6926,53.28823,2021/05/29 23:00:00+00,Sun 30 May 2021,24173,1653,203,1989406,866483,58131,2047537,924614,43.4822136007358,19.6354270746906,48
-7.6926,53.28823,2021/05/30 23:00:00+00,Mon 31 May 2021,22462,7287,3432,2011868,873770,61563,2073431,935333,44.0321076632008,19.8630595167838,49
-7.6926,53.28823,2021/05/31 23:00:00+00,Tue 01 Jun 2021,27399,11455,3636,2039267,885225,65199,2104466,950424,44.6911778041061,20.1835372837051,50
-7.6926,53.28823,2021/06/01 23:00:00+00,Wed 02 Jun 2021,18572,20841,3992,2057839,906066,69191,2127030,975257,45.1703548190695,20.7108995781824,51
-7.6926,53.28823,2021/06/02 23:00:00+00,Thu 03 Jun 2021,16574,30648,1968,2074413,936714,71159,2145572,1007873,45.5641192319152,21.403544389388,52
-7.6926,53.28823,2021/06/03 23:00:00+00,Fri 04 Jun 2021,28920,23305,137,2103333,960019,71296,2174629,1031315,46.1811838713315,21.9013669201791,53
-7.6926,53.28823,2021/06/04 23:00:00+00,Sat 05 Jun 2021,20850,11437,25,2124183,971456,71321,2195504,1042777,46.6244926901296,22.144777970769,54
-7.6926,53.28823,2021/06/05 23:00:00+00,Sun 06 Jun 2021,19847,3865,33,2144030,975321,71354,2215384,1046675,47.0466713400796,22.2275572654121,55
-7.6926,53.28823,2021/06/06 23:00:00+00,Mon 07 Jun 2021,19697,4513,36,2163727,979834,71390,2235117,1051224,47.4657282464912,22.3241614242966,56
-7.6926,53.28823,2021/06/07 23:00:00+00,Tue 08 Jun 2021,26308,18272,34,2190035,998106,71424,2261459,1069530,48.0251361940255,22.7129140584004,57
-7.6926,53.28823,2021/06/08 23:00:00+00,Wed 09 Jun 2021,32672,20042,162,2222707,1018148,71586,2294293,1089734,48.7224105296622,23.1419732859451,58
-7.6926,53.28823,2021/06/09 23:00:00+00,Thu 10 Jun 2021,27580,27410,254,2250287,1045558,71840,2322127,1117398,49.3135031122934,23.7294556889741,59
-7.6926,53.28823,2021/06/10 23:00:00+00,Fri 11 Jun 2021,26332,32818,23,2276619,1078376,71863,2348482,1150239,49.8731871323855,24.426878679065,60
-7.6926,53.28823,2021/06/11 23:00:00+00,Sat 12 Jun 2021,12105,19664,96,2288724,1098040,71959,2360683,1169999,50.1322918460696,24.8465089669429,61
-7.6926,53.28823,2021/06/12 23:00:00+00,Sun 13 Jun 2021,8489,18130,824,2297213,1116170,72783,2369996,1188953,50.3300659792177,25.2490227562362,62
-7.6926,53.28823,2021/06/13 23:00:00+00,Mon 14 Jun 2021,15936,31243,32,2313149,1147413,72815,2385964,1220228,50.6691680256161,25.9131896212858,63
-7.6926,53.28823,2021/06/14 23:00:00+00,Tue 15 Jun 2021,14593,41460,194,2327742,1188873,73009,2400751,1261882,50.9831899419547,26.7977685692242,64
-7.6926,53.28823,2021/06/15 23:00:00+00,Wed 16 Jun 2021,13327,48307,205,2341069,1237180,73214,2414283,1310394,51.2705602382888,27.8279864095851,65
-7.6926,53.28823,2021/06/16 23:00:00+00,Thu 17 Jun 2021,21479,42581,519,2362548,1279761,73733,2436281,1353494,51.737717478812,28.7432731204927,66
-7.6926,53.28823,2021/06/17 23:00:00+00,Fri 18 Jun 2021,11933,49974,539,2374481,1329735,74272,2448753,1404007,52.002577243509,29.8159848984064,67
-7.6926,53.28823,2021/06/18 23:00:00+00,Sat 19 Jun 2021,6230,32723,421,2380711,1362458,74693,2455404,1437151,52.1438202113569,30.5198425027294,68
-7.6926,53.28823,2021/06/19 23:00:00+00,Sun 20 Jun 2021,8451,26091,170,2389162,1388549,74863,2464025,1463412,52.326898789889,31.077530305865,69
-7.6926,53.28823,2021/06/20 23:00:00+00,Mon 21 Jun 2021,15390,32246,556,2404552,1420795,75419,2479971,1496214,52.6655336365743,31.7741250782825,70
-7.6926,53.28823,2021/06/21 23:00:00+00,Tue 22 Jun 2021,15053,43456,708,2419605,1464251,76127,2495732,1540378,53.0002397583983,32.7120072662297,71
-7.6926,53.28823,2021/06/22 23:00:00+00,Wed 23 Jun 2021,19977,39293,869,2439582,1503544,76996,2516578,1580540,53.4429327230289,33.5649015790713,72
-7.6926,53.28823,2021/06/23 23:00:00+00,Thu 24 Jun 2021,18921,44167,1022,2458503,1547711,78018,2536521,1625729,53.8664492630668,34.5245510263847,73
-7.6926,53.28823,2021/06/24 23:00:00+00,Fri 25 Jun 2021,15103,50052,812,2473606,1597763,78830,2552436,1676593,54.2044257828834,35.6047167633593,74
-7.6926,53.28823,2021/06/25 23:00:00+00,Sat 26 Jun 2021,8963,30462,482,2482569,1628225,79312,2561881,1707537,54.4050031143108,36.2618543963599,75
-7.6926,53.28823,2021/06/26 23:00:00+00,Sun 27 Jun 2021,8662,30406,47,2491231,1658631,79359,2570590,1737990,54.5899504916959,36.9085649812154,76
-7.6926,53.28823,2021/06/27 23:00:00+00,Mon 28 Jun 2021,24131,24543,500,2515362,1683174,79859,2595221,1763033,55.1130230433517,37.4403869093189,77
-7.6926,53.28823,2021/06/28 23:00:00+00,Tue 29 Jun 2021,28051,30899,790,2543413,1714073,80649,2624062,1794722,55.7255006310382,38.1133456235173,78
-7.6926,53.28823,2021/06/29 23:00:00+00,Wed 30 Jun 2021,22449,36741,560,2565862,1750814,81209,2647071,1832023,56.214127822019,38.9054827372891,79
-7.6926,53.28823,2021/06/30 23:00:00+00,Thu 01 Jul 2021,14825,48209,618,2580687,1799023,81827,2662514,1880850,56.5420807843519,39.9423900280893,80
-7.6926,53.28823,2021/07/01 23:00:00+00,Fri 02 Jul 2021,13545,47146,800,2594232,1846169,82627,2676859,1928796,56.8467162337247,40.9605880940099,81
-7.6926,53.28823,2021/07/02 23:00:00+00,Sat 03 Jul 2021,9229,30382,488,2603461,1876551,83115,2686576,1959666,57.0530698525157,41.6161542370661,82
-7.6926,53.28823,2021/07/03 23:00:00+00,Sun 04 Jul 2021,6379,27719,220,2609840,1904270,83335,2693175,1987605,57.1932085301324,42.2094766365103,83
-7.6926,53.28823,2021/07/04 23:00:00+00,Mon 05 Jul 2021,15459,33311,5321,2625299,1937581,88656,2713955,2026237,57.6344998956233,43.0298793329322,84
-7.6926,53.28823,2021/07/05 23:00:00+00,Tue 06 Jul 2021,12281,48233,5463,2637580,1985814,94119,2731699,2079933,58.0113177006894,44.1701864148092,85
-7.6926,53.28823,2021/07/06 23:00:00+00,Wed 07 Jul 2021,19581,43628,5037,2657161,2029442,99156,2756317,2128598,58.5341141797874,45.203653416812,86
-7.6926,53.28823,2021/07/07 23:00:00+00,Thu 08 Jul 2021,17659,45477,5975,2674820,2074919,105131,2779951,2180050,59.0360140898939,46.2963061279401,87
-7.6926,53.28823,2021/07/08 23:00:00+00,Fri 09 Jul 2021,13422,44993,6516,2688242,2119912,111647,2799889,2231559,59.4594244481787,47.3901693110524,88
-7.6926,53.28823,2021/07/09 23:00:00+00,Sat 10 Jul 2021,8539,23748,4346,2696781,2143660,115993,2812774,2259653,59.733054825674,47.9867833448399,89
-7.6926,53.28823,2021/07/10 23:00:00+00,Sun 11 Jul 2021,15171,16041,2142,2711952,2159701,118135,2830087,2277836,60.1007197636309,48.3729239078198,90
-7.6926,53.28823,2021/07/11 23:00:00+00,Mon 12 Jul 2021,17022,31627,6068,2728974,2191328,124203,2853177,2315531,60.5910670990105,49.1734281437285,91
-7.6926,53.28823,2021/07/12 23:00:00+00,Tue 13 Jul 2021,20005,36422,8470,2748979,2227750,132673,2881652,2360423,61.1957721823769,50.1267703949133,92
-7.6926,53.28823,2021/07/13 23:00:00+00,Wed 14 Jul 2021,20698,35557,9312,2769677,2263307,141985,2911662,2405292,61.8330750639161,51.0796242100343,93
-7.6926,53.28823,2021/07/14 23:00:00+00,Thu 15 Jul 2021,23522,28705,9550,2793199,2292012,151535,2944734,2443547,62.5354036509959,51.8920208022796,94
-7.6926,53.28823,2021/07/15 23:00:00+00,Fri 16 Jul 2021,23458,27270,9146,2816657,2319282,160681,2977338,2479963,63.2277936259943,52.6653637457695,95
-7.6926,53.28823,2021/07/16 23:00:00+00,Sat 17 Jul 2021,11427,19325,4662,2828084,2338607,165343,2993427,2503950,63.5694652708155,53.1747600876382,96
-7.6926,53.28823,2021/07/17 23:00:00+00,Sun 18 Jul 2021,16805,15721,1921,2844889,2354328,167264,3012153,2521592,63.9671371721718,53.5494117849429,97
-7.6926,53.28823,2021/07/18 23:00:00+00,Mon 19 Jul 2021,24785,18278,6223,2869674,2372606,173487,3043161,2546093,64.6256339316109,54.0697236110206,98
-7.6926,53.28823,2021/07/19 23:00:00+00,Tue 20 Jul 2021,30480,18038,7683,2900154,2390644,181170,3081324,2571814,65.4360767796009,54.6159437848316,99
-7.6926,53.28823,2021/07/20 23:00:00+00,Wed 21 Jul 2021,30235,19694,6868,2930389,2410338,188038,3118427,2598376,66.2240090959537,55.1800237294982,100
-7.6926,53.28823,2021/07/21 23:00:00+00,Thu 22 Jul 2021,33437,15787,6913,2963826,2426125,194951,3158777,2621076,67.0808958427083,55.6620888881433,101
-7.6926,53.28823,2021/07/22 23:00:00+00,Fri 23 Jul 2021,27001,20685,5585,2990827,2446810,200536,3191363,2647346,67.7729035633959,56.2199678184343,102
-7.6926,53.28823,2021/07/23 23:00:00+00,Sat 24 Jul 2021,15367,14692,2254,3006194,2461502,202790,3208984,2664292,68.147109297338,56.5798390157206,103
-7.6926,53.28823,2021/07/24 23:00:00+00,Sun 25 Jul 2021,14667,13568,1028,3020861,2475070,203818,3224679,2678888,68.4804138200224,56.8898047890944,104
-7.6926,53.28823,2021/07/25 23:00:00+00,Mon 26 Jul 2021,23751,18105,3398,3044612,2493175,207216,3251828,2700391,69.0569595024918,57.3464500360699,105
-7.6926,53.28823,2021/07/26 23:00:00+00,Tue 27 Jul 2021,25391,23718,3648,3070003,2516893,210864,3280867,2727757,69.6736418875973,57.9276040066198,106
-7.6926,53.28823,2020/12/28 00:00:00+00,Mon 28 Dec 2020,173,25,4,173,25,4,177,29,0.00375883405639568,0.00061585416743206,107
-7.6926,53.28823,2020/12/29 00:00:00+00,Tue 29 Dec 2020,72,1,0,245,26,4,249,30,0.00528785129967527,0.000637090518033166,108
-7.6926,53.28823,2020/12/30 00:00:00+00,Wed 30 Dec 2020,1053,1,0,1298,27,4,1302,31,0.0276497284826394,0.000658326868634271,109
-7.6926,53.28823,2020/12/31 00:00:00+00,Thu 31 Dec 2020,1026,1,0,2324,28,4,2328,32,0.0494382241993737,0.000679563219235377,110
-7.6926,53.28823,2021/01/01 00:00:00+00,Fri 01 Jan 2021,807,0,0,3131,28,4,3135,32,0.0665759591344658,0.000679563219235377,111
-7.6926,53.28823,2021/01/02 00:00:00+00,Sat 02 Jan 2021,1015,0,0,4146,28,4,4150,32,0.0881308549945879,0.000679563219235377,112
-7.6926,53.28823,2021/01/03 00:00:00+00,Sun 03 Jan 2021,18,2,0,4164,30,4,4168,34,0.0885131093054078,0.000722035920437588,113
-7.6926,53.28823,2021/01/04 00:00:00+00,Mon 04 Jan 2021,1186,3,0,5350,33,4,5354,37,0.113699421118319,0.000785744972240904,114
-7.6926,53.28823,2021/01/05 00:00:00+00,Tue 05 Jan 2021,3512,6,0,8862,39,4,8866,43,0.188281484429402,0.000913163075847537,115
-7.6926,53.28823,2021/01/06 00:00:00+00,Wed 06 Jan 2021,6762,7,0,15624,46,4,15628,50,0.331881687194077,0.00106181753005528,116
-7.6926,53.28823,2021/01/07 00:00:00+00,Thu 07 Jan 2021,11712,7,0,27336,53,4,27340,57,0.580601825434225,0.00121047198426301,117
-7.6926,53.28823,2021/01/08 00:00:00+00,Fri 08 Jan 2021,12669,5,0,40005,58,4,40009,62,0.849645151199631,0.00131665373726854,118
-7.6926,53.28823,2021/01/09 00:00:00+00,Sat 09 Jan 2021,8070,4,0,48075,62,4,48079,66,1.02102250055055,0.00140159913967296,119
-7.6926,53.28823,2021/01/10 00:00:00+00,Sun 10 Jan 2021,4766,3,1,52841,65,5,52846,70,1.12225618386602,0.00148654454207739,120
-7.6926,53.28823,2021/01/11 00:00:00+00,Mon 11 Jan 2021,8332,7,0,61173,72,5,61178,77,1.29919745707443,0.00163519899628512,121
-7.6926,53.28823,2021/01/12 00:00:00+00,Tue 12 Jan 2021,8865,7,0,70038,79,5,70043,84,1.48745770515323,0.00178385345049286,122
-7.6926,53.28823,2021/01/13 00:00:00+00,Wed 13 Jan 2021,9866,5,0,79904,84,5,79909,89,1.69697554018374,0.00189003520349839,123
-7.6926,53.28823,2021/01/14 00:00:00+00,Thu 14 Jan 2021,8061,4,0,87965,88,5,87970,93,1.86816176237925,0.00197498060590281,124
-7.6926,53.28823,2021/01/15 00:00:00+00,Fri 15 Jan 2021,7668,2,0,95633,90,5,95638,95,2.03100209878853,0.00201745330710502,125
-7.6926,53.28823,2021/01/16 00:00:00+00,Sat 16 Jan 2021,5213,2,0,100846,92,5,100851,97,2.14170719447209,0.00205992600830724,126
-7.6926,53.28823,2021/01/17 00:00:00+00,Sun 17 Jan 2021,1106,4,0,101952,96,5,101957,101,2.16519459823692,0.00214487141071166,127
-7.6926,53.28823,2021/01/18 00:00:00+00,Mon 18 Jan 2021,8689,6,0,110641,102,5,110646,107,2.34971724860992,0.00227228951431829,128
-7.6926,53.28823,2021/01/19 00:00:00+00,Tue 19 Jan 2021,8363,18,0,119004,120,5,119009,125,2.52731684868697,0.00265454382513819,129
-7.6926,53.28823,2021/01/20 00:00:00+00,Wed 20 Jan 2021,8430,957,0,127434,1077,5,127439,1082,2.70633928425429,0.0229777313503962,130
-7.6926,53.28823,2021/01/21 00:00:00+00,Thu 21 Jan 2021,8974,958,0,136408,2035,5,136413,2040,2.89691429454861,0.0433221552262553,131
-7.6926,53.28823,2021/01/22 00:00:00+00,Fri 22 Jan 2021,6750,965,0,143158,3000,5,143163,3005,3.04025966110607,0.0638152335563221,132
-7.6926,53.28823,2021/01/23 00:00:00+00,Sat 23 Jan 2021,4171,459,0,147329,3459,5,147334,3464,3.12883647946328,0.0735627184822295,133
-7.6926,53.28823,2021/01/24 00:00:00+00,Sun 24 Jan 2021,1174,397,0,148503,3856,5,148508,3861,3.15376795506898,0.0819935496708684,134
-7.6926,53.28823,2021/01/25 00:00:00+00,Mon 25 Jan 2021,1344,1284,0,149847,5140,5,149852,5145,3.18230961027687,0.109261023842688,135
-7.6926,53.28823,2021/01/26 00:00:00+00,Tue 26 Jan 2021,996,3495,0,150843,8635,5,150848,8640,3.20346101547557,0.183482069193552,136
-7.6926,53.28823,2021/01/27 00:00:00+00,Wed 27 Jan 2021,2151,6697,0,152994,15332,5,152999,15337,3.24914040561854,0.325701909169155,137
-7.6926,53.28823,2021/01/28 00:00:00+00,Thu 28 Jan 2021,973,11535,0,153967,26867,5,153972,26872,3.26980337475342,0.570663213352908,138
-7.6926,53.28823,2021/01/29 00:00:00+00,Fri 29 Jan 2021,1552,11524,0,155519,38391,5,155524,38396,3.30276219088634,0.815390917680048,139
-7.6926,53.28823,2021/01/30 00:00:00+00,Sat 30 Jan 2021,612,7793,0,156131,46184,5,156136,46189,3.31575883745421,0.980885797914463,140
-7.6926,53.28823,2021/01/31 00:00:00+00,Sun 31 Jan 2021,210,4083,0,156341,50267,5,156346,50272,3.32021847108044,1.06759381741878,141
-7.6926,53.28823,2021/02/01 00:00:00+00,Mon 01 Feb 2021,997,8335,0,157338,58602,5,157343,58607,3.34139111262975,1.24459879967899,142
-7.6926,53.28823,2021/02/02 00:00:00+00,Tue 02 Feb 2021,816,5102,0,158154,63704,5,158159,63709,3.35871997472025,1.35294666044583,143
-7.6926,53.28823,2021/02/03 00:00:00+00,Wed 03 Feb 2021,1381,6861,0,159535,70565,5,159540,70570,3.38804737490037,1.49864926192002,144
-7.6926,53.28823,2021/02/04 00:00:00+00,Thu 04 Feb 2021,1409,10532,1,160944,81097,6,160950,81103,3.41799062924793,1.72233174280146,145
-7.6926,53.28823,2021/02/05 00:00:00+00,Fri 05 Feb 2021,3367,8605,0,164311,89702,6,164317,89708,3.48949342172186,1.90507053972397,146
-7.6926,53.28823,2021/02/06 00:00:00+00,Sat 06 Feb 2021,885,3864,0,165196,93566,6,165202,93572,3.50828759200383,1.98712779844665,147
-7.6926,53.28823,2021/02/07 00:00:00+00,Sun 07 Feb 2021,318,1295,1,165514,94861,7,165521,94868,3.51506198784559,2.01465010882568,148
-7.6926,53.28823,2021/02/08 00:00:00+00,Mon 08 Feb 2021,1151,872,0,166665,95733,7,166672,95740,3.53950502738746,2.03316820654984,149
-7.6926,53.28823,2021/02/09 00:00:00+00,Tue 09 Feb 2021,4225,533,1,170890,96266,8,170898,96274,3.62924984502773,2.04450841777083,150
-7.6926,53.28823,2021/02/10 00:00:00+00,Wed 10 Feb 2021,8800,578,0,179690,96844,8,179698,96852,3.81612973031746,2.05678302841827,151
-7.6926,53.28823,2021/02/11 00:00:00+00,Thu 11 Feb 2021,6161,439,0,185851,97283,8,185859,97291,3.94696688637087,2.06610578633216,152
-7.6926,53.28823,2021/02/12 00:00:00+00,Fri 12 Feb 2021,4369,519,0,190220,97802,8,190228,97810,4.0397485021471,2.07712745229413,153
-7.6926,53.28823,2021/02/13 00:00:00+00,Sat 13 Feb 2021,1197,1910,0,191417,99712,8,191425,99720,4.06516841381662,2.11768888194224,154
-7.6926,53.28823,2021/02/14 00:00:00+00,Sun 14 Feb 2021,2685,23,0,194102,99735,8,194110,99743,4.12218801518059,2.11817731800607,155
-7.6926,53.28823,2021/02/15 00:00:00+00,Mon 15 Feb 2021,1945,7874,0,196047,107609,8,196055,107617,4.16349271709974,2.28539234263917,156
-7.6926,53.28823,2021/02/16 00:00:00+00,Tue 16 Feb 2021,5621,8156,0,201668,115765,8,201676,115773,4.28286224382856,2.45859601814179,157
-7.6926,53.28823,2021/02/17 00:00:00+00,Wed 17 Feb 2021,9714,8460,0,211382,124225,8,211390,124233,4.4891521535677,2.63825554422714,158
-7.6926,53.28823,2021/02/18 00:00:00+00,Thu 18 Feb 2021,8446,8342,0,219828,132567,8,219836,132575,4.66851437074463,2.81540918094156,159
-7.6926,53.28823,2021/02/19 00:00:00+00,Fri 19 Feb 2021,9371,6577,0,229199,139144,8,229207,139152,4.86752021222759,2.95508065884504,160
-7.6926,53.28823,2021/02/20 00:00:00+00,Sat 20 Feb 2021,5874,3565,2,235073,142709,10,235083,142719,4.99230500835969,3.03083072143918,161
-7.6926,53.28823,2021/02/21 00:00:00+00,Sun 21 Feb 2021,1099,1020,4,236172,143729,14,236186,143743,5.01572870307271,3.05257674445471,162
-7.6926,53.28823,2021/02/22 00:00:00+00,Mon 22 Feb 2021,3929,1112,1,240101,144841,15,240116,144856,5.09918756093505,3.07621280267374,163
-7.6926,53.28823,2021/02/23 00:00:00+00,Tue 23 Feb 2021,13341,1058,0,253442,145899,15,253457,145914,5.3825017143044,3.09868086160971,164
-7.6926,53.28823,2021/02/24 00:00:00+00,Wed 24 Feb 2021,16918,2090,2,270360,147989,17,270377,148006,5.74182076647511,3.14310730706722,165
-7.6926,53.28823,2021/02/25 00:00:00+00,Thu 25 Feb 2021,18061,1746,2,288421,149735,19,288440,149754,6.12541296738288,3.18022844791796,166
-7.6926,53.28823,2021/02/26 00:00:00+00,Fri 26 Feb 2021,16063,2756,0,304484,152491,19,304503,152510,6.46653246708843,3.2387558301746,167
-7.6926,53.28823,2021/02/27 00:00:00+00,Sat 27 Feb 2021,8972,701,1,313456,153192,20,313476,153212,6.65708624103215,3.25366374829658,168
-7.6926,53.28823,2021/02/28 00:00:00+00,Sun 28 Feb 2021,2428,48,1,315884,153240,21,315905,153261,6.70866933664224,3.25470432947603,169
-7.6926,53.28823,2021/03/01 00:00:00+00,Mon 01 Mar 2021,5566,782,0,321450,154022,21,321471,154043,6.82687086408799,3.2713111556461,170
-7.6926,53.28823,2021/03/02 00:00:00+00,Tue 02 Mar 2021,12156,1601,0,333606,155623,21,333627,155644,7.08501994199503,3.30531055295847,171
-7.6926,53.28823,2021/03/03 00:00:00+00,Wed 03 Mar 2021,12862,1496,1,346468,157119,22,346490,157141,7.35818311977705,3.33710136980832,172
-7.6926,53.28823,2021/03/04 00:00:00+00,Thu 04 Mar 2021,18707,1679,3,365175,158798,25,365200,158823,7.75551523952374,3.37282091151938,173
-7.6926,53.28823,2021/03/05 00:00:00+00,Fri 05 Mar 2021,18411,2387,6,383586,161185,31,383617,161216,8.1466251085443,3.42363949850783,174
-7.6926,53.28823,2021/03/06 00:00:00+00,Sat 06 Mar 2021,10422,133,3,394008,161318,34,394042,161352,8.36801406356082,3.42652764218958,175
-7.6926,53.28823,2021/03/07 00:00:00+00,Sun 07 Mar 2021,1503,8,1,395511,161326,35,395546,161361,8.39995353486488,3.42671876934499,176
-7.6926,53.28823,2021/03/08 00:00:00+00,Mon 08 Mar 2021,6635,1489,3,402146,162815,38,402184,162853,8.54092043015502,3.45840340444184,177
-7.6926,53.28823,2021/03/09 00:00:00+00,Tue 09 Mar 2021,13790,3091,2,415936,165906,40,415976,165946,8.83381217764547,3.52408743685106,178
-7.6926,53.28823,2021/03/10 00:00:00+00,Wed 10 Mar 2021,13688,3971,3,429624,169877,43,429667,169920,9.12455905372521,3.60848069413985,179
-7.6926,53.28823,2021/03/11 00:00:00+00,Thu 11 Mar 2021,18439,2092,2,448063,171969,45,448108,172014,9.51617859516019,3.65294961229857,180
-7.6926,53.28823,2021/03/12 00:00:00+00,Fri 12 Mar 2021,17293,1327,3,465356,173296,48,465404,173344,9.88348251515692,3.68119395859804,181
-7.6926,53.28823,2021/03/13 00:00:00+00,Sat 13 Mar 2021,8258,167,0,473614,173463,48,473662,173511,10.0588522984208,3.68474042914842,182
-7.6926,53.28823,2021/03/14 00:00:00+00,Sun 14 Mar 2021,364,16,1,473978,173479,49,474027,173528,10.0666035663902,3.68510144710864,183
-7.6926,53.28823,2021/03/15 00:00:00+00,Mon 15 Mar 2021,2610,984,0,476588,174463,49,476637,174512,10.1220304414591,3.70599801610013,184
-7.6926,53.28823,2021/03/16 00:00:00+00,Tue 16 Mar 2021,8914,3807,2,485502,178270,51,485553,178321,10.3113737434186,3.78688727553974,185
-7.6926,53.28823,2021/03/17 00:00:00+00,Wed 17 Mar 2021,4858,2402,6,490360,180672,57,490417,180729,10.4146673527424,3.8380244077872,186
-7.6926,53.28823,2021/03/18 00:00:00+00,Thu 18 Mar 2021,11685,4674,2,502045,185346,59,502104,185405,10.6628565822175,3.93732558319797,187
-7.6926,53.28823,2021/03/19 00:00:00+00,Fri 19 Mar 2021,10318,6107,2,512363,191453,61,512424,191514,10.8820157204209,4.06705844902012,188
-7.6926,53.28823,2021/03/20 00:00:00+00,Sat 20 Mar 2021,5206,3110,2,517569,194563,63,517632,194626,10.9926146343515,4.13314597209076,189
-7.6926,53.28823,2021/03/21 00:00:00+00,Sun 21 Mar 2021,3610,48,3,521179,194611,66,521245,194677,11.0693415690732,4.13422902597142,190
-7.6926,53.28823,2021/03/22 00:00:00+00,Mon 22 Mar 2021,7365,2392,1,528544,197003,67,528611,197070,11.225768527601,4.18504761295987,191
-7.6926,53.28823,2021/03/23 00:00:00+00,Tue 23 Mar 2021,12534,7373,3,541078,204376,70,541148,204446,11.4920086550871,4.34168693499362,192
-7.6926,53.28823,2021/03/24 00:00:00+00,Wed 24 Mar 2021,13575,9764,1,554653,214140,71,554724,214211,11.7803133508477,4.54905989861341,193
-7.6926,53.28823,2021/03/25 00:00:00+00,Thu 25 Mar 2021,20816,10206,2,575469,224346,73,575542,224419,12.2224116976615,4.7658405655495,194
-7.6926,53.28823,2021/03/26 00:00:00+00,Fri 26 Mar 2021,19665,9479,1,595134,233825,74,595208,233899,12.6400457685828,4.96716116924798,195
-7.6926,53.28823,2021/03/27 00:00:00+00,Sat 27 Mar 2021,11704,5326,0,606838,239151,74,606912,239225,12.8885960160182,5.08026597254947,196
-7.6926,53.28823,2021/03/28 00:00:00+00,Sun 28 Mar 2021,2464,478,0,609302,239629,74,609376,239703,12.9409223838993,5.0904169481368,197
-7.6926,53.28823,2021/03/28 23:00:00+00,Mon 29 Mar 2021,9219,3098,3,618521,242727,77,618598,242804,13.1367640091427,5.15627087135083,198
-7.6926,53.28823,2021/03/29 23:00:00+00,Tue 30 Mar 2021,13286,8652,4,631807,251379,81,631888,251460,13.4189951086314,5.34009272215399,199
-7.6926,53.28823,2021/03/30 23:00:00+00,Wed 31 Mar 2021,15768,10486,3,647575,261865,84,647659,261949,13.7539135939614,5.56284080360899,200
-7.6926,53.28823,2021/03/31 23:00:00+00,Thu 01 Apr 2021,19640,11606,6,667215,273471,90,667305,273561,14.1711229378707,5.80943730678903,201
-7.6926,53.28823,2021/04/01 23:00:00+00,Fri 02 Apr 2021,20094,13706,7,687309,287177,97,687406,287274,14.5979948213035,6.10065138258199,202
-7.6926,53.28823,2021/04/02 23:00:00+00,Sat 03 Apr 2021,7510,4629,5,694819,291806,102,694921,291908,14.7575859960709,6.19906063126751,203
-7.6926,53.28823,2021/04/03 23:00:00+00,Sun 04 Apr 2021,2997,166,1,697816,291972,103,697919,292075,14.821252575173,6.20260710181789,204
-7.6926,53.28823,2021/04/04 23:00:00+00,Mon 05 Apr 2021,3391,592,3,701207,292564,106,701313,292670,14.8933287491131,6.21524273042555,205
-7.6926,53.28823,2021/04/05 23:00:00+00,Tue 06 Apr 2021,11930,8143,6,713137,300707,112,713249,300819,15.1468058298879,6.38829775147396,206
-7.6926,53.28823,2021/04/06 23:00:00+00,Wed 07 Apr 2021,18305,10441,4,731442,311148,116,731558,311264,15.5356221730436,6.61011143350251,207
-7.6926,53.28823,2021/04/07 23:00:00+00,Thu 08 Apr 2021,20130,10544,13,751572,321692,129,751701,321821,15.9633859832016,6.83430358679838,208
-7.6926,53.28823,2021/04/08 23:00:00+00,Fri 09 Apr 2021,20658,9138,15,772230,330830,144,772374,330974,16.4024050591783,7.0286799038503,209
-7.6926,53.28823,2021/04/09 23:00:00+00,Sat 10 Apr 2021,11129,4144,12,783359,334974,156,783515,335130,16.6389992412252,7.11693817694849,210
-7.6926,53.28823,2021/04/10 23:00:00+00,Sun 11 Apr 2021,2829,342,3,786188,335316,159,786347,335475,16.6991405861275,7.12426471790587,211
-7.6926,53.28823,2021/04/11 23:00:00+00,Mon 12 Apr 2021,7727,2772,7,793915,338088,166,794081,338254,16.8633825216765,7.18328053622635,212
-7.6926,53.28823,2021/11/11 00:00:00+00,Thu 11 Nov 2021,1399,1081,1,3619632,3552559,238984,3858616,3791543,81.9429222110354,80.5185364671674,213
-7.6926,53.28823,2021/11/12 00:00:00+00,Fri 12 Nov 2021,1154,1096,5,3620786,3553655,238989,3859775,3792644,81.9675351413821,80.5419176891793,214
-7.6926,53.28823,2021/11/13 00:00:00+00,Sat 13 Nov 2021,1412,1352,0,3622198,3555007,238989,3861187,3793996,81.9975208684308,80.5706292351919,215
-7.6926,53.28823,2021/11/14 00:00:00+00,Sun 14 Nov 2021,1650,1798,0,3623848,3556805,238989,3862837,3795794,82.0325608469226,80.6088121935727,216
-7.6926,53.28823,2021/11/15 00:00:00+00,Mon 15 Nov 2021,1245,562,0,3625093,3557367,238989,3864082,3796356,82.059000103421,80.6207470226105,217
-7.6926,53.28823,2021/11/16 00:00:00+00,Tue 16 Nov 2021,1319,1045,5,3626412,3558412,238994,3865406,3797406,82.0871170316169,80.6430451907417,218
-7.6926,53.28823,2021/11/17 00:00:00+00,Wed 17 Nov 2021,1518,1079,0,3627930,3559491,238994,3866924,3798485,82.1193538118294,80.6659592130403,219
-7.6926,53.28823,2021/11/18 00:00:00+00,Thu 18 Nov 2021,1668,2459,5,3629598,3561950,238999,3868597,3800949,82.154882226385,80.7182855809214,220
-7.6926,53.28823,2021/11/19 00:00:00+00,Fri 19 Nov 2021,1185,1510,0,3630783,3563460,238999,3869782,3802459,82.1800473018473,80.7503524703291,221
-7.6926,53.28823,2021/11/20 00:00:00+00,Sat 20 Nov 2021,1540,2919,10,3632323,3566379,239009,3871332,3805388,82.212963645279,80.8125537412397,222
-7.6926,53.28823,2021/11/21 00:00:00+00,Sun 21 Nov 2021,1786,2752,0,3634109,3569131,239009,3873118,3808140,82.2508917674526,80.870996178094,223
-7.6926,53.28823,2021/11/22 00:00:00+00,Mon 22 Nov 2021,713,485,2,3634822,3569616,239011,3873833,3808627,82.2660757581324,80.8813382808367,224
-7.6926,53.28823,2021/11/23 00:00:00+00,Tue 23 Nov 2021,2162,1554,4,3636984,3571170,239015,3875999,3810185,82.3120736935344,80.9144245150733,225
-7.6926,53.28823,2021/11/24 00:00:00+00,Wed 24 Nov 2021,1622,3112,1,3638606,3574282,239016,3877622,3813298,82.34654029056,80.9805332744945,226
-7.6926,53.28823,2021/11/25 00:00:00+00,Thu 25 Nov 2021,1005,1153,1,3639611,3575435,239017,3878628,3814452,82.3679040592647,81.0050400230882,227
-7.6926,53.28823,2021/11/26 00:00:00+00,Fri 26 Nov 2021,1291,1074,12,3640902,3576509,239029,3879931,3815538,82.395575024098,81.028102699841,228
-7.6926,53.28823,2021/11/27 00:00:00+00,Sat 27 Nov 2021,1224,1546,5,3642126,3578055,239034,3881160,3817089,82.4216744989867,81.0610402796233,229
-7.6926,53.28823,2021/11/28 00:00:00+00,Sun 28 Nov 2021,1968,2250,0,3644094,3580305,239034,3883128,3819339,82.4634676369697,81.1088220684758,230
-7.6926,53.28823,2021/11/29 00:00:00+00,Mon 29 Nov 2021,551,969,1,3644645,3581274,239035,3883680,3820309,82.4751901025015,81.1294213285588,231
-7.6926,53.28823,2021/11/30 00:00:00+00,Tue 30 Nov 2021,1928,1615,5,3646573,3582889,239040,3885613,3821929,82.5162399682134,81.1638242165326,232
-7.6926,53.28823,2021/12/01 00:00:00+00,Wed 01 Dec 2021,1089,1351,1,3647662,3584240,239041,3886703,3823281,82.5393875903686,81.1925357625453,233
-7.6926,53.28823,2021/12/02 00:00:00+00,Thu 02 Dec 2021,1776,1392,0,3649438,3585632,239041,3888479,3824673,82.5771033490362,81.2220967625821,234
-7.6926,53.28823,2021/12/03 00:00:00+00,Fri 03 Dec 2021,1042,1160,3,3650480,3586792,239044,3889524,3825836,82.5992953354144,81.2467946383311,235
-7.6926,53.28823,2021/12/04 00:00:00+00,Sat 04 Dec 2021,1204,1691,0,3651684,3588483,239044,3890728,3827527,82.6248639015381,81.2827053071976,236
-7.6926,53.28823,2021/12/05 00:00:00+00,Sun 05 Dec 2021,1348,1770,0,3653032,3590253,239044,3892076,3829297,82.6534905021484,81.3202936477616,237
-7.6926,53.28823,2021/12/06 00:00:00+00,Mon 06 Dec 2021,935,1269,0,3653967,3591522,239044,3893011,3830566,82.6733464899604,81.3472425766744,238
-7.6926,53.28823,2021/12/07 00:00:00+00,Tue 07 Dec 2021,483,725,1,3654450,3592247,239045,3893495,3831292,82.6836248836513,81.3626601672108,239
-7.6926,53.28823,2021/12/08 00:00:00+00,Wed 08 Dec 2021,814,1484,0,3655264,3593731,239045,3894309,3832776,82.7009112730406,81.3941749115028,240
-7.6926,53.28823,2021/12/09 00:00:00+00,Thu 09 Dec 2021,793,1176,0,3656057,3594907,239045,3895102,3833952,82.7177516990673,81.4191488598097,241
-7.6926,53.28823,2021/12/10 00:00:00+00,Fri 10 Dec 2021,888,1592,1,3656945,3596499,239046,3895991,3835545,82.7366308147517,81.4529783663173,242
-7.6926,53.28823,2021/12/11 00:00:00+00,Sat 11 Dec 2021,640,833,0,3657585,3597332,239046,3896631,3836378,82.7502220791364,81.470668246368,243
-7.6926,53.28823,2021/12/12 00:00:00+00,Sun 12 Dec 2021,691,1188,0,3658276,3598520,239046,3897322,3837566,82.7648963974018,81.4958970308821,244
-7.6926,53.28823,2021/12/13 00:00:00+00,Mon 13 Dec 2021,719,1042,0,3658995,3599562,239046,3898041,3838608,82.780165333484,81.5180253082085,245
-7.6926,53.28823,2021/12/14 00:00:00+00,Tue 14 Dec 2021,627,1170,1,3659622,3600732,239047,3898669,3839779,82.7935017616615,81.5428930747624,246
-7.6926,53.28823,2021/12/15 00:00:00+00,Wed 15 Dec 2021,792,1213,1,3660414,3601945,239048,3899462,3840993,82.8103421876881,81.5686740043921,247
-7.6926,53.28823,2021/12/16 00:00:00+00,Thu 16 Dec 2021,1056,1497,7,3661470,3603442,239055,3900525,3842497,82.8329164283771,81.6006134756962,248
-7.6926,53.28823,2021/12/17 00:00:00+00,Fri 17 Dec 2021,1203,2417,1,3662673,3605859,239056,3901729,3844915,82.8584849945008,81.6519629714496,249
-7.6926,53.28823,2021/12/18 00:00:00+00,Sat 18 Dec 2021,1265,1162,0,3663938,3607021,239056,3902994,3846077,82.8853489780112,81.6766396108481,250
-7.6926,53.28823,2021/12/19 00:00:00+00,Sun 19 Dec 2021,558,877,0,3664496,3607898,239056,3903552,3846954,82.8971988616467,81.6952638903253,251
-7.6926,53.28823,2021/12/20 00:00:00+00,Mon 20 Dec 2021,535,569,0,3665031,3608467,239056,3904087,3847523,82.9085603092182,81.7073473738173,252
-7.6926,53.28823,2021/12/21 00:00:00+00,Tue 21 Dec 2021,1458,1762,3,3666489,3610229,239059,3905548,3849288,82.9395866174465,81.7448295326283,253
-7.6926,53.28823,2021/12/22 00:00:00+00,Wed 22 Dec 2021,1238,1535,2,3667727,3611764,239061,3906788,3850825,82.9659196921918,81.7774698035022,254
-7.6926,53.28823,2021/12/23 00:00:00+00,Thu 23 Dec 2021,960,1320,0,3668687,3613084,239061,3907748,3852145,82.9863065887689,81.8055017862956,255
-7.6926,53.28823,2021/12/24 00:00:00+00,Fri 24 Dec 2021,100,134,0,3668787,3613218,239061,3907848,3852279,82.988430223829,81.8083474572762,256
-7.6926,53.28823,2021/12/25 00:00:00+00,Sat 25 Dec 2021,1,0,0,3668788,3613218,239061,3907849,3852279,82.9884514601796,81.8083474572762,257
-7.6926,53.28823,2021/12/26 00:00:00+00,Sun 26 Dec 2021,8,6,0,3668796,3613224,239061,3907857,3852285,82.9886213509844,81.8084748753798,258
-7.6926,53.28823,2021/12/27 00:00:00+00,Mon 27 Dec 2021,387,581,0,3669183,3613805,239061,3908244,3852866,82.996839818667,81.820813195079,259
-7.6926,53.28823,2021/12/28 00:00:00+00,Tue 28 Dec 2021,458,733,0,3669641,3614538,239061,3908702,3853599,83.0065660672424,81.8363794400696,260
-7.6926,53.28823,2021/12/29 00:00:00+00,Wed 29 Dec 2021,1079,1267,0,3670720,3615805,239061,3909781,3854866,83.029480089541,81.8632858962812,261
-7.6926,53.28823,2021/12/30 00:00:00+00,Thu 30 Dec 2021,1061,1160,1,3671781,3616965,239062,3910843,3856027,83.0520330938793,81.8879412993291,262
-7.6926,53.28823,2021/12/31 00:00:00+00,Fri 31 Dec 2021,719,1662,0,3672500,3618627,239062,3911562,3857689,83.0673020299615,81.9232361140282,263
-7.6926,53.28823,2022/01/01 00:00:00+00,Sat 01 Jan 2022,66,95,0,3672566,3618722,239062,3911628,3857784,83.0687036291012,81.9252535673353,264
-7.6926,53.28823,2022/01/02 00:00:00+00,Sun 02 Jan 2022,271,620,0,3672837,3619342,239062,3911899,3858404,83.0744586801141,81.938420104708,265
-7.6926,53.28823,2022/01/03 00:00:00+00,Mon 03 Jan 2022,3630,716,0,3676467,3620058,239062,3915529,3859120,83.1515466327961,81.9536253317384,266
-7.6926,53.28823,2022/01/04 00:00:00+00,Tue 04 Jan 2022,1191,751,0,3677658,3620809,239062,3916720,3859871,83.176839126362,81.9695738310398,267
-7.6926,53.28823,2022/01/05 00:00:00+00,Wed 05 Jan 2022,2142,858,0,3679800,3621667,239062,3918862,3860729,83.2223273893496,81.9877946198555,268
-7.6926,53.28823,2022/01/06 00:00:00+00,Thu 06 Jan 2022,2460,1639,0,3682260,3623306,239062,3921322,3862368,83.2745688118283,82.0226009984907,269
-7.6926,53.28823,2022/01/07 00:00:00+00,Fri 07 Jan 2022,4838,742,0,3687098,3624048,239062,3926160,3863110,83.3773102760365,82.0383583706368,270
-7.6926,53.28823,2022/01/08 00:00:00+00,Sat 08 Jan 2022,9791,727,1,3696889,3624775,239063,3935952,3863838,83.5852566211225,82.0538184338744,271
-7.6926,53.28823,2022/01/09 00:00:00+00,Sun 09 Jan 2022,7112,661,0,3704001,3625436,239063,3943064,3864499,83.7362895465975,82.0678556616217,272
-7.6926,53.28823,2022/01/10 00:00:00+00,Mon 10 Jan 2022,6652,471,0,3710653,3625907,239063,3949716,3864970,83.8775537507961,82.0778579827548,273
-7.6926,53.28823,2022/01/11 00:00:00+00,Tue 11 Jan 2022,4765,1316,1,3715418,3627223,239064,3954482,3866287,83.978766197761,82.1058262564965,274
-7.6926,53.28823,2022/01/12 00:00:00+00,Wed 12 Jan 2022,7555,857,1,3722973,3628080,239065,3962038,3867145,84.1392280629029,82.1240470453122,275
-7.6926,53.28823,2022/01/13 00:00:00+00,Thu 13 Jan 2022,7316,765,0,3730289,3628845,239065,3969354,3867910,84.2945932039006,82.1402928535221,276
-7.6926,53.28823,2022/01/14 00:00:00+00,Fri 14 Jan 2022,10719,792,0,3741008,3629637,239065,3980073,3868702,84.5222256459939,82.1571120431981,277
-7.6926,53.28823,2022/01/15 00:00:00+00,Sat 15 Jan 2022,8348,634,0,3749356,3630271,239065,3988421,3869336,84.6995067008119,82.1705758894792,278
-7.6926,53.28823,2022/01/16 00:00:00+00,Sun 16 Jan 2022,6967,1208,1,3756323,3631479,239066,3995389,3870545,84.8474815918004,82.196250637356,279
-7.6926,53.28823,2022/01/17 00:00:00+00,Mon 17 Jan 2022,2556,537,0,3758879,3632016,239066,3997945,3871082,84.9017617039368,82.2076545576288,280
-7.6926,53.28823,2022/01/18 00:00:00+00,Tue 18 Jan 2022,4056,411,3,3762935,3632427,239069,4002004,3871496,84.9879600510267,82.2164464067776,281
-7.6926,53.28823,2022/01/19 00:00:00+00,Wed 19 Jan 2022,3483,589,0,3766418,3633016,239069,4005487,3872085,85.0619262601704,82.2289546172817,282
-7.6926,53.28823,2022/01/20 00:00:00+00,Thu 20 Jan 2022,3687,905,0,3770105,3633921,239069,4009174,3872990,85.1402246848366,82.2481735145757,283
-7.6926,53.28823,2022/01/21 00:00:00+00,Fri 21 Jan 2022,3245,949,0,3773350,3634870,239069,4012419,3873939,85.2091366425372,82.2683268112961,284
-7.6926,53.28823,2022/01/22 00:00:00+00,Sat 22 Jan 2022,4271,628,0,3777621,3635498,239069,4016690,3874567,85.2998370959545,82.2816632394736,285
-7.6926,53.28823,2022/01/23 00:00:00+00,Sun 23 Jan 2022,3092,676,0,3780713,3636174,239069,4019782,3875243,85.3654998920131,82.29601901248,286
-7.6926,53.28823,2022/01/24 00:00:00+00,Mon 24 Jan 2022,640,452,0,3781353,3636626,239069,4020422,3875695,85.3790911563979,82.3056178429517,287
-7.6926,53.28823,2022/01/25 00:00:00+00,Tue 25 Jan 2022,696,1819,0,3782049,3638445,239069,4021118,3877514,85.3938716564162,82.3442467646951,288
-7.6926,53.28823,2022/01/26 00:00:00+00,Wed 26 Jan 2022,698,875,0,3782747,3639320,239069,4021816,3878389,85.4086946291358,82.362828571471,289
-7.6926,53.28823,2022/01/27 00:00:00+00,Thu 27 Jan 2022,1272,1151,0,3784019,3640471,239069,4023088,3879540,85.4357072671004,82.3872716110129,290
-7.6926,53.28823,2022/01/28 00:00:00+00,Fri 28 Jan 2022,1023,3068,0,3785042,3643539,239069,4024111,3882608,85.4574320537653,82.4524247346571,291
-7.6926,53.28823,2022/01/29 00:00:00+00,Sat 29 Jan 2022,2323,3440,0,3787365,3646979,239069,4026434,3886048,85.5067640962117,82.5254777807249,292
-7.6926,53.28823,2022/01/30 00:00:00+00,Sun 30 Jan 2022,1634,7533,0,3788999,3654512,239069,4028068,3893581,85.5414642930939,82.685451209803,293
-7.6926,53.28823,2022/01/31 00:00:00+00,Mon 31 Jan 2022,476,1371,1,3789475,3655883,239070,4028545,3894953,85.5515940323306,82.7145874828278,294
-7.6926,53.28823,2022/02/01 00:00:00+00,Tue 01 Feb 2022,744,3399,1,3790219,3659282,239071,4029290,3898353,85.5674151135285,82.7867910748715,295
-7.6926,53.28823,2022/02/02 00:00:00+00,Wed 02 Feb 2022,641,2977,0,3790860,3662259,239071,4029931,3901330,85.5810276142638,82.850011690611,296
-7.6926,53.28823,2022/02/03 00:00:00+00,Thu 03 Feb 2022,906,2412,1,3791766,3664671,239072,4030838,3903743,85.600288984259,82.9012550046115,297
-7.6926,53.28823,2022/02/04 00:00:00+00,Fri 04 Feb 2022,1166,6487,0,3792932,3671158,239072,4032004,3910230,85.6250505690599,83.0390152109608,298
-7.6926,53.28823,2022/02/05 00:00:00+00,Sat 05 Feb 2022,1777,5743,0,3794709,3676901,239072,4033781,3915973,85.662787564078,83.160975572463,299
-7.6926,53.28823,2022/02/06 00:00:00+00,Sun 06 Feb 2022,1407,7555,0,3796116,3684456,239072,4035188,3923528,85.6926671093738,83.3214162012544,300
-7.6926,53.28823,2022/02/07 00:00:00+00,Mon 07 Feb 2022,434,1336,0,3796550,3685792,239072,4035622,3924864,85.7018836855347,83.3497879656574,301
-7.6926,53.28823,2022/02/08 00:00:00+00,Tue 08 Feb 2022,893,1213,0,3797443,3687005,239072,4036515,3926077,85.7208477466215,83.3755476589366,302
-7.6926,53.28823,2022/02/09 00:00:00+00,Wed 09 Feb 2022,1335,1744,0,3798778,3688749,239072,4037850,3927821,85.7491982746739,83.4125838543849,303
-7.6926,53.28823,2022/02/10 00:00:00+00,Thu 10 Feb 2022,688,2525,0,3799466,3691274,239072,4038538,3930346,85.7638088838875,83.4662056396527,304
-7.6926,53.28823,2022/02/11 00:00:00+00,Fri 11 Feb 2022,553,4893,0,3800019,3696167,239072,4039091,3935239,85.7755525857699,83.5701151031439,305
-7.6926,53.28823,2022/02/12 00:00:00+00,Sat 12 Feb 2022,1395,5454,0,3801414,3701621,239072,4040486,3940693,85.8051772948585,83.6859381593223,306
-7.6926,53.28823,2022/02/13 00:00:00+00,Sun 13 Feb 2022,1567,4705,0,3802981,3706326,239072,4042053,3945398,85.8384546562504,83.7858551889005,307
-7.6926,53.28823,2022/02/14 00:00:00+00,Mon 14 Feb 2022,170,936,1,3803151,3707262,239073,4042224,3946335,85.8420860722032,83.8057536494138,308
-7.6926,53.28823,2022/02/15 00:00:00+00,Tue 15 Feb 2022,644,790,1,3803795,3708052,239074,4042869,3947126,85.8557835183409,83.8225516027392,309
-7.6926,53.28823,2022/02/16 00:00:00+00,Wed 16 Feb 2022,787,1767,0,3804582,3709819,239074,4043656,3948893,85.872496526264,83.8600762342514,310
-7.6926,53.28823,2022/02/17 00:00:00+00,Thu 17 Feb 2022,773,1143,2,3805355,3710962,239076,4044431,3950038,85.8889546979798,83.8843918556897,311
-7.6926,53.28823,2022/02/18 00:00:00+00,Fri 18 Feb 2022,790,3242,0,3806145,3714204,239076,4045221,3953280,85.9057314149547,83.9532401043384,312
-7.6926,53.28823,2022/02/19 00:00:00+00,Sat 19 Feb 2022,974,3527,0,3807119,3717731,239076,4046195,3956807,85.9264156204402,84.0281407129085,313
-7.6926,53.28823,2022/02/20 00:00:00+00,Sun 20 Feb 2022,1363,3586,0,3808482,3721317,239076,4047558,3960393,85.9553607663095,84.1042942661641,314
-7.6926,53.28823,2022/02/21 00:00:00+00,Mon 21 Feb 2022,247,977,1,3808729,3722294,239077,4047806,3961371,85.9606273812585,84.125063417052,315
-7.6926,53.28823,2022/02/22 00:00:00+00,Tue 22 Feb 2022,469,942,0,3809198,3723236,239077,4048275,3962313,85.9705872296905,84.1450680593182,316
-7.6926,53.28823,2022/02/23 00:00:00+00,Wed 23 Feb 2022,818,1224,1,3810016,3724460,239078,4049094,3963538,85.9879798008328,84.1710825888046,317
-7.6926,53.28823,2022/02/24 00:00:00+00,Thu 24 Feb 2022,650,1165,0,3810666,3725625,239078,4049744,3964703,86.0017834287235,84.1958229372549,318
-7.6926,53.28823,2021/07/27 23:00:00+00,Wed 28 Jul 2021,23360,25119,3244,3093363,2542012,214108,3307471,2756120,70.2386137589891,58.529930618719,319
-7.6926,53.28823,2021/07/28 23:00:00+00,Thu 29 Jul 2021,19181,27730,2942,3112544,2569742,217050,3329594,2786792,70.7084255433373,59.1812919643561,320
-7.6926,53.28823,2021/07/29 23:00:00+00,Fri 30 Jul 2021,21859,22783,2103,3134403,2592525,219153,3353556,2811678,71.217290976441,59.7097797854152,321
-7.6926,53.28823,2021/07/30 23:00:00+00,Sat 31 Jul 2021,13676,12356,898,3148079,2604881,220051,3368130,2824932,71.5267895501015,59.9912463762822,322
-7.6926,53.28823,2021/07/31 23:00:00+00,Sun 01 Aug 2021,11033,9236,359,3159112,2614117,220410,3379522,2834527,71.7687140561493,60.1950091602998,323
-7.6926,53.28823,2021/08/01 23:00:00+00,Mon 02 Aug 2021,14953,15862,415,3174065,2629979,220825,3394890,2850804,72.0950742921871,60.540673239034,324
-7.6926,53.28823,2021/08/02 23:00:00+00,Tue 03 Aug 2021,17269,25297,1095,3191334,2655276,221920,3413254,2877196,72.4850586346258,61.1011430040984,325
-7.6926,53.28823,2021/08/03 23:00:00+00,Wed 04 Aug 2021,22034,17141,1566,3213368,2672417,223486,3436854,2895903,72.9862365088119,61.4984114147933,326
-7.6926,53.28823,2021/08/04 23:00:00+00,Thu 05 Aug 2021,13454,29900,1415,3226822,2702317,224901,3451723,2927218,73.3019998058998,62.1634277338669,327
-7.6926,53.28823,2021/08/05 23:00:00+00,Fri 06 Aug 2021,12118,24618,936,3238940,2726935,225837,3464777,2952772,73.5792191266466,62.7061014371276,328
-7.6926,53.28823,2021/08/06 23:00:00+00,Sat 07 Aug 2021,6299,8348,572,3245239,2735283,226409,3471648,2961692,73.7251340916268,62.8955296844894,329
-7.6926,53.28823,2021/08/07 23:00:00+00,Sun 08 Aug 2021,8582,11887,150,3253821,2747170,226559,3480380,2973729,73.9105699050756,63.1511516366749,330
-7.6926,53.28823,2021/08/08 23:00:00+00,Mon 09 Aug 2021,5490,22890,593,3259311,2770060,227152,3486463,2997212,74.0397506257822,63.6498448578407,331
-7.6926,53.28823,2021/08/09 23:00:00+00,Tue 10 Aug 2021,9271,25862,699,3268582,2795922,227851,3496433,3023773,74.2514770412752,64.2139035661566,332
-7.6926,53.28823,2021/08/10 23:00:00+00,Wed 11 Aug 2021,6948,31078,647,3275530,2827000,228498,3504028,3055498,74.4127671240906,64.8876267889767,333
-7.6926,53.28823,2021/08/11 23:00:00+00,Thu 12 Aug 2021,6700,38169,854,3282230,2865169,229352,3511582,3094521,74.5731865165313,65.7163328984837,334
-7.6926,53.28823,2021/08/12 23:00:00+00,Fri 13 Aug 2021,10857,28116,853,3293087,2893285,230205,3523292,3123490,74.8218641820703,66.3315287390471,335
-7.6926,53.28823,2021/08/13 23:00:00+00,Sat 14 Aug 2021,18080,5759,273,3311167,2899044,230478,3541645,3129522,75.2116149246524,66.459626405873,336
-7.6926,53.28823,2021/08/14 23:00:00+00,Sun 15 Aug 2021,16970,3670,43,3328137,2902714,230521,3558658,3133235,75.572908957429,66.5384769756549,337
-7.6926,53.28823,2021/08/15 23:00:00+00,Mon 16 Aug 2021,10141,23028,376,3338278,2925742,230897,3569175,3156639,75.7962516567008,67.0354925251231,338
-7.6926,53.28823,2021/08/16 23:00:00+00,Tue 17 Aug 2021,12842,26766,522,3351120,2952508,231419,3582539,3183927,76.080054246134,67.6149900603261,339
-7.6926,53.28823,2021/08/17 23:00:00+00,Wed 18 Aug 2021,15181,25664,651,3366301,2978172,232070,3598371,3210242,76.4162681488507,68.1738246263942,340
-7.6926,53.28823,2021/08/18 23:00:00+00,Thu 19 Aug 2021,11326,25591,536,3377627,3003763,232606,3610233,3236369,76.668173739681,68.7286667585493,341
-7.6926,53.28823,2021/08/19 23:00:00+00,Fri 20 Aug 2021,14798,22139,678,3392425,3025902,233284,3625709,3259186,76.9968275015837,69.2132165702147,342
-7.6926,53.28823,2021/08/20 23:00:00+00,Sat 21 Aug 2021,11833,7901,238,3404258,3033803,233522,3637780,3267325,77.2531714896896,69.3860592277571,343
-7.6926,53.28823,2021/08/21 23:00:00+00,Sun 22 Aug 2021,7991,12209,159,3412249,3046012,233681,3645930,3279693,77.4262477470887,69.6487104119916,344
-7.6926,53.28823,2021/08/22 23:00:00+00,Mon 23 Aug 2021,10832,15273,280,3423081,3061285,233961,3657042,3295246,77.6622260749681,69.9789993728906,345
-7.6926,53.28823,2021/08/23 23:00:00+00,Tue 24 Aug 2021,9718,22825,382,3432799,3084110,234343,3667142,3318453,77.8767132160393,70.4718313612904,346
-7.6926,53.28823,2021/08/24 23:00:00+00,Wed 25 Aug 2021,9383,19415,308,3442182,3103525,234651,3676833,3338176,78.0825146897146,70.890675904196,347
-7.6926,53.28823,2021/08/25 23:00:00+00,Thu 26 Aug 2021,8543,19340,363,3450725,3122865,235014,3685739,3357879,78.2716456281681,71.3090957200896,348
-7.6926,53.28823,2021/08/26 23:00:00+00,Fri 27 Aug 2021,9683,19116,429,3460408,3141981,235443,3695851,3377424,78.4863876054464,71.7241601925882,349
-7.6926,53.28823,2021/08/27 23:00:00+00,Sat 28 Aug 2021,9899,7848,151,3470307,3149829,235594,3705901,3385423,78.6998129289876,71.8940297610465,350
-7.6926,53.28823,2021/08/28 23:00:00+00,Sun 29 Aug 2021,8786,9156,27,3479093,3158985,235621,3714714,3394606,78.8869688868351,72.0890431686164,351
-7.6926,53.28823,2021/08/29 23:00:00+00,Mon 30 Aug 2021,5036,11040,80,3484129,3170025,235701,3719830,3405726,78.9956140565103,72.3251913873007,352
-7.6926,53.28823,2021/08/30 23:00:00+00,Tue 31 Aug 2021,4037,12788,140,3488166,3182813,235841,3724007,3418654,79.0843182929712,72.5997349278718,353
-7.6926,53.28823,2021/08/31 23:00:00+00,Wed 01 Sep 2021,4924,12458,178,3493090,3195271,236019,3729109,3431290,79.192666153738,72.8680774540674,354
-7.6926,53.28823,2021/09/01 23:00:00+00,Thu 02 Sep 2021,4985,12297,244,3498075,3207568,236263,3734338,3443831,79.3037110310312,73.1344025269558,355
-7.6926,53.28823,2021/09/02 23:00:00+00,Fri 03 Sep 2021,4744,15984,163,3502819,3223552,236426,3739245,3459978,79.4079178034308,73.4773058801119,356
-7.6926,53.28823,2021/09/03 23:00:00+00,Sat 04 Sep 2021,4609,10535,131,3507428,3234087,236557,3743985,3470644,79.5085781052801,73.7038127956233,357
-7.6926,53.28823,2021/09/04 23:00:00+00,Sun 05 Sep 2021,5301,11867,1,3512729,3245954,236558,3749287,3482512,79.6211732361671,73.9558458045572,358
-7.6926,53.28823,2021/09/05 23:00:00+00,Mon 06 Sep 2021,2132,9631,73,3514861,3255585,236631,3751492,3492216,79.6679993892426,74.1619233507903,359
-7.6926,53.28823,2021/09/06 23:00:00+00,Tue 07 Sep 2021,3020,9940,153,3517881,3265525,236784,3754665,3502309,79.7353823296999,74.3762618374073,360
-7.6926,53.28823,2021/09/07 23:00:00+00,Wed 08 Sep 2021,2584,14744,184,3520465,3280269,236968,3757433,3517237,79.7941645481637,74.6932780791806,361
-7.6926,53.28823,2021/09/08 23:00:00+00,Thu 09 Sep 2021,3094,14748,136,3523559,3295017,237104,3760663,3532121,79.8627579606053,75.0093599215274,362
-7.6926,53.28823,2021/09/09 23:00:00+00,Fri 10 Sep 2021,3360,13898,114,3526919,3308915,237218,3764137,3546133,79.9365330425935,75.3069236661501,363
-7.6926,53.28823,2021/09/10 23:00:00+00,Sat 11 Sep 2021,2544,11282,59,3529463,3320197,237277,3766740,3557474,79.9918112632082,75.5477651183173,364
-7.6926,53.28823,2021/09/11 23:00:00+00,Sun 12 Sep 2021,2027,12856,1,3531490,3333053,237278,3768768,3570331,80.0348785822273,75.8208008779957,365
-7.6926,53.28823,2021/09/12 23:00:00+00,Mon 13 Sep 2021,1593,7695,50,3533083,3340748,237328,3770411,3578076,80.0697699062649,75.9852764134012,366
-7.6926,53.28823,2021/09/13 23:00:00+00,Tue 14 Sep 2021,1531,10732,81,3534614,3351480,237409,3772023,3588889,80.1040029034339,76.214905072451,367
-7.6926,53.28823,2021/09/14 23:00:00+00,Wed 15 Sep 2021,3262,12365,134,3537876,3363845,237543,3775419,3601388,80.1761215500752,76.4803382186142,368
-7.6926,53.28823,2021/09/15 23:00:00+00,Thu 16 Sep 2021,1893,10558,112,3539769,3374403,237655,3777424,3612058,80.2187004330304,76.706930079528,369
-7.6926,53.28823,2021/09/16 23:00:00+00,Fri 17 Sep 2021,2550,14572,90,3542319,3388975,237745,3780064,3626720,80.2747643986174,77.0182974520414,370
-7.6926,53.28823,2021/09/17 23:00:00+00,Sat 18 Sep 2021,2277,11202,43,3544596,3400177,237788,3782384,3637965,80.3240327320119,77.2571002145509,371
-7.6926,53.28823,2021/09/18 23:00:00+00,Sun 19 Sep 2021,1856,8475,12,3546452,3408652,237800,3784252,3646452,80.3637022349348,77.4373331221024,372
-7.6926,53.28823,2021/09/19 23:00:00+00,Mon 20 Sep 2021,943,5585,32,3547395,3414237,237832,3785227,3652069,80.3844076767708,77.5566177034288,373
-7.6926,53.28823,2021/09/20 23:00:00+00,Tue 21 Sep 2021,1451,6631,90,3548846,3420868,237922,3786768,3658790,80.4171328930472,77.6993472158189,374
-7.6926,53.28823,2021/09/21 23:00:00+00,Wed 22 Sep 2021,1887,8106,96,3550733,3428974,238018,3788751,3666992,80.4592445762892,77.8735277634491,375
-7.6926,53.28823,2021/09/22 23:00:00+00,Thu 23 Sep 2021,1686,8729,87,3552419,3437703,238105,3790524,3675808,80.4968966259049,78.0607474303485,376
-7.6926,53.28823,2021/09/23 23:00:00+00,Fri 24 Sep 2021,1903,7358,79,3554322,3445061,238184,3792506,3683245,80.5389870727963,78.2186821697689,377
-7.6926,53.28823,2021/09/24 23:00:00+00,Sat 25 Sep 2021,2406,6564,51,3556728,3451625,238235,3794963,3689860,80.5911647862232,78.3591606289952,378
-7.6926,53.28823,2021/09/25 23:00:00+00,Sun 26 Sep 2021,1537,7086,0,3558265,3458711,238235,3796500,3696946,80.6238050570971,78.5096414093547,379
-7.6926,53.28823,2021/09/26 23:00:00+00,Mon 27 Sep 2021,1164,3768,45,3559429,3462479,238280,3797709,3700759,80.6494798049739,78.5906156141967,380
-7.6926,53.28823,2021/09/27 23:00:00+00,Tue 28 Sep 2021,1437,5093,91,3560866,3467572,238371,3799237,3705943,80.6819289486923,78.7007048557128,381
-7.6926,53.28823,2021/09/28 23:00:00+00,Wed 29 Sep 2021,1641,3579,76,3562507,3471151,238447,3800954,3709598,80.7183917626744,78.7783237171598,382
-7.6926,53.28823,2021/09/29 23:00:00+00,Thu 30 Sep 2021,1277,3927,77,3563784,3475078,238524,3802308,3713602,80.7471457813883,78.8633540649667,383
-7.6926,53.28823,2021/09/30 23:00:00+00,Fri 01 Oct 2021,1835,5139,41,3565619,3480217,238565,3804184,3718782,80.786985175116,78.9733583610804,384
-7.6926,53.28823,2021/10/01 23:00:00+00,Sat 02 Oct 2021,1704,4062,39,3567323,3484279,238604,3805927,3722883,80.8240001342137,79.0604486348955,385
-7.6926,53.28823,2021/10/02 23:00:00+00,Sun 03 Oct 2021,1194,3002,9,3568517,3487281,238613,3807130,3725894,80.8495474639869,79.1243912865555,386
-7.6926,53.28823,2021/10/03 23:00:00+00,Mon 04 Oct 2021,333,1202,17,3568850,3488483,238630,3807480,3727113,80.8569801866973,79.1502783979382,387
-7.6926,53.28823,2021/10/04 23:00:00+00,Tue 05 Oct 2021,957,2789,69,3569807,3491272,238699,3808506,3729971,80.878768682414,79.2109718879562,388
-7.6926,53.28823,2021/10/05 23:00:00+00,Wed 06 Oct 2021,971,2524,35,3570778,3493796,238734,3809512,3732530,80.9001324511187,79.2653157091444,389
-7.6926,53.28823,2021/10/06 23:00:00+00,Thu 07 Oct 2021,1197,2663,44,3571975,3496459,238778,3810753,3735237,80.9264867622147,79.3228025102216,390
-7.6926,53.28823,2021/10/07 23:00:00+00,Fri 08 Oct 2021,975,2744,45,3572950,3499203,238823,3811773,3738026,80.9481478398278,79.3820306920481,391
-7.6926,53.28823,2021/10/08 23:00:00+00,Sat 09 Oct 2021,729,2345,20,3573679,3501548,238843,3812522,3740391,80.964053866428,79.4322546612197,392
-7.6926,53.28823,2021/10/09 23:00:00+00,Sun 10 Oct 2021,1500,3902,0,3575179,3505450,238843,3814022,3744293,80.9959083923297,79.5151189012652,393
-7.6926,53.28823,2021/10/10 23:00:00+00,Mon 11 Oct 2021,330,1090,15,3575509,3506540,238858,3814367,3745398,81.0032349332871,79.5385850686794,394
-7.6926,53.28823,2021/10/11 23:00:00+00,Tue 12 Oct 2021,561,1578,20,3576070,3508118,238878,3814948,3746996,81.0155732529863,79.57252075694,395
-7.6926,53.28823,2021/10/12 23:00:00+00,Wed 13 Oct 2021,1029,2011,9,3577099,3510129,238887,3815986,3749016,81.0376165849103,79.6154181851542,396
-7.6926,53.28823,2021/10/13 23:00:00+00,Thu 14 Oct 2021,686,1548,7,3577785,3511677,238894,3816679,3750571,81.0523333758768,79.6484407103389,397
-7.6926,53.28823,2021/10/14 23:00:00+00,Fri 15 Oct 2021,952,2034,7,3578737,3513711,238901,3817638,3752612,81.0726990361033,79.6917841019158,398
-7.6926,53.28823,2021/10/15 23:00:00+00,Sat 16 Oct 2021,1372,2607,12,3580109,3516318,238913,3819022,3755231,81.1020901453352,79.7474021041401,399
-7.6926,53.28823,2021/10/16 23:00:00+00,Sun 17 Oct 2021,1698,2882,2,3581807,3519200,238915,3820722,3758115,81.1381919413571,79.8086477392737,400
-7.6926,53.28823,2021/10/17 23:00:00+00,Mon 18 Oct 2021,666,1200,4,3582473,3520400,238919,3821392,3759319,81.1524202962598,79.8342163053974,401
-7.6926,53.28823,2021/10/18 23:00:00+00,Tue 19 Oct 2021,1330,1748,12,3583803,3522148,238931,3822734,3761079,81.1809194787665,79.8715922824554,402
-7.6926,53.28823,2021/10/19 23:00:00+00,Wed 20 Oct 2021,2244,2280,0,3586047,3524428,238931,3824978,3763359,81.2285738495154,79.9200111618259,403
-7.6926,53.28823,2021/10/20 23:00:00+00,Thu 21 Oct 2021,1743,1788,10,3587790,3526216,238941,3826731,3765157,81.2658011721191,79.9581941202067,404
-7.6926,53.28823,2021/10/21 23:00:00+00,Fri 22 Oct 2021,1491,1891,1,3589281,3528107,238942,3828223,3767049,81.297485807216,79.998373295544,405
-7.6926,53.28823,2021/10/22 23:00:00+00,Sat 23 Oct 2021,2007,1671,0,3591288,3529778,238942,3830230,3768720,81.3401071628724,80.0338592373984,406
-7.6926,53.28823,2021/10/23 23:00:00+00,Sun 24 Oct 2021,1943,2175,2,3593231,3531953,238944,3832175,3770897,81.3814118647916,80.080090772657,407
-7.6926,53.28823,2021/10/24 23:00:00+00,Mon 25 Oct 2021,1216,816,1,3594447,3532769,238945,3833392,3771714,81.4072565034731,80.0974408710981,408
-7.6926,53.28823,2021/10/25 23:00:00+00,Tue 26 Oct 2021,1236,1184,6,3595683,3533953,238951,3834634,3772904,81.4336320509197,80.1227121283134,409
-7.6926,53.28823,2021/10/26 23:00:00+00,Wed 27 Oct 2021,1549,1392,5,3597232,3535345,238956,3836188,3774301,81.4666333397538,80.1523793101032,410
-7.6926,53.28823,2021/10/27 23:00:00+00,Thu 28 Oct 2021,2141,1660,2,3599373,3537005,238958,3838331,3775963,81.512142839092,80.1876741248022,411
-7.6926,53.28823,2021/10/28 23:00:00+00,Fri 29 Oct 2021,2131,1331,0,3601504,3538336,238958,3840462,3777294,81.5573975022229,80.2159397074523,412
-7.6926,53.28823,2021/10/29 23:00:00+00,Sat 30 Oct 2021,2005,1430,0,3603509,3539766,238958,3842467,3778724,81.5999763851781,80.2463076888119,413
-7.6926,53.28823,2021/10/30 23:00:00+00,Sun 31 Oct 2021,1624,1312,0,3605133,3541078,238958,3844091,3780036,81.6344642185543,80.2741697808005,414
-7.6926,53.28823,2021/11/01 00:00:00+00,Mon 01 Nov 2021,257,257,2,3605390,3541335,238960,3844350,3780295,81.63996443336,80.2796699956062,415
-7.6926,53.28823,2021/11/02 00:00:00+00,Tue 02 Nov 2021,1087,1069,9,3606477,3542404,238969,3845446,3781373,81.6632394736188,80.3025627815542,416
-7.6926,53.28823,2021/11/03 00:00:00+00,Wed 03 Nov 2021,2534,1825,5,3609011,3544229,238974,3847985,3783203,81.717158567795,80.3414253031542,417
-7.6926,53.28823,2021/11/04 00:00:00+00,Thu 04 Nov 2021,1541,1248,1,3610552,3545477,238975,3849527,3784452,81.7499050204219,80.367949505055,418
-7.6926,53.28823,2021/11/05 00:00:00+00,Fri 05 Nov 2021,1626,1053,1,3612178,3546530,238976,3851154,3785506,81.7844565628499,80.3903326185886,419
-7.6926,53.28823,2021/11/06 00:00:00+00,Sat 06 Nov 2021,1819,1336,5,3613997,3547866,238981,3852978,3786847,81.8231916663463,80.4188105647446,420
-7.6926,53.28823,2021/11/07 00:00:00+00,Sun 07 Nov 2021,726,765,0,3614723,3548631,238981,3853704,3787612,81.8386092568828,80.4350563729545,421
-7.6926,53.28823,2021/11/08 00:00:00+00,Mon 08 Nov 2021,509,510,1,3615232,3549141,238982,3854214,3788123,81.8494397956893,80.4459081481117,422
-7.6926,53.28823,2021/11/09 00:00:00+00,Tue 09 Nov 2021,1376,1024,1,3616608,3550165,238983,3855591,3789148,81.878682250467,80.4676754074778,423
-7.6926,53.28823,2021/11/10 00:00:00+00,Wed 10 Nov 2021,1625,1313,0,3618233,3551478,238983,3857216,3790461,81.9131913201938,80.495558735817,424
