X,Y,VaccinationDate,VaccineText,Dose1,Dose2,SingleDose,Dose1Cum,Dose2Cum,SingleDoseCum,PartiallyVacc,FullyVacc,PartialPercent,FullyPercent,ObjectId
-7.6926,53.28823,2021/04/12 23:00:00+00,Tue 13 Apr 2021,11533,8597,1,810029,348154,265,810294,348419,16.8863351379874,7.26096947829111,1
-7.6926,53.28823,2021/04/13 23:00:00+00,Wed 14 Apr 2021,20355,6602,2,830384,354756,267,830651,355023,17.3105701988468,7.39859527491712,2
-7.6926,53.28823,2021/04/14 23:00:00+00,Thu 15 Apr 2021,27121,10824,1,857505,365580,268,857773,365848,17.8757862582184,7.62418571229998,3
-7.6926,53.28823,2021/04/15 23:00:00+00,Fri 16 Apr 2021,27979,9850,1,885484,375430,269,885753,375699,18.4588828344746,7.82947822025921,4
-7.6926,53.28823,2021/04/16 23:00:00+00,Sat 17 Apr 2021,15860,4566,3,901344,379996,272,901616,380268,18.7894639992048,7.92469509863356,5
-7.6926,53.28823,2021/04/17 23:00:00+00,Sun 18 Apr 2021,1080,487,0,902424,380483,272,902696,380755,18.8119709435349,7.93484406334538,6
-7.6926,53.28823,2021/04/18 23:00:00+00,Mon 19 Apr 2021,6765,2269,0,909189,382752,272,909461,383024,18.9529519420471,7.98212948620189,7
-7.6926,53.28823,2021/04/19 23:00:00+00,Tue 20 Apr 2021,15103,7332,1,924292,390084,273,924565,390357,19.2677157264564,8.13494747025072,8
-7.6926,53.28823,2021/04/20 23:00:00+00,Wed 21 Apr 2021,26743,9906,4,951035,399990,277,951312,400267,19.8251168746024,8.34146952424279,9
-7.6926,53.28823,2021/04/21 23:00:00+00,Thu 22 Apr 2021,31643,12198,1,982678,412188,278,982956,412466,20.4845703434747,8.59569379635675,10
-7.6926,53.28823,2021/04/22 23:00:00+00,Fri 23 Apr 2021,33624,12365,3,1016302,424553,281,1016583,424834,21.1853490629088,8.85343998846311,11
-7.6926,53.28823,2021/04/23 23:00:00+00,Sat 24 Apr 2021,23711,7009,2,1040013,431562,283,1040296,431845,21.6795223692977,8.99954756873944,12
-7.6926,53.28823,2021/04/24 23:00:00+00,Sun 25 Apr 2021,9759,312,3,1049772,431874,286,1050058,432160,21.882960138326,9.00611209416905,13
-7.6926,53.28823,2021/04/25 23:00:00+00,Mon 26 Apr 2021,15606,3064,4,1065378,434938,290,1065668,435228,22.2082688429493,9.0700484878772,14
-7.6926,53.28823,2021/04/26 23:00:00+00,Tue 27 Apr 2021,25931,7827,9,1091309,442765,299,1091608,443064,22.7488523021374,9.23334887285014,15
-7.6926,53.28823,2021/04/27 23:00:00+00,Wed 28 Apr 2021,26054,8627,6,1117363,451392,305,1117668,451697,23.2919365329178,9.41325854914819,16
-7.6926,53.28823,2021/04/28 23:00:00+00,Thu 29 Apr 2021,31705,11336,7,1149068,462728,312,1149380,463040,23.9528071056924,9.6496439839042,17
-7.6926,53.28823,2021/04/29 23:00:00+00,Fri 30 Apr 2021,36115,13545,8,1185183,476273,320,1185503,476593,24.705601874245,9.93208529548388,18
-7.6926,53.28823,2021/04/30 23:00:00+00,Sat 01 May 2021,16634,6703,21,1201817,482976,341,1202158,483317,25.0526881314839,10.0722118637021,19
-7.6926,53.28823,2021/05/01 23:00:00+00,Sun 02 May 2021,12478,914,16,1214295,483890,357,1214652,484247,25.3130601337621,10.0915928435419,20
-7.6926,53.28823,2021/05/02 23:00:00+00,Mon 03 May 2021,14279,936,21,1228574,484826,378,1228952,485204,25.6110687485034,10.11153649699,21
-7.6926,53.28823,2021/05/03 23:00:00+00,Tue 04 May 2021,26674,6810,11,1255248,491636,389,1255637,492025,26.1671778313267,10.2536845222453,22
-7.6926,53.28823,2021/05/04 23:00:00+00,Wed 05 May 2021,32144,13474,70,1287392,505110,459,1287851,505569,26.8385099652622,10.5359382759556,23
-7.6926,53.28823,2021/05/05 23:00:00+00,Thu 06 May 2021,37310,14388,133,1324702,519498,592,1325294,520090,27.6188132213293,10.8385524783793,24
-7.6926,53.28823,2021/05/06 23:00:00+00,Fri 07 May 2021,40611,15100,98,1365313,534598,690,1366003,535288,28.4671791442318,11.1552752005358,25
-7.6926,53.28823,2021/05/07 23:00:00+00,Sat 08 May 2021,25642,7066,10,1390955,541664,700,1391655,542364,29.0017607515986,11.3027373654246,26
-7.6926,53.28823,2021/05/08 23:00:00+00,Sun 09 May 2021,19684,934,5,1410639,542598,705,1411344,543303,29.4120748505945,11.3223059031339,27
-7.6926,53.28823,2021/05/09 23:00:00+00,Mon 10 May 2021,28862,4664,172,1439501,547262,877,1440378,548139,30.0171365373358,11.4230869983009,28
-7.6926,53.28823,2021/05/10 23:00:00+00,Tue 11 May 2021,33930,14824,153,1473431,562086,1030,1474461,563116,30.7274181888203,11.7352041327751,29
-7.6926,53.28823,2021/05/11 23:00:00+00,Wed 12 May 2021,31311,20934,175,1504742,583020,1205,1505947,584225,31.3835789750963,12.1751106956125,30
-7.6926,53.28823,2021/05/12 23:00:00+00,Thu 13 May 2021,36020,25489,153,1540762,608509,1358,1542120,609867,32.1374157318123,12.7094839053466,31
-7.6926,53.28823,2021/05/13 23:00:00+00,Fri 14 May 2021,38242,27958,237,1579004,636467,1595,1580599,638062,32.9393089826257,13.2970610307055,32
-7.6926,53.28823,2021/05/14 23:00:00+00,Sat 15 May 2021,28892,12468,22,1607896,648935,1617,1609513,650552,33.5418698977747,13.5573496739306,33
-7.6926,53.28823,2021/05/15 23:00:00+00,Sun 16 May 2021,23194,1184,11,1631090,650119,1628,1632718,651747,34.0254566044232,13.5822531910366,34
-7.6926,53.28823,2021/05/16 23:00:00+00,Mon 17 May 2021,35407,3965,120,1666497,654084,1748,1668245,655832,34.7658308740676,13.667383623989,35
-7.6926,53.28823,2021/05/17 23:00:00+00,Tue 18 May 2021,39042,12518,127,1705539,666602,1875,1707414,668477,35.5821035615364,13.9309024305207,36
-7.6926,53.28823,2021/05/18 23:00:00+00,Wed 19 May 2021,37050,17615,211,1742589,684217,2086,1744675,686303,36.3586139806886,14.3023920505473,37
-7.6926,53.28823,2021/05/19 23:00:00+00,Thu 20 May 2021,39109,19650,137,1781698,703867,2223,1783921,706090,37.1764913299291,14.7147484463435,38
-7.6926,53.28823,2021/05/20 23:00:00+00,Fri 21 May 2021,25858,23266,14935,1807556,727133,17158,1824714,744291,38.0266077929461,15.5108482429683,39
-7.6926,53.28823,2021/05/21 23:00:00+00,Sat 22 May 2021,16608,10262,13524,1824164,737395,30682,1854846,768077,38.6545515397563,16.0065428520758,40
-7.6926,53.28823,2021/05/22 23:00:00+00,Sun 23 May 2021,8235,5544,10205,1832399,742939,40887,1873286,783826,39.0388367744298,16.3347482837934,41
-7.6926,53.28823,2021/05/23 23:00:00+00,Mon 24 May 2021,22568,8245,8453,1854967,751184,49340,1904307,800524,39.6853070707858,16.6827306508529,42
-7.6926,53.28823,2021/05/24 23:00:00+00,Tue 25 May 2021,30381,16523,3224,1885348,767707,52564,1937912,820271,40.3856273154279,17.0942534561184,43
-7.6926,53.28823,2021/05/25 23:00:00+00,Wed 26 May 2021,19998,25487,3054,1905346,793194,55618,1960964,848812,40.8660255382963,17.6890411395683,44
-7.6926,53.28823,2021/05/26 23:00:00+00,Thu 27 May 2021,17035,36066,550,1922381,829260,56168,1978549,885428,41.2324927753751,18.4521099114123,45
-7.6926,53.28823,2021/05/27 23:00:00+00,Fri 28 May 2021,27060,31850,1562,1949441,861110,57730,2007171,918840,41.8289684796497,19.1484080817436,46
-7.6926,53.28823,2021/05/28 23:00:00+00,Sat 29 May 2021,24505,7406,537,1973946,868516,58267,2032213,926783,42.3508378314226,19.3139383213862,47
-7.6926,53.28823,2021/05/29 23:00:00+00,Sun 30 May 2021,24270,1695,210,1998216,870211,58477,2056693,928688,42.8609952362385,19.353638070413,48
-7.6926,53.28823,2021/05/30 23:00:00+00,Mon 31 May 2021,22615,7323,3445,2020831,877534,61922,2082753,939456,43.4040794670189,19.5780406412895,49
-7.6926,53.28823,2021/05/31 23:00:00+00,Tue 01 Jun 2021,27624,11538,3657,2048455,889072,65579,2114034,954651,44.0559681018247,19.8947008441563,50
-7.6926,53.28823,2021/06/01 23:00:00+00,Wed 02 Jun 2021,18725,20925,4008,2067180,909997,69587,2136767,979584,44.5297184402104,20.4142986617329,51
-7.6926,53.28823,2021/06/02 23:00:00+00,Thu 03 Jun 2021,16713,30718,1978,2083893,940715,71565,2155458,1012280,44.9192344554643,21.0956755615639,52
-7.6926,53.28823,2021/06/03 23:00:00+00,Fri 04 Jun 2021,29014,23355,154,2112907,964070,71719,2184626,1035789,45.5270886704835,21.585597556246,53
-7.6926,53.28823,2021/06/04 23:00:00+00,Sat 05 Jun 2021,20983,11510,35,2133890,975580,71754,2205644,1047334,45.9650988148635,21.8261926231823,54
-7.6926,53.28823,2021/06/05 23:00:00+00,Sun 06 Jun 2021,19965,3922,47,2153855,979502,71801,2225656,1051303,46.3821441573952,21.9089056435954,55
-7.6926,53.28823,2021/06/06 23:00:00+00,Mon 07 Jun 2021,19853,4612,47,2173708,984114,71848,2245556,1055962,46.7968554464409,22.005998100664,56
-7.6926,53.28823,2021/06/07 23:00:00+00,Tue 08 Jun 2021,26434,18354,48,2200142,1002468,71896,2272038,1074364,47.3487340573206,22.3894914243332,57
-7.6926,53.28823,2021/06/08 23:00:00+00,Wed 09 Jun 2021,32836,20138,175,2232978,1022606,72071,2305049,1094677,48.0366754825812,22.8128095356088,58
-7.6926,53.28823,2021/06/09 23:00:00+00,Thu 10 Jun 2021,27720,27513,273,2260698,1050119,72344,2333042,1122463,48.6200429757598,23.3918631977908,59
-7.6926,53.28823,2021/06/10 23:00:00+00,Fri 11 Jun 2021,26468,32918,43,2287166,1083037,72387,2359553,1155424,49.1725259397743,24.078762634888,60
-7.6926,53.28823,2021/06/11 23:00:00+00,Sat 12 Jun 2021,12233,19735,105,2299399,1102772,72492,2371891,1175264,49.4296469389826,24.4922235381375,61
-7.6926,53.28823,2021/06/12 23:00:00+00,Sun 13 Jun 2021,8563,18185,835,2307962,1120957,73327,2381289,1194284,49.6254990341812,24.8885958355067,62
-7.6926,53.28823,2021/06/13 23:00:00+00,Mon 14 Jun 2021,16035,31324,53,2323997,1152281,73380,2397377,1225661,49.9607691456468,25.5424850875864,63
-7.6926,53.28823,2021/06/14 23:00:00+00,Tue 15 Jun 2021,14722,41601,206,2338719,1193882,73586,2412305,1267468,50.2718651317209,26.4137330705578,64
-7.6926,53.28823,2021/06/15 23:00:00+00,Wed 16 Jun 2021,13494,48412,220,2352213,1242294,73806,2426019,1316100,50.5576616451868,27.4272124378376,65
-7.6926,53.28823,2021/06/16 23:00:00+00,Thu 17 Jun 2021,21588,42708,535,2373801,1285002,74341,2448142,1359343,51.0186997279786,28.3283863208627,66
-7.6926,53.28823,2021/06/17 23:00:00+00,Fri 18 Jun 2021,12028,50038,555,2385829,1335040,74896,2460725,1409936,51.2809264691877,29.3827324639123,67
-7.6926,53.28823,2021/06/18 23:00:00+00,Sat 19 Jun 2021,6342,32827,434,2392171,1367867,75330,2467501,1443197,51.4221367050959,30.07588382999,68
-7.6926,53.28823,2021/06/19 23:00:00+00,Sun 20 Jun 2021,8528,26153,178,2400699,1394020,75508,2476207,1469528,51.6035676841125,30.6246156366162,69
-7.6926,53.28823,2021/06/20 23:00:00+00,Mon 21 Jun 2021,15501,32360,575,2416200,1426380,76083,2492283,1502463,51.938587718419,31.3109732398684,70
-7.6926,53.28823,2021/06/21 23:00:00+00,Tue 22 Jun 2021,15160,43571,723,2431360,1469951,76806,2508166,1546757,52.2695856784145,32.2340497140889,71
-7.6926,53.28823,2021/06/22 23:00:00+00,Wed 23 Jun 2021,20109,39414,886,2451469,1509365,77692,2529161,1587057,52.7071165082393,33.0738921738145,72
-7.6926,53.28823,2021/06/23 23:00:00+00,Thu 24 Jun 2021,19045,44284,1033,2470514,1553649,78725,2549239,1632374,53.1255372751468,34.0182877258587,73
-7.6926,53.28823,2021/06/24 23:00:00+00,Fri 25 Jun 2021,15232,50142,843,2485746,1603791,79568,2565314,1683359,53.4605364696899,35.0808030561096,74
-7.6926,53.28823,2021/06/25 23:00:00+00,Sat 26 Jun 2021,9084,30589,513,2494830,1634380,80081,2574911,1714461,53.6605356777789,35.7289613732904,75
-7.6926,53.28823,2021/06/26 23:00:00+00,Sun 27 Jun 2021,8745,30493,59,2503575,1664873,80140,2583715,1745013,53.8440089535959,36.3656578206734,76
-7.6926,53.28823,2021/06/27 23:00:00+00,Mon 28 Jun 2021,24251,24675,528,2527826,1689548,80668,2608494,1770216,54.3603974476291,36.8908823743326,77
-7.6926,53.28823,2021/06/28 23:00:00+00,Tue 29 Jun 2021,28161,31068,812,2555987,1720616,81480,2637467,1802096,54.964187908811,37.5552540273363,78
-7.6926,53.28823,2021/06/29 23:00:00+00,Wed 30 Jun 2021,22596,36894,592,2578583,1757510,82072,2660655,1839582,55.4474203394839,38.336453393224,79
-7.6926,53.28823,2021/06/30 23:00:00+00,Thu 01 Jul 2021,15063,48321,644,2593646,1805831,82716,2676362,1888547,55.7747505011442,39.3568724016723,80
-7.6926,53.28823,2021/07/01 23:00:00+00,Fri 02 Jul 2021,13703,47294,818,2607349,1853125,83534,2690883,1936659,56.0773647035679,40.3595150920524,81
-7.6926,53.28823,2021/07/02 23:00:00+00,Sat 03 Jul 2021,9329,30498,506,2616678,1883623,84040,2700718,1967663,56.2823237753148,41.0056311124328,82
-7.6926,53.28823,2021/07/03 23:00:00+00,Sun 04 Jul 2021,6464,27793,233,2623142,1911416,84273,2707415,1995689,56.4218876699248,41.5896863177993,83
-7.6926,53.28823,2021/07/04 23:00:00+00,Mon 05 Jul 2021,15638,33484,5343,2638780,1944900,89616,2728396,2034516,56.8591267430638,42.3988318062302,84
-7.6926,53.28823,2021/07/05 23:00:00+00,Tue 06 Jul 2021,12409,48316,5489,2651189,1993216,95105,2746294,2088321,57.2321168260457,43.5201152688986,85
-7.6926,53.28823,2021/07/06 23:00:00+00,Wed 07 Jul 2021,19719,43777,5061,2670908,2036993,100166,2771074,2137159,57.7485261598422,44.5378876274117,86
-7.6926,53.28823,2021/07/07 23:00:00+00,Thu 08 Jul 2021,17802,45624,5999,2688710,2082617,106165,2794875,2188782,58.2445333653988,45.6136987266279,87
-7.6926,53.28823,2021/07/08 23:00:00+00,Fri 09 Jul 2021,13534,45116,6531,2702244,2127733,112696,2814940,2240429,58.6626832153838,46.6900099801626,88
-7.6926,53.28823,2021/07/09 23:00:00+00,Sat 10 Jul 2021,8655,23890,4365,2710899,2151623,117061,2827960,2268684,58.9340169331412,47.2788374913176,89
-7.6926,53.28823,2021/07/10 23:00:00+00,Sun 11 Jul 2021,15247,16131,2153,2726146,2167754,119214,2845360,2286968,59.2966288140153,47.6598717229212,90
-7.6926,53.28823,2021/07/11 23:00:00+00,Mon 12 Jul 2021,17131,31788,6095,2743277,2199542,125309,2868586,2324851,59.7806531556924,48.4493444748265,91
-7.6926,53.28823,2021/07/12 23:00:00+00,Tue 13 Jul 2021,20123,36591,8490,2763400,2236133,133799,2897199,2369932,60.3769413020976,49.3888218427394,92
-7.6926,53.28823,2021/07/13 23:00:00+00,Wed 14 Jul 2021,20806,35736,9335,2784206,2271869,143134,2927340,2415003,61.0050726067772,50.3280908130196,93
-7.6926,53.28823,2021/07/14 23:00:00+00,Thu 15 Jul 2021,23665,28862,9586,2807871,2300731,152720,2960591,2453451,61.6980155752223,51.1293380311717,94
-7.6926,53.28823,2021/07/15 23:00:00+00,Fri 16 Jul 2021,23524,27446,9168,2831395,2328177,161888,2993283,2490065,62.3793091160002,51.8923651234891,95
-7.6926,53.28823,2021/07/16 23:00:00+00,Sat 17 Jul 2021,11520,19447,4678,2842915,2347624,166566,3009481,2514190,62.7168716014254,52.3951244123447,96
-7.6926,53.28823,2021/07/17 23:00:00+00,Sun 18 Jul 2021,16872,15833,1931,2859787,2363457,168497,3028284,2531954,63.1087216701653,52.7653219670486,97
-7.6926,53.28823,2021/07/18 23:00:00+00,Mon 19 Jul 2021,24914,18464,6253,2884701,2381921,174750,3059451,2556671,63.7582345719586,53.2804183957592,98
-7.6926,53.28823,2021/07/19 23:00:00+00,Tue 20 Jul 2021,30611,18203,7700,2915312,2400124,182450,3097762,2582574,64.5566267425429,53.8202307837064,99
-7.6926,53.28823,2021/07/20 23:00:00+00,Wed 21 Jul 2021,30375,19858,6894,2945687,2419982,189344,3135031,2609326,65.3333038798012,54.3777361306687,100
-7.6926,53.28823,2021/07/21 23:00:00+00,Thu 22 Jul 2021,33549,15948,6937,2979236,2435930,196281,3175517,2632211,66.1770225354948,54.8546541130711,101
-7.6926,53.28823,2021/07/22 23:00:00+00,Fri 23 Jul 2021,27095,20864,5616,3006331,2456794,201897,3208228,2658691,66.8587120317748,55.4064910444243,102
-7.6926,53.28823,2021/07/23 23:00:00+00,Sat 24 Jul 2021,15449,14829,2277,3021780,2471623,204174,3225954,2675797,67.2281176754745,55.7629760348974,103
-7.6926,53.28823,2021/07/24 23:00:00+00,Sun 25 Jul 2021,14744,13656,1046,3036524,2485279,205220,3241744,2690499,67.557177537486,56.0693622344728,104
-7.6926,53.28823,2021/07/25 23:00:00+00,Mon 26 Jul 2021,23858,18329,3422,3060382,2503608,208642,3269024,2712250,68.1256862794541,56.5226479253286,105
-7.6926,53.28823,2021/07/26 23:00:00+00,Tue 27 Jul 2021,25532,23930,3672,3085914,2527538,212314,3298228,2739852,68.7342907259511,57.0978670710692,106
-7.6926,53.28823,2021/11/11 00:00:00+00,Thu 11 Nov 2021,1394,1127,2,3638784,3571565,240947,3879731,3812512,80.8526755859464,79.4518475387927,107
-7.6926,53.28823,2022/09/25 23:00:00+00,Mon 26 Sep 2022,24,10,0,3859736,3814178,241127,4100863,4055305,85.461014117064,84.511596182072,108
-7.6926,53.28823,2021/11/12 00:00:00+00,Fri 12 Nov 2021,1143,1162,6,3639927,3572727,240953,3880880,3813680,80.8766204739421,79.4761883822905,109
-7.6926,53.28823,2021/11/13 00:00:00+00,Sat 13 Nov 2021,1396,1386,0,3641323,3574113,240953,3882276,3815066,80.9057127834651,79.5050722941808,110
-7.6926,53.28823,2021/11/14 00:00:00+00,Sun 14 Nov 2021,1646,1808,1,3642969,3575921,240954,3883923,3816875,80.9400358735685,79.5427714259337,111
-7.6926,53.28823,2021/11/15 00:00:00+00,Mon 15 Nov 2021,1244,598,1,3644213,3576519,240955,3885168,3817474,80.9659813788379,79.5552544441316,112
-7.6926,53.28823,2021/11/16 00:00:00+00,Tue 16 Nov 2021,1316,1082,5,3645529,3577601,240960,3886489,3818561,80.9935107061158,79.5779072668046,113
-7.6926,53.28823,2021/11/17 00:00:00+00,Wed 17 Nov 2021,1503,1124,3,3647032,3578725,240963,3887995,3819688,81.0248953895983,79.6013936800083,114
-7.6926,53.28823,2021/11/18 00:00:00+00,Thu 18 Nov 2021,1640,2515,5,3648672,3581240,240968,3889640,3822208,81.0591768001752,79.6539098834453,115
-7.6926,53.28823,2021/11/19 00:00:00+00,Fri 19 Nov 2021,1166,1565,0,3649838,3582805,240968,3890806,3823773,81.0834759641464,79.6865241129607,116
-7.6926,53.28823,2021/11/20 00:00:00+00,Sat 20 Nov 2021,1547,2950,12,3651385,3585755,240980,3892365,3826735,81.1159651550822,79.7482514917624,117
-7.6926,53.28823,2021/11/21 00:00:00+00,Sun 21 Nov 2021,1789,2771,0,3653174,3588526,240980,3894154,3829506,81.1532474915698,79.8059984757797,118
-7.6926,53.28823,2021/11/22 00:00:00+00,Mon 22 Nov 2021,725,521,3,3653899,3589047,240983,3894882,3830030,81.1684188392293,79.8169185117325,119
-7.6926,53.28823,2021/11/23 00:00:00+00,Tue 23 Nov 2021,2156,1600,8,3656055,3590647,240991,3897046,3831638,81.2135160869427,79.8504288510684,120
-7.6926,53.28823,2021/11/24 00:00:00+00,Wed 24 Nov 2021,1615,3153,2,3657670,3593800,240993,3898663,3834793,81.247213984148,79.9161783041809,121
-7.6926,53.28823,2021/11/25 00:00:00+00,Thu 25 Nov 2021,982,1190,2,3658652,3594990,240995,3899647,3835985,81.2677203112044,79.9410193019971,122
-7.6926,53.28823,2021/11/26 00:00:00+00,Fri 26 Nov 2021,1279,1115,12,3659931,3596105,241007,3900938,3837112,81.2946244455841,79.9645057152009,123
-7.6926,53.28823,2021/11/27 00:00:00+00,Sat 27 Nov 2021,1200,1566,6,3661131,3597671,241013,3902144,3838684,81.3197572000861,79.9972658230592,124
-7.6926,53.28823,2021/11/28 00:00:00+00,Sun 28 Nov 2021,1961,2263,1,3663092,3599934,241014,3904106,3840948,81.3606448156192,80.0444470470993,125
-7.6926,53.28823,2021/11/29 00:00:00+00,Mon 29 Nov 2021,536,1004,2,3663628,3600938,241016,3904644,3841954,81.3718566082577,80.0654118489476,126
-7.6926,53.28823,2021/11/30 00:00:00+00,Tue 30 Nov 2021,1896,1650,6,3665524,3602588,241022,3906546,3843610,81.4114938379946,80.0999224969204,127
-7.6926,53.28823,2021/12/01 00:00:00+00,Wed 01 Dec 2021,1073,1392,4,3666597,3603980,241026,3907623,3845006,81.4339382630349,80.1290148064434,128
-7.6926,53.28823,2021/12/02 00:00:00+00,Thu 02 Dec 2021,1737,1417,0,3668334,3605397,241026,3909360,3846423,81.4701369318325,80.158544750995,129
-7.6926,53.28823,2021/12/03 00:00:00+00,Fri 03 Dec 2021,1016,1202,2,3669350,3606599,241028,3910378,3847627,81.49135181084,80.1836358259705,130
-7.6926,53.28823,2021/12/04 00:00:00+00,Sat 04 Dec 2021,1204,1703,2,3670554,3608302,241030,3911584,3849332,81.5164845653419,80.2191676223435,131
-7.6926,53.28823,2021/12/05 00:00:00+00,Sun 05 Dec 2021,1349,1778,2,3671903,3610080,241032,3912935,3851112,81.5446390855178,80.2562624009616,132
-7.6926,53.28823,2021/12/06 00:00:00+00,Mon 06 Dec 2021,938,1306,0,3672841,3611386,241032,3913873,3852418,81.5641867834638,80.2834791317905,133
-7.6926,53.28823,2021/12/07 00:00:00+00,Tue 07 Dec 2021,485,750,2,3673326,3612136,241034,3914360,3853170,81.5743357481756,80.2991506337685,134
-7.6926,53.28823,2021/12/08 00:00:00+00,Wed 08 Dec 2021,797,1527,2,3674123,3613663,241036,3915159,3854699,81.5909867190273,80.3310146318062,135
-7.6926,53.28823,2021/12/09 00:00:00+00,Thu 09 Dec 2021,787,1213,1,3674910,3614876,241037,3915947,3855913,81.6074084524829,80.3563141044143,136
-7.6926,53.28823,2021/12/10 00:00:00+00,Fri 10 Dec 2021,894,1618,1,3675804,3616494,241038,3916842,3857532,81.6260600406084,80.3900536811462,137
-7.6926,53.28823,2021/12/11 00:00:00+00,Sat 11 Dec 2021,644,847,2,3676448,3617341,241040,3917488,3858381,81.6395225276799,80.4077466401613,138
-7.6926,53.28823,2021/12/12 00:00:00+00,Sun 12 Dec 2021,686,1193,0,3677134,3618534,241040,3918174,3859574,81.6538186052822,80.4326084777407,139
-7.6926,53.28823,2021/12/13 00:00:00+00,Mon 13 Dec 2021,724,1071,1,3677858,3619605,241041,3918899,3860646,81.6689274336519,80.4549487039647,140
-7.6926,53.28823,2021/12/14 00:00:00+00,Tue 14 Dec 2021,631,1204,3,3678489,3620809,241044,3919533,3861853,81.6821398435642,80.4801022982299,141
-7.6926,53.28823,2021/12/15 00:00:00+00,Wed 15 Dec 2021,792,1258,1,3679281,3622067,241045,3920326,3863112,81.6986657758363,80.5063395601851,142
-7.6926,53.28823,2021/12/16 00:00:00+00,Thu 16 Dec 2021,1049,1548,8,3680330,3623615,241053,3921383,3864668,81.7206934056112,80.5387662318311,143
-7.6926,53.28823,2021/12/17 00:00:00+00,Fri 17 Dec 2021,1198,2460,1,3681528,3626075,241054,3922582,3867129,81.7456802817703,80.5900528892352,144
-7.6926,53.28823,2021/12/18 00:00:00+00,Sat 18 Dec 2021,1251,1185,0,3682779,3627260,241054,3923833,3868314,81.7717508256193,80.6147480087085,145
-7.6926,53.28823,2021/12/19 00:00:00+00,Sun 19 Dec 2021,550,892,2,3683329,3628152,241056,3924385,3869208,81.7832543749436,80.6333787570707,146
-7.6926,53.28823,2021/12/20 00:00:00+00,Mon 20 Dec 2021,516,621,1,3683845,3628773,241057,3924902,3869830,81.7940285325535,80.6463410898238,147
-7.6926,53.28823,2021/12/21 00:00:00+00,Tue 21 Dec 2021,1407,1822,3,3685252,3630595,241060,3926312,3871655,81.8234125987622,80.684373657789,148
-7.6926,53.28823,2021/12/22 00:00:00+00,Wed 22 Dec 2021,1165,1602,2,3686417,3632197,241062,3927479,3873259,81.8477326024967,80.7178006380719,149
-7.6926,53.28823,2021/12/23 00:00:00+00,Thu 23 Dec 2021,930,1400,0,3687347,3633597,241062,3928409,3874659,81.8671135823365,80.7469763066479,150
-7.6926,53.28823,2021/12/24 00:00:00+00,Fri 24 Dec 2021,101,164,0,3687448,3633761,241062,3928510,3874823,81.8692183984267,80.750394027824,151
-7.6926,53.28823,2021/12/25 00:00:00+00,Sat 25 Dec 2021,1,6,0,3687449,3633767,241062,3928511,3874829,81.8692392381899,80.7505190664036,152
-7.6926,53.28823,2021/12/26 00:00:00+00,Sun 26 Dec 2021,12,13,0,3687461,3633780,241062,3928523,3874842,81.8694893153492,80.7507899833261,153
-7.6926,53.28823,2021/12/27 00:00:00+00,Mon 27 Dec 2021,392,590,0,3687853,3634370,241062,3928915,3875432,81.8776585025505,80.7630854436546,154
-7.6926,53.28823,2021/12/28 00:00:00+00,Tue 28 Dec 2021,468,750,0,3688321,3635120,241062,3929383,3876182,81.8874115117602,80.7787152661061,155
-7.6926,53.28823,2021/12/29 00:00:00+00,Wed 29 Dec 2021,1058,1313,0,3689379,3636433,241062,3930441,3877495,81.9094599812984,80.8060778752778,156
-7.6926,53.28823,2021/12/30 00:00:00+00,Thu 30 Dec 2021,1051,1199,1,3690430,3637632,241063,3931493,3878695,81.931383412257,80.8310855912001,157
-7.6926,53.28823,2021/12/31 00:00:00+00,Fri 31 Dec 2021,713,1682,0,3691143,3639314,241063,3932206,3880377,81.9462421634675,80.866138073018,158
-7.6926,53.28823,2022/01/01 00:00:00+00,Sat 01 Jan 2022,70,100,0,3691213,3639414,241063,3932276,3880477,81.9477009468963,80.8682220493448,159
-7.6926,53.28823,2022/01/02 00:00:00+00,Sun 02 Jan 2022,271,629,0,3691484,3640043,241063,3932547,3881106,81.9533485227421,80.8813302604408,160
-7.6926,53.28823,2022/01/03 00:00:00+00,Mon 03 Jan 2022,3632,729,1,3695116,3640772,241064,3936180,3881836,82.029059382697,80.8965432876269,161
-7.6926,53.28823,2022/01/04 00:00:00+00,Tue 04 Jan 2022,1188,785,1,3696304,3641557,241065,3937369,3882622,82.0538378612234,80.912923341556,162
-7.6926,53.28823,2022/01/05 00:00:00+00,Wed 05 Jan 2022,2139,913,0,3698443,3642470,241065,3939508,3883535,82.098414114855,80.9319500454203,163
-7.6926,53.28823,2022/01/06 00:00:00+00,Thu 06 Jan 2022,2455,1700,1,3700898,3644170,241066,3941964,3885236,82.1495965734428,80.9673984827402,164
-7.6926,53.28823,2022/01/07 00:00:00+00,Fri 07 Jan 2022,4854,783,2,3705752,3644953,241068,3946820,3886021,82.2507944638752,80.9837576969061,165
-7.6926,53.28823,2022/01/08 00:00:00+00,Sat 08 Jan 2022,9789,745,2,3715541,3645698,241070,3956611,3886768,82.4548365860383,80.9993250000677,166
-7.6926,53.28823,2022/01/09 00:00:00+00,Sun 09 Jan 2022,7116,667,0,3722657,3646365,241070,3963727,3887435,82.6031323414579,81.0132251221679,167
-7.6926,53.28823,2022/01/10 00:00:00+00,Mon 10 Jan 2022,6664,510,1,3729321,3646875,241071,3970392,3887946,82.7420293636432,81.0238742411982,168
-7.6926,53.28823,2022/01/11 00:00:00+00,Tue 11 Jan 2022,4779,1372,1,3734100,3648247,241072,3975172,3889319,82.8416434320673,81.052487236166,169
-7.6926,53.28823,2022/01/12 00:00:00+00,Wed 12 Jan 2022,7560,928,1,3741660,3649175,241073,3982733,3890248,82.9992128821414,81.0718473762425,170
-7.6926,53.28823,2022/01/13 00:00:00+00,Thu 13 Jan 2022,7321,817,0,3748981,3649992,241073,3990054,3891065,83.151780789031,81.088873462833,171
-7.6926,53.28823,2022/01/14 00:00:00+00,Fri 14 Jan 2022,10723,837,0,3759704,3650829,241073,4000777,3891902,83.3752455705604,81.1063163446888,172
-7.6926,53.28823,2022/01/15 00:00:00+00,Sat 15 Jan 2022,8363,653,2,3768067,3651482,241075,4009142,3892557,83.5495701903025,81.1199663896298,173
-7.6926,53.28823,2022/01/16 00:00:00+00,Sun 16 Jan 2022,6965,1216,1,3775032,3652698,241076,4016108,3893774,83.6947399812317,81.1453283815277,174
-7.6926,53.28823,2022/01/17 00:00:00+00,Mon 17 Jan 2022,2562,562,0,3777594,3653260,241076,4018670,3894336,83.7481314547259,81.1570403284847,175
-7.6926,53.28823,2022/01/18 00:00:00+00,Tue 18 Jan 2022,4056,453,3,3781650,3653713,241079,4022729,3894792,83.8327200538333,81.1665432605352,176
-7.6926,53.28823,2022/01/19 00:00:00+00,Wed 19 Jan 2022,3487,623,0,3785137,3654336,241079,4026216,3895415,83.905388308351,81.1795264330515,177
-7.6926,53.28823,2022/01/20 00:00:00+00,Thu 20 Jan 2022,3699,938,0,3788836,3655274,241079,4029915,3896353,83.9824745926816,81.1990741309975,178
-7.6926,53.28823,2022/01/21 00:00:00+00,Fri 21 Jan 2022,3252,977,0,3792088,3656251,241079,4033167,3897330,84.0502455028312,81.2194345797109,179
-7.6926,53.28823,2022/01/22 00:00:00+00,Sat 22 Jan 2022,4273,644,0,3796361,3656895,241079,4037440,3897974,84.139293811278,81.2328553872559,180
-7.6926,53.28823,2022/01/23 00:00:00+00,Sun 23 Jan 2022,3094,680,0,3799455,3657575,241079,4040534,3898654,84.2037720388311,81.2470264262786,181
-7.6926,53.28823,2022/01/24 00:00:00+00,Mon 24 Jan 2022,646,468,0,3800101,3658043,241079,4041180,3899122,84.2172345259027,81.2567794354883,182
-7.6926,53.28823,2022/01/25 00:00:00+00,Tue 25 Jan 2022,692,1837,1,3800793,3659880,241080,4041873,3900960,84.2316764818478,81.2950829203761,183
-7.6926,53.28823,2022/01/26 00:00:00+00,Wed 26 Jan 2022,700,898,0,3801493,3660778,241080,4042573,3901858,84.2462643161359,81.3137970277913,184
-7.6926,53.28823,2022/01/27 00:00:00+00,Thu 27 Jan 2022,1276,1178,0,3802769,3661956,241080,4043849,3903036,84.2728558540666,81.3383462689217,185
-7.6926,53.28823,2022/01/28 00:00:00+00,Fri 28 Jan 2022,1029,3095,1,3803798,3665051,241081,4044879,3906132,84.2943208102333,81.4028661760014,186
-7.6926,53.28823,2022/01/29 00:00:00+00,Sat 29 Jan 2022,2329,3446,0,3806127,3668497,241081,4047208,3909578,84.3428566188859,81.4746800002251,187
-7.6926,53.28823,2022/01/30 00:00:00+00,Sun 30 Jan 2022,1639,7538,0,3807766,3676035,241081,4048847,3917116,84.3770129908832,81.631770135744,188
-7.6926,53.28823,2022/01/31 00:00:00+00,Mon 31 Jan 2022,482,1396,0,3808248,3677431,241081,4049329,3918512,84.3870577567787,81.660862445267,189
-7.6926,53.28823,2022/02/01 00:00:00+00,Tue 01 Feb 2022,750,3420,1,3808998,3680851,241082,4050080,3921933,84.4027084189934,81.7321552754089,190
-7.6926,53.28823,2022/02/02 00:00:00+00,Wed 02 Feb 2022,653,2998,0,3809651,3683849,241082,4050733,3924931,84.4163167844079,81.7946328856883,191
-7.6926,53.28823,2022/02/03 00:00:00+00,Thu 03 Feb 2022,908,2436,1,3810559,3686285,241083,4051642,3927368,84.435260129219,81.8454193887739,192
-7.6926,53.28823,2022/02/04 00:00:00+00,Fri 04 Feb 2022,1173,6523,0,3811732,3692808,241083,4052815,3933891,84.4597051715331,81.9813571645752,193
-7.6926,53.28823,2022/02/05 00:00:00+00,Sat 05 Feb 2022,1777,5750,0,3813509,3698558,241083,4054592,3939641,84.4967374308615,82.1011858033697,194
-7.6926,53.28823,2022/02/06 00:00:00+00,Sun 06 Feb 2022,1407,7556,0,3814916,3706114,241083,4055999,3947197,84.5260589777804,82.2586510546275,195
-7.6926,53.28823,2022/02/07 00:00:00+00,Mon 07 Feb 2022,439,1351,0,3815355,3707465,241083,4056438,3948548,84.5352076338554,82.2868055748034,196
-7.6926,53.28823,2022/02/08 00:00:00+00,Tue 08 Feb 2022,899,1238,0,3816254,3708703,241083,4057337,3949786,84.5539425810339,82.31260520173,197
-7.6926,53.28823,2022/02/09 00:00:00+00,Wed 09 Feb 2022,1335,1784,0,3817589,3710487,241083,4058672,3951570,84.5817636649975,82.3497833394012,198
-7.6926,53.28823,2022/02/10 00:00:00+00,Thu 10 Feb 2022,687,2554,0,3818276,3713041,241083,4059359,3954124,84.596080582363,82.4030080947892,199
-7.6926,53.28823,2022/02/11 00:00:00+00,Fri 11 Feb 2022,546,4922,0,3818822,3717963,241083,4059905,3959046,84.6074590931077,82.5055814095974,200
-7.6926,53.28823,2022/02/12 00:00:00+00,Sat 12 Feb 2022,1397,5462,0,3820219,3723425,241083,4061302,3964508,84.636572242394,82.6194081965707,201
-7.6926,53.28823,2022/02/13 00:00:00+00,Sun 13 Feb 2022,1566,4706,0,3821785,3728131,241083,4062868,3969214,84.6692073116726,82.7174801225128,202
-7.6926,53.28823,2022/02/14 00:00:00+00,Mon 14 Feb 2022,175,954,0,3821960,3729085,241083,4063043,3970168,84.6728542702446,82.7373612566711,203
-7.6926,53.28823,2022/02/15 00:00:00+00,Tue 15 Feb 2022,650,817,1,3822610,3729902,241084,4063694,3970986,84.6864209561325,82.7544081830248,204
-7.6926,53.28823,2022/02/16 00:00:00+00,Wed 16 Feb 2022,798,1787,0,3823408,3731689,241084,4064492,3972773,84.7030510872209,82.7916488399858,205
-7.6926,53.28823,2022/02/17 00:00:00+00,Thu 17 Feb 2022,791,1194,2,3824199,3732883,241086,4065285,3973969,84.7195770194929,82.8165731968551,206
-7.6926,53.28823,2022/02/18 00:00:00+00,Fri 18 Feb 2022,792,3295,0,3824991,3736178,241086,4066077,3977264,84.7360821120016,82.8852402168252,207
-7.6926,53.28823,2022/02/19 00:00:00+00,Sat 19 Feb 2022,980,3556,0,3825971,3739734,241086,4067057,3980820,84.7565050800049,82.9593464150085,208
-7.6926,53.28823,2022/02/20 00:00:00+00,Sun 20 Feb 2022,1365,3588,0,3827336,3743322,241086,4068422,3984408,84.7849513568666,83.0341194856163,209
-7.6926,53.28823,2022/02/21 00:00:00+00,Mon 21 Feb 2022,254,996,1,3827590,3744318,241087,4068677,3985405,84.7902654965001,83.0548967295951,210
-7.6926,53.28823,2022/02/22 00:00:00+00,Tue 22 Feb 2022,475,984,1,3828065,3745302,241088,4069153,3986390,84.8001852238159,83.0754238964147,211
-7.6926,53.28823,2022/02/23 00:00:00+00,Wed 23 Feb 2022,829,1273,1,3828894,3746575,241089,4069983,3987664,84.8174822273289,83.1019737548189,212
-7.6926,53.28823,2022/02/24 00:00:00+00,Thu 24 Feb 2022,653,1236,0,3829547,3747811,241089,4070636,3988900,84.8310905927433,83.127731702219,213
-7.6926,53.28823,2022/02/25 00:00:00+00,Fri 25 Feb 2022,693,1228,0,3830240,3749039,241089,4071329,3990128,84.8455325486885,83.1533229315128,214
-7.6926,53.28823,2021/07/27 23:00:00+00,Wed 28 Jul 2021,23455,25310,3265,3109369,2552848,215579,3324948,2768427,69.2911292004887,57.6933633064702,215
-7.6926,53.28823,2021/07/28 23:00:00+00,Thu 29 Jul 2021,19300,27892,2963,3128669,2580740,218542,3347211,2799282,69.7550848501381,58.3363742021236,216
-7.6926,53.28823,2021/07/29 23:00:00+00,Fri 30 Jul 2021,21969,22971,2123,3150638,2603711,220665,3371303,2824376,70.2571564268058,58.8593272215865,217
-7.6926,53.28823,2021/07/30 23:00:00+00,Sat 31 Jul 2021,13762,12503,907,3164400,2616214,221572,3385972,2837786,70.5628549141933,59.1387884470188,218
-7.6926,53.28823,2021/07/31 23:00:00+00,Sun 01 Aug 2021,11152,9355,369,3175552,2625569,221941,3397493,2847510,70.8029498268111,59.3414343050429,219
-7.6926,53.28823,2021/08/01 23:00:00+00,Mon 02 Aug 2021,15038,16059,431,3190590,2641628,222372,3412962,2864000,71.1253201248135,59.6850820013425,220
-7.6926,53.28823,2021/08/02 23:00:00+00,Tue 03 Aug 2021,17359,25467,1111,3207949,2667095,223483,3431432,2890578,71.510230552385,60.238961229496,221
-7.6926,53.28823,2021/08/03 23:00:00+00,Wed 04 Aug 2021,22135,17327,1576,3230084,2684422,225059,3455143,2909481,72.0043621792474,60.6328952745628,222
-7.6926,53.28823,2021/08/04 23:00:00+00,Thu 05 Aug 2021,13553,30068,1421,3243637,2714490,226480,3470117,2940970,72.3164167944318,61.2891185801286,223
-7.6926,53.28823,2021/08/05 23:00:00+00,Fri 06 Aug 2021,12232,24766,949,3255869,2739256,227429,3483298,2966685,72.5911057140755,61.8250130925813,224
-7.6926,53.28823,2021/08/06 23:00:00+00,Sat 07 Aug 2021,6342,8475,585,3262211,2747731,228014,3490225,2975745,72.7354627542373,62.013821347795,225
-7.6926,53.28823,2021/08/07 23:00:00+00,Sun 08 Aug 2021,8635,11994,153,3270846,2759725,228167,3499013,2987892,72.918602593842,62.266961952219,226
-7.6926,53.28823,2021/08/08 23:00:00+00,Mon 09 Aug 2021,5565,23054,601,3276411,2782779,228768,3505179,3011547,73.0471005741563,62.7599265523383,227
-7.6926,53.28823,2021/08/09 23:00:00+00,Tue 10 Aug 2021,9383,26031,718,3285794,2808810,229486,3515280,3038296,73.2576030229327,63.3173693800108,228
-7.6926,53.28823,2021/08/10 23:00:00+00,Wed 11 Aug 2021,7036,31250,668,3292830,2840060,230154,3522984,3070214,73.4181525591542,63.9825329440188,229
-7.6926,53.28823,2021/08/11 23:00:00+00,Thu 12 Aug 2021,6792,38313,865,3299622,2878373,231019,3530641,3109392,73.5777226265021,64.798993189357,230
-7.6926,53.28823,2021/08/12 23:00:00+00,Fri 13 Aug 2021,10951,28240,875,3310573,2906613,231894,3542467,3138507,73.8241736669168,65.405742896923,231
-7.6926,53.28823,2021/08/13 23:00:00+00,Sat 14 Aug 2021,18151,5859,281,3328724,2912472,232175,3560899,3144647,74.2082921834841,65.5336990433923,232
-7.6926,53.28823,2021/08/14 23:00:00+00,Sun 15 Aug 2021,17004,3742,52,3345728,2916214,232227,3577955,3148441,74.5637351857938,65.6127651052335,233
-7.6926,53.28823,2021/08/15 23:00:00+00,Mon 16 Aug 2021,10207,23173,386,3355935,2939387,232613,3588548,3172000,74.7844907980983,66.103729088079,234
-7.6926,53.28823,2021/08/16 23:00:00+00,Tue 17 Aug 2021,12881,26881,531,3368816,2966268,233144,3601960,3199412,75.0639937030571,66.6749886787986,235
-7.6926,53.28823,2021/08/17 23:00:00+00,Wed 18 Aug 2021,15247,25787,658,3384063,2992055,233802,3617865,3225857,75.3954501378446,67.2260962184374,236
-7.6926,53.28823,2021/08/18 23:00:00+00,Thu 19 Aug 2021,11378,25743,545,3395441,3017798,234347,3629788,3252145,75.6439226352964,67.773931915243,237
-7.6926,53.28823,2021/08/19 23:00:00+00,Fri 20 Aug 2021,14865,22286,686,3410306,3040084,235033,3645339,3275117,75.9680017938868,68.2526629570499,238
-7.6926,53.28823,2022/06/11 23:00:00+00,Sun 12 Jun 2022,143,288,0,3853418,3805471,241115,4094533,4046586,85.3290984155736,84.3298942861329,239
-7.6926,53.28823,2021/08/20 23:00:00+00,Sat 21 Aug 2021,11911,7999,246,3422217,3048083,235279,3657496,3283362,76.2213507959435,68.4244868051997,240
-7.6926,53.28823,2021/08/21 23:00:00+00,Sun 22 Aug 2021,8006,12265,162,3430223,3060348,235441,3665664,3295789,76.3915699823216,68.6834625433389,241
-7.6926,53.28823,2021/08/22 23:00:00+00,Mon 23 Aug 2021,10883,15409,291,3441106,3075757,235732,3676838,3311489,76.6244334970852,69.0106468266563,242
-7.6926,53.28823,2021/08/23 23:00:00+00,Tue 24 Aug 2021,9723,22940,384,3450829,3098697,236116,3686945,3334813,76.8350609844412,69.4967134651337,243
-7.6926,53.28823,2021/08/24 23:00:00+00,Wed 25 Aug 2021,9426,19552,318,3460255,3118249,236434,3696689,3354683,77.0381236377307,69.9107995612813,244
-7.6926,53.28823,2021/08/25 23:00:00+00,Thu 26 Aug 2021,8600,19465,370,3468855,3137714,236804,3705659,3374518,77.2250563142503,70.3241562657145,245
-7.6926,53.28823,2021/08/26 23:00:00+00,Fri 27 Aug 2021,9734,19240,432,3478589,3156954,237236,3715825,3394190,77.4369133476391,70.7341160887349,246
-7.6926,53.28823,2021/08/27 23:00:00+00,Sat 28 Aug 2021,9934,7944,155,3488523,3164898,237391,3725914,3402289,77.6471657192563,70.9028973314475,247
-7.6926,53.28823,2021/08/28 23:00:00+00,Sun 29 Aug 2021,8805,9203,30,3497328,3174101,237421,3734749,3411522,77.8312850277346,71.0953108657067,248
-7.6926,53.28823,2021/08/29 23:00:00+00,Mon 30 Aug 2021,5071,11165,85,3502399,3185266,237506,3739905,3422772,77.9387348471476,71.3297582024787,249
-7.6926,53.28823,2021/08/30 23:00:00+00,Tue 31 Aug 2021,4080,12918,146,3506479,3198184,237652,3744131,3435836,78.0268036867208,71.60200886982,250
-7.6926,53.28823,2021/08/31 23:00:00+00,Wed 01 Sep 2021,5000,12566,184,3511479,3210750,237836,3749315,3448586,78.1348370195054,71.867715851495,251
-7.6926,53.28823,2021/09/01 23:00:00+00,Thu 02 Sep 2021,5016,12385,249,3516495,3223135,238085,3754580,3461220,78.2445583731147,72.1310054206308,252
-7.6926,53.28823,2021/09/02 23:00:00+00,Fri 03 Sep 2021,4786,16112,167,3521281,3239247,238252,3759533,3477499,78.3477777205842,72.4702559268808,253
-7.6926,53.28823,2021/09/03 23:00:00+00,Sat 04 Sep 2021,4632,10594,136,3525913,3249841,238388,3764301,3488229,78.447141711849,72.6938665867531,254
-7.6926,53.28823,2021/09/04 23:00:00+00,Sun 05 Sep 2021,5310,11915,1,3531223,3261756,238389,3769612,3500145,78.5578216945687,72.9421932058621,255
-7.6926,53.28823,2021/09/05 23:00:00+00,Mon 06 Sep 2021,2171,9701,76,3533394,3271457,238465,3771859,3509922,78.6046486426333,73.1459435713394,256
-7.6926,53.28823,2021/09/06 23:00:00+00,Tue 07 Sep 2021,3039,10040,161,3536433,3281497,238626,3775059,3520123,78.6713358850929,73.3585299964427,257
-7.6926,53.28823,2021/09/07 23:00:00+00,Wed 08 Sep 2021,2614,14813,191,3539047,3296310,238817,3777864,3535127,78.7297914210614,73.6712098045251,258
-7.6926,53.28823,2021/09/08 23:00:00+00,Thu 09 Sep 2021,3130,14834,138,3542177,3311144,238955,3781132,3550099,78.7978957674232,73.983222740183,259
-7.6926,53.28823,2021/09/09 23:00:00+00,Fri 10 Sep 2021,3394,13955,116,3545571,3325099,239071,3784642,3564170,78.8710433364961,74.2764590491358,260
-7.6926,53.28823,2021/09/10 23:00:00+00,Sat 11 Sep 2021,2563,11347,62,3548134,3336446,239133,3787267,3575579,78.9257477150763,74.5142199082675,261
-7.6926,53.28823,2021/09/11 23:00:00+00,Sun 12 Sep 2021,2045,12887,1,3550179,3349333,239134,3789313,3588467,78.9683858707239,74.7828027772736,262
-7.6926,53.28823,2021/09/12 23:00:00+00,Mon 13 Sep 2021,1624,7753,52,3551803,3357086,239186,3790989,3596272,79.0033133139621,74.9454571295852,263
-7.6926,53.28823,2021/09/13 23:00:00+00,Tue 14 Sep 2021,1557,10798,82,3553360,3367884,239268,3792628,3607152,79.0374696859594,75.1721937539478,264
-7.6926,53.28823,2021/09/14 23:00:00+00,Wed 15 Sep 2021,3291,12381,138,3556651,3380265,239406,3796057,3619671,79.1089292342075,75.4330867503078,265
-7.6926,53.28823,2021/09/15 23:00:00+00,Thu 16 Sep 2021,1920,10586,115,3558571,3390851,239521,3798092,3630372,79.1513381524591,75.6560930570453,266
-7.6926,53.28823,2021/09/16 23:00:00+00,Fri 17 Sep 2021,2564,14631,95,3561135,3405482,239616,3800751,3645098,79.2067510829904,75.9629794109391,267
-7.6926,53.28823,2021/09/17 23:00:00+00,Sat 18 Sep 2021,2292,11246,48,3563427,3416728,239664,3803091,3656392,79.255516129039,76.1983436972949,268
-7.6926,53.28823,2021/09/18 23:00:00+00,Sun 19 Sep 2021,1864,8498,16,3565291,3425226,239680,3804971,3664906,79.294694883984,76.375773441764,269
-7.6926,53.28823,2021/09/19 23:00:00+00,Mon 20 Sep 2021,967,5642,35,3566258,3430868,239715,3805973,3670583,79.3155763267792,76.49408077784,270
-7.6926,53.28823,2021/09/20 23:00:00+00,Tue 21 Sep 2021,1477,6688,90,3567735,3437556,239805,3807540,3677361,79.3482322358211,76.6353326932747,271
-7.6926,53.28823,2021/09/21 23:00:00+00,Wed 22 Sep 2021,1902,8167,97,3569637,3445723,239902,3809539,3685625,79.3898909225951,76.8075524969267,272
-7.6926,53.28823,2021/09/22 23:00:00+00,Thu 23 Sep 2021,1692,8740,89,3571329,3454463,239991,3811320,3694454,79.4270065409765,76.9915467668254,273
-7.6926,53.28823,2021/09/23 23:00:00+00,Fri 24 Sep 2021,1915,7402,81,3573244,3461865,240072,3813316,3701937,79.4686027084607,77.1474907153645,274
-7.6926,53.28823,2021/09/24 23:00:00+00,Sat 25 Sep 2021,2425,6614,53,3575669,3468479,240125,3815794,3708604,79.5202436418403,77.2864294170764,275
-7.6926,53.28823,2021/09/25 23:00:00+00,Sun 26 Sep 2021,1550,7101,0,3577219,3475580,240125,3817344,3715705,79.5525452749067,77.4344125760469,276
-7.6926,53.28823,2021/09/26 23:00:00+00,Mon 27 Sep 2021,1181,3837,45,3578400,3479417,240170,3818570,3719587,79.578094824674,77.5153125370557,277
-7.6926,53.28823,2021/09/27 23:00:00+00,Tue 28 Sep 2021,1455,5159,93,3579855,3484576,240263,3820118,3724839,79.6103547782139,77.6247629737425,278
-7.6926,53.28823,2021/09/28 23:00:00+00,Wed 29 Sep 2021,1654,3636,80,3581509,3488212,240343,3821852,3728555,79.6464909277217,77.7022035340487,279
-7.6926,53.28823,2021/09/29 23:00:00+00,Thu 30 Sep 2021,1276,3992,78,3582785,3492204,240421,3823206,3732625,79.6747079671874,77.787021370552,280
-7.6926,53.28823,2021/09/30 23:00:00+00,Fri 01 Oct 2021,1875,5204,42,3584660,3497408,240463,3825123,3737871,79.7146577933733,77.8963467686592,281
-7.6926,53.28823,2021/10/01 23:00:00+00,Sat 02 Oct 2021,1684,4106,41,3586344,3501514,240504,3826848,3742018,79.7506063850117,77.9827692669342,282
-7.6926,53.28823,2021/10/02 23:00:00+00,Sun 03 Oct 2021,1197,3023,9,3587541,3504537,240513,3828054,3745050,79.7757391395137,78.0459554291647,283
-7.6926,53.28823,2021/10/03 23:00:00+00,Mon 04 Oct 2021,350,1244,18,3587891,3505781,240531,3828422,3746312,79.7834081723965,78.0722552104097,284
-7.6926,53.28823,2021/10/04 23:00:00+00,Tue 05 Oct 2021,960,2839,70,3588851,3508620,240601,3829452,3749221,79.8048731285632,78.1328780817581,285
-7.6926,53.28823,2021/10/05 23:00:00+00,Wed 06 Oct 2021,974,2583,40,3589825,3511203,240641,3830466,3751844,79.8260046485176,78.1875407808117,286
-7.6926,53.28823,2021/10/06 23:00:00+00,Thu 07 Oct 2021,1213,2718,44,3591038,3513921,240685,3831723,3754606,79.8522002309463,78.2451002069597,287
-7.6926,53.28823,2021/10/07 23:00:00+00,Fri 08 Oct 2021,916,2756,48,3591954,3516677,240733,3832687,3757410,79.8722897627372,78.3035349031649,288
-7.6926,53.28823,2021/10/08 23:00:00+00,Sat 09 Oct 2021,725,2369,23,3592679,3519046,240756,3833435,3759802,79.8878779056621,78.3533836169035,289
-7.6926,53.28823,2021/10/09 23:00:00+00,Sun 10 Oct 2021,1520,3927,3,3594199,3522973,240759,3834958,3763732,79.9196168651203,78.4352838865492,290
-7.6926,53.28823,2021/10/10 23:00:00+00,Mon 11 Oct 2021,335,1144,19,3594534,3524117,240778,3835312,3764895,79.9269941413174,78.4595205312306,291
-7.6926,53.28823,2021/10/11 23:00:00+00,Tue 12 Oct 2021,563,1629,21,3595097,3525746,240799,3835896,3766545,79.9391645630662,78.4939061406238,292
-7.6926,53.28823,2021/10/12 23:00:00+00,Wed 13 Oct 2021,990,2083,11,3596087,3527829,240810,3836897,3768639,79.9600251660981,78.5375446049083,293
-7.6926,53.28823,2021/10/13 23:00:00+00,Thu 14 Oct 2021,654,1617,9,3596741,3529446,240819,3837560,3770265,79.9738419291452,78.5714300599831,294
-7.6926,53.28823,2021/10/14 23:00:00+00,Fri 15 Oct 2021,957,2088,10,3597698,3531534,240829,3838527,3772363,79.993993980226,78.6151518833207,295
-7.6926,53.28823,2021/10/15 23:00:00+00,Sat 16 Oct 2021,1384,2654,14,3599082,3534188,240843,3839925,3775031,80.0231279692755,78.6707523717213,296
-7.6926,53.28823,2021/10/16 23:00:00+00,Sun 17 Oct 2021,1708,2893,3,3600790,3537081,240846,3841636,3777927,80.0587848042281,78.7311043261473,297
-7.6926,53.28823,2021/10/17 23:00:00+00,Mon 18 Oct 2021,679,1265,6,3601469,3538346,240852,3842321,3779198,80.0730600420671,78.7575916652617,298
-7.6926,53.28823,2021/10/18 23:00:00+00,Tue 19 Oct 2021,1343,1815,13,3602812,3540161,240865,3843677,3781026,80.1013187610594,78.7956867525168,299
-7.6926,53.28823,2021/10/19 23:00:00+00,Wed 20 Oct 2021,2263,2348,0,3605075,3542509,240865,3845940,3783374,80.1484791453363,78.8446185166715,300
-7.6926,53.28823,2021/10/20 23:00:00+00,Thu 21 Oct 2021,1731,1860,11,3606806,3544369,240876,3847682,3785245,80.1847820129503,78.8836097137471,301
-7.6926,53.28823,2021/10/21 23:00:00+00,Fri 22 Oct 2021,1509,1941,3,3608315,3546310,240879,3849194,3787189,80.2162917350124,78.9241222135413,302
-7.6926,53.28823,2021/10/22 23:00:00+00,Sat 23 Oct 2021,2018,1713,1,3610333,3548023,240880,3851213,3788903,80.2583672170518,78.9598415677837,303
-7.6926,53.28823,2021/10/23 23:00:00+00,Sun 24 Oct 2021,1959,2191,2,3612292,3550214,240882,3853174,3791096,80.2992339928215,79.0055431686318,304
-7.6926,53.28823,2021/10/24 23:00:00+00,Mon 25 Oct 2021,1239,869,2,3613531,3551083,240884,3854415,3791967,80.3250961390379,79.0236946024388,305
-7.6926,53.28823,2021/10/25 23:00:00+00,Tue 26 Oct 2021,1247,1239,6,3614778,3552322,240890,3855668,3793212,80.3512083624135,79.0496401077082,306
-7.6926,53.28823,2021/10/26 23:00:00+00,Wed 27 Oct 2021,1568,1436,6,3616346,3553758,240896,3857242,3794654,80.3840101497983,79.0796910463416,307
-7.6926,53.28823,2021/10/27 23:00:00+00,Thu 28 Oct 2021,2159,1706,5,3618505,3555464,240901,3859406,3796365,80.4291073975116,79.1153478812942,308
-7.6926,53.28823,2021/10/28 23:00:00+00,Fri 29 Oct 2021,2148,1382,2,3620653,3556846,240903,3861556,3797749,80.4739128885392,79.144190113658,309
-7.6926,53.28823,2021/10/29 23:00:00+00,Sat 30 Oct 2021,2021,1458,1,3622674,3558304,240904,3863578,3799208,80.5160508898683,79.1745953282669,310
-7.6926,53.28823,2021/10/30 23:00:00+00,Sun 31 Oct 2021,1600,1322,0,3624274,3559626,240904,3865178,3800530,80.5493945110981,79.202145495308,311
-7.6926,53.28823,2021/11/01 00:00:00+00,Mon 01 Nov 2021,294,303,2,3624568,3559929,240906,3865474,3800835,80.5555630810256,79.208501623105,312
-7.6926,53.28823,2021/11/02 00:00:00+00,Tue 02 Nov 2021,1100,1100,10,3625668,3561029,240916,3866584,3801945,80.5786952182538,79.2316337603331,313
-7.6926,53.28823,2021/11/03 00:00:00+00,Wed 03 Nov 2021,2540,1888,7,3628208,3562917,240923,3869131,3803840,80.631774095299,79.2711251117272,314
-7.6926,53.28823,2021/11/04 00:00:00+00,Thu 04 Nov 2021,1537,1292,2,3629745,3564209,240925,3870670,3805134,80.6638464909694,79.2980917653968,315
-7.6926,53.28823,2021/11/05 00:00:00+00,Fri 05 Nov 2021,1630,1105,4,3631375,3565314,240929,3872304,3806243,80.6978986641503,79.3212030628617,316
-7.6926,53.28823,2021/11/06 00:00:00+00,Sat 06 Nov 2021,1823,1366,6,3633198,3566680,240935,3874133,3807615,80.7360145911687,79.3497952180662,317
-7.6926,53.28823,2021/11/07 00:00:00+00,Sun 07 Nov 2021,698,775,0,3633896,3567455,240935,3874831,3808390,80.7505607459302,79.3659460345994,318
-7.6926,53.28823,2021/11/08 00:00:00+00,Mon 08 Nov 2021,518,537,4,3634414,3567992,240939,3875353,3808931,80.7614391023564,79.3772203465277,319
-7.6926,53.28823,2021/11/09 00:00:00+00,Tue 09 Nov 2021,1373,1076,4,3635787,3569068,240943,3876730,3810011,80.7901354563773,79.3997272908579,320
-7.6926,53.28823,2021/11/10 00:00:00+00,Wed 10 Nov 2021,1603,1370,2,3637390,3570438,240945,3878335,3811383,80.8235832764234,79.4283194460624,321
-7.6926,53.28823,2022/06/12 23:00:00+00,Mon 13 Jun 2022,17,44,0,3853435,3805515,241115,4094550,4046630,85.3294526915492,84.3308112357167,322
-7.6926,53.28823,2022/06/13 23:00:00+00,Tue 14 Jun 2022,37,55,0,3853472,3805570,241115,4094587,4046685,85.3302237627901,84.3319574226965,323
-7.6926,53.28823,2022/06/14 23:00:00+00,Wed 15 Jun 2022,66,123,0,3853538,3805693,241115,4094653,4046808,85.3315991871659,84.3345207135785,324
-7.6926,53.28823,2022/06/15 23:00:00+00,Thu 16 Jun 2022,42,85,0,3853580,3805778,241115,4094695,4046893,85.3324744572232,84.3362920934563,325
-7.6926,53.28823,2022/06/16 23:00:00+00,Fri 17 Jun 2022,58,95,0,3853638,3805873,241115,4094753,4046988,85.3336831634927,84.3382718709668,326
-7.6926,53.28823,2022/06/17 23:00:00+00,Sat 18 Jun 2022,223,488,0,3853861,3806361,241115,4094976,4047476,85.3383304307016,84.3484416754419,327
-7.6926,53.28823,2022/06/18 23:00:00+00,Sun 19 Jun 2022,80,129,0,3853941,3806490,241115,4095056,4047605,85.3399976117631,84.3511300049036,328
-7.6926,53.28823,2022/06/19 23:00:00+00,Mon 20 Jun 2022,9,28,0,3853950,3806518,241115,4095065,4047633,85.3401851696325,84.3517135182751,329
-7.6926,53.28823,2022/06/20 23:00:00+00,Tue 21 Jun 2022,74,169,1,3854024,3806687,241116,4095140,4047803,85.3417481518777,84.3552562780308,330
-7.6926,53.28823,2022/06/21 23:00:00+00,Wed 22 Jun 2022,60,94,0,3854084,3806781,241116,4095200,4047897,85.3429985376738,84.357215215778,331
-7.6926,53.28823,2022/06/22 23:00:00+00,Thu 23 Jun 2022,64,113,0,3854148,3806894,241116,4095264,4048010,85.344332282523,84.3595701090274,332
-7.6926,53.28823,2022/06/23 23:00:00+00,Fri 24 Jun 2022,55,93,1,3854203,3806987,241117,4095320,4048104,85.345499309266,84.3615290467746,333
-7.6926,53.28823,2022/06/24 23:00:00+00,Sat 25 Jun 2022,210,293,0,3854413,3807280,241117,4095530,4048397,85.3498756595525,84.3676350974123,334
-7.6926,53.28823,2022/06/25 23:00:00+00,Sun 26 Jun 2022,174,402,0,3854587,3807682,241117,4095704,4048799,85.3535017783612,84.3760126822463,335
-7.6926,53.28823,2022/06/26 23:00:00+00,Mon 27 Jun 2022,5,34,0,3854592,3807716,241117,4095709,4048833,85.3536059771775,84.3767212341975,336
-7.6926,53.28823,2022/06/27 23:00:00+00,Tue 28 Jun 2022,49,60,0,3854641,3807776,241117,4095758,4048893,85.3546271255777,84.3779716199936,337
-7.6926,53.28823,2022/06/28 23:00:00+00,Wed 29 Jun 2022,63,81,3,3854704,3807857,241120,4095824,4048977,85.3560025499534,84.3797221601081,338
-7.6926,53.28823,2022/06/29 23:00:00+00,Thu 30 Jun 2022,49,88,0,3854753,3807945,241120,4095873,4049065,85.3570236983536,84.3815560592758,339
-7.6926,53.28823,2022/06/30 23:00:00+00,Fri 01 Jul 2022,46,64,0,3854799,3808009,241120,4095919,4049129,85.357982327464,84.382889804125,340
-7.6926,53.28823,2022/07/01 23:00:00+00,Sat 02 Jul 2022,182,228,0,3854981,3808237,241120,4096101,4049357,85.3617751643788,84.3876412701502,341
-7.6926,53.28823,2022/07/02 23:00:00+00,Sun 03 Jul 2022,108,273,0,3855089,3808510,241120,4096209,4049630,85.3640258588119,84.3933305255226,342
-7.6926,53.28823,2022/07/03 23:00:00+00,Mon 04 Jul 2022,14,15,0,3855103,3808525,241120,4096223,4049645,85.3643176154976,84.3936431219716,343
-7.6926,53.28823,2022/07/04 23:00:00+00,Tue 05 Jul 2022,51,70,0,3855154,3808595,241120,4096274,4049715,85.3653804434243,84.3951019054004,344
-7.6926,53.28823,2022/07/05 23:00:00+00,Wed 06 Jul 2022,60,83,0,3855214,3808678,241120,4096334,4049798,85.3666308292204,84.3968316057517,345
-7.6926,53.28823,2022/07/06 23:00:00+00,Thu 07 Jul 2022,77,77,0,3855291,3808755,241120,4096411,4049875,85.3682354909921,84.3984362675234,346
-7.6926,53.28823,2022/07/07 23:00:00+00,Fri 08 Jul 2022,99,90,0,3855390,3808845,241120,4096510,4049965,85.3702986275557,84.4003118462176,347
-7.6926,53.28823,2022/07/08 23:00:00+00,Sat 09 Jul 2022,119,143,0,3855509,3808988,241120,4096629,4050108,85.3727785593847,84.403291932365,348
-7.6926,53.28823,2022/07/09 23:00:00+00,Sun 10 Jul 2022,133,219,0,3855642,3809207,241120,4096762,4050327,85.3755502478994,84.4078558405208,349
-7.6926,53.28823,2022/07/10 23:00:00+00,Mon 11 Jul 2022,11,16,0,3855653,3809223,241120,4096773,4050343,85.3757794852954,84.4081892767331,350
-7.6926,53.28823,2022/07/11 23:00:00+00,Tue 12 Jul 2022,44,81,0,3855697,3809304,241120,4096817,4050424,85.3766964348792,84.4098772975579,351
-7.6926,53.28823,2022/07/12 23:00:00+00,Wed 13 Jul 2022,99,74,0,3855796,3809378,241120,4096916,4050498,85.3787595714428,84.4114194400397,352
-7.6926,53.28823,2022/07/13 23:00:00+00,Thu 14 Jul 2022,72,39,0,3855868,3809417,241120,4096988,4050537,85.3802600343981,84.4122321908072,353
-7.6926,53.28823,2022/07/14 23:00:00+00,Fri 15 Jul 2022,80,118,1,3855948,3809535,241121,4097069,4050656,85.3819480552229,84.4147121226362,354
-7.6926,53.28823,2022/07/15 23:00:00+00,Sat 16 Jul 2022,124,209,0,3856072,3809744,241121,4097193,4050865,85.3845321858682,84.4190676331593,355
-7.6926,53.28823,2022/07/16 23:00:00+00,Sun 17 Jul 2022,119,165,0,3856191,3809909,241121,4097312,4051030,85.3870121176972,84.4225061940986,356
-7.6926,53.28823,2022/07/17 23:00:00+00,Mon 18 Jul 2022,14,18,0,3856205,3809927,241121,4097326,4051048,85.3873038743829,84.4228813098375,357
-7.6926,53.28823,2022/07/18 23:00:00+00,Tue 19 Jul 2022,30,33,0,3856235,3809960,241121,4097356,4051081,85.387929067281,84.4235690220253,358
-7.6926,53.28823,2022/07/19 23:00:00+00,Wed 20 Jul 2022,78,66,0,3856313,3810026,241121,4097434,4051147,85.3895545688159,84.4249444464011,359
-7.6926,53.28823,2022/07/20 23:00:00+00,Thu 21 Jul 2022,52,30,0,3856365,3810056,241121,4097486,4051177,85.3906382365059,84.4255696392991,360
-7.6926,53.28823,2022/07/21 23:00:00+00,Fri 22 Jul 2022,75,70,0,3856440,3810126,241121,4097561,4051247,85.392201218751,84.4270284227279,361
-7.6926,53.28823,2022/07/22 23:00:00+00,Sat 23 Jul 2022,99,175,0,3856539,3810301,241121,4097660,4051422,85.3942643553146,84.4306753812999,362
-7.6926,53.28823,2022/07/23 23:00:00+00,Sun 24 Jul 2022,108,231,0,3856647,3810532,241121,4097768,4051653,85.3965150497476,84.435489366615,363
-7.6926,53.28823,2022/07/24 23:00:00+00,Mon 25 Jul 2022,14,23,0,3856661,3810555,241121,4097782,4051676,85.3968068064334,84.4359686811702,364
-7.6926,53.28823,2022/07/25 23:00:00+00,Tue 26 Jul 2022,18,16,0,3856679,3810571,241121,4097800,4051692,85.3971819221722,84.4363021173825,365
-7.6926,53.28823,2022/07/26 23:00:00+00,Wed 27 Jul 2022,61,72,1,3856740,3810643,241122,4097862,4051765,85.3984739874949,84.4378234201011,366
-7.6926,53.28823,2022/07/27 23:00:00+00,Thu 28 Jul 2022,49,71,0,3856789,3810714,241122,4097911,4051836,85.3994951358951,84.4393030432932,367
-7.6926,53.28823,2022/07/28 23:00:00+00,Fri 29 Jul 2022,71,105,0,3856860,3810819,241122,4097982,4051941,85.4009747590871,84.4414912184364,368
-7.6926,53.28823,2022/07/29 23:00:00+00,Sat 30 Jul 2022,100,119,0,3856960,3810938,241122,4098082,4052060,85.403058735414,84.4439711502653,369
-7.6926,53.28823,2022/07/30 23:00:00+00,Sun 31 Jul 2022,32,57,0,3856992,3810995,241122,4098114,4052117,85.4037256078386,84.4451590167716,370
-7.6926,53.28823,2022/07/31 23:00:00+00,Mon 01 Aug 2022,10,15,0,3857002,3811010,241122,4098124,4052132,85.4039340054713,84.4454716132207,371
-7.6926,53.28823,2022/08/01 23:00:00+00,Tue 02 Aug 2022,36,29,0,3857038,3811039,241122,4098160,4052161,85.404684236949,84.4460759663555,372
-7.6926,53.28823,2022/08/02 23:00:00+00,Wed 03 Aug 2022,93,139,0,3857131,3811178,241122,4098253,4052300,85.4066223349329,84.4489726934498,373
-7.6926,53.28823,2022/08/03 23:00:00+00,Thu 04 Aug 2022,45,52,0,3857176,3811230,241122,4098298,4052352,85.40756012428,84.4500563611398,374
-7.6926,53.28823,2022/08/04 23:00:00+00,Fri 05 Aug 2022,96,91,0,3857272,3811321,241122,4098394,4052443,85.4095607415538,84.4519527795972,375
-7.6926,53.28823,2022/08/05 23:00:00+00,Sat 06 Aug 2022,74,130,0,3857346,3811451,241122,4098468,4052573,85.4111028840357,84.4546619488221,376
-7.6926,53.28823,2022/08/06 23:00:00+00,Sun 07 Aug 2022,28,80,0,3857374,3811531,241122,4098496,4052653,85.4116863974072,84.4563291298836,377
-7.6926,53.28823,2022/08/07 23:00:00+00,Mon 08 Aug 2022,11,15,0,3857385,3811546,241122,4098507,4052668,85.4119156348032,84.4566417263326,378
-7.6926,53.28823,2022/08/08 23:00:00+00,Tue 09 Aug 2022,47,42,0,3857432,3811588,241122,4098554,4052710,85.4128951036768,84.4575169963899,379
-7.6926,53.28823,2022/08/09 23:00:00+00,Wed 10 Aug 2022,55,94,1,3857487,3811682,241123,4098610,4052805,85.4140621304198,84.4594967739004,380
-7.6926,53.28823,2022/08/10 23:00:00+00,Thu 11 Aug 2022,45,41,0,3857532,3811723,241123,4098655,4052846,85.4149999197669,84.4603512041945,381
-7.6926,53.28823,2022/08/11 23:00:00+00,Fri 12 Aug 2022,70,75,0,3857602,3811798,241123,4098725,4052921,85.4164587031957,84.4619141864396,382
-7.6926,53.28823,2022/08/12 23:00:00+00,Sat 13 Aug 2022,103,151,0,3857705,3811949,241123,4098828,4053072,85.4186051988124,84.4650609906932,383
-7.6926,53.28823,2022/08/13 23:00:00+00,Sun 14 Aug 2022,17,26,0,3857722,3811975,241123,4098845,4053098,85.418959474788,84.4656028245382,384
-7.6926,53.28823,2022/08/14 23:00:00+00,Mon 15 Aug 2022,7,11,0,3857729,3811986,241123,4098852,4053109,85.4191053531308,84.4658320619341,385
-7.6926,53.28823,2022/08/15 23:00:00+00,Tue 16 Aug 2022,41,28,0,3857770,3812014,241123,4098893,4053137,85.4199597834248,84.4664155753056,386
-7.6926,53.28823,2022/08/16 23:00:00+00,Wed 17 Aug 2022,51,58,0,3857821,3812072,241123,4098944,4053195,85.4210226113515,84.4676242815752,387
-7.6926,53.28823,2022/08/17 23:00:00+00,Thu 18 Aug 2022,55,39,0,3857876,3812111,241123,4098999,4053234,85.4221687983313,84.4684370323427,388
-7.6926,53.28823,2022/08/18 23:00:00+00,Fri 19 Aug 2022,74,56,0,3857950,3812167,241123,4099073,4053290,85.4237109408132,84.4696040590857,389
-7.6926,53.28823,2022/08/19 23:00:00+00,Sat 20 Aug 2022,109,127,1,3858059,3812294,241124,4099183,4053418,85.4260033147727,84.4722715487841,390
-7.6926,53.28823,2022/08/20 23:00:00+00,Sun 21 Aug 2022,39,36,0,3858098,3812330,241124,4099222,4053454,85.4268160655402,84.4730217802618,391
-7.6926,53.28823,2022/08/21 23:00:00+00,Mon 22 Aug 2022,12,13,0,3858110,3812343,241124,4099234,4053467,85.4270661426994,84.4732926971843,392
-7.6926,53.28823,2022/08/22 23:00:00+00,Tue 23 Aug 2022,78,72,0,3858188,3812415,241124,4099312,4053539,85.4286916442344,84.4747931601396,393
-7.6926,53.28823,2022/08/23 23:00:00+00,Wed 24 Aug 2022,53,56,0,3858241,3812471,241124,4099365,4053595,85.4297961516876,84.4759601868827,394
-7.6926,53.28823,2022/08/24 23:00:00+00,Thu 25 Aug 2022,42,49,0,3858283,3812520,241124,4099407,4053644,85.4306714217449,84.4769813352828,395
-7.6926,53.28823,2022/08/25 23:00:00+00,Fri 26 Aug 2022,99,90,0,3858382,3812610,241124,4099506,4053734,85.4327345583085,84.478856913977,396
-7.6926,53.28823,2022/08/26 23:00:00+00,Sat 27 Aug 2022,86,119,0,3858468,3812729,241124,4099592,4053853,85.4345267779496,84.481336845806,397
-7.6926,53.28823,2022/08/27 23:00:00+00,Sun 28 Aug 2022,44,21,0,3858512,3812750,241124,4099636,4053874,85.4354437275334,84.4817744808346,398
-7.6926,53.28823,2022/08/28 23:00:00+00,Mon 29 Aug 2022,13,12,0,3858525,3812762,241124,4099649,4053886,85.4357146444559,84.4820245579938,399
-7.6926,53.28823,2022/08/29 23:00:00+00,Tue 30 Aug 2022,41,44,1,3858566,3812806,241125,4099691,4053931,85.4365899145132,84.4829623473409,400
-7.6926,53.28823,2022/08/30 23:00:00+00,Wed 31 Aug 2022,28,29,0,3858594,3812835,241125,4099719,4053960,85.4371734278847,84.4835667004757,401
-7.6926,53.28823,2022/08/31 23:00:00+00,Thu 01 Sep 2022,33,30,0,3858627,3812865,241125,4099752,4053990,85.4378611400726,84.4841918933738,402
-7.6926,53.28823,2022/09/01 23:00:00+00,Fri 02 Sep 2022,48,51,0,3858675,3812916,241125,4099800,4054041,85.4388614487095,84.4852547213005,403
-7.6926,53.28823,2022/09/02 23:00:00+00,Sat 03 Sep 2022,73,101,0,3858748,3813017,241125,4099873,4054142,85.4403827514281,84.4873595373906,404
-7.6926,53.28823,2022/09/03 23:00:00+00,Sun 04 Sep 2022,58,82,0,3858806,3813099,241125,4099931,4054224,85.4415914576977,84.4890683979786,405
-7.6926,53.28823,2022/09/04 23:00:00+00,Mon 05 Sep 2022,9,5,0,3858815,3813104,241125,4099940,4054229,85.4417790155671,84.489172596795,406
-7.6926,53.28823,2022/09/05 23:00:00+00,Tue 06 Sep 2022,42,22,0,3858857,3813126,241125,4099982,4054251,85.4426542856244,84.4896310715869,407
-7.6926,53.28823,2022/09/06 23:00:00+00,Wed 07 Sep 2022,49,42,0,3858906,3813168,241125,4100031,4054293,85.4436754340245,84.4905063416441,408
-7.6926,53.28823,2022/09/07 23:00:00+00,Thu 08 Sep 2022,39,50,2,3858945,3813218,241127,4100072,4054345,85.4445298643186,84.4915900093341,409
-7.6926,53.28823,2022/09/08 23:00:00+00,Fri 09 Sep 2022,63,61,0,3859008,3813279,241127,4100135,4054406,85.4458427694045,84.4928612348935,410
-7.6926,53.28823,2022/09/09 23:00:00+00,Sat 10 Sep 2022,94,135,0,3859102,3813414,241127,4100229,4054541,85.4478017071517,84.4956746029348,411
-7.6926,53.28823,2022/09/10 23:00:00+00,Sun 11 Sep 2022,58,58,0,3859160,3813472,241127,4100287,4054599,85.4490104134213,84.4968833092044,412
-7.6926,53.28823,2022/09/11 23:00:00+00,Mon 12 Sep 2022,13,13,0,3859173,3813485,241127,4100300,4054612,85.4492813303438,84.4971542261269,413
-7.6926,53.28823,2022/09/12 23:00:00+00,Tue 13 Sep 2022,29,25,0,3859202,3813510,241127,4100329,4054637,85.4498856834786,84.4976752202086,414
-7.6926,53.28823,2022/09/13 23:00:00+00,Wed 14 Sep 2022,35,33,0,3859237,3813543,241127,4100364,4054670,85.450615075193,84.4983629323964,415
-7.6926,53.28823,2022/09/14 23:00:00+00,Thu 15 Sep 2022,51,36,0,3859288,3813579,241127,4100415,4054706,85.4516779031197,84.4991131638741,416
-7.6926,53.28823,2022/09/15 23:00:00+00,Fri 16 Sep 2022,38,56,0,3859326,3813635,241127,4100453,4054762,85.4524698141239,84.5002801906171,417
-7.6926,53.28823,2022/09/16 23:00:00+00,Sat 17 Sep 2022,67,149,0,3859393,3813784,241127,4100520,4054911,85.4538660782629,84.5033853153442,418
-7.6926,53.28823,2022/09/17 23:00:00+00,Sun 18 Sep 2022,30,53,0,3859423,3813837,241127,4100550,4054964,85.454491271161,84.5044898227974,419
-7.6926,53.28823,2022/09/18 23:00:00+00,Mon 19 Sep 2022,11,11,0,3859434,3813848,241127,4100561,4054975,85.4547205085569,84.5047190601934,420
-7.6926,53.28823,2022/09/19 23:00:00+00,Tue 20 Sep 2022,39,37,0,3859473,3813885,241127,4100600,4055012,85.4555332593244,84.5054901314343,421
-7.6926,53.28823,2022/09/20 23:00:00+00,Wed 21 Sep 2022,42,32,0,3859515,3813917,241127,4100642,4055044,85.4564085293817,84.5061570038589,422
-7.6926,53.28823,2022/09/21 23:00:00+00,Thu 22 Sep 2022,61,34,0,3859576,3813951,241127,4100703,4055078,85.4576797549411,84.50686555581,423
-7.6926,53.28823,2022/09/22 23:00:00+00,Fri 23 Sep 2022,38,39,0,3859614,3813990,241127,4100741,4055117,85.4584716659453,84.5076783065775,424
-7.6926,53.28823,2022/09/23 23:00:00+00,Sat 24 Sep 2022,56,104,0,3859670,3814094,241127,4100797,4055221,85.4596386926883,84.5098456419575,425
-7.6926,53.28823,2022/09/24 23:00:00+00,Sun 25 Sep 2022,42,74,0,3859712,3814168,241127,4100839,4055295,85.4605139627456,84.5113877844393,426
-7.6926,53.28823,2022/02/26 00:00:00+00,Sat 26 Feb 2022,960,2092,0,3831200,3751131,241089,4072289,3992220,84.8655387214263,83.1969197162708,427
-7.6926,53.28823,2022/02/27 00:00:00+00,Sun 27 Feb 2022,671,1783,0,3831871,3752914,241089,4072960,3994003,84.8795222025796,83.2340770141788,428
-7.6926,53.28823,2022/02/28 00:00:00+00,Mon 28 Feb 2022,81,435,0,3831952,3753349,241089,4073041,3994438,84.8812102234044,83.2431423112006,429
-7.6926,53.28823,2022/03/01 00:00:00+00,Tue 01 Mar 2022,132,937,0,3832084,3754286,241089,4073173,3995375,84.8839610721558,83.2626691693833,430
-7.6926,53.28823,2022/03/02 00:00:00+00,Wed 02 Mar 2022,207,997,2,3832291,3755283,241091,4073382,3996374,84.888316582679,83.2834880928887,431
-7.6926,53.28823,2022/03/03 00:00:00+00,Thu 03 Mar 2022,279,1277,0,3832570,3756560,241091,4073661,3997651,84.8941308766309,83.3101004705827,432
-7.6926,53.28823,2022/03/04 00:00:00+00,Fri 04 Mar 2022,735,1508,1,3833305,3758068,241092,4074397,3999160,84.9094689423966,83.3415476733551,433
-7.6926,53.28823,2022/03/05 00:00:00+00,Sat 05 Mar 2022,963,3341,0,3834268,3761409,241092,4075360,4002501,84.9295376344243,83.4111733224355,434
-7.6926,53.28823,2022/03/06 00:00:00+00,Sun 06 Mar 2022,455,1916,0,3834723,3763325,241092,4075815,4004417,84.9390197267115,83.4511023088582,435
-7.6926,53.28823,2022/03/07 00:00:00+00,Mon 07 Mar 2022,116,125,1,3834839,3763450,241093,4075932,4004543,84.9414579790139,83.4537281190301,436
-7.6926,53.28823,2022/03/08 00:00:00+00,Tue 08 Mar 2022,120,493,0,3834959,3763943,241093,4076052,4005036,84.9439587506062,83.4640021223215,437
-7.6926,53.28823,2022/03/09 00:00:00+00,Wed 09 Mar 2022,130,344,1,3835089,3764287,241094,4076183,4005381,84.9466887595944,83.4711918406492,438
-7.6926,53.28823,2022/03/10 00:00:00+00,Thu 10 Mar 2022,259,508,0,3835348,3764795,241094,4076442,4005889,84.9520862582809,83.4817784403896,439
-7.6926,53.28823,2022/03/11 00:00:00+00,Fri 11 Mar 2022,493,2183,0,3835841,3766978,241094,4076935,4008072,84.9623602615724,83.527271643605,440
-7.6926,53.28823,2022/03/12 00:00:00+00,Sat 12 Mar 2022,473,2393,2,3836314,3769371,241096,4077410,4010467,84.972259149125,83.5771828766334,441
-7.6926,53.28823,2022/03/13 00:00:00+00,Sun 13 Mar 2022,358,1082,0,3836672,3770453,241096,4077768,4011549,84.9797197843751,83.5997315004901,442
-7.6926,53.28823,2022/03/14 00:00:00+00,Mon 14 Mar 2022,109,122,0,3836781,3770575,241096,4077877,4011671,84.9819913185714,83.6022739516088,443
-7.6926,53.28823,2022/03/15 00:00:00+00,Tue 15 Mar 2022,222,755,1,3837003,3771330,241097,4078100,4012427,84.9866385857803,83.6180288126399,444
-7.6926,53.28823,2022/03/16 00:00:00+00,Wed 16 Mar 2022,195,798,0,3837198,3772128,241097,4078295,4013225,84.9907023396177,83.6346589437283,445
-7.6926,53.28823,2022/03/18 00:00:00+00,Fri 18 Mar 2022,4,6,0,3837202,3772134,241097,4078299,4013231,84.9907856986708,83.6347839823079,446
-7.6926,53.28823,2022/03/19 00:00:00+00,Sat 19 Mar 2022,743,2779,0,3837945,3774913,241097,4079042,4016010,85.0062696427794,83.6926976844314,447
-7.6926,53.28823,2022/03/20 00:00:00+00,Sun 20 Mar 2022,395,1402,0,3838340,3776315,241097,4079437,4017412,85.0145013492705,83.721915032534,448
-7.6926,53.28823,2022/03/21 00:00:00+00,Mon 21 Mar 2022,56,112,0,3838396,3776427,241097,4079493,4017524,85.0156683760135,83.7242490860201,449
-7.6926,53.28823,2022/03/22 00:00:00+00,Tue 22 Mar 2022,141,575,0,3838537,3777002,241097,4079634,4018099,85.0186067826344,83.7362319498995,450
-7.6926,53.28823,2022/03/23 00:00:00+00,Wed 23 Mar 2022,101,221,0,3838638,3777223,241097,4079735,4018320,85.0207115987245,83.7408375375819,451
-7.6926,53.28823,2022/03/24 00:00:00+00,Thu 24 Mar 2022,147,245,0,3838785,3777468,241097,4079882,4018565,85.023775043925,83.7459432795827,452
-7.6926,53.28823,2022/03/25 00:00:00+00,Fri 25 Mar 2022,434,1625,0,3839219,3779093,241097,4080316,4020190,85.0328195011836,83.7798078948942,453
-7.6926,53.28823,2022/03/26 00:00:00+00,Sat 26 Mar 2022,874,1848,1,3840093,3780941,241098,4081191,4022039,85.0510542940436,83.8183406171779,454
-7.6926,53.28823,2022/03/27 00:00:00+00,Sun 27 Mar 2022,380,803,0,3840473,3781744,241098,4081571,4022842,85.0589734040857,83.8350749470826,455
-7.6926,53.28823,2022/03/27 23:00:00+00,Mon 28 Mar 2022,44,53,1,3840517,3781797,241099,4081616,4022896,85.0599111934328,83.8362002942991,456
-7.6926,53.28823,2022/03/28 23:00:00+00,Tue 29 Mar 2022,137,193,3,3840654,3781990,241102,4081756,4023092,85.0628287602904,83.8402848878998,457
-7.6926,53.28823,2022/03/29 23:00:00+00,Wed 30 Mar 2022,109,136,0,3840763,3782126,241102,4081865,4023228,85.0651002944867,83.8431190957043,458
-7.6926,53.28823,2022/03/30 23:00:00+00,Thu 31 Mar 2022,227,360,0,3840990,3782486,241102,4082092,4023588,85.0698309207487,83.850621410481,459
-7.6926,53.28823,2022/03/31 23:00:00+00,Fri 01 Apr 2022,307,905,0,3841297,3783391,241102,4082399,4024493,85.0762287280722,83.8694813962391,460
-7.6926,53.28823,2022/04/01 23:00:00+00,Sat 02 Apr 2022,729,1538,1,3842026,3784929,241103,4083129,4026032,85.0914417552582,83.9015537919095,461
-7.6926,53.28823,2022/04/02 23:00:00+00,Sun 03 Apr 2022,538,817,0,3842564,3785746,241103,4083667,4026849,85.1026535478968,83.9185798785,462
-7.6926,53.28823,2022/04/03 23:00:00+00,Mon 04 Apr 2022,50,52,0,3842614,3785798,241103,4083717,4026901,85.1036955360602,83.91966354619,463
-7.6926,53.28823,2022/04/04 23:00:00+00,Tue 05 Apr 2022,131,170,0,3842745,3785968,241103,4083848,4027071,85.1064255450484,83.9232063059457,464
-7.6926,53.28823,2022/04/05 23:00:00+00,Wed 06 Apr 2022,158,210,0,3842903,3786178,241103,4084006,4027281,85.1097182276448,83.9275826562321,465
-7.6926,53.28823,2022/04/06 23:00:00+00,Thu 07 Apr 2022,117,179,0,3843020,3786357,241103,4084123,4027460,85.1121564799473,83.9313129738571,466
-7.6926,53.28823,2022/04/07 23:00:00+00,Fri 08 Apr 2022,256,422,2,3843276,3786779,241105,4084381,4027884,85.1175331388706,83.940149033483,467
-7.6926,53.28823,2022/04/08 23:00:00+00,Sat 09 Apr 2022,558,1018,0,3843834,3787797,241105,4084939,4028902,85.1291617267745,83.9613639124905,468
-7.6926,53.28823,2022/04/09 23:00:00+00,Sun 10 Apr 2022,413,719,0,3844247,3788516,241105,4085352,4029621,85.1377685490044,83.9763477022806,469
-7.6926,53.28823,2022/04/10 23:00:00+00,Mon 11 Apr 2022,70,93,1,3844317,3788609,241106,4085423,4029715,85.1392481721965,83.9783066400279,470
-7.6926,53.28823,2022/04/11 23:00:00+00,Tue 12 Apr 2022,197,178,0,3844514,3788787,241106,4085620,4029893,85.1433536055604,83.9820161178897,471
-7.6926,53.28823,2022/04/12 23:00:00+00,Wed 13 Apr 2022,141,235,0,3844655,3789022,241106,4085761,4030128,85.1462920121813,83.9869134622578,472
-7.6926,53.28823,2022/04/13 23:00:00+00,Thu 14 Apr 2022,359,431,0,3845014,3789453,241106,4086120,4030559,85.1537734871947,83.9958954002266,473
-7.6926,53.28823,2022/04/14 23:00:00+00,Fri 15 Apr 2022,446,990,0,3845460,3790443,241106,4086566,4031549,85.1630680216125,84.0165267658626,474
-7.6926,53.28823,2022/04/15 23:00:00+00,Sat 16 Apr 2022,43,88,0,3845503,3790531,241106,4086609,4031637,85.1639641314331,84.0183606650302,475
-7.6926,53.28823,2022/04/16 23:00:00+00,Sun 17 Apr 2022,1,1,0,3845504,3790532,241106,4086610,4031638,85.1639849711963,84.0183815047935,476
-7.6926,53.28823,2022/04/17 23:00:00+00,Mon 18 Apr 2022,36,62,1,3845540,3790594,241107,4086647,4031701,85.1647560424373,84.0196944098794,477
-7.6926,53.28823,2022/04/18 23:00:00+00,Tue 19 Apr 2022,218,270,1,3845758,3790864,241108,4086866,4031972,85.1693199505931,84.0253419857252,478
-7.6926,53.28823,2022/04/19 23:00:00+00,Wed 20 Apr 2022,250,607,0,3846008,3791471,241108,4087116,4032579,85.1745298914102,84.0379917220292,479
-7.6926,53.28823,2022/04/20 23:00:00+00,Thu 21 Apr 2022,170,236,0,3846178,3791707,241108,4087286,4032815,85.1780726511659,84.0429099061606,480
-7.6926,53.28823,2022/04/21 23:00:00+00,Fri 22 Apr 2022,195,254,0,3846373,3791961,241108,4087481,4033069,85.1821364050033,84.0482032060309,481
-7.6926,53.28823,2022/04/22 23:00:00+00,Sat 23 Apr 2022,325,1010,0,3846698,3792971,241108,4087806,4034079,85.1889093280656,84.0692513669322,482
-7.6926,53.28823,2022/04/23 23:00:00+00,Sun 24 Apr 2022,181,252,0,3846879,3793223,241108,4087987,4034331,85.1926813252172,84.0745029872759,483
-7.6926,53.28823,2022/04/24 23:00:00+00,Mon 25 Apr 2022,41,59,1,3846920,3793282,241109,4088029,4034391,85.1935565952745,84.075753373072,484
-7.6926,53.28823,2022/04/25 23:00:00+00,Tue 26 Apr 2022,144,238,0,3847064,3793520,241109,4088173,4034629,85.1965575211852,84.0807132367299,485
-7.6926,53.28823,2022/04/26 23:00:00+00,Wed 27 Apr 2022,122,208,0,3847186,3793728,241109,4088295,4034837,85.199099972304,84.0850479074898,486
-7.6926,53.28823,2022/04/27 23:00:00+00,Thu 28 Apr 2022,100,130,0,3847286,3793858,241109,4088395,4034967,85.2011839486308,84.0877570767147,487
-7.6926,53.28823,2022/04/28 23:00:00+00,Fri 29 Apr 2022,169,222,0,3847455,3794080,241109,4088564,4035189,85.2047058686232,84.0923835041604,488
-7.6926,53.28823,2022/04/29 23:00:00+00,Sat 30 Apr 2022,281,724,0,3847736,3794804,241109,4088845,4035913,85.2105618421017,84.1074714927668,489
-7.6926,53.28823,2022/04/30 23:00:00+00,Sun 01 May 2022,187,747,0,3847923,3795551,241109,4089032,4036660,85.2144588778329,84.1230387959285,490
-7.6926,53.28823,2022/05/01 23:00:00+00,Mon 02 May 2022,12,26,0,3847935,3795577,241109,4089044,4036686,85.2147089549922,84.1235806297735,491
-7.6926,53.28823,2022/05/02 23:00:00+00,Tue 03 May 2022,96,118,0,3848031,3795695,241109,4089140,4036804,85.2167095722659,84.1260397218392,492
-7.6926,53.28823,2022/05/03 23:00:00+00,Wed 04 May 2022,113,128,0,3848144,3795823,241109,4089253,4036932,85.2190644655153,84.1287072115376,493
-7.6926,53.28823,2022/05/04 23:00:00+00,Thu 05 May 2022,112,165,0,3848256,3795988,241109,4089365,4037097,85.2213985190014,84.1321457724769,494
-7.6926,53.28823,2022/05/05 23:00:00+00,Fri 06 May 2022,138,257,0,3848394,3796245,241109,4089503,4037354,85.2242744063325,84.1375015916369,495
-7.6926,53.28823,2022/05/06 23:00:00+00,Sat 07 May 2022,441,1088,0,3848835,3797333,241109,4089944,4038442,85.2334647419339,84.1601752540732,496
-7.6926,53.28823,2022/05/07 23:00:00+00,Sun 08 May 2022,274,437,0,3849109,3797770,241109,4090218,4038879,85.2391748370695,84.1692822306216,497
-7.6926,53.28823,2022/05/08 23:00:00+00,Mon 09 May 2022,24,32,0,3849133,3797802,241109,4090242,4038911,85.239674991388,84.1699491030462,498
-7.6926,53.28823,2022/05/09 23:00:00+00,Tue 10 May 2022,80,98,1,3849213,3797900,241110,4090323,4039010,85.2413630122127,84.1720122396098,499
-7.6926,53.28823,2022/05/10 23:00:00+00,Wed 11 May 2022,112,132,0,3849325,3798032,241110,4090435,4039142,85.2436970656988,84.1747630883612,500
-7.6926,53.28823,2022/05/11 23:00:00+00,Thu 12 May 2022,207,398,0,3849532,3798430,241110,4090642,4039540,85.2480108966954,84.1830573141421,501
-7.6926,53.28823,2022/05/12 23:00:00+00,Fri 13 May 2022,173,326,0,3849705,3798756,241110,4090815,4039866,85.2516161757409,84.1898510769677,502
-7.6926,53.28823,2022/05/13 23:00:00+00,Sat 14 May 2022,333,633,0,3850038,3799389,241110,4091148,4040499,85.2585558169093,84.2030426471167,503
-7.6926,53.28823,2022/05/14 23:00:00+00,Sun 15 May 2022,168,254,0,3850206,3799643,241110,4091316,4040753,85.2620568971385,84.208335946987,504
-7.6926,53.28823,2022/05/15 23:00:00+00,Mon 16 May 2022,31,41,0,3850237,3799684,241110,4091347,4040794,85.2627029297998,84.209190377281,505
-7.6926,53.28823,2022/05/16 23:00:00+00,Tue 17 May 2022,97,101,0,3850334,3799785,241110,4091444,4040895,85.2647243868369,84.2112951933711,506
-7.6926,53.28823,2022/05/17 23:00:00+00,Wed 18 May 2022,99,123,0,3850433,3799908,241110,4091543,4041018,85.2667875234004,84.2138584842532,507
-7.6926,53.28823,2022/05/18 23:00:00+00,Thu 19 May 2022,73,107,0,3850506,3800015,241110,4091616,4041125,85.2683088261191,84.2160883389229,508
-7.6926,53.28823,2022/05/19 23:00:00+00,Fri 20 May 2022,126,209,0,3850632,3800224,241110,4091742,4041334,85.2709346362909,84.220443849446,509
-7.6926,53.28823,2022/05/20 23:00:00+00,Sat 21 May 2022,392,762,0,3851024,3800986,241110,4092134,4042096,85.2791038234922,84.2363237490567,510
-7.6926,53.28823,2022/05/21 23:00:00+00,Sun 22 May 2022,234,409,0,3851258,3801395,241110,4092368,4042505,85.2839803280971,84.2448472122336,511
-7.6926,53.28823,2022/05/22 23:00:00+00,Mon 23 May 2022,26,35,0,3851284,3801430,241110,4092394,4042540,85.284522161942,84.245576603948,512
-7.6926,53.28823,2022/05/23 23:00:00+00,Tue 24 May 2022,64,83,0,3851348,3801513,241110,4092458,4042623,85.2858559067912,84.2473063042993,513
-7.6926,53.28823,2022/05/24 23:00:00+00,Wed 25 May 2022,87,134,1,3851435,3801647,241111,4092546,4042758,85.2876898059589,84.2501196723406,514
-7.6926,53.28823,2022/05/25 23:00:00+00,Thu 26 May 2022,97,155,0,3851532,3801802,241111,4092643,4042913,85.2897112629959,84.2533498356472,515
-7.6926,53.28823,2022/05/26 23:00:00+00,Fri 27 May 2022,95,152,1,3851627,3801954,241112,4092739,4043066,85.2917118802697,84.2565383194273,516
-7.6926,53.28823,2022/05/27 23:00:00+00,Sat 28 May 2022,335,580,0,3851962,3802534,241112,4093074,4043646,85.2986932009647,84.2686253821231,517
-7.6926,53.28823,2022/05/28 23:00:00+00,Sun 29 May 2022,182,349,0,3852144,3802883,241112,4093256,4043995,85.3024860378796,84.2758984595039,518
-7.6926,53.28823,2022/05/29 23:00:00+00,Mon 30 May 2022,9,24,0,3852153,3802907,241112,4093265,4044019,85.302673595749,84.2763986138223,519
-7.6926,53.28823,2022/05/30 23:00:00+00,Tue 31 May 2022,65,80,2,3852218,3802987,241114,4093332,4044101,85.304069859888,84.2781074744103,520
-7.6926,53.28823,2022/05/31 23:00:00+00,Wed 01 Jun 2022,69,102,0,3852287,3803089,241114,4093401,4044203,85.3055078035536,84.2802331302637,521
-7.6926,53.28823,2022/06/01 23:00:00+00,Thu 02 Jun 2022,91,142,0,3852378,3803231,241114,4093492,4044345,85.307404222011,84.2831923766479,522
-7.6926,53.28823,2022/06/02 23:00:00+00,Fri 03 Jun 2022,60,143,0,3852438,3803374,241114,4093552,4044488,85.3086546078071,84.2861724627953,523
-7.6926,53.28823,2022/06/03 23:00:00+00,Sat 04 Jun 2022,305,607,0,3852743,3803981,241114,4093857,4045095,85.315010735604,84.2988221990993,524
-7.6926,53.28823,2022/06/04 23:00:00+00,Sun 05 Jun 2022,143,273,0,3852886,3804254,241114,4094000,4045368,85.3179908217515,84.3045114544717,525
-7.6926,53.28823,2022/06/05 23:00:00+00,Mon 06 Jun 2022,5,7,1,3852891,3804261,241115,4094006,4045376,85.3181158603311,84.3046781725778,526
-7.6926,53.28823,2022/06/06 23:00:00+00,Tue 07 Jun 2022,29,54,0,3852920,3804315,241115,4094035,4045430,85.3187202134659,84.3058035197943,527
-7.6926,53.28823,2022/06/07 23:00:00+00,Wed 08 Jun 2022,36,76,0,3852956,3804391,241115,4094071,4045506,85.3194704449435,84.3073873418028,528
-7.6926,53.28823,2022/06/08 23:00:00+00,Thu 09 Jun 2022,73,122,0,3853029,3804513,241115,4094144,4045628,85.3209917476621,84.3099297929215,529
-7.6926,53.28823,2022/06/09 23:00:00+00,Fri 10 Jun 2022,56,108,0,3853085,3804621,241115,4094200,4045736,85.3221587744052,84.3121804873545,530
-7.6926,53.28823,2022/06/10 23:00:00+00,Sat 11 Jun 2022,190,562,0,3853275,3805183,241115,4094390,4046298,85.3261183294262,84.3238924343115,531
-7.6926,53.28823,2022/09/26 23:00:00+00,Tue 27 Sep 2022,30,33,2,3859766,3814211,241129,4100895,4055340,85.4616809894886,84.5123255737864,532
-7.6926,53.28823,2022/09/27 23:00:00+00,Wed 28 Sep 2022,43,27,0,3859809,3814238,241129,4100938,4055367,85.4625770993092,84.5128882473947,533
-7.6926,53.28823,2022/09/28 23:00:00+00,Thu 29 Sep 2022,31,23,0,3859840,3814261,241129,4100969,4055390,85.4632231319705,84.5133675619498,534
-7.6926,53.28823,2022/09/29 23:00:00+00,Fri 30 Sep 2022,39,58,0,3859879,3814319,241129,4101008,4055448,85.464035882738,84.5145762682194,535
-7.6926,53.28823,2022/09/30 23:00:00+00,Sat 01 Oct 2022,52,105,0,3859931,3814424,241129,4101060,4055553,85.465119550428,84.5167644433626,536
-7.6926,53.28823,2022/10/01 23:00:00+00,Sun 02 Oct 2022,26,47,0,3859957,3814471,241129,4101086,4055600,85.4656613842729,84.5177439122363,537
-7.6926,53.28823,2022/10/02 23:00:00+00,Mon 03 Oct 2022,22,1,0,3859979,3814472,241129,4101108,4055601,85.4661198590648,84.5177647519995,538
-7.6926,53.28823,2022/10/03 23:00:00+00,Tue 04 Oct 2022,30,17,0,3860009,3814489,241129,4101138,4055618,85.4667450519629,84.5181190279751,539
-7.6926,53.28823,2022/10/04 23:00:00+00,Wed 05 Oct 2022,49,37,0,3860058,3814526,241129,4101187,4055655,85.4677662003631,84.518890099216,540
-7.6926,53.28823,2022/10/05 23:00:00+00,Thu 06 Oct 2022,55,26,0,3860113,3814552,241129,4101242,4055681,85.4689123873428,84.519431933061,541
-7.6926,53.28823,2022/10/06 23:00:00+00,Fri 07 Oct 2022,80,40,0,3860193,3814592,241129,4101322,4055721,85.4705795684043,84.5202655235917,542
-7.6926,53.28823,2022/10/07 23:00:00+00,Sat 08 Oct 2022,100,102,0,3860293,3814694,241129,4101422,4055823,85.4726635447312,84.5223911794452,543
-7.6926,53.28823,2022/10/08 23:00:00+00,Sun 09 Oct 2022,37,29,0,3860330,3814723,241129,4101459,4055852,85.4734346159721,84.5229955325799,544
-7.6926,53.28823,2022/10/09 23:00:00+00,Mon 10 Oct 2022,19,3,0,3860349,3814726,241129,4101478,4055855,85.4738305714742,84.5230580518698,545
-7.6926,53.28823,2022/10/10 23:00:00+00,Tue 11 Oct 2022,76,15,0,3860425,3814741,241129,4101554,4055870,85.4754143934827,84.5233706483188,546
-7.6926,53.28823,2022/10/11 23:00:00+00,Wed 12 Oct 2022,55,36,0,3860480,3814777,241129,4101609,4055906,85.4765605804624,84.5241208797965,547
-7.6926,53.28823,2022/10/12 23:00:00+00,Thu 13 Oct 2022,80,29,0,3860560,3814806,241129,4101689,4055935,85.4782277615239,84.5247252329312,548
-7.6926,53.28823,2022/10/13 23:00:00+00,Fri 14 Oct 2022,120,21,0,3860680,3814827,241129,4101809,4055956,85.4807285331162,84.5251628679599,549
-7.6926,53.28823,2022/10/14 23:00:00+00,Sat 15 Oct 2022,98,120,0,3860778,3814947,241129,4101907,4056076,85.4827708299165,84.5276636395521,550
-7.6926,53.28823,2022/10/15 23:00:00+00,Sun 16 Oct 2022,26,37,1,3860804,3814984,241130,4101934,4056114,85.4833335035247,84.5284555505563,551
-7.6926,53.28823,2022/10/16 23:00:00+00,Mon 17 Oct 2022,52,3,0,3860856,3814987,241130,4101986,4056117,85.4844171712147,84.5285180698461,552
-7.6926,53.28823,2022/10/17 23:00:00+00,Tue 18 Oct 2022,116,17,0,3860972,3815004,241130,4102102,4056134,85.4868345837539,84.5288723458217,553
-7.6926,53.28823,2022/10/18 23:00:00+00,Wed 19 Oct 2022,87,40,0,3861059,3815044,241130,4102189,4056174,85.4886476431582,84.5297059363525,554
-7.6926,53.28823,2022/10/19 23:00:00+00,Thu 20 Oct 2022,97,10,0,3861156,3815054,241130,4102286,4056184,85.4906691001953,84.5299143339851,555
-7.6926,53.28823,2022/10/20 23:00:00+00,Fri 21 Oct 2022,124,21,0,3861280,3815075,241130,4102410,4056205,85.4932532308406,84.5303519690138,556
-7.6926,53.28823,2022/10/21 23:00:00+00,Sat 22 Oct 2022,94,58,0,3861374,3815133,241130,4102504,4056263,85.4952121685879,84.5315606752834,557
-7.6926,53.28823,2022/10/22 23:00:00+00,Sun 23 Oct 2022,80,48,0,3861454,3815181,241130,4102584,4056311,85.4968793496493,84.5325609839202,558
-7.6926,53.28823,2022/10/23 23:00:00+00,Mon 24 Oct 2022,65,4,0,3861519,3815185,241130,4102649,4056315,85.4982339342618,84.5326443429733,559
-7.6926,53.28823,2022/10/24 23:00:00+00,Tue 25 Oct 2022,75,28,0,3861594,3815213,241130,4102724,4056343,85.4997969165069,84.5332278563448,560
-7.6926,53.28823,2022/10/25 23:00:00+00,Wed 26 Oct 2022,45,25,0,3861639,3815238,241130,4102769,4056368,85.500734705854,84.5337488504266,561
-7.6926,53.28823,2022/10/26 23:00:00+00,Thu 27 Oct 2022,64,34,0,3861703,3815272,241130,4102833,4056402,85.5020684507032,84.5344574023777,562
-7.6926,53.28823,2022/10/27 23:00:00+00,Fri 28 Oct 2022,50,19,0,3861753,3815291,241130,4102883,4056421,85.5031104388667,84.5348533578798,563
-7.6926,53.28823,2022/10/28 23:00:00+00,Sat 29 Oct 2022,88,64,0,3861841,3815355,241130,4102971,4056485,85.5049443380343,84.536187102729,564
-7.6926,53.28823,2022/10/29 23:00:00+00,Sun 30 Oct 2022,11,6,0,3861852,3815361,241130,4102982,4056491,85.5051735754302,84.5363121413086,565
-7.6926,53.28823,2022/11/01 00:00:00+00,Tue 01 Nov 2022,96,25,0,3861948,3815386,241130,4103078,4056516,85.507174192704,84.5368331353903,566
-7.6926,53.28823,2022/11/02 00:00:00+00,Wed 02 Nov 2022,109,12,0,3862057,3815398,241130,4103187,4056528,85.5094457269003,84.5370832125495,567
-7.6926,53.28823,2022/11/03 00:00:00+00,Thu 03 Nov 2022,91,28,0,3862148,3815426,241130,4103278,4056556,85.5113421453578,84.5376667259211,568
-7.6926,53.28823,2022/11/04 00:00:00+00,Fri 04 Nov 2022,61,22,0,3862209,3815448,241130,4103339,4056578,85.5126133709172,84.538125200713,569
-7.6926,53.28823,2022/11/05 00:00:00+00,Sat 05 Nov 2022,46,54,0,3862255,3815502,241130,4103385,4056632,85.5135720000275,84.5392505479295,570
-7.6926,53.28823,2022/11/06 00:00:00+00,Sun 06 Nov 2022,56,78,0,3862311,3815580,241130,4103441,4056710,85.5147390267705,84.5408760494644,571
-7.6926,53.28823,2022/11/07 00:00:00+00,Mon 07 Nov 2022,43,3,0,3862354,3815583,241130,4103484,4056713,85.5156351365911,84.5409385687542,572
-7.6926,53.28823,2022/11/08 00:00:00+00,Tue 08 Nov 2022,66,32,0,3862420,3815615,241130,4103550,4056745,85.5170105609668,84.5416054411788,573
-7.6926,53.28823,2022/11/09 00:00:00+00,Wed 09 Nov 2022,93,32,0,3862513,3815647,241130,4103643,4056777,85.5189486589508,84.5422723136034,574
-7.6926,53.28823,2022/11/10 00:00:00+00,Thu 10 Nov 2022,48,15,0,3862561,3815662,241130,4103691,4056792,85.5199489675877,84.5425849100525,575
-7.6926,53.28823,2022/11/11 00:00:00+00,Fri 11 Nov 2022,50,17,0,3862611,3815679,241130,4103741,4056809,85.5209909557511,84.542939186028,576
-7.6926,53.28823,2022/11/12 00:00:00+00,Sat 12 Nov 2022,74,87,0,3862685,3815766,241130,4103815,4056896,85.522533098233,84.5447522454324,577
-7.6926,53.28823,2022/11/13 00:00:00+00,Sun 13 Nov 2022,41,62,1,3862726,3815828,241131,4103857,4056959,85.5234083682903,84.5460651505183,578
-7.6926,53.28823,2022/11/14 00:00:00+00,Mon 14 Nov 2022,15,2,0,3862741,3815830,241131,4103872,4056961,85.5237209647393,84.5461068300448,579
-7.6926,53.28823,2022/11/15 00:00:00+00,Tue 15 Nov 2022,57,6,0,3862798,3815836,241131,4103929,4056967,85.5249088312456,84.5462318686245,580
-7.6926,53.28823,2022/11/16 00:00:00+00,Wed 16 Nov 2022,46,20,0,3862844,3815856,241131,4103975,4056987,85.525867460356,84.5466486638898,581
-7.6926,53.28823,2022/11/17 00:00:00+00,Thu 17 Nov 2022,64,9,1,3862908,3815865,241132,4104040,4056997,85.5272220449685,84.5468570615225,582
-7.6926,53.28823,2022/11/18 00:00:00+00,Fri 18 Nov 2022,28,22,0,3862936,3815887,241132,4104068,4057019,85.52780555834,84.5473155363144,583
-7.6926,53.28823,2022/11/19 00:00:00+00,Sat 19 Nov 2022,55,57,0,3862991,3815944,241132,4104123,4057076,85.5289517453198,84.5485034028207,584
-7.6926,53.28823,2022/11/20 00:00:00+00,Sun 20 Nov 2022,40,56,0,3863031,3816000,241132,4104163,4057132,85.5297853358505,84.5496704295638,585
-7.6926,53.28823,2022/11/21 00:00:00+00,Mon 21 Nov 2022,18,3,0,3863049,3816003,241132,4104181,4057135,85.5301604515893,84.5497329488536,586
-7.6926,53.28823,2022/11/22 00:00:00+00,Tue 22 Nov 2022,48,22,0,3863097,3816025,241132,4104229,4057157,85.5311607602262,84.5501914236455,587
-7.6926,53.28823,2022/11/23 00:00:00+00,Wed 23 Nov 2022,23,16,0,3863120,3816041,241132,4104252,4057173,85.5316400747814,84.5505248598578,588
-7.6926,53.28823,2022/11/24 00:00:00+00,Thu 24 Nov 2022,25,18,0,3863145,3816059,241132,4104277,4057191,85.5321610688631,84.5508999755966,589
-7.6926,53.28823,2022/11/25 00:00:00+00,Fri 25 Nov 2022,18,11,0,3863163,3816070,241132,4104295,4057202,85.532536184602,84.5511292129926,590
-7.6926,53.28823,2022/11/26 00:00:00+00,Sat 26 Nov 2022,66,62,0,3863229,3816132,241132,4104361,4057264,85.5339116089777,84.5524212783153,591
-7.6926,53.28823,2022/11/27 00:00:00+00,Sun 27 Nov 2022,35,42,0,3863264,3816174,241132,4104396,4057306,85.5346410006921,84.5532965483725,592
-7.6926,53.28823,2022/11/28 00:00:00+00,Mon 28 Nov 2022,17,1,0,3863281,3816175,241132,4104413,4057307,85.5349952766677,84.5533173881358,593
-7.6926,53.28823,2022/11/29 00:00:00+00,Tue 29 Nov 2022,32,18,0,3863313,3816193,241132,4104445,4057325,85.5356621490922,84.5536925038746,594
-7.6926,53.28823,2022/11/30 00:00:00+00,Wed 30 Nov 2022,45,12,0,3863358,3816205,241132,4104490,4057337,85.5365999384393,84.5539425810339,595
-7.6926,53.28823,2022/12/01 00:00:00+00,Thu 01 Dec 2022,20,11,0,3863378,3816216,241132,4104510,4057348,85.5370167337047,84.5541718184298,596
-7.6926,53.28823,2022/12/02 00:00:00+00,Fri 02 Dec 2022,17,18,0,3863395,3816234,241132,4104527,4057366,85.5373710096803,84.5545469341687,597
-7.6926,53.28823,2022/12/03 00:00:00+00,Sat 03 Dec 2022,41,71,0,3863436,3816305,241132,4104568,4057437,85.5382254399743,84.5560265573607,598
-7.6926,53.28823,2022/12/04 00:00:00+00,Sun 04 Dec 2022,44,47,0,3863480,3816352,241132,4104612,4057484,85.5391423895581,84.5570060262343,599
-7.6926,53.28823,2022/12/05 00:00:00+00,Mon 05 Dec 2022,19,5,0,3863499,3816357,241132,4104631,4057489,85.5395383450602,84.5571102250507,600
-7.6926,53.28823,2022/12/06 00:00:00+00,Tue 06 Dec 2022,35,29,0,3863534,3816386,241132,4104666,4057518,85.5402677367746,84.5577145781855,601
-7.6926,53.28823,2020/12/28 00:00:00+00,Mon 28 Dec 2020,286,23,2,286,23,2,288,25,0.00600185182136405,0.000520994081715629,602
-7.6926,53.28823,2022/12/07 00:00:00+00,Wed 07 Dec 2022,22,23,0,3863556,3816409,241132,4104688,4057541,85.5407262115665,84.5581938927406,603
-7.6926,53.28823,2022/12/08 00:00:00+00,Thu 08 Dec 2022,16,13,1,3863572,3816422,241133,4104705,4057555,85.5410804875421,84.5584856494264,604
-7.6926,53.28823,2022/12/09 00:00:00+00,Fri 09 Dec 2022,27,17,0,3863599,3816439,241133,4104732,4057572,85.5416431611503,84.558839925402,605
-7.6926,53.28823,2022/12/10 00:00:00+00,Sat 10 Dec 2022,49,43,0,3863648,3816482,241133,4104781,4057615,85.5426643095505,84.5597360352225,606
-7.6926,53.28823,2022/12/11 00:00:00+00,Sun 11 Dec 2022,28,40,0,3863676,3816522,241133,4104809,4057655,85.543247822922,84.5605696257533,607
-7.6926,53.28823,2022/12/12 00:00:00+00,Mon 12 Dec 2022,15,2,0,3863691,3816524,241133,4104824,4057657,85.5435604193711,84.5606113052798,608
-7.6926,53.28823,2022/12/13 00:00:00+00,Tue 13 Dec 2022,29,15,0,3863720,3816539,241133,4104853,4057672,85.5441647725059,84.5609239017288,609
-7.6926,53.28823,2022/12/14 00:00:00+00,Wed 14 Dec 2022,20,19,0,3863740,3816558,241133,4104873,4057691,85.5445815677712,84.561319857231,610
-7.6926,53.28823,2022/12/15 00:00:00+00,Thu 15 Dec 2022,12,9,0,3863752,3816567,241133,4104885,4057700,85.5448316449304,84.5615074151004,611
-7.6926,53.28823,2022/12/16 00:00:00+00,Fri 16 Dec 2022,13,4,0,3863765,3816571,241133,4104898,4057704,85.5451025618529,84.5615907741534,612
-7.6926,53.28823,2022/12/17 00:00:00+00,Sat 17 Dec 2022,21,42,0,3863786,3816613,241133,4104919,4057746,85.5455401968816,84.5624660442107,613
-7.6926,53.28823,2022/12/18 00:00:00+00,Sun 18 Dec 2022,29,35,0,3863815,3816648,241133,4104948,4057781,85.5461445500164,84.5631954359251,614
-7.6926,53.28823,2022/12/19 00:00:00+00,Mon 19 Dec 2022,9,1,0,3863824,3816649,241133,4104957,4057782,85.5463321078858,84.5632162756884,615
-7.6926,53.28823,2022/12/20 00:00:00+00,Tue 20 Dec 2022,21,17,0,3863845,3816666,241133,4104978,4057799,85.5467697429144,84.563570551664,616
-7.6926,53.28823,2022/12/21 00:00:00+00,Wed 21 Dec 2022,18,24,0,3863863,3816690,241133,4104996,4057823,85.5471448586533,84.5640707059824,617
-7.6926,53.28823,2022/12/22 00:00:00+00,Thu 22 Dec 2022,7,15,0,3863870,3816705,241133,4105003,4057838,85.5472907369961,84.5643833024314,618
-7.6926,53.28823,2022/12/23 00:00:00+00,Fri 23 Dec 2022,20,6,0,3863890,3816711,241133,4105023,4057844,85.5477075322615,84.564508341011,619
-7.6926,53.28823,2022/12/28 00:00:00+00,Wed 28 Dec 2022,20,23,0,3863910,3816734,241133,4105043,4057867,85.5481243275269,84.5649876555662,620
-7.6926,53.28823,2022/12/29 00:00:00+00,Thu 29 Dec 2022,18,12,0,3863928,3816746,241133,4105061,4057879,85.5484994432657,84.5652377327254,621
-7.6926,53.28823,2022/12/30 00:00:00+00,Fri 30 Dec 2022,71,31,0,3863999,3816777,241133,4105132,4057910,85.5499790664578,84.5658837653868,622
-7.6926,53.28823,2022/12/31 00:00:00+00,Sat 31 Dec 2022,36,26,0,3864035,3816803,241133,4105168,4057936,85.5507292979355,84.5664255992318,623
-7.6926,53.28823,2023/01/02 00:00:00+00,Mon 02 Jan 2023,1,1,0,3864036,3816804,241133,4105169,4057937,85.5507501376987,84.566446438995,624
-7.6926,53.28823,2023/01/03 00:00:00+00,Tue 03 Jan 2023,14,14,0,3864050,3816818,241133,4105183,4057951,85.5510418943845,84.5667381956808,625
-7.6926,53.28823,2023/01/04 00:00:00+00,Wed 04 Jan 2023,56,28,0,3864106,3816846,241133,4105239,4057979,85.5522089211275,84.5673217090523,626
-7.6926,53.28823,2023/01/05 00:00:00+00,Thu 05 Jan 2023,26,16,0,3864132,3816862,241133,4105265,4057995,85.5527507549725,84.5676551452646,627
-7.6926,53.28823,2023/01/06 00:00:00+00,Fri 06 Jan 2023,36,22,0,3864168,3816884,241133,4105301,4058017,85.5535009864502,84.5681136200565,628
-7.6926,53.28823,2023/01/07 00:00:00+00,Sat 07 Jan 2023,135,74,0,3864303,3816958,241133,4105436,4058091,85.5563143544915,84.5696557625384,629
-7.6926,53.28823,2023/01/08 00:00:00+00,Sun 08 Jan 2023,52,44,0,3864355,3817002,241133,4105488,4058135,85.5573980221814,84.5705727121222,630
-7.6926,53.28823,2023/01/09 00:00:00+00,Mon 09 Jan 2023,1,1,0,3864356,3817003,241133,4105489,4058136,85.5574188619447,84.5705935518855,631
-7.6926,53.28823,2023/01/10 00:00:00+00,Tue 10 Jan 2023,43,13,0,3864399,3817016,241133,4105532,4058149,85.5583149717652,84.570864468808,632
-7.6926,53.28823,2023/01/11 00:00:00+00,Wed 11 Jan 2023,56,31,0,3864455,3817047,241133,4105588,4058180,85.5594819985083,84.5715105014693,633
-7.6926,53.28823,2023/01/12 00:00:00+00,Thu 12 Jan 2023,14,11,0,3864469,3817058,241133,4105602,4058191,85.559773755194,84.5717397388653,634
-7.6926,53.28823,2020/12/29 00:00:00+00,Tue 29 Dec 2020,80,3,0,366,26,2,368,28,0.00766903288285406,0.000583513371521505,635
-7.6926,53.28823,2020/12/30 00:00:00+00,Wed 30 Dec 2020,1064,2,0,1430,28,2,1432,30,0.0298425410006713,0.000625192898058755,636
-7.6926,53.28823,2020/12/31 00:00:00+00,Thu 31 Dec 2020,1042,1,0,2472,29,2,2474,31,0.0515575743265787,0.00064603266132738,637
-7.6926,53.28823,2021/01/01 00:00:00+00,Fri 01 Jan 2021,822,0,0,3294,29,2,3296,31,0.0686878597333886,0.00064603266132738,638
-7.6926,53.28823,2021/01/02 00:00:00+00,Sat 02 Jan 2021,1021,0,0,4315,29,2,4317,31,0.0899652580306549,0.00064603266132738,639
-7.6926,53.28823,2021/01/03 00:00:00+00,Sun 03 Jan 2021,24,3,1,4339,32,3,4342,35,0.0904862521123705,0.000729391714401881,640
-7.6926,53.28823,2021/01/04 00:00:00+00,Mon 04 Jan 2021,1197,5,0,5536,37,3,5539,40,0.115431448744915,0.000833590530745007,641
-7.6926,53.28823,2021/01/05 00:00:00+00,Tue 05 Jan 2021,3545,14,0,9081,51,3,9084,54,0.189308409532191,0.00112534721650576,642
-7.6926,53.28823,2021/01/06 00:00:00+00,Wed 06 Jan 2021,6795,14,0,15876,65,3,15879,68,0.330914600942499,0.00141710390226651,643
-7.6926,53.28823,2021/01/07 00:00:00+00,Thu 07 Jan 2021,11741,9,0,27617,74,3,27620,77,0.575594261479427,0.00160466177168414,644
-7.6926,53.28823,2021/01/08 00:00:00+00,Fri 08 Jan 2021,12690,7,0,40307,81,3,40310,84,0.840050857358281,0.00175054011456451,645
-7.6926,53.28823,2021/01/09 00:00:00+00,Sat 09 Jan 2021,8081,7,0,48388,88,3,48391,91,1.00845698433204,0.00189641845744489,646
-7.6926,53.28823,2021/01/10 00:00:00+00,Sun 10 Jan 2021,4790,5,1,53178,93,4,53182,97,1.10830029015202,0.00202145703705664,647
-7.6926,53.28823,2021/01/11 00:00:00+00,Mon 11 Jan 2021,8354,8,0,61532,101,4,61536,105,1.28239567249812,0.00218817514320564,648
-7.6926,53.28823,2021/01/12 00:00:00+00,Tue 12 Jan 2021,8900,15,0,70432,116,4,70436,120,1.46786956558888,0.00250077159223502,649
-7.6926,53.28823,2021/01/13 00:00:00+00,Wed 13 Jan 2021,9903,5,0,80335,121,4,80339,125,1.67424574123808,0.00260497040857815,650
-7.6926,53.28823,2021/01/14 00:00:00+00,Thu 14 Jan 2021,8097,6,0,88432,127,4,88436,131,1.84298530442414,0.0027300089881899,651
-7.6926,53.28823,2021/01/15 00:00:00+00,Fri 15 Jan 2021,7706,4,0,96138,131,4,96142,135,2.00357652017216,0.0028133680412644,652
-7.6926,53.28823,2021/01/16 00:00:00+00,Sat 16 Jan 2021,5247,2,0,101385,133,4,101389,137,2.11292275804264,0.00285504756780165,653
-7.6926,53.28823,2021/01/17 00:00:00+00,Sun 17 Jan 2021,1118,5,0,102503,138,4,102507,142,2.13622161337696,0.00295924638414477,654
-7.6926,53.28823,2021/01/18 00:00:00+00,Mon 18 Jan 2021,8731,9,1,111234,147,5,111239,152,2.3181944262386,0.00316764401683103,655
-7.6926,53.28823,2021/01/19 00:00:00+00,Tue 19 Jan 2021,8396,21,0,119630,168,5,119635,173,2.49316507864197,0.00360527904547215,656
-7.6926,53.28823,2021/01/20 00:00:00+00,Wed 20 Jan 2021,8458,965,0,128088,1133,5,128093,1138,2.669427796368,0.0237156505996954,657
-7.6926,53.28823,2021/01/21 00:00:00+00,Thu 21 Jan 2021,9020,966,0,137108,2099,5,137113,2104,2.857402461051,0.0438468619171874,658
-7.6926,53.28823,2021/01/22 00:00:00+00,Fri 22 Jan 2021,6791,970,0,143899,3069,5,143904,3074,2.99892529340824,0.0640614322877538,659
-7.6926,53.28823,2021/01/23 00:00:00+00,Sat 23 Jan 2021,4201,461,0,148100,3530,5,148105,3535,3.08647313889973,0.07366856315459,660
-7.6926,53.28823,2021/01/24 00:00:00+00,Sun 24 Jan 2021,1188,399,0,149288,3929,5,149293,3934,3.11123077766286,0.0819836286987714,661
-7.6926,53.28823,2021/01/25 00:00:00+00,Mon 25 Jan 2021,1374,1294,0,150662,5223,5,150667,5228,3.13986461239395,0.108950282368372,662
-7.6926,53.28823,2021/01/26 00:00:00+00,Tue 26 Jan 2021,1012,3507,0,151674,8730,5,151679,8735,3.1609544528218,0.182035332151441,663
-7.6926,53.28823,2021/01/27 00:00:00+00,Wed 27 Jan 2021,2191,6709,0,153865,15439,5,153870,15444,3.20661437414336,0.321849303920647,664
-7.6926,53.28823,2021/01/28 00:00:00+00,Thu 28 Jan 2021,1026,11544,0,154891,26983,5,154896,26988,3.22799597125696,0.562423531093656,665
-7.6926,53.28823,2021/01/29 00:00:00+00,Fri 29 Jan 2021,1591,11526,0,156482,38509,5,156487,38514,3.26115203461735,0.80262264252783,666
-7.6926,53.28823,2021/01/30 00:00:00+00,Sat 30 Jan 2021,656,7795,0,157138,46304,5,157143,46309,3.27482291932157,0.965068597206763,667
-7.6926,53.28823,2021/01/31 00:00:00+00,Sun 31 Jan 2021,238,4088,0,157376,50392,5,157381,50397,3.2797827829795,1.0502615494489,668
-7.6926,53.28823,2021/02/01 00:00:00+00,Mon 01 Feb 2021,1042,8335,1,158418,58727,6,158424,58733,3.30151865606867,1.22398181605616,669
-7.6926,53.28823,2021/02/02 00:00:00+00,Tue 02 Feb 2021,847,5112,0,159265,63839,6,159271,63845,3.3191699355572,1.33051468588537,670
-7.6926,53.28823,2021/02/03 00:00:00+00,Wed 03 Feb 2021,1413,6872,0,160678,70711,6,160684,70717,3.34861652105577,1.47372553906737,671
-7.6926,53.28823,2021/02/04 00:00:00+00,Thu 04 Feb 2021,1456,10541,1,162134,81252,7,162141,81259,3.37898005613815,1.69341832344521,672
-7.6926,53.28823,2021/02/05 00:00:00+00,Fri 05 Feb 2021,3408,8616,0,165542,89868,7,165549,89875,3.45000196935763,1.87297372376769,673
-7.6926,53.28823,2021/02/06 00:00:00+00,Sat 06 Feb 2021,912,3871,0,166454,93739,7,166461,93746,3.46900783345861,1.95364444738054,674
-7.6926,53.28823,2021/02/07 00:00:00+00,Sun 07 Feb 2021,339,1301,2,166793,95040,9,166802,95049,3.47611419273322,1.98079865891955,675
-7.6926,53.28823,2021/02/08 00:00:00+00,Mon 08 Feb 2021,1196,882,0,167989,95922,9,167998,95931,3.50103854960249,1.99917933012248,676
-7.6926,53.28823,2021/02/09 00:00:00+00,Tue 09 Feb 2021,4275,554,3,172264,96476,12,172276,96488,3.59019105686567,2.01078707826311,677
-7.6926,53.28823,2021/02/10 00:00:00+00,Wed 10 Feb 2021,8834,585,0,181098,97061,12,181110,97073,3.77428952558071,2.02297833977525,678
-7.6926,53.28823,2021/02/11 00:00:00+00,Thu 11 Feb 2021,6206,452,0,187304,97513,12,187316,97525,3.90362109642579,2.03239791277267,679
-7.6926,53.28823,2021/02/12 00:00:00+00,Fri 12 Feb 2021,4406,527,0,191710,98040,12,191722,98052,3.99544109338736,2.04338046801524,680
-7.6926,53.28823,2021/02/13 00:00:00+00,Sat 13 Feb 2021,1224,1918,0,192934,99958,12,192946,99970,4.02094896362815,2.08335113396446,681
-7.6926,53.28823,2021/02/14 00:00:00+00,Sun 14 Feb 2021,2710,27,0,195644,99985,12,195656,99997,4.07742472208613,2.08391380757271,682
-7.6926,53.28823,2021/02/15 00:00:00+00,Mon 15 Feb 2021,1972,7896,0,197616,107881,12,197628,107893,4.11852073525186,2.24846457834178,683
-7.6926,53.28823,2021/02/16 00:00:00+00,Tue 16 Feb 2021,5661,8168,0,203277,116049,12,203289,116061,4.23649463511554,2.41868376471991,684
-7.6926,53.28823,2021/02/17 00:00:00+00,Wed 17 Feb 2021,9760,8467,0,213037,124516,12,213049,124528,4.43989072461733,2.59513404031536,685
-7.6926,53.28823,2021/02/18 00:00:00+00,Thu 18 Feb 2021,8477,8361,1,221514,132877,13,221527,132890,4.61657023760873,2.7693961407676,686
-7.6926,53.28823,2021/02/19 00:00:00+00,Fri 19 Feb 2021,9401,6592,2,230915,139469,15,230930,139484,4.81252653162361,2.90681353976091,687
-7.6926,53.28823,2021/02/20 00:00:00+00,Sat 20 Feb 2021,5900,3581,2,236815,143050,17,236832,143067,4.93552281443504,2.9814824115524,688
-7.6926,53.28823,2021/02/21 00:00:00+00,Sun 21 Feb 2021,1118,1025,6,237933,144075,23,237956,144098,4.95894670834897,3.00296820748235,689
-7.6926,53.28823,2021/02/22 00:00:00+00,Mon 22 Feb 2021,3955,1125,2,241888,145200,25,241913,145225,5.04140965160292,3.02645462068609,690
-7.6926,53.28823,2021/02/23 00:00:00+00,Tue 23 Feb 2021,13376,1074,1,255264,146274,26,255290,146300,5.32018316484732,3.04885736619986,691
-7.6926,53.28823,2021/02/24 00:00:00+00,Wed 24 Feb 2021,16951,2110,6,272215,148384,32,272247,148416,5.6735630305934,3.09295430527627,692
-7.6926,53.28823,2021/02/25 00:00:00+00,Thu 25 Feb 2021,18110,1767,3,290325,150151,35,290360,150186,6.05103366267801,3.12984068626174,693
-7.6926,53.28823,2021/02/26 00:00:00+00,Fri 26 Feb 2021,16096,2778,1,306421,152929,36,306457,152965,6.38649133201307,3.18775438838525,694
-7.6926,53.28823,2021/02/27 00:00:00+00,Sat 27 Feb 2021,9011,706,1,315432,153635,37,315469,153672,6.57429927858992,3.20248810101617,695
-7.6926,53.28823,2021/02/28 00:00:00+00,Sun 28 Feb 2021,2454,61,2,317886,153696,39,317925,153735,6.62548173717766,3.20380100610209,696
-7.6926,53.28823,2021/03/01 00:00:00+00,Mon 01 Mar 2021,5629,809,0,323515,154505,39,323554,154544,6.74278876461675,3.22066037458641,697
-7.6926,53.28823,2021/03/02 00:00:00+00,Tue 02 Mar 2021,12210,1621,0,335725,156126,39,335764,156165,6.99724227412666,3.25444163084485,698
-7.6926,53.28823,2021/03/03 00:00:00+00,Wed 03 Mar 2021,12923,1514,1,348648,157640,40,348688,157680,7.26657537461038,3.28601387219682,699
-7.6926,53.28823,2021/03/04 00:00:00+00,Thu 04 Mar 2021,18741,1697,5,367389,159337,45,367434,159382,7.65723757684402,3.32148314928002,700
-7.6926,53.28823,2021/03/05 00:00:00+00,Fri 05 Mar 2021,18471,2405,6,385860,161742,51,385911,161793,8.04229388275841,3.37172781852067,701
-7.6926,53.28823,2021/03/06 00:00:00+00,Sat 06 Mar 2021,10414,149,5,396274,161891,56,396330,161947,8.25942337625422,3.37493714206404,702
-7.6926,53.28823,2021/03/07 00:00:00+00,Sun 07 Mar 2021,1538,17,4,397812,161908,60,397872,161968,8.29155829121443,3.37537477709268,703
-7.6926,53.28823,2021/03/08 00:00:00+00,Mon 08 Mar 2021,6684,1511,6,404496,163419,66,404562,163485,8.43097630748154,3.40698869797119,704
-7.6926,53.28823,2021/03/09 00:00:00+00,Tue 09 Mar 2021,13859,3115,6,418355,166534,72,418427,166606,8.71991962520103,3.47202959913257,705
-7.6926,53.28823,2021/03/10 00:00:00+00,Wed 10 Mar 2021,13761,4004,3,432116,170538,75,432191,170613,9.00675812683038,3.55553453054995,706
-7.6926,53.28823,2021/03/11 00:00:00+00,Thu 11 Mar 2021,18506,2108,4,450622,172646,79,450701,172725,9.39250214493263,3.59954811057328,707
-7.6926,53.28823,2021/03/12 00:00:00+00,Fri 12 Mar 2021,17359,1350,4,467981,173996,83,468064,174079,9.75434295456577,3.627765150039,708
-7.6926,53.28823,2021/03/13 00:00:00+00,Sat 13 Mar 2021,8336,182,0,476317,174178,83,476400,174261,9.92806322117303,3.63155798695389,709
-7.6926,53.28823,2021/03/14 00:00:00+00,Sun 14 Mar 2021,396,23,2,476713,174201,85,476798,174286,9.93635744695395,3.63207898103561,710
-7.6926,53.28823,2021/03/15 00:00:00+00,Mon 15 Mar 2021,2677,1004,0,479390,175205,85,479475,175290,9.99214549322406,3.65300210335731,711
-7.6926,53.28823,2021/03/16 00:00:00+00,Tue 16 Mar 2021,8975,3831,2,488365,179036,87,488452,179123,10.1792240480865,3.73288091596595,712
-7.6926,53.28823,2021/03/17 00:00:00+00,Wed 17 Mar 2021,4911,2428,7,493276,181464,94,493370,181558,10.2817140038416,3.78362573952505,713
-7.6926,53.28823,2021/03/18 00:00:00+00,Thu 18 Mar 2021,11750,4691,7,505026,186155,101,505127,186256,10.5267271005908,3.88153094736105,714
-7.6926,53.28823,2021/03/19 00:00:00+00,Fri 19 Mar 2021,10395,6142,2,515421,192297,103,515524,192400,10.7433981192947,4.00957045288348,715
-7.6926,53.28823,2021/03/20 00:00:00+00,Sat 20 Mar 2021,5260,3129,4,520681,195426,107,520788,195533,10.8530986331408,4.07486143120409,716
-7.6926,53.28823,2021/03/21 00:00:00+00,Sun 21 Mar 2021,3659,59,3,524340,195485,110,524450,195595,10.9294138462305,4.07615349652674,717
-7.6926,53.28823,2021/03/22 00:00:00+00,Mon 22 Mar 2021,7435,2419,1,531775,197904,111,531886,198015,11.084378325896,4.12658572363681,718
-7.6926,53.28823,2021/03/23 00:00:00+00,Tue 23 Mar 2021,12583,7411,6,544358,205315,117,544475,205432,11.3467301056847,4.28115424780021,719
-7.6926,53.28823,2021/03/24 00:00:00+00,Wed 24 Mar 2021,13649,9786,2,558007,215101,119,558126,215220,11.6312137140647,4.48513385067351,720
-7.6926,53.28823,2021/03/25 00:00:00+00,Thu 25 Mar 2021,20894,10232,3,578901,225333,122,579023,225455,12.0667022470892,4.69842882772789,721
-7.6926,53.28823,2021/03/26 00:00:00+00,Fri 26 Mar 2021,19719,9513,1,598620,234846,123,598743,234969,12.4776623787464,4.89669833546559,722
-7.6926,53.28823,2021/03/27 00:00:00+00,Sat 27 Mar 2021,11771,5363,3,610391,240209,126,610517,240335,12.7230297514712,5.00852450516503,723
-7.6926,53.28823,2021/03/28 00:00:00+00,Sun 28 Mar 2021,2503,489,0,612894,240698,126,613020,240824,12.7751916789326,5.01871514940339,724
-7.6926,53.28823,2021/03/28 23:00:00+00,Mon 29 Mar 2021,9294,3131,3,622188,243829,129,622317,243958,12.968938958041,5.08402696748726,725
-7.6926,53.28823,2021/03/29 23:00:00+00,Tue 30 Mar 2021,13347,8680,4,635535,252509,133,635668,252642,13.2471706374404,5.264999471712,726
-7.6926,53.28823,2021/03/30 23:00:00+00,Wed 31 Mar 2021,15857,10514,4,651392,263023,137,651529,263160,13.5777101226441,5.4841921017714,727
-7.6926,53.28823,2021/03/31 23:00:00+00,Thu 01 Apr 2021,19729,11592,9,671121,274615,146,671267,274761,13.9890453700402,5.72595419545072,728
-7.6926,53.28823,2021/04/01 23:00:00+00,Fri 02 Apr 2021,20166,13729,9,691287,288344,155,691442,288499,14.4094875939847,6.01225086323509,729
-7.6926,53.28823,2021/04/02 23:00:00+00,Sat 03 Apr 2021,7559,4644,7,698846,292988,162,699008,293150,14.5671612428751,6.10917660219747,730
-7.6926,53.28823,2021/04/03 23:00:00+00,Sun 04 Apr 2021,3047,174,3,701893,293162,165,702058,293327,14.6307225208445,6.11286524029602,731
-7.6926,53.28823,2021/04/04 23:00:00+00,Mon 05 Apr 2021,3454,618,6,705347,293780,171,705518,293951,14.7028281017539,6.12586925257564,732
-7.6926,53.28823,2021/04/05 23:00:00+00,Tue 06 Apr 2021,12012,8162,12,717359,301942,183,717542,302125,14.9534054152958,6.29621347753338,733
-7.6926,53.28823,2021/04/06 23:00:00+00,Wed 07 Apr 2021,18383,10499,12,735742,312441,195,735937,312636,15.3367528606222,6.5152602292499,734
-7.6926,53.28823,2021/04/07 23:00:00+00,Thu 08 Apr 2021,20206,10579,18,755948,323020,213,756161,323233,15.7582162329669,6.73609920060752,735
-7.6926,53.28823,2021/04/08 23:00:00+00,Fri 09 Apr 2021,20689,9172,16,776637,332192,229,776866,332421,16.1897035314438,6.92757494551965,736
-7.6926,53.28823,2021/04/09 23:00:00+00,Sat 10 Apr 2021,11193,4186,12,787830,336378,241,788071,336619,16.4232130788687,7.01506027172134,737
-7.6926,53.28823,2021/04/10 23:00:00+00,Sun 11 Apr 2021,2874,369,9,790704,336747,250,790954,336997,16.4832941163722,7.02293770223688,738
-7.6926,53.28823,2021/04/11 23:00:00+00,Mon 12 Apr 2021,7792,2810,14,798496,339557,264,798760,339821,16.645969308447,7.08178919370747,739
