X,Y,VaccinationDate,VaccineText,Dose1,Dose2,SingleDose,Dose1Cum,Dose2Cum,SingleDoseCum,PartiallyVacc,FullyVacc,PartialPercent,FullyPercent,ObjectId
-7.6926,53.28823,2020/12/28 00:00:00+00,Mon 28 Dec 2020,222,14,1,222,14,1,223,15,0.00473570618404653,0.000318545259016583,1
-7.6926,53.28823,2020/12/29 00:00:00+00,Tue 29 Dec 2020,77,2,0,299,16,1,300,17,0.00637090518033166,0.000361017960218794,2
-7.6926,53.28823,2020/12/30 00:00:00+00,Wed 30 Dec 2020,1057,1,0,1356,17,1,1357,18,0.0288177277657002,0.000382254310819899,3
-7.6926,53.28823,2020/12/31 00:00:00+00,Thu 31 Dec 2020,1033,1,0,2389,18,1,2390,19,0.0507548779366422,0.000403490661421005,4
-7.6926,53.28823,2021/01/01 00:00:00+00,Fri 01 Jan 2021,814,0,0,3203,18,1,3204,19,0.0680412673259421,0.000403490661421005,5
-7.6926,53.28823,2021/01/02 00:00:00+00,Sat 02 Jan 2021,1016,0,0,4219,18,1,4220,19,0.0896173995366653,0.000403490661421005,6
-7.6926,53.28823,2021/01/03 00:00:00+00,Sun 03 Jan 2021,20,2,1,4239,20,2,4241,22,0.0900633628992885,0.000467199713224322,7
-7.6926,53.28823,2021/01/04 00:00:00+00,Mon 04 Jan 2021,1189,3,0,5428,23,2,5430,25,0.115313383764003,0.000530908765027638,8
-7.6926,53.28823,2021/01/05 00:00:00+00,Tue 05 Jan 2021,3531,13,0,8959,36,2,8961,38,0.190298937736507,0.00080698132284201,9
-7.6926,53.28823,2021/01/06 00:00:00+00,Wed 06 Jan 2021,6777,12,0,15736,48,2,15738,50,0.334217685760199,0.00106181753005528,10
-7.6926,53.28823,2021/01/07 00:00:00+00,Thu 07 Jan 2021,11726,8,0,27462,56,2,27464,58,0.583235132908762,0.00123170833486412,11
-7.6926,53.28823,2021/01/08 00:00:00+00,Fri 08 Jan 2021,12682,5,0,40144,61,2,40146,63,0.852554531231982,0.00133789008786965,12
-7.6926,53.28823,2021/01/09 00:00:00+00,Sat 09 Jan 2021,8073,7,0,48217,68,2,48219,70,1.02399558963471,0.00148654454207739,13
-7.6926,53.28823,2021/01/10 00:00:00+00,Sun 10 Jan 2021,4781,4,1,52998,72,3,53001,75,1.12554781820919,0.00159272629508291,14
-7.6926,53.28823,2021/01/11 00:00:00+00,Mon 11 Jan 2021,8343,7,0,61341,79,3,61344,82,1.30272269127422,0.00174138074929065,15
-7.6926,53.28823,2021/01/12 00:00:00+00,Tue 12 Jan 2021,8885,10,0,70226,89,3,70229,92,1.49140766636504,0.00195374425530171,16
-7.6926,53.28823,2021/01/13 00:00:00+00,Wed 13 Jan 2021,9884,4,0,80110,93,3,80113,96,1.70130775570637,0.00203868965770613,17
-7.6926,53.28823,2021/01/14 00:00:00+00,Thu 14 Jan 2021,8084,4,0,88194,97,3,88197,100,1.8729824139657,0.00212363506011055,18
-7.6926,53.28823,2021/01/15 00:00:00+00,Fri 15 Jan 2021,7691,2,0,95885,99,3,95888,102,2.03631118643881,0.00216610776131276,19
-7.6926,53.28823,2021/01/16 00:00:00+00,Sat 16 Jan 2021,5237,3,0,101122,102,3,101125,105,2.1475259545368,0.00222981681311608,20
-7.6926,53.28823,2021/01/17 00:00:00+00,Sun 17 Jan 2021,1113,4,0,102235,106,3,102238,109,2.17116201275583,0.0023147622155205,21
-7.6926,53.28823,2021/01/18 00:00:00+00,Mon 18 Jan 2021,8714,8,1,110949,114,4,110953,118,2.35623680824446,0.00250588937093045,22
-7.6926,53.28823,2021/01/19 00:00:00+00,Tue 19 Jan 2021,8382,19,0,119331,133,4,119335,137,2.53423989898293,0.00290938003235146,23
-7.6926,53.28823,2021/01/20 00:00:00+00,Wed 20 Jan 2021,8446,962,0,127777,1095,4,127781,1099,2.71360211615986,0.023338749310615,24
-7.6926,53.28823,2021/01/21 00:00:00+00,Thu 21 Jan 2021,9006,962,0,136783,2057,4,136787,2061,2.90485668967342,0.0437681185888785,25
-7.6926,53.28823,2021/01/22 00:00:00+00,Fri 22 Jan 2021,6782,967,0,143565,3024,4,143569,3028,3.04888161945012,0.0643036696201475,26
-7.6926,53.28823,2021/01/23 00:00:00+00,Sat 23 Jan 2021,4188,460,0,147753,3484,4,147757,3488,3.13781945576755,0.0740723908966561,27
-7.6926,53.28823,2021/01/24 00:00:00+00,Sun 24 Jan 2021,1182,398,0,148935,3882,4,148939,3886,3.16292082217806,0.0825244584358961,28
-7.6926,53.28823,2021/01/25 00:00:00+00,Mon 25 Jan 2021,1359,1289,0,150294,5171,4,150298,5175,3.19178102264496,0.109898114360721,29
-7.6926,53.28823,2021/01/26 00:00:00+00,Tue 26 Jan 2021,1002,3500,0,151296,8671,4,151300,8675,3.21305984594727,0.18422534146459,30
-7.6926,53.28823,2021/01/27 00:00:00+00,Wed 27 Jan 2021,2178,6700,0,153474,15371,4,153478,15375,3.25931261755647,0.326508890491997,31
-7.6926,53.28823,2021/01/28 00:00:00+00,Thu 28 Jan 2021,1009,11541,0,154483,26912,4,154487,26916,3.28074009531299,0.571597612779356,32
-7.6926,53.28823,2021/01/29 00:00:00+00,Fri 29 Jan 2021,1578,11526,0,156061,38438,4,156065,38442,3.31425105656153,0.816367789807699,33
-7.6926,53.28823,2021/01/30 00:00:00+00,Sat 30 Jan 2021,641,7792,0,156702,46230,4,156706,46234,3.32786355729684,0.981841433691513,34
-7.6926,53.28823,2021/01/31 00:00:00+00,Sun 31 Jan 2021,231,4086,0,156933,50316,4,156937,50320,3.3327691542857,1.06861316224763,35
-7.6926,53.28823,2021/02/01 00:00:00+00,Mon 01 Feb 2021,1027,8334,1,157960,58650,5,157965,58655,3.35460012270363,1.24561814450784,36
-7.6926,53.28823,2021/02/02 00:00:00+00,Tue 02 Feb 2021,829,5109,0,158789,63759,5,158794,63764,3.37220505735195,1.35411465972889,37
-7.6926,53.28823,2021/02/03 00:00:00+00,Wed 03 Feb 2021,1403,6865,0,160192,70624,5,160197,70629,3.4019996572453,1.49990220660548,38
-7.6926,53.28823,2021/02/04 00:00:00+00,Thu 04 Feb 2021,1435,10541,1,161627,81165,6,161633,81171,3.43249505670849,1.72377581464234,39
-7.6926,53.28823,2021/02/05 00:00:00+00,Fri 05 Feb 2021,3395,8614,0,165022,89779,6,165028,89785,3.50459246699924,1.90670573872026,40
-7.6926,53.28823,2021/02/06 00:00:00+00,Sat 06 Feb 2021,900,3869,0,165922,93648,6,165928,93654,3.52370518254024,1.98886917919594,41
-7.6926,53.28823,2021/02/07 00:00:00+00,Sun 07 Feb 2021,331,1300,2,166253,94948,8,166261,94956,3.53077688729041,2.01651890767858,42
-7.6926,53.28823,2021/02/08 00:00:00+00,Mon 08 Feb 2021,1184,879,0,167437,95827,8,167445,95835,3.55592072640211,2.03518565985695,43
-7.6926,53.28823,2021/02/09 00:00:00+00,Tue 09 Feb 2021,4263,544,3,171700,96371,11,171711,96382,3.64651499806643,2.04680194363575,44
-7.6926,53.28823,2021/02/10 00:00:00+00,Wed 10 Feb 2021,8824,579,0,180524,96950,11,180535,96961,3.83390455577059,2.05909779063379,45
-7.6926,53.28823,2021/02/11 00:00:00+00,Thu 11 Feb 2021,6185,445,0,186709,97395,11,186720,97406,3.96525138423842,2.06854796665128,46
-7.6926,53.28823,2021/02/12 00:00:00+00,Fri 12 Feb 2021,4396,524,0,191105,97919,11,191116,97930,4.05860638148088,2.07967581436626,47
-7.6926,53.28823,2021/02/13 00:00:00+00,Sat 13 Feb 2021,1210,1914,0,192315,99833,11,192326,99844,4.08430236570822,2.12032218941678,48
-7.6926,53.28823,2021/02/14 00:00:00+00,Sun 14 Feb 2021,2701,27,0,195016,99860,11,195027,99871,4.14166174868181,2.12089557088301,49
-7.6926,53.28823,2021/02/15 00:00:00+00,Mon 15 Feb 2021,1964,7889,0,196980,107749,11,196991,107760,4.18336994126238,2.28842914077513,50
-7.6926,53.28823,2021/02/16 00:00:00+00,Tue 16 Feb 2021,5651,8162,0,202631,115911,11,202642,115922,4.30337655850923,2.46176023438135,51
-7.6926,53.28823,2021/02/17 00:00:00+00,Wed 17 Feb 2021,9745,8465,0,212376,124376,11,212387,124387,4.510324795117,2.64152594221971,52
-7.6926,53.28823,2021/02/18 00:00:00+00,Thu 18 Feb 2021,8464,8354,1,220840,132730,12,220852,132742,4.69009050295536,2.81895565149195,53
-7.6926,53.28823,2021/02/19 00:00:00+00,Fri 19 Feb 2021,9387,6582,0,230227,139312,12,230239,139324,4.88943612604793,2.95873331114843,54
-7.6926,53.28823,2021/02/20 00:00:00+00,Sat 20 Feb 2021,5886,3571,2,236113,142883,14,236127,142897,5.01447575838724,3.03461079184618,55
-7.6926,53.28823,2021/02/21 00:00:00+00,Sun 21 Feb 2021,1112,1024,6,237225,143907,20,237245,143927,5.03821799835928,3.05648423296531,56
-7.6926,53.28823,2021/02/22 00:00:00+00,Mon 22 Feb 2021,3944,1122,1,241169,145029,21,241190,145050,5.12199540148064,3.08033265469036,57
-7.6926,53.28823,2021/02/23 00:00:00+00,Tue 23 Feb 2021,13361,1067,1,254530,146096,22,254552,146118,5.40575551821261,3.10301307713234,58
-7.6926,53.28823,2021/02/24 00:00:00+00,Wed 24 Feb 2021,16937,2104,3,271467,148200,25,271492,148225,5.76549929739534,3.14775806784887,59
-7.6926,53.28823,2021/02/25 00:00:00+00,Thu 25 Feb 2021,18093,1757,2,289560,149957,27,289587,149984,6.14977106152234,3.18511280855621,60
-7.6926,53.28823,2021/02/26 00:00:00+00,Fri 26 Feb 2021,16078,2769,0,305638,152726,27,305665,152753,6.49120910648692,3.24391626337067,61
-7.6926,53.28823,2021/02/27 00:00:00+00,Sat 27 Feb 2021,8995,704,1,314633,153430,28,314661,153458,6.68225131649446,3.25888789054445,62
-7.6926,53.28823,2021/02/28 00:00:00+00,Sun 28 Feb 2021,2444,57,2,317077,153487,30,317107,153517,6.73419543006477,3.26014083522992,63
-7.6926,53.28823,2021/03/01 00:00:00+00,Mon 01 Mar 2021,5600,793,0,322677,154280,30,322707,154310,6.85311899343096,3.27698126125659,64
-7.6926,53.28823,2021/03/02 00:00:00+00,Tue 02 Mar 2021,12178,1611,0,334855,155891,30,334885,155921,7.11173527105122,3.31119302207497,65
-7.6926,53.28823,2021/03/03 00:00:00+00,Wed 03 Mar 2021,12910,1505,1,347765,157396,31,347796,157427,7.3859177936621,3.34317496608024,66
-7.6926,53.28823,2021/03/04 00:00:00+00,Thu 04 Mar 2021,18739,1691,5,366504,159087,36,366540,159123,7.78397194932922,3.37919181669971,67
-7.6926,53.28823,2021/03/05 00:00:00+00,Fri 05 Mar 2021,18448,2398,6,384952,161485,42,384994,161527,8.17586756332202,3.43024400354477,68
-7.6926,53.28823,2021/03/06 00:00:00+00,Sat 06 Mar 2021,10399,141,4,395351,161626,46,395397,161672,8.39678931862532,3.43332327438193,69
-7.6926,53.28823,2021/03/07 00:00:00+00,Sun 07 Mar 2021,1522,12,3,396873,161638,49,396922,161687,8.42917475329201,3.43364181964095,70
-7.6926,53.28823,2021/03/08 00:00:00+00,Mon 08 Mar 2021,6668,1497,5,403541,163135,54,403595,163189,8.57088492085318,3.46553881824381,71
-7.6926,53.28823,2021/03/09 00:00:00+00,Tue 09 Mar 2021,13829,3106,6,417370,166241,60,417430,166301,8.86468983141948,3.53162634131445,72
-7.6926,53.28823,2021/03/10 00:00:00+00,Wed 10 Mar 2021,13736,3990,3,431106,170231,63,431169,170294,9.15645605232807,3.61642308926466,73
-7.6926,53.28823,2021/03/11 00:00:00+00,Thu 11 Mar 2021,18480,2101,3,449586,172332,66,449652,172398,9.5489675204883,3.66110437092939,74
-7.6926,53.28823,2021/03/12 00:00:00+00,Fri 12 Mar 2021,17330,1339,4,466916,173671,70,466986,173741,9.91707842180786,3.68962478978667,75
-7.6926,53.28823,2021/03/13 00:00:00+00,Sat 13 Mar 2021,8309,174,0,475225,173845,70,475295,173915,10.0935312589524,3.69331991479127,76
-7.6926,53.28823,2021/03/14 00:00:00+00,Sun 14 Mar 2021,383,20,2,475608,173865,72,475680,173937,10.1017072539339,3.69378711450449,77
-7.6926,53.28823,2021/03/15 00:00:00+00,Mon 15 Mar 2021,2654,992,0,478262,174857,72,478334,174929,10.1580685284292,3.71485357430079,78
-7.6926,53.28823,2021/03/16 00:00:00+00,Tue 16 Mar 2021,8945,3823,2,487207,178680,74,487281,178754,10.3480701572573,3.79608261535002,79
-7.6926,53.28823,2021/03/17 00:00:00+00,Wed 17 Mar 2021,4898,2415,6,492105,181095,80,492185,181175,10.4522132206051,3.84749582015529,80
-7.6926,53.28823,2021/03/18 00:00:00+00,Thu 18 Mar 2021,11731,4682,5,503836,185777,85,503921,185862,10.7014430312597,3.94703059542267,81
-7.6926,53.28823,2021/03/19 00:00:00+00,Fri 19 Mar 2021,10369,6132,2,514205,191909,87,514292,191996,10.9216852233438,4.07729437000986,82
-7.6926,53.28823,2021/03/20 00:00:00+00,Sat 20 Mar 2021,5242,3117,4,519447,195026,91,519538,195117,11.0330911185972,4.14357302023591,83
-7.6926,53.28823,2021/03/21 00:00:00+00,Sun 21 Mar 2021,3638,55,3,523085,195081,94,523179,195175,11.1104126711358,4.14480472857077,84
-7.6926,53.28823,2021/03/22 00:00:00+00,Mon 22 Mar 2021,7414,2406,1,530499,197487,95,530594,197582,11.267880210843,4.19592062446763,85
-7.6926,53.28823,2021/03/23 00:00:00+00,Tue 23 Mar 2021,12565,7391,4,543064,204878,99,543163,204977,11.5347999015483,4.35296343716281,86
-7.6926,53.28823,2021/03/24 00:00:00+00,Wed 24 Mar 2021,13627,9779,2,556691,214657,101,556792,214758,11.8242301238907,4.56067618239222,87
-7.6926,53.28823,2021/03/25 00:00:00+00,Thu 25 Mar 2021,20872,10225,3,577563,224882,104,577667,224986,12.2675389426888,4.77788157634033,88
-7.6926,53.28823,2021/03/26 00:00:00+00,Fri 26 Mar 2021,19700,9497,1,597263,234379,105,597368,234484,12.6859162858812,4.97958443434963,89
-7.6926,53.28823,2021/03/27 00:00:00+00,Sat 27 Mar 2021,11758,5354,3,609021,239733,108,609129,239841,12.9356770053008,5.09334756451975,90
-7.6926,53.28823,2021/03/28 00:00:00+00,Sun 28 Mar 2021,2492,483,0,611513,240216,108,611621,240324,12.9885979909988,5.10360472186008,91
-7.6926,53.28823,2021/03/28 23:00:00+00,Mon 29 Mar 2021,9275,3120,3,620788,243336,111,620899,243447,13.1856288518758,5.16992584478734,92
-7.6926,53.28823,2021/03/29 23:00:00+00,Tue 30 Mar 2021,13329,8668,4,634117,252004,115,634232,252119,13.4687731144404,5.35408747720012,93
-7.6926,53.28823,2021/03/30 23:00:00+00,Wed 31 Mar 2021,15838,10515,4,649955,262519,119,650074,262638,13.8051993806631,5.57747264917315,94
-7.6926,53.28823,2021/03/31 23:00:00+00,Thu 01 Apr 2021,19706,11582,8,669661,274101,127,669788,274228,14.2238527964133,5.82360195263997,95
-7.6926,53.28823,2021/04/01 23:00:00+00,Fri 02 Apr 2021,20140,13723,9,689801,287824,136,689937,287960,14.6517440246749,6.11521951909435,96
-7.6926,53.28823,2021/04/02 23:00:00+00,Sat 03 Apr 2021,7547,4635,6,697348,292459,142,697490,292601,14.8121421807651,6.21377742223408,97
-7.6926,53.28823,2021/04/03 23:00:00+00,Sun 04 Apr 2021,3037,170,3,700385,292629,145,700530,292774,14.8767006865925,6.21745131088807,98
-7.6926,53.28823,2021/04/04 23:00:00+00,Mon 05 Apr 2021,3433,608,4,703818,293237,149,703967,293386,14.9496900236085,6.23044795745594,99
-7.6926,53.28823,2021/04/05 23:00:00+00,Tue 06 Apr 2021,11993,8150,11,715811,301387,160,715971,301547,15.2046111762241,6.40375781471157,100
-7.6926,53.28823,2021/04/06 23:00:00+00,Wed 07 Apr 2021,18365,10471,11,734176,311858,171,734347,312029,15.59485035487,6.62635724171236,101
-7.6926,53.28823,2021/04/07 23:00:00+00,Thu 08 Apr 2021,20182,10564,16,754358,322422,187,754545,322609,16.0237821643112,6.85103783107205,102
-7.6926,53.28823,2021/04/08 23:00:00+00,Fri 09 Apr 2021,20673,9158,16,775031,331580,203,775234,331783,16.4631410218974,7.04586011148659,103
-7.6926,53.28823,2021/04/09 23:00:00+00,Sat 10 Apr 2021,11178,4173,12,786209,335753,215,786424,335968,16.7007757851238,7.13473423875222,104
-7.6926,53.28823,2021/04/10 23:00:00+00,Sun 11 Apr 2021,2860,365,8,789069,336118,223,789292,336341,16.7616816386478,7.14265539752643,105
-7.6926,53.28823,2021/04/11 23:00:00+00,Mon 12 Apr 2021,7776,2796,13,796845,338914,236,797081,339150,16.9270915734798,7.20230830636494,106
-7.6926,53.28823,2021/04/12 23:00:00+00,Tue 13 Apr 2021,11513,8601,1,808358,347515,237,808595,347752,17.1716069143009,7.38498339423565,107
-7.6926,53.28823,2021/04/13 23:00:00+00,Wed 14 Apr 2021,20353,6597,2,828711,354112,239,828950,354351,17.6038728307864,7.52512207185234,108
-7.6926,53.28823,2021/04/14 23:00:00+00,Thu 15 Apr 2021,27129,10812,1,855840,364924,240,856080,365164,18.1800150225944,7.7547507309021,109
-7.6926,53.28823,2021/04/15 23:00:00+00,Fri 16 Apr 2021,27976,9835,1,883816,374759,241,884057,375000,18.7741444033615,7.96363147541457,110
-7.6926,53.28823,2021/04/16 23:00:00+00,Sat 17 Apr 2021,15846,4555,3,899662,379314,244,899906,379558,19.1107193240385,8.06042676145441,111
-7.6926,53.28823,2021/04/17 23:00:00+00,Sun 18 Apr 2021,1073,483,0,900735,379797,244,900979,380041,19.1335059282335,8.07068391879474,112
-7.6926,53.28823,2021/04/18 23:00:00+00,Mon 19 Apr 2021,6742,2258,0,907477,382055,244,907721,382299,19.2766814039861,8.11863559845204,113
-7.6926,53.28823,2021/04/19 23:00:00+00,Tue 20 Apr 2021,15087,7319,1,922564,389374,245,922809,389619,19.5970954618556,8.27408568485213,114
-7.6926,53.28823,2021/04/20 23:00:00+00,Wed 21 Apr 2021,26720,9883,4,949284,399257,249,949533,399506,20.1646156953195,8.48404948324526,115
-7.6926,53.28823,2021/04/21 23:00:00+00,Thu 22 Apr 2021,31624,12180,1,980908,411437,250,981158,411687,20.8362152830795,8.74272946991733,116
-7.6926,53.28823,2021/04/22 23:00:00+00,Fri 23 Apr 2021,33613,12352,3,1014521,423789,253,1014774,424042,21.5500964448863,9.00510458159399,117
-7.6926,53.28823,2022/04/10 23:00:00+00,Mon 11 Apr 2022,70,92,1,3839320,3783639,240850,4080170,4024489,86.6479206321127,85.4654593942926,118
-7.6926,53.28823,2022/04/11 23:00:00+00,Tue 12 Apr 2022,196,177,0,3839516,3783816,240850,4080366,4024666,86.6520829568305,85.469218228349,119
-7.6926,53.28823,2022/04/12 23:00:00+00,Wed 13 Apr 2022,144,232,0,3839660,3784048,240850,4080510,4024898,86.6551409913171,85.4741450616884,120
-7.6926,53.28823,2022/04/13 23:00:00+00,Thu 14 Apr 2022,360,429,0,3840020,3784477,240850,4080870,4025327,86.6627860775335,85.4832554560963,121
-7.6926,53.28823,2022/04/14 23:00:00+00,Fri 15 Apr 2022,446,990,0,3840466,3785467,240850,4081316,4026317,86.6722574899016,85.5042794431914,122
-7.6926,53.28823,2022/04/15 23:00:00+00,Sat 16 Apr 2022,42,88,0,3840508,3785555,240850,4081358,4026405,86.6731494166268,85.5061482420443,123
-7.6926,53.28823,2022/04/16 23:00:00+00,Sun 17 Apr 2022,1,0,0,3840509,3785555,240850,4081359,4026405,86.6731706529774,85.5061482420443,124
-7.6926,53.28823,2022/04/17 23:00:00+00,Mon 18 Apr 2022,36,61,1,3840545,3785616,240851,4081396,4026467,86.6739563979497,85.5074648957816,125
-7.6926,53.28823,2022/04/18 23:00:00+00,Tue 19 Apr 2022,218,269,1,3840763,3785885,240852,4081615,4026737,86.6786071587313,85.5131987104438,126
-7.6926,53.28823,2022/04/19 23:00:00+00,Wed 20 Apr 2022,250,606,0,3841013,3786491,240852,4081865,4027343,86.6839162463816,85.5260679389081,127
-7.6926,53.28823,2022/04/20 23:00:00+00,Thu 21 Apr 2022,171,236,0,3841184,3786727,240852,4082036,4027579,86.6875476623344,85.53107971765,128
-7.6926,53.28823,2022/04/21 23:00:00+00,Fri 22 Apr 2022,196,254,0,3841380,3786981,240852,4082232,4027833,86.6917099870522,85.5364737507027,129
-7.6926,53.28823,2022/04/22 23:00:00+00,Sat 23 Apr 2022,324,1010,0,3841704,3787991,240852,4082556,4028843,86.698590564647,85.5579224648098,130
-7.6926,53.28823,2022/04/23 23:00:00+00,Sun 24 Apr 2022,181,253,0,3841885,3788244,240852,4082737,4029096,86.7024343441058,85.5632952615119,131
-7.6926,53.28823,2022/04/24 23:00:00+00,Mon 25 Apr 2022,42,58,1,3841927,3788302,240853,4082780,4029155,86.7033475071816,85.5645482061973,132
-7.6926,53.28823,2022/04/25 23:00:00+00,Tue 26 Apr 2022,145,238,0,3842072,3788540,240853,4082925,4029393,86.7064267780188,85.5696024576404,133
-7.6926,53.28823,2022/04/26 23:00:00+00,Wed 27 Apr 2022,122,208,0,3842194,3788748,240853,4083047,4029601,86.7090176127921,85.5740196185654,134
-7.6926,53.28823,2022/04/27 23:00:00+00,Thu 28 Apr 2022,103,130,0,3842297,3788878,240853,4083150,4029731,86.711204956904,85.5767803441436,135
-7.6926,53.28823,2022/04/28 23:00:00+00,Fri 29 Apr 2022,171,222,0,3842468,3789100,240853,4083321,4029953,86.7148363728568,85.581494813977,136
-7.6926,53.28823,2022/04/29 23:00:00+00,Sat 30 Apr 2022,281,723,0,3842749,3789823,240853,4083602,4030676,86.7208037873757,85.5968486954616,137
-7.6926,53.28823,2022/04/30 23:00:00+00,Sun 01 May 2022,187,746,0,3842936,3790569,240853,4083789,4031422,86.7247749849381,85.61269101301,138
-7.6926,53.28823,2022/05/01 23:00:00+00,Mon 02 May 2022,13,26,0,3842949,3790595,240853,4083802,4031448,86.7250510574959,85.6132431581257,139
-7.6926,53.28823,2022/05/02 23:00:00+00,Tue 03 May 2022,101,117,0,3843050,3790712,240853,4083903,4031565,86.7271959289066,85.615727811146,140
-7.6926,53.28823,2022/05/03 23:00:00+00,Wed 04 May 2022,116,129,0,3843166,3790841,240853,4084019,4031694,86.7296593455764,85.6184673003735,141
-7.6926,53.28823,2022/05/04 23:00:00+00,Thu 05 May 2022,117,164,0,3843283,3791005,240853,4084136,4031858,86.7321439985967,85.6219500618721,142
-7.6926,53.28823,2022/05/05 23:00:00+00,Fri 06 May 2022,140,257,0,3843423,3791262,240853,4084276,4032115,86.7351170876809,85.6274078039766,143
-7.6926,53.28823,2022/05/06 23:00:00+00,Sat 07 May 2022,441,1088,0,3843864,3792350,240853,4084717,4033203,86.744482318296,85.6505129534306,144
-7.6926,53.28823,2022/05/07 23:00:00+00,Sun 08 May 2022,275,437,0,3844139,3792787,240853,4084992,4033640,86.7503223147112,85.6597932386433,145
-7.6926,53.28823,2022/05/08 23:00:00+00,Mon 09 May 2022,27,32,0,3844166,3792819,240853,4085019,4033672,86.7508956961775,85.6604728018625,146
-7.6926,53.28823,2022/05/09 23:00:00+00,Tue 10 May 2022,86,98,1,3844252,3792917,240854,4085106,4033771,86.7527432586798,85.662575200572,147
-7.6926,53.28823,2022/05/10 23:00:00+00,Wed 11 May 2022,123,132,0,3844375,3793049,240854,4085229,4033903,86.7553553298037,85.6653783988514,148
-7.6926,53.28823,2022/05/11 23:00:00+00,Thu 12 May 2022,247,396,0,3844622,3793445,240854,4085476,4034299,86.7606007084022,85.6737879936894,149
-7.6926,53.28823,2022/05/12 23:00:00+00,Fri 13 May 2022,182,326,0,3844804,3793771,240854,4085658,4034625,86.7644657242116,85.6807110439854,150
-7.6926,53.28823,2022/05/13 23:00:00+00,Sat 14 May 2022,333,632,0,3845137,3794403,240854,4085991,4035257,86.7715374289618,85.6941324175653,151
-7.6926,53.28823,2022/05/14 23:00:00+00,Sun 15 May 2022,169,254,0,3845306,3794657,240854,4086160,4035511,86.7751263722133,85.699526450618,152
-7.6926,53.28823,2022/05/15 23:00:00+00,Mon 16 May 2022,31,40,0,3845337,3794697,240854,4086191,4035551,86.775784699082,85.700375904642,153
-7.6926,53.28823,2022/05/16 23:00:00+00,Tue 17 May 2022,98,96,0,3845435,3794793,240854,4086289,4035647,86.7778658614409,85.7024145942997,154
-7.6926,53.28823,2022/05/17 23:00:00+00,Wed 18 May 2022,103,121,0,3845538,3794914,240854,4086392,4035768,86.7800532055528,85.7049841927224,155
-7.6926,53.28823,2022/05/18 23:00:00+00,Thu 19 May 2022,100,104,0,3845638,3795018,240854,4086492,4035872,86.7821768406129,85.7071927731849,156
-7.6926,53.28823,2022/05/19 23:00:00+00,Fri 20 May 2022,127,208,0,3845765,3795226,240854,4086619,4036080,86.7848738571392,85.71160993411,157
-7.6926,53.28823,2022/05/20 23:00:00+00,Sat 21 May 2022,393,761,0,3846158,3795987,240854,4087012,4036841,86.7932197429255,85.7277707969174,158
-7.6926,53.28823,2022/05/21 23:00:00+00,Sun 22 May 2022,233,409,0,3846391,3796396,240854,4087245,4037250,86.7981678126155,85.7364564643133,159
-7.6926,53.28823,2022/05/22 23:00:00+00,Mon 23 May 2022,30,35,0,3846421,3796431,240854,4087275,4037285,86.7988049031336,85.7371997365843,160
-7.6926,53.28823,2022/05/23 23:00:00+00,Tue 24 May 2022,77,83,0,3846498,3796514,240854,4087352,4037368,86.8004401021299,85.7389623536842,161
-7.6926,53.28823,2022/05/24 23:00:00+00,Wed 25 May 2022,89,133,0,3846587,3796647,240854,4087441,4037501,86.8023301373334,85.7417867883141,162
-7.6926,53.28823,2022/05/25 23:00:00+00,Thu 26 May 2022,136,155,0,3846723,3796802,240854,4087577,4037656,86.8052182810151,85.7450784226573,163
-7.6926,53.28823,2022/05/26 23:00:00+00,Fri 27 May 2022,98,151,0,3846821,3796953,240854,4087675,4037807,86.807299443374,85.7482851115981,164
-7.6926,53.28823,2022/05/27 23:00:00+00,Sat 28 May 2022,335,578,0,3847156,3797531,240854,4088010,4038385,86.8144136208254,85.7605597222455,165
-7.6926,53.28823,2022/05/28 23:00:00+00,Sun 29 May 2022,181,348,0,3847337,3797879,240854,4088191,4038733,86.8182574002842,85.7679499722547,166
-7.6926,53.28823,2022/05/29 23:00:00+00,Mon 30 May 2022,11,21,0,3847348,3797900,240854,4088202,4038754,86.8184910001408,85.7683959356173,167
-7.6926,53.28823,2022/05/30 23:00:00+00,Tue 31 May 2022,66,79,1,3847414,3797979,240855,4088269,4038834,86.8199138356311,85.7700948436654,168
-7.6926,53.28823,2022/05/31 23:00:00+00,Wed 01 Jun 2022,71,100,0,3847485,3798079,240855,4088340,4038934,86.8214216165238,85.7722184787255,169
-7.6926,53.28823,2022/06/01 23:00:00+00,Thu 02 Jun 2022,120,138,0,3847605,3798217,240855,4088460,4039072,86.8239699785959,85.7751490951085,170
-7.6926,53.28823,2022/06/02 23:00:00+00,Fri 03 Jun 2022,63,144,0,3847668,3798361,240855,4088523,4039216,86.8253078686838,85.778207129595,171
-7.6926,53.28823,2022/06/03 23:00:00+00,Sat 04 Jun 2022,307,606,0,3847975,3798967,240855,4088830,4039822,86.8318274283183,85.7910763580593,172
-7.6926,53.28823,2022/06/04 23:00:00+00,Sun 05 Jun 2022,142,273,0,3848117,3799240,240855,4088972,4040095,86.8348429901036,85.7968738817734,173
-7.6926,53.28823,2022/06/05 23:00:00+00,Mon 06 Jun 2022,3,6,0,3848120,3799246,240855,4088975,4040101,86.8349066991555,85.797001299877,174
-7.6926,53.28823,2022/06/06 23:00:00+00,Tue 07 Jun 2022,29,50,0,3848149,3799296,240855,4089004,4040151,86.8355225533229,85.7980631174071,175
-7.6926,53.28823,2022/06/07 23:00:00+00,Wed 08 Jun 2022,41,76,0,3848190,3799372,240855,4089045,4040227,86.8363932436975,85.7996770800528,176
-7.6926,53.28823,2022/06/08 23:00:00+00,Thu 09 Jun 2022,82,123,0,3848272,3799495,240855,4089127,4040350,86.8381346244468,85.8022891511767,177
-7.6926,53.28823,2022/06/09 23:00:00+00,Fri 10 Jun 2022,55,108,0,3848327,3799603,240855,4089182,4040458,86.8393026237299,85.8045826770416,178
-7.6926,53.28823,2022/06/10 23:00:00+00,Sat 11 Jun 2022,190,560,0,3848517,3800163,240855,4089372,4041018,86.8433375303441,85.8164750333782,179
-7.6926,53.28823,2022/06/11 23:00:00+00,Sun 12 Jun 2022,143,287,0,3848660,3800450,240855,4089515,4041305,86.8463743284801,85.8225698660007,180
-7.6926,53.28823,2022/06/12 23:00:00+00,Mon 13 Jun 2022,19,44,0,3848679,3800494,240855,4089534,4041349,86.8467778191415,85.8235042654272,181
-7.6926,53.28823,2022/06/13 23:00:00+00,Tue 14 Jun 2022,39,53,0,3848718,3800547,240855,4089573,4041402,86.8476060368149,85.824629792009,182
-7.6926,53.28823,2022/06/14 23:00:00+00,Wed 15 Jun 2022,70,122,0,3848788,3800669,240855,4089643,4041524,86.849092581357,85.8272206267824,183
-7.6926,53.28823,2022/06/15 23:00:00+00,Thu 16 Jun 2022,82,85,0,3848870,3800754,240855,4089725,4041609,86.8508339621063,85.8290257165835,184
-7.6926,53.28823,2022/06/16 23:00:00+00,Fri 17 Jun 2022,60,94,0,3848930,3800848,240855,4089785,4041703,86.8521081431423,85.83102193354,185
-7.6926,53.28823,2022/06/17 23:00:00+00,Sat 18 Jun 2022,223,487,0,3849153,3801335,240855,4090008,4042190,86.8568438493264,85.8413640362827,186
-7.6926,53.28823,2022/06/18 23:00:00+00,Sun 19 Jun 2022,80,129,0,3849233,3801464,240855,4090088,4042319,86.8585427573745,85.8441035255103,187
-7.6926,53.28823,2022/06/19 23:00:00+00,Mon 20 Jun 2022,8,27,0,3849241,3801491,240855,4090096,4042346,86.8587126481793,85.8446769069765,188
-7.6926,53.28823,2022/06/20 23:00:00+00,Tue 21 Jun 2022,79,168,1,3849320,3801659,240856,4090176,4042515,86.8604115562274,85.8482658502281,189
-7.6926,53.28823,2022/06/21 23:00:00+00,Wed 22 Jun 2022,59,95,0,3849379,3801754,240856,4090235,4042610,86.8616645009129,85.8502833035352,190
-7.6926,53.28823,2022/06/22 23:00:00+00,Thu 23 Jun 2022,64,113,0,3849443,3801867,240856,4090299,4042723,86.8630236273513,85.8526830111531,191
-7.6926,53.28823,2022/06/23 23:00:00+00,Fri 24 Jun 2022,57,90,1,3849500,3801957,240857,4090357,4042814,86.8642553356862,85.8546155190578,192
-7.6926,53.28823,2022/06/24 23:00:00+00,Sat 25 Jun 2022,209,292,0,3849709,3802249,240857,4090566,4043106,86.8686937329618,85.8608165334333,193
-7.6926,53.28823,2022/06/25 23:00:00+00,Sun 26 Jun 2022,174,403,0,3849883,3802652,240857,4090740,4043509,86.8723888579664,85.8693747827256,194
-7.6926,53.28823,2022/06/26 23:00:00+00,Mon 27 Jun 2022,2,33,0,3849885,3802685,240857,4090742,4043542,86.8724313306676,85.8700755822954,195
-7.6926,53.28823,2022/06/27 23:00:00+00,Tue 28 Jun 2022,47,60,0,3849932,3802745,240857,4090789,4043602,86.8734294391459,85.8713497633315,196
-7.6926,53.28823,2022/06/28 23:00:00+00,Wed 29 Jun 2022,65,81,3,3849997,3802826,240860,4090857,4043686,86.8748735109867,85.873133616782,197
-7.6926,53.28823,2022/06/29 23:00:00+00,Thu 30 Jun 2022,70,86,0,3850067,3802912,240860,4090927,4043772,86.8763600555288,85.8749599429337,198
-7.6926,53.28823,2022/06/30 23:00:00+00,Fri 01 Jul 2022,48,62,0,3850115,3802974,240860,4090975,4043834,86.8773794003577,85.8762765966709,199
-7.6926,53.28823,2022/07/01 23:00:00+00,Sat 02 Jul 2022,182,227,0,3850297,3803201,240860,4091157,4044061,86.8812444161671,85.8810972482574,200
-7.6926,53.28823,2022/07/02 23:00:00+00,Sun 03 Jul 2022,108,272,0,3850405,3803473,240860,4091265,4044333,86.883537942032,85.8868735356209,201
-7.6926,53.28823,2022/07/03 23:00:00+00,Mon 04 Jul 2022,14,14,0,3850419,3803487,240860,4091279,4044347,86.8838352509404,85.8871708445293,202
-7.6926,53.28823,2022/07/04 23:00:00+00,Tue 05 Jul 2022,53,68,0,3850472,3803555,240860,4091332,4044415,86.8849607775223,85.8886149163702,203
-7.6926,53.28823,2022/07/05 23:00:00+00,Wed 06 Jul 2022,63,82,0,3850535,3803637,240860,4091395,4044497,86.8862986676101,85.8903562971195,204
-7.6926,53.28823,2022/07/06 23:00:00+00,Thu 07 Jul 2022,77,72,0,3850612,3803709,240860,4091472,4044569,86.8879338666064,85.8918853143628,205
-7.6926,53.28823,2022/07/07 23:00:00+00,Fri 08 Jul 2022,101,88,0,3850713,3803797,240860,4091573,4044657,86.8900787380171,85.8937541132157,206
-7.6926,53.28823,2022/07/08 23:00:00+00,Sat 09 Jul 2022,120,141,0,3850833,3803938,240860,4091693,4044798,86.8926271000893,85.8967484386504,207
-7.6926,53.28823,2022/07/09 23:00:00+00,Sun 10 Jul 2022,131,219,0,3850964,3804157,240860,4091824,4045017,86.895409062018,85.9013991994321,208
-7.6926,53.28823,2022/07/10 23:00:00+00,Mon 11 Jul 2022,9,13,0,3850973,3804170,240860,4091833,4045030,86.8956001891734,85.9016752719899,209
-7.6926,53.28823,2022/07/11 23:00:00+00,Tue 12 Jul 2022,42,80,0,3851015,3804250,240860,4091875,4045110,86.8964921158987,85.903374180038,210
-7.6926,53.28823,2022/07/12 23:00:00+00,Wed 13 Jul 2022,96,71,0,3851111,3804321,240860,4091971,4045181,86.8985308055564,85.9048819609306,211
-7.6926,53.28823,2022/07/13 23:00:00+00,Thu 14 Jul 2022,40,39,0,3851151,3804360,240860,4092011,4045220,86.8993802595804,85.9057101786041,212
-7.6926,53.28823,2022/07/14 23:00:00+00,Fri 15 Jul 2022,79,111,1,3851230,3804471,240861,4092091,4045332,86.9010791676285,85.9080886498714,213
-7.6926,53.28823,2022/07/15 23:00:00+00,Sat 16 Jul 2022,123,209,0,3851353,3804680,240861,4092214,4045541,86.9036912387524,85.912527047147,214
-7.6926,53.28823,2022/07/16 23:00:00+00,Sun 17 Jul 2022,119,165,0,3851472,3804845,240861,4092333,4045706,86.906218364474,85.9160310449962,215
-7.6926,53.28823,2022/07/17 23:00:00+00,Mon 18 Jul 2022,9,16,0,3851481,3804861,240861,4092342,4045722,86.9064094916294,85.9163708266058,216
-7.6926,53.28823,2022/07/18 23:00:00+00,Tue 19 Jul 2022,29,33,0,3851510,3804894,240861,4092371,4045755,86.9070253457968,85.9170716261757,217
-7.6926,53.28823,2022/07/19 23:00:00+00,Wed 20 Jul 2022,73,63,0,3851583,3804957,240861,4092444,4045818,86.9085755993907,85.9184095162635,218
-7.6926,53.28823,2022/07/20 23:00:00+00,Thu 21 Jul 2022,48,27,0,3851631,3804984,240861,4092492,4045845,86.9095949442195,85.9189828977298,219
-7.6926,53.28823,2022/07/21 23:00:00+00,Fri 22 Jul 2022,70,67,0,3851701,3805051,240861,4092562,4045912,86.9110814887616,85.92040573322,220
-7.6926,53.28823,2022/07/22 23:00:00+00,Sat 23 Jul 2022,98,172,0,3851799,3805223,240861,4092660,4046084,86.9131626511205,85.9240583855234,221
-7.6926,53.28823,2022/07/23 23:00:00+00,Sun 24 Jul 2022,106,232,0,3851905,3805455,240861,4092766,4046316,86.9154137042842,85.9289852188629,222
-7.6926,53.28823,2022/07/24 23:00:00+00,Mon 25 Jul 2022,12,21,0,3851917,3805476,240861,4092778,4046337,86.9156685404915,85.9294311822255,223
-7.6926,53.28823,2022/07/25 23:00:00+00,Tue 26 Jul 2022,15,13,0,3851932,3805489,240861,4092793,4046350,86.9159870857505,85.9297072547833,224
-7.6926,53.28823,2022/07/26 23:00:00+00,Wed 27 Jul 2022,59,66,1,3851991,3805555,240862,4092853,4046417,86.9172612667865,85.9311300902736,225
-7.6926,53.28823,2022/07/27 23:00:00+00,Thu 28 Jul 2022,19,44,0,3852010,3805599,240862,4092872,4046461,86.917664757448,85.9320644897001,226
-7.6926,53.28823,2022/07/28 23:00:00+00,Fri 29 Jul 2022,50,81,0,3852060,3805680,240862,4092922,4046542,86.918726574978,85.9337846340987,227
-7.6926,53.28823,2022/07/29 23:00:00+00,Sat 30 Jul 2022,97,101,0,3852157,3805781,240862,4093019,4046643,86.9207865009863,85.9359295055094,228
-7.6926,53.28823,2022/07/30 23:00:00+00,Sun 31 Jul 2022,31,57,0,3852188,3805838,240862,4093050,4046700,86.921444827855,85.9371399774937,229
-7.6926,53.28823,2022/07/31 23:00:00+00,Mon 01 Aug 2022,9,13,0,3852197,3805851,240862,4093059,4046713,86.9216359550104,85.9374160500515,230
-7.6926,53.28823,2022/08/01 23:00:00+00,Tue 02 Aug 2022,20,19,0,3852217,3805870,240862,4093079,4046732,86.9220606820224,85.937819540713,231
-7.6926,53.28823,2022/08/02 23:00:00+00,Wed 03 Aug 2022,80,129,0,3852297,3805999,240862,4093159,4046861,86.9237595900705,85.9405590299405,232
-7.6926,53.28823,2021/08/18 23:00:00+00,Thu 19 Aug 2021,11362,25705,544,3391263,3014687,234160,3625423,3248847,76.9907539053118,68.9936539413499,233
-7.6926,53.28823,2021/08/19 23:00:00+00,Fri 20 Aug 2021,14848,22248,686,3406111,3036935,234846,3640957,3271781,77.3206393755494,69.4806884060356,234
-7.6926,53.28823,2021/08/20 23:00:00+00,Sat 21 Aug 2021,11893,7976,246,3418004,3044911,235092,3653096,3280003,77.5784274354962,69.6552936806779,235
-7.6926,53.28823,2021/08/21 23:00:00+00,Sun 22 Aug 2021,8004,12251,161,3426008,3057162,235253,3661261,3292415,77.7518222381542,69.9188792643388,236
-7.6926,53.28823,2021/08/22 23:00:00+00,Mon 23 Aug 2021,10868,15378,290,3436876,3072540,235543,3672419,3308083,77.9887774381613,70.251610405557,237
-7.6926,53.28823,2021/08/23 23:00:00+00,Tue 24 Aug 2021,9711,22923,384,3446587,3095463,235927,3682514,3331390,78.2031583974795,70.7465660290169,238
-7.6926,53.28823,2021/08/24 23:00:00+00,Wed 25 Aug 2021,9413,19526,315,3456000,3114989,236242,3692242,3351231,78.4097456161271,71.1679164612935,239
-7.6926,53.28823,2021/08/25 23:00:00+00,Thu 26 Aug 2021,8583,19442,369,3464583,3134431,236611,3701194,3371042,78.5998534267082,71.588629803052,240
-7.6926,53.28823,2021/08/26 23:00:00+00,Fri 27 Aug 2021,9725,19211,432,3474308,3153642,237043,3711351,3390685,78.8155510397636,72.0057754379095,241
-7.6926,53.28823,2021/08/27 23:00:00+00,Sat 28 Aug 2021,9919,7922,153,3484227,3161564,237196,3721423,3398760,79.0294435630179,72.1772589690134,242
-7.6926,53.28823,2021/08/28 23:00:00+00,Sun 29 Aug 2021,8800,9188,30,3493027,3170752,237226,3730253,3407978,79.2169605388257,72.3730156488544,243
-7.6926,53.28823,2021/08/29 23:00:00+00,Mon 30 Aug 2021,5061,11135,84,3498088,3181887,237310,3735398,3419197,79.3262215626684,72.6112662662482,244
-7.6926,53.28823,2021/08/30 23:00:00+00,Tue 31 Aug 2021,4061,12888,142,3502149,3194775,237452,3739601,3432227,79.4154779442448,72.8879759145806,245
-7.6926,53.28823,2021/08/31 23:00:00+00,Wed 01 Sep 2021,4962,12529,181,3507111,3207304,237633,3744744,3444937,79.5246964953863,73.1578899307207,246
-7.6926,53.28823,2021/09/01 23:00:00+00,Thu 02 Sep 2021,5009,12360,248,3512120,3219664,237881,3750001,3457545,79.6363359904963,73.4256378390994,247
-7.6926,53.28823,2021/09/02 23:00:00+00,Fri 03 Sep 2021,4774,16068,166,3516894,3235732,238047,3754941,3473779,79.7412435624658,73.7703887547577,248
-7.6926,53.28823,2021/09/03 23:00:00+00,Sat 04 Sep 2021,4628,10582,134,3521522,3246314,238181,3759703,3484495,79.8423710640282,73.9979574877992,249
-7.6926,53.28823,2021/09/04 23:00:00+00,Sun 05 Sep 2021,5305,11902,1,3526827,3258216,238182,3765009,3496398,79.9550511403177,74.2507337690041,250
-7.6926,53.28823,2021/09/05 23:00:00+00,Mon 06 Sep 2021,2159,9673,75,3528986,3267889,238257,3767243,3506146,80.0024931475606,74.4577457146637,251
-7.6926,53.28823,2021/09/06 23:00:00+00,Tue 07 Sep 2021,3030,10023,158,3532016,3277912,238415,3770431,3516327,80.0701946332769,74.6739530001336,252
-7.6926,53.28823,2021/09/07 23:00:00+00,Wed 08 Sep 2021,2610,14795,188,3534626,3292707,238603,3773229,3531310,80.1296139422588,74.9921372411899,253
-7.6926,53.28823,2021/09/08 23:00:00+00,Thu 09 Sep 2021,3116,14808,138,3537742,3307515,238741,3776483,3546256,80.1987170271148,75.3095357372741,254
-7.6926,53.28823,2021/09/09 23:00:00+00,Fri 10 Sep 2021,3384,13944,116,3541126,3321459,238857,3779983,3560316,80.2730442542186,75.6081188267256,255
-7.6926,53.28823,2021/09/10 23:00:00+00,Sat 11 Sep 2021,2558,11337,62,3543684,3332796,238919,3782603,3571715,80.3286834927935,75.8501919872276,256
-7.6926,53.28823,2021/09/11 23:00:00+00,Sun 12 Sep 2021,2041,12882,1,3545725,3345678,238920,3784645,3584598,80.372048120721,76.1237798920216,257
-7.6926,53.28823,2021/09/12 23:00:00+00,Mon 13 Sep 2021,1615,7742,52,3547340,3353420,238972,3786312,3592392,80.407449117173,76.2892960086067,258
-7.6926,53.28823,2021/09/13 23:00:00+00,Tue 14 Sep 2021,1547,10786,82,3548887,3364206,239054,3787941,3603260,80.4420431323023,76.5200926669395,259
-7.6926,53.28823,2021/09/14 23:00:00+00,Wed 15 Sep 2021,3282,12366,137,3552169,3376572,239191,3791360,3615763,80.5146502150074,76.7856107585051,260
-7.6926,53.28823,2021/09/15 23:00:00+00,Thu 16 Sep 2021,1913,10572,115,3554082,3387144,239306,3793388,3626450,80.5577175340265,77.0125636373791,261
-7.6926,53.28823,2021/09/16 23:00:00+00,Fri 17 Sep 2021,2561,14613,94,3556643,3401757,239400,3796043,3641157,80.6141000448724,77.3248866456696,262
-7.6926,53.28823,2021/09/17 23:00:00+00,Sat 18 Sep 2021,2288,11232,47,3558931,3412989,239447,3798378,3652436,80.663686923526,77.5644114440994,263
-7.6926,53.28823,2021/09/18 23:00:00+00,Sun 19 Sep 2021,1863,8491,15,3560794,3421480,239462,3800256,3660942,80.7035687899549,77.7450478423125,264
-7.6926,53.28823,2021/09/19 23:00:00+00,Mon 20 Sep 2021,956,5620,35,3561750,3427100,239497,3801247,3666597,80.7246140134006,77.8651394049617,265
-7.6926,53.28823,2021/09/20 23:00:00+00,Tue 21 Sep 2021,1465,6671,90,3563215,3433771,239587,3802802,3673358,80.7576365385853,78.0087183713758,266
-7.6926,53.28823,2021/09/21 23:00:00+00,Wed 22 Sep 2021,1897,8150,97,3565112,3441921,239684,3804796,3681605,80.7999818216839,78.1838545547831,267
-7.6926,53.28823,2021/09/22 23:00:00+00,Thu 23 Sep 2021,1702,8726,89,3566814,3450647,239773,3806587,3690420,80.8380161256105,78.3710529853318,268
-7.6926,53.28823,2021/09/23 23:00:00+00,Fri 24 Sep 2021,1911,7379,79,3568725,3458026,239852,3808577,3697878,80.8802764633067,78.5294336881149,269
-7.6926,53.28823,2021/09/24 23:00:00+00,Sat 25 Sep 2021,2421,6601,53,3571146,3464627,239905,3811051,3704532,80.9328151946938,78.6707403650147,270
-7.6926,53.28823,2021/09/25 23:00:00+00,Sun 26 Sep 2021,1549,7098,0,3572695,3471725,239905,3812600,3711630,80.9657103017749,78.8214759815813,271
-7.6926,53.28823,2021/09/26 23:00:00+00,Mon 27 Sep 2021,1178,3823,45,3573873,3475548,239950,3813823,3715498,80.9916823585601,78.9036181857064,272
-7.6926,53.28823,2021/09/27 23:00:00+00,Tue 28 Sep 2021,1451,5136,93,3575324,3480684,240043,3815367,3720727,81.0244712838882,79.0146630629995,273
-7.6926,53.28823,2021/09/28 23:00:00+00,Wed 29 Sep 2021,1652,3629,79,3576976,3484313,240122,3817098,3724435,81.0612314067787,79.0934074510284,274
-7.6926,53.28823,2021/09/29 23:00:00+00,Thu 30 Sep 2021,1283,3974,78,3578259,3488287,240200,3818459,3728487,81.0901340799468,79.1794571436641,275
-7.6926,53.28823,2021/09/30 23:00:00+00,Fri 01 Oct 2021,1857,5183,42,3580116,3493470,240242,3820358,3733712,81.1304619097383,79.2904170755549,276
-7.6926,53.28823,2021/10/01 23:00:00+00,Sat 02 Oct 2021,1707,4092,40,3581823,3497562,240282,3822105,3737844,81.1675618142384,79.3781656762387,277
-7.6926,53.28823,2021/10/02 23:00:00+00,Sun 03 Oct 2021,1196,3018,9,3583019,3500580,240291,3823310,3740871,81.1931516167128,79.4424481095082,278
-7.6926,53.28823,2021/10/03 23:00:00+00,Mon 04 Oct 2021,340,1239,18,3583359,3501819,240309,3823668,3742128,81.2007542302279,79.4691422022138,279
-7.6926,53.28823,2021/10/04 23:00:00+00,Tue 05 Oct 2021,959,2825,70,3584318,3504644,240379,3824697,3745023,81.2226064349965,79.530621437204,280
-7.6926,53.28823,2021/10/05 23:00:00+00,Wed 06 Oct 2021,975,2574,40,3585293,3507218,240419,3825712,3747637,81.2441613308566,79.5861332576753,281
-7.6926,53.28823,2021/10/06 23:00:00+00,Thu 07 Oct 2021,1213,2698,44,3586506,3509916,240463,3826969,3750379,81.2708554235622,79.6443633310235,282
-7.6926,53.28823,2021/10/07 23:00:00+00,Fri 08 Oct 2021,941,2770,48,3587447,3512686,240511,3827958,3753197,81.2918581743067,79.7042073670174,283
-7.6926,53.28823,2021/10/08 23:00:00+00,Sat 09 Oct 2021,731,2375,23,3588178,3515061,240534,3828712,3755595,81.3078703826599,79.7551321357589,284
-7.6926,53.28823,2021/10/09 23:00:00+00,Sun 10 Oct 2021,1507,3916,2,3589685,3518977,240536,3830221,3759513,81.339916035717,79.838336157414,285
-7.6926,53.28823,2021/10/10 23:00:00+00,Mon 11 Oct 2021,333,1124,19,3590018,3520101,240555,3830573,3760656,81.3473912311286,79.8626093061511,286
-7.6926,53.28823,2021/10/11 23:00:00+00,Tue 12 Oct 2021,561,1611,20,3590579,3521712,240575,3831154,3762287,81.3597295508278,79.8972457939815,287
-7.6926,53.28823,2021/10/12 23:00:00+00,Wed 13 Oct 2021,988,2070,11,3591567,3523782,240586,3832153,3764368,81.3809446650783,79.9414386395824,288
-7.6926,53.28823,2021/10/13 23:00:00+00,Thu 14 Oct 2021,670,1604,8,3592237,3525386,240594,3832831,3765980,81.3953429107859,79.9756716367514,289
-7.6926,53.28823,2021/10/14 23:00:00+00,Fri 15 Oct 2021,953,2069,8,3593190,3527455,240602,3833792,3768057,81.4157510437135,80.0197795369499,290
-7.6926,53.28823,2021/10/15 23:00:00+00,Sat 16 Oct 2021,1374,2646,14,3594564,3530101,240616,3835180,3770717,81.4452270983479,80.0762682295488,291
-7.6926,53.28823,2021/10/16 23:00:00+00,Sun 17 Oct 2021,1701,2891,2,3596265,3532992,240618,3836883,3773610,81.4813926034216,80.1377049918378,292
-7.6926,53.28823,2021/10/17 23:00:00+00,Mon 18 Oct 2021,673,1245,6,3596938,3534237,240624,3837562,3774861,81.4958120854797,80.1642716664398,293
-7.6926,53.28823,2021/10/18 23:00:00+00,Tue 19 Oct 2021,1333,1800,13,3598271,3536037,240637,3838908,3776674,81.5243962133888,80.2027731700796,294
-7.6926,53.28823,2021/10/19 23:00:00+00,Wed 20 Oct 2021,2253,2328,0,3600524,3538365,240637,3841161,3779002,81.5722417112931,80.252211394279,295
-7.6926,53.28823,2021/10/20 23:00:00+00,Thu 21 Oct 2021,1728,1840,11,3602252,3540205,240648,3842900,3780853,81.6091717249884,80.2915198792416,296
-7.6926,53.28823,2021/10/21 23:00:00+00,Fri 22 Oct 2021,1504,1927,3,3603756,3542132,240651,3844407,3782783,81.6411749053443,80.3325060359018,297
-7.6926,53.28823,2021/10/22 23:00:00+00,Sat 23 Oct 2021,2013,1701,1,3605769,3543833,240652,3846421,3784485,81.6839449154549,80.3686503046248,298
-7.6926,53.28823,2021/10/23 23:00:00+00,Sun 24 Oct 2021,1949,2186,2,3607718,3546019,240654,3848372,3786673,81.7253770354777,80.41511543974,299
-7.6926,53.28823,2021/10/24 23:00:00+00,Mon 25 Oct 2021,1220,851,2,3608938,3546870,240656,3849594,3787526,81.7513278559122,80.4332300468028,300
-7.6926,53.28823,2021/10/25 23:00:00+00,Tue 26 Oct 2021,1234,1224,6,3610172,3548094,240662,3850834,3788756,81.7776609306576,80.4593507580421,301
-7.6926,53.28823,2021/10/26 23:00:00+00,Wed 27 Oct 2021,1554,1419,5,3611726,3549513,240667,3852393,3790180,81.8107684012447,80.4895913212981,302
-7.6926,53.28823,2021/10/27 23:00:00+00,Thu 28 Oct 2021,2149,1689,5,3613875,3551202,240672,3854547,3791874,81.8565115004395,80.5255656992164,303
-7.6926,53.28823,2021/10/28 23:00:00+00,Fri 29 Oct 2021,2135,1361,2,3616010,3552563,240674,3856684,3793237,81.901893581674,80.5545108450857,304
-7.6926,53.28823,2021/10/29 23:00:00+00,Sat 30 Oct 2021,2017,1448,1,3618027,3554011,240675,3858702,3794686,81.9447485371871,80.5852823171067,305
-7.6926,53.28823,2021/10/30 23:00:00+00,Sun 31 Oct 2021,1594,1320,0,3619621,3555331,240675,3860296,3796006,81.9785992800452,80.6133142999002,306
-7.6926,53.28823,2021/11/01 00:00:00+00,Mon 01 Nov 2021,276,286,2,3619897,3555617,240677,3860574,3796294,81.9845029855123,80.6194303688733,307
-7.6926,53.28823,2021/11/02 00:00:00+00,Tue 02 Nov 2021,1096,1093,10,3620993,3556710,240687,3861680,3797397,82.0079903892772,80.6428540635863,308
-7.6926,53.28823,2021/11/03 00:00:00+00,Wed 03 Nov 2021,2533,1876,6,3623526,3558586,240693,3864219,3799279,82.0619094834534,80.6828208754176,309
-7.6926,53.28823,2021/11/04 00:00:00+00,Thu 04 Nov 2021,1535,1280,1,3625061,3559866,240694,3865755,3800560,82.0945285179767,80.7100246405376,310
-7.6926,53.28823,2021/11/05 00:00:00+00,Fri 05 Nov 2021,1627,1092,3,3626688,3560958,240697,3867385,3801655,82.1291437694565,80.7332784444458,311
-7.6926,53.28823,2021/11/06 00:00:00+00,Sat 06 Nov 2021,1813,1354,6,3628501,3562312,240703,3869204,3803015,82.1677726911999,80.7621598812633,312
-7.6926,53.28823,2021/11/07 00:00:00+00,Sun 07 Nov 2021,695,774,0,3629196,3563086,240703,3869899,3803789,82.1825319548677,80.7785968166286,313
-7.6926,53.28823,2021/11/08 00:00:00+00,Mon 08 Nov 2021,516,529,3,3629712,3563615,240706,3870418,3804321,82.1935536208296,80.7898945551484,314
-7.6926,53.28823,2021/11/09 00:00:00+00,Tue 09 Nov 2021,1369,1062,3,3631081,3564677,240709,3871790,3805386,82.2226898938544,80.8125112685385,315
-7.6926,53.28823,2021/11/10 00:00:00+00,Wed 10 Nov 2021,1608,1359,1,3632689,3566036,240710,3873399,3806746,82.2568591819715,80.841392705356,316
-7.6926,53.28823,2021/11/11 00:00:00+00,Thu 11 Nov 2021,1386,1108,1,3634075,3567144,240711,3874786,3807855,82.2863140002553,80.8649438181727,317
-7.6926,53.28823,2021/11/12 00:00:00+00,Fri 12 Nov 2021,1141,1154,6,3635216,3568298,240717,3875933,3809015,82.3106720943947,80.88957798487,318
-7.6926,53.28823,2021/11/13 00:00:00+00,Sat 13 Nov 2021,1397,1375,0,3636613,3569673,240717,3877330,3810390,82.3403392761845,80.9187779669465,319
-7.6926,53.28823,2021/11/14 00:00:00+00,Sun 14 Nov 2021,1648,1806,0,3638261,3571479,240717,3878978,3812196,82.3753367819751,80.9571308161321,320
-7.6926,53.28823,2021/11/15 00:00:00+00,Mon 15 Nov 2021,1237,591,1,3639498,3572070,240718,3880216,3812788,82.4016273840193,80.9697027356879,321
-7.6926,53.28823,2021/11/16 00:00:00+00,Tue 16 Nov 2021,1317,1071,5,3640815,3573141,240723,3881538,3813864,82.4297018395139,80.9925530489347,322
-7.6926,53.28823,2021/11/17 00:00:00+00,Wed 17 Nov 2021,1496,1110,0,3642311,3574251,240723,3883034,3814974,82.4614714200132,81.0161253981019,323
-7.6926,53.28823,2021/11/18 00:00:00+00,Thu 18 Nov 2021,1645,2501,5,3643956,3576752,240728,3884684,3817480,82.496511398505,81.0693436927083,324
-7.6926,53.28823,2021/11/19 00:00:00+00,Fri 19 Nov 2021,1163,1551,0,3645119,3578303,240728,3885847,3819031,82.5212092742541,81.1022812724906,325
-7.6926,53.28823,2021/11/20 00:00:00+00,Sat 20 Nov 2021,1545,2938,12,3646664,3581241,240740,3887404,3821981,82.55427427214,81.1649285067639,326
-7.6926,53.28823,2021/11/21 00:00:00+00,Sun 21 Nov 2021,1788,2762,0,3648452,3584003,240740,3889192,3824743,82.5922448670148,81.2235833071241,327
-7.6926,53.28823,2021/11/22 00:00:00+00,Mon 22 Nov 2021,719,519,2,3649171,3584522,240742,3889913,3825264,82.6075562757982,81.2346474457873,328
-7.6926,53.28823,2021/11/23 00:00:00+00,Tue 23 Nov 2021,2154,1591,7,3651325,3586113,240749,3892074,3826862,82.6534480294472,81.2685831340479,329
-7.6926,53.28823,2021/11/24 00:00:00+00,Wed 24 Nov 2021,1608,3143,2,3652933,3589256,240751,3893684,3830007,82.687638553915,81.3353714566883,330
-7.6926,53.28823,2021/11/25 00:00:00+00,Thu 25 Nov 2021,975,1182,1,3653908,3590438,240752,3894660,3831190,82.7083652321016,81.3604940594495,331
-7.6926,53.28823,2021/11/26 00:00:00+00,Fri 26 Nov 2021,1283,1103,12,3655191,3591541,240764,3895955,3832305,82.7358663061301,81.3841725903697,332
-7.6926,53.28823,2021/11/27 00:00:00+00,Sat 27 Nov 2021,1200,1564,6,3656391,3593105,240770,3897161,3833875,82.761477344955,81.4175136608134,333
-7.6926,53.28823,2021/11/28 00:00:00+00,Sun 28 Nov 2021,1955,2256,0,3658346,3595361,240770,3899116,3836131,82.8029944103802,81.4654228677695,334
-7.6926,53.28823,2021/11/29 00:00:00+00,Mon 29 Nov 2021,532,993,1,3658878,3596354,240771,3899649,3837125,82.8143133852505,81.486531800267,335
-7.6926,53.28823,2021/11/30 00:00:00+00,Tue 30 Nov 2021,1896,1642,6,3660774,3597996,240777,3901551,3838773,82.8547049240939,81.5215293060576,336
-7.6926,53.28823,2021/12/01 00:00:00+00,Wed 01 Dec 2021,1035,1378,3,3661809,3599374,240780,3902589,3840154,82.8767482560178,81.5508567062378,337
-7.6926,53.28823,2021/12/02 00:00:00+00,Thu 02 Dec 2021,1739,1410,0,3663548,3600784,240780,3904328,3841564,82.9136782697131,81.5807999605853,338
-7.6926,53.28823,2021/12/03 00:00:00+00,Fri 03 Dec 2021,1014,1184,2,3664562,3601968,240782,3905344,3842750,82.9352544019238,81.6059862723982,339
-7.6926,53.28823,2021/12/04 00:00:00+00,Sat 04 Dec 2021,1202,1700,1,3665764,3603668,240783,3906547,3844451,82.960801731697,81.6421093047707,340
-7.6926,53.28823,2021/12/05 00:00:00+00,Sun 05 Dec 2021,1347,1774,2,3667111,3605442,240785,3907896,3846227,82.9894495686579,81.6798250634383,341
-7.6926,53.28823,2021/12/06 00:00:00+00,Mon 06 Dec 2021,931,1292,0,3668042,3606734,240785,3908827,3847519,83.0092206110675,81.7072624284149,342
-7.6926,53.28823,2021/12/07 00:00:00+00,Tue 07 Dec 2021,484,740,2,3668526,3607474,240787,3909313,3848261,83.0195414774596,81.7230198005609,343
-7.6926,53.28823,2021/12/08 00:00:00+00,Wed 08 Dec 2021,785,1516,2,3669311,3608990,240789,3910100,3849779,83.0362544853827,81.7552565807734,344
-7.6926,53.28823,2021/12/09 00:00:00+00,Thu 09 Dec 2021,784,1208,1,3670095,3610198,240790,3910885,3850988,83.0529250206046,81.7809313286502,345
-7.6926,53.28823,2021/12/10 00:00:00+00,Fri 10 Dec 2021,886,1612,1,3670981,3611810,240791,3911772,3852601,83.0717616635878,81.8151855621697,346
-7.6926,53.28823,2021/12/11 00:00:00+00,Sat 11 Dec 2021,638,841,2,3671619,3612651,240793,3912412,3853444,83.0853529279725,81.8330878057265,347
-7.6926,53.28823,2021/12/12 00:00:00+00,Sun 12 Dec 2021,686,1192,0,3672305,3613843,240793,3913098,3854636,83.0999210644848,81.858401535643,348
-7.6926,53.28823,2021/12/13 00:00:00+00,Mon 13 Dec 2021,719,1067,1,3673024,3614910,240794,3913818,3855704,83.1152112369176,81.881081958085,349
-7.6926,53.28823,2021/12/14 00:00:00+00,Tue 14 Dec 2021,624,1199,3,3673648,3616109,240797,3914445,3856906,83.1285264287445,81.9066080515075,350
-7.6926,53.28823,2021/12/15 00:00:00+00,Wed 15 Dec 2021,785,1255,0,3674433,3617364,240797,3915230,3858161,83.1451969639664,81.9332596715119,351
-7.6926,53.28823,2021/12/16 00:00:00+00,Thu 16 Dec 2021,1042,1541,7,3675475,3618905,240804,3916279,3859709,83.1674738957469,81.9661335422424,352
-7.6926,53.28823,2021/12/17 00:00:00+00,Fri 17 Dec 2021,1198,2458,1,3676673,3621363,240805,3917478,3862168,83.1929362801177,82.0183537283705,353
-7.6926,53.28823,2021/12/18 00:00:00+00,Sat 18 Dec 2021,1245,1183,0,3677918,3622546,240805,3918723,3863351,83.219375536616,82.0434763311316,354
-7.6926,53.28823,2021/12/19 00:00:00+00,Sun 19 Dec 2021,542,887,1,3678460,3623433,240806,3919266,3864239,83.2309068749924,82.0623342104654,355
-7.6926,53.28823,2021/12/20 00:00:00+00,Mon 20 Dec 2021,503,615,0,3678963,3624048,240806,3919769,3864854,83.2415887593448,82.0753945660851,356
-7.6926,53.28823,2021/12/21 00:00:00+00,Tue 21 Dec 2021,1399,1816,3,3680362,3625864,240809,3921171,3866673,83.2713621228875,82.1140234878285,357
-7.6926,53.28823,2021/12/22 00:00:00+00,Wed 22 Dec 2021,1154,1591,2,3681516,3627455,240811,3922327,3868266,83.2959113441824,82.1478529943361,358
-7.6926,53.28823,2021/12/23 00:00:00+00,Thu 23 Dec 2021,920,1389,0,3682436,3628844,240811,3923247,3869655,83.3154487867354,82.177350285321,359
-7.6926,53.28823,2021/12/24 00:00:00+00,Fri 24 Dec 2021,100,156,0,3682536,3629000,240811,3923347,3869811,83.3175724217955,82.1806631560148,360
-7.6926,53.28823,2021/12/25 00:00:00+00,Sat 25 Dec 2021,1,5,0,3682537,3629005,240811,3923348,3869816,83.3175936581462,82.1807693377678,361
-7.6926,53.28823,2021/12/26 00:00:00+00,Sun 26 Dec 2021,11,10,0,3682548,3629015,240811,3923359,3869826,83.3178272580028,82.1809817012738,362
-7.6926,53.28823,2021/12/27 00:00:00+00,Mon 27 Dec 2021,389,588,0,3682937,3629603,240811,3923748,3870414,83.3260881983866,82.1934686754272,363
-7.6926,53.28823,2021/12/28 00:00:00+00,Tue 28 Dec 2021,465,746,0,3683402,3630349,240811,3924213,3871160,83.3359631014161,82.2093109929756,364
-7.6926,53.28823,2021/12/29 00:00:00+00,Wed 29 Dec 2021,1058,1306,0,3684460,3631655,240811,3925271,3872466,83.3584311603521,82.2370456668607,365
-7.6926,53.28823,2021/12/30 00:00:00+00,Thu 30 Dec 2021,1047,1194,1,3685507,3632849,240812,3926319,3873661,83.380686855782,82.262423105829,366
-7.6926,53.28823,2021/12/31 00:00:00+00,Fri 31 Dec 2021,712,1679,0,3686219,3634528,240812,3927031,3875340,83.39580713741,82.2980789384883,367
-7.6926,53.28823,2022/01/01 00:00:00+00,Sat 01 Jan 2022,65,97,0,3686284,3634625,240812,3927096,3875437,83.3971875001991,82.3001388644966,368
-7.6926,53.28823,2022/01/02 00:00:00+00,Sun 02 Jan 2022,270,627,0,3686554,3635252,240812,3927366,3876064,83.4029213148614,82.3134540563235,369
-7.6926,53.28823,2022/01/03 00:00:00+00,Mon 03 Jan 2022,3629,725,1,3690183,3635977,240813,3930996,3876790,83.4800092675434,82.3288716468599,370
-7.6926,53.28823,2022/01/04 00:00:00+00,Tue 04 Jan 2022,1187,778,0,3691370,3636755,240813,3932183,3877568,83.5052168157069,82.3453935276275,371
-7.6926,53.28823,2022/01/05 00:00:00+00,Wed 05 Jan 2022,2140,900,0,3693510,3637655,240813,3934323,3878468,83.5506626059933,82.3645062431685,372
-7.6926,53.28823,2022/01/06 00:00:00+00,Thu 06 Jan 2022,2455,1693,1,3695965,3639348,240814,3936779,3880162,83.6028190830696,82.4004806210868,373
-7.6926,53.28823,2022/01/07 00:00:00+00,Fri 07 Jan 2022,4852,785,2,3700817,3640133,240816,3941633,3880949,83.7059003288874,82.4171936290099,374
-7.6926,53.28823,2022/01/08 00:00:00+00,Sat 08 Jan 2022,9790,738,2,3710607,3640871,240818,3951425,3881689,83.9138466739734,82.4329085284547,375
-7.6926,53.28823,2022/01/09 00:00:00+00,Sun 09 Jan 2022,7115,664,0,3717722,3641535,240818,3958540,3882353,84.0649433085002,82.4470094652538,376
-7.6926,53.28823,2022/01/10 00:00:00+00,Mon 10 Jan 2022,6659,505,1,3724381,3642040,240819,3965200,3882859,84.2063774035036,82.457755058658,377
-7.6926,53.28823,2022/01/11 00:00:00+00,Tue 11 Jan 2022,4774,1367,1,3729155,3643407,240820,3969975,3884227,84.3077809776239,82.4868063862803,378
-7.6926,53.28823,2022/01/12 00:00:00+00,Wed 12 Jan 2022,7559,918,1,3736714,3644325,240821,3977535,3885146,84.4683277881683,82.5063225924827,379
-7.6926,53.28823,2022/01/13 00:00:00+00,Thu 13 Jan 2022,7323,815,0,3744037,3645140,240821,3984858,3885961,84.6238415836201,82.5236302182226,380
-7.6926,53.28823,2022/01/14 00:00:00+00,Fri 14 Jan 2022,10725,833,0,3754762,3645973,240821,3995583,3886794,84.851601443817,82.5413200982733,381
-7.6926,53.28823,2022/01/15 00:00:00+00,Sat 15 Jan 2022,8358,652,2,3763120,3646625,240823,4003943,3887448,85.0291373348422,82.5552086715665,382
-7.6926,53.28823,2022/01/16 00:00:00+00,Sun 16 Jan 2022,6965,1215,1,3770085,3647840,240824,4010909,3888664,85.1770697531296,82.5810320738974,383
-7.6926,53.28823,2022/01/17 00:00:00+00,Mon 17 Jan 2022,2562,560,0,3772647,3648400,240824,4013471,3889224,85.2314772833696,82.592924430234,384
-7.6926,53.28823,2022/01/18 00:00:00+00,Tue 18 Jan 2022,4056,447,3,3776703,3648847,240827,4017530,3889674,85.3176756304595,82.6024807880045,385
-7.6926,53.28823,2022/01/19 00:00:00+00,Wed 19 Jan 2022,3487,622,0,3780190,3649469,240827,4021017,3890296,85.3917267850055,82.6156897980784,386
-7.6926,53.28823,2022/01/20 00:00:00+00,Thu 20 Jan 2022,3691,932,0,3783881,3650401,240827,4024708,3891228,85.4701101550742,82.6354820768386,387
-7.6926,53.28823,2022/01/21 00:00:00+00,Fri 21 Jan 2022,3250,976,0,3787131,3651377,240827,4027958,3892204,85.5391282945278,82.6562087550253,388
-7.6926,53.28823,2022/01/22 00:00:00+00,Sat 22 Jan 2022,4270,643,0,3791401,3652020,240827,4032228,3892847,85.6298075115945,82.6698637284618,389
-7.6926,53.28823,2022/01/23 00:00:00+00,Sun 23 Jan 2022,3092,677,0,3794493,3652697,240827,4035320,3893524,85.6954703076531,82.6842407378188,390
-7.6926,53.28823,2022/01/24 00:00:00+00,Mon 24 Jan 2022,646,461,0,3795139,3653158,240827,4035966,3893985,85.7091889901415,82.6940306954459,391
-7.6926,53.28823,2022/01/25 00:00:00+00,Tue 25 Jan 2022,692,1837,0,3795831,3654995,240827,4036658,3895822,85.7238845447574,82.7330418715001,392
-7.6926,53.28823,2022/01/26 00:00:00+00,Wed 26 Jan 2022,701,896,0,3796532,3655891,240827,4037359,3896718,85.7387712265288,82.7520696416387,393
-7.6926,53.28823,2022/01/27 00:00:00+00,Thu 27 Jan 2022,1272,1175,0,3797804,3657066,240827,4038631,3897893,85.7657838644934,82.777022353595,394
-7.6926,53.28823,2022/01/28 00:00:00+00,Fri 28 Jan 2022,1029,3093,1,3798833,3660159,240828,4039661,3900987,85.7876573056125,82.8427276223548,395
-7.6926,53.28823,2022/01/29 00:00:00+00,Sat 29 Jan 2022,2328,3444,0,3801161,3663603,240828,4041989,3904431,85.8370955298119,82.915865613825,396
-7.6926,53.28823,2022/01/30 00:00:00+00,Sun 30 Jan 2022,1638,7537,0,3802799,3671140,240828,4043627,3911968,85.8718806720965,83.0759239883056,397
-7.6926,53.28823,2022/01/31 00:00:00+00,Mon 31 Jan 2022,480,1392,0,3803279,3672532,240828,4044107,3913360,85.882074120385,83.1054849883423,398
-7.6926,53.28823,2022/02/01 00:00:00+00,Tue 01 Feb 2022,747,3416,1,3804026,3675948,240829,4044855,3916777,85.8979589106347,83.1780495983463,399
-7.6926,53.28823,2022/02/02 00:00:00+00,Wed 02 Feb 2022,650,2996,0,3804676,3678944,240829,4045505,3919773,85.9117625385254,83.2416737047472,400
-7.6926,53.28823,2022/02/03 00:00:00+00,Thu 03 Feb 2022,905,2434,1,3805581,3681378,240830,4046411,3922208,85.93100267217,83.2933842184609,401
-7.6926,53.28823,2022/02/04 00:00:00+00,Fri 04 Feb 2022,1173,6523,0,3806754,3687901,240830,4047584,3928731,85.9559129114251,83.4319089334319,402
-7.6926,53.28823,2022/02/05 00:00:00+00,Sat 05 Feb 2022,1777,5750,0,3808531,3693651,240830,4049361,3934481,85.9936499064433,83.5540179493883,403
-7.6926,53.28823,2022/02/06 00:00:00+00,Sun 06 Feb 2022,1407,7555,0,3809938,3701206,240830,4050768,3942036,86.023529451739,83.7144585781796,404
-7.6926,53.28823,2022/02/07 00:00:00+00,Mon 07 Feb 2022,440,1351,0,3810378,3702557,240830,4051208,3943387,86.0328734460035,83.7431488878417,405
-7.6926,53.28823,2022/02/08 00:00:00+00,Tue 08 Feb 2022,901,1236,0,3811279,3703793,240830,4052109,3944623,86.0520073978951,83.7693970171847,406
-7.6926,53.28823,2022/02/09 00:00:00+00,Wed 09 Feb 2022,1332,1782,0,3812611,3705575,240830,4053441,3946405,86.0802942168958,83.8072401939558,407
-7.6926,53.28823,2022/02/10 00:00:00+00,Thu 10 Feb 2022,685,2548,0,3813296,3708123,240830,4054126,3948953,86.0948411170575,83.8613504152874,408
-7.6926,53.28823,2022/02/11 00:00:00+00,Fri 11 Feb 2022,546,4920,0,3813842,3713043,240830,4054672,3953873,86.1064361644857,83.9658332602449,409
-7.6926,53.28823,2022/02/12 00:00:00+00,Sat 12 Feb 2022,1399,5462,0,3815241,3718505,240830,4056071,3959335,86.1361458189767,84.0818262072281,410
-7.6926,53.28823,2022/02/13 00:00:00+00,Sun 13 Feb 2022,1567,4706,0,3816808,3723211,240830,4057638,3964041,86.1694231803686,84.1817644731569,411
-7.6926,53.28823,2022/02/14 00:00:00+00,Mon 14 Feb 2022,172,953,0,3816980,3724164,240830,4057810,3964994,86.173075832672,84.2020027152798,412
-7.6926,53.28823,2022/02/15 00:00:00+00,Tue 15 Feb 2022,649,818,1,3817629,3724982,240831,4058460,3965813,86.1868794605627,84.2193952864221,413
-7.6926,53.28823,2022/02/16 00:00:00+00,Wed 16 Feb 2022,800,1785,0,3818429,3726767,240831,4059260,3967598,86.2038685410436,84.2573021722451,414
-7.6926,53.28823,2022/02/17 00:00:00+00,Thu 17 Feb 2022,791,1191,2,3819220,3727958,240833,4060053,3968791,86.2207089670703,84.2826371385122,415
-7.6926,53.28823,2022/02/18 00:00:00+00,Fri 18 Feb 2022,790,3293,0,3820010,3731251,240833,4060843,3972084,86.2374856840452,84.3525684410416,416
-7.6926,53.28823,2022/02/19 00:00:00+00,Sat 19 Feb 2022,980,3555,0,3820990,3734806,240833,4061823,3975639,86.2582973076342,84.4280636674286,417
-7.6926,53.28823,2022/02/20 00:00:00+00,Sun 20 Feb 2022,1366,3587,0,3822356,3738393,240833,4063189,3979226,86.2873061625553,84.5042384570347,418
-7.6926,53.28823,2022/02/21 00:00:00+00,Mon 21 Feb 2022,252,994,1,3822608,3739387,240834,4063442,3980221,86.2926789592574,84.5253686258828,419
-7.6926,53.28823,2022/02/22 00:00:00+00,Tue 22 Feb 2022,475,981,0,3823083,3740368,240834,4063917,3981202,86.302766225793,84.5462014858225,420
-7.6926,53.28823,2022/02/23 00:00:00+00,Wed 23 Feb 2022,830,1272,1,3823913,3741640,240835,4064748,3982475,86.3204136331425,84.5732353601377,421
-7.6926,53.28823,2022/02/24 00:00:00+00,Thu 24 Feb 2022,657,1233,0,3824570,3742873,240835,4065405,3983708,86.3343659154874,84.5994197804289,422
-7.6926,53.28823,2022/02/25 00:00:00+00,Fri 25 Feb 2022,690,1228,0,3825260,3744101,240835,4066095,3984936,86.3490189974022,84.625498018967,423
-7.6926,53.28823,2022/02/26 00:00:00+00,Sat 26 Feb 2022,959,2092,0,3826219,3746193,240835,4067054,3987028,86.3693846576286,84.6699244644246,424
-7.6926,53.28823,2022/02/27 00:00:00+00,Sun 27 Feb 2022,671,1783,0,3826890,3747976,240835,4067725,3988811,86.383634248882,84.7077888775463,425
-7.6926,53.28823,2022/02/28 00:00:00+00,Mon 28 Feb 2022,81,428,0,3826971,3748404,240835,4067806,3989239,86.3853543932807,84.7168780356036,426
-7.6926,53.28823,2022/03/01 00:00:00+00,Tue 01 Mar 2022,129,937,0,3827100,3749341,240835,4067935,3990176,86.3880938825082,84.7367764961168,427
-7.6926,53.28823,2022/03/02 00:00:00+00,Wed 02 Mar 2022,206,996,2,3827306,3750337,240837,4068143,3991174,86.3925110434332,84.7579703740167,428
-7.6926,53.28823,2022/03/03 00:00:00+00,Thu 03 Mar 2022,279,1273,0,3827585,3751610,240837,4068422,3992447,86.3984359852509,84.7850042483319,429
-7.6926,53.28823,2022/03/04 00:00:00+00,Fri 04 Mar 2022,734,1505,1,3828319,3753115,240838,4069157,3993953,86.4140447029427,84.8169861923372,430
-7.6926,53.28823,2022/03/05 00:00:00+00,Sat 05 Mar 2022,963,3341,0,3829282,3756456,240838,4070120,3997294,86.4344953085716,84.8879368396955,431
-7.6926,53.28823,2022/03/06 00:00:00+00,Sun 06 Mar 2022,455,1915,0,3829737,3758371,240838,4070575,3999209,86.4441578480951,84.9286044510966,432
-7.6926,53.28823,2022/03/07 00:00:00+00,Mon 07 Mar 2022,114,123,1,3829851,3758494,240839,4070690,3999333,86.4466000284142,84.9312377585712,433
-7.6926,53.28823,2022/03/08 00:00:00+00,Tue 08 Mar 2022,120,492,0,3829971,3758986,240839,4070810,3999825,86.4491483904864,84.9416860430669,434
-7.6926,53.28823,2022/03/09 00:00:00+00,Wed 09 Mar 2022,129,344,1,3830100,3759330,240840,4070940,4000170,86.4519091160645,84.9490125840243,435
-7.6926,53.28823,2022/03/10 00:00:00+00,Thu 10 Mar 2022,258,508,0,3830358,3759838,240840,4071198,4000678,86.4573880945196,84.9598006501296,436
-7.6926,53.28823,2022/03/11 00:00:00+00,Fri 11 Mar 2022,492,2182,0,3830850,3762020,240840,4071690,4002860,86.4678363790153,85.0061383671412,437
-7.6926,53.28823,2022/03/12 00:00:00+00,Sat 12 Mar 2022,473,2391,2,3831323,3764411,240842,4072165,4005253,86.4779236455509,85.0569569541297,438
-7.6926,53.28823,2022/03/13 00:00:00+00,Sun 13 Mar 2022,358,1082,0,3831681,3765493,240842,4072523,4006335,86.4855262590661,85.0799346854801,439
-7.6926,53.28823,2022/03/14 00:00:00+00,Mon 14 Mar 2022,109,121,0,3831790,3765614,240842,4072632,4006456,86.4878410212816,85.0825042839028,440
-7.6926,53.28823,2022/03/15 00:00:00+00,Tue 15 Mar 2022,219,757,1,3832009,3766371,240843,4072852,4007214,86.4925130184138,85.0986014376585,441
-7.6926,53.28823,2022/03/16 00:00:00+00,Wed 16 Mar 2022,196,797,0,3832205,3767168,240843,4073048,4008011,86.4966753431316,85.1155268090876,442
-7.6926,53.28823,2022/03/18 00:00:00+00,Fri 18 Mar 2022,1,6,0,3832206,3767174,240843,4073049,4008017,86.4966965794822,85.1156542271912,443
-7.6926,53.28823,2022/03/19 00:00:00+00,Sat 19 Mar 2022,743,2779,0,3832949,3769953,240843,4073792,4010796,86.5124751879789,85.1746700455116,444
-7.6926,53.28823,2022/03/20 00:00:00+00,Sun 20 Mar 2022,395,1402,0,3833344,3771355,240843,4074187,4012198,86.5208635464663,85.2044434090544,445
-7.6926,53.28823,2022/03/21 00:00:00+00,Mon 21 Mar 2022,54,112,0,3833398,3771467,240843,4074241,4012310,86.5220103093988,85.2068218803217,446
-7.6926,53.28823,2022/03/22 00:00:00+00,Tue 22 Mar 2022,140,575,0,3833538,3772042,240843,4074381,4012885,86.5249833984829,85.2190327819173,447
-7.6926,53.28823,2022/03/23 00:00:00+00,Wed 23 Mar 2022,102,221,0,3833640,3772263,240843,4074483,4013106,86.5271495062442,85.2237260154002,448
-7.6926,53.28823,2022/03/24 00:00:00+00,Thu 24 Mar 2022,148,244,0,3833788,3772507,240843,4074631,4013350,86.5302924861332,85.2289076849468,449
-7.6926,53.28823,2022/03/25 00:00:00+00,Fri 25 Mar 2022,435,1625,0,3834223,3774132,240843,4075066,4014975,86.5395302986447,85.2634167546736,450
-7.6926,53.28823,2022/03/26 00:00:00+00,Sat 26 Mar 2022,874,1848,0,3835097,3775980,240843,4075940,4016823,86.55809086907,85.3026615305845,451
-7.6926,53.28823,2022/03/27 00:00:00+00,Sun 27 Mar 2022,380,803,0,3835477,3776783,240843,4076320,4017626,86.5661606822985,85.3197143201172,452
-7.6926,53.28823,2022/03/27 23:00:00+00,Mon 28 Mar 2022,44,53,1,3835521,3776836,240844,4076365,4017680,86.5671163180755,85.3208610830496,453
-7.6926,53.28823,2022/03/28 23:00:00+00,Tue 29 Mar 2022,138,193,3,3835659,3777029,240847,4076506,4017876,86.5701106435103,85.3250234077674,454
-7.6926,53.28823,2022/03/29 23:00:00+00,Wed 30 Mar 2022,109,135,0,3835768,3777164,240847,4076615,4018011,86.5724254057258,85.3278903150986,455
-7.6926,53.28823,2022/03/30 23:00:00+00,Thu 31 Mar 2022,227,358,0,3835995,3777522,240847,4076842,4018369,86.5772460573122,85.3354929286138,456
-7.6926,53.28823,2022/03/31 23:00:00+00,Fri 01 Apr 2022,304,903,0,3836299,3778425,240847,4077146,4019272,86.583701907895,85.3546693532066,457
-7.6926,53.28823,2022/04/01 23:00:00+00,Sat 02 Apr 2022,729,1539,0,3837028,3779964,240847,4077875,4020811,86.5991832074832,85.3873520967817,458
-7.6926,53.28823,2022/04/02 23:00:00+00,Sun 03 Apr 2022,537,816,0,3837565,3780780,240847,4078412,4021627,86.610587127756,85.4046809588722,459
-7.6926,53.28823,2022/04/03 23:00:00+00,Mon 04 Apr 2022,49,53,0,3837614,3780833,240847,4078461,4021680,86.6116277089354,85.4058064854541,460
-7.6926,53.28823,2022/04/04 23:00:00+00,Tue 05 Apr 2022,130,169,0,3837744,3781002,240847,4078591,4021849,86.6143884345136,85.4093954287057,461
-7.6926,53.28823,2022/04/05 23:00:00+00,Wed 06 Apr 2022,159,209,0,3837903,3781211,240847,4078750,4022058,86.6177650142591,85.4138338259813,462
-7.6926,53.28823,2022/04/06 23:00:00+00,Thu 07 Apr 2022,116,178,0,3838019,3781389,240847,4078866,4022236,86.6202284309289,85.4176138963883,463
-7.6926,53.28823,2022/04/07 23:00:00+00,Fri 08 Apr 2022,259,421,2,3838278,3781810,240849,4079127,4022659,86.6257711184358,85.4265968726925,464
-7.6926,53.28823,2022/04/08 23:00:00+00,Sat 09 Apr 2022,559,1018,0,3838837,3782828,240849,4079686,4023677,86.6376422384218,85.4482154776045,465
-7.6926,53.28823,2022/04/09 23:00:00+00,Sun 10 Apr 2022,413,719,0,3839250,3783547,240849,4080099,4024396,86.64641285122,85.4634844136867,466
-7.6926,53.28823,2021/04/23 23:00:00+00,Sat 24 Apr 2021,23702,6993,2,1038223,430782,255,1038478,431037,22.0534828995349,9.15365285404872,467
-7.6926,53.28823,2021/04/24 23:00:00+00,Sun 25 Apr 2021,9751,302,2,1047974,431084,257,1048231,431341,22.2606010269474,9.16010870463146,468
-7.6926,53.28823,2021/04/25 23:00:00+00,Mon 26 Apr 2021,15594,3056,3,1063568,434140,260,1063828,434400,22.5918243872729,9.22507070112024,469
-7.6926,53.28823,2021/04/26 23:00:00+00,Tue 27 Apr 2021,25915,7814,9,1089483,441954,269,1089752,442223,23.1423555402559,9.39120267187269,470
-7.6926,53.28823,2021/04/27 23:00:00+00,Wed 28 Apr 2021,26038,8610,5,1115521,450564,274,1115795,450838,23.6954138189605,9.57415383230121,471
-7.6926,53.28823,2021/04/28 23:00:00+00,Thu 29 Apr 2021,31689,11334,6,1147210,461898,280,1147490,462178,24.3684999512626,9.81497404811775,472
-7.6926,53.28823,2021/04/29 23:00:00+00,Fri 30 Apr 2021,36111,13528,8,1183321,475426,288,1183609,475714,25.1355356986239,10.1024292898543,473
-7.6926,53.28823,2021/04/30 23:00:00+00,Sat 01 May 2021,16580,6690,18,1199901,482116,306,1200207,482422,25.4880166459011,10.2448827296865,474
-7.6926,53.28823,2021/05/01 23:00:00+00,Sun 02 May 2021,12463,909,15,1212364,483025,321,1212685,483346,25.7530038287016,10.2645051176419,475
-7.6926,53.28823,2021/05/02 23:00:00+00,Mon 03 May 2021,14264,923,21,1226628,483948,342,1226970,484290,26.0563650970384,10.2845522326094,476
-7.6926,53.28823,2021/05/03 23:00:00+00,Tue 04 May 2021,26661,6792,10,1253289,490740,352,1253641,491092,26.6227598039205,10.4290018893981,477
-7.6926,53.28823,2021/05/04 23:00:00+00,Wed 05 May 2021,32111,13456,69,1285400,504196,421,1285821,504617,27.3061455662641,10.7162235312781,478
-7.6926,53.28823,2021/05/05 23:00:00+00,Thu 06 May 2021,37292,14374,132,1322692,518570,553,1323245,519123,28.1008947511599,11.0242780330977,479
-7.6926,53.28823,2021/05/06 23:00:00+00,Fri 07 May 2021,40602,15072,97,1363294,533642,650,1363944,534292,28.9651929842743,11.3464122353659,480
-7.6926,53.28823,2021/05/07 23:00:00+00,Sat 08 May 2021,25624,7054,10,1388918,540696,660,1389578,541356,29.509565595583,11.4964258160121,481
-7.6926,53.28823,2021/05/08 23:00:00+00,Sun 09 May 2021,19674,926,5,1408592,541622,665,1409257,542287,29.9274757390622,11.5161968584217,482
-7.6926,53.28823,2021/05/09 23:00:00+00,Mon 10 May 2021,28844,4645,171,1437436,546267,836,1438272,547103,30.5436484517532,11.6184711229166,483
-7.6926,53.28823,2021/05/10 23:00:00+00,Tue 11 May 2021,33923,14825,153,1471359,561092,989,1472348,562081,31.2672983348365,11.93654918222,484
-7.6926,53.28823,2021/05/11 23:00:00+00,Wed 12 May 2021,31293,20944,173,1502652,582036,1162,1503814,583198,31.9355213428509,12.3849971978635,485
-7.6926,53.28823,2021/05/12 23:00:00+00,Thu 13 May 2021,35997,25480,152,1538649,607516,1314,1539963,608830,32.7031941807303,12.9293273364711,486
-7.6926,53.28823,2021/05/13 23:00:00+00,Fri 14 May 2021,38220,27942,236,1576869,635458,1550,1578419,637008,33.5198592794464,13.527725223709,487
-7.6926,53.28823,2021/05/14 23:00:00+00,Sat 15 May 2021,28857,12449,22,1605726,647907,1572,1607298,649479,34.1331438484557,13.7925637520554,488
-7.6926,53.28823,2021/05/15 23:00:00+00,Sun 16 May 2021,23174,1173,9,1628900,649080,1581,1630481,650661,34.6254661644411,13.8176651184659,489
-7.6926,53.28823,2021/05/16 23:00:00+00,Mon 17 May 2021,35382,3952,118,1664282,653032,1699,1665981,654731,35.3793566107804,13.9040970654124,490
-7.6926,53.28823,2021/05/17 23:00:00+00,Tue 18 May 2021,39011,12494,127,1703293,665526,1826,1705119,667352,36.2105049006064,14.172121046349,491
-7.6926,53.28823,2021/05/18 23:00:00+00,Wed 19 May 2021,37021,17589,211,1740314,683115,2037,1742351,685152,37.0011767061868,14.5501280870487,492
-7.6926,53.28823,2021/05/19 23:00:00+00,Thu 20 May 2021,39090,19642,136,1779404,702757,2173,1781577,704930,37.8341937948658,14.9701406292373,493
-7.6926,53.28823,2021/05/20 23:00:00+00,Fri 21 May 2021,25836,23247,14934,1805240,726004,17107,1822347,743111,38.6999998088728,15.7809657315381,494
-7.6926,53.28823,2021/05/21 23:00:00+00,Sat 22 May 2021,16585,10248,13522,1821825,736252,30629,1852454,766881,39.3393626164203,16.2857537853264,495
-7.6926,53.28823,2021/05/22 23:00:00+00,Sun 23 May 2021,8216,5525,10205,1830041,741777,40834,1870875,782611,39.7305574308433,16.6198015802818,496
-7.6926,53.28823,2021/05/23 23:00:00+00,Mon 24 May 2021,22547,8217,8450,1852588,749994,49284,1901872,799278,40.3888205904258,16.9737478357504,497
-7.6926,53.28823,2021/05/24 23:00:00+00,Tue 25 May 2021,30344,16498,3224,1882932,766492,52508,1935440,819000,41.1016824074037,17.3925711423054,498
-7.6926,53.28823,2021/05/25 23:00:00+00,Wed 26 May 2021,19974,25450,3054,1902906,791942,55562,1958468,847504,41.5907130890459,17.9978920798393,499
-7.6926,53.28823,2021/05/26 23:00:00+00,Thu 27 May 2021,17011,36034,550,1919917,827976,56112,1976029,884088,41.9636446419519,18.7748027302302,500
-7.6926,53.28823,2021/05/27 23:00:00+00,Fri 28 May 2021,27043,31826,1558,1946960,859802,57670,2004630,917472,42.5710255054942,19.4837570586975,501
-7.6926,53.28823,2021/05/28 23:00:00+00,Sat 29 May 2021,24480,7386,534,1971440,867188,58204,2029644,925392,43.1022315794302,19.6519489554582,502
-7.6926,53.28823,2021/05/29 23:00:00+00,Sun 30 May 2021,24250,1676,209,1995690,868864,58413,2054103,927277,43.6216514787827,19.6919794763413,503
-7.6926,53.28823,2021/05/30 23:00:00+00,Mon 31 May 2021,22585,7320,3443,2018275,876184,61856,2080131,938040,44.1743912122282,19.920546317861,504
-7.6926,53.28823,2021/05/31 23:00:00+00,Tue 01 Jun 2021,27562,11512,3653,2045837,887696,65509,2111346,953205,44.8372838962417,20.2425955747268,505
-7.6926,53.28823,2021/06/01 23:00:00+00,Wed 02 Jun 2021,18695,20897,4008,2064532,908593,69517,2134049,978110,45.3194127639386,20.7714868864473,506
-7.6926,53.28823,2021/06/02 23:00:00+00,Thu 03 Jun 2021,16692,30704,1977,2081224,939297,71494,2152718,1010791,45.7158741933107,21.4655120604421,507
-7.6926,53.28823,2021/06/03 23:00:00+00,Fri 04 Jun 2021,28979,23342,153,2110203,962639,71647,2181850,1034286,46.3345315590221,21.964460117815,508
-7.6926,53.28823,2021/06/04 23:00:00+00,Sat 05 Jun 2021,20961,11493,33,2131164,974132,71680,2202844,1045812,46.7803675035417,22.2092302948434,509
-7.6926,53.28823,2021/06/05 23:00:00+00,Sun 06 Jun 2021,19944,3908,46,2151108,978040,71726,2222834,1049766,47.2048821520578,22.2931988251201,510
-7.6926,53.28823,2021/06/06 23:00:00+00,Mon 07 Jun 2021,19815,4591,45,2170923,982631,71771,2242694,1054402,47.6266360749958,22.3916505465069,511
-7.6926,53.28823,2021/06/07 23:00:00+00,Tue 08 Jun 2021,26408,18339,45,2197331,1000970,71816,2269147,1072786,48.1884012574468,22.7820596159576,512
-7.6926,53.28823,2021/06/08 23:00:00+00,Wed 09 Jun 2021,32801,20107,174,2230132,1021077,71990,2302122,1093067,48.8886699185182,23.2127540424986,513
-7.6926,53.28823,2021/06/09 23:00:00+00,Thu 10 Jun 2021,27695,27490,272,2257827,1048567,72262,2330089,1120829,49.4825869357794,23.8023176078865,514
-7.6926,53.28823,2021/06/10 23:00:00+00,Fri 11 Jun 2021,26437,32897,40,2284264,1081464,72302,2356566,1153766,50.0448617906448,24.5017792876351,515
-7.6926,53.28823,2021/06/11 23:00:00+00,Sat 12 Jun 2021,12212,19721,105,2296476,1101185,72407,2368883,1173592,50.3064299209987,24.9228111746526,516
-7.6926,53.28823,2021/06/12 23:00:00+00,Sun 13 Jun 2021,8550,18173,833,2305026,1119358,73240,2378266,1192598,50.5056905986888,25.3264292541772,517
-7.6926,53.28823,2021/06/13 23:00:00+00,Mon 14 Jun 2021,16019,31302,50,2321045,1150660,73290,2394335,1223950,50.846937516498,25.9922313182231,518
-7.6926,53.28823,2021/06/14 23:00:00+00,Tue 15 Jun 2021,14698,41588,205,2335743,1192248,73495,2409238,1265743,51.1634228495063,26.8797621188951,519
-7.6926,53.28823,2021/06/15 23:00:00+00,Wed 16 Jun 2021,13470,48385,216,2349213,1240633,73711,2422924,1314344,51.454063543833,27.9118699944594,520
-7.6926,53.28823,2021/06/16 23:00:00+00,Thu 17 Jun 2021,21570,42690,534,2370783,1283323,74245,2445028,1357568,51.9234718375198,28.8297900128416,521
-7.6926,53.28823,2021/06/17 23:00:00+00,Fri 18 Jun 2021,12018,50015,554,2382801,1333338,74799,2457600,1408137,52.1904552372769,29.9036910263889,522
-7.6926,53.28823,2021/06/18 23:00:00+00,Sat 19 Jun 2021,6317,32804,433,2389118,1366142,75232,2464350,1441374,52.3338006038344,30.6095236113179,523
-7.6926,53.28823,2021/06/19 23:00:00+00,Sun 20 Jun 2021,8516,26141,177,2397634,1392283,75409,2473043,1467692,52.5184081996098,31.1684218864378,524
-7.6926,53.28823,2021/06/20 23:00:00+00,Mon 21 Jun 2021,15478,32334,574,2413112,1424617,75983,2489095,1500600,52.8592940994588,31.8672677120189,525
-7.6926,53.28823,2021/06/21 23:00:00+00,Tue 22 Jun 2021,15145,43539,722,2428257,1468156,76705,2504962,1544861,53.1962512744465,32.8072098259745,526
-7.6926,53.28823,2021/06/22 23:00:00+00,Wed 23 Jun 2021,20085,39385,883,2448342,1507541,77588,2525930,1585129,53.6415350738505,33.6623551919798,527
-7.6926,53.28823,2021/06/23 23:00:00+00,Thu 24 Jun 2021,19022,44274,1032,2467364,1551815,78620,2545984,1630435,54.067408848805,34.6244892923135,528
-7.6926,53.28823,2021/06/24 23:00:00+00,Fri 25 Jun 2021,15209,50123,843,2482573,1601938,79463,2562036,1681401,54.408294748654,35.7068211370494,529
-7.6926,53.28823,2021/06/25 23:00:00+00,Sat 26 Jun 2021,9066,30559,510,2491639,1632497,79973,2571612,1712470,54.6116540420102,36.3666133138752,530
-7.6926,53.28823,2021/06/26 23:00:00+00,Sun 27 Jun 2021,8730,30476,59,2500369,1662973,80032,2580401,1743005,54.7983003274433,37.0150652794799,531
-7.6926,53.28823,2021/06/27 23:00:00+00,Mon 28 Jun 2021,24229,24643,522,2524598,1687616,80554,2605152,1768170,55.3239212411712,37.5494780423567,532
-7.6926,53.28823,2021/06/28 23:00:00+00,Tue 29 Jun 2021,28143,31038,810,2552741,1718654,81364,2634105,1800018,55.9387773001251,38.2258133363008,533
-7.6926,53.28823,2021/06/29 23:00:00+00,Wed 30 Jun 2021,22575,36866,590,2575316,1755520,81954,2657270,1837474,56.4307173617997,39.0212420844158,534
-7.6926,53.28823,2021/06/30 23:00:00+00,Thu 01 Jul 2021,15023,48300,640,2590339,1803820,82594,2672933,1886414,56.7633423212648,40.0605490828339,535
-7.6926,53.28823,2021/07/01 23:00:00+00,Fri 02 Jul 2021,13682,47265,817,2604021,1851085,83411,2687432,1934496,57.0712481686302,41.0816352924362,536
-7.6926,53.28823,2021/07/02 23:00:00+00,Sat 03 Jul 2021,9315,30475,505,2613336,1881560,83916,2697252,1965476,57.2797891315331,41.7395374340585,537
-7.6926,53.28823,2021/07/03 23:00:00+00,Sun 04 Jul 2021,6449,27783,233,2619785,1909343,84149,2703934,1993492,57.4216904262497,42.334495032499,538
-7.6926,53.28823,2021/07/04 23:00:00+00,Mon 05 Jul 2021,15615,33457,5343,2635400,1942800,89492,2724892,2032292,57.8667618621476,43.1584654358219,539
-7.6926,53.28823,2021/07/05 23:00:00+00,Tue 06 Jul 2021,12409,48296,5486,2647809,1991096,94978,2742787,2086074,58.2467863561544,44.3005988438506,540
-7.6926,53.28823,2021/07/06 23:00:00+00,Wed 07 Jul 2021,19703,43756,5059,2667512,2034852,100037,2767549,2134889,58.772640869739,45.3372512984436,541
-7.6926,53.28823,2021/07/07 23:00:00+00,Thu 08 Jul 2021,17778,45591,5997,2685290,2080443,106034,2791324,2186477,59.2775351052803,46.4327921532534,542
-7.6926,53.28823,2021/07/08 23:00:00+00,Fri 09 Jul 2021,13523,45084,6531,2698813,2125527,112565,2811378,2238092,59.7034088802348,47.5289063895295,543
-7.6926,53.28823,2021/07/09 23:00:00+00,Sat 10 Jul 2021,8634,23867,4364,2707447,2149394,116929,2824376,2266323,59.979438965348,48.1284298033493,544
-7.6926,53.28823,2021/07/10 23:00:00+00,Sun 11 Jul 2021,15236,16110,2153,2722683,2165504,119082,2841765,2284586,60.3487178659506,48.5162692743773,545
-7.6926,53.28823,2021/07/11 23:00:00+00,Mon 12 Jul 2021,17107,31763,6092,2739790,2197267,125174,2864964,2322441,60.8413799635457,49.3201713263821,546
-7.6926,53.28823,2021/07/12 23:00:00+00,Tue 13 Jul 2021,20104,36566,8490,2759894,2233833,133664,2893558,2367497,61.4486121726337,50.2769963390655,547
-7.6926,53.28823,2021/07/13 23:00:00+00,Wed 14 Jul 2021,20801,35707,9335,2780695,2269540,142999,2923694,2412539,62.0885908343486,51.2335240428405,548
-7.6926,53.28823,2021/07/14 23:00:00+00,Thu 15 Jul 2021,23642,28834,9585,2804337,2298374,152584,2956921,2450958,62.7942110557715,52.0494033965844,549
-7.6926,53.28823,2021/07/15 23:00:00+00,Fri 16 Jul 2021,23528,27425,9166,2827865,2325799,161750,2989615,2487549,63.4885123023241,52.8264627014294,550
-7.6926,53.28823,2021/07/16 23:00:00+00,Sat 17 Jul 2021,11504,19425,4676,2839369,2345224,166426,3005795,2511650,63.83211645505,53.3382799872667,551
-7.6926,53.28823,2021/07/17 23:00:00+00,Sun 18 Jul 2021,16864,15818,1932,2856233,2361042,168358,3024591,2529400,64.2312749009483,53.7152252104363,552
-7.6926,53.28823,2021/07/18 23:00:00+00,Mon 19 Jul 2021,24885,18432,6255,2881118,2379474,174613,3055731,2554087,64.8925748586668,54.2394869977258,553
-7.6926,53.28823,2021/07/19 23:00:00+00,Tue 20 Jul 2021,30583,18180,7699,2911701,2397654,182312,3094013,2579966,65.7055448323783,54.7890625149318,554
-7.6926,53.28823,2021/07/20 23:00:00+00,Wed 21 Jul 2021,30355,19841,6889,2942056,2417495,189201,3131257,2606696,66.4964714741659,55.3567101664994,555
-7.6926,53.28823,2021/07/21 23:00:00+00,Thu 22 Jul 2021,33538,15923,6934,2975594,2433418,196135,3171729,2629553,67.3559490556938,55.8421094321888,556
-7.6926,53.28823,2021/07/22 23:00:00+00,Fri 23 Jul 2021,27086,20835,5615,3002680,2454253,201750,3204430,2656003,68.0503989567006,56.4038109055881,557
-7.6926,53.28823,2021/07/23 23:00:00+00,Sat 24 Jul 2021,15437,14812,2275,3018117,2469065,204025,3222142,2673090,68.4265371985474,56.7666764283092,558
-7.6926,53.28823,2021/07/24 23:00:00+00,Sun 25 Jul 2021,14720,13642,1043,3032837,2482707,205068,3237905,2687775,68.7612857930726,57.0785322368864,559
-7.6926,53.28823,2021/07/25 23:00:00+00,Mon 26 Jul 2021,23833,18297,3422,3056670,2501004,208490,3265160,2709494,69.3400825287057,57.5397645355918,560
-7.6926,53.28823,2021/07/26 23:00:00+00,Tue 27 Jul 2021,25507,23905,3671,3082177,2524909,212161,3294338,2737070,69.9597167665448,58.1253781397679,561
-7.6926,53.28823,2021/07/27 23:00:00+00,Wed 28 Jul 2021,23439,25285,3263,3105616,2550194,215424,3321040,2765618,70.5267698002955,58.7316334767282,562
-7.6926,53.28823,2021/07/28 23:00:00+00,Thu 29 Jul 2021,19272,27865,2962,3124888,2578059,218386,3343274,2796445,70.9989388195605,59.3862864567085,563
-7.6926,53.28823,2021/07/29 23:00:00+00,Fri 30 Jul 2021,21952,22934,2119,3146840,2600993,220505,3367345,2821498,71.5101190148797,59.918320748318,564
-7.6926,53.28823,2021/07/30 23:00:00+00,Sat 31 Jul 2021,13744,12484,907,3160584,2613477,221412,3381996,2834889,71.8212527875365,60.2026967192174,565
-7.6926,53.28823,2021/07/31 23:00:00+00,Sun 01 Aug 2021,11113,9327,368,3171697,2622804,221780,3393477,2844584,72.0650673287878,60.4085831382951,566
-7.6926,53.28823,2021/08/01 23:00:00+00,Mon 02 Aug 2021,15021,16018,430,3186718,2638822,222210,3408928,2861032,72.3931901819254,60.7578786329821,567
-7.6926,53.28823,2021/08/02 23:00:00+00,Tue 03 Aug 2021,17345,25448,1111,3204063,2664270,223321,3427384,2887591,72.7851282686194,61.3218948685969,568
-7.6926,53.28823,2021/08/03 23:00:00+00,Wed 04 Aug 2021,22111,17305,1576,3226174,2681575,224897,3451071,2906472,73.2881537053078,61.7228584042964,569
-7.6926,53.28823,2021/08/04 23:00:00+00,Thu 05 Aug 2021,13533,30046,1420,3239707,2711621,226317,3466024,2937938,73.6057008558462,62.3910814123108,570
-7.6926,53.28823,2021/08/05 23:00:00+00,Fri 06 Aug 2021,12206,24748,948,3251913,2736369,227265,3479178,2963634,73.8850438116531,62.9367706773568,571
-7.6926,53.28823,2021/08/06 23:00:00+00,Sat 07 Aug 2021,6335,8459,583,3258248,2744828,227848,3486096,2972676,74.0319568851116,63.128789759492,572
-7.6926,53.28823,2021/08/07 23:00:00+00,Sun 08 Aug 2021,8626,11976,153,3266874,2756804,228001,3494875,2984805,74.2183908070387,63.3863654559328,573
-7.6926,53.28823,2021/08/08 23:00:00+00,Mon 09 Aug 2021,5543,23035,600,3272417,2779839,228601,3501018,3008440,74.3488457087813,63.8882866023899,574
-7.6926,53.28823,2021/08/09 23:00:00+00,Tue 10 Aug 2021,9354,26008,716,3281771,2805847,229317,3511088,3035164,74.5626957593344,64.4558068358538,575
-7.6926,53.28823,2021/08/10 23:00:00+00,Wed 11 Aug 2021,7012,31241,665,3288783,2837088,229982,3518765,3067070,74.7257272228991,65.1333738381327,576
-7.6926,53.28823,2021/08/11 23:00:00+00,Thu 12 Aug 2021,6771,38296,862,3295554,2875384,230844,3526398,3106228,74.8878242870373,65.9649468549708,577
-7.6926,53.28823,2021/08/12 23:00:00+00,Fri 13 Aug 2021,10930,28244,870,3306484,2903628,231714,3538198,3135342,75.1384132241303,66.5832219663714,578
-7.6926,53.28823,2021/08/13 23:00:00+00,Sat 14 Aug 2021,18136,5844,281,3324620,2909472,231995,3556615,3141467,75.5295230931509,66.7132946138032,579
-7.6926,53.28823,2021/08/14 23:00:00+00,Sun 15 Aug 2021,16998,3729,51,3341618,2913201,232046,3573664,3145247,75.8915816345492,66.7935680190753,580
-7.6926,53.28823,2021/08/15 23:00:00+00,Mon 16 Aug 2021,10185,23152,384,3351803,2936353,232430,3584233,3168783,76.1160286240522,67.293386766823,581
-7.6926,53.28823,2021/08/16 23:00:00+00,Tue 17 Aug 2021,12866,26864,528,3364669,2963217,232958,3597627,3196175,76.4004683040035,67.8750928824884,582
-7.6926,53.28823,2021/08/17 23:00:00+00,Wed 18 Aug 2021,15232,25765,658,3379901,2988982,233616,3613517,3222598,76.737913915055,68.4362209744215,583
