X,Y,VaccinationDate,VaccineText,Dose1,Dose2,SingleDose,Dose1Cum,Dose2Cum,SingleDoseCum,PartiallyVacc,FullyVacc,PartialPercent,FullyPercent,ObjectId
-7.6926,53.28823,2021/11/02 00:00:00+00,Tue 02 Nov 2021,1088,1079,9,3618266,3554090,240432,3858698,3794522,81.9446635917847,80.5817995556081,1
-7.6926,53.28823,2021/11/03 00:00:00+00,Wed 03 Nov 2021,2530,1851,6,3620796,3555941,240438,3861234,3796379,81.9985189769091,80.6212354586744,2
-7.6926,53.28823,2021/11/04 00:00:00+00,Thu 04 Nov 2021,1538,1261,1,3622334,3557202,240439,3862773,3797641,82.0312017204842,80.648035733133,3
-7.6926,53.28823,2021/11/05 00:00:00+00,Fri 05 Nov 2021,1631,1074,3,3623965,3558276,240442,3864407,3798718,82.0659019173664,80.6709072827304,4
-7.6926,53.28823,2021/11/06 00:00:00+00,Sat 06 Nov 2021,1816,1341,5,3625781,3559617,240447,3866228,3800064,82.104573311811,80.6994914106395,5
-7.6926,53.28823,2021/11/07 00:00:00+00,Sun 07 Nov 2021,693,768,0,3626474,3560385,240447,3866921,3800832,82.1192901027776,80.7158009279011,6
-7.6926,53.28823,2021/11/08 00:00:00+00,Mon 08 Nov 2021,515,523,2,3626989,3560908,240449,3867438,3801357,82.1302692960383,80.7269500119667,7
-7.6926,53.28823,2021/11/09 00:00:00+00,Tue 09 Nov 2021,1369,1047,1,3628358,3561955,240450,3868808,3802405,82.1593630963618,80.7492057073966,8
-7.6926,53.28823,2021/11/10 00:00:00+00,Wed 10 Nov 2021,1615,1342,1,3629973,3563297,240451,3870424,3803748,82.1936810389332,80.7777261262539,9
-7.6926,53.28823,2021/11/11 00:00:00+00,Thu 11 Nov 2021,1387,1095,2,3631360,3564392,240453,3871813,3804845,82.2231783299182,80.8010224028633,10
-7.6926,53.28823,2021/11/12 00:00:00+00,Fri 12 Nov 2021,1146,1126,6,3632506,3565518,240459,3872965,3805977,82.2476426058106,80.8250619517438,11
-7.6926,53.28823,2021/11/13 00:00:00+00,Sat 13 Nov 2021,1399,1359,0,3633905,3566877,240459,3874364,3807336,82.2773522603016,80.8539221522107,12
-7.6926,53.28823,2021/11/14 00:00:00+00,Sun 14 Nov 2021,1646,1801,0,3635551,3568678,240459,3876010,3809137,82.312307293391,80.8921688196433,13
-7.6926,53.28823,2021/11/15 00:00:00+00,Mon 15 Nov 2021,1245,576,1,3636796,3569254,240460,3877256,3809714,82.33876778624,80.9044221939401,14
-7.6926,53.28823,2021/11/16 00:00:00+00,Tue 16 Nov 2021,1318,1057,5,3638114,3570311,240465,3878579,3810776,82.3668634780852,80.9269751982785,15
-7.6926,53.28823,2021/11/17 00:00:00+00,Wed 17 Nov 2021,1508,1094,0,3639622,3571405,240465,3880087,3811870,82.3988878947917,80.9502077658361,16
-7.6926,53.28823,2021/11/18 00:00:00+00,Thu 18 Nov 2021,1656,2480,5,3641278,3573885,240470,3881748,3814355,82.4341614731402,81.0029800970799,17
-7.6926,53.28823,2021/11/19 00:00:00+00,Fri 19 Nov 2021,1164,1531,0,3642442,3575416,240470,3882912,3815886,82.4588805852399,81.0354929498501,18
-7.6926,53.28823,2021/11/20 00:00:00+00,Sat 20 Nov 2021,1542,2922,12,3643984,3578338,240482,3884466,3818820,82.491881874074,81.0978004025138,19
-7.6926,53.28823,2021/11/21 00:00:00+00,Sun 21 Nov 2021,1784,2756,0,3645768,3581094,240482,3886250,3821576,82.5297675235463,81.1563277847704,20
-7.6926,53.28823,2021/11/22 00:00:00+00,Mon 22 Nov 2021,714,496,2,3646482,3581590,240484,3886966,3822074,82.5449727505767,81.1669034873698,21
-7.6926,53.28823,2021/11/23 00:00:00+00,Tue 23 Nov 2021,2156,1569,7,3648638,3583159,240491,3889129,3823650,82.5909069769269,81.2003719759171,22
-7.6926,53.28823,2021/11/24 00:00:00+00,Wed 24 Nov 2021,1620,3121,2,3650258,3586280,240493,3890751,3826773,82.6253523376019,81.2666930988444,23
-7.6926,53.28823,2021/11/25 00:00:00+00,Thu 25 Nov 2021,989,1165,1,3651247,3587445,240494,3891741,3827939,82.646376324697,81.2914546836453,24
-7.6926,53.28823,2021/11/26 00:00:00+00,Fri 26 Nov 2021,1286,1085,12,3652533,3588530,240506,3893039,3829036,82.6739411077772,81.3147509602547,25
-7.6926,53.28823,2021/11/27 00:00:00+00,Sat 27 Nov 2021,1201,1553,6,3653734,3590083,240512,3894246,3830595,82.6995733829528,81.3478584308418,26
-7.6926,53.28823,2021/11/28 00:00:00+00,Sun 28 Nov 2021,1962,2253,0,3655696,3592336,240512,3896208,3832848,82.7412391028321,81.3957039287461,27
-7.6926,53.28823,2021/11/29 00:00:00+00,Mon 29 Nov 2021,542,980,2,3656238,3593316,240514,3896752,3833830,82.7527916775591,81.4165580250364,28
-7.6926,53.28823,2021/11/30 00:00:00+00,Tue 30 Nov 2021,1953,1622,6,3658191,3594938,240520,3898711,3835458,82.7943936883867,81.451130803815,29
-7.6926,53.28823,2021/12/01 00:00:00+00,Wed 01 Dec 2021,1078,1356,2,3659269,3596294,240522,3899791,3836816,82.8173289470359,81.4799697679313,30
-7.6926,53.28823,2021/12/02 00:00:00+00,Thu 02 Dec 2021,1776,1396,0,3661045,3597690,240522,3901567,3838212,82.8550447057035,81.5096157133704,31
-7.6926,53.28823,2021/12/03 00:00:00+00,Fri 03 Dec 2021,1043,1163,3,3662088,3598853,240525,3902613,3839378,82.8772579284322,81.5343772981713,32
-7.6926,53.28823,2021/12/04 00:00:00+00,Sat 04 Dec 2021,1203,1695,1,3663291,3600548,240526,3903817,3841074,82.902826494556,81.5703941487908,33
-7.6926,53.28823,2021/12/05 00:00:00+00,Sun 05 Dec 2021,1347,1772,1,3664638,3602320,240527,3905165,3842847,82.9314530951662,81.6080461984065,34
-7.6926,53.28823,2021/12/06 00:00:00+00,Mon 06 Dec 2021,934,1282,0,3665572,3603602,240527,3906099,3844129,82.9512878466277,81.6352711998772,35
-7.6926,53.28823,2021/12/07 00:00:00+00,Tue 07 Dec 2021,482,735,2,3666054,3604337,240529,3906583,3844866,82.9615662403186,81.6509223902702,36
-7.6926,53.28823,2021/12/08 00:00:00+00,Wed 08 Dec 2021,801,1497,1,3666855,3605834,240530,3907385,3846364,82.9785977935007,81.6827344434706,37
-7.6926,53.28823,2021/12/09 00:00:00+00,Thu 09 Dec 2021,797,1192,0,3667652,3607026,240530,3908182,3847556,82.9955231649298,81.7080481733872,38
-7.6926,53.28823,2021/12/10 00:00:00+00,Fri 10 Dec 2021,892,1596,1,3668544,3608622,240531,3909075,3849153,83.0144872260166,81.7419626252971,39
-7.6926,53.28823,2021/12/11 00:00:00+00,Sat 11 Dec 2021,639,835,1,3669183,3609457,240532,3909715,3849989,83.0280784904013,81.7597162143996,40
-7.6926,53.28823,2021/12/12 00:00:00+00,Sun 12 Dec 2021,690,1189,0,3669873,3610646,240532,3910405,3851178,83.042731572316,81.7849662352644,41
-7.6926,53.28823,2021/12/13 00:00:00+00,Mon 13 Dec 2021,726,1048,1,3670599,3611694,240533,3911132,3852227,83.058170399203,81.8072431670449,42
-7.6926,53.28823,2021/12/14 00:00:00+00,Tue 14 Dec 2021,627,1189,1,3671226,3612883,240534,3911760,3853417,83.0715068273805,81.8325144242602,43
-7.6926,53.28823,2021/12/15 00:00:00+00,Wed 15 Dec 2021,795,1231,1,3672021,3614114,240535,3912556,3854649,83.088410962459,81.8586776082008,44
-7.6926,53.28823,2021/12/16 00:00:00+00,Thu 16 Dec 2021,1057,1519,7,3673078,3615633,240542,3913620,3856175,83.1110064394986,81.8910842792181,45
-7.6926,53.28823,2021/12/17 00:00:00+00,Fri 17 Dec 2021,1210,2435,1,3674288,3618068,240543,3914831,3858611,83.1367236600765,81.9428160292824,46
-7.6926,53.28823,2021/12/18 00:00:00+00,Sat 18 Dec 2021,1258,1176,0,3675546,3619244,240543,3916089,3859787,83.1634389891327,81.9677899775893,47
-7.6926,53.28823,2021/12/19 00:00:00+00,Sun 19 Dec 2021,555,879,1,3676101,3620123,240544,3916645,3860667,83.1752464000669,81.9864779661183,48
-7.6926,53.28823,2021/12/20 00:00:00+00,Mon 20 Dec 2021,527,597,0,3676628,3620720,240544,3917172,3861264,83.1864379568337,81.9991560674271,49
-7.6926,53.28823,2021/12/21 00:00:00+00,Tue 21 Dec 2021,1448,1791,4,3678076,3622511,240548,3918624,3863059,83.2172731379065,82.0372753167561,50
-7.6926,53.28823,2021/12/22 00:00:00+00,Wed 22 Dec 2021,1212,1560,2,3679288,3624071,240550,3919838,3864621,83.2430540675363,82.070446496395,51
-7.6926,53.28823,2021/12/23 00:00:00+00,Thu 23 Dec 2021,950,1352,0,3680238,3625423,240550,3920788,3865973,83.2632286006073,82.0991580424077,52
-7.6926,53.28823,2021/12/24 00:00:00+00,Fri 24 Dec 2021,105,143,0,3680343,3625566,240550,3920893,3866116,83.2654584174204,82.1021948405437,53
-7.6926,53.28823,2021/12/25 00:00:00+00,Sat 25 Dec 2021,2,22,0,3680345,3625588,240550,3920895,3866138,83.2655008901216,82.1026620402569,54
-7.6926,53.28823,2021/12/26 00:00:00+00,Sun 26 Dec 2021,11,7,0,3680356,3625595,240550,3920906,3866145,83.2657344899782,82.1028106947111,55
-7.6926,53.28823,2021/12/27 00:00:00+00,Mon 27 Dec 2021,389,583,0,3680745,3626178,240550,3921295,3866728,83.2739954303621,82.1151914871115,56
-7.6926,53.28823,2021/12/28 00:00:00+00,Tue 28 Dec 2021,470,738,1,3681215,3626916,240551,3921766,3867467,83.2839977514952,82.1308851502058,57
-7.6926,53.28823,2021/12/29 00:00:00+00,Wed 29 Dec 2021,1077,1289,0,3682292,3628205,240551,3922843,3868756,83.3068693010926,82.1582588061306,58
-7.6926,53.28823,2021/12/30 00:00:00+00,Thu 30 Dec 2021,1070,1179,1,3683362,3629384,240552,3923914,3869936,83.3296134325864,82.1833176998399,59
-7.6926,53.28823,2021/12/31 00:00:00+00,Fri 31 Dec 2021,721,1668,0,3684083,3631052,240552,3924635,3871604,83.3449248413698,82.2187399326425,60
-7.6926,53.28823,2022/01/01 00:00:00+00,Sat 01 Jan 2022,68,96,0,3684151,3631148,240552,3924703,3871700,83.3463689132106,82.2207786223002,61
-7.6926,53.28823,2022/01/02 00:00:00+00,Sun 02 Jan 2022,271,624,0,3684422,3631772,240552,3924974,3872324,83.3521239642236,82.2340301050753,62
-7.6926,53.28823,2022/01/03 00:00:00+00,Mon 03 Jan 2022,3631,717,1,3688053,3632489,240553,3928606,3873042,83.4292543896068,82.2492778048069,63
-7.6926,53.28823,2022/01/04 00:00:00+00,Tue 04 Jan 2022,1191,766,0,3689244,3633255,240553,3929797,3873808,83.4545468831727,82.2655448493674,64
-7.6926,53.28823,2022/01/05 00:00:00+00,Wed 05 Jan 2022,2146,887,0,3691390,3634142,240553,3931943,3874695,83.5001200915626,82.2843814923506,65
-7.6926,53.28823,2022/01/06 00:00:00+00,Thu 06 Jan 2022,2465,1674,0,3693855,3635816,240553,3934408,3876369,83.5524676957944,82.3199311432568,66
-7.6926,53.28823,2022/01/07 00:00:00+00,Fri 07 Jan 2022,4853,767,0,3698708,3636583,240553,3939261,3877136,83.6555277052615,82.3362194241679,67
-7.6926,53.28823,2022/01/08 00:00:00+00,Sat 08 Jan 2022,9792,732,1,3708500,3637315,240554,3949054,3877869,83.8634952866982,82.3517856691585,68
-7.6926,53.28823,2022/01/09 00:00:00+00,Sun 09 Jan 2022,7115,663,0,3715615,3637978,240554,3956169,3878532,84.014591921225,82.365865369607,69
-7.6926,53.28823,2022/01/10 00:00:00+00,Mon 10 Jan 2022,6658,493,0,3722273,3638471,240554,3962827,3879025,84.1559835435272,82.3763348904534,70
-7.6926,53.28823,2022/01/11 00:00:00+00,Tue 11 Jan 2022,4776,1348,1,3727049,3639819,240555,3967604,3880374,84.2574295903487,82.4049827274142,71
-7.6926,53.28823,2022/01/12 00:00:00+00,Wed 12 Jan 2022,7561,894,1,3734610,3640713,240556,3975166,3881269,84.4180188735942,82.4239892612022,72
-7.6926,53.28823,2022/01/13 00:00:00+00,Thu 13 Jan 2022,7328,791,0,3741938,3641504,240556,3982494,3882060,84.5736388507991,82.4407872145277,73
-7.6926,53.28823,2022/01/14 00:00:00+00,Fri 14 Jan 2022,10726,817,0,3752664,3642321,240556,3993220,3882877,84.8014199473466,82.4581373129688,74
-7.6926,53.28823,2022/01/15 00:00:00+00,Sat 15 Jan 2022,8355,637,0,3761019,3642958,240556,4001575,3883514,84.9788496566188,82.4716648683017,75
-7.6926,53.28823,2022/01/16 00:00:00+00,Sun 16 Jan 2022,6965,1214,1,3767984,3644172,240557,4008541,3884729,85.1267820749061,82.4974670342821,76
-7.6926,53.28823,2022/01/17 00:00:00+00,Mon 17 Jan 2022,2567,548,0,3770551,3644720,240557,4011108,3885277,85.1812957868992,82.5091045544115,77
-7.6926,53.28823,2022/01/18 00:00:00+00,Tue 18 Jan 2022,4062,431,3,3774613,3645151,240560,4015173,3885711,85.2676215520927,82.5183211305723,78
-7.6926,53.28823,2022/01/19 00:00:00+00,Wed 19 Jan 2022,3489,614,0,3778102,3645765,240560,4018662,3886325,85.3417151793399,82.5313602498414,79
-7.6926,53.28823,2022/01/20 00:00:00+00,Thu 20 Jan 2022,3699,926,1,3781801,3646691,240561,4022362,3887252,85.420289676564,82.5510463468487,80
-7.6926,53.28823,2022/01/21 00:00:00+00,Fri 21 Jan 2022,3253,967,0,3785054,3647658,240561,4025615,3888219,85.4893715250694,82.5715818978799,81
-7.6926,53.28823,2022/01/22 00:00:00+00,Sat 22 Jan 2022,4271,637,0,3789325,3648295,240561,4029886,3888856,85.5800719784867,82.5851094532128,82
-7.6926,53.28823,2022/01/23 00:00:00+00,Sun 23 Jan 2022,3091,677,0,3792416,3648972,240561,4032977,3889533,85.6457135381947,82.5994864625698,83
-7.6926,53.28823,2022/01/24 00:00:00+00,Mon 24 Jan 2022,646,457,0,3793062,3649429,240561,4033623,3889990,85.6594322206831,82.6091914747945,84
-7.6926,53.28823,2022/01/25 00:00:00+00,Tue 25 Jan 2022,699,1829,0,3793761,3651258,240561,4034322,3891819,85.6742764297532,82.6480327600439,85
-7.6926,53.28823,2022/01/26 00:00:00+00,Wed 26 Jan 2022,701,885,0,3794462,3652143,240561,4035023,3892704,85.6891631115246,82.6668269303259,86
-7.6926,53.28823,2022/01/27 00:00:00+00,Thu 27 Jan 2022,1274,1162,0,3795736,3653305,240561,4036297,3893866,85.7162182221904,82.6915035697244,87
-7.6926,53.28823,2022/01/28 00:00:00+00,Fri 28 Jan 2022,1033,3089,0,3796769,3656394,240561,4037330,3896955,85.7381553723614,82.7571026567312,88
-7.6926,53.28823,2022/01/29 00:00:00+00,Sat 29 Jan 2022,2328,3442,0,3799097,3659836,240561,4039658,3900397,85.7875935965607,82.8301981755002,89
-7.6926,53.28823,2022/01/30 00:00:00+00,Sun 30 Jan 2022,1634,7537,0,3800731,3667373,240561,4041292,3907934,85.8222937934429,82.9902565499807,90
-7.6926,53.28823,2022/01/31 00:00:00+00,Mon 31 Jan 2022,480,1388,0,3801211,3668761,240561,4041772,3909322,85.8324872417315,83.019732604615,91
-7.6926,53.28823,2022/02/01 00:00:00+00,Tue 01 Feb 2022,754,3412,1,3801965,3672173,240562,4042527,3912735,85.8485206864353,83.0922122692166,92
-7.6926,53.28823,2022/02/02 00:00:00+00,Wed 02 Feb 2022,647,2994,0,3802612,3675167,240562,4043174,3915729,85.8622606052742,83.1557939029163,93
-7.6926,53.28823,2022/02/03 00:00:00+00,Thu 03 Feb 2022,909,2429,1,3803521,3677596,240563,4044084,3918159,85.8815856843212,83.207398234877,94
-7.6926,53.28823,2022/02/04 00:00:00+00,Fri 04 Feb 2022,1174,6515,0,3804695,3684111,240563,4045258,3924674,85.9065171599269,83.3457530590432,95
-7.6926,53.28823,2022/02/05 00:00:00+00,Sat 05 Feb 2022,1777,5747,0,3806472,3689858,240563,4047035,3930421,85.9442541549451,83.4677983659478,96
-7.6926,53.28823,2022/02/06 00:00:00+00,Sun 06 Feb 2022,1408,7555,0,3807880,3697413,240563,4048443,3937976,85.9741549365914,83.6282389947391,97
-7.6926,53.28823,2022/02/07 00:00:00+00,Mon 07 Feb 2022,439,1348,0,3808319,3698761,240563,4048882,3939324,85.9834776945053,83.6568655953494,98
-7.6926,53.28823,2022/02/08 00:00:00+00,Tue 08 Feb 2022,900,1234,0,3809219,3699995,240563,4049782,3940558,86.0025904100463,83.6830712519912,99
-7.6926,53.28823,2022/02/09 00:00:00+00,Wed 09 Feb 2022,1332,1781,0,3810551,3701776,240563,4051114,3942339,86.030877229047,83.7208931924117,100
-7.6926,53.28823,2022/02/10 00:00:00+00,Thu 10 Feb 2022,688,2543,0,3811239,3704319,240563,4051802,3944882,86.0454878382606,83.7748972319904,101
-7.6926,53.28823,2022/02/11 00:00:00+00,Fri 11 Feb 2022,553,4913,0,3811792,3709232,240563,4052355,3949795,86.057231540143,83.8792314224936,102
-7.6926,53.28823,2022/02/12 00:00:00+00,Sat 12 Feb 2022,1398,5460,0,3813190,3714692,240563,4053753,3955255,86.0869199582833,83.9951818967756,103
-7.6926,53.28823,2020/12/28 00:00:00+00,Mon 28 Dec 2020,214,17,0,214,17,0,214,17,0.00454457902863658,0.000361017960218794,104
-7.6926,53.28823,2020/12/29 00:00:00+00,Tue 29 Dec 2020,75,2,0,289,19,0,289,19,0.0061373053237195,0.000403490661421005,105
-7.6926,53.28823,2020/12/30 00:00:00+00,Wed 30 Dec 2020,1057,1,0,1346,20,0,1346,20,0.028584127909088,0.00042472701202211,106
-7.6926,53.28823,2020/12/31 00:00:00+00,Thu 31 Dec 2020,1033,1,0,2379,21,0,2379,21,0.05052127808003,0.000445963362623216,107
-7.6926,53.28823,2021/01/01 00:00:00+00,Fri 01 Jan 2021,815,0,2,3194,21,2,3196,23,0.0678713765211332,0.000488436063825427,108
-7.6926,53.28823,2021/01/02 00:00:00+00,Sat 02 Jan 2021,1016,0,0,4210,21,2,4212,23,0.0894475087318565,0.000488436063825427,109
-7.6926,53.28823,2021/01/03 00:00:00+00,Sun 03 Jan 2021,20,2,1,4230,23,3,4233,26,0.0898934720944797,0.000552145115628744,110
-7.6926,53.28823,2021/01/04 00:00:00+00,Mon 04 Jan 2021,1187,3,0,5417,26,3,5420,29,0.115101020257992,0.00061585416743206,111
-7.6926,53.28823,2021/01/05 00:00:00+00,Tue 05 Jan 2021,3527,10,0,8944,36,3,8947,39,0.190001628828091,0.000828217673443115,112
-7.6926,53.28823,2021/01/06 00:00:00+00,Wed 06 Jan 2021,6774,9,0,15718,45,3,15721,48,0.33385666779998,0.00101934482885307,113
-7.6926,53.28823,2021/01/07 00:00:00+00,Thu 07 Jan 2021,11723,8,0,27441,53,3,27444,56,0.58281040589674,0.00118923563366191,114
-7.6926,53.28823,2021/01/08 00:00:00+00,Fri 08 Jan 2021,12675,5,0,40116,58,3,40119,61,0.851981149765752,0.00129541738666744,115
-7.6926,53.28823,2021/01/09 00:00:00+00,Sat 09 Jan 2021,8074,7,0,48190,65,3,48193,68,1.02344344451908,0.00144407184087518,116
-7.6926,53.28823,2021/01/10 00:00:00+00,Sun 10 Jan 2021,4778,4,1,52968,69,4,52972,73,1.12493196404176,0.0015502535938807,117
-7.6926,53.28823,2021/01/11 00:00:00+00,Mon 11 Jan 2021,8338,6,0,61306,75,4,61310,79,1.30200065535378,0.00167767169748734,118
-7.6926,53.28823,2021/01/12 00:00:00+00,Tue 12 Jan 2021,8879,10,0,70185,85,4,70189,89,1.490558212341,0.00189003520349839,119
-7.6926,53.28823,2021/01/13 00:00:00+00,Wed 13 Jan 2021,9878,5,0,80063,90,4,80067,94,1.70033088357872,0.00199621695650392,120
-7.6926,53.28823,2021/01/14 00:00:00+00,Thu 14 Jan 2021,8079,4,0,88142,94,4,88146,98,1.87189936008505,0.00208116235890834,121
-7.6926,53.28823,2021/01/15 00:00:00+00,Fri 15 Jan 2021,7690,2,0,95832,96,4,95836,100,2.03520689620755,0.00212363506011055,122
-7.6926,53.28823,2021/01/16 00:00:00+00,Sat 16 Jan 2021,5231,3,0,101063,99,4,101067,103,2.14629424620193,0.00218734411191387,123
-7.6926,53.28823,2021/01/17 00:00:00+00,Sun 17 Jan 2021,1111,4,0,102174,103,4,102178,107,2.16988783171976,0.00227228951431829,124
-7.6926,53.28823,2021/01/18 00:00:00+00,Mon 18 Jan 2021,8711,8,1,110885,111,5,110890,116,2.35489891815659,0.00246341666972824,125
-7.6926,53.28823,2021/01/19 00:00:00+00,Tue 19 Jan 2021,8376,19,0,119261,130,5,119266,135,2.53277459079145,0.00286690733114925,126
-7.6926,53.28823,2021/01/20 00:00:00+00,Wed 20 Jan 2021,8444,962,1,127705,1092,6,127711,1098,2.71211557161779,0.0233175129600139,127
-7.6926,53.28823,2021/01/21 00:00:00+00,Thu 21 Jan 2021,9001,962,0,136706,2054,6,136712,2060,2.90326396337834,0.0437468822382774,128
-7.6926,53.28823,2021/01/22 00:00:00+00,Fri 22 Jan 2021,6775,967,0,143481,3021,6,143487,3027,3.04714023870083,0.0642824332695464,129
-7.6926,53.28823,2021/01/23 00:00:00+00,Sat 23 Jan 2021,4184,460,0,147665,3481,6,147671,3487,3.13599312961585,0.074051154546055,130
-7.6926,53.28823,2021/01/24 00:00:00+00,Sun 24 Jan 2021,1181,398,0,148846,3879,6,148852,3885,3.16107325967576,0.082503222085295,131
-7.6926,53.28823,2021/01/25 00:00:00+00,Mon 25 Jan 2021,1355,1286,0,150201,5165,6,150207,5171,3.18984851474026,0.109813168958317,132
-7.6926,53.28823,2021/01/26 00:00:00+00,Tue 26 Jan 2021,1001,3499,0,151202,8664,6,151208,8670,3.21110610169196,0.184119159711585,133
-7.6926,53.28823,2021/01/27 00:00:00+00,Wed 27 Jan 2021,2166,6699,0,153368,15363,6,153374,15369,3.25710403709396,0.326381472388391,134
-7.6926,53.28823,2021/01/28 00:00:00+00,Thu 28 Jan 2021,1001,11538,0,154369,26901,6,154375,26907,3.27836162404566,0.571406485623946,135
-7.6926,53.28823,2021/01/29 00:00:00+00,Fri 29 Jan 2021,1574,11526,0,155943,38427,6,155949,38433,3.3117876398918,0.816176662652288,136
-7.6926,53.28823,2021/01/30 00:00:00+00,Sat 30 Jan 2021,631,7793,0,156574,46220,6,156580,46226,3.3251877771211,0.981671542886704,137
-7.6926,53.28823,2021/01/31 00:00:00+00,Sun 31 Jan 2021,225,4086,0,156799,50306,6,156805,50312,3.32996595600635,1.06844327144282,138
-7.6926,53.28823,2021/02/01 00:00:00+00,Mon 01 Feb 2021,1022,8335,0,157821,58641,6,157827,58647,3.35166950632068,1.24544825370304,139
-7.6926,53.28823,2021/02/02 00:00:00+00,Tue 02 Feb 2021,824,5108,0,158645,63749,6,158651,63755,3.36916825921599,1.35392353257348,140
-7.6926,53.28823,2021/02/03 00:00:00+00,Wed 03 Feb 2021,1396,6864,0,160041,70613,6,160047,70619,3.39881420465514,1.49968984309947,141
-7.6926,53.28823,2021/02/04 00:00:00+00,Thu 04 Feb 2021,1426,10541,1,161467,81154,7,161474,81161,3.42911847696291,1.72356345113633,142
-7.6926,53.28823,2021/02/05 00:00:00+00,Fri 05 Feb 2021,3387,8613,0,164854,89767,7,164861,89774,3.50104599644886,1.90647213886365,143
-7.6926,53.28823,2021/02/06 00:00:00+00,Sat 06 Feb 2021,893,3866,0,165747,93633,7,165754,93640,3.52001005753564,1.98857187028752,144
-7.6926,53.28823,2021/02/07 00:00:00+00,Sun 07 Feb 2021,327,1300,2,166074,94933,9,166083,94942,3.52699681688341,2.01622159877016,145
-7.6926,53.28823,2021/02/08 00:00:00+00,Mon 08 Feb 2021,1171,878,0,167245,95811,9,167254,95820,3.5518645834373,2.03486711459793,146
-7.6926,53.28823,2021/02/09 00:00:00+00,Tue 09 Feb 2021,4253,543,2,171498,96354,11,171509,96365,3.64222525524501,2.04644092567553,147
-7.6926,53.28823,2021/02/10 00:00:00+00,Wed 10 Feb 2021,8820,580,0,180318,96934,11,180329,96945,3.82952986754676,2.05875800902417,148
-7.6926,53.28823,2021/02/11 00:00:00+00,Thu 11 Feb 2021,6176,445,0,186494,97379,11,186505,97390,3.96068556885919,2.06820818504167,149
-7.6926,53.28823,2021/02/12 00:00:00+00,Fri 12 Feb 2021,4391,522,0,190885,97901,11,190896,97912,4.05393438434864,2.07929356005544,150
-7.6926,53.28823,2021/02/13 00:00:00+00,Sat 13 Feb 2021,1206,1914,0,192091,99815,11,192102,99826,4.07954542317357,2.11993993510596,151
-7.6926,53.28823,2021/02/14 00:00:00+00,Sun 14 Feb 2021,2694,27,0,194785,99842,11,194796,99853,4.13675615169295,2.12051331657219,152
-7.6926,53.28823,2021/02/15 00:00:00+00,Mon 15 Feb 2021,1961,7887,0,196746,107729,11,196757,107740,4.17840063522172,2.28800441376311,153
-7.6926,53.28823,2021/02/16 00:00:00+00,Tue 16 Feb 2021,5647,8158,0,202393,115887,11,202404,115898,4.29832230706616,2.46125056196693,154
-7.6926,53.28823,2021/02/17 00:00:00+00,Wed 17 Feb 2021,9742,8463,0,212135,124350,11,212146,124361,4.50520683462213,2.64097379710408,155
-7.6926,53.28823,2021/02/18 00:00:00+00,Thu 18 Feb 2021,8456,8350,1,220591,132700,12,220603,132712,4.68480265165568,2.81831856097392,156
-7.6926,53.28823,2021/02/19 00:00:00+00,Fri 19 Feb 2021,9384,6580,0,229975,139280,12,229987,139292,4.88408456569646,2.95805374792919,157
-7.6926,53.28823,2021/02/20 00:00:00+00,Sat 20 Feb 2021,5885,3568,2,235860,142848,14,235874,142862,5.00910296168516,3.03386751957514,158
-7.6926,53.28823,2021/02/21 00:00:00+00,Sun 21 Feb 2021,1108,1023,5,236968,143871,19,236987,143890,5.03273901990419,3.05569848799307,159
-7.6926,53.28823,2021/02/22 00:00:00+00,Mon 22 Feb 2021,3939,1123,1,240907,144994,20,240927,145014,5.11641024127255,3.07956814606872,160
-7.6926,53.28823,2021/02/23 00:00:00+00,Tue 23 Feb 2021,13357,1063,1,254264,146057,21,254285,146078,5.40008541260212,3.10216362310829,161
-7.6926,53.28823,2021/02/24 00:00:00+00,Wed 24 Feb 2021,16936,2102,3,271200,148159,24,271224,148183,5.75980795543424,3.14686614112362,162
-7.6926,53.28823,2021/02/25 00:00:00+00,Thu 25 Feb 2021,18084,1755,2,289284,149914,26,289310,149940,6.14388859240584,3.18417840912976,163
-7.6926,53.28823,2021/02/26 00:00:00+00,Fri 26 Feb 2021,16073,2766,0,305357,152680,26,305383,152706,6.48522045561741,3.24291815489242,164
-7.6926,53.28823,2021/02/27 00:00:00+00,Sat 27 Feb 2021,8990,704,1,314347,153384,27,314374,153411,6.67615648387195,3.2578897820662,165
-7.6926,53.28823,2021/02/28 00:00:00+00,Sun 28 Feb 2021,2442,57,2,316789,153441,29,316818,153470,6.72805812474105,3.25914272675166,166
-7.6926,53.28823,2021/03/01 00:00:00+00,Mon 01 Mar 2021,5589,789,0,322378,154230,29,322407,154259,6.84674808825063,3.27589820737594,167
-7.6926,53.28823,2021/03/02 00:00:00+00,Tue 02 Mar 2021,12178,1608,0,334556,155838,29,334585,155867,7.10536436587089,3.31004625914251,168
-7.6926,53.28823,2021/03/03 00:00:00+00,Wed 03 Mar 2021,12892,1502,1,347448,157340,30,347478,157370,7.37916463417094,3.34196449409598,169
-7.6926,53.28823,2021/03/04 00:00:00+00,Thu 04 Mar 2021,18735,1687,4,366183,159027,34,366217,159061,7.77711260808506,3.37787516296245,170
-7.6926,53.28823,2021/03/05 00:00:00+00,Fri 05 Mar 2021,18441,2394,6,384624,161421,40,384664,161461,8.16885956762365,3.4288424044051,171
-7.6926,53.28823,2021/03/06 00:00:00+00,Sat 06 Mar 2021,10390,139,4,395014,161560,44,395058,161604,8.38959019577155,3.43187920254106,172
-7.6926,53.28823,2021/03/07 00:00:00+00,Sun 07 Mar 2021,1519,11,3,396533,161571,47,396580,161618,8.42191192138643,3.43217651144947,173
-7.6926,53.28823,2021/03/08 00:00:00+00,Mon 08 Mar 2021,6666,1495,5,403199,163066,52,403251,163118,8.5635796162464,3.46403103735113,174
-7.6926,53.28823,2021/03/09 00:00:00+00,Tue 09 Mar 2021,13818,3102,5,417017,166168,57,417074,166225,8.85712969060548,3.53001237866877,175
-7.6926,53.28823,2021/03/10 00:00:00+00,Wed 10 Mar 2021,13730,3985,3,430747,170153,60,430807,170213,9.14876849341047,3.61470294486597,176
-7.6926,53.28823,2021/03/11 00:00:00+00,Thu 11 Mar 2021,18475,2097,3,449222,172250,63,449285,172313,9.54117377981769,3.6592992811283,177
-7.6926,53.28823,2021/03/12 00:00:00+00,Fri 12 Mar 2021,17321,1337,4,466543,173587,67,466610,173654,9.90909355398185,3.68777722728438,178
-7.6926,53.28823,2021/03/13 00:00:00+00,Sat 13 Mar 2021,8300,173,0,474843,173760,67,474910,173827,10.085355263971,3.69145111593837,179
-7.6926,53.28823,2021/03/14 00:00:00+00,Sun 14 Mar 2021,381,19,2,475224,173779,69,475293,173848,10.0934887862512,3.69189707930099,180
-7.6926,53.28823,2021/03/15 00:00:00+00,Mon 15 Mar 2021,2653,991,0,477877,174770,69,477946,174839,10.149828824396,3.71294230274669,181
-7.6926,53.28823,2021/03/16 00:00:00+00,Tue 16 Mar 2021,8931,3820,2,486808,178590,71,486879,178661,10.3395331443157,3.79410763474411,182
-7.6926,53.28823,2021/03/17 00:00:00+00,Wed 17 Mar 2021,4896,2415,6,491704,181005,77,491781,181082,10.4436337349623,3.84552083954939,183
-7.6926,53.28823,2021/03/18 00:00:00+00,Thu 18 Mar 2021,11720,4679,5,503424,185684,82,503506,185766,10.6926299457602,3.94499190576497,184
-7.6926,53.28823,2021/03/19 00:00:00+00,Fri 19 Mar 2021,10365,6125,2,513789,191809,84,513873,191893,10.9127871924419,4.07510702589794,185
-7.6926,53.28823,2021/03/20 00:00:00+00,Sat 20 Mar 2021,5237,3117,4,519026,194926,88,519114,195014,11.0240869059423,4.14138567612399,186
-7.6926,53.28823,2021/03/21 00:00:00+00,Sun 21 Mar 2021,3635,53,3,522661,194979,91,522752,195070,11.1013447494291,4.14257491175765,187
-7.6926,53.28823,2021/03/22 00:00:00+00,Mon 22 Mar 2021,7409,2402,1,530070,197381,92,530162,197473,11.2587061073833,4.19360586225211,188
-7.6926,53.28823,2021/03/23 00:00:00+00,Tue 23 Mar 2021,12561,7384,4,542631,204765,96,542727,204861,11.5255408526862,4.35050002049308,189
-7.6926,53.28823,2021/03/24 00:00:00+00,Wed 24 Mar 2021,13620,9779,2,556251,214544,98,556349,214642,11.8148224205745,4.55821276572249,190
-7.6926,53.28823,2021/03/25 00:00:00+00,Thu 25 Mar 2021,20864,10222,3,577115,224766,101,577216,224867,12.2579613485677,4.7753544506188,191
-7.6926,53.28823,2021/03/26 00:00:00+00,Fri 26 Mar 2021,19693,9493,1,596808,234259,102,596910,234361,12.6761900373059,4.97697236322569,192
-7.6926,53.28823,2021/03/27 00:00:00+00,Sat 27 Mar 2021,11742,5348,3,608550,239607,105,608655,239712,12.9256109751159,5.09060807529221,193
-7.6926,53.28823,2021/03/28 00:00:00+00,Sun 28 Mar 2021,2487,482,0,611037,240089,105,611142,240194,12.9784257790608,5.10084399628194,194
-7.6926,53.28823,2021/03/28 23:00:00+00,Mon 29 Mar 2021,9263,3118,3,620300,243207,108,620408,243315,13.1752018037307,5.16712264650799,195
-7.6926,53.28823,2021/03/29 23:00:00+00,Tue 30 Mar 2021,13323,8663,4,633623,251870,112,633735,251982,13.4582186481916,5.35117809716777,196
-7.6926,53.28823,2021/03/30 23:00:00+00,Wed 31 Mar 2021,15827,10500,4,649450,262370,116,649566,262486,13.7944113145577,5.57424472388178,197
-7.6926,53.28823,2021/03/31 23:00:00+00,Thu 01 Apr 2021,19689,11573,8,669139,273943,124,669263,274067,14.2127037123477,5.82018290019319,198
-7.6926,53.28823,2021/04/01 23:00:00+00,Fri 02 Apr 2021,20131,13718,8,689270,287661,132,689402,287793,14.6403825771034,6.11167304854396,199
-7.6926,53.28823,2021/04/02 23:00:00+00,Sat 03 Apr 2021,7546,4635,6,696816,292296,138,696954,292434,14.8007594968429,6.21023095168369,200
-7.6926,53.28823,2021/04/03 23:00:00+00,Sun 04 Apr 2021,3030,169,3,699846,292465,141,699987,292606,14.8651693482161,6.21388360398708,201
-7.6926,53.28823,2021/04/04 23:00:00+00,Mon 05 Apr 2021,3427,605,4,703273,293070,145,703418,293215,14.9380312671284,6.22681654150316,202
-7.6926,53.28823,2021/04/05 23:00:00+00,Tue 06 Apr 2021,11986,8156,11,715259,301226,156,715415,301382,15.1928037652899,6.40025381686239,203
-7.6926,53.28823,2021/04/06 23:00:00+00,Wed 07 Apr 2021,18353,10466,10,733612,311692,166,733778,311858,15.582766871378,6.62272582575957,204
-7.6926,53.28823,2021/04/07 23:00:00+00,Thu 08 Apr 2021,20183,10575,14,753795,322267,180,753975,322447,16.0116774444685,6.84759754227467,205
-7.6926,53.28823,2021/04/08 23:00:00+00,Fri 09 Apr 2021,20681,9155,16,774476,331422,196,774672,331618,16.4512061928596,7.04235611363741,206
-7.6926,53.28823,2021/07/21 23:00:00+00,Thu 22 Jul 2021,33511,15914,6932,2973695,2432248,195983,3169678,2628231,67.3123933006109,55.8140349766942,207
-7.6926,53.28823,2021/07/22 23:00:00+00,Fri 23 Jul 2021,27072,20810,5611,3000767,2453058,201594,3202361,2654652,68.0064609473069,56.375120595926,208
-7.6926,53.28823,2021/07/23 23:00:00+00,Sat 24 Jul 2021,15420,14800,2271,3016187,2467858,203865,3220052,2671723,68.382153225791,56.7376463370375,209
-7.6926,53.28823,2021/07/24 23:00:00+00,Sun 25 Jul 2021,14709,13634,1042,3030896,2481492,204907,3235803,2686399,68.716646984109,57.0493110184593,210
-7.6926,53.28823,2021/07/25 23:00:00+00,Mon 26 Jul 2021,23810,18265,3418,3054706,2499757,208325,3263031,2708082,69.294870338276,57.509778808543,211
-7.6926,53.28823,2021/07/26 23:00:00+00,Tue 27 Jul 2021,25484,23877,3669,3080190,2523634,211994,3292184,2735628,69.91397366735,58.0947553222011,212
-7.6926,53.28823,2021/07/27 23:00:00+00,Wed 28 Jul 2021,23417,25261,3259,3103607,2548895,215253,3318860,2764148,70.4804745559851,58.7004160413446,213
-7.6926,53.28823,2021/07/28 23:00:00+00,Thu 29 Jul 2021,19249,27834,2957,3122856,2576729,218210,3341066,2794939,70.9520489574332,59.3543045127033,214
-7.6926,53.28823,2021/07/29 23:00:00+00,Fri 30 Jul 2021,21928,22915,2114,3144784,2599644,220324,3365108,2819968,71.462613298585,59.8858291318983,215
-7.6926,53.28823,2021/07/30 23:00:00+00,Sat 31 Jul 2021,13724,12454,906,3158508,2612098,221230,3379738,2833328,71.7733011078792,60.1695467759291,216
-7.6926,53.28823,2021/07/31 23:00:00+00,Sun 01 Aug 2021,11087,9307,368,3169595,2621405,221598,3391193,2843003,72.0165635040148,60.3750084679948,217
-7.6926,53.28823,2021/08/01 23:00:00+00,Mon 02 Aug 2021,15002,15989,427,3184597,2637394,222025,3406622,2859419,72.3442191574393,60.7236243994626,218
-7.6926,53.28823,2021/08/02 23:00:00+00,Tue 03 Aug 2021,17317,25424,1108,3201914,2662818,223133,3425047,2885951,72.7354989172647,61.2870672536111,219
-7.6926,53.28823,2021/08/03 23:00:00+00,Wed 04 Aug 2021,22087,17274,1571,3224001,2680092,224704,3448705,2904796,73.2379084997856,61.6872662806889,220
-7.6926,53.28823,2021/08/04 23:00:00+00,Thu 05 Aug 2021,13508,30014,1420,3237509,2710106,226124,3463633,2936230,73.5549247415589,62.3548097254841,221
-7.6926,53.28823,2021/08/05 23:00:00+00,Fri 06 Aug 2021,12185,24724,947,3249694,2734830,227071,3476765,2961901,73.8338004976526,62.899968081765,222
-7.6926,53.28823,2021/08/06 23:00:00+00,Sat 07 Aug 2021,6324,8436,582,3256018,2743266,227653,3483671,2970919,73.9804587349039,63.0914774914858,223
-7.6926,53.28823,2021/08/07 23:00:00+00,Sun 08 Aug 2021,8614,11956,153,3264632,2755222,227806,3492438,2983028,74.1666378206238,63.3486284609146,224
-7.6926,53.28823,2021/08/08 23:00:00+00,Mon 09 Aug 2021,5523,23009,598,3270155,2778231,228404,3498559,3006635,74.2966255226531,63.8499549895549,225
-7.6926,53.28823,2021/08/09 23:00:00+00,Tue 10 Aug 2021,9332,25977,712,3279487,2804208,229116,3508603,3033324,74.5099234280906,64.4167319507478,226
-7.6926,53.28823,2021/08/10 23:00:00+00,Wed 11 Aug 2021,6994,31214,661,3286481,2835422,229777,3516258,3065199,74.6724876919421,65.093640626158,227
-7.6926,53.28823,2021/08/11 23:00:00+00,Thu 12 Aug 2021,6748,38262,860,3293229,2873684,230637,3523866,3104321,74.8340538473153,65.9244491343745,228
-7.6926,53.28823,2021/08/12 23:00:00+00,Fri 13 Aug 2021,10908,28216,867,3304137,2901900,231504,3535641,3133404,75.0841118756433,66.5420659189064,229
-7.6926,53.28823,2021/08/13 23:00:00+00,Sat 14 Aug 2021,18119,5824,279,3322256,2907724,231783,3554039,3139507,75.4748182540025,66.671671366625,230
-7.6926,53.28823,2021/08/14 23:00:00+00,Sun 15 Aug 2021,16994,3716,49,3339250,2911440,231832,3571082,3143272,75.8367493772971,66.7516262266382,231
-7.6926,53.28823,2021/08/15 23:00:00+00,Mon 16 Aug 2021,10171,23125,383,3349421,2934565,232215,3581636,3166780,76.0608778215412,67.2508503565689,232
-7.6926,53.28823,2021/08/16 23:00:00+00,Tue 17 Aug 2021,12851,26838,528,3362272,2961403,232743,3595015,3194146,76.3449989562334,67.8320043271188,233
-7.6926,53.28823,2021/08/17 23:00:00+00,Wed 18 Aug 2021,15221,25758,656,3377493,2987161,233399,3610892,3220560,76.6821684947271,68.3929412918964,234
-7.6926,53.28823,2021/08/18 23:00:00+00,Thu 19 Aug 2021,11351,25684,540,3388844,3012845,233939,3622783,3246784,76.9346899397249,68.9498433500598,235
-7.6926,53.28823,2021/08/19 23:00:00+00,Fri 20 Aug 2021,14834,22228,685,3403678,3035073,234624,3638302,3269697,77.2642568647034,69.4364318513829,236
-7.6926,53.28823,2021/08/20 23:00:00+00,Sat 21 Aug 2021,11871,7957,245,3415549,3043030,234869,3650418,3277899,77.5215564885864,69.6106123990132,237
-7.6926,53.28823,2021/08/21 23:00:00+00,Sun 22 Aug 2021,8001,12245,161,3423550,3055275,235030,3658580,3290305,77.6948875821926,69.8740705645705,238
-7.6926,53.28823,2021/08/22 23:00:00+00,Mon 23 Aug 2021,10855,15352,289,3434405,3070627,235319,3669724,3305946,77.9315454732914,70.2062283243224,239
-7.6926,53.28823,2021/08/23 23:00:00+00,Tue 24 Aug 2021,9701,22899,383,3444106,3093526,235702,3679808,3329228,78.1456928327529,70.7006530390173,240
-7.6926,53.28823,2021/08/24 23:00:00+00,Wed 25 Aug 2021,9410,19499,312,3453516,3113025,236014,3689530,3349039,78.3521526332969,71.1213663807758,241
-7.6926,53.28823,2021/08/25 23:00:00+00,Thu 26 Aug 2021,8569,19414,367,3462085,3132439,236381,3698466,3368820,78.5419206622683,71.5414426320163,242
-7.6926,53.28823,2021/08/26 23:00:00+00,Fri 27 Aug 2021,9710,19185,430,3471795,3151624,236811,3708606,3388435,78.7572572573635,71.957993649057,243
-7.6926,53.28823,2021/08/27 23:00:00+00,Sat 28 Aug 2021,9914,7900,153,3481709,3159524,236964,3718673,3396488,78.9710435988649,72.1290099804477,244
-7.6926,53.28823,2021/08/28 23:00:00+00,Sun 29 Aug 2021,8793,9179,28,3490502,3168703,236992,3727494,3405695,79.1583694475172,72.3245330604321,245
-7.6926,53.28823,2021/08/29 23:00:00+00,Mon 30 Aug 2021,5052,11107,83,3495554,3179810,237075,3732629,3416885,79.2674181078539,72.5621678236584,246
-7.6926,53.28823,2021/08/30 23:00:00+00,Tue 31 Aug 2021,4058,12868,142,3499612,3192678,237217,3736829,3429895,79.3566107803785,72.8384527449788,247
-7.6926,53.28823,2021/08/31 23:00:00+00,Wed 01 Sep 2021,4952,12513,180,3504564,3205191,237397,3741961,3442588,79.4655957316634,73.1080057431587,248
-7.6926,53.28823,2021/09/01 23:00:00+00,Thu 02 Sep 2021,5004,12342,247,3509568,3217533,237644,3747212,3455177,79.5771078086698,73.375350160876,249
-7.6926,53.28823,2021/09/02 23:00:00+00,Fri 03 Sep 2021,4769,16047,165,3514337,3233580,237809,3752146,3471389,79.6818879625357,73.7196338768211,250
-7.6926,53.28823,2021/09/03 23:00:00+00,Sat 04 Sep 2021,4623,10566,133,3518960,3244146,237942,3756902,3482088,79.7828880459945,73.9468415919023,251
-7.6926,53.28823,2021/09/04 23:00:00+00,Sun 05 Sep 2021,5305,11893,1,3524265,3256039,237943,3762208,3493982,79.895568122284,74.1994267459519,252
-7.6926,53.28823,2021/09/05 23:00:00+00,Mon 06 Sep 2021,2150,9661,75,3526415,3265700,238018,3764433,3503718,79.9428190023715,74.4061838554042,253
-7.6926,53.28823,2021/09/06 23:00:00+00,Tue 07 Sep 2021,3026,9994,158,3529441,3275694,238176,3767617,3513870,80.0104355426854,74.6217752867067,254
-7.6926,53.28823,2021/09/07 23:00:00+00,Wed 08 Sep 2021,2604,14803,186,3532045,3290497,238362,3770407,3528859,80.0696849608625,74.9400869458666,255
-7.6926,53.28823,2021/09/08 23:00:00+00,Thu 09 Sep 2021,3111,14796,138,3535156,3305293,238500,3773656,3543793,80.1386818639655,75.2572306057435,256
-7.6926,53.28823,2021/09/09 23:00:00+00,Fri 10 Sep 2021,3372,13940,115,3538528,3319233,238615,3777143,3557848,80.2127330185115,75.5557075134421,257
-7.6926,53.28823,2021/09/10 23:00:00+00,Sat 11 Sep 2021,2554,11320,62,3541082,3330553,238677,3779759,3569230,80.268287311684,75.7974196559839,258
-7.6926,53.28823,2021/09/11 23:00:00+00,Sun 12 Sep 2021,2039,12879,1,3543121,3343432,238678,3781799,3582110,80.3116094669103,76.0709438517261,259
-7.6926,53.28823,2021/09/12 23:00:00+00,Mon 13 Sep 2021,1609,7728,52,3544730,3351160,238730,3783460,3589890,80.3468830452587,76.2361626594027,260
-7.6926,53.28823,2021/09/13 23:00:00+00,Tue 14 Sep 2021,1544,10776,82,3546274,3361936,238812,3785086,3600748,80.3814133513361,76.4667469542295,261
-7.6926,53.28823,2021/09/14 23:00:00+00,Wed 15 Sep 2021,3272,12392,137,3549546,3374328,238949,3788495,3613277,80.4538080705353,76.7328171909108,262
-7.6926,53.28823,2021/09/15 23:00:00+00,Thu 16 Sep 2021,1905,10589,115,3551451,3384917,239064,3790515,3623981,80.4967054987495,76.960131087745,263
-7.6926,53.28823,2021/09/16 23:00:00+00,Fri 17 Sep 2021,2554,14607,94,3554005,3399524,239158,3793163,3638682,80.5529393551412,77.2723266779318,264
-7.6926,53.28823,2021/09/17 23:00:00+00,Sat 18 Sep 2021,2283,11228,47,3556288,3410752,239205,3795493,3649957,80.6024200520418,77.5117665309593,265
-7.6926,53.28823,2021/09/18 23:00:00+00,Sun 19 Sep 2021,1860,8488,15,3558148,3419240,239220,3797368,3658460,80.6422382094189,77.6923392201205,266
-7.6926,53.28823,2021/09/19 23:00:00+00,Mon 20 Sep 2021,952,5607,34,3559100,3424847,239254,3798354,3664101,80.6631772511116,77.8121334738614,267
-7.6926,53.28823,2021/09/20 23:00:00+00,Tue 21 Sep 2021,1462,6662,90,3560562,3431509,239344,3799906,3670853,80.6961360672445,77.95552131312,268
-7.6926,53.28823,2021/09/21 23:00:00+00,Wed 22 Sep 2021,1892,8139,97,3562454,3439648,239441,3801895,3679089,80.7383751685901,78.1304238966707,269
-7.6926,53.28823,2021/09/22 23:00:00+00,Thu 23 Sep 2021,1698,8738,89,3564152,3448386,239530,3803682,3687916,80.7763245271143,78.3178771634267,270
-7.6926,53.28823,2021/09/23 23:00:00+00,Fri 24 Sep 2021,1908,7389,79,3566060,3455775,239609,3805669,3695384,80.8185211557586,78.4764702297157,271
-7.6926,53.28823,2021/09/24 23:00:00+00,Sat 25 Sep 2021,2414,6588,52,3568474,3462363,239661,3808135,3702024,80.870889996341,78.6174795977071,272
-7.6926,53.28823,2021/09/25 23:00:00+00,Sun 26 Sep 2021,1547,7097,0,3570021,3469460,239661,3809682,3709121,80.9037426307209,78.7681939779231,273
-7.6926,53.28823,2021/09/26 23:00:00+00,Mon 27 Sep 2021,1175,3810,45,3571196,3473270,239706,3810902,3712976,80.9296509784542,78.8500601094904,274
-7.6926,53.28823,2021/09/27 23:00:00+00,Tue 28 Sep 2021,1445,5124,93,3572641,3478394,239799,3812440,3718193,80.9623124856787,78.9608501505763,275
-7.6926,53.28823,2021/09/28 23:00:00+00,Wed 29 Sep 2021,1651,3611,79,3574292,3482005,239878,3814170,3721883,80.9990513722186,79.0392122842944,276
-7.6926,53.28823,2021/09/29 23:00:00+00,Thu 30 Sep 2021,1281,3962,78,3575573,3485967,239956,3815529,3725923,81.0279115726856,79.1250071407229,277
-7.6926,53.28823,2021/09/30 23:00:00+00,Fri 01 Oct 2021,1844,5172,41,3577417,3491139,239997,3817414,3731136,81.0679420935686,79.2357122364065,278
-7.6926,53.28823,2021/10/01 23:00:00+00,Sat 02 Oct 2021,1711,4079,40,3579128,3495218,240037,3819165,3735255,81.1051269434712,79.3231847645324,279
-7.6926,53.28823,2021/10/02 23:00:00+00,Sun 03 Oct 2021,1195,3013,9,3580323,3498231,240046,3820369,3738277,81.1306955095949,79.387361016049,280
-7.6926,53.28823,2021/10/03 23:00:00+00,Mon 04 Oct 2021,335,1232,18,3580658,3499463,240064,3820722,3739527,81.1381919413571,79.4139064543003,281
-7.6926,53.28823,2021/10/04 23:00:00+00,Tue 05 Oct 2021,963,2815,70,3581621,3502278,240134,3821755,3742412,81.160129091528,79.4751733257845,282
-7.6926,53.28823,2021/10/05 23:00:00+00,Wed 06 Oct 2021,972,2563,37,3582593,3504841,240171,3822764,3745012,81.1815565692846,79.5303878373474,283
-7.6926,53.28823,2021/10/06 23:00:00+00,Thu 07 Oct 2021,1211,2691,44,3583804,3507532,240215,3824019,3747747,81.2082081892889,79.5884692562414,284
-7.6926,53.28823,2021/10/07 23:00:00+00,Fri 08 Oct 2021,963,2777,47,3584767,3510309,240262,3825029,3750571,81.229656903396,79.6484407103389,285
-7.6926,53.28823,2021/10/08 23:00:00+00,Sat 09 Oct 2021,732,2374,23,3585499,3512683,240285,3825784,3752968,81.2456903480999,79.6993442427298,286
-7.6926,53.28823,2021/10/09 23:00:00+00,Sun 10 Oct 2021,1501,3913,1,3587000,3516596,240286,3827286,3756882,81.2775873467027,79.7824633189825,287
-7.6926,53.28823,2021/10/10 23:00:00+00,Mon 11 Oct 2021,330,1117,19,3587330,3517713,240305,3827635,3758018,81.2849988330625,79.8065878132654,288
-7.6926,53.28823,2021/10/11 23:00:00+00,Tue 12 Oct 2021,558,1604,20,3587888,3519317,240325,3828213,3759642,81.29727344371,79.8410756466416,289
-7.6926,53.28823,2021/10/12 23:00:00+00,Wed 13 Oct 2021,997,2065,11,3588885,3521382,240336,3829221,3761718,81.3186796851159,79.8851623104895,290
-7.6926,53.28823,2021/10/13 23:00:00+00,Thu 14 Oct 2021,682,1587,8,3589567,3522969,240344,3829911,3763313,81.3333327670307,79.9190342896982,291
-7.6926,53.28823,2021/10/14 23:00:00+00,Fri 15 Oct 2021,948,2063,8,3590515,3525032,240352,3830867,3765384,81.3536347182053,79.9630147717931,292
-7.6926,53.28823,2021/10/15 23:00:00+00,Sat 16 Oct 2021,1368,2632,14,3591883,3527664,240366,3832249,3768030,81.382983354736,80.0192061554836,293
-7.6926,53.28823,2021/10/16 23:00:00+00,Sun 17 Oct 2021,1700,2885,2,3593583,3530549,240368,3833951,3770917,81.4191276234591,80.080515499669,294
-7.6926,53.28823,2021/10/17 23:00:00+00,Mon 18 Oct 2021,669,1237,4,3594252,3531786,240372,3834624,3772158,81.4334196874137,80.106869810765,295
-7.6926,53.28823,2021/10/18 23:00:00+00,Tue 19 Oct 2021,1333,1790,13,3595585,3533576,240385,3835970,3773961,81.4620038153227,80.1451589508988,296
-7.6926,53.28823,2021/10/19 23:00:00+00,Wed 20 Oct 2021,2252,2310,0,3597837,3535886,240385,3838222,3776271,81.5098280768764,80.1942149207874,297
-7.6926,53.28823,2021/10/20 23:00:00+00,Thu 21 Oct 2021,1739,1819,11,3599576,3537705,240396,3839972,3778101,81.5469916904284,80.2330774423874,298
-7.6926,53.28823,2021/10/21 23:00:00+00,Fri 22 Oct 2021,1496,1916,3,3601072,3539621,240399,3841471,3780020,81.5788249799794,80.2738299991909,299
-7.6926,53.28823,2021/10/22 23:00:00+00,Sat 23 Oct 2021,2005,1689,1,3603077,3541310,240400,3843477,3781710,81.6214250992852,80.3097194317068,300
-7.6926,53.28823,2021/10/23 23:00:00+00,Sun 24 Oct 2021,1947,2183,2,3605024,3543493,240402,3845426,3783895,81.6628147466068,80.3561208577702,301
-7.6926,53.28823,2021/10/24 23:00:00+00,Mon 25 Oct 2021,1217,840,2,3606241,3544333,240404,3846645,3784737,81.6887018579896,80.3740018649763,302
-7.6926,53.28823,2021/10/25 23:00:00+00,Tue 26 Oct 2021,1236,1211,6,3607477,3545544,240410,3847887,3785954,81.7150774054361,80.3998465036579,303
-7.6926,53.28823,2021/10/26 23:00:00+00,Wed 27 Oct 2021,1554,1411,5,3609031,3546955,240415,3849446,3787370,81.7481848760232,80.429917176109,304
-7.6926,53.28823,2021/10/27 23:00:00+00,Thu 28 Oct 2021,2146,1682,4,3611177,3548637,240419,3851596,3789056,81.7938430298156,80.4657216632225,305
-7.6926,53.28823,2021/10/28 23:00:00+00,Fri 29 Oct 2021,2132,1350,1,3613309,3549987,240420,3853729,3790407,81.8391401656478,80.4944119728846,306
-7.6926,53.28823,2021/10/29 23:00:00+00,Sat 30 Oct 2021,2011,1441,0,3615320,3551428,240420,3855740,3791848,81.8818464667066,80.5250135541008,307
-7.6926,53.28823,2021/10/30 23:00:00+00,Sun 31 Oct 2021,1594,1316,0,3616914,3552744,240420,3857334,3793164,81.9156972095648,80.5529605914918,308
-7.6926,53.28823,2021/11/01 00:00:00+00,Mon 01 Nov 2021,264,267,3,3617178,3553011,240423,3857601,3793434,81.9213673151753,80.5586944061541,309
-7.6926,53.28823,2022/02/13 00:00:00+00,Sun 13 Feb 2022,1567,4705,0,3814757,3719397,240563,4055320,3959960,86.1201973196752,84.0950989263538,310
-7.6926,53.28823,2022/02/14 00:00:00+00,Mon 14 Feb 2022,175,949,1,3814932,3720346,240564,4055496,3960910,86.123934917381,84.1152734594249,311
-7.6926,53.28823,2022/02/15 00:00:00+00,Tue 15 Feb 2022,649,814,1,3815581,3721160,240565,4056146,3961725,86.1377385452718,84.1325810851648,312
-7.6926,53.28823,2022/02/16 00:00:00+00,Wed 16 Feb 2022,800,1785,0,3816381,3722945,240565,4056946,3963510,86.1547276257526,84.1704879709878,313
-7.6926,53.28823,2022/02/17 00:00:00+00,Thu 17 Feb 2022,794,1186,2,3817175,3724131,240567,4057742,3964698,86.1716317608311,84.1957167555019,314
-7.6926,53.28823,2022/02/18 00:00:00+00,Fri 18 Feb 2022,796,3290,0,3817971,3727421,240567,4058538,3967988,86.1885358959096,84.2655843489795,315
-7.6926,53.28823,2022/02/19 00:00:00+00,Sat 19 Feb 2022,979,3553,0,3818950,3730974,240567,4059517,3971541,86.2093262831481,84.3410371026652,316
-7.6926,53.28823,2022/02/20 00:00:00+00,Sun 20 Feb 2022,1366,3587,0,3820316,3734561,240567,4060883,3975128,86.2383351380692,84.4172118922714,317
-7.6926,53.28823,2022/02/21 00:00:00+00,Mon 21 Feb 2022,252,987,2,3820568,3735548,240569,4061137,3976117,86.2437291711219,84.4382146430159,318
-7.6926,53.28823,2022/02/22 00:00:00+00,Tue 22 Feb 2022,474,973,0,3821042,3736521,240569,4061611,3977090,86.2537952013068,84.4588776121508,319
-7.6926,53.28823,2022/02/23 00:00:00+00,Wed 23 Feb 2022,828,1270,1,3821870,3737791,240570,4062440,3978361,86.2714001359551,84.4858690137648,320
-7.6926,53.28823,2022/02/24 00:00:00+00,Thu 24 Feb 2022,660,1229,0,3822530,3739020,240570,4063100,3979590,86.2854161273518,84.5119684886535,321
-7.6926,53.28823,2022/02/25 00:00:00+00,Fri 25 Feb 2022,690,1221,0,3823220,3740241,240570,4063790,3980811,86.3000692092666,84.5378980727375,322
-7.6926,53.28823,2022/02/26 00:00:00+00,Sat 26 Feb 2022,960,2088,0,3824180,3742329,240570,4064750,3982899,86.3204561058437,84.5822395727926,323
-7.6926,53.28823,2022/02/27 00:00:00+00,Sun 27 Feb 2022,671,1782,0,3824851,3744111,240570,4065421,3984681,86.334705697097,84.6200827495637,324
-7.6926,53.28823,2022/02/28 00:00:00+00,Mon 28 Feb 2022,85,426,0,3824936,3744537,240570,4065506,3985107,86.3365107868981,84.6291294349198,325
-7.6926,53.28823,2022/03/01 00:00:00+00,Tue 01 Mar 2022,130,940,0,3825066,3745477,240570,4065636,3986047,86.3392715124762,84.6490916044849,326
-7.6926,53.28823,2022/03/02 00:00:00+00,Wed 02 Mar 2022,205,993,2,3825271,3746470,240572,4065843,3987042,86.3436674370507,84.670221773333,327
-7.6926,53.28823,2022/03/03 00:00:00+00,Thu 03 Mar 2022,275,1273,0,3825546,3747743,240572,4066118,3988315,86.349507433466,84.6972556476482,328
-7.6926,53.28823,2022/03/04 00:00:00+00,Fri 04 Mar 2022,733,1503,2,3826279,3749246,240574,4066853,3989820,86.3651161511578,84.7292163553028,329
-7.6926,53.28823,2022/03/05 00:00:00+00,Sat 05 Mar 2022,962,3341,0,3827241,3752587,240574,4067815,3993161,86.3855455204361,84.8001670026611,330
-7.6926,53.28823,2022/03/06 00:00:00+00,Sun 06 Mar 2022,456,1914,0,3827697,3754501,240574,4068271,3995075,86.3952292963102,84.8408133777116,331
-7.6926,53.28823,2022/03/07 00:00:00+00,Mon 07 Mar 2022,112,121,0,3827809,3754622,240574,4068383,3995196,86.3976077675775,84.8433829761344,332
-7.6926,53.28823,2022/03/08 00:00:00+00,Tue 08 Mar 2022,119,492,0,3827928,3755114,240574,4068502,3995688,86.400134893299,84.8538312606301,333
-7.6926,53.28823,2022/03/09 00:00:00+00,Wed 09 Mar 2022,125,343,0,3828053,3755457,240574,4068627,3996031,86.4027894371242,84.8611153288863,334
-7.6926,53.28823,2022/03/10 00:00:00+00,Thu 10 Mar 2022,257,507,0,3828310,3755964,240574,4068884,3996538,86.4082471792286,84.8718821586411,335
-7.6926,53.28823,2022/03/11 00:00:00+00,Fri 11 Mar 2022,495,2181,0,3828805,3758145,240574,4069379,3998719,86.4187591727762,84.9181986393021,336
-7.6926,53.28823,2022/03/12 00:00:00+00,Sat 12 Mar 2022,473,2387,2,3829278,3760532,240576,4069854,4001108,86.4288464393117,84.9689322808881,337
-7.6926,53.28823,2022/03/13 00:00:00+00,Sun 13 Mar 2022,359,1082,0,3829637,3761614,240576,4070213,4002190,86.4364702891775,84.9919100122385,338
-7.6926,53.28823,2022/03/14 00:00:00+00,Mon 14 Mar 2022,109,120,0,3829746,3761734,240576,4070322,4002310,86.438785051393,84.9944583743106,339
-7.6926,53.28823,2022/03/15 00:00:00+00,Tue 15 Mar 2022,221,757,0,3829967,3762491,240576,4070543,4003067,86.4434782848759,85.0105342917157,340
-7.6926,53.28823,2022/03/16 00:00:00+00,Wed 16 Mar 2022,196,797,0,3830163,3763288,240576,4070739,4003864,86.4476406095937,85.0274596631448,341
-7.6926,53.28823,2022/03/18 00:00:00+00,Fri 18 Mar 2022,2,6,0,3830165,3763294,240576,4070741,4003870,86.4476830822949,85.0275870812484,342
-7.6926,53.28823,2022/03/19 00:00:00+00,Sat 19 Mar 2022,743,2778,0,3830908,3766072,240576,4071484,4006648,86.4634616907915,85.0865816632182,343
-7.6926,53.28823,2022/03/20 00:00:00+00,Sun 20 Mar 2022,394,1401,0,3831302,3767473,240576,4071878,4008049,86.4718288129284,85.1163337904104,344
-7.6926,53.28823,2022/03/21 00:00:00+00,Mon 21 Mar 2022,54,111,0,3831356,3767584,240576,4071932,4008160,86.4729755758608,85.1186910253271,345
-7.6926,53.28823,2022/03/22 00:00:00+00,Tue 22 Mar 2022,138,573,0,3831494,3768157,240576,4072070,4008733,86.4759061922438,85.1308594542215,346
-7.6926,53.28823,2022/03/23 00:00:00+00,Wed 23 Mar 2022,98,220,0,3831592,3768377,240576,4072168,4008953,86.4779873546027,85.1355314513538,347
-7.6926,53.28823,2022/03/24 00:00:00+00,Thu 24 Mar 2022,148,239,0,3831740,3768616,240576,4072316,4009192,86.4811303344916,85.1406069391474,348
-7.6926,53.28823,2022/03/25 00:00:00+00,Fri 25 Mar 2022,437,1621,0,3832177,3770237,240576,4072753,4010813,86.4904106197043,85.1750310634718,349
-7.6926,53.28823,2022/03/26 00:00:00+00,Sat 26 Mar 2022,875,1847,0,3833052,3772084,240576,4073628,4012660,86.5089924264803,85.2142546030321,350
-7.6926,53.28823,2022/03/27 00:00:00+00,Sun 27 Mar 2022,380,802,0,3833432,3772886,240576,4074008,4013462,86.5170622397087,85.2312861562142,351
-7.6926,53.28823,2022/03/27 23:00:00+00,Mon 28 Mar 2022,40,51,0,3833472,3772937,240576,4074048,4013513,86.5179116937328,85.2323692100948,352
-7.6926,53.28823,2022/03/28 23:00:00+00,Tue 29 Mar 2022,138,192,3,3833610,3773129,240579,4074189,4013708,86.5209060191675,85.236510298462,353
-7.6926,53.28823,2022/03/29 23:00:00+00,Wed 30 Mar 2022,109,134,0,3833719,3773263,240579,4074298,4013842,86.523220781383,85.2393559694426,354
-7.6926,53.28823,2022/03/30 23:00:00+00,Thu 31 Mar 2022,228,355,0,3833947,3773618,240579,4074526,4014197,86.5280626693201,85.246894873906,355
-7.6926,53.28823,2022/03/31 23:00:00+00,Fri 01 Apr 2022,310,903,0,3834257,3774521,240579,4074836,4015100,86.5346459380064,85.2660712984988,356
-7.6926,53.28823,2022/04/01 23:00:00+00,Sat 02 Apr 2022,726,1538,0,3834983,3776059,240579,4075562,4016638,86.5500635285428,85.2987328057233,357
-7.6926,53.28823,2022/04/02 23:00:00+00,Sun 03 Apr 2022,534,817,0,3835517,3776876,240579,4076096,4017455,86.5614037397638,85.3160829041644,358
-7.6926,53.28823,2022/04/03 23:00:00+00,Mon 04 Apr 2022,46,50,0,3835563,3776926,240579,4076142,4017505,86.5623806118915,85.3171447216944,359
-7.6926,53.28823,2022/04/04 23:00:00+00,Tue 05 Apr 2022,130,166,0,3835693,3777092,240579,4076272,4017671,86.5651413374696,85.3206699558942,360
-7.6926,53.28823,2022/04/05 23:00:00+00,Wed 06 Apr 2022,159,208,0,3835852,3777300,240579,4076431,4017879,86.5685179172152,85.3250871168192,361
-7.6926,53.28823,2022/04/06 23:00:00+00,Thu 07 Apr 2022,119,174,0,3835971,3777474,240579,4076550,4018053,86.5710450429367,85.3287822418238,362
-7.6926,53.28823,2022/04/07 23:00:00+00,Fri 08 Apr 2022,267,416,0,3836238,3777890,240579,4076817,4018469,86.5767151485472,85.3376165636739,363
-7.6926,53.28823,2022/04/08 23:00:00+00,Sat 09 Apr 2022,561,1017,0,3836799,3778907,240579,4077378,4019486,86.5886287412344,85.3592139322352,364
-7.6926,53.28823,2022/04/09 23:00:00+00,Sun 10 Apr 2022,412,719,0,3837211,3779626,240579,4077790,4020205,86.5973781176821,85.3744828683174,365
-7.6926,53.28823,2022/04/10 23:00:00+00,Mon 11 Apr 2022,70,92,0,3837281,3779718,240579,4077860,4020297,86.5988646622242,85.3764366125727,366
-7.6926,53.28823,2022/04/11 23:00:00+00,Tue 12 Apr 2022,192,175,0,3837473,3779893,240579,4078052,4020472,86.6029420415396,85.3801529739279,367
-7.6926,53.28823,2022/04/12 23:00:00+00,Wed 13 Apr 2022,145,231,0,3837618,3780124,240579,4078197,4020703,86.6060213123767,85.3850585709168,368
-7.6926,53.28823,2022/04/13 23:00:00+00,Thu 14 Apr 2022,356,426,0,3837974,3780550,240579,4078553,4021129,86.6135814531907,85.3941052562729,369
-7.6926,53.28823,2022/04/14 23:00:00+00,Fri 15 Apr 2022,445,989,0,3838419,3781539,240579,4078998,4022118,86.6230316292082,85.4151080070173,370
-7.6926,53.28823,2022/04/15 23:00:00+00,Sat 16 Apr 2022,42,88,0,3838461,3781627,240579,4079040,4022206,86.6239235559335,85.4169768058702,371
-7.6926,53.28823,2022/04/17 23:00:00+00,Mon 18 Apr 2022,35,61,0,3838496,3781688,240579,4079075,4022267,86.6246668282045,85.4182722232569,372
-7.6926,53.28823,2022/04/18 23:00:00+00,Tue 19 Apr 2022,218,268,1,3838714,3781956,240580,4079294,4022536,86.6293175889862,85.4239848015686,373
-7.6926,53.28823,2022/04/19 23:00:00+00,Wed 20 Apr 2022,246,607,0,3838960,3782563,240580,4079540,4023143,86.634541731234,85.4368752663835,374
-7.6926,53.28823,2022/04/20 23:00:00+00,Thu 21 Apr 2022,166,239,0,3839126,3782802,240580,4079706,4023382,86.6380669654338,85.4419507541771,375
-7.6926,53.28823,2022/04/21 23:00:00+00,Fri 22 Apr 2022,196,251,0,3839322,3783053,240580,4079902,4023633,86.6422292901516,85.447281078178,376
-7.6926,53.28823,2022/04/22 23:00:00+00,Sat 23 Apr 2022,323,1010,0,3839645,3784063,240580,4080225,4024643,86.6490886313958,85.4687297922851,377
-7.6926,53.28823,2022/04/23 23:00:00+00,Sun 24 Apr 2022,182,251,0,3839827,3784314,240580,4080407,4024894,86.6529536472052,85.474060116286,378
-7.6926,53.28823,2022/04/24 23:00:00+00,Mon 25 Apr 2022,42,55,0,3839869,3784369,240580,4080449,4024949,86.6538455739304,85.4752281155691,379
-7.6926,53.28823,2022/04/25 23:00:00+00,Tue 26 Apr 2022,143,237,0,3840012,3784606,240580,4080592,4025186,86.6568823720664,85.4802611306615,380
-7.6926,53.28823,2022/04/26 23:00:00+00,Wed 27 Apr 2022,120,208,0,3840132,3784814,240580,4080712,4025394,86.6594307341385,85.4846782915866,381
-7.6926,53.28823,2022/04/27 23:00:00+00,Thu 28 Apr 2022,104,126,0,3840236,3784940,240580,4080816,4025520,86.661639314601,85.4873540717623,382
-7.6926,53.28823,2022/04/28 23:00:00+00,Fri 29 Apr 2022,172,221,0,3840408,3785161,240580,4080988,4025741,86.6652919669044,85.4920473052452,383
-7.6926,53.28823,2022/04/29 23:00:00+00,Sat 30 Apr 2022,280,722,0,3840688,3785883,240580,4081268,4026463,86.6712381450727,85.5073799503791,384
-7.6926,53.28823,2022/04/30 23:00:00+00,Sun 01 May 2022,185,746,0,3840873,3786629,240580,4081453,4027209,86.6751668699339,85.5232222679276,385
-7.6926,53.28823,2022/05/01 23:00:00+00,Mon 02 May 2022,11,26,0,3840884,3786655,240580,4081464,4027235,86.6754004697906,85.5237744130432,386
-7.6926,53.28823,2022/05/02 23:00:00+00,Tue 03 May 2022,88,117,0,3840972,3786772,240580,4081552,4027352,86.6772692686434,85.5262590660635,387
-7.6926,53.28823,2022/05/03 23:00:00+00,Wed 04 May 2022,117,126,0,3841089,3786898,240580,4081669,4027478,86.6797539216638,85.5289348462393,388
-7.6926,53.28823,2022/05/04 23:00:00+00,Thu 05 May 2022,120,157,0,3841209,3787055,240580,4081789,4027635,86.6823022837359,85.5322689532836,389
-7.6926,53.28823,2022/05/05 23:00:00+00,Fri 06 May 2022,141,255,0,3841350,3787310,240580,4081930,4027890,86.6852966091707,85.5376842226869,390
-7.6926,53.28823,2022/05/06 23:00:00+00,Sat 07 May 2022,443,1079,0,3841793,3788389,240580,4082373,4028969,86.6947043124869,85.5605982449855,391
-7.6926,53.28823,2022/05/07 23:00:00+00,Sun 08 May 2022,273,436,0,3842066,3788825,240580,4082646,4029405,86.7005018362011,85.5698572938476,392
-7.6926,53.28823,2022/05/08 23:00:00+00,Mon 09 May 2022,25,30,0,3842091,3788855,240580,4082671,4029435,86.7010327449661,85.5704943843656,393
-7.6926,53.28823,2022/05/09 23:00:00+00,Tue 10 May 2022,91,102,1,3842182,3788957,240581,4082763,4029538,86.7029864892214,85.5726817284775,394
-7.6926,53.28823,2022/05/10 23:00:00+00,Wed 11 May 2022,125,130,0,3842307,3789087,240581,4082888,4029668,86.7056410330465,85.5754424540557,395
-7.6926,53.28823,2022/05/11 23:00:00+00,Thu 12 May 2022,221,389,0,3842528,3789476,240581,4083109,4030057,86.7103342665294,85.5837033944395,396
-7.6926,53.28823,2022/05/12 23:00:00+00,Fri 13 May 2022,176,318,0,3842704,3789794,240581,4083285,4030375,86.7140718642352,85.5904565539307,397
-7.6926,53.28823,2022/05/13 23:00:00+00,Sat 14 May 2022,330,628,0,3843034,3790422,240581,4083615,4031003,86.7210798599335,85.6037929821082,398
-7.6926,53.28823,2022/05/14 23:00:00+00,Sun 15 May 2022,169,254,0,3843203,3790676,240581,4083784,4031257,86.7246688031851,85.6091870151608,399
-7.6926,53.28823,2022/05/15 23:00:00+00,Mon 16 May 2022,26,30,0,3843229,3790706,240581,4083810,4031287,86.7252209483007,85.6098241056789,400
-7.6926,53.28823,2022/05/16 23:00:00+00,Tue 17 May 2022,104,89,0,3843333,3790795,240581,4083914,4031376,86.7274295287633,85.6117141408824,401
-7.6926,53.28823,2022/05/17 23:00:00+00,Wed 18 May 2022,92,106,0,3843425,3790901,240581,4084006,4031482,86.7293832730186,85.6139651940461,402
-7.6926,53.28823,2022/05/18 23:00:00+00,Thu 19 May 2022,75,89,0,3843500,3790990,240581,4084081,4031571,86.7309759993136,85.6158552292496,403
-7.6926,53.28823,2022/05/19 23:00:00+00,Fri 20 May 2022,126,183,0,3843626,3791173,240581,4084207,4031754,86.7336517794894,85.6197414814096,404
-7.6926,53.28823,2022/05/20 23:00:00+00,Sat 21 May 2022,394,755,0,3844020,3791928,240581,4084601,4032509,86.7420189016262,85.6357749261134,405
-7.6926,53.28823,2022/05/21 23:00:00+00,Sun 22 May 2022,232,408,0,3844252,3792336,240581,4084833,4032917,86.7469457349657,85.6444393571587,406
-7.6926,53.28823,2022/05/22 23:00:00+00,Mon 23 May 2022,27,29,0,3844279,3792365,240581,4084860,4032946,86.7475191164319,85.6450552113261,407
-7.6926,53.28823,2022/05/23 23:00:00+00,Tue 24 May 2022,68,75,0,3844347,3792440,240581,4084928,4033021,86.7489631882728,85.6466479376212,408
-7.6926,53.28823,2021/04/09 23:00:00+00,Sat 10 Apr 2021,11167,4165,12,785643,335587,208,785851,335795,16.6886073562294,7.13106035009823,409
-7.6926,53.28823,2021/04/10 23:00:00+00,Sun 11 Apr 2021,2858,361,8,788501,335948,216,788717,336164,16.7494707370521,7.13889656347004,410
-7.6926,53.28823,2021/04/11 23:00:00+00,Mon 12 Apr 2021,7770,2796,13,796271,338744,229,796500,338973,16.9147532537805,7.19854947230854,411
-7.6926,53.28823,2021/04/12 23:00:00+00,Tue 13 Apr 2021,11503,8594,1,807774,347338,230,808004,347568,17.1590562310957,7.38107590572504,412
-7.6926,53.28823,2021/04/13 23:00:00+00,Wed 14 Apr 2021,20348,6594,2,828122,353932,232,828354,354164,17.5912159658282,7.52115087428994,413
-7.6926,53.28823,2021/04/14 23:00:00+00,Thu 15 Apr 2021,27121,10798,1,855243,364730,233,855476,364963,18.1671882668313,7.75048222443128,414
-7.6926,53.28823,2021/04/15 23:00:00+00,Fri 16 Apr 2021,27970,9830,1,883213,374560,234,883447,374794,18.7611902294949,7.95925678719074,415
-7.6926,53.28823,2021/04/16 23:00:00+00,Sat 17 Apr 2021,15844,4549,2,899057,379109,236,899293,379345,19.09770144112,8.05590341877637,416
-7.6926,53.28823,2021/04/17 23:00:00+00,Sun 18 Apr 2021,1068,483,0,900125,379592,236,900361,379828,19.120381863562,8.06616057611671,417
-7.6926,53.28823,2021/04/18 23:00:00+00,Mon 19 Apr 2021,6738,2251,0,906863,381843,236,907099,382079,19.2634723939122,8.1139636013198,418
-7.6926,53.28823,2021/04/19 23:00:00+00,Tue 20 Apr 2021,15088,7306,1,921951,389149,237,922188,389386,19.5839076881323,8.26913761516207,419
-7.6926,53.28823,2021/04/20 23:00:00+00,Wed 21 Apr 2021,26713,9873,4,948664,399022,241,948905,399263,20.151279267142,8.47888905004919,420
-7.6926,53.28823,2021/04/21 23:00:00+00,Thu 22 Apr 2021,31619,12181,1,980283,411203,242,980525,411445,20.822772673149,8.73759027307186,421
-7.6926,53.28823,2021/04/22 23:00:00+00,Fri 23 Apr 2021,33616,12350,3,1013899,423553,245,1014144,423798,21.5367175440076,8.99992291204732,422
-7.6926,53.28823,2021/04/23 23:00:00+00,Sat 24 Apr 2021,23696,6989,2,1037595,430542,247,1037842,430789,22.0399765805526,9.14838623909965,423
-7.6926,53.28823,2021/04/24 23:00:00+00,Sun 25 Apr 2021,9746,298,2,1047341,430840,249,1047590,431089,22.2469885262121,9.15475714427998,424
-7.6926,53.28823,2021/04/25 23:00:00+00,Mon 26 Apr 2021,15576,3048,3,1062917,433888,252,1063169,434140,22.5778296322268,9.21954924996395,425
-7.6926,53.28823,2021/04/26 23:00:00+00,Tue 27 Apr 2021,25912,7807,9,1088829,441695,261,1089090,441956,23.128297076158,9.38553256626219,426
-7.6926,53.28823,2021/04/27 23:00:00+00,Wed 28 Apr 2021,26026,8589,5,1114855,450284,266,1115121,450550,23.6811005186554,9.56803776332809,427
-7.6926,53.28823,2021/04/28 23:00:00+00,Thu 29 Apr 2021,31688,11331,6,1146543,461615,272,1146815,461887,24.3541654146068,9.80879427009283,428
-7.6926,53.28823,2021/04/29 23:00:00+00,Fri 30 Apr 2021,36121,13521,8,1182664,475136,280,1182944,475416,25.1214135254742,10.0961008573752,429
-7.6926,53.28823,2021/04/30 23:00:00+00,Sat 01 May 2021,16573,6681,18,1199237,481817,298,1199535,482115,25.4737458182971,10.238363170052,430
-7.6926,53.28823,2021/05/01 23:00:00+00,Sun 02 May 2021,12451,908,14,1211688,482725,312,1212000,483037,25.7384569285399,10.2579430853062,431
-7.6926,53.28823,2021/05/02 23:00:00+00,Mon 03 May 2021,14252,919,21,1225940,483644,333,1226273,483977,26.0415633606695,10.2779052548712,432
-7.6926,53.28823,2021/05/03 23:00:00+00,Tue 04 May 2021,26653,6784,10,1252593,490428,343,1252936,490771,26.6077881767467,10.4221850208552,433
-7.6926,53.28823,2021/05/04 23:00:00+00,Wed 05 May 2021,32098,13457,69,1284691,503885,412,1285103,504297,27.2908978665325,10.7094278990857,434
-7.6926,53.28823,2021/05/05 23:00:00+00,Thu 06 May 2021,37271,14377,132,1321962,518262,544,1322506,518806,28.0852010880657,11.0175461099572,435
-7.6926,53.28823,2021/05/06 23:00:00+00,Fri 07 May 2021,40597,15065,97,1362559,533327,641,1363200,533968,28.949393139427,11.3395316577711,436
-7.6926,53.28823,2021/05/07 23:00:00+00,Sat 08 May 2021,25609,7037,10,1388168,540364,651,1388819,541015,29.4934472054768,11.4891842204571,437
-7.6926,53.28823,2021/05/08 23:00:00+00,Sun 09 May 2021,19665,921,5,1407833,541285,656,1408489,541941,29.9111662218005,11.5088490811137,438
-7.6926,53.28823,2021/05/09 23:00:00+00,Mon 10 May 2021,28840,4639,173,1436673,545924,829,1437502,546753,30.5272964617904,11.6110384002062,439
-7.6926,53.28823,2021/05/10 23:00:00+00,Tue 11 May 2021,33920,14812,153,1470593,560736,982,1471575,561718,31.2508826358219,11.9288403869518,440
-7.6926,53.28823,2021/05/11 23:00:00+00,Wed 12 May 2021,31286,20927,171,1501879,581663,1153,1503032,582816,31.9189145166808,12.3768849119339,441
-7.6926,53.28823,2021/05/12 23:00:00+00,Thu 13 May 2021,35993,25473,152,1537872,607136,1305,1539177,608441,32.6865024091578,12.9210663960872,442
-7.6926,53.28823,2021/05/13 23:00:00+00,Fri 14 May 2021,38210,27941,236,1576082,635077,1541,1577623,636618,33.5029551443679,13.5194430469746,443
-7.6926,53.28823,2021/05/14 23:00:00+00,Sat 15 May 2021,28851,12443,22,1604933,647520,1563,1606496,649083,34.1161122952736,13.7841541572174,444
-7.6926,53.28823,2021/05/15 23:00:00+00,Sun 16 May 2021,23168,1168,9,1628101,648688,1572,1629673,650260,34.6083071931554,13.8091493418749,445
-7.6926,53.28823,2021/05/16 23:00:00+00,Mon 17 May 2021,35386,3942,115,1663487,652630,1687,1665174,654317,35.3622188758453,13.8953052162636,446
-7.6926,53.28823,2021/05/17 23:00:00+00,Tue 18 May 2021,39003,12487,125,1702490,665117,1812,1704302,666929,36.1931548021653,14.1631380700447,447
-7.6926,53.28823,2021/05/18 23:00:00+00,Wed 19 May 2021,37020,17585,207,1739510,682702,2019,1741529,684721,36.9837204259927,14.5409752199396,448
-7.6926,53.28823,2021/05/19 23:00:00+00,Thu 20 May 2021,39070,19637,136,1778580,702339,2155,1780735,704494,37.8163127876596,14.9608815803752,449
-7.6926,53.28823,2021/05/20 23:00:00+00,Fri 21 May 2021,25837,23243,14933,1804417,725582,17088,1821505,742670,38.6821188016667,15.771600500923,450
-7.6926,53.28823,2021/05/21 23:00:00+00,Sat 22 May 2021,16587,10241,13522,1821004,735823,30610,1851614,766433,39.3215240819154,16.2762399002571,451
-7.6926,53.28823,2021/05/22 23:00:00+00,Sun 23 May 2021,8211,5522,10204,1829215,741345,40814,1870029,782159,39.7125914782348,16.6102027498101,452
-7.6926,53.28823,2021/05/23 23:00:00+00,Mon 24 May 2021,22544,8208,8450,1851759,749553,49264,1901023,798817,40.3707909287654,16.9639578781233,453
-7.6926,53.28823,2021/05/24 23:00:00+00,Tue 25 May 2021,30325,16477,3222,1882084,766030,52486,1934570,818516,41.0832067823807,17.3822927486145,454
-7.6926,53.28823,2021/05/25 23:00:00+00,Wed 26 May 2021,19957,25386,3049,1902041,791416,55535,1957576,846951,41.5717702643097,17.9861483779569,455
-7.6926,53.28823,2021/05/26 23:00:00+00,Thu 27 May 2021,17004,36019,551,1919045,827435,56086,1975131,883521,41.9445743991121,18.7627617194394,456
-7.6926,53.28823,2021/05/27 23:00:00+00,Fri 28 May 2021,27027,31813,1558,1946072,859248,57644,2003716,916892,42.5516154810447,19.4714399753488,457
-7.6926,53.28823,2021/05/28 23:00:00+00,Sat 29 May 2021,24460,7383,534,1970532,866631,58178,2028710,924809,43.0823968279688,19.6395681630578,458
-7.6926,53.28823,2021/05/29 23:00:00+00,Sun 30 May 2021,24233,1674,209,1994765,868305,58387,2053152,926692,43.601455709361,19.6795562112397,459
-7.6926,53.28823,2021/05/30 23:00:00+00,Mon 31 May 2021,22571,7322,3442,2017336,875627,61829,2079165,937456,44.1538768975476,19.90814428911,460
-7.6926,53.28823,2021/05/31 23:00:00+00,Tue 01 Jun 2021,27534,11506,3653,2044870,887133,65482,2110352,952615,44.8161749637442,20.2300661278721,461
-7.6926,53.28823,2021/06/01 23:00:00+00,Wed 02 Jun 2021,18681,20885,4007,2063551,908018,69489,2133040,977507,45.2979852861821,20.7586813670349,462
-7.6926,53.28823,2021/06/02 23:00:00+00,Thu 03 Jun 2021,16668,30703,1976,2080219,938721,71465,2151684,1010186,45.6939158067891,21.4526640683284,463
-7.6926,53.28823,2021/06/03 23:00:00+00,Fri 04 Jun 2021,28993,23336,150,2109212,962057,71615,2180827,1033672,46.3128067723571,21.9514209985459,464
-7.6926,53.28823,2021/06/04 23:00:00+00,Sat 05 Jun 2021,20944,11483,33,2130156,973540,71648,2201804,1045188,46.7582816989165,22.1959788120683,465
-7.6926,53.28823,2021/06/05 23:00:00+00,Sun 06 Jun 2021,19929,3897,43,2150085,977437,71691,2221776,1049128,47.1824140931218,22.2796500334366,466
-7.6926,53.28823,2021/06/06 23:00:00+00,Mon 07 Jun 2021,19796,4578,44,2169881,982015,71735,2241616,1053750,47.6037432890478,22.3778044459149,467
-7.6926,53.28823,2021/06/07 23:00:00+00,Tue 08 Jun 2021,26382,18347,43,2196263,1000362,71778,2268041,1072140,48.164913853682,22.7683409334693,468
-7.6926,53.28823,2021/06/08 23:00:00+00,Wed 09 Jun 2021,32775,20103,173,2229038,1020465,71951,2300989,1092416,48.8646091332872,23.1989291782573,469
-7.6926,53.28823,2021/06/09 23:00:00+00,Thu 10 Jun 2021,27667,27484,270,2256705,1047949,72221,2328926,1120170,49.4578890600303,23.7883228528404,470
-7.6926,53.28823,2021/06/10 23:00:00+00,Fri 11 Jun 2021,26413,32889,40,2283118,1080838,72261,2355379,1153099,50.0196542424813,24.4876146417842,471
-7.6926,53.28823,2021/06/11 23:00:00+00,Sat 12 Jun 2021,12196,19714,103,2295314,1100552,72364,2367678,1172916,50.2808401185243,24.9084554016463,472
-7.6926,53.28823,2021/06/12 23:00:00+00,Sun 13 Jun 2021,8540,18164,831,2303854,1118716,73195,2377049,1191911,50.4798459600073,25.3118398813143,473
-7.6926,53.28823,2021/06/13 23:00:00+00,Mon 14 Jun 2021,16007,31297,48,2319861,1150013,73243,2393104,1223256,50.820795568908,25.9774932909059,474
-7.6926,53.28823,2021/06/14 23:00:00+00,Tue 15 Jun 2021,14680,41573,205,2334541,1191586,73448,2407989,1265034,51.1368986476055,26.8647055463189,475
-7.6926,53.28823,2021/06/15 23:00:00+00,Wed 16 Jun 2021,13456,48381,215,2347997,1239967,73663,2421660,1313630,51.4272207966732,27.8967072401302,476
-7.6926,53.28823,2021/06/16 23:00:00+00,Thu 17 Jun 2021,21557,42670,535,2369554,1282637,74198,2443752,1356835,51.8963742541528,28.814223767851,477
-7.6926,53.28823,2021/06/17 23:00:00+00,Fri 18 Jun 2021,12003,50034,551,2381557,1332671,74749,2456306,1407420,52.1629753995991,29.8884645630079,478
-7.6926,53.28823,2021/06/18 23:00:00+00,Sat 19 Jun 2021,6301,32792,432,2387858,1365463,75181,2463039,1440644,52.3059597481963,30.5940210753791,479
-7.6926,53.28823,2021/06/19 23:00:00+00,Sun 20 Jun 2021,8503,26133,177,2396361,1391596,75358,2471719,1466954,52.4902912714139,31.1527494596941,480
-7.6926,53.28823,2021/06/20 23:00:00+00,Mon 21 Jun 2021,15459,32328,572,2411820,1423924,75930,2487750,1499854,52.8307312079003,31.8514253944705,481
-7.6926,53.28823,2021/06/21 23:00:00+00,Tue 22 Jun 2021,15120,43529,722,2426940,1467453,76652,2503592,1544105,53.167157474123,32.79115514492,482
-7.6926,53.28823,2021/06/22 23:00:00+00,Wed 23 Jun 2021,20069,39373,881,2447009,1506826,77533,2524542,1584359,53.6120590192161,33.6460032020169,483
-7.6926,53.28823,2021/06/23 23:00:00+00,Thu 24 Jun 2021,19005,44258,1030,2466014,1551084,78563,2544577,1629647,54.0375293035093,34.6077550480398,484
-7.6926,53.28823,2021/06/24 23:00:00+00,Fri 25 Jun 2021,15195,50113,840,2481209,1601197,79403,2560612,1680600,54.378054185398,35.6898108202179,485
-7.6926,53.28823,2021/06/25 23:00:00+00,Sat 26 Jun 2021,9043,30541,508,2490252,1631738,79911,2570163,1711649,54.5808825699892,36.3491782700317,486
-7.6926,53.28823,2021/06/26 23:00:00+00,Sun 27 Jun 2021,8718,30467,55,2498970,1662205,79966,2578936,1742171,54.7671890738127,36.9973541630786,487
-7.6926,53.28823,2021/06/27 23:00:00+00,Mon 28 Jun 2021,24214,24628,519,2523184,1686833,80485,2603669,1767318,55.2924277332298,37.5313846716446,488
-7.6926,53.28823,2021/06/28 23:00:00+00,Tue 29 Jun 2021,28139,31010,808,2551323,1717843,81293,2632616,1799136,55.90715637408,38.2070828750706,489
-7.6926,53.28823,2021/06/29 23:00:00+00,Wed 30 Jun 2021,22549,36849,587,2573872,1754692,81880,2655752,1836572,56.3984805815872,39.0020868961736,490
-7.6926,53.28823,2021/06/30 23:00:00+00,Thu 01 Jul 2021,14986,48306,639,2588858,1802998,82519,2671377,1885517,56.7302985597295,40.0415000763447,491
-7.6926,53.28823,2021/07/01 23:00:00+00,Fri 02 Jul 2021,13644,47247,813,2602502,1850245,83332,2685834,1933577,57.0373124803696,41.0621190862338,492
-7.6926,53.28823,2021/07/02 23:00:00+00,Sat 03 Jul 2021,9299,30462,505,2611801,1880707,83837,2695638,1964544,57.2455136616629,41.7197451552982,493
-7.6926,53.28823,2021/07/03 23:00:00+00,Sun 04 Jul 2021,6439,27771,231,2618240,1908478,84068,2702308,1992546,57.3871601201723,42.3144054448304,494
-7.6926,53.28823,2021/07/04 23:00:00+00,Mon 05 Jul 2021,15581,33436,5338,2633821,1941914,89406,2723227,2031320,57.8314033383968,43.1378237030377,495
-7.6926,53.28823,2021/07/05 23:00:00+00,Tue 06 Jul 2021,12397,48278,5482,2646218,1990192,94888,2741106,2085080,58.211088050794,44.2794899113531,496
-7.6926,53.28823,2021/07/06 23:00:00+00,Wed 07 Jul 2021,19690,43746,5054,2665908,2033938,99942,2765850,2133880,58.7365603100677,45.3158238206871,497
-7.6926,53.28823,2021/07/07 23:00:00+00,Thu 08 Jul 2021,17749,45574,5992,2683657,2079512,105934,2789591,2185446,59.2407325096886,46.4108974757837,498
-7.6926,53.28823,2021/07/08 23:00:00+00,Fri 09 Jul 2021,13505,45079,6528,2697162,2124591,112462,2809624,2237053,59.6661603212805,47.5068418212549,499
-7.6926,53.28823,2021/07/09 23:00:00+00,Sat 10 Jul 2021,8618,23854,4362,2705780,2148445,116824,2822604,2265269,59.9418081520829,48.1060466898157,500
-7.6926,53.28823,2021/07/10 23:00:00+00,Sun 11 Jul 2021,15219,16102,2153,2720999,2164547,118977,2839976,2283524,60.3107260347253,48.4937162700389,501
-7.6926,53.28823,2021/07/11 23:00:00+00,Mon 12 Jul 2021,17092,31739,6090,2738091,2196286,125067,2863158,2321353,60.8030271143601,49.2970661769281,502
-7.6926,53.28823,2021/07/12 23:00:00+00,Tue 13 Jul 2021,20087,36550,8485,2758178,2232836,133552,2891730,2366388,61.4097921237349,50.2534452262489,503
-7.6926,53.28823,2021/07/13 23:00:00+00,Wed 14 Jul 2021,20782,35680,9331,2778960,2268516,142883,2921843,2411399,62.049282349386,51.2093146031553,504
-7.6926,53.28823,2021/07/14 23:00:00+00,Thu 15 Jul 2021,23614,28815,9579,2802574,2297331,152462,2955036,2449793,62.7541805348885,52.0246630481341,505
-7.6926,53.28823,2021/07/15 23:00:00+00,Fri 16 Jul 2021,23519,27405,9161,2826093,2324736,161623,2987716,2486359,63.4481844725326,52.8011914442141,506
-7.6926,53.28823,2021/07/16 23:00:00+00,Sat 17 Jul 2021,11485,19413,4676,2837578,2344149,166299,3003877,2510448,63.7913851345971,53.3127538938442,507
-7.6926,53.28823,2021/07/17 23:00:00+00,Sun 18 Jul 2021,16846,15802,1928,2854424,2359951,168227,3022651,2528178,64.1900763807822,53.6892743900017,508
-7.6926,53.28823,2021/07/18 23:00:00+00,Mon 19 Jul 2021,24866,18406,6246,2879290,2378357,174473,3053763,2552830,64.8507817206838,54.2127929050202,509
-7.6926,53.28823,2021/07/19 23:00:00+00,Tue 20 Jul 2021,30557,18157,7693,2909847,2396514,182166,3092013,2578680,65.6630721311761,54.7617525680588,510
-7.6926,53.28823,2021/07/20 23:00:00+00,Wed 21 Jul 2021,30337,19820,6885,2940184,2416334,189051,3129235,2605385,66.4535315732504,55.3288693108613,511
