X,Y,VaccinationDate,VaccineText,Dose1,Dose2,SingleDose,Dose1Cum,Dose2Cum,SingleDoseCum,PartiallyVacc,FullyVacc,PartialPercent,FullyPercent,ObjectId
-7.6926,53.28823,2021/09/01 23:00:00+00,Thu 02 Sep 2021,4965,12243,243,3483236,3193799,234354,3717590,3428153,87.9275707223297,81.0818743741151,1
-7.6926,53.28823,2021/09/02 23:00:00+00,Fri 03 Sep 2021,4721,15896,159,3487957,3209695,234513,3722470,3444208,88.0429913429804,81.4616034857027,2
-7.6926,53.28823,2021/09/03 23:00:00+00,Sat 04 Sep 2021,4601,10505,128,3492558,3220200,234641,3727199,3454841,88.1548405468856,81.7130927191821,3
-7.6926,53.28823,2021/09/04 23:00:00+00,Sun 05 Sep 2021,5291,11838,1,3497849,3232038,234642,3732491,3466680,88.2800056953454,81.9931059830928,4
-7.6926,53.28823,2021/09/05 23:00:00+00,Mon 06 Sep 2021,2113,9572,68,3499962,3241610,234710,3734672,3476320,88.3315901981403,82.221109012411,5
-7.6926,53.28823,2021/09/06 23:00:00+00,Tue 07 Sep 2021,2999,9895,138,3502961,3251505,234848,3737809,3486353,88.4057857897348,82.4584071859743,6
-7.6926,53.28823,2021/09/07 23:00:00+00,Wed 08 Sep 2021,2573,14691,180,3505534,3266196,235028,3740562,3501224,88.4708991029831,82.8101326059942,7
-7.6926,53.28823,2021/09/08 23:00:00+00,Thu 09 Sep 2021,3078,14694,135,3508612,3280890,235163,3743775,3516053,88.5468922288337,83.16086465182,8
-7.6926,53.28823,2021/09/09 23:00:00+00,Fri 10 Sep 2021,3351,13857,108,3511963,3294747,235271,3747234,3530018,88.6287036892498,83.4911615713666,9
-7.6926,53.28823,2021/09/10 23:00:00+00,Sat 11 Sep 2021,2537,11239,57,3514500,3305986,235328,3749828,3541314,88.6900563716203,83.7583319260532,10
-7.6926,53.28823,2021/09/11 23:00:00+00,Sun 12 Sep 2021,2023,12845,0,3516523,3318831,235328,3751851,3554159,88.737903895304,84.0621388670898,11
-7.6926,53.28823,2021/09/12 23:00:00+00,Mon 13 Sep 2021,1572,7647,46,3518095,3326478,235374,3753469,3561852,88.7761724535444,84.2440919069804,12
-7.6926,53.28823,2021/09/13 23:00:00+00,Tue 14 Sep 2021,1519,10678,79,3519614,3337156,235453,3755067,3572609,88.8139679764542,84.4985139595091,13
-7.6926,53.28823,2021/09/14 23:00:00+00,Wed 15 Sep 2021,3247,12320,130,3522861,3349476,235583,3758444,3585059,88.8938399920152,84.7929784527677,14
-7.6926,53.28823,2021/09/15 23:00:00+00,Thu 16 Sep 2021,1883,10517,109,3524744,3359993,235692,3760436,3595685,88.9409543109365,85.0443021238813,15
-7.6926,53.28823,2021/09/16 23:00:00+00,Fri 17 Sep 2021,2538,14522,89,3527282,3374515,235781,3763063,3610296,89.0030875016024,85.3898780846043,16
-7.6926,53.28823,2021/09/17 23:00:00+00,Sat 18 Sep 2021,2273,11171,40,3529555,3385686,235821,3765376,3621507,89.0577940375789,85.6550380391361,17
-7.6926,53.28823,2021/09/18 23:00:00+00,Sun 19 Sep 2021,1854,8456,11,3531409,3394142,235832,3767241,3629974,89.1019045821513,85.8552975463184,18
-7.6926,53.28823,2021/09/19 23:00:00+00,Mon 20 Sep 2021,947,5555,31,3532356,3399697,235863,3768219,3635560,89.1250360098145,85.9874163141371,19
-7.6926,53.28823,2021/09/20 23:00:00+00,Tue 21 Sep 2021,1443,6593,89,3533799,3406290,235952,3769751,3642242,89.1612705161336,86.1454574180691,20
-7.6926,53.28823,2021/09/21 23:00:00+00,Wed 22 Sep 2021,1884,8073,94,3535683,3414363,236046,3771729,3650409,89.2080537103236,86.3386213952934,21
-7.6926,53.28823,2021/09/22 23:00:00+00,Thu 23 Sep 2021,1681,8690,85,3537364,3423053,236131,3773495,3659184,89.2498227300099,86.546165646566,22
-7.6926,53.28823,2021/09/23 23:00:00+00,Fri 24 Sep 2021,1899,7311,79,3539263,3430364,236210,3775473,3666574,89.2966059241999,86.720952201199,23
-7.6926,53.28823,2021/09/24 23:00:00+00,Sat 25 Sep 2021,2400,6542,50,3541663,3436906,236260,3777923,3673166,89.3545527521905,86.8768646461436,24
-7.6926,53.28823,2021/09/25 23:00:00+00,Sun 26 Sep 2021,1536,7080,0,3543199,3443986,236260,3779459,3680246,89.3908818655757,87.0443191531532,25
-7.6926,53.28823,2021/09/26 23:00:00+00,Mon 27 Sep 2021,1166,3707,45,3544365,3447693,236305,3780670,3683998,89.4195241548396,87.1330605811617,26
-7.6926,53.28823,2021/09/27 23:00:00+00,Tue 28 Sep 2021,1437,5050,91,3545802,3452743,236396,3782198,3689139,89.4556640540925,87.254654312876,27
-7.6926,53.28823,2021/09/28 23:00:00+00,Wed 29 Sep 2021,1638,3535,72,3547440,3456278,236468,3783908,3692746,89.4961085748534,87.3399662347381,28
-7.6926,53.28823,2021/09/29 23:00:00+00,Thu 30 Sep 2021,1266,3880,77,3548706,3460158,236545,3785251,3696703,89.5278728972988,87.4335562748846,29
-7.6926,53.28823,2021/09/30 23:00:00+00,Fri 01 Oct 2021,1832,5092,38,3550538,3465250,236583,3787121,3701833,89.5721017007039,87.5548898371671,30
-7.6926,53.28823,2021/10/01 23:00:00+00,Sat 02 Oct 2021,1704,4036,39,3552242,3469286,236622,3788864,3705908,89.6133267297601,87.6512707857637,31
-7.6926,53.28823,2021/10/02 23:00:00+00,Sun 03 Oct 2021,1203,2989,9,3553445,3472275,236631,3790076,3708906,89.6419926707906,87.722178781811,32
-7.6926,53.28823,2021/10/03 23:00:00+00,Mon 04 Oct 2021,330,1158,16,3553775,3473433,236647,3790422,3710080,89.6501761820089,87.7499459557135,33
-7.6926,53.28823,2021/10/04 23:00:00+00,Tue 05 Oct 2021,959,2751,68,3554734,3476184,236715,3791449,3712899,89.6744665462319,87.8166202855525,34
-7.6926,53.28823,2021/10/05 23:00:00+00,Wed 06 Oct 2021,978,2495,34,3555712,3478679,236749,3792461,3715428,89.698402133957,87.8764356030988,35
-7.6926,53.28823,2021/10/06 23:00:00+00,Thu 07 Oct 2021,1206,2627,41,3556918,3481306,236790,3793708,3718096,89.7278958868159,87.9395385161922,36
-7.6926,53.28823,2021/10/07 23:00:00+00,Fri 08 Oct 2021,981,2686,42,3557899,3483992,236832,3794731,3720824,89.7520916439728,88.0040605352773,37
-7.6926,53.28823,2021/10/08 23:00:00+00,Sat 09 Oct 2021,729,2318,19,3558628,3486310,236851,3795479,3723161,89.7697831653348,88.0593347136504,38
-7.6926,53.28823,2021/10/09 23:00:00+00,Sun 10 Oct 2021,1528,3889,0,3560156,3490199,236851,3797007,3727050,89.8059230645878,88.1513164336731,39
-7.6926,53.28823,2021/10/10 23:00:00+00,Mon 11 Oct 2021,327,1064,12,3560483,3491263,236863,3797346,3728126,89.8139410134404,88.1767657344559,40
-7.6926,53.28823,2021/10/11 23:00:00+00,Tue 12 Oct 2021,561,1562,20,3561044,3492825,236883,3797927,3729708,89.8276826897924,88.2141828291013,41
-7.6926,53.28823,2021/10/12 23:00:00+00,Wed 13 Oct 2021,1031,1977,9,3562075,3494802,236892,3798967,3731694,89.8522805269803,88.2611552374235,42
-7.6926,53.28823,2021/10/13 23:00:00+00,Thu 14 Oct 2021,699,1515,7,3562774,3496317,236899,3799673,3733216,89.8689786741482,88.2971532260773,43
-7.6926,53.28823,2021/10/14 23:00:00+00,Fri 15 Oct 2021,953,1999,5,3563727,3498316,236904,3800631,3735220,89.8916370664809,88.344551366197,44
-7.6926,53.28823,2021/10/15 23:00:00+00,Sat 16 Oct 2021,1376,2589,11,3565103,3500905,236915,3802018,3737820,89.9244420666535,88.4060459591666,45
-7.6926,53.28823,2021/10/16 23:00:00+00,Sun 17 Oct 2021,1709,2874,2,3566812,3503779,236917,3803729,3740696,89.9649102391809,88.4740684396977,46
-7.6926,53.28823,2021/10/17 23:00:00+00,Mon 18 Oct 2021,669,1170,3,3567481,3504949,236920,3804401,3741869,89.9808042262869,88.5018119618336,47
-7.6926,53.28823,2021/10/18 23:00:00+00,Tue 19 Oct 2021,1332,1730,10,3568813,3506679,236930,3805743,3743609,90.0125448969658,88.5429660355902,48
-7.6926,53.28823,2021/10/19 23:00:00+00,Wed 20 Oct 2021,2246,2255,0,3571059,3508934,236930,3807989,3745864,90.065666764585,88.5963007691082,49
-7.6926,53.28823,2021/10/20 23:00:00+00,Thu 21 Oct 2021,1753,1767,8,3572812,3510701,236938,3809750,3747639,90.1073175254387,88.6382826546932,50
-7.6926,53.28823,2021/10/21 23:00:00+00,Fri 22 Oct 2021,1494,1898,1,3574306,3512599,236939,3811245,3749538,90.1426769163962,88.6831973593276,51
-7.6926,53.28823,2021/10/22 23:00:00+00,Sat 23 Oct 2021,2006,1661,0,3576312,3514260,236939,3813251,3751199,90.1901223600489,88.7224829435286,52
-7.6926,53.28823,2021/10/23 23:00:00+00,Sun 24 Oct 2021,1943,2171,0,3578255,3516431,236939,3815194,3753370,90.2360777424105,88.7738309286582,53
-7.6926,53.28823,2021/10/24 23:00:00+00,Mon 25 Oct 2021,1214,806,0,3579469,3517237,236939,3816408,3754176,90.264790986974,88.7928942524788,54
-7.6926,53.28823,2021/10/25 23:00:00+00,Tue 26 Oct 2021,1236,1164,5,3580705,3518401,236944,3817649,3755345,90.2941428292338,88.8205431675486,55
-7.6926,53.28823,2021/10/26 23:00:00+00,Wed 27 Oct 2021,1554,1384,4,3582259,3519785,236948,3819207,3756733,90.3309922814825,88.8533718194878,56
-7.6926,53.28823,2021/10/27 23:00:00+00,Thu 28 Oct 2021,2143,1640,2,3584402,3521425,236950,3821352,3758375,90.3817253206825,88.8922080201248,57
-7.6926,53.28823,2021/10/28 23:00:00+00,Fri 29 Oct 2021,2131,1314,0,3586533,3522739,236950,3823483,3759689,90.4321272351511,88.923286441341,58
-7.6926,53.28823,2021/10/29 23:00:00+00,Sat 30 Oct 2021,2000,1420,0,3588533,3524159,236950,3825483,3761109,90.4794307682047,88.9568719498091,59
-7.6926,53.28823,2021/10/30 23:00:00+00,Sun 31 Oct 2021,1628,1308,0,3590161,3525467,236950,3827111,3762417,90.5179358441103,88.9878084604261,60
-7.6926,53.28823,2021/11/01 00:00:00+00,Mon 01 Nov 2021,257,242,0,3590418,3525709,236950,3827368,3762659,90.5240143481077,88.9935321879256,61
-7.6926,53.28823,2021/11/02 00:00:00+00,Tue 02 Nov 2021,1085,1053,9,3591503,3526762,236959,3828462,3763721,90.549889380688,89.018650363977,62
-7.6926,53.28823,2021/11/03 00:00:00+00,Wed 03 Nov 2021,2536,1789,5,3594039,3528551,236964,3831003,3765515,90.6099885194325,89.0610816331261,63
-7.6926,53.28823,2021/11/04 00:00:00+00,Thu 04 Nov 2021,1551,1215,0,3595590,3529766,236964,3832554,3766730,90.6466724093156,89.0898185294561,64
-7.6926,53.28823,2021/11/05 00:00:00+00,Fri 05 Nov 2021,1633,1011,0,3597223,3530777,236964,3834187,3767741,90.6852957440538,89.1137304654147,65
-7.6926,53.28823,2021/11/06 00:00:00+00,Sat 06 Nov 2021,1822,1316,5,3599045,3532093,236969,3836014,3769062,90.7285075214983,89.1449744489966,66
-7.6926,53.28823,2021/11/07 00:00:00+00,Sun 07 Nov 2021,730,764,0,3599775,3532857,236969,3836744,3769826,90.7457733110628,89.1630443986231,67
-7.6926,53.28823,2021/11/08 00:00:00+00,Mon 08 Nov 2021,508,487,1,3600283,3533344,236970,3837253,3770314,90.757812060225,89.1745864606882,68
-7.6926,53.28823,2021/11/09 00:00:00+00,Tue 09 Nov 2021,1378,993,1,3601661,3534337,236971,3838632,3771308,90.7904278462654,89.1980963166158,69
-7.6926,53.28823,2021/11/10 00:00:00+00,Wed 10 Nov 2021,1628,1296,0,3603289,3535633,236971,3840260,3772604,90.828932922171,89.2287490060345,70
-7.6926,53.28823,2021/11/11 00:00:00+00,Thu 11 Nov 2021,1408,1049,1,3604697,3536682,236972,3841669,3773654,90.8622582612073,89.2535833608876,71
-7.6926,53.28823,2021/11/12 00:00:00+00,Fri 12 Nov 2021,1154,1082,5,3605851,3537764,236977,3842828,3774741,90.8896706586118,89.2792928311023,72
-7.6926,53.28823,2021/11/13 00:00:00+00,Sat 13 Nov 2021,1411,1335,0,3607262,3539099,236977,3844239,3776076,90.9230433011811,89.3108679394155,73
-7.6926,53.28823,2021/11/14 00:00:00+00,Sun 14 Nov 2021,1647,1800,0,3608909,3540899,236977,3845886,3777876,90.9619977606507,89.3534411191637,74
-7.6926,53.28823,2021/11/15 00:00:00+00,Mon 15 Nov 2021,1252,549,0,3610161,3541448,236977,3847138,3778425,90.9916097723423,89.366425938987,75
-7.6926,53.28823,2021/11/16 00:00:00+00,Tue 16 Nov 2021,1324,1020,4,3611485,3542468,236981,3848466,3779449,91.0230193182899,89.3906453479104,76
-7.6926,53.28823,2021/11/17 00:00:00+00,Wed 17 Nov 2021,1511,1053,0,3612996,3543521,236981,3849977,3780502,91.0587571375118,89.4155506580631,77
-7.6926,53.28823,2021/11/18 00:00:00+00,Thu 18 Nov 2021,1662,2431,5,3614658,3545952,236986,3851644,3782938,91.098184632312,89.4731663613224,78
-7.6926,53.28823,2021/11/19 00:00:00+00,Fri 19 Nov 2021,1174,1460,0,3615832,3547412,236986,3852818,3784398,91.1259518062145,89.5076979404515,79
-7.6926,53.28823,2021/11/20 00:00:00+00,Sat 20 Nov 2021,1535,2897,10,3617367,3550309,236996,3854363,3787305,91.1624937854983,89.5764536257449,80
-7.6926,53.28823,2021/11/21 00:00:00+00,Sun 21 Nov 2021,1785,2749,0,3619152,3553058,236996,3856148,3790054,91.2047121887487,89.641472331927,81
-7.6926,53.28823,2021/11/22 00:00:00+00,Mon 22 Nov 2021,713,462,2,3619865,3553520,236998,3856863,3790518,91.2216232018153,89.6524467515954,82
-7.6926,53.28823,2021/11/23 00:00:00+00,Tue 23 Nov 2021,2169,1531,4,3622034,3555051,237002,3859036,3792053,91.273018490478,89.688752213214,83
-7.6926,53.28823,2021/11/24 00:00:00+00,Wed 24 Nov 2021,1625,3075,0,3623659,3558126,237002,3860661,3795128,91.3114526110841,89.7614813952839,84
-7.6926,53.28823,2021/11/25 00:00:00+00,Thu 25 Nov 2021,1008,1104,0,3624667,3559230,237002,3861669,3796232,91.3352935917431,89.7875929455295,85
-7.6926,53.28823,2021/11/26 00:00:00+00,Fri 26 Nov 2021,1286,1053,13,3625953,3560283,237015,3862968,3797298,91.3660172364614,89.8128057286471,86
-7.6926,53.28823,2021/11/27 00:00:00+00,Sat 27 Nov 2021,1230,1523,5,3627183,3561806,237020,3864203,3798826,91.395227168122,89.8489456279,87
-7.6926,53.28823,2021/11/28 00:00:00+00,Sun 28 Nov 2021,1971,2245,0,3629154,3564051,237020,3866174,3801071,91.4418447999463,89.9020438437526,88
-7.6926,53.28823,2021/11/29 00:00:00+00,Mon 29 Nov 2021,544,959,1,3629698,3565010,237021,3866719,3802031,91.4547350127034,89.9247495396184,89
-7.6926,53.28823,2021/11/30 00:00:00+00,Tue 30 Nov 2021,1937,1586,6,3631635,3566596,237027,3868662,3803623,91.5006903950649,89.962403151929,90
-7.6926,53.28823,2021/12/01 00:00:00+00,Wed 01 Dec 2021,1130,1316,1,3632765,3567912,237028,3869793,3804940,91.5274405430067,89.9935525284448,91
-7.6926,53.28823,2021/12/02 00:00:00+00,Thu 02 Dec 2021,1802,1350,1,3634567,3569262,237029,3871596,3806291,91.5700846780545,90.0255060650225,92
-7.6926,53.28823,2021/12/03 00:00:00+00,Fri 03 Dec 2021,1041,1124,3,3635608,3570386,237032,3872640,3807418,91.5947771223085,90.0521616058982,93
-7.6926,53.28823,2021/12/04 00:00:00+00,Sat 04 Dec 2021,1196,1669,0,3636804,3572055,237032,3873836,3809087,91.6230646350745,90.0916364042314,94
-7.6926,53.28823,2021/12/05 00:00:00+00,Sun 05 Dec 2021,1352,1764,0,3638156,3573819,237032,3875188,3810851,91.6550418234187,90.1333581203847,95
-7.6926,53.28823,2021/12/06 00:00:00+00,Mon 06 Dec 2021,939,1243,0,3639095,3575062,237032,3876127,3812094,91.6772508321874,90.1627572661775,96
-7.6926,53.28823,2021/12/07 00:00:00+00,Tue 07 Dec 2021,480,683,1,3639575,3575745,237033,3876608,3812778,91.6886273318868,90.1789350744818,97
-7.6926,53.28823,2021/12/08 00:00:00+00,Wed 08 Dec 2021,820,1418,0,3640395,3577163,237033,3877428,3814196,91.7080217804388,90.2124732794168,98
-7.6926,53.28823,2021/12/09 00:00:00+00,Thu 09 Dec 2021,790,1132,0,3641185,3578295,237033,3878218,3815328,91.7267066759949,90.2392470791251,99
-7.6926,53.28823,2021/12/10 00:00:00+00,Fri 10 Dec 2021,864,1504,1,3642049,3579799,237034,3879083,3816833,91.7471654540406,90.2748429877479,100
-7.6926,53.28823,2021/12/11 00:00:00+00,Sat 11 Dec 2021,621,814,0,3642670,3580613,237034,3879704,3817647,91.7618532010537,90.2940955257007,101
-7.6926,53.28823,2021/12/12 00:00:00+00,Sun 12 Dec 2021,688,1185,0,3643358,3581798,237034,3880392,3818832,91.7781256164242,90.322122869035,102
-7.6926,53.28823,2021/12/13 00:00:00+00,Mon 13 Dec 2021,705,1004,0,3644063,3582802,237034,3881097,3819836,91.7948001118256,90.3458692426279,103
-7.6926,53.28823,2021/12/14 00:00:00+00,Tue 14 Dec 2021,601,1106,1,3644664,3583908,237035,3881699,3820943,91.8090384752747,90.372051748173,104
-7.6926,53.28823,2021/12/15 00:00:00+00,Wed 15 Dec 2021,778,1134,1,3645442,3585042,237036,3882478,3822078,91.8274632013991,90.3988965031809,105
-7.6926,53.28823,2021/12/16 00:00:00+00,Thu 16 Dec 2021,1006,1375,7,3646448,3586417,237043,3883491,3823460,91.8514224408907,90.431583244521,106
-7.6926,53.28823,2021/12/17 00:00:00+00,Fri 17 Dec 2021,1162,2284,0,3647610,3588701,237043,3884653,3825744,91.8789057935948,90.4856038792681,107
-7.6926,53.28823,2021/12/18 00:00:00+00,Sat 18 Dec 2021,1237,1108,0,3648847,3589809,237043,3885890,3826852,91.9081630287885,90.5118100365798,108
-7.6926,53.28823,2021/12/19 00:00:00+00,Sun 19 Dec 2021,544,856,1,3649391,3590665,237044,3886435,3827709,91.9210532415456,90.5320796004933,109
-7.6926,53.28823,2021/12/20 00:00:00+00,Mon 20 Dec 2021,512,482,0,3649903,3591147,237044,3886947,3828191,91.9331629460073,90.5434797519592,110
-7.6926,53.28823,2021/12/21 00:00:00+00,Tue 21 Dec 2021,1387,1622,2,3651290,3592769,237046,3888336,3829815,91.966015249713,90.5818902207987,111
-7.6926,53.28823,2021/12/22 00:00:00+00,Wed 22 Dec 2021,1108,1391,3,3652398,3594160,237049,3889447,3831209,91.9922923623242,90.6148607833371,112
-7.6926,53.28823,2021/12/23 00:00:00+00,Thu 23 Dec 2021,877,1202,0,3653275,3595362,237049,3890324,3832411,92.0130349615682,90.6432902067023,113
-7.6926,53.28823,2021/12/24 00:00:00+00,Fri 24 Dec 2021,94,111,0,3653369,3595473,237049,3890418,3832522,92.0152582276218,90.6459155527867,114
-7.6926,53.28823,2021/12/26 00:00:00+00,Sun 26 Dec 2021,1,4,0,3653370,3595477,237049,3890419,3832526,92.0152818793883,90.6460101598528,115
-7.6926,53.28823,2021/12/27 00:00:00+00,Mon 27 Dec 2021,376,570,0,3653746,3596047,237049,3890795,3833096,92.0241749436024,90.6594916667731,116
-7.6926,53.28823,2021/12/28 00:00:00+00,Tue 28 Dec 2021,393,684,0,3654139,3596731,237049,3891188,3833780,92.0334700878474,90.6756694750774,117
-7.6926,53.28823,2021/12/29 00:00:00+00,Wed 29 Dec 2021,777,1161,0,3654916,3597892,237049,3891965,3834941,92.0518475104387,90.703129176015,118
-7.6926,53.28823,2021/12/30 00:00:00+00,Thu 30 Dec 2021,798,1073,1,3655714,3598965,237050,3892764,3836015,92.0707452718936,90.7285311732648,119
-7.6926,53.28823,2021/12/31 00:00:00+00,Fri 31 Dec 2021,680,1620,0,3656394,3600585,237050,3893444,3837635,92.0868284731318,90.7668470350382,120
-7.6926,53.28823,2022/01/01 00:00:00+00,Sat 01 Jan 2022,64,91,1,3656458,3600676,237051,3893509,3837727,92.0883658379561,90.7690229975587,121
-7.6926,53.28823,2022/01/02 00:00:00+00,Sun 02 Jan 2022,265,606,0,3656723,3601282,237051,3893774,3838333,92.0946335560857,90.7833559680739,122
-7.6926,53.28823,2021/04/30 23:00:00+00,Sat 01 May 2021,16428,6630,3,1191846,479166,108,1191954,479274,28.1918177186736,11.3356767503608,123
-7.6926,53.28823,2021/05/01 23:00:00+00,Sun 02 May 2021,12336,870,6,1204182,480036,114,1204296,480150,28.4837278211472,11.3563956978383,124
-7.6926,53.28823,2021/05/02 23:00:00+00,Mon 03 May 2021,14131,872,6,1218313,480908,120,1218433,481028,28.8180928445365,11.3771619488488,125
-7.6926,53.28823,2021/05/03 23:00:00+00,Tue 04 May 2021,26485,6711,1,1244798,487619,121,1244919,487740,29.444533532765,11.5359126057766,126
-7.6926,53.28823,2021/05/04 23:00:00+00,Wed 05 May 2021,31921,13350,63,1276719,500969,184,1276903,501153,30.2010116333579,11.8531537502004,127
-7.6926,53.28823,2021/05/05 23:00:00+00,Thu 06 May 2021,37114,14294,121,1313833,515263,305,1314138,515568,31.0816851599829,12.1940939646841,128
-7.6926,53.28823,2021/05/06 23:00:00+00,Fri 07 May 2021,40418,14994,83,1354251,530257,388,1354639,530645,32.0396053560844,12.5506916486085,129
-7.6926,53.28823,2021/05/07 23:00:00+00,Sat 08 May 2021,25450,6975,2,1379701,537232,390,1380091,537622,32.6415901177243,12.715710023666,130
-7.6926,53.28823,2021/05/08 23:00:00+00,Sun 09 May 2021,19579,875,1,1399280,538107,391,1399671,538498,33.1046917063189,12.7364289711434,131
-7.6926,53.28823,2021/05/09 23:00:00+00,Mon 10 May 2021,28646,4548,163,1427926,542655,554,1428480,543209,33.7860754481892,12.8478524432511,132
-7.6926,53.28823,2021/05/10 23:00:00+00,Tue 11 May 2021,34172,14741,145,1462098,557396,699,1462797,558095,34.597733120089,13.1999326397689,133
-7.6926,53.28823,2021/05/11 23:00:00+00,Wed 12 May 2021,31080,20845,149,1493178,578241,848,1494026,579089,35.3363541369541,13.6964778262324,134
-7.6926,53.28823,2021/05/12 23:00:00+00,Thu 13 May 2021,35819,25404,135,1528997,603645,983,1529980,604628,36.1867297506583,14.3005202915601,135
-7.6926,53.28823,2021/05/13 23:00:00+00,Fri 14 May 2021,38020,27882,223,1567017,631527,1206,1568223,632733,37.0912442579424,14.9652531897955,136
-7.6926,53.28823,2021/05/14 23:00:00+00,Sat 15 May 2021,28665,12370,5,1595682,643897,1211,1596893,645108,37.7693404042655,15.2579438005645,137
-7.6926,53.28823,2021/05/15 23:00:00+00,Sun 16 May 2021,23037,1125,4,1618719,645022,1215,1619934,646237,38.3143007568092,15.2846466449733,138
-7.6926,53.28823,2021/05/16 23:00:00+00,Mon 17 May 2021,35227,3881,105,1653946,648903,1320,1655266,650223,39.1499649717338,15.3789225863491,139
-7.6926,53.28823,2021/05/17 23:00:00+00,Tue 18 May 2021,38847,12395,112,1692793,661298,1432,1694225,662730,40.071414143851,15.6747352302996,140
-7.6926,53.28823,2021/05/18 23:00:00+00,Wed 19 May 2021,36823,17502,195,1729616,678800,1627,1731243,680427,40.9469552371397,16.0933005425242,141
-7.6926,53.28823,2021/05/19 23:00:00+00,Thu 20 May 2021,38891,19580,111,1768507,698380,1738,1770245,700118,41.8694214352176,16.5590274772032,142
-7.6926,53.28823,2021/05/20 23:00:00+00,Fri 21 May 2021,25634,23140,14911,1794141,721520,16649,1810790,738169,42.8283823090463,17.4590008453141,143
-7.6926,53.28823,2021/05/21 23:00:00+00,Sat 22 May 2021,16421,10182,13492,1810562,731702,30141,1840703,761843,43.5358776011622,18.0189327660694,144
-7.6926,53.28823,2021/05/22 23:00:00+00,Sun 23 May 2021,8095,5481,10191,1818657,737183,40332,1858989,777515,43.968373803871,18.3896032510772,145
-7.6926,53.28823,2021/05/23 23:00:00+00,Mon 24 May 2021,22331,8125,8428,1840988,745308,48760,1889748,794068,44.6958784904686,18.7811109423952,146
-7.6926,53.28823,2021/05/24 23:00:00+00,Tue 25 May 2021,30093,16408,3208,1871081,761716,51968,1923049,813684,45.4835059675772,19.2450639945847,147
-7.6926,53.28823,2021/05/25 23:00:00+00,Wed 26 May 2021,19720,25323,3029,1890801,787039,54997,1945798,842036,46.0215600042952,19.9156388791522,148
-7.6926,53.28823,2021/05/26 23:00:00+00,Thu 27 May 2021,16774,35890,542,1907575,822929,55539,1963114,878468,46.4311139934731,20.7773200372563,149
-7.6926,53.28823,2021/05/27 23:00:00+00,Fri 28 May 2021,26795,31732,1518,1934370,854661,57057,1991427,911718,47.1007664591461,21.563741274272,150
-7.6926,53.28823,2021/05/28 23:00:00+00,Sat 29 May 2021,24282,7331,503,1958652,861992,57560,2016212,919552,47.6869754925126,21.7490292132429,151
-7.6926,53.28823,2021/05/29 23:00:00+00,Sun 30 May 2021,24096,1618,189,1982748,863610,57749,2040497,921359,48.2613586426157,21.7917679553568,152
-7.6926,53.28823,2021/05/30 23:00:00+00,Mon 31 May 2021,22311,7247,3412,2005059,870857,61161,2066220,932018,48.8697530329843,22.0438721347659,153
-7.6926,53.28823,2021/05/31 23:00:00+00,Tue 01 Jun 2021,27231,11398,3621,2032290,882255,64782,2097072,947037,49.5994573338688,22.3990980162317,154
-7.6926,53.28823,2021/06/01 23:00:00+00,Wed 02 Jun 2021,18406,20785,3972,2050696,903040,68754,2119450,971794,50.1287365652053,22.9846448001355,155
-7.6926,53.28823,2021/06/02 23:00:00+00,Thu 03 Jun 2021,16491,30586,1955,2067187,933626,70709,2137896,1004335,50.5650170505585,23.7542969346838,156
-7.6926,53.28823,2021/06/03 23:00:00+00,Fri 04 Jun 2021,28797,23231,120,2095984,956857,70829,2166813,1027686,51.2489551832137,24.3065893348508,157
-7.6926,53.28823,2021/06/04 23:00:00+00,Sat 05 Jun 2021,20725,11390,6,2116709,968247,70835,2187544,1039082,51.7392799550806,24.5761248661901,158
-7.6926,53.28823,2021/06/05 23:00:00+00,Sun 06 Jun 2021,19749,3831,9,2136458,972078,70844,2207302,1042922,52.2065915581169,24.666947649653,159
-7.6926,53.28823,2021/06/06 23:00:00+00,Mon 07 Jun 2021,19569,4439,5,2156027,976517,70849,2226876,1047366,52.6695512361123,24.7720561000981,160
-7.6926,53.28823,2021/06/07 23:00:00+00,Tue 08 Jun 2021,26296,18414,16,2182323,994931,70865,2253188,1065796,53.2918765169652,25.2079581571868,161
-7.6926,53.28823,2021/06/08 23:00:00+00,Wed 09 Jun 2021,32626,19980,146,2214949,1014911,71011,2285960,1085922,54.0669922095811,25.683973610305,162
-7.6926,53.28823,2021/06/09 23:00:00+00,Thu 10 Jun 2021,27444,27342,236,2242393,1042253,71247,2313640,1113500,54.7216731070427,26.3362420275808,163
-7.6926,53.28823,2021/06/10 23:00:00+00,Fri 11 Jun 2021,26224,32762,8,2268617,1075015,71255,2339872,1146270,55.3421062465735,27.1113104166637,164
-7.6926,53.28823,2021/06/11 23:00:00+00,Sat 12 Jun 2021,11984,19600,81,2280601,1094615,71336,2351937,1165951,55.6274648097192,27.5768008336775,165
-7.6926,53.28823,2021/06/12 23:00:00+00,Sun 13 Jun 2021,8413,18089,811,2289014,1112704,72147,2361161,1184851,55.8456287041623,28.0238192210338,166
-7.6926,53.28823,2021/06/13 23:00:00+00,Mon 14 Jun 2021,15810,31149,14,2304824,1143853,72161,2376985,1216014,56.2198942576822,28.7608792213082,167
-7.6926,53.28823,2021/06/14 23:00:00+00,Tue 15 Jun 2021,14450,41342,183,2319274,1185195,72344,2391618,1257539,56.5659905572687,29.7430188263331,168
-7.6926,53.28823,2021/06/15 23:00:00+00,Wed 16 Jun 2021,13188,48161,191,2332462,1233356,72535,2404997,1305891,56.8824275416307,30.8866290414365,169
-7.6926,53.28823,2021/06/16 23:00:00+00,Thu 17 Jun 2021,21322,42484,501,2353784,1275840,73036,2426820,1348876,57.3985800425448,31.9033002255905,170
-7.6926,53.28823,2021/06/17 23:00:00+00,Fri 18 Jun 2021,11831,49872,525,2365615,1325712,73561,2439176,1399273,57.6908212697498,33.0952783032412,171
-7.6926,53.28823,2021/06/18 23:00:00+00,Sat 19 Jun 2021,6108,32641,405,2371723,1358353,73966,2445689,1432319,57.8448652251388,33.8768745798855,172
-7.6926,53.28823,2021/06/19 23:00:00+00,Sun 20 Jun 2021,8359,26041,161,2380082,1384394,74127,2454209,1458521,58.046378275947,34.4965981664204,173
-7.6926,53.28823,2021/06/20 23:00:00+00,Mon 21 Jun 2021,15246,32154,537,2395328,1416548,74664,2469992,1491212,58.4196741070394,35.2697980659477,174
-7.6926,53.28823,2021/06/21 23:00:00+00,Tue 22 Jun 2021,14918,43371,687,2410246,1459919,75351,2485597,1535270,58.7887599236899,36.3118475955851,175
-7.6926,53.28823,2021/06/22 23:00:00+00,Wed 23 Jun 2021,19822,39163,852,2430068,1499082,76203,2506271,1575285,59.2777365448648,37.2582730331546,176
-7.6926,53.28823,2021/06/23 23:00:00+00,Thu 24 Jun 2021,18801,44062,1006,2448869,1543144,77209,2526078,1620353,59.7462070844609,38.324210846984,177
-7.6926,53.28823,2021/06/24 23:00:00+00,Fri 25 Jun 2021,14951,49948,793,2463820,1593092,78002,2541822,1671094,60.1185804966587,39.5243251323198,178
-7.6926,53.28823,2021/06/25 23:00:00+00,Sat 26 Jun 2021,8821,30356,460,2472641,1623448,78462,2551103,1701910,60.3380925417939,40.2531779696094,179
-7.6926,53.28823,2021/06/26 23:00:00+00,Sun 27 Jun 2021,8583,30325,35,2481224,1653773,78497,2559721,1732270,60.5419234657217,40.9712456013627,180
-7.6926,53.28823,2021/06/27 23:00:00+00,Mon 28 Jun 2021,24013,24428,468,2505237,1678201,78965,2584202,1757166,61.1209423620641,41.5600799808137,181
-7.6926,53.28823,2021/06/28 23:00:00+00,Tue 29 Jun 2021,27890,30775,759,2533127,1708976,79724,2612851,1788700,61.7985418212901,42.3059147864695,182
-7.6926,53.28823,2021/06/29 23:00:00+00,Wed 30 Jun 2021,22298,36588,536,2555425,1745564,80260,2635685,1825824,62.3386062581628,43.18396296701,183
-7.6926,53.28823,2021/06/30 23:00:00+00,Thu 01 Jul 2021,14627,48128,589,2570052,1793692,80849,2650901,1874541,62.6984915376345,44.3362060768957,184
-7.6926,53.28823,2021/07/01 23:00:00+00,Fri 02 Jul 2021,13385,47034,779,2583437,1840726,81628,2665065,1922354,63.0334951587199,45.4670679898411,185
-7.6926,53.28823,2021/07/02 23:00:00+00,Sat 03 Jul 2021,9116,30245,465,2592553,1870971,82093,2674646,1953064,63.2601027338131,46.1934137398788,186
-7.6926,53.28823,2021/07/03 23:00:00+00,Sun 04 Jul 2021,6295,27662,202,2598848,1898633,82295,2681143,1980928,63.4137682609376,46.8524465623813,187
-7.6926,53.28823,2021/07/04 23:00:00+00,Mon 05 Jul 2021,15267,33140,5304,2614115,1931773,87599,2701714,2019372,63.9003087501602,47.7617150747372,188
-7.6926,53.28823,2021/07/05 23:00:00+00,Tue 06 Jul 2021,12135,48160,5443,2626250,1979933,93042,2719292,2072975,64.3160595021682,49.0295207158727,189
-7.6926,53.28823,2021/07/06 23:00:00+00,Wed 07 Jul 2021,19435,43465,5007,2645685,2023398,98049,2743734,2121447,64.894155979616,50.1759691429593,190
-7.6926,53.28823,2021/07/07 23:00:00+00,Thu 08 Jul 2021,17556,45330,5946,2663241,2068728,103995,2767236,2172723,65.4500197965286,51.388737123387,191
-7.6926,53.28823,2021/07/08 23:00:00+00,Fri 09 Jul 2021,13302,44832,6498,2676543,2113560,110493,2787036,2224053,65.918324773759,52.6027822992071,192
-7.6926,53.28823,2021/07/09 23:00:00+00,Sat 10 Jul 2021,8427,23622,4321,2684970,2137182,114814,2799784,2251996,66.2198374934425,53.2636836112652,193
-7.6926,53.28823,2021/07/10 23:00:00+00,Sun 11 Jul 2021,15104,15973,2132,2700074,2153155,116946,2817020,2270101,66.6274993412983,53.6918988442328,194
-7.6926,53.28823,2021/07/11 23:00:00+00,Mon 12 Jul 2021,16925,31471,6044,2716999,2184626,122990,2839989,2307616,67.1707567666521,54.5791948654853,195
-7.6926,53.28823,2021/07/12 23:00:00+00,Tue 13 Jul 2021,19901,36254,8448,2736900,2220880,131438,2868338,2352318,67.8412606959201,55.6364761327659,196
-7.6926,53.28823,2021/07/13 23:00:00+00,Wed 14 Jul 2021,20599,35390,9291,2757499,2256270,140729,2898228,2396999,68.5482119974059,56.6932607129494,197
-7.6926,53.28823,2021/07/14 23:00:00+00,Thu 15 Jul 2021,23410,28530,9528,2780909,2284800,150257,2931166,2435057,69.3272538832653,57.593399643426,198
-7.6926,53.28823,2021/07/15 23:00:00+00,Fri 16 Jul 2021,23373,27087,9122,2804282,2311887,159379,2963661,2471266,70.0958180365533,58.4498064575945,199
-7.6926,53.28823,2021/07/16 23:00:00+00,Sat 17 Jul 2021,11361,19171,4634,2815643,2331058,164013,2979656,2495071,70.4741280421493,59.0128367597648,200
-7.6926,53.28823,2021/07/17 23:00:00+00,Sun 18 Jul 2021,16744,15622,1909,2832387,2346680,165922,2998309,2512602,70.9153044431736,59.4274758787459,201
-7.6926,53.28823,2021/07/18 23:00:00+00,Mon 19 Jul 2021,24674,18123,6194,2857061,2364803,172116,3029177,2536919,71.6453871723225,60.0026158853779,202
-7.6926,53.28823,2021/07/19 23:00:00+00,Tue 20 Jul 2021,30386,17824,7655,2887447,2382627,179771,3067218,2562398,72.5451240227681,60.6052392447139,203
-7.6926,53.28823,2021/07/20 23:00:00+00,Wed 21 Jul 2021,30112,19521,6835,2917559,2402148,186606,3104165,2588754,73.4189858406335,61.228605203294,204
-7.6926,53.28823,2021/07/21 23:00:00+00,Thu 22 Jul 2021,33331,15617,6885,2950890,2417765,193491,3144381,2611256,74.3701652832748,61.7608172536799,205
-7.6926,53.28823,2021/07/22 23:00:00+00,Fri 23 Jul 2021,26915,20502,5554,2977805,2438267,199045,3176850,2637312,75.1381144906332,62.3770876823019,206
-7.6926,53.28823,2021/07/23 23:00:00+00,Sat 24 Jul 2021,15315,14534,2235,2993120,2452801,201280,3194400,2654081,75.5532029931784,62.7737041551896,207
-7.6926,53.28823,2021/07/24 23:00:00+00,Sun 25 Jul 2021,14630,13479,1016,3007750,2466280,202296,3210046,2668576,75.9232585322565,63.1165365109955,208
-7.6926,53.28823,2021/07/25 23:00:00+00,Mon 26 Jul 2021,23681,17860,3372,3031431,2484140,205668,3237099,2689808,76.5631097721058,63.6187108178923,209
-7.6926,53.28823,2021/07/26 23:00:00+00,Tue 27 Jul 2021,25309,23488,3616,3056740,2507628,209284,3266024,2716912,77.2472371188932,64.2597682978344,210
-7.6926,53.28823,2021/07/27 23:00:00+00,Wed 28 Jul 2021,23270,24951,3228,3080010,2532579,212512,3292522,2745091,77.8739616283201,64.9262514267928,211
-7.6926,53.28823,2021/07/28 23:00:00+00,Thu 29 Jul 2021,19128,27539,2923,3099138,2560118,215435,3314573,2775553,78.3955067320023,65.6467315387319,212
-7.6926,53.28823,2021/07/29 23:00:00+00,Fri 30 Jul 2021,21782,22590,2083,3120920,2582708,217518,3338438,2800226,78.9599561401642,66.2302915742474,213
-7.6926,53.28823,2021/07/30 23:00:00+00,Sat 31 Jul 2021,13624,12212,883,3134544,2594920,218401,3352945,2813321,79.3030723171683,66.5400114569157,214
-7.6926,53.28823,2021/07/31 23:00:00+00,Sun 01 Aug 2021,10985,9151,355,3145529,2604071,218756,3364285,2822827,79.5712833495821,66.7648451495194,215
-7.6926,53.28823,2021/08/01 23:00:00+00,Mon 02 Aug 2021,14877,15669,396,3160406,2619740,219152,3379558,2838892,79.9325167797458,67.1448107787723,216
-7.6926,53.28823,2021/08/02 23:00:00+00,Tue 03 Aug 2021,17202,25129,1085,3177608,2644869,220237,3397845,2865106,80.3650366342212,67.7648181865055,217
-7.6926,53.28823,2021/08/03 23:00:00+00,Wed 04 Aug 2021,21955,16963,1555,3199563,2661832,221792,3421355,2883624,80.921089665266,68.2028015990486,218
-7.6926,53.28823,2021/08/04 23:00:00+00,Thu 05 Aug 2021,13382,29739,1403,3212945,2691571,223195,3436140,2914766,81.2707810333646,68.9393649122259,219
-7.6926,53.28823,2021/08/05 23:00:00+00,Fri 06 Aug 2021,12040,24451,923,3224985,2716022,224118,3449103,2940140,81.5773788828514,69.5395048360767,220
-7.6926,53.28823,2021/08/06 23:00:00+00,Sat 07 Aug 2021,6255,8211,561,3231240,2724233,224679,3455919,2948912,81.738589323498,69.7469781320497,221
-7.6926,53.28823,2021/08/07 23:00:00+00,Sun 08 Aug 2021,8551,11802,142,3239791,2736035,224821,3464612,2960856,81.9441941299154,70.0294748314457,222
-7.6926,53.28823,2021/08/08 23:00:00+00,Mon 09 Aug 2021,5440,22727,585,3245231,2758762,225406,3470637,2984168,82.0866960232393,70.5808448127182,223
-7.6926,53.28823,2021/08/09 23:00:00+00,Tue 10 Aug 2021,9218,25680,691,3254449,2784442,226097,3480546,3010539,82.3210613777533,71.2045655477962,224
-7.6926,53.28823,2021/08/10 23:00:00+00,Wed 11 Aug 2021,6909,30923,635,3261358,2815365,226732,3488090,3042097,82.4994903044313,71.9509679958486,225
-7.6926,53.28823,2021/08/11 23:00:00+00,Thu 12 Aug 2021,6652,38010,851,3268010,2853375,227583,3495593,3080958,82.6769495086819,72.8700992948462,226
-7.6926,53.28823,2021/08/12 23:00:00+00,Fri 13 Aug 2021,10808,27965,845,3278818,2881340,228428,3507246,3109768,82.9525635440185,73.5515066884831,227
-7.6926,53.28823,2021/08/13 23:00:00+00,Sat 14 Aug 2021,18046,5655,267,3296864,2886995,228695,3525559,3115690,83.3856983444236,73.6915724498547,228
-7.6926,53.28823,2021/08/14 23:00:00+00,Sun 15 Aug 2021,16956,3615,39,3313820,2890610,228734,3542554,3119344,83.7876601165464,73.7779960047436,229
-7.6926,53.28823,2021/08/15 23:00:00+00,Mon 16 Aug 2021,10108,22900,353,3323928,2913510,229087,3553015,3142597,84.0350812461832,74.3279705317911,230
-7.6926,53.28823,2021/08/16 23:00:00+00,Tue 17 Aug 2021,12789,26628,514,3336717,2940138,229601,3566318,3169739,84.3497206962891,74.9699267788612,231
-7.6926,53.28823,2021/08/17 23:00:00+00,Wed 18 Aug 2021,15144,25529,646,3351861,2965667,230247,3582108,3195914,84.7231820897471,75.5890117676999,232
-7.6926,53.28823,2021/08/18 23:00:00+00,Thu 19 Aug 2021,11299,25474,524,3363160,2991141,230771,3593931,3221912,85.0028169253933,76.2039103938634,233
-7.6926,53.28823,2021/08/19 23:00:00+00,Fri 20 Aug 2021,14755,22032,668,3377915,3013173,231439,3609354,3244612,85.367598120536,76.7408054940215,234
-7.6926,53.28823,2021/08/20 23:00:00+00,Sat 21 Aug 2021,11802,7827,228,3389717,3021000,231667,3621384,3252667,85.6521288718533,76.9313204733948,235
-7.6926,53.28823,2021/08/21 23:00:00+00,Sun 22 Aug 2021,7984,12167,156,3397701,3033167,231823,3629524,3264990,85.8446542513814,77.2227811923045,236
-7.6926,53.28823,2021/08/22 23:00:00+00,Mon 23 Aug 2021,10805,15165,272,3408506,3048332,232095,3640601,3280427,86.1066448691986,77.5878935121785,237
-7.6926,53.28823,2021/08/23 23:00:00+00,Tue 24 Aug 2021,9647,22720,371,3418153,3071052,232466,3650619,3303518,86.343588266264,78.1340364530486,238
-7.6926,53.28823,2021/08/24 23:00:00+00,Wed 25 Aug 2021,9352,19289,305,3427505,3090341,232771,3660276,3323112,86.5719933756132,78.5974691663746,239
-7.6926,53.28823,2021/08/25 23:00:00+00,Thu 26 Aug 2021,8515,19239,358,3436020,3109580,233129,3669149,3342709,86.7818555000054,79.0609728350001,240
-7.6926,53.28823,2021/08/26 23:00:00+00,Fri 27 Aug 2021,9656,19034,426,3445676,3128614,233555,3679231,3362169,87.0203126101285,79.5212362116114,241
-7.6926,53.28823,2021/08/27 23:00:00+00,Sat 28 Aug 2021,9881,7780,145,3455557,3136394,233700,3689257,3370094,87.2574452213261,79.7086764613362,242
-7.6926,53.28823,2021/08/28 23:00:00+00,Sun 29 Aug 2021,8783,9127,24,3464340,3145521,233724,3698064,3379245,87.4657463291276,79.9251137768229,243
-7.6926,53.28823,2021/08/29 23:00:00+00,Mon 30 Aug 2021,5019,10966,78,3469359,3156487,233802,3703161,3390289,87.5862993831146,80.1863238863448,244
-7.6926,53.28823,2021/08/30 23:00:00+00,Tue 31 Aug 2021,4013,12691,135,3473372,3169178,233937,3707309,3403115,87.6844069106678,80.4896814438174,245
-7.6926,53.28823,2021/08/31 23:00:00+00,Wed 01 Sep 2021,4899,12378,174,3478271,3181556,234111,3712382,3415667,87.8043923222582,80.7865584172616,246
-7.6926,53.28823,2020/12/28 00:00:00+00,Mon 28 Dec 2020,131,9,6,131,9,6,137,15,0.00324029201417025,0.000354776497901852,247
-7.6926,53.28823,2020/12/29 00:00:00+00,Tue 29 Dec 2020,69,1,0,200,10,6,206,16,0.00487226390451876,0.000378428264428642,248
-7.6926,53.28823,2020/12/30 00:00:00+00,Wed 30 Dec 2020,1049,0,0,1249,10,6,1255,16,0.0296829669911216,0.000378428264428642,249
-7.6926,53.28823,2020/12/31 00:00:00+00,Thu 31 Dec 2020,1023,1,0,2272,11,6,2278,17,0.0538787241480279,0.000402080030955432,250
-7.6926,53.28823,2021/01/01 00:00:00+00,Fri 01 Jan 2021,802,0,0,3074,11,6,3080,17,0.0728474409025136,0.000402080030955432,251
-7.6926,53.28823,2021/01/02 00:00:00+00,Sat 02 Jan 2021,1010,0,0,4084,11,6,4090,17,0.0967357250945716,0.000402080030955432,252
-7.6926,53.28823,2021/01/03 00:00:00+00,Sun 03 Jan 2021,16,0,0,4100,11,6,4106,17,0.0971141533590002,0.000402080030955432,253
-7.6926,53.28823,2021/01/04 00:00:00+00,Mon 04 Jan 2021,1176,1,0,5276,12,6,5282,18,0.124928630794505,0.000425731797482222,254
-7.6926,53.28823,2021/01/05 00:00:00+00,Tue 05 Jan 2021,3501,3,0,8777,15,6,8783,21,0.207733465404798,0.000496687097062593,255
-7.6926,53.28823,2021/01/06 00:00:00+00,Wed 06 Jan 2021,6749,3,0,15526,18,6,15532,24,0.367359237694104,0.000567642396642963,256
-7.6926,53.28823,2021/01/07 00:00:00+00,Thu 07 Jan 2021,11706,3,0,27232,21,6,27238,27,0.644226816656709,0.000638597696223333,257
-7.6926,53.28823,2021/01/08 00:00:00+00,Fri 08 Jan 2021,12655,4,0,39887,25,6,39893,31,0.943539922053238,0.000733204762330494,258
-7.6926,53.28823,2021/01/09 00:00:00+00,Sat 09 Jan 2021,8062,3,0,47949,28,6,47955,34,1.13422046379222,0.000804160061910864,259
-7.6926,53.28823,2021/01/10 00:00:00+00,Sun 10 Jan 2021,4756,1,1,52705,29,7,52712,36,1.24673191716016,0.000851463594964444,260
-7.6926,53.28823,2021/01/11 00:00:00+00,Mon 11 Jan 2021,8322,3,0,61027,32,7,61034,39,1.44356191819611,0.000922418894544815,261
-7.6926,53.28823,2021/01/12 00:00:00+00,Tue 12 Jan 2021,8844,4,0,69871,36,7,69878,43,1.65273814135904,0.00101702596065198,262
-7.6926,53.28823,2021/01/13 00:00:00+00,Wed 13 Jan 2021,9849,3,0,79720,39,7,79727,46,1.8856843898814,0.00108798126023235,263
-7.6926,53.28823,2021/01/14 00:00:00+00,Thu 14 Jan 2021,8043,3,0,87763,42,7,87770,49,2.07591554805637,0.00115893655981272,264
-7.6926,53.28823,2021/01/15 00:00:00+00,Fri 15 Jan 2021,7646,2,0,95409,44,7,95416,51,2.25675695492021,0.0012062400928663,265
-7.6926,53.28823,2021/01/16 00:00:00+00,Sat 16 Jan 2021,5204,3,0,100613,47,7,100620,54,2.37984074792562,0.00127719539244667,266
-7.6926,53.28823,2021/01/17 00:00:00+00,Sun 17 Jan 2021,1100,4,0,101713,51,7,101720,58,2.40585769110509,0.00137180245855383,267
-7.6926,53.28823,2021/01/18 00:00:00+00,Mon 18 Jan 2021,8671,4,0,110384,55,7,110391,62,2.61094215865889,0.00146640952466099,268
-7.6926,53.28823,2021/01/19 00:00:00+00,Tue 19 Jan 2021,8351,15,0,118735,70,7,118742,77,2.80845806092411,0.00182118602256284,269
-7.6926,53.28823,2021/01/20 00:00:00+00,Wed 20 Jan 2021,8421,955,0,127156,1025,7,127163,1032,3.00762958684621,0.0244086230556474,270
-7.6926,53.28823,2021/01/21 00:00:00+00,Thu 21 Jan 2021,8954,956,0,136110,1981,7,136117,1988,3.21940750432709,0.0470197118552588,271
-7.6926,53.28823,2021/01/22 00:00:00+00,Fri 22 Jan 2021,6730,962,0,142840,2943,7,142847,2950,3.37858389305239,0.0697727112540309,272
-7.6926,53.28823,2021/01/23 00:00:00+00,Sat 23 Jan 2021,4154,456,0,146994,3399,7,147001,3406,3.47683333120467,0.0805579167902472,273
-7.6926,53.28823,2021/01/24 00:00:00+00,Sun 24 Jan 2021,1169,393,0,148163,3792,7,148170,3799,3.50448224627449,0.0898530610352757,274
-7.6926,53.28823,2021/01/25 00:00:00+00,Mon 25 Jan 2021,1327,1282,0,149490,5074,7,149497,5081,3.53586814045554,0.120174625722621,275
-7.6926,53.28823,2021/01/26 00:00:00+00,Tue 26 Jan 2021,979,3493,0,150469,8567,7,150476,8574,3.55902321988527,0.202790246200698,276
-7.6926,53.28823,2021/01/27 00:00:00+00,Wed 27 Jan 2021,2139,6693,0,152608,15260,7,152615,15267,3.60961434848607,0.361091519564505,277
-7.6926,53.28823,2021/01/28 00:00:00+00,Thu 28 Jan 2021,948,11537,0,153556,26797,7,153563,26804,3.63203622315347,0.633961949984082,278
-7.6926,53.28823,2021/01/29 00:00:00+00,Fri 29 Jan 2021,1534,11520,0,155090,38317,7,155097,38324,3.66831803300557,0.906430300372705,279
-7.6926,53.28823,2021/01/30 00:00:00+00,Sat 30 Jan 2021,603,7792,0,155693,46109,7,155700,46116,3.68258004822122,1.09072486514945,280
-7.6926,53.28823,2021/01/31 00:00:00+00,Sun 31 Jan 2021,204,4080,0,155897,50189,7,155904,50196,3.68740500859269,1.18722407257876,281
-7.6926,53.28823,2021/02/01 00:00:00+00,Mon 01 Feb 2021,975,8332,0,156872,58521,7,156879,58528,3.71046548095631,1.38429059127997,282
-7.6926,53.28823,2021/02/02 00:00:00+00,Tue 02 Feb 2021,797,5098,0,157669,63619,7,157676,63626,3.72931593887816,1.50486729703355,283
-7.6926,53.28823,2021/02/03 00:00:00+00,Wed 03 Feb 2021,1359,6855,0,159028,70474,7,159035,70481,3.76145868958807,1.66700015657469,284
-7.6926,53.28823,2021/02/04 00:00:00+00,Thu 04 Feb 2021,1386,10529,0,160414,81003,7,160421,81010,3.7942400379942,1.91602960633527,285
-7.6926,53.28823,2021/02/05 00:00:00+00,Fri 05 Feb 2021,3358,8600,0,163772,89603,7,163779,89610,3.87366266999116,2.11943479846566,286
-7.6926,53.28823,2021/02/06 00:00:00+00,Sat 06 Feb 2021,873,3861,0,164645,93464,7,164652,93471,3.89431066216905,2.2107542690256,287
-7.6926,53.28823,2021/02/07 00:00:00+00,Sun 07 Feb 2021,305,1294,0,164950,94758,7,164957,94765,3.90152445095972,2.24135965491127,288
-7.6926,53.28823,2021/02/08 00:00:00+00,Mon 08 Feb 2021,1124,869,0,166074,95627,7,166081,95634,3.92810903653583,2.26191304002305,289
-7.6926,53.28823,2021/02/09 00:00:00+00,Tue 09 Feb 2021,4205,527,0,170279,96154,7,170286,96161,4.02756471478098,2.27437752098266,290
-7.6926,53.28823,2021/02/10 00:00:00+00,Wed 10 Feb 2021,8788,573,0,179067,96727,7,179074,96734,4.23541643901841,2.28792998320252,291
-7.6926,53.28823,2021/02/11 00:00:00+00,Thu 11 Feb 2021,6137,432,0,185204,97159,7,185211,97166,4.38056733019332,2.29814754634209,292
-7.6926,53.28823,2021/02/12 00:00:00+00,Fri 12 Feb 2021,4355,515,0,189559,97674,7,189566,97681,4.4835707734175,2.31032820610339,293
-7.6926,53.28823,2021/02/13 00:00:00+00,Sat 13 Feb 2021,1182,1908,0,190741,99582,7,190748,99589,4.51152716145216,2.3554557766365,294
-7.6926,53.28823,2021/02/14 00:00:00+00,Sun 14 Feb 2021,2672,19,0,193413,99601,7,193420,99608,4.57472468161174,2.35590516020051,295
-7.6926,53.28823,2021/02/15 00:00:00+00,Mon 15 Feb 2021,1925,7863,0,195338,107464,7,195345,107471,4.62025433217582,2.54187900040066,296
-7.6926,53.28823,2021/02/16 00:00:00+00,Tue 16 Feb 2021,5600,8143,0,200938,115607,7,200945,115614,4.75270422472584,2.73447533522831,297
-7.6926,53.28823,2021/02/17 00:00:00+00,Wed 17 Feb 2021,9698,8457,0,210636,124064,7,210643,124071,4.98207905650265,2.93449832474538,298
-7.6926,53.28823,2021/02/18 00:00:00+00,Thu 18 Feb 2021,8432,8325,0,219068,132389,7,219075,132396,5.18151075185655,3.1313992810809,299
-7.6926,53.28823,2021/02/19 00:00:00+00,Fri 19 Feb 2021,9362,6565,0,228430,138954,7,228437,138961,5.40293859008035,3.28667312832928,300
-7.6926,53.28823,2021/02/20 00:00:00+00,Sat 20 Feb 2021,5855,3562,1,234285,142516,8,234293,142524,5.54144333486124,3.37094437246424,301
-7.6926,53.28823,2021/02/21 00:00:00+00,Sun 21 Feb 2021,1087,1016,4,235372,143532,12,235384,143544,5.56724741214197,3.39506917432156,302
-7.6926,53.28823,2021/02/22 00:00:00+00,Mon 22 Feb 2021,3911,1098,1,239283,144630,13,239296,144643,5.65977312279477,3.4210624657345,303
-7.6926,53.28823,2021/02/23 00:00:00+00,Tue 23 Feb 2021,13326,1053,0,252609,145683,13,252622,145696,5.97495656353077,3.44596777588721,304
-7.6926,53.28823,2021/02/24 00:00:00+00,Wed 24 Feb 2021,16886,2080,2,269495,147763,15,269510,147778,6.3743875966352,3.49521075379599,305
-7.6926,53.28823,2021/02/25 00:00:00+00,Thu 25 Feb 2021,18011,1734,1,287506,149497,16,287522,149513,6.80040321531575,3.53624656871997,306
-7.6926,53.28823,2021/02/26 00:00:00+00,Fri 26 Feb 2021,16040,2745,0,303546,152242,16,303562,152258,7.17977755040546,3.60117066783601,307
-7.6926,53.28823,2021/02/27 00:00:00+00,Sat 27 Feb 2021,8946,698,1,312492,152940,17,312509,152957,7.39138990552065,3.61770325263824,308
-7.6926,53.28823,2021/02/28 00:00:00+00,Sun 28 Feb 2021,2419,46,1,314911,152986,18,314929,153004,7.44862718051549,3.618814885665,309
-7.6926,53.28823,2021/03/01 00:00:00+00,Mon 01 Mar 2021,5538,775,0,320449,153761,18,320467,153779,7.57961066354085,3.63714500472326,310
-7.6926,53.28823,2021/03/02 00:00:00+00,Tue 02 Mar 2021,12125,1589,0,332574,155350,18,332592,155368,7.86638833267818,3.67472766173433,311
-7.6926,53.28823,2021/03/03 00:00:00+00,Wed 03 Mar 2021,12810,1488,1,345384,156838,19,345403,156857,8.16939111365289,3.70994514209272,312
-7.6926,53.28823,2021/03/04 00:00:00+00,Thu 04 Mar 2021,18661,1673,2,364045,158511,21,364066,158532,8.61080403234237,3.74956185102509,313
-7.6926,53.28823,2021/03/05 00:00:00+00,Fri 05 Mar 2021,18373,2377,5,382418,160888,26,382444,160914,9.04547619757172,3.80590035889191,314
-7.6926,53.28823,2021/03/06 00:00:00+00,Sat 06 Mar 2021,10374,124,0,392792,161012,26,392818,161038,9.29083962352064,3.80883317794123,315
-7.6926,53.28823,2021/03/07 00:00:00+00,Sun 07 Mar 2021,1482,7,0,394274,161019,26,394300,161045,9.32589154151334,3.80899874030691,316
-7.6926,53.28823,2021/03/08 00:00:00+00,Mon 08 Mar 2021,6593,1479,1,400867,162498,27,400894,162525,9.481851289991,3.84400335476656,317
-7.6926,53.28823,2021/03/09 00:00:00+00,Tue 09 Mar 2021,13737,3083,2,414604,165581,29,414633,165610,9.80680291030257,3.91696905450171,318
-7.6926,53.28823,2021/03/10 00:00:00+00,Wed 10 Mar 2021,13641,3965,2,428245,169546,31,428276,169577,10.1294839610276,4.01079561231349,319
-7.6926,53.28823,2021/03/11 00:00:00+00,Thu 11 Mar 2021,18374,2079,1,446619,171625,32,446651,171657,10.5640851709573,4.05999128668921,320
-7.6926,53.28823,2021/03/12 00:00:00+00,Fri 12 Mar 2021,17242,1319,2,463861,172944,34,463895,172978,10.9719362329453,4.0912352702711,321
-7.6926,53.28823,2021/03/13 00:00:00+00,Sat 13 Mar 2021,8228,160,0,472089,173104,34,472123,173138,11.1665429679277,4.09501955291539,322
-7.6926,53.28823,2021/03/14 00:00:00+00,Sun 14 Mar 2021,340,11,1,472429,173115,35,472464,173150,11.1746082203134,4.09530337411371,323
-7.6926,53.28823,2021/03/15 00:00:00+00,Mon 15 Mar 2021,2568,974,0,474997,174089,35,475032,174124,11.2353459567542,4.1183401947108,324
-7.6926,53.28823,2021/03/16 00:00:00+00,Tue 16 Mar 2021,8864,3789,0,483861,177878,35,483896,177913,11.4449952152476,4.20795673808081,325
-7.6926,53.28823,2021/03/17 00:00:00+00,Wed 17 Mar 2021,4827,2394,5,488688,180272,40,488728,180312,11.5592805511051,4.26469732597858,326
-7.6926,53.28823,2021/03/18 00:00:00+00,Thu 18 Mar 2021,11631,4662,1,500319,184934,41,500360,184975,11.8343978993447,4.374985513293,327
-7.6926,53.28823,2021/03/19 00:00:00+00,Fri 19 Mar 2021,10253,6096,1,510572,191030,42,510614,191072,12.0769231133104,4.51919033380684,328
-7.6926,53.28823,2021/03/20 00:00:00+00,Sat 20 Mar 2021,5149,3094,2,515721,194124,44,515765,194168,12.1987533626899,4.59241620297378,329
-7.6926,53.28823,2021/03/21 00:00:00+00,Sun 21 Mar 2021,3571,42,0,519292,194166,44,519336,194210,12.2832138209571,4.59340957716791,330
-7.6926,53.28823,2021/03/22 00:00:00+00,Mon 22 Mar 2021,7316,2375,0,526608,196541,44,526652,196585,12.4562501448671,4.64958252266904,331
-7.6926,53.28823,2021/03/23 00:00:00+00,Tue 23 Mar 2021,12477,7356,2,539085,203897,46,539131,203943,12.7514005393549,4.82361222077316,332
-7.6926,53.28823,2021/03/24 00:00:00+00,Wed 24 Mar 2021,13518,9745,0,552603,213642,46,552649,213688,13.071125119264,5.05409868557673,333
-7.6926,53.28823,2021/03/25 00:00:00+00,Thu 25 Mar 2021,20764,10188,2,573367,223830,48,573415,223878,13.5622777029594,5.29511018648472,334
-7.6926,53.28823,2021/03/26 00:00:00+00,Fri 26 Mar 2021,19603,9447,1,592970,233277,49,593019,233326,14.0259469339506,5.51857207662983,335
-7.6926,53.28823,2021/03/27 00:00:00+00,Sat 27 Mar 2021,11651,5308,1,604621,238585,50,604671,238635,14.3015373175207,5.64413930512056,336
-7.6926,53.28823,2021/03/28 00:00:00+00,Sun 28 Mar 2021,2431,465,0,607052,239050,50,607102,239100,14.3590347619473,5.65513737655552,337
-7.6926,53.28823,2021/03/28 23:00:00+00,Mon 29 Mar 2021,9177,3076,3,616229,242126,53,616282,242179,14.5761579786633,5.7279611656915,338
-7.6926,53.28823,2021/03/29 23:00:00+00,Tue 30 Mar 2021,13238,8622,1,629467,250748,54,629521,250802,14.8892837157114,5.93191034845202,339
-7.6926,53.28823,2021/03/30 23:00:00+00,Wed 31 Mar 2021,15698,10439,0,645165,261187,54,645219,261241,15.260569146649,6.17881113922518,340
-7.6926,53.28823,2021/03/31 23:00:00+00,Thu 01 Apr 2021,19582,11579,1,664747,272766,55,664802,272821,15.7237416905431,6.45269859560541,341
-7.6926,53.28823,2021/04/01 23:00:00+00,Fri 02 Apr 2021,20042,13679,4,684789,286445,59,684848,286504,16.1978650023392,6.77632571699148,342
-7.6926,53.28823,2021/04/02 23:00:00+00,Sat 03 Apr 2021,7464,4606,0,692253,291051,59,692312,291110,16.3744017876951,6.88526575361387,343
-7.6926,53.28823,2021/04/03 23:00:00+00,Sun 04 Apr 2021,2961,158,0,695214,291209,59,695273,291268,16.4444346683809,6.8890027327251,344
-7.6926,53.28823,2021/04/04 23:00:00+00,Mon 05 Apr 2021,3363,579,2,698577,291788,61,698638,291849,16.5240228627436,6.90274440907717,345
-7.6926,53.28823,2021/04/05 23:00:00+00,Tue 06 Apr 2021,11870,8124,5,710447,299912,66,710513,299978,16.8048875902492,7.09500961917345,346
-7.6926,53.28823,2021/04/06 23:00:00+00,Wed 07 Apr 2021,18227,10424,3,728674,310336,69,728743,310405,17.2360592940326,7.34162658874829,347
-7.6926,53.28823,2021/04/07 23:00:00+00,Thu 08 Apr 2021,20059,10521,5,748733,320857,74,748807,320931,17.7106083376261,7.59058508320928,348
-7.6926,53.28823,2021/04/08 23:00:00+00,Fri 09 Apr 2021,20598,9110,6,769331,329967,80,769411,330047,18.1979293351441,7.8061945868675,349
-7.6926,53.28823,2021/04/09 23:00:00+00,Sat 10 Apr 2021,11068,4132,5,780399,334099,85,780484,334184,18.4598253458953,7.90404194498883,350
-7.6926,53.28823,2021/04/10 23:00:00+00,Sun 11 Apr 2021,2797,328,0,783196,334427,85,783281,334512,18.5259793368707,7.91179972440962,351
-7.6926,53.28823,2021/04/11 23:00:00+00,Mon 12 Apr 2021,7684,2730,6,790880,337157,91,790971,337248,18.7078614214617,7.97651095762691,352
-7.6926,53.28823,2021/04/12 23:00:00+00,Tue 13 Apr 2021,11414,8535,0,802294,345692,91,802385,345783,18.9778226845985,8.17837878493307,353
-7.6926,53.28823,2021/04/13 23:00:00+00,Wed 14 Apr 2021,20245,6546,2,822539,352238,93,822632,352331,19.4567000014664,8.33325055215049,354
-7.6926,53.28823,2021/04/14 23:00:00+00,Thu 15 Apr 2021,27008,10734,1,849547,362972,94,849641,363066,20.0955105635885,8.58715226581558,355
-7.6926,53.28823,2021/04/15 23:00:00+00,Fri 16 Apr 2021,27870,9772,1,877417,372744,95,877512,372839,20.7547089484567,8.8183009800819,356
-7.6926,53.28823,2021/04/16 23:00:00+00,Sat 17 Apr 2021,15753,4499,1,893170,377243,96,893266,377339,21.1273188783197,8.92473392945246,357
-7.6926,53.28823,2021/04/17 23:00:00+00,Sun 18 Apr 2021,1010,443,0,894180,377686,96,894276,377782,21.1512071625118,8.93521166202382,358
-7.6926,53.28823,2021/04/18 23:00:00+00,Mon 19 Apr 2021,6661,2193,0,900841,379879,96,900937,379975,21.3087515793467,8.98707998601708,359
-7.6926,53.28823,2021/04/19 23:00:00+00,Tue 20 Apr 2021,14970,7251,0,915811,387130,96,915907,387226,21.6628185242528,9.15857894510283,360
-7.6926,53.28823,2021/04/20 23:00:00+00,Wed 21 Apr 2021,26579,9791,1,942390,396921,97,942487,397018,22.2914824785348,9.39017704293316,361
-7.6926,53.28823,2021/04/21 23:00:00+00,Thu 22 Apr 2021,31514,12115,0,973904,409036,97,974001,409133,23.0368442488601,9.67671819440522,362
-7.6926,53.28823,2021/04/22 23:00:00+00,Fri 23 Apr 2021,33476,12327,0,1007380,421363,97,1007477,421460,23.8286107851109,9.96827352038096,363
-7.6926,53.28823,2021/04/23 23:00:00+00,Sat 24 Apr 2021,23578,6947,0,1030958,428310,97,1031055,428407,24.3862721362796,10.1325823424426,364
-7.6926,53.28823,2021/04/24 23:00:00+00,Sun 25 Apr 2021,9687,254,1,1040645,428564,98,1040743,428662,24.6154104503911,10.1386135429069,365
-7.6926,53.28823,2021/04/25 23:00:00+00,Mon 26 Apr 2021,15475,2985,1,1056120,431549,99,1056219,431648,24.9814451891597,10.2092377177559,366
-7.6926,53.28823,2021/04/26 23:00:00+00,Tue 27 Apr 2021,25808,7741,3,1081928,439290,102,1082030,439392,25.5919209349827,10.3923969977394,367
-7.6926,53.28823,2021/04/27 23:00:00+00,Wed 28 Apr 2021,25923,8525,2,1107851,447815,104,1107955,447919,26.2050929821897,10.5940756109133,368
-7.6926,53.28823,2021/04/28 23:00:00+00,Thu 29 Apr 2021,31589,11259,0,1139440,459074,104,1139544,459178,26.9522286350045,10.8603708502384,369
-7.6926,53.28823,2021/04/29 23:00:00+00,Fri 30 Apr 2021,35978,13462,1,1175418,472536,105,1175523,472641,27.8031955428719,11.1787945829886,370
