X,Y,VaccinationDate,VaccineText,Dose1,Dose2,SingleDose,Dose1Cum,Dose2Cum,SingleDoseCum,PartiallyVacc,FullyVacc,PartialPercent,FullyPercent,ObjectId
-7.6926,53.28823,2020/12/28 00:00:00+00,Mon 28 Dec 2020,223,14,1,223,14,1,224,15,0.00475694253464764,0.000318545259016583,1
-7.6926,53.28823,2020/12/29 00:00:00+00,Tue 29 Dec 2020,77,2,0,300,16,1,301,17,0.00639214153093276,0.000361017960218794,2
-7.6926,53.28823,2020/12/30 00:00:00+00,Wed 30 Dec 2020,1057,1,0,1357,17,1,1358,18,0.0288389641163013,0.000382254310819899,3
-7.6926,53.28823,2020/12/31 00:00:00+00,Thu 31 Dec 2020,1033,1,0,2390,18,1,2391,19,0.0507761142872433,0.000403490661421005,4
-7.6926,53.28823,2021/01/01 00:00:00+00,Fri 01 Jan 2021,814,0,0,3204,18,1,3205,19,0.0680625036765432,0.000403490661421005,5
-7.6926,53.28823,2021/01/02 00:00:00+00,Sat 02 Jan 2021,1016,0,0,4220,18,1,4221,19,0.0896386358872664,0.000403490661421005,6
-7.6926,53.28823,2021/01/03 00:00:00+00,Sun 03 Jan 2021,20,2,1,4240,20,2,4242,22,0.0900845992498896,0.000467199713224322,7
-7.6926,53.28823,2021/01/04 00:00:00+00,Mon 04 Jan 2021,1189,3,0,5429,23,2,5431,25,0.115334620114604,0.000530908765027638,8
-7.6926,53.28823,2021/01/05 00:00:00+00,Tue 05 Jan 2021,3531,13,0,8960,36,2,8962,38,0.190320174087108,0.00080698132284201,9
-7.6926,53.28823,2021/01/06 00:00:00+00,Wed 06 Jan 2021,6777,12,0,15737,48,2,15739,50,0.3342389221108,0.00106181753005528,10
-7.6926,53.28823,2021/01/07 00:00:00+00,Thu 07 Jan 2021,11726,8,0,27463,56,2,27465,58,0.583256369259363,0.00123170833486412,11
-7.6926,53.28823,2021/01/08 00:00:00+00,Fri 08 Jan 2021,12682,5,0,40145,61,2,40147,63,0.852575767582583,0.00133789008786965,12
-7.6926,53.28823,2021/01/09 00:00:00+00,Sat 09 Jan 2021,8073,7,0,48218,68,2,48220,70,1.02401682598531,0.00148654454207739,13
-7.6926,53.28823,2021/01/10 00:00:00+00,Sun 10 Jan 2021,4781,4,1,52999,72,3,53002,75,1.12556905455979,0.00159272629508291,14
-7.6926,53.28823,2021/01/11 00:00:00+00,Mon 11 Jan 2021,8343,7,0,61342,79,3,61345,82,1.30274392762482,0.00174138074929065,15
-7.6926,53.28823,2021/01/12 00:00:00+00,Tue 12 Jan 2021,8885,10,0,70227,89,3,70230,92,1.49142890271564,0.00195374425530171,16
-7.6926,53.28823,2021/01/13 00:00:00+00,Wed 13 Jan 2021,9885,4,0,80112,93,3,80115,96,1.70135022840757,0.00203868965770613,17
-7.6926,53.28823,2021/01/14 00:00:00+00,Thu 14 Jan 2021,8084,4,0,88196,97,3,88199,100,1.87302488666691,0.00212363506011055,18
-7.6926,53.28823,2021/01/15 00:00:00+00,Fri 15 Jan 2021,7691,2,0,95887,99,3,95890,102,2.03635365914001,0.00216610776131276,19
-7.6926,53.28823,2021/01/16 00:00:00+00,Sat 16 Jan 2021,5237,3,0,101124,102,3,101127,105,2.147568427238,0.00222981681311608,20
-7.6926,53.28823,2021/01/17 00:00:00+00,Sun 17 Jan 2021,1113,4,0,102237,106,3,102240,109,2.17120448545703,0.0023147622155205,21
-7.6926,53.28823,2021/01/18 00:00:00+00,Mon 18 Jan 2021,8714,8,1,110951,114,4,110955,118,2.35627928094566,0.00250588937093045,22
-7.6926,53.28823,2021/01/19 00:00:00+00,Tue 19 Jan 2021,8382,19,0,119333,133,4,119337,137,2.53428237168413,0.00290938003235146,23
-7.6926,53.28823,2021/01/20 00:00:00+00,Wed 20 Jan 2021,8446,962,0,127779,1095,4,127783,1099,2.71364458886107,0.023338749310615,24
-7.6926,53.28823,2021/01/21 00:00:00+00,Thu 21 Jan 2021,9006,962,0,136785,2057,4,136789,2061,2.90489916237462,0.0437681185888785,25
-7.6926,53.28823,2021/01/22 00:00:00+00,Fri 22 Jan 2021,6782,967,0,143567,3024,4,143571,3028,3.04892409215132,0.0643036696201475,26
-7.6926,53.28823,2021/01/23 00:00:00+00,Sat 23 Jan 2021,4188,460,0,147755,3484,4,147759,3488,3.13786192846875,0.0740723908966561,27
-7.6926,53.28823,2021/01/24 00:00:00+00,Sun 24 Jan 2021,1182,398,0,148937,3882,4,148941,3886,3.16296329487926,0.0825244584358961,28
-7.6926,53.28823,2021/01/25 00:00:00+00,Mon 25 Jan 2021,1359,1289,0,150296,5171,4,150300,5175,3.19182349534616,0.109898114360721,29
-7.6926,53.28823,2021/01/26 00:00:00+00,Tue 26 Jan 2021,1002,3500,0,151298,8671,4,151302,8675,3.21310231864847,0.18422534146459,30
-7.6926,53.28823,2021/01/27 00:00:00+00,Wed 27 Jan 2021,2178,6700,0,153476,15371,4,153480,15375,3.25935509025768,0.326508890491997,31
-7.6926,53.28823,2021/01/28 00:00:00+00,Thu 28 Jan 2021,1009,11541,0,154485,26912,4,154489,26916,3.28078256801419,0.571597612779356,32
-7.6926,53.28823,2021/01/29 00:00:00+00,Fri 29 Jan 2021,1578,11526,0,156063,38438,4,156067,38442,3.31429352926274,0.816367789807699,33
-7.6926,53.28823,2021/01/30 00:00:00+00,Sat 30 Jan 2021,641,7792,0,156704,46230,4,156708,46234,3.32790602999804,0.981841433691513,34
-7.6926,53.28823,2021/01/31 00:00:00+00,Sun 31 Jan 2021,231,4086,0,156935,50316,4,156939,50320,3.3328116269869,1.06861316224763,35
-7.6926,53.28823,2021/02/01 00:00:00+00,Mon 01 Feb 2021,1027,8334,1,157962,58650,5,157967,58655,3.35464259540484,1.24561814450784,36
-7.6926,53.28823,2021/02/02 00:00:00+00,Tue 02 Feb 2021,829,5108,0,158791,63758,5,158796,63763,3.37224753005315,1.35409342337829,37
-7.6926,53.28823,2021/02/03 00:00:00+00,Wed 03 Feb 2021,1404,6865,0,160195,70623,5,160200,70628,3.4020633662971,1.49988097025488,38
-7.6926,53.28823,2021/02/04 00:00:00+00,Thu 04 Feb 2021,1435,10541,1,161630,81164,6,161636,81170,3.43255876576029,1.72375457829174,39
-7.6926,53.28823,2021/02/05 00:00:00+00,Fri 05 Feb 2021,3395,8614,0,165025,89778,6,165031,89784,3.50465617605105,1.90668450236966,40
-7.6926,53.28823,2021/02/06 00:00:00+00,Sat 06 Feb 2021,900,3870,0,165925,93648,6,165931,93654,3.52376889159204,1.98886917919594,41
-7.6926,53.28823,2021/02/07 00:00:00+00,Sun 07 Feb 2021,331,1300,2,166256,94948,8,166264,94956,3.53084059634221,2.01651890767858,42
-7.6926,53.28823,2021/02/08 00:00:00+00,Mon 08 Feb 2021,1185,879,0,167441,95827,8,167449,95835,3.55600567180452,2.03518565985695,43
-7.6926,53.28823,2021/02/09 00:00:00+00,Tue 09 Feb 2021,4263,544,3,171704,96371,11,171715,96382,3.64659994346883,2.04680194363575,44
-7.6926,53.28823,2021/02/10 00:00:00+00,Wed 10 Feb 2021,8827,579,0,180531,96950,11,180542,96961,3.83405321022479,2.05909779063379,45
-7.6926,53.28823,2021/02/11 00:00:00+00,Thu 11 Feb 2021,6185,445,0,186716,97395,11,186727,97406,3.96540003869263,2.06854796665128,46
-7.6926,53.28823,2021/02/12 00:00:00+00,Fri 12 Feb 2021,4396,524,0,191112,97919,11,191123,97930,4.05875503593509,2.07967581436626,47
-7.6926,53.28823,2021/02/13 00:00:00+00,Sat 13 Feb 2021,1210,1914,0,192322,99833,11,192333,99844,4.08445102016243,2.12032218941678,48
-7.6926,53.28823,2021/02/14 00:00:00+00,Sun 14 Feb 2021,2701,27,0,195023,99860,11,195034,99871,4.14181040313601,2.12089557088301,49
-7.6926,53.28823,2021/02/15 00:00:00+00,Mon 15 Feb 2021,1964,7889,0,196987,107749,11,196998,107760,4.18351859571659,2.28842914077513,50
-7.6926,53.28823,2021/02/16 00:00:00+00,Tue 16 Feb 2021,5652,8162,0,202639,115911,11,202650,115922,4.30354644931403,2.46176023438135,51
-7.6926,53.28823,2021/02/17 00:00:00+00,Wed 17 Feb 2021,9745,8465,0,212384,124376,11,212395,124387,4.51049468592181,2.64152594221971,52
-7.6926,53.28823,2021/02/18 00:00:00+00,Thu 18 Feb 2021,8466,8354,1,220850,132730,12,220862,132742,4.69030286646137,2.81895565149195,53
-7.6926,53.28823,2021/02/19 00:00:00+00,Fri 19 Feb 2021,9388,6582,0,230238,139312,12,230250,139324,4.88966972590455,2.95873331114843,54
-7.6926,53.28823,2021/02/20 00:00:00+00,Sat 20 Feb 2021,5886,3571,2,236124,142883,14,236138,142897,5.01470935824386,3.03461079184618,55
-7.6926,53.28823,2021/02/21 00:00:00+00,Sun 21 Feb 2021,1112,1024,6,237236,143907,20,237256,143927,5.03845159821589,3.05648423296531,56
-7.6926,53.28823,2021/02/22 00:00:00+00,Mon 22 Feb 2021,3944,1122,1,241180,145029,21,241201,145050,5.12222900133725,3.08033265469036,57
-7.6926,53.28823,2021/02/23 00:00:00+00,Tue 23 Feb 2021,13361,1067,1,254541,146096,22,254563,146118,5.40598911806923,3.10301307713234,58
-7.6926,53.28823,2021/02/24 00:00:00+00,Wed 24 Feb 2021,16937,2104,3,271478,148200,25,271503,148225,5.76573289725195,3.14775806784887,59
-7.6926,53.28823,2021/02/25 00:00:00+00,Thu 25 Feb 2021,18093,1757,2,289571,149957,27,289598,149984,6.15000466137896,3.18511280855621,60
-7.6926,53.28823,2021/02/26 00:00:00+00,Fri 26 Feb 2021,16078,2769,0,305649,152726,27,305676,152753,6.49144270634353,3.24391626337067,61
-7.6926,53.28823,2021/02/27 00:00:00+00,Sat 27 Feb 2021,8995,704,1,314644,153430,28,314672,153458,6.68248491635108,3.25888789054445,62
-7.6926,53.28823,2021/02/28 00:00:00+00,Sun 28 Feb 2021,2444,57,2,317088,153487,30,317118,153517,6.73442902992138,3.26014083522992,63
-7.6926,53.28823,2021/03/01 00:00:00+00,Mon 01 Mar 2021,5601,793,0,322689,154280,30,322719,154310,6.85337382963817,3.27698126125659,64
-7.6926,53.28823,2021/03/02 00:00:00+00,Tue 02 Mar 2021,12178,1611,0,334867,155891,30,334897,155921,7.11199010725844,3.31119302207497,65
-7.6926,53.28823,2021/03/03 00:00:00+00,Wed 03 Mar 2021,12911,1505,1,347778,157396,31,347809,157427,7.38619386621991,3.34317496608024,66
-7.6926,53.28823,2021/03/04 00:00:00+00,Thu 04 Mar 2021,18739,1691,5,366517,159087,36,366553,159123,7.78424802188703,3.37919181669971,67
-7.6926,53.28823,2021/03/05 00:00:00+00,Fri 05 Mar 2021,18448,2398,6,384965,161485,42,385007,161527,8.17614363587983,3.43024400354477,68
-7.6926,53.28823,2021/03/06 00:00:00+00,Sat 06 Mar 2021,10401,141,4,395366,161626,46,395412,161672,8.39710786388434,3.43332327438193,69
-7.6926,53.28823,2021/03/07 00:00:00+00,Sun 07 Mar 2021,1523,12,3,396889,161638,49,396938,161687,8.42951453490162,3.43364181964095,70
-7.6926,53.28823,2021/03/08 00:00:00+00,Mon 08 Mar 2021,6668,1497,5,403557,163135,54,403611,163189,8.5712247024628,3.46553881824381,71
-7.6926,53.28823,2021/03/09 00:00:00+00,Tue 09 Mar 2021,13829,3106,6,417386,166241,60,417446,166301,8.8650296130291,3.53162634131445,72
-7.6926,53.28823,2021/03/10 00:00:00+00,Wed 10 Mar 2021,13736,3990,3,431122,170231,63,431185,170294,9.15679583393769,3.61642308926466,73
-7.6926,53.28823,2021/03/11 00:00:00+00,Thu 11 Mar 2021,18481,2102,3,449603,172333,66,449669,172399,9.54932853844852,3.66112560727999,74
-7.6926,53.28823,2021/03/12 00:00:00+00,Fri 12 Mar 2021,17333,1339,4,466936,173672,70,467006,173742,9.91750314881989,3.68964602613728,75
-7.6926,53.28823,2021/03/13 00:00:00+00,Sat 13 Mar 2021,8309,174,0,475245,173846,70,475315,173916,10.0939559859645,3.69334115114187,76
-7.6926,53.28823,2021/03/14 00:00:00+00,Sun 14 Mar 2021,383,20,2,475628,173866,72,475700,173938,10.1021319809459,3.69380835085509,77
-7.6926,53.28823,2021/03/15 00:00:00+00,Mon 15 Mar 2021,2655,992,0,478283,174858,72,478355,174930,10.1585144917918,3.71487481065139,78
-7.6926,53.28823,2021/03/16 00:00:00+00,Tue 16 Mar 2021,8945,3823,2,487228,178681,74,487302,178755,10.3485161206199,3.79610385170062,79
-7.6926,53.28823,2021/03/17 00:00:00+00,Wed 17 Mar 2021,4898,2415,6,492126,181096,80,492206,181176,10.4526591839677,3.84751705650589,80
-7.6926,53.28823,2021/03/18 00:00:00+00,Thu 18 Mar 2021,11731,4682,5,503857,185778,85,503942,185863,10.7018889946223,3.94705183177328,81
-7.6926,53.28823,2021/03/19 00:00:00+00,Fri 19 Mar 2021,10368,6132,2,514225,191910,87,514312,191997,10.9221099503558,4.07731560636046,82
-7.6926,53.28823,2021/03/20 00:00:00+00,Sat 20 Mar 2021,5242,3117,4,519467,195027,91,519558,195118,11.0335158456092,4.14359425658651,83
-7.6926,53.28823,2021/03/21 00:00:00+00,Sun 21 Mar 2021,3638,55,3,523105,195082,94,523199,195176,11.1108373981478,4.14482596492137,84
-7.6926,53.28823,2021/03/22 00:00:00+00,Mon 22 Mar 2021,7414,2406,1,530519,197488,95,530614,197583,11.268304937855,4.19594186081823,85
-7.6926,53.28823,2021/03/23 00:00:00+00,Tue 23 Mar 2021,12566,7391,4,543085,204879,99,543184,204978,11.5352458649109,4.35298467351341,86
-7.6926,53.28823,2021/03/24 00:00:00+00,Wed 24 Mar 2021,13627,9780,2,556712,214659,101,556813,214760,11.8246760872534,4.56071865509342,87
-7.6926,53.28823,2021/03/25 00:00:00+00,Thu 25 Mar 2021,20872,10225,3,577584,224884,104,577688,224988,12.2679849060514,4.77792404904153,88
-7.6926,53.28823,2021/03/26 00:00:00+00,Fri 26 Mar 2021,19700,9497,1,597284,234381,105,597389,234486,12.6863622492438,4.97962690705083,89
-7.6926,53.28823,2021/03/27 00:00:00+00,Sat 27 Mar 2021,11758,5354,3,609042,239735,108,609150,239843,12.9361229686634,5.09339003722095,90
-7.6926,53.28823,2021/03/28 00:00:00+00,Sun 28 Mar 2021,2492,483,0,611534,240218,108,611642,240326,12.9890439543614,5.10364719456129,91
-7.6926,53.28823,2021/03/28 23:00:00+00,Mon 29 Mar 2021,9276,3120,3,620810,243338,111,620921,243449,13.186096051589,5.16996831748854,92
-7.6926,53.28823,2021/03/29 23:00:00+00,Tue 30 Mar 2021,13330,8668,4,634140,252006,115,634255,252121,13.4692615505042,5.35412994990133,93
-7.6926,53.28823,2021/03/30 23:00:00+00,Wed 31 Mar 2021,15838,10515,4,649978,262521,119,650097,262640,13.8056878167269,5.57751512187435,94
-7.6926,53.28823,2021/03/31 23:00:00+00,Thu 01 Apr 2021,19704,11583,8,669682,274104,127,669809,274231,14.2242987597759,5.82366566169177,95
-7.6926,53.28823,2021/04/01 23:00:00+00,Fri 02 Apr 2021,20140,13723,9,689822,287827,136,689958,287963,14.6521899880376,6.11528322814615,96
-7.6926,53.28823,2021/04/02 23:00:00+00,Sat 03 Apr 2021,7548,4635,6,697370,292462,142,697512,292604,14.8126093804783,6.21384113128588,97
-7.6926,53.28823,2021/04/03 23:00:00+00,Sun 04 Apr 2021,3038,170,3,700408,292632,145,700553,292777,14.8771891226563,6.21751501993987,98
-7.6926,53.28823,2021/04/04 23:00:00+00,Mon 05 Apr 2021,3434,608,4,703842,293240,149,703991,293389,14.9501996960229,6.23051166650775,99
-7.6926,53.28823,2021/04/05 23:00:00+00,Tue 06 Apr 2021,11994,8150,11,715836,301390,160,715996,301550,15.2051420849891,6.40382152376337,100
-7.6926,53.28823,2021/04/06 23:00:00+00,Wed 07 Apr 2021,18364,10472,11,734200,311862,171,734371,312033,15.5953600272845,6.62644218711476,101
-7.6926,53.28823,2021/04/07 23:00:00+00,Thu 08 Apr 2021,20184,10564,16,754384,322426,187,754571,322613,16.0243343094268,6.85112277647446,102
-7.6926,53.28823,2021/04/08 23:00:00+00,Fri 09 Apr 2021,20673,9158,16,775057,331584,203,775260,331787,16.4636931670131,7.045945056889,103
-7.6926,53.28823,2021/04/09 23:00:00+00,Sat 10 Apr 2021,11179,4173,12,786236,335757,215,786451,335972,16.70134916659,7.13481918415462,104
-7.6926,53.28823,2021/04/10 23:00:00+00,Sun 11 Apr 2021,2860,365,8,789096,336122,223,789319,336345,16.762255020114,7.14274034292884,105
-7.6926,53.28823,2021/04/11 23:00:00+00,Mon 12 Apr 2021,7776,2796,13,796872,338918,236,797108,339154,16.927664954946,7.20239325176734,106
-7.6926,53.28823,2021/04/12 23:00:00+00,Tue 13 Apr 2021,11513,8601,1,808385,347519,237,808622,347756,17.1721802957672,7.38506833963805,107
-7.6926,53.28823,2021/04/13 23:00:00+00,Wed 14 Apr 2021,20353,6597,2,828738,354116,239,828977,354355,17.6044462122527,7.52520701725475,108
-7.6926,53.28823,2021/04/14 23:00:00+00,Thu 15 Apr 2021,27129,10812,1,855867,364928,240,856107,365168,18.1805884040606,7.7548356763045,109
-7.6926,53.28823,2021/04/15 23:00:00+00,Fri 16 Apr 2021,27975,9834,1,883842,374762,241,884083,375003,18.7746965484772,7.96369518446637,110
-7.6926,53.28823,2021/04/16 23:00:00+00,Sat 17 Apr 2021,15846,4555,3,899688,379317,244,899932,379561,19.1112714691541,8.06049047050621,111
-7.6926,53.28823,2021/04/17 23:00:00+00,Sun 18 Apr 2021,1073,483,0,900761,379800,244,901005,380044,19.1340580733491,8.07074762784655,112
-7.6926,53.28823,2021/04/18 23:00:00+00,Mon 19 Apr 2021,6742,2259,0,907503,382059,244,907747,382303,19.2772335491017,8.11872054385445,113
-7.6926,53.28823,2021/04/19 23:00:00+00,Tue 20 Apr 2021,15087,7320,1,922590,389379,245,922835,389624,19.5976476069712,8.27419186660514,114
-7.6926,53.28823,2021/04/20 23:00:00+00,Wed 21 Apr 2021,26720,9885,4,949310,399264,249,949559,399513,20.1651678404352,8.48419813769947,115
-7.6926,53.28823,2021/04/21 23:00:00+00,Thu 22 Apr 2021,31624,12180,1,980934,411444,250,981184,411694,20.8367674281951,8.74287812437154,116
-7.6926,53.28823,2021/04/22 23:00:00+00,Fri 23 Apr 2021,33614,12353,3,1014548,423797,253,1014801,424050,21.5506698263525,9.0052744723988,117
-7.6926,53.28823,2021/04/23 23:00:00+00,Sat 24 Apr 2021,23701,6994,2,1038249,430791,255,1038504,431046,22.0540350446505,9.15384398120413,118
-7.6926,53.28823,2021/08/20 23:00:00+00,Sat 21 Aug 2021,11893,7977,246,3418135,3045003,235107,3653242,3280110,77.5815279426839,69.6575659701922,119
-7.6926,53.28823,2021/08/21 23:00:00+00,Sun 22 Aug 2021,8004,12251,161,3426139,3057254,235268,3661407,3292522,77.754922745342,69.9211515538532,120
-7.6926,53.28823,2021/08/22 23:00:00+00,Mon 23 Aug 2021,10868,15382,290,3437007,3072636,235558,3672565,3308194,77.9918779453491,70.2539676404737,121
-7.6926,53.28823,2021/08/23 23:00:00+00,Tue 24 Aug 2021,9711,22923,384,3446718,3095559,235942,3682660,3331501,78.2062589046673,70.7489232639336,122
-7.6926,53.28823,2021/08/24 23:00:00+00,Wed 25 Aug 2021,9414,19528,315,3456132,3115087,236257,3692389,3351344,78.4128673596654,71.1703161689114,123
-7.6926,53.28823,2021/08/25 23:00:00+00,Thu 26 Aug 2021,8585,19444,369,3464717,3134531,236626,3701343,3371157,78.6030176429477,71.5910719833711,124
-7.6926,53.28823,2021/08/26 23:00:00+00,Fri 27 Aug 2021,9725,19211,432,3474442,3153742,237058,3711500,3390800,78.8187152560031,72.0082176182286,125
-7.6926,53.28823,2021/08/27 23:00:00+00,Sat 28 Aug 2021,9920,7922,153,3484362,3161664,237211,3721573,3398875,79.0326290156081,72.1797011493325,126
-7.6926,53.28823,2021/08/28 23:00:00+00,Sun 29 Aug 2021,8800,9188,30,3493162,3170852,237241,3730403,3408093,79.2201459914158,72.3754578291735,127
-7.6926,53.28823,2021/08/29 23:00:00+00,Mon 30 Aug 2021,5061,11136,84,3498223,3181988,237325,3735548,3419313,79.3294070152585,72.6137296829179,128
-7.6926,53.28823,2021/08/30 23:00:00+00,Tue 31 Aug 2021,4062,12889,143,3502285,3194877,237468,3739753,3432345,79.4187058695362,72.8904818039515,129
-7.6926,53.28823,2021/08/31 23:00:00+00,Wed 01 Sep 2021,4963,12531,181,3507248,3207408,237649,3744897,3445057,79.5279456570283,73.1604382927928,130
-7.6926,53.28823,2021/09/01 23:00:00+00,Thu 02 Sep 2021,5010,12360,248,3512258,3219768,237897,3750155,3457665,79.6396063884889,73.4281862011715,131
-7.6926,53.28823,2021/09/02 23:00:00+00,Fri 03 Sep 2021,4774,16070,166,3517032,3235838,238063,3755095,3473901,79.7445139604583,73.7729795895311,132
-7.6926,53.28823,2021/09/03 23:00:00+00,Sat 04 Sep 2021,4628,10583,134,3521660,3246421,238197,3759857,3484618,79.8456414620208,74.0005695589231,133
-7.6926,53.28823,2021/09/04 23:00:00+00,Sun 05 Sep 2021,5307,11903,1,3526967,3258324,238198,3765165,3496522,79.9583640110115,74.2533670764787,134
-7.6926,53.28823,2021/09/05 23:00:00+00,Mon 06 Sep 2021,2160,9676,75,3529127,3268000,238273,3767400,3506273,80.0058272546049,74.4604427311901,135
-7.6926,53.28823,2021/09/06 23:00:00+00,Tue 07 Sep 2021,3030,10023,158,3532157,3278023,238431,3770588,3516454,80.0735287403213,74.6766500166599,136
-7.6926,53.28823,2021/09/07 23:00:00+00,Wed 08 Sep 2021,2610,14797,189,3534767,3292820,238620,3773387,3531440,80.1329692856538,74.9948979667681,137
-7.6926,53.28823,2021/09/08 23:00:00+00,Thu 09 Sep 2021,3116,14809,138,3537883,3307629,238758,3776641,3546387,80.2020723705098,75.3123176992028,138
-7.6926,53.28823,2021/09/09 23:00:00+00,Fri 10 Sep 2021,3384,13944,117,3541267,3321573,238875,3780142,3560448,80.2764208339642,75.610922025005,139
-7.6926,53.28823,2021/09/10 23:00:00+00,Sat 11 Sep 2021,2558,11337,62,3543825,3332910,238937,3782762,3571847,80.3320600725391,75.852995185507,140
-7.6926,53.28823,2021/09/11 23:00:00+00,Sun 12 Sep 2021,2041,12882,1,3545866,3345792,238938,3784804,3584730,80.3754247004666,76.126583090301,141
-7.6926,53.28823,2021/09/12 23:00:00+00,Mon 13 Sep 2021,1616,7743,52,3547482,3353535,238990,3786472,3592525,80.4108469332692,76.2921204432366,142
-7.6926,53.28823,2021/09/13 23:00:00+00,Tue 14 Sep 2021,1548,10786,82,3549030,3364321,239072,3788102,3603393,80.445462184749,76.5229171015694,143
-7.6926,53.28823,2021/09/14 23:00:00+00,Wed 15 Sep 2021,3283,12367,137,3552313,3376688,239209,3791522,3615897,80.5180905038048,76.7884564294856,144
-7.6926,53.28823,2021/09/15 23:00:00+00,Thu 16 Sep 2021,1913,10572,115,3554226,3387260,239324,3793550,3626584,80.5611578228238,77.0154093083597,145
-7.6926,53.28823,2021/09/16 23:00:00+00,Fri 17 Sep 2021,2561,14613,94,3556787,3401873,239418,3796205,3641291,80.6175403336698,77.3277323166501,146
-7.6926,53.28823,2021/09/17 23:00:00+00,Sat 18 Sep 2021,2288,11233,47,3559075,3413106,239465,3798540,3652571,80.6671272123234,77.5672783514306,147
-7.6926,53.28823,2021/09/18 23:00:00+00,Sun 19 Sep 2021,1862,8491,15,3560937,3421597,239480,3800417,3661077,80.7069878424016,77.7479147496436,148
-7.6926,53.28823,2021/09/19 23:00:00+00,Mon 20 Sep 2021,956,5623,35,3561893,3427220,239515,3801408,3666735,80.7280330658473,77.8680700213447,149
-7.6926,53.28823,2021/09/20 23:00:00+00,Tue 21 Sep 2021,1466,6671,90,3563359,3433891,239605,3802964,3673496,80.7610768273827,78.0116489877587,150
-7.6926,53.28823,2021/09/21 23:00:00+00,Wed 22 Sep 2021,1896,8150,97,3565255,3442041,239702,3804957,3681743,80.8034008741307,78.1867851711661,151
-7.6926,53.28823,2021/09/22 23:00:00+00,Thu 23 Sep 2021,1702,8727,89,3566957,3450768,239791,3806748,3690559,80.8414351780572,78.3740048380654,152
-7.6926,53.28823,2021/09/23 23:00:00+00,Fri 24 Sep 2021,1911,7379,79,3568868,3458147,239870,3808738,3698017,80.8836955157534,78.5323855408484,153
-7.6926,53.28823,2021/09/24 23:00:00+00,Sat 25 Sep 2021,2421,6602,53,3571289,3464749,239923,3811212,3704672,80.9362342471406,78.6737134540988,154
-7.6926,53.28823,2021/09/25 23:00:00+00,Sun 26 Sep 2021,1549,7098,0,3572838,3471847,239923,3812761,3711770,80.9691293542217,78.8244490706655,155
-7.6926,53.28823,2021/09/26 23:00:00+00,Mon 27 Sep 2021,1178,3823,45,3574016,3475670,239968,3813984,3715638,80.9951014110068,78.9065912747905,156
-7.6926,53.28823,2021/09/27 23:00:00+00,Tue 28 Sep 2021,1451,5136,93,3575467,3480806,240061,3815528,3720867,81.0278903363349,79.0176361520837,157
-7.6926,53.28823,2021/09/28 23:00:00+00,Wed 29 Sep 2021,1652,3629,79,3577119,3484435,240140,3817259,3724575,81.0646504592255,79.0963805401126,158
-7.6926,53.28823,2021/09/29 23:00:00+00,Thu 30 Sep 2021,1283,3974,78,3578402,3488409,240218,3818620,3728627,81.0935531323936,79.1824302327483,159
-7.6926,53.28823,2021/09/30 23:00:00+00,Fri 01 Oct 2021,1859,5184,42,3580261,3493593,240260,3820521,3733853,81.1339234348863,79.2934114009897,160
-7.6926,53.28823,2021/10/01 23:00:00+00,Sat 02 Oct 2021,1705,4093,40,3581966,3497686,240300,3822266,3737986,81.1709808666852,79.381181238024,161
-7.6926,53.28823,2021/10/02 23:00:00+00,Sun 03 Oct 2021,1196,3018,9,3583162,3500704,240309,3823471,3741013,81.1965706691595,79.4454636712936,162
-7.6926,53.28823,2021/10/03 23:00:00+00,Mon 04 Oct 2021,339,1242,18,3583501,3501946,240327,3823828,3742273,81.2041520463241,79.472221473051,163
-7.6926,53.28823,2021/10/04 23:00:00+00,Tue 05 Oct 2021,959,2826,70,3584460,3504772,240397,3824857,3745169,81.2260042510927,79.5337219443918,164
-7.6926,53.28823,2021/10/05 23:00:00+00,Wed 06 Oct 2021,975,2575,40,3585435,3507347,240437,3825872,3747784,81.2475591469528,79.5892550012137,165
-7.6926,53.28823,2021/10/06 23:00:00+00,Thu 07 Oct 2021,1213,2697,44,3586648,3510044,240481,3827129,3750525,81.2742532396584,79.6474638382113,166
-7.6926,53.28823,2021/10/07 23:00:00+00,Fri 08 Oct 2021,937,2771,48,3587585,3512815,240529,3828114,3753344,81.2951710450005,79.7073291105558,167
-7.6926,53.28823,2021/10/08 23:00:00+00,Sat 09 Oct 2021,730,2377,23,3588315,3515192,240552,3828867,3755744,81.3111620170031,79.7582963519985,168
-7.6926,53.28823,2021/10/09 23:00:00+00,Sun 10 Oct 2021,1507,3918,2,3589822,3519110,240554,3830376,3759664,81.3432076700602,79.8415428463548,169
-7.6926,53.28823,2021/10/10 23:00:00+00,Mon 11 Oct 2021,334,1126,19,3590156,3520236,240573,3830729,3760809,81.3507041018224,79.8658584677931,170
-7.6926,53.28823,2021/10/11 23:00:00+00,Tue 12 Oct 2021,562,1611,20,3590718,3521847,240593,3831311,3762440,81.3630636578722,79.9004949556235,171
-7.6926,53.28823,2021/10/12 23:00:00+00,Wed 13 Oct 2021,989,2072,11,3591707,3523919,240604,3832311,3764523,81.3843000084733,79.9447302739256,172
-7.6926,53.28823,2021/10/13 23:00:00+00,Thu 14 Oct 2021,670,1604,8,3592377,3525523,240612,3832989,3766135,81.3986982541809,79.9789632710946,173
-7.6926,53.28823,2021/10/14 23:00:00+00,Fri 15 Oct 2021,954,2069,8,3593331,3527592,240620,3833951,3768212,81.4191276234591,80.023071171293,174
-7.6926,53.28823,2021/10/15 23:00:00+00,Sat 16 Oct 2021,1373,2646,14,3594704,3530238,240634,3835338,3770872,81.4485824417428,80.079559863892,175
-7.6926,53.28823,2021/10/16 23:00:00+00,Sun 17 Oct 2021,1700,2892,2,3596404,3533130,240636,3837040,3773766,81.4847267104659,80.1410178625316,176
-7.6926,53.28823,2021/10/17 23:00:00+00,Mon 18 Oct 2021,673,1245,6,3597077,3534375,240642,3837719,3775017,81.4991461925241,80.1675845371336,177
-7.6926,53.28823,2021/10/18 23:00:00+00,Tue 19 Oct 2021,1333,1801,13,3598410,3536176,240655,3839065,3776831,81.5277303204332,80.206107277124,178
-7.6926,53.28823,2021/10/19 23:00:00+00,Wed 20 Oct 2021,2253,2329,0,3600663,3538505,240655,3841318,3779160,81.5755758183375,80.2555667376739,179
-7.6926,53.28823,2021/10/20 23:00:00+00,Thu 21 Oct 2021,1729,1841,11,3602392,3540346,240666,3843058,3781012,81.6125270683834,80.2948964589872,180
-7.6926,53.28823,2021/10/21 23:00:00+00,Fri 22 Oct 2021,1504,1927,3,3603896,3542273,240669,3844565,3782942,81.6445302487393,80.3358826156473,181
-7.6926,53.28823,2021/10/22 23:00:00+00,Sat 23 Oct 2021,2015,1701,1,3605911,3543974,240670,3846581,3784644,81.6873427315511,80.3720268843704,182
-7.6926,53.28823,2021/10/23 23:00:00+00,Sun 24 Oct 2021,1949,2186,2,3607860,3546160,240672,3848532,3786832,81.7287748515738,80.4184920194856,183
-7.6926,53.28823,2021/10/24 23:00:00+00,Mon 25 Oct 2021,1220,853,2,3609080,3547013,240674,3849754,3787687,81.7547256720084,80.4366490992496,184
-7.6926,53.28823,2021/10/25 23:00:00+00,Tue 26 Oct 2021,1235,1225,6,3610315,3548238,240680,3850995,3788918,81.7810799831043,80.4627910468395,185
-7.6926,53.28823,2021/10/26 23:00:00+00,Wed 27 Oct 2021,1554,1420,5,3611869,3549658,240685,3852554,3790343,81.8141874536915,80.4930528464461,186
-7.6926,53.28823,2021/10/27 23:00:00+00,Thu 28 Oct 2021,2149,1689,5,3614018,3551347,240690,3854708,3792037,81.8599305528863,80.5290272243644,187
-7.6926,53.28823,2021/10/28 23:00:00+00,Fri 29 Oct 2021,2135,1361,2,3616153,3552708,240692,3856845,3793400,81.9053126341208,80.5579723702337,188
-7.6926,53.28823,2021/10/29 23:00:00+00,Sat 30 Oct 2021,2017,1449,1,3618170,3554157,240693,3858863,3794850,81.9481675896339,80.5887650786053,189
-7.6926,53.28823,2021/10/30 23:00:00+00,Sun 31 Oct 2021,1594,1320,0,3619764,3555477,240693,3860457,3796170,81.982018332492,80.6167970613987,190
-7.6926,53.28823,2021/11/01 00:00:00+00,Mon 01 Nov 2021,278,287,2,3620042,3555764,240695,3860737,3796459,81.9879645106603,80.6229343667225,191
-7.6926,53.28823,2021/11/02 00:00:00+00,Tue 02 Nov 2021,1097,1094,10,3621139,3556858,240705,3861844,3797563,82.0114731507757,80.6463792977861,192
-7.6926,53.28823,2021/11/03 00:00:00+00,Wed 03 Nov 2021,2533,1877,6,3623672,3558735,240711,3864383,3799446,82.065392244952,80.686367345968,193
-7.6926,53.28823,2021/11/04 00:00:00+00,Thu 04 Nov 2021,1534,1280,1,3625206,3560015,240712,3865918,3800727,82.0979900431247,80.713571111088,194
-7.6926,53.28823,2021/11/05 00:00:00+00,Fri 05 Nov 2021,1628,1093,3,3626834,3561108,240715,3867549,3801823,82.1326265309551,80.7368461513468,195
-7.6926,53.28823,2021/11/06 00:00:00+00,Sat 06 Nov 2021,1815,1354,6,3628649,3562462,240721,3869370,3803183,82.1712979253997,80.7657275881643,196
-7.6926,53.28823,2021/11/07 00:00:00+00,Sun 07 Nov 2021,695,774,0,3629344,3563236,240721,3870065,3803957,82.1860571890674,80.7821645235296,197
-7.6926,53.28823,2021/11/08 00:00:00+00,Mon 08 Nov 2021,516,529,3,3629860,3563765,240724,3870584,3804489,82.1970788550294,80.7934622620493,198
-7.6926,53.28823,2021/11/09 00:00:00+00,Tue 09 Nov 2021,1369,1062,3,3631229,3564827,240727,3871956,3805554,82.2262151280541,80.8160789754395,199
-7.6926,53.28823,2021/11/10 00:00:00+00,Wed 10 Nov 2021,1608,1359,1,3632837,3566186,240728,3873565,3806914,82.2603844161713,80.844960412257,200
-7.6926,53.28823,2021/11/11 00:00:00+00,Thu 11 Nov 2021,1384,1109,1,3634221,3567295,240729,3874950,3808024,82.2897967617538,80.8685327614242,201
-7.6926,53.28823,2021/11/12 00:00:00+00,Fri 12 Nov 2021,1141,1154,6,3635362,3568449,240735,3876097,3809184,82.3141548558933,80.8931669281215,202
-7.6926,53.28823,2021/11/13 00:00:00+00,Sat 13 Nov 2021,1396,1375,0,3636758,3569824,240735,3877493,3810559,82.3438008013325,80.9223669101981,203
-7.6926,53.28823,2021/11/14 00:00:00+00,Sun 14 Nov 2021,1648,1806,0,3638406,3571630,240735,3879141,3812365,82.3787983071231,80.9607197593837,204
-7.6926,53.28823,2021/11/15 00:00:00+00,Mon 15 Nov 2021,1237,592,1,3639643,3572222,240736,3880379,3812958,82.4050889091672,80.9733129152901,205
-7.6926,53.28823,2021/11/16 00:00:00+00,Tue 16 Nov 2021,1316,1071,5,3640959,3573293,240741,3881700,3814034,82.4331421283113,80.9961632285369,206
-7.6926,53.28823,2021/11/17 00:00:00+00,Wed 17 Nov 2021,1496,1111,0,3642455,3574404,240741,3883196,3815145,82.4649117088106,81.0197568140547,207
-7.6926,53.28823,2021/11/18 00:00:00+00,Thu 18 Nov 2021,1643,2501,5,3644098,3576905,240746,3884844,3817651,82.4999092146012,81.0729751086611,208
-7.6926,53.28823,2021/11/19 00:00:00+00,Fri 19 Nov 2021,1162,1551,0,3645260,3578456,240746,3886006,3819202,82.5245858539997,81.1059126884434,209
-7.6926,53.28823,2021/11/20 00:00:00+00,Sat 20 Nov 2021,1545,2938,12,3646805,3581394,240758,3887563,3822152,82.5576508518856,81.1685599227167,210
-7.6926,53.28823,2021/11/21 00:00:00+00,Sun 21 Nov 2021,1788,2763,0,3648593,3584157,240758,3889351,3824915,82.5956214467604,81.2272359594275,211
-7.6926,53.28823,2021/11/22 00:00:00+00,Mon 22 Nov 2021,719,519,2,3649312,3584676,240760,3890072,3825436,82.6109328555438,81.2383000980907,212
-7.6926,53.28823,2021/11/23 00:00:00+00,Tue 23 Nov 2021,2154,1591,7,3651466,3586267,240767,3892233,3827034,82.6568246091928,81.2722357863513,213
-7.6926,53.28823,2021/11/24 00:00:00+00,Wed 24 Nov 2021,1606,3143,2,3653072,3589410,240769,3893841,3830179,82.6909726609593,81.3390241089917,214
-7.6926,53.28823,2021/11/25 00:00:00+00,Thu 25 Nov 2021,975,1182,1,3654047,3590592,240770,3894817,3831362,82.711699339146,81.3641467117529,215
-7.6926,53.28823,2021/11/26 00:00:00+00,Fri 26 Nov 2021,1283,1103,12,3655330,3591695,240782,3896112,3832477,82.7392004131744,81.3878252426731,216
-7.6926,53.28823,2021/11/27 00:00:00+00,Sat 27 Nov 2021,1200,1564,6,3656530,3593259,240788,3897318,3834047,82.7648114519994,81.4211663131168,217
-7.6926,53.28823,2021/11/28 00:00:00+00,Sun 28 Nov 2021,1953,2256,0,3658483,3595515,240788,3899271,3836303,82.8062860447233,81.4690755200729,218
-7.6926,53.28823,2021/11/29 00:00:00+00,Mon 29 Nov 2021,532,993,1,3659015,3596508,240789,3899804,3837297,82.8176050195937,81.4901844525704,219
-7.6926,53.28823,2021/11/30 00:00:00+00,Tue 30 Nov 2021,1894,1645,6,3660909,3598153,240795,3901704,3838948,82.8579540857358,81.5252456674128,220
-7.6926,53.28823,2021/12/01 00:00:00+00,Wed 01 Dec 2021,1035,1379,3,3661944,3599532,240798,3902742,3840330,82.8799974176598,81.5545943039436,221
-7.6926,53.28823,2021/12/02 00:00:00+00,Thu 02 Dec 2021,1739,1411,0,3663683,3600943,240798,3904481,3841741,82.9169274313551,81.5845587946417,222
-7.6926,53.28823,2021/12/03 00:00:00+00,Fri 03 Dec 2021,1014,1185,2,3664697,3602128,240800,3905497,3842928,82.9385035635658,81.6097663428052,223
-7.6926,53.28823,2021/12/04 00:00:00+00,Sat 04 Dec 2021,1202,1700,1,3665899,3603828,240801,3906700,3844629,82.9640508933389,81.6458893751777,224
-7.6926,53.28823,2021/12/05 00:00:00+00,Sun 05 Dec 2021,1346,1774,2,3667245,3605602,240803,3908048,3846405,82.9926774939492,81.6836051338453,225
-7.6926,53.28823,2021/12/06 00:00:00+00,Mon 06 Dec 2021,931,1292,0,3668176,3606894,240803,3908979,3847697,83.0124485363589,81.7110424988219,226
-7.6926,53.28823,2021/12/07 00:00:00+00,Tue 07 Dec 2021,483,740,2,3668659,3607634,240805,3909464,3848439,83.0227481664004,81.7267998709679,227
-7.6926,53.28823,2021/12/08 00:00:00+00,Wed 08 Dec 2021,785,1516,2,3669444,3609150,240807,3910251,3849957,83.0394611743235,81.7590366511804,228
-7.6926,53.28823,2021/12/09 00:00:00+00,Thu 09 Dec 2021,784,1208,1,3670228,3610358,240808,3911036,3851166,83.0561317095453,81.7847113990572,229
-7.6926,53.28823,2021/12/10 00:00:00+00,Fri 10 Dec 2021,886,1612,1,3671114,3611970,240809,3911923,3852779,83.0749683525285,81.8189656325767,230
-7.6926,53.28823,2021/12/11 00:00:00+00,Sat 11 Dec 2021,638,841,2,3671752,3612811,240811,3912563,3853622,83.0885596169132,81.8368678761335,231
-7.6926,53.28823,2021/12/12 00:00:00+00,Sun 12 Dec 2021,686,1192,0,3672438,3614003,240811,3913249,3854814,83.1031277534256,81.86218160605,232
-7.6926,53.28823,2021/12/13 00:00:00+00,Mon 13 Dec 2021,719,1067,1,3673157,3615070,240812,3913969,3855882,83.1184179258584,81.884862028492,233
-7.6926,53.28823,2021/12/14 00:00:00+00,Tue 14 Dec 2021,625,1200,3,3673782,3616270,240815,3914597,3857085,83.1317543540359,81.9104093582651,234
-7.6926,53.28823,2021/12/15 00:00:00+00,Wed 15 Dec 2021,786,1255,0,3674568,3617525,240815,3915383,3858340,83.1484461256083,81.9370609782695,235
-7.6926,53.28823,2021/12/16 00:00:00+00,Thu 16 Dec 2021,1041,1541,7,3675609,3619066,240822,3916431,3859888,83.1707018210383,81.969934849,236
-7.6926,53.28823,2021/04/24 23:00:00+00,Sun 25 Apr 2021,9751,302,2,1048000,431093,257,1048257,431350,22.2611531720631,9.16029983178687,237
-7.6926,53.28823,2021/04/25 23:00:00+00,Mon 26 Apr 2021,15594,3056,3,1063594,434149,260,1063854,434409,22.5923765323885,9.22526182827565,238
-7.6926,53.28823,2021/04/26 23:00:00+00,Tue 27 Apr 2021,25915,7816,9,1089509,441965,269,1089778,442234,23.1429076853716,9.3914362717293,239
-7.6926,53.28823,2021/04/27 23:00:00+00,Wed 28 Apr 2021,26038,8610,5,1115547,450575,274,1115821,450849,23.6959659640762,9.57438743215782,240
-7.6926,53.28823,2021/04/28 23:00:00+00,Thu 29 Apr 2021,31689,11334,6,1147236,461909,280,1147516,462189,24.3690520963782,9.81520764797436,241
-7.6926,53.28823,2021/04/29 23:00:00+00,Fri 30 Apr 2021,36111,13528,8,1183347,475437,288,1183635,475725,25.1360878437395,10.1026628897109,242
-7.6926,53.28823,2021/04/30 23:00:00+00,Sat 01 May 2021,16583,6690,18,1199930,482127,306,1200236,482433,25.4886325000685,10.2451163295431,243
-7.6926,53.28823,2021/05/01 23:00:00+00,Sun 02 May 2021,12463,909,15,1212393,483036,321,1212714,483357,25.7536196828691,10.2647387174986,244
-7.6926,53.28823,2021/05/02 23:00:00+00,Mon 03 May 2021,14264,925,21,1226657,483961,342,1226999,484303,26.0569809512059,10.2848283051672,245
-7.6926,53.28823,2021/05/03 23:00:00+00,Tue 04 May 2021,26662,6793,10,1253319,490754,352,1253671,491106,26.6233968944386,10.4292991983065,246
-7.6926,53.28823,2021/05/04 23:00:00+00,Wed 05 May 2021,32113,13456,69,1285432,504210,421,1285853,504631,27.3068251294833,10.7165208401865,247
-7.6926,53.28823,2021/05/05 23:00:00+00,Thu 06 May 2021,37293,14374,132,1322725,518584,553,1323278,519137,28.1015955507297,11.0245753420061,248
-7.6926,53.28823,2021/05/06 23:00:00+00,Fri 07 May 2021,40604,15072,97,1363329,533656,650,1363979,534306,28.9659362565453,11.3467095442743,249
-7.6926,53.28823,2021/05/07 23:00:00+00,Sat 08 May 2021,25625,7054,10,1388954,540710,660,1389614,541370,29.5103301042046,11.4967231249205,250
-7.6926,53.28823,2021/05/08 23:00:00+00,Sun 09 May 2021,19674,926,5,1408628,541636,665,1409293,542301,29.9282402476838,11.5164941673301,251
-7.6926,53.28823,2021/05/09 23:00:00+00,Mon 10 May 2021,28844,4645,171,1437472,546281,836,1438308,547117,30.5444129603749,11.618768431825,252
-7.6926,53.28823,2021/05/10 23:00:00+00,Tue 11 May 2021,33924,14825,153,1471396,561106,989,1472385,562095,31.2680840798088,11.9368464911284,253
-7.6926,53.28823,2021/05/11 23:00:00+00,Wed 12 May 2021,31293,20944,173,1502689,582050,1162,1503851,583212,31.9363070878231,12.385294506772,254
-7.6926,53.28823,2021/05/12 23:00:00+00,Thu 13 May 2021,35997,25480,152,1538686,607530,1314,1540000,608844,32.7039799257025,12.9296246453795,255
-7.6926,53.28823,2021/05/13 23:00:00+00,Fri 14 May 2021,38220,27941,236,1576906,635471,1550,1578456,637021,33.5206450244186,13.5280012962668,256
-7.6926,53.28823,2021/05/14 23:00:00+00,Sat 15 May 2021,28857,12449,22,1605763,647920,1572,1607335,649492,34.1339295934279,13.7928398246132,257
-7.6926,53.28823,2021/05/15 23:00:00+00,Sun 16 May 2021,23178,1173,9,1628941,649093,1581,1630522,650674,34.6263368548158,13.8179411910237,258
-7.6926,53.28823,2021/05/16 23:00:00+00,Mon 17 May 2021,35383,3951,118,1664324,653044,1699,1666023,654743,35.3802485375056,13.9043519016196,259
-7.6926,53.28823,2021/05/17 23:00:00+00,Tue 18 May 2021,39011,12494,127,1703335,665538,1826,1705161,667364,36.2113968273317,14.1723758825562,260
-7.6926,53.28823,2021/05/18 23:00:00+00,Wed 19 May 2021,37021,17590,211,1740356,683128,2037,1742393,685165,37.0020686329121,14.5504041596065,261
-7.6926,53.28823,2021/05/19 23:00:00+00,Thu 20 May 2021,39091,19642,136,1779447,702770,2173,1781620,704943,37.8351069579416,14.9704167017951,262
-7.6926,53.28823,2021/05/20 23:00:00+00,Fri 21 May 2021,25837,23245,14934,1805284,726015,17107,1822391,743122,38.7009342082993,15.7811993313947,263
-7.6926,53.28823,2021/05/21 23:00:00+00,Sat 22 May 2021,16585,10248,13522,1821869,736263,30629,1852498,766892,39.3402970158468,16.285987385183,264
-7.6926,53.28823,2021/05/22 23:00:00+00,Sun 23 May 2021,8216,5525,10205,1830085,741788,40834,1870919,782622,39.7314918302697,16.6200351801384,265
-7.6926,53.28823,2021/05/23 23:00:00+00,Mon 24 May 2021,22547,8217,8450,1852632,750005,49284,1901916,799289,40.3897549898522,16.973981435607,266
-7.6926,53.28823,2021/05/24 23:00:00+00,Tue 25 May 2021,30345,16498,3224,1882977,766503,52508,1935485,819011,41.1026380431807,17.392804742162,267
-7.6926,53.28823,2021/05/25 23:00:00+00,Wed 26 May 2021,19976,25450,3054,1902953,791953,55562,1958515,847515,41.5917111975242,17.9981256796959,268
-7.6926,53.28823,2021/05/26 23:00:00+00,Thu 27 May 2021,17014,36036,550,1919967,827989,56112,1976079,884101,41.964706459482,18.775078802788,269
-7.6926,53.28823,2021/05/27 23:00:00+00,Fri 28 May 2021,27044,31826,1558,1947011,859815,57670,2004681,917485,42.5721085593748,19.4840331312553,270
-7.6926,53.28823,2021/05/28 23:00:00+00,Sat 29 May 2021,24480,7386,534,1971491,867201,58204,2029695,925405,43.1033146333109,19.6522250280161,271
-7.6926,53.28823,2021/05/29 23:00:00+00,Sun 30 May 2021,24250,1676,209,1995741,868877,58413,2054154,927290,43.6227345326633,19.6922555488991,272
-7.6926,53.28823,2021/05/30 23:00:00+00,Mon 31 May 2021,22585,7320,3443,2018326,876197,61856,2080182,938053,44.1754742661089,19.9208223904188,273
-7.6926,53.28823,2021/05/31 23:00:00+00,Tue 01 Jun 2021,27568,11515,3653,2045894,887712,65509,2111403,953221,44.838494368226,20.2429353563364,274
-7.6926,53.28823,2021/06/01 23:00:00+00,Wed 02 Jun 2021,18697,20898,4008,2064591,908610,69517,2134108,978127,45.3206657086241,20.7718479044075,275
-7.6926,53.28823,2021/06/02 23:00:00+00,Thu 03 Jun 2021,16692,30706,1977,2081283,939316,71494,2152777,1010810,45.7171271379961,21.4659155511035,276
-7.6926,53.28823,2021/06/03 23:00:00+00,Fri 04 Jun 2021,28979,23342,153,2110262,962658,71647,2181909,1034305,46.3357845037076,21.9648636084764,277
-7.6926,53.28823,2021/06/04 23:00:00+00,Sat 05 Jun 2021,20962,11493,33,2131224,974151,71680,2202904,1045831,46.7816416845778,22.2096337855048,278
-7.6926,53.28823,2021/06/05 23:00:00+00,Sun 06 Jun 2021,19945,3908,46,2151169,978059,71726,2222895,1049785,47.2061775694445,22.2936023157816,279
-7.6926,53.28823,2021/06/06 23:00:00+00,Mon 07 Jun 2021,19815,4591,45,2170984,982650,71771,2242755,1054421,47.6279314923824,22.3920540371683,280
-7.6926,53.28823,2021/06/07 23:00:00+00,Tue 08 Jun 2021,26411,18340,45,2197395,1000990,71816,2269211,1072806,48.1897603838853,22.7824843429696,281
-7.6926,53.28823,2021/06/08 23:00:00+00,Wed 09 Jun 2021,32801,20110,174,2230196,1021100,71990,2302186,1093090,48.8900290449567,23.2132424785624,282
-7.6926,53.28823,2021/06/09 23:00:00+00,Thu 10 Jun 2021,27699,27490,273,2257895,1048590,72263,2330158,1120853,49.4840522439708,23.8028272803009,283
-7.6926,53.28823,2021/06/10 23:00:00+00,Fri 11 Jun 2021,26438,32898,40,2284333,1081488,72303,2356636,1153791,50.0463483351869,24.5023101964001,284
-7.6926,53.28823,2021/06/11 23:00:00+00,Sat 12 Jun 2021,12212,19721,105,2296545,1101209,72408,2368953,1173617,50.3079164655407,24.9233420834177,285
-7.6926,53.28823,2021/06/12 23:00:00+00,Sun 13 Jun 2021,8550,18173,834,2305095,1119382,73242,2378337,1192624,50.5071983795815,25.3269813992929,286
-7.6926,53.28823,2021/06/13 23:00:00+00,Mon 14 Jun 2021,16019,31303,51,2321114,1150685,73293,2394407,1223978,50.8484665337413,25.9928259360399,287
-7.6926,53.28823,2021/06/14 23:00:00+00,Tue 15 Jun 2021,14701,41588,205,2335815,1192273,73498,2409313,1265771,51.1650155758014,26.8803567367119,288
-7.6926,53.28823,2021/06/15 23:00:00+00,Wed 16 Jun 2021,13471,48386,217,2349286,1240659,73715,2423001,1314374,51.4556987428293,27.9125070849775,289
-7.6926,53.28823,2021/06/16 23:00:00+00,Thu 17 Jun 2021,21571,42692,534,2370857,1283351,74249,2445106,1357600,51.9251282728667,28.8304695760609,290
-7.6926,53.28823,2021/06/17 23:00:00+00,Fri 18 Jun 2021,12019,50018,554,2382876,1333369,74803,2457679,1408172,52.1921329089744,29.90443429866,291
-7.6926,53.28823,2021/06/18 23:00:00+00,Sat 19 Jun 2021,6318,32804,433,2389194,1366173,75236,2464430,1441409,52.3354995118825,30.6102668835889,292
-7.6926,53.28823,2021/06/19 23:00:00+00,Sun 20 Jun 2021,8516,26142,177,2397710,1392315,75413,2473123,1467728,52.5201071076579,31.1691863950594,293
-7.6926,53.28823,2021/06/20 23:00:00+00,Mon 21 Jun 2021,15481,32336,574,2413191,1424651,75987,2489178,1500638,52.8610567165586,31.8680746933418,294
-7.6926,53.28823,2021/06/21 23:00:00+00,Tue 22 Jun 2021,15147,43541,722,2428338,1468192,76709,2505047,1544901,53.1980563642476,32.8080592799985,295
-7.6926,53.28823,2021/06/22 23:00:00+00,Wed 23 Jun 2021,20086,39385,883,2448424,1507577,77592,2526016,1585169,53.6433614000022,33.6632046460038,296
-7.6926,53.28823,2021/06/23 23:00:00+00,Thu 24 Jun 2021,19022,44274,1032,2467446,1551851,78624,2546070,1630475,54.0692351749567,34.6253387463375,297
-7.6926,53.28823,2021/06/24 23:00:00+00,Fri 25 Jun 2021,15210,50123,843,2482656,1601974,79467,2562123,1681441,54.4101423111563,35.7076705910735,298
-7.6926,53.28823,2021/06/25 23:00:00+00,Sat 26 Jun 2021,9066,30559,511,2491722,1632533,79978,2571700,1712511,54.6135228408631,36.3674840042498,299
-7.6926,53.28823,2021/06/26 23:00:00+00,Sun 27 Jun 2021,8732,30477,59,2500454,1663010,80037,2580491,1743047,54.8002115989974,37.0159572062052,300
-7.6926,53.28823,2021/06/27 23:00:00+00,Mon 28 Jun 2021,24231,24645,524,2524685,1687655,80561,2605246,1768216,55.3259174581278,37.5504549144844,301
-7.6926,53.28823,2021/06/28 23:00:00+00,Tue 29 Jun 2021,28143,31038,810,2552828,1718693,81371,2634199,1800064,55.9407735170816,38.2267902084284,302
-7.6926,53.28823,2021/06/29 23:00:00+00,Wed 30 Jun 2021,22575,36867,590,2575403,1755560,81961,2657364,1837521,56.4327135787562,39.022240192894,303
-7.6926,53.28823,2021/06/30 23:00:00+00,Thu 01 Jul 2021,15025,48304,640,2590428,1803864,82601,2673029,1886465,56.7653810109225,40.0616321367145,304
-7.6926,53.28823,2021/07/01 23:00:00+00,Fri 02 Jul 2021,13682,47265,817,2604110,1851129,83418,2687528,1934547,57.0732868582879,41.0827183463169,305
-7.6926,53.28823,2021/07/02 23:00:00+00,Sat 03 Jul 2021,9317,30476,505,2613427,1881605,83923,2697350,1965528,57.281870293892,41.7406417242897,306
-7.6926,53.28823,2021/07/03 23:00:00+00,Sun 04 Jul 2021,6451,27782,233,2619878,1909387,84156,2704034,1993543,57.4238140613098,42.3355780863797,307
-7.6926,53.28823,2021/07/04 23:00:00+00,Mon 05 Jul 2021,15615,33459,5343,2635493,1942846,89499,2724992,2032345,57.8688854972077,43.1595909624038,308
-7.6926,53.28823,2021/07/05 23:00:00+00,Tue 06 Jul 2021,12409,48296,5486,2647902,1991142,94985,2742887,2086127,58.2489099912145,44.3017243704325,309
-7.6926,53.28823,2021/07/06 23:00:00+00,Wed 07 Jul 2021,19705,43757,5059,2667607,2034899,100044,2767651,2134943,58.7748069775003,45.338398061376,310
-7.6926,53.28823,2021/07/07 23:00:00+00,Thu 08 Jul 2021,17778,45592,5997,2685385,2080491,106041,2791426,2186532,59.2797012130416,46.4339601525365,311
-7.6926,53.28823,2021/07/08 23:00:00+00,Fri 09 Jul 2021,13525,45085,6531,2698910,2125576,112572,2811482,2238148,59.7056174606974,47.5300956251631,312
-7.6926,53.28823,2021/07/09 23:00:00+00,Sat 10 Jul 2021,8636,23868,4364,2707546,2149444,116936,2824482,2266380,59.9816900185117,48.1296402753335,313
-7.6926,53.28823,2021/07/10 23:00:00+00,Sun 11 Jul 2021,15236,16110,2153,2722782,2165554,119089,2841871,2284643,60.3509689191144,48.5174797463615,314
-7.6926,53.28823,2021/07/11 23:00:00+00,Mon 12 Jul 2021,17108,31763,6092,2739890,2197317,125181,2865071,2322498,60.84365225306,49.3213817983664,315
-7.6926,53.28823,2021/07/12 23:00:00+00,Tue 13 Jul 2021,20104,36567,8491,2759994,2233884,133672,2893666,2367556,61.4509056984986,50.278249283751,316
-7.6926,53.28823,2021/07/13 23:00:00+00,Wed 14 Jul 2021,20801,35709,9335,2780795,2269593,143007,2923802,2412600,62.0908843602135,51.2348194602272,317
-7.6926,53.28823,2021/07/14 23:00:00+00,Thu 15 Jul 2021,23643,28834,9586,2804438,2298427,152593,2957031,2451020,62.7965470543377,52.0507200503217,318
-7.6926,53.28823,2021/07/15 23:00:00+00,Fri 16 Jul 2021,23528,27426,9166,2827966,2325853,161759,2989725,2487612,63.4908483008902,52.8278005915173,319
-7.6926,53.28823,2021/07/16 23:00:00+00,Sat 17 Jul 2021,11507,19426,4677,2839473,2345279,166436,3005909,2511715,63.8345373990185,53.3396603500558,320
-7.6926,53.28823,2021/07/17 23:00:00+00,Sun 18 Jul 2021,16864,15818,1932,2856337,2361097,168368,3024705,2529465,64.2336958449169,53.7166055732254,321
-7.6926,53.28823,2021/07/18 23:00:00+00,Mon 19 Jul 2021,24886,18434,6255,2881223,2379531,174623,3055846,2554154,64.8950170389859,54.2409098332161,322
-7.6926,53.28823,2021/07/19 23:00:00+00,Tue 20 Jul 2021,30587,18182,7699,2911810,2397713,182322,3094132,2580035,65.7080719580998,54.7905278231233,323
-7.6926,53.28823,2021/07/20 23:00:00+00,Wed 21 Jul 2021,30357,19841,6889,2942167,2417554,189211,3131378,2606765,66.4990410725886,55.3581754746908,324
-7.6926,53.28823,2021/07/21 23:00:00+00,Thu 22 Jul 2021,33538,15924,6934,2975705,2433478,196145,3171850,2629623,67.3585186541166,55.8435959767309,325
-7.6926,53.28823,2021/07/22 23:00:00+00,Fri 23 Jul 2021,27087,20835,5615,3002792,2454313,201760,3204552,2656073,68.0529897914739,56.4052974501301,326
-7.6926,53.28823,2021/07/23 23:00:00+00,Sat 24 Jul 2021,15437,14812,2275,3018229,2469125,204035,3222264,2673160,68.4291280333207,56.7681629728512,327
-7.6926,53.28823,2021/07/24 23:00:00+00,Sun 25 Jul 2021,14721,13642,1046,3032950,2482767,205081,3238031,2687848,68.7639615732483,57.0800824904803,328
-7.6926,53.28823,2021/07/25 23:00:00+00,Mon 26 Jul 2021,23834,18298,3422,3056784,2501065,208503,3265287,2709568,69.342779545232,57.5413360255363,329
-7.6926,53.28823,2021/07/26 23:00:00+00,Tue 27 Jul 2021,25507,23907,3671,3082291,2524972,212174,3294465,2737146,69.9624137830711,58.1269921024136,330
-7.6926,53.28823,2021/07/27 23:00:00+00,Wed 28 Jul 2021,23439,25285,3263,3105730,2550257,215437,3321167,2765694,70.5294668168218,58.7332474393739,331
-7.6926,53.28823,2021/07/28 23:00:00+00,Thu 29 Jul 2021,19272,27865,2962,3125002,2578122,218399,3343401,2796521,71.0016358360868,59.3879004193542,332
-7.6926,53.28823,2021/07/29 23:00:00+00,Fri 30 Jul 2021,21954,22936,2120,3146956,2601058,220519,3367475,2821577,71.5128797404578,59.9199984200155,333
-7.6926,53.28823,2021/07/30 23:00:00+00,Sat 31 Jul 2021,13744,12484,907,3160700,2613542,221426,3382126,2834968,71.8240135131146,60.2043743909149,334
-7.6926,53.28823,2021/07/31 23:00:00+00,Sun 01 Aug 2021,11115,9328,368,3171815,2622870,221794,3393609,2844664,72.0678705270671,60.4102820463432,335
-7.6926,53.28823,2021/08/01 23:00:00+00,Mon 02 Aug 2021,15023,16021,430,3186838,2638891,222224,3409062,2861115,72.396035852906,60.759641250082,336
-7.6926,53.28823,2021/08/02 23:00:00+00,Tue 03 Aug 2021,17345,25449,1111,3204183,2664340,223335,3427518,2887675,72.7879739396,61.3236787220474,337
-7.6926,53.28823,2021/08/03 23:00:00+00,Wed 04 Aug 2021,22112,17305,1576,3226295,2681645,224911,3451206,2906556,73.291020612639,61.7246422577469,338
-7.6926,53.28823,2021/08/04 23:00:00+00,Thu 05 Aug 2021,13534,30047,1420,3239829,2711692,226331,3466160,2938023,73.6085889995279,62.3928865021118,339
-7.6926,53.28823,2021/08/05 23:00:00+00,Fri 06 Aug 2021,12207,24750,948,3252036,2736442,227279,3479315,2963721,73.8879531916855,62.9386182398591,340
-7.6926,53.28823,2021/08/06 23:00:00+00,Sat 07 Aug 2021,6335,8461,583,3258371,2744903,227862,3486233,2972765,74.0348662651439,63.1306797946955,341
-7.6926,53.28823,2021/08/07 23:00:00+00,Sun 08 Aug 2021,8626,11976,153,3266997,2756879,228015,3495012,2984894,74.221300187071,63.3882554911363,342
-7.6926,53.28823,2021/08/08 23:00:00+00,Mon 09 Aug 2021,5543,23038,600,3272540,2779917,228615,3501155,3008532,74.3517550888136,63.8902403466452,343
-7.6926,53.28823,2021/08/09 23:00:00+00,Tue 10 Aug 2021,9355,26011,716,3281895,2805928,229331,3511226,3035259,74.5656263757173,64.457824289161,344
-7.6926,53.28823,2021/08/10 23:00:00+00,Wed 11 Aug 2021,7012,31242,666,3288907,2837170,229997,3518904,3067167,74.7286790756326,65.135433764141,345
-7.6926,53.28823,2021/08/11 23:00:00+00,Thu 12 Aug 2021,6771,38297,862,3295678,2875467,230859,3526537,3106326,74.8907761397709,65.9670280173297,346
-7.6926,53.28823,2021/08/12 23:00:00+00,Fri 13 Aug 2021,10931,28244,870,3306609,2903711,231729,3538338,3135440,75.1413863132145,66.5853031287303,347
-7.6926,53.28823,2021/08/13 23:00:00+00,Sat 14 Aug 2021,18137,5845,281,3324746,2909556,232010,3556756,3141566,75.5325174185857,66.7153970125127,348
-7.6926,53.28823,2021/08/14 23:00:00+00,Sun 15 Aug 2021,16999,3730,51,3341745,2913286,232061,3573806,3145347,75.8945971963345,66.7956916541355,349
-7.6926,53.28823,2021/08/15 23:00:00+00,Mon 16 Aug 2021,10186,23154,384,3351931,2936440,232445,3584376,3168885,76.1190654221882,67.2955528745843,350
-7.6926,53.28823,2021/08/16 23:00:00+00,Tue 17 Aug 2021,12866,26866,528,3364797,2963306,232973,3597770,3196279,76.4035051021394,67.877301462951,351
-7.6926,53.28823,2021/08/17 23:00:00+00,Wed 18 Aug 2021,15234,25764,658,3380031,2989070,233631,3613662,3222701,76.7409931858922,68.4384083185334,352
-7.6926,53.28823,2021/08/18 23:00:00+00,Thu 19 Aug 2021,11362,25707,544,3391393,3014777,234175,3625568,3248952,76.9938331761489,68.995883758163,353
-7.6926,53.28823,2021/08/19 23:00:00+00,Fri 20 Aug 2021,14849,22249,686,3406242,3037026,234861,3641103,3271887,77.3237398827371,69.4829394591993,354
-7.6926,53.28823,2021/12/17 00:00:00+00,Fri 17 Dec 2021,1198,2458,1,3676807,3621524,240823,3917630,3862347,83.196164205409,82.0221550351281,355
-7.6926,53.28823,2021/12/18 00:00:00+00,Sat 18 Dec 2021,1245,1183,0,3678052,3622707,240823,3918875,3863530,83.2226034619074,82.0472776378892,356
-7.6926,53.28823,2021/12/19 00:00:00+00,Sun 19 Dec 2021,541,887,1,3678593,3623594,240824,3919417,3864418,83.2341135639332,82.066135517223,357
-7.6926,53.28823,2021/12/20 00:00:00+00,Mon 20 Dec 2021,504,615,0,3679097,3624209,240824,3919921,3865033,83.2448166846362,82.0791958728427,358
-7.6926,53.28823,2021/12/21 00:00:00+00,Tue 21 Dec 2021,1395,1816,3,3680492,3626025,240827,3921319,3866852,83.2745051027765,82.1178247945861,359
-7.6926,53.28823,2021/12/22 00:00:00+00,Wed 22 Dec 2021,1155,1591,2,3681647,3627616,240829,3922476,3868445,83.299075560422,82.1516543010936,360
-7.6926,53.28823,2021/12/23 00:00:00+00,Thu 23 Dec 2021,920,1389,0,3682567,3629005,240829,3923396,3869834,83.318613002975,82.1811515920786,361
-7.6926,53.28823,2021/12/24 00:00:00+00,Fri 24 Dec 2021,100,157,0,3682667,3629162,240829,3923496,3869991,83.3207366380351,82.184485699123,362
-7.6926,53.28823,2021/12/25 00:00:00+00,Sat 25 Dec 2021,1,5,0,3682668,3629167,240829,3923497,3869996,83.3207578743857,82.184591880876,363
-7.6926,53.28823,2021/12/26 00:00:00+00,Sun 26 Dec 2021,11,10,0,3682679,3629177,240829,3923508,3870006,83.3209914742423,82.184804244382,364
-7.6926,53.28823,2021/12/27 00:00:00+00,Mon 27 Dec 2021,389,589,0,3683068,3629766,240829,3923897,3870595,83.3292524146262,82.197312454886,365
-7.6926,53.28823,2021/12/28 00:00:00+00,Tue 28 Dec 2021,465,746,0,3683533,3630512,240829,3924362,3871341,83.3391273176557,82.2131547724345,366
-7.6926,53.28823,2021/12/29 00:00:00+00,Wed 29 Dec 2021,1058,1306,0,3684591,3631818,240829,3925420,3872647,83.3615953765916,82.2408894463195,367
-7.6926,53.28823,2021/12/30 00:00:00+00,Thu 30 Dec 2021,1047,1194,1,3685638,3633012,240830,3926468,3873842,83.3838510720216,82.2662668852878,368
-7.6926,53.28823,2021/12/31 00:00:00+00,Fri 31 Dec 2021,711,1679,0,3686349,3634691,240830,3927179,3875521,83.398950117299,82.3019227179471,369
-7.6926,53.28823,2022/01/01 00:00:00+00,Sat 01 Jan 2022,64,98,0,3686413,3634789,240830,3927243,3875619,83.4003092437375,82.304003880306,370
-7.6926,53.28823,2022/01/02 00:00:00+00,Sun 02 Jan 2022,270,627,0,3686683,3635416,240830,3927513,3876246,83.4060430583997,82.3173190721329,371
-7.6926,53.28823,2022/01/03 00:00:00+00,Mon 03 Jan 2022,3630,726,1,3690313,3636142,240831,3931144,3876973,83.4831522474324,82.3327578990199,372
-7.6926,53.28823,2022/01/04 00:00:00+00,Tue 04 Jan 2022,1187,778,1,3691500,3636920,240832,3932332,3877752,83.5083810319465,82.3493010161381,373
-7.6926,53.28823,2022/01/05 00:00:00+00,Wed 05 Jan 2022,2140,900,0,3693640,3637820,240832,3934472,3878652,83.5538268222328,82.3684137316791,374
-7.6926,53.28823,2022/01/06 00:00:00+00,Thu 06 Jan 2022,2455,1693,1,3696095,3639513,240833,3936928,3880346,83.6059832993092,82.4043881095974,375
-7.6926,53.28823,2022/01/07 00:00:00+00,Fri 07 Jan 2022,4853,785,2,3700948,3640298,240835,3941783,3881133,83.7090857814775,82.4211011175205,376
-7.6926,53.28823,2022/01/08 00:00:00+00,Sat 08 Jan 2022,9789,738,2,3710737,3641036,240837,3951574,3881873,83.9170108902129,82.4368160169653,377
-7.6926,53.28823,2022/01/09 00:00:00+00,Sun 09 Jan 2022,7115,664,0,3717852,3641700,240837,3958689,3882537,84.0681075247398,82.4509169537644,378
-7.6926,53.28823,2022/01/10 00:00:00+00,Mon 10 Jan 2022,6658,507,1,3724510,3642207,240838,3965348,3883045,84.2095203833926,82.4617050198698,379
-7.6926,53.28823,2022/01/11 00:00:00+00,Tue 11 Jan 2022,4774,1367,1,3729284,3643574,240839,3970123,3884413,84.3109239575129,82.4907563474921,380
-7.6926,53.28823,2022/01/12 00:00:00+00,Wed 12 Jan 2022,7559,918,1,3736843,3644492,240840,3977683,3885332,84.4714707680572,82.5102725536945,381
-7.6926,53.28823,2022/01/13 00:00:00+00,Thu 13 Jan 2022,7321,815,0,3744164,3645307,240840,3985004,3886147,84.6269420908079,82.5275801794344,382
-7.6926,53.28823,2022/01/14 00:00:00+00,Fri 14 Jan 2022,10721,833,0,3754885,3646140,240840,3995725,3886980,84.8546170056024,82.5452700594851,383
-7.6926,53.28823,2022/01/15 00:00:00+00,Sat 15 Jan 2022,8358,652,2,3763243,3646792,240842,4004085,3887634,85.0321528966276,82.5591586327783,384
-7.6926,53.28823,2022/01/16 00:00:00+00,Sun 16 Jan 2022,6965,1215,1,3770208,3648007,240843,4011051,3888850,85.1800853149149,82.5849820351092,385
-7.6926,53.28823,2022/01/17 00:00:00+00,Mon 17 Jan 2022,2562,560,0,3772770,3648567,240843,4013613,3889410,85.2344928451549,82.5968743914458,386
-7.6926,53.28823,2022/01/18 00:00:00+00,Tue 18 Jan 2022,4056,448,3,3776826,3649015,240846,4017672,3889861,85.3206911922448,82.6064519855669,387
-7.6926,53.28823,2022/01/19 00:00:00+00,Wed 19 Jan 2022,3487,622,0,3780313,3649637,240846,4021159,3890483,85.3947423467909,82.6196609956408,388
-7.6926,53.28823,2022/01/20 00:00:00+00,Thu 20 Jan 2022,3691,932,0,3784004,3650569,240846,4024850,3891415,85.4731257168596,82.639453274401,389
-7.6926,53.28823,2022/01/21 00:00:00+00,Fri 21 Jan 2022,3250,976,0,3787254,3651545,240846,4028100,3892391,85.5421438563132,82.6601799525877,390
-7.6926,53.28823,2022/01/22 00:00:00+00,Sat 22 Jan 2022,4270,643,0,3791524,3652188,240846,4032370,3893034,85.6328230733799,82.6738349260242,391
-7.6926,53.28823,2022/01/23 00:00:00+00,Sun 23 Jan 2022,3092,677,0,3794616,3652865,240846,4035462,3893711,85.6984858694385,82.6882119353812,392
-7.6926,53.28823,2022/01/24 00:00:00+00,Mon 24 Jan 2022,646,461,0,3795262,3653326,240846,4036108,3894172,85.7122045519268,82.6980018930083,393
-7.6926,53.28823,2022/01/25 00:00:00+00,Tue 25 Jan 2022,692,1837,0,3795954,3655163,240846,4036800,3896009,85.7269001065428,82.7370130690625,394
-7.6926,53.28823,2022/01/26 00:00:00+00,Wed 26 Jan 2022,700,896,0,3796654,3656059,240846,4037500,3896905,85.7417655519635,82.7560408392011,395
-7.6926,53.28823,2022/01/27 00:00:00+00,Thu 27 Jan 2022,1272,1175,0,3797926,3657234,240846,4038772,3898080,85.7687781899282,82.7809935511574,396
-7.6926,53.28823,2022/01/28 00:00:00+00,Fri 28 Jan 2022,1027,3094,1,3798953,3660328,240847,4039800,3901175,85.7906091583461,82.8467200562678,397
-7.6926,53.28823,2022/01/29 00:00:00+00,Sat 29 Jan 2022,2328,3444,0,3801281,3663772,240847,4042128,3904619,85.8400473825455,82.919858047738,398
-7.6926,53.28823,2022/01/30 00:00:00+00,Sun 30 Jan 2022,1638,7537,0,3802919,3671309,240847,4043766,3912156,85.8748325248301,83.0799164222186,399
-7.6926,53.28823,2022/01/31 00:00:00+00,Mon 31 Jan 2022,480,1392,0,3803399,3672701,240847,4044246,3913548,85.8850259731186,83.1094774222553,400
-7.6926,53.28823,2022/02/01 00:00:00+00,Tue 01 Feb 2022,747,3417,1,3804146,3676118,240848,4044994,3916966,85.9009107633682,83.1820632686099,401
-7.6926,53.28823,2022/02/02 00:00:00+00,Wed 02 Feb 2022,650,2995,0,3804796,3679113,240848,4045644,3919961,85.914714391259,83.2456661386602,402
-7.6926,53.28823,2022/02/03 00:00:00+00,Thu 03 Feb 2022,905,2434,1,3805701,3681547,240849,4046550,3922396,85.9339545249036,83.2973766523739,403
-7.6926,53.28823,2022/02/04 00:00:00+00,Fri 04 Feb 2022,1173,6523,0,3806874,3688070,240849,4047723,3928919,85.9588647641586,83.4359013673449,404
-7.6926,53.28823,2022/02/05 00:00:00+00,Sat 05 Feb 2022,1777,5750,0,3808651,3693820,240849,4049500,3934669,85.9966017591768,83.5580103833013,405
-7.6926,53.28823,2022/02/06 00:00:00+00,Sun 06 Feb 2022,1407,7555,0,3810058,3701375,240849,4050907,3942224,86.0264813044726,83.7184510120926,406
-7.6926,53.28823,2022/02/07 00:00:00+00,Mon 07 Feb 2022,440,1351,0,3810498,3702726,240849,4051347,3943575,86.0358252987371,83.7471413217547,407
-7.6926,53.28823,2022/02/08 00:00:00+00,Tue 08 Feb 2022,901,1236,0,3811399,3703962,240849,4052248,3944811,86.0549592506287,83.7733894510977,408
-7.6926,53.28823,2022/02/09 00:00:00+00,Wed 09 Feb 2022,1332,1783,0,3812731,3705745,240849,4053580,3946594,86.0832460696293,83.8112538642195,409
-7.6926,53.28823,2022/02/10 00:00:00+00,Thu 10 Feb 2022,684,2548,0,3813415,3708293,240849,4054264,3949142,86.0977717334405,83.8653640855511,410
-7.6926,53.28823,2022/02/11 00:00:00+00,Fri 11 Feb 2022,547,4920,0,3813962,3713213,240849,4054811,3954062,86.1093880172193,83.9698469305085,411
-7.6926,53.28823,2022/02/12 00:00:00+00,Sat 12 Feb 2022,1397,5462,0,3815359,3718675,240849,4056208,3959524,86.139055199009,84.0858398774917,412
-7.6926,53.28823,2022/02/13 00:00:00+00,Sun 13 Feb 2022,1567,4706,0,3816926,3723381,240849,4057775,3964230,86.172332560401,84.1857781434205,413
-7.6926,53.28823,2022/02/14 00:00:00+00,Mon 14 Feb 2022,172,953,0,3817098,3724334,240849,4057947,3965183,86.1759852127043,84.2060163855434,414
-7.6926,53.28823,2022/02/15 00:00:00+00,Tue 15 Feb 2022,649,818,1,3817747,3725152,240850,4058597,3966002,86.1897888405951,84.2234089566857,415
-7.6926,53.28823,2022/02/16 00:00:00+00,Wed 16 Feb 2022,800,1785,0,3818547,3726937,240850,4059397,3967787,86.206777921076,84.2613158425087,416
-7.6926,53.28823,2022/02/17 00:00:00+00,Thu 17 Feb 2022,791,1191,2,3819338,3728128,240852,4060190,3968980,86.2236183471026,84.2866508087758,417
-7.6926,53.28823,2022/02/18 00:00:00+00,Fri 18 Feb 2022,790,3293,0,3820128,3731421,240852,4060980,3972273,86.2403950640775,84.3565821113052,418
-7.6926,53.28823,2022/02/19 00:00:00+00,Sat 19 Feb 2022,980,3555,0,3821108,3734976,240852,4061960,3975828,86.2612066876666,84.4320773376922,419
-7.6926,53.28823,2022/02/20 00:00:00+00,Sun 20 Feb 2022,1366,3587,0,3822474,3738563,240852,4063326,3979415,86.2902155425877,84.5082521272983,420
-7.6926,53.28823,2022/02/21 00:00:00+00,Mon 21 Feb 2022,253,994,1,3822727,3739557,240853,4063580,3980410,86.2956095756404,84.5293822961464,421
-7.6926,53.28823,2022/02/22 00:00:00+00,Tue 22 Feb 2022,475,981,0,3823202,3740538,240853,4064055,3981391,86.3056968421759,84.5502151560861,422
-7.6926,53.28823,2022/02/23 00:00:00+00,Wed 23 Feb 2022,831,1272,1,3824033,3741810,240854,4064887,3982664,86.323365485876,84.5772490304013,423
-7.6926,53.28823,2022/02/24 00:00:00+00,Thu 24 Feb 2022,657,1233,0,3824690,3743043,240854,4065544,3983897,86.3373177682209,84.6034334506925,424
-7.6926,53.28823,2022/02/25 00:00:00+00,Fri 25 Feb 2022,690,1228,0,3825380,3744271,240854,4066234,3985125,86.3519708501357,84.6295116892306,425
-7.6926,53.28823,2022/02/26 00:00:00+00,Sat 26 Feb 2022,959,2092,0,3826339,3746363,240854,4067193,3987217,86.3723365103622,84.6739381346882,426
-7.6926,53.28823,2022/02/27 00:00:00+00,Sun 27 Feb 2022,671,1783,0,3827010,3748146,240854,4067864,3989000,86.3865861016155,84.7118025478099,427
-7.6926,53.28823,2022/02/28 00:00:00+00,Mon 28 Feb 2022,81,428,0,3827091,3748574,240854,4067945,3989428,86.3883062460142,84.7208917058672,428
-7.6926,53.28823,2022/03/01 00:00:00+00,Tue 01 Mar 2022,129,937,0,3827220,3749511,240854,4068074,3990365,86.3910457352417,84.7407901663804,429
-7.6926,53.28823,2022/03/02 00:00:00+00,Wed 02 Mar 2022,206,996,2,3827426,3750507,240856,4068282,3991363,86.3954628961668,84.7619840442803,430
-7.6926,53.28823,2022/03/03 00:00:00+00,Thu 03 Mar 2022,279,1273,0,3827705,3751780,240856,4068561,3992636,86.4013878379845,84.7890179185955,431
-7.6926,53.28823,2022/03/04 00:00:00+00,Fri 04 Mar 2022,734,1506,1,3828439,3753286,240857,4069296,3994143,86.4169965556763,84.8210210989514,432
-7.6926,53.28823,2022/03/05 00:00:00+00,Sat 05 Mar 2022,962,3341,0,3829401,3756627,240857,4070258,3997484,86.4374259249546,84.8919717463097,433
-7.6926,53.28823,2022/03/06 00:00:00+00,Sun 06 Mar 2022,455,1915,0,3829856,3758542,240857,4070713,3999399,86.4470884644781,84.9326393577108,434
-7.6926,53.28823,2022/03/07 00:00:00+00,Mon 07 Mar 2022,114,123,1,3829970,3758665,240858,4070828,3999523,86.4495306447972,84.9352726651854,435
-7.6926,53.28823,2022/03/08 00:00:00+00,Tue 08 Mar 2022,120,492,0,3830090,3759157,240858,4070948,4000015,86.4520790068693,84.9457209496811,436
-7.6926,53.28823,2022/03/09 00:00:00+00,Wed 09 Mar 2022,129,344,1,3830219,3759501,240859,4071078,4000360,86.4548397324475,84.9530474906385,437
-7.6926,53.28823,2022/03/10 00:00:00+00,Thu 10 Mar 2022,258,508,0,3830477,3760009,240859,4071336,4000868,86.4603187109026,84.9638355567438,438
-7.6926,53.28823,2022/03/11 00:00:00+00,Fri 11 Mar 2022,492,2182,0,3830969,3762191,240859,4071828,4003050,86.4707669953983,85.0101732737555,439
-7.6926,53.28823,2022/03/12 00:00:00+00,Sat 12 Mar 2022,473,2391,2,3831442,3764582,240861,4072303,4005443,86.4808542619338,85.0609918607439,440
-7.6926,53.28823,2022/03/13 00:00:00+00,Sun 13 Mar 2022,358,1082,0,3831800,3765664,240861,4072661,4006525,86.488456875449,85.0839695920943,441
-7.6926,53.28823,2022/03/14 00:00:00+00,Mon 14 Mar 2022,109,121,0,3831909,3765785,240861,4072770,4006646,86.4907716376645,85.086539190517,442
-7.6926,53.28823,2022/03/15 00:00:00+00,Tue 15 Mar 2022,219,757,1,3832128,3766542,240862,4072990,4007404,86.4954436347968,85.1026363442727,443
-7.6926,53.28823,2022/03/16 00:00:00+00,Wed 16 Mar 2022,196,797,0,3832324,3767339,240862,4073186,4008201,86.4996059595146,85.1195617157017,444
-7.6926,53.28823,2022/03/18 00:00:00+00,Fri 18 Mar 2022,1,6,0,3832325,3767345,240862,4073187,4008207,86.4996271958652,85.1196891338054,445
-7.6926,53.28823,2022/03/19 00:00:00+00,Sat 19 Mar 2022,743,2779,0,3833068,3770124,240862,4073930,4010986,86.5154058043618,85.1787049521258,446
-7.6926,53.28823,2022/03/20 00:00:00+00,Sun 20 Mar 2022,395,1402,0,3833463,3771526,240862,4074325,4012388,86.5237941628493,85.2084783156686,447
-7.6926,53.28823,2022/03/21 00:00:00+00,Mon 21 Mar 2022,54,112,0,3833517,3771638,240862,4074379,4012500,86.5249409257817,85.2108567869359,448
-7.6926,53.28823,2022/03/22 00:00:00+00,Tue 22 Mar 2022,140,575,0,3833657,3772213,240862,4074519,4013075,86.5279140148659,85.2230676885315,449
-7.6926,53.28823,2022/03/23 00:00:00+00,Wed 23 Mar 2022,102,221,0,3833759,3772434,240862,4074621,4013296,86.5300801226272,85.2277609220144,450
-7.6926,53.28823,2022/03/24 00:00:00+00,Thu 24 Mar 2022,147,244,0,3833906,3772678,240862,4074768,4013540,86.5332018661655,85.2329425915611,451
-7.6926,53.28823,2022/03/25 00:00:00+00,Fri 25 Mar 2022,435,1625,0,3834341,3774303,240862,4075203,4015165,86.542439678677,85.2674516612879,452
-7.6926,53.28823,2022/03/26 00:00:00+00,Sat 26 Mar 2022,874,1848,0,3835215,3776151,240862,4076077,4017013,86.5610002491024,85.3066964371987,453
-7.6926,53.28823,2022/03/27 00:00:00+00,Sun 27 Mar 2022,380,803,0,3835595,3776954,240862,4076457,4017816,86.5690700623308,85.3237492267314,454
-7.6926,53.28823,2022/03/27 23:00:00+00,Mon 28 Mar 2022,44,53,1,3835639,3777007,240863,4076502,4017870,86.5700256981079,85.3248959896638,455
-7.6926,53.28823,2022/03/28 23:00:00+00,Tue 29 Mar 2022,138,193,3,3835777,3777200,240866,4076643,4018066,86.5730200235426,85.3290583143817,456
-7.6926,53.28823,2022/03/29 23:00:00+00,Wed 30 Mar 2022,109,135,0,3835886,3777335,240866,4076752,4018201,86.5753347857581,85.3319252217128,457
-7.6926,53.28823,2022/03/30 23:00:00+00,Thu 31 Mar 2022,227,358,0,3836113,3777693,240866,4076979,4018559,86.5801554373446,85.339527835228,458
-7.6926,53.28823,2022/03/31 23:00:00+00,Fri 01 Apr 2022,304,904,0,3836417,3778597,240866,4077283,4019463,86.5866112879273,85.3587254961714,459
-7.6926,53.28823,2022/04/01 23:00:00+00,Sat 02 Apr 2022,729,1539,0,3837146,3780136,240866,4078012,4021002,86.6020925875155,85.3914082397465,460
-7.6926,53.28823,2022/04/02 23:00:00+00,Sun 03 Apr 2022,537,816,0,3837683,3780952,240866,4078549,4021818,86.6134965077883,85.408737101837,461
-7.6926,53.28823,2022/04/03 23:00:00+00,Mon 04 Apr 2022,49,53,0,3837732,3781005,240866,4078598,4021871,86.6145370889678,85.4098626284189,462
-7.6926,53.28823,2022/04/04 23:00:00+00,Tue 05 Apr 2022,130,169,0,3837862,3781174,240866,4078728,4022040,86.6172978145459,85.4134515716704,463
-7.6926,53.28823,2022/04/05 23:00:00+00,Wed 06 Apr 2022,159,209,0,3838021,3781383,240866,4078887,4022249,86.6206743942915,85.4178899689461,464
-7.6926,53.28823,2022/04/06 23:00:00+00,Thu 07 Apr 2022,116,178,0,3838137,3781561,240866,4079003,4022427,86.6231378109612,85.4216700393531,465
-7.6926,53.28823,2022/04/07 23:00:00+00,Fri 08 Apr 2022,258,421,2,3838395,3781982,240868,4079263,4022850,86.6286592621175,85.4306530156574,466
-7.6926,53.28823,2022/04/08 23:00:00+00,Sat 09 Apr 2022,559,1018,0,3838954,3783000,240868,4079822,4023868,86.6405303821035,85.4522716205693,467
-7.6926,53.28823,2022/04/09 23:00:00+00,Sun 10 Apr 2022,413,719,0,3839367,3783719,240868,4080235,4024587,86.6493009949018,85.4675405566515,468
-7.6926,53.28823,2022/04/10 23:00:00+00,Mon 11 Apr 2022,70,92,1,3839437,3783811,240869,4080306,4024680,86.6508087757945,85.4695155372574,469
-7.6926,53.28823,2022/04/11 23:00:00+00,Tue 12 Apr 2022,196,177,0,3839633,3783988,240869,4080502,4024857,86.6549711005123,85.4732743713138,470
-7.6926,53.28823,2022/04/12 23:00:00+00,Wed 13 Apr 2022,144,232,0,3839777,3784220,240869,4080646,4025089,86.6580291349989,85.4782012046532,471
-7.6926,53.28823,2022/04/13 23:00:00+00,Thu 14 Apr 2022,360,429,0,3840137,3784649,240869,4081006,4025518,86.6656742212152,85.4873115990611,472
-7.6926,53.28823,2022/04/14 23:00:00+00,Fri 15 Apr 2022,446,990,0,3840583,3785639,240869,4081452,4026508,86.6751456335833,85.5083355861562,473
-7.6926,53.28823,2022/04/15 23:00:00+00,Sat 16 Apr 2022,42,88,0,3840625,3785727,240869,4081494,4026596,86.6760375603086,85.5102043850091,474
-7.6926,53.28823,2022/04/16 23:00:00+00,Sun 17 Apr 2022,1,0,0,3840626,3785727,240869,4081495,4026596,86.6760587966592,85.5102043850091,475
-7.6926,53.28823,2022/04/17 23:00:00+00,Mon 18 Apr 2022,36,61,1,3840662,3785788,240870,4081532,4026658,86.6768445416314,85.5115210387464,476
-7.6926,53.28823,2022/04/18 23:00:00+00,Tue 19 Apr 2022,218,269,1,3840880,3786057,240871,4081751,4026928,86.6814953024131,85.5172548534087,477
-7.6926,53.28823,2022/04/19 23:00:00+00,Wed 20 Apr 2022,250,606,0,3841130,3786663,240871,4082001,4027534,86.6868043900633,85.5301240818729,478
-7.6926,53.28823,2022/04/20 23:00:00+00,Thu 21 Apr 2022,171,236,0,3841301,3786899,240871,4082172,4027770,86.6904358060161,85.5351358606148,479
-7.6926,53.28823,2022/04/21 23:00:00+00,Fri 22 Apr 2022,196,254,0,3841497,3787153,240871,4082368,4028024,86.694598130734,85.5405298936675,480
-7.6926,53.28823,2022/04/22 23:00:00+00,Sat 23 Apr 2022,324,1010,0,3841821,3788163,240871,4082692,4029034,86.7014787083287,85.5619786077746,481
-7.6926,53.28823,2022/04/23 23:00:00+00,Sun 24 Apr 2022,181,253,0,3842002,3788416,240871,4082873,4029287,86.7053224877875,85.5673514044767,482
-7.6926,53.28823,2022/04/24 23:00:00+00,Mon 25 Apr 2022,42,58,1,3842044,3788474,240872,4082916,4029346,86.7062356508633,85.5686043491621,483
-7.6926,53.28823,2022/04/25 23:00:00+00,Tue 26 Apr 2022,145,238,0,3842189,3788712,240872,4083061,4029584,86.7093149217005,85.5736586006052,484
-7.6926,53.28823,2022/04/26 23:00:00+00,Wed 27 Apr 2022,122,208,0,3842311,3788920,240872,4083183,4029792,86.7119057564739,85.5780757615302,485
-7.6926,53.28823,2022/04/27 23:00:00+00,Thu 28 Apr 2022,103,130,0,3842414,3789050,240872,4083286,4029922,86.7140931005858,85.5808364871084,486
-7.6926,53.28823,2022/04/28 23:00:00+00,Fri 29 Apr 2022,171,222,0,3842585,3789272,240872,4083457,4030144,86.7177245165386,85.5855509569418,487
-7.6926,53.28823,2022/04/29 23:00:00+00,Sat 30 Apr 2022,281,723,0,3842866,3789995,240872,4083738,4030867,86.7236919310575,85.6009048384264,488
-7.6926,53.28823,2022/04/30 23:00:00+00,Sun 01 May 2022,187,746,0,3843053,3790741,240872,4083925,4031613,86.7276631286199,85.6167471559748,489
-7.6926,53.28823,2022/05/01 23:00:00+00,Mon 02 May 2022,13,26,0,3843066,3790767,240872,4083938,4031639,86.7279392011777,85.6172993010905,490
-7.6926,53.28823,2022/05/02 23:00:00+00,Tue 03 May 2022,101,117,0,3843167,3790884,240872,4084039,4031756,86.7300840725884,85.6197839541108,491
-7.6926,53.28823,2022/05/03 23:00:00+00,Wed 04 May 2022,116,128,0,3843283,3791012,240872,4084155,4031884,86.7325474892581,85.6225022069877,492
-7.6926,53.28823,2022/05/04 23:00:00+00,Thu 05 May 2022,117,164,0,3843400,3791176,240872,4084272,4032048,86.7350321422785,85.6259849684863,493
-7.6926,53.28823,2022/05/05 23:00:00+00,Fri 06 May 2022,140,257,0,3843540,3791433,240872,4084412,4032305,86.7380052313626,85.6314427105908,494
-7.6926,53.28823,2022/05/06 23:00:00+00,Sat 07 May 2022,441,1088,0,3843981,3792521,240872,4084853,4033393,86.7473704619777,85.6545478600448,495
-7.6926,53.28823,2022/05/07 23:00:00+00,Sun 08 May 2022,275,437,0,3844256,3792958,240872,4085128,4033830,86.753210458393,85.6638281452575,496
-7.6926,53.28823,2022/05/08 23:00:00+00,Mon 09 May 2022,27,32,0,3844283,3792990,240872,4085155,4033862,86.7537838398592,85.6645077084767,497
-7.6926,53.28823,2022/05/09 23:00:00+00,Tue 10 May 2022,86,98,1,3844369,3793088,240873,4085242,4033961,86.7556314023615,85.6666101071862,498
-7.6926,53.28823,2022/05/10 23:00:00+00,Wed 11 May 2022,123,132,0,3844492,3793220,240873,4085365,4034093,86.7582434734855,85.6694133054656,499
-7.6926,53.28823,2022/05/11 23:00:00+00,Thu 12 May 2022,247,396,0,3844739,3793616,240873,4085612,4034489,86.7634888520839,85.6778229003036,500
-7.6926,53.28823,2022/05/12 23:00:00+00,Fri 13 May 2022,182,326,0,3844921,3793942,240873,4085794,4034815,86.7673538678933,85.6847459505996,501
-7.6926,53.28823,2022/05/13 23:00:00+00,Sat 14 May 2022,333,632,0,3845254,3794574,240873,4086127,4035447,86.7744255726435,85.6981673241795,502
-7.6926,53.28823,2022/05/14 23:00:00+00,Sun 15 May 2022,169,254,0,3845423,3794828,240873,4086296,4035701,86.7780145158951,85.7035613572322,503
-7.6926,53.28823,2022/05/15 23:00:00+00,Mon 16 May 2022,31,40,0,3845454,3794868,240873,4086327,4035741,86.7786728427637,85.7044108112562,504
-7.6926,53.28823,2022/05/16 23:00:00+00,Tue 17 May 2022,97,96,0,3845551,3794964,240873,4086424,4035837,86.780732768772,85.7064495009139,505
-7.6926,53.28823,2022/05/17 23:00:00+00,Wed 18 May 2022,103,121,0,3845654,3795085,240873,4086527,4035958,86.7829201128839,85.7090190993366,506
-7.6926,53.28823,2022/05/18 23:00:00+00,Thu 19 May 2022,100,104,0,3845754,3795189,240873,4086627,4036062,86.7850437479441,85.7112276797992,507
-7.6926,53.28823,2022/05/19 23:00:00+00,Fri 20 May 2022,127,208,0,3845881,3795397,240873,4086754,4036270,86.7877407644704,85.7156448407242,508
-7.6926,53.28823,2022/05/20 23:00:00+00,Sat 21 May 2022,393,761,0,3846274,3796158,240873,4087147,4037031,86.7960866502566,85.7318057035316,509
-7.6926,53.28823,2022/05/21 23:00:00+00,Sun 22 May 2022,234,409,0,3846508,3796567,240873,4087381,4037440,86.8010559562973,85.7404913709275,510
-7.6926,53.28823,2022/05/22 23:00:00+00,Mon 23 May 2022,30,35,0,3846538,3796602,240873,4087411,4037475,86.8016930468153,85.7412346431985,511
-7.6926,53.28823,2022/05/23 23:00:00+00,Tue 24 May 2022,77,83,0,3846615,3796685,240873,4087488,4037558,86.8033282458116,85.7429972602984,512
-7.6926,53.28823,2022/05/24 23:00:00+00,Wed 25 May 2022,88,134,0,3846703,3796819,240873,4087576,4037692,86.8051970446645,85.745842931279,513
-7.6926,53.28823,2022/05/25 23:00:00+00,Thu 26 May 2022,135,155,0,3846838,3796974,240873,4087711,4037847,86.8080639519956,85.7491345656221,514
-7.6926,53.28823,2022/05/26 23:00:00+00,Fri 27 May 2022,98,151,0,3846936,3797125,240873,4087809,4037998,86.8101451143546,85.7523412545629,515
-7.6926,53.28823,2022/05/27 23:00:00+00,Sat 28 May 2022,335,578,0,3847271,3797703,240873,4088144,4038576,86.8172592918059,85.7646158652103,516
-7.6926,53.28823,2022/05/28 23:00:00+00,Sun 29 May 2022,181,348,0,3847452,3798051,240873,4088325,4038924,86.8211030712647,85.7720061152195,517
-7.6926,53.28823,2022/05/29 23:00:00+00,Mon 30 May 2022,11,21,0,3847463,3798072,240873,4088336,4038945,86.8213366711213,85.7724520785821,518
-7.6926,53.28823,2022/05/30 23:00:00+00,Tue 31 May 2022,66,79,1,3847529,3798151,240874,4088403,4039025,86.8227595066116,85.7741509866302,519
-7.6926,53.28823,2022/05/31 23:00:00+00,Wed 01 Jun 2022,72,100,0,3847601,3798251,240874,4088475,4039125,86.8242885238549,85.7762746216903,520
-7.6926,53.28823,2022/06/01 23:00:00+00,Thu 02 Jun 2022,120,138,0,3847721,3798389,240874,4088595,4039263,86.826836885927,85.7792052380733,521
-7.6926,53.28823,2022/06/02 23:00:00+00,Fri 03 Jun 2022,63,144,0,3847784,3798533,240874,4088658,4039407,86.8281747760149,85.7822632725599,522
-7.6926,53.28823,2022/06/03 23:00:00+00,Sat 04 Jun 2022,307,606,0,3848091,3799139,240874,4088965,4040013,86.8346943356494,85.7951325010241,523
-7.6926,53.28823,2022/06/04 23:00:00+00,Sun 05 Jun 2022,142,273,0,3848233,3799412,240874,4089107,4040286,86.8377098974348,85.8009300247382,524
-7.6926,53.28823,2022/06/05 23:00:00+00,Mon 06 Jun 2022,3,6,0,3848236,3799418,240874,4089110,4040292,86.8377736064866,85.8010574428418,525
-7.6926,53.28823,2022/06/06 23:00:00+00,Tue 07 Jun 2022,29,50,0,3848265,3799468,240874,4089139,4040342,86.838389460654,85.8021192603719,526
-7.6926,53.28823,2022/06/07 23:00:00+00,Wed 08 Jun 2022,41,76,0,3848306,3799544,240874,4089180,4040418,86.8392601510287,85.8037332230176,527
-7.6926,53.28823,2022/06/08 23:00:00+00,Thu 09 Jun 2022,82,123,0,3848388,3799667,240874,4089262,4040541,86.841001531778,85.8063452941415,528
-7.6926,53.28823,2022/06/09 23:00:00+00,Fri 10 Jun 2022,55,108,0,3848443,3799775,240874,4089317,4040649,86.842169531061,85.8086388200064,529
-7.6926,53.28823,2022/06/10 23:00:00+00,Sat 11 Jun 2022,191,560,0,3848634,3800335,240874,4089508,4041209,86.8462256740258,85.820531176343,530
-7.6926,53.28823,2022/06/11 23:00:00+00,Sun 12 Jun 2022,143,287,0,3848777,3800622,240874,4089651,4041496,86.8492624721618,85.8266260089656,531
-7.6926,53.28823,2022/06/12 23:00:00+00,Mon 13 Jun 2022,19,44,0,3848796,3800666,240874,4089670,4041540,86.8496659628232,85.827560408392,532
-7.6926,53.28823,2022/06/13 23:00:00+00,Tue 14 Jun 2022,39,54,0,3848835,3800720,240874,4089709,4041594,86.8504941804967,85.8287071713245,533
-7.6926,53.28823,2022/06/14 23:00:00+00,Wed 15 Jun 2022,70,122,0,3848905,3800842,240874,4089779,4041716,86.8519807250387,85.8312980060978,534
-7.6926,53.28823,2022/06/15 23:00:00+00,Thu 16 Jun 2022,82,85,0,3848987,3800927,240874,4089861,4041801,86.853722105788,85.8331030958989,535
-7.6926,53.28823,2022/06/16 23:00:00+00,Fri 17 Jun 2022,60,94,0,3849047,3801021,240874,4089921,4041895,86.8549962868241,85.8350993128554,536
-7.6926,53.28823,2022/06/17 23:00:00+00,Sat 18 Jun 2022,223,487,0,3849270,3801508,240874,4090144,4042382,86.8597319930082,85.8454414155981,537
-7.6926,53.28823,2022/06/18 23:00:00+00,Sun 19 Jun 2022,80,129,0,3849350,3801637,240874,4090224,4042511,86.8614309010562,85.8481809048257,538
-7.6926,53.28823,2022/06/19 23:00:00+00,Mon 20 Jun 2022,8,27,0,3849358,3801664,240874,4090232,4042538,86.861600791861,85.8487542862919,539
-7.6926,53.28823,2022/06/20 23:00:00+00,Tue 21 Jun 2022,79,168,1,3849437,3801832,240875,4090312,4042707,86.8632996999091,85.8523432295435,540
-7.6926,53.28823,2022/06/21 23:00:00+00,Wed 22 Jun 2022,59,94,0,3849496,3801926,240875,4090371,4042801,86.8645526445946,85.8543394465,541
-7.6926,53.28823,2022/06/22 23:00:00+00,Thu 23 Jun 2022,64,113,0,3849560,3802039,240875,4090435,4042914,86.8659117710331,85.8567391541179,542
-7.6926,53.28823,2022/06/23 23:00:00+00,Fri 24 Jun 2022,56,90,1,3849616,3802129,240876,4090492,4043005,86.8671222430173,85.8586716620226,543
-7.6926,53.28823,2022/06/24 23:00:00+00,Sat 25 Jun 2022,209,292,0,3849825,3802421,240876,4090701,4043297,86.871560640293,85.8648726763982,544
-7.6926,53.28823,2022/06/25 23:00:00+00,Sun 26 Jun 2022,174,403,0,3849999,3802824,240876,4090875,4043700,86.8752557652976,85.8734309256904,545
-7.6926,53.28823,2022/06/26 23:00:00+00,Mon 27 Jun 2022,2,33,0,3850001,3802857,240876,4090877,4043733,86.8752982379987,85.8741317252602,546
-7.6926,53.28823,2022/06/27 23:00:00+00,Tue 28 Jun 2022,47,60,0,3850048,3802917,240876,4090924,4043793,86.876296346477,85.8754059062963,547
-7.6926,53.28823,2022/06/28 23:00:00+00,Wed 29 Jun 2022,66,81,3,3850114,3802998,240879,4090993,4043877,86.8777616546685,85.8771897597468,548
-7.6926,53.28823,2022/06/29 23:00:00+00,Thu 30 Jun 2022,70,87,0,3850184,3803085,240879,4091063,4043964,86.8792481992106,85.8790373222491,549
-7.6926,53.28823,2022/06/30 23:00:00+00,Fri 01 Jul 2022,49,62,0,3850233,3803147,240879,4091112,4044026,86.88028878039,85.8803539759864,550
-7.6926,53.28823,2022/07/01 23:00:00+00,Sat 02 Jul 2022,182,227,0,3850415,3803374,240879,4091294,4044253,86.8841537961994,85.8851746275728,551
-7.6926,53.28823,2022/07/02 23:00:00+00,Sun 03 Jul 2022,108,272,0,3850523,3803646,240879,4091402,4044525,86.8864473220643,85.8909509149363,552
-7.6926,53.28823,2022/07/03 23:00:00+00,Mon 04 Jul 2022,14,14,0,3850537,3803660,240879,4091416,4044539,86.8867446309727,85.8912482238447,553
-7.6926,53.28823,2022/07/04 23:00:00+00,Tue 05 Jul 2022,53,68,0,3850590,3803728,240879,4091469,4044607,86.8878701575546,85.8926922956856,554
-7.6926,53.28823,2022/07/05 23:00:00+00,Wed 06 Jul 2022,63,82,0,3850653,3803810,240879,4091532,4044689,86.8892080476425,85.8944336764349,555
-7.6926,53.28823,2022/07/06 23:00:00+00,Thu 07 Jul 2022,76,73,0,3850729,3803883,240879,4091608,4044762,86.8908220102882,85.8959839300288,556
-7.6926,53.28823,2022/07/07 23:00:00+00,Fri 08 Jul 2022,101,88,0,3850830,3803971,240879,4091709,4044850,86.8929668816989,85.8978527288817,557
-7.6926,53.28823,2022/07/08 23:00:00+00,Sat 09 Jul 2022,120,141,0,3850950,3804112,240879,4091829,4044991,86.895515243771,85.9008470543164,558
-7.6926,53.28823,2022/07/09 23:00:00+00,Sun 10 Jul 2022,131,219,0,3851081,3804331,240879,4091960,4045210,86.8982972056997,85.9054978150981,559
-7.6926,53.28823,2022/07/10 23:00:00+00,Mon 11 Jul 2022,9,13,0,3851090,3804344,240879,4091969,4045223,86.8984883328552,85.9057738876559,560
-7.6926,53.28823,2022/07/11 23:00:00+00,Tue 12 Jul 2022,42,80,0,3851132,3804424,240879,4092011,4045303,86.8993802595804,85.907472795704,561
-7.6926,53.28823,2022/07/12 23:00:00+00,Wed 13 Jul 2022,99,73,0,3851231,3804497,240879,4092110,4045376,86.9014826582899,85.9090230492978,562
-7.6926,53.28823,2022/07/13 23:00:00+00,Thu 14 Jul 2022,52,39,0,3851283,3804536,240879,4092162,4045415,86.9025869485212,85.9098512669713,563
-7.6926,53.28823,2022/07/14 23:00:00+00,Fri 15 Jul 2022,78,112,1,3851361,3804648,240880,4092241,4045528,86.9042646202187,85.9122509745892,564
-7.6926,53.28823,2022/07/15 23:00:00+00,Sat 16 Jul 2022,124,209,0,3851485,3804857,240880,4092365,4045737,86.9068979276932,85.9166893718648,565
-7.6926,53.28823,2022/07/16 23:00:00+00,Sun 17 Jul 2022,119,165,0,3851604,3805022,240880,4092484,4045902,86.9094250534147,85.920193369714,566
-7.6926,53.28823,2022/07/17 23:00:00+00,Mon 18 Jul 2022,10,17,0,3851614,3805039,240880,4092494,4045919,86.9096374169207,85.9205543876743,567
-7.6926,53.28823,2022/07/18 23:00:00+00,Tue 19 Jul 2022,28,33,0,3851642,3805072,240880,4092522,4045952,86.9102320347376,85.9212551872441,568
-7.6926,53.28823,2022/07/19 23:00:00+00,Wed 20 Jul 2022,73,63,0,3851715,3805135,240880,4092595,4046015,86.9117822883315,85.922593077332,569
-7.6926,53.28823,2022/07/20 23:00:00+00,Thu 21 Jul 2022,47,27,0,3851762,3805162,240880,4092642,4046042,86.9127803968097,85.9231664587982,570
-7.6926,53.28823,2022/07/21 23:00:00+00,Fri 22 Jul 2022,70,67,0,3851832,3805229,240880,4092712,4046109,86.9142669413518,85.9245892942885,571
-7.6926,53.28823,2022/07/22 23:00:00+00,Sat 23 Jul 2022,98,173,0,3851930,3805402,240880,4092810,4046282,86.9163481037107,85.9282631829425,572
-7.6926,53.28823,2022/07/23 23:00:00+00,Sun 24 Jul 2022,106,232,0,3852036,3805634,240880,4092916,4046514,86.9185991568744,85.9331900162819,573
-7.6926,53.28823,2022/07/24 23:00:00+00,Mon 25 Jul 2022,12,21,0,3852048,3805655,240880,4092928,4046535,86.9188539930816,85.9336359796445,574
-7.6926,53.28823,2022/07/25 23:00:00+00,Tue 26 Jul 2022,15,14,0,3852063,3805669,240880,4092943,4046549,86.9191725383406,85.933933288553,575
-7.6926,53.28823,2022/07/26 23:00:00+00,Wed 27 Jul 2022,58,68,1,3852121,3805737,240881,4093002,4046618,86.9204254830261,85.9353985967444,576
-7.6926,53.28823,2022/07/27 23:00:00+00,Thu 28 Jul 2022,20,51,0,3852141,3805788,240881,4093022,4046669,86.9208502100381,85.9364816506251,577
-7.6926,53.28823,2022/07/28 23:00:00+00,Fri 29 Jul 2022,50,81,0,3852191,3805869,240881,4093072,4046750,86.9219120275682,85.9382017950238,578
-7.6926,53.28823,2022/07/29 23:00:00+00,Sat 30 Jul 2022,96,108,0,3852287,3805977,240881,4093168,4046858,86.9239507172259,85.9404953208887,579
-7.6926,53.28823,2022/07/30 23:00:00+00,Sun 31 Jul 2022,31,57,0,3852318,3806034,240881,4093199,4046915,86.9246090440945,85.941705792873,580
-7.6926,53.28823,2022/07/31 23:00:00+00,Mon 01 Aug 2022,9,13,0,3852327,3806047,240881,4093208,4046928,86.9248001712499,85.9419818654308,581
-7.6926,53.28823,2022/08/01 23:00:00+00,Tue 02 Aug 2022,21,20,0,3852348,3806067,240881,4093229,4046948,86.9252461346126,85.9424065924428,582
-7.6926,53.28823,2022/08/02 23:00:00+00,Wed 03 Aug 2022,79,130,0,3852427,3806197,240881,4093308,4047078,86.92692380631,85.9451673180209,583
-7.6926,53.28823,2022/08/03 23:00:00+00,Thu 04 Aug 2022,24,31,0,3852451,3806228,240881,4093332,4047109,86.9274334787245,85.9458256448896,584
-7.6926,53.28823,2022/08/04 23:00:00+00,Fri 05 Aug 2022,87,72,0,3852538,3806300,240881,4093419,4047181,86.9292810412268,85.9473546621329,585
-7.6926,53.28823,2022/08/05 23:00:00+00,Sat 06 Aug 2022,65,121,0,3852603,3806421,240881,4093484,4047302,86.9306614040158,85.9499242605556,586
-7.6926,53.28823,2022/08/06 23:00:00+00,Sun 07 Aug 2022,27,80,0,3852630,3806501,240881,4093511,4047382,86.9312347854821,85.9516231686037,587
-7.6926,53.28823,2022/08/07 23:00:00+00,Mon 08 Aug 2022,1,1,0,3852631,3806502,240881,4093512,4047383,86.9312560218327,85.9516444049543,588
-7.6926,53.28823,2022/08/08 23:00:00+00,Tue 09 Aug 2022,33,21,0,3852664,3806523,240881,4093545,4047404,86.9319568214025,85.9520903683169,589
