X,Y,VaccinationDate,VaccineText,Dose1,Dose2,SingleDose,Dose1Cum,Dose2Cum,SingleDoseCum,PartiallyVacc,FullyVacc,PartialPercent,FullyPercent,ObjectId
-7.6926,53.28823,2021/04/17 23:00:00+00,Sun 18 Apr 2021,984,430,0,891014,376668,32,891046,376700,21.0748119566302,8.90962045064184,1
-7.6926,53.28823,2021/04/18 23:00:00+00,Mon 19 Apr 2021,6615,2173,0,897629,378841,32,897661,378873,21.2312683922049,8.96101573930455,2
-7.6926,53.28823,2021/04/19 23:00:00+00,Tue 20 Apr 2021,14915,7220,0,912544,386061,32,912576,386093,21.584034489952,9.13178149362798,3
-7.6926,53.28823,2021/04/20 23:00:00+00,Wed 21 Apr 2021,26517,9761,0,939061,395822,32,939093,395854,22.2112083829429,9.36264638669598,4
-7.6926,53.28823,2021/04/21 23:00:00+00,Thu 22 Apr 2021,31444,12078,0,970505,407900,32,970537,407932,22.9549145296113,9.64831242280655,5
-7.6926,53.28823,2021/04/22 23:00:00+00,Fri 23 Apr 2021,33407,12290,0,1003912,420190,32,1003944,420222,23.7450490939718,9.9389926334208,6
-7.6926,53.28823,2021/04/23 23:00:00+00,Sat 24 Apr 2021,23523,6926,0,1027435,427116,32,1027467,427148,24.3014095979815,10.1028047683853,7
-7.6926,53.28823,2021/04/24 23:00:00+00,Sun 25 Apr 2021,9652,240,0,1037087,427356,32,1037119,427388,24.529696448498,10.1084811923518,8
-7.6926,53.28823,2021/04/25 23:00:00+00,Mon 26 Apr 2021,15429,2939,0,1052516,430295,32,1052548,430327,24.8946195542399,10.177993734174,9
-7.6926,53.28823,2021/04/26 23:00:00+00,Tue 27 Apr 2021,25738,7710,1,1078254,438005,33,1078287,438038,25.5033923728729,10.3603725058621,10
-7.6926,53.28823,2021/04/27 23:00:00+00,Wed 28 Apr 2021,25873,8492,1,1104127,446497,34,1104161,446531,26.1153581799871,10.5612469589741,11
-7.6926,53.28823,2021/04/28 23:00:00+00,Thu 29 Apr 2021,31529,11229,0,1135656,457726,34,1135690,457760,26.8610747268103,10.8268326453034,12
-7.6926,53.28823,2021/04/29 23:00:00+00,Fri 30 Apr 2021,35921,13437,0,1171577,471163,34,1171611,471197,27.7106698322191,11.1446414321239,13
-7.6926,53.28823,2021/04/30 23:00:00+00,Sat 01 May 2021,16380,6591,0,1187957,477754,34,1187991,477788,28.0980857679279,11.300530225302,14
-7.6926,53.28823,2021/05/01 23:00:00+00,Sun 02 May 2021,12307,859,1,1200264,478613,35,1200299,478648,28.3891917103397,11.320870744515,15
-7.6926,53.28823,2021/05/02 23:00:00+00,Mon 03 May 2021,14099,843,1,1214363,479456,36,1214399,479492,28.7226816183674,11.3408328354636,16
-7.6926,53.28823,2021/05/03 23:00:00+00,Tue 04 May 2021,26442,6689,1,1240805,486145,37,1240842,486182,29.3481052806353,11.4990631535279,17
-7.6926,53.28823,2021/05/04 23:00:00+00,Wed 05 May 2021,31852,13315,61,1272657,499460,98,1272755,499558,30.1029041058048,11.8154291825902,18
-7.6926,53.28823,2021/05/05 23:00:00+00,Thu 06 May 2021,37060,14257,119,1309717,513717,217,1309934,513934,30.9822531335043,12.1554469781794,19
-7.6926,53.28823,2021/05/06 23:00:00+00,Fri 07 May 2021,40327,14946,81,1350044,528663,298,1350342,528961,31.9379737153188,12.5108620737774,20
-7.6926,53.28823,2021/05/07 23:00:00+00,Sat 08 May 2021,25392,6955,2,1375436,535618,300,1375736,535918,32.5385866745001,12.6754074135043,21
-7.6926,53.28823,2021/05/08 23:00:00+00,Sun 09 May 2021,19542,864,0,1394978,536482,300,1395278,536782,33.0007894959667,12.6958425397835,22
-7.6926,53.28823,2021/05/09 23:00:00+00,Mon 10 May 2021,28593,4526,154,1423571,541008,454,1424025,541462,33.6807068283123,12.8065328071288,23
-7.6926,53.28823,2021/05/10 23:00:00+00,Tue 11 May 2021,34107,14705,142,1457678,555713,596,1458274,556309,34.4907561800883,13.1576905847521,24
-7.6926,53.28823,2021/05/11 23:00:00+00,Wed 12 May 2021,31027,20802,141,1488705,576515,737,1489442,577252,35.2279344391953,13.6530295311227,25
-7.6926,53.28823,2021/05/12 23:00:00+00,Thu 13 May 2021,35760,25360,132,1524465,601875,869,1525334,602744,36.0768436433749,14.2559603634236,26
-7.6926,53.28823,2021/05/13 23:00:00+00,Fri 14 May 2021,37966,27845,220,1562431,629720,1089,1563520,630809,36.9800099999669,14.9197471909979,27
-7.6926,53.28823,2021/05/14 23:00:00+00,Sat 15 May 2021,28612,12335,0,1591043,642055,1089,1592132,643144,37.6567343438314,15.2114917311059,28
-7.6926,53.28823,2021/05/15 23:00:00+00,Sun 16 May 2021,23007,1106,0,1614050,643161,1089,1615139,644250,38.2008905363133,15.2376505848845,29
-7.6926,53.28823,2021/05/16 23:00:00+00,Mon 17 May 2021,35171,3851,100,1649221,647012,1189,1650410,648201,39.0351119934797,15.3310987144319,30
-7.6926,53.28823,2021/05/17 23:00:00+00,Tue 18 May 2021,38786,12353,108,1688007,659365,1297,1689304,660662,39.9550238007727,15.6258233771222,31
-7.6926,53.28823,2021/05/18 23:00:00+00,Wed 19 May 2021,36756,17467,193,1724763,676832,1490,1726253,678322,40.828932922171,16.0435135739853,32
-7.6926,53.28823,2021/05/19 23:00:00+00,Thu 20 May 2021,38802,19507,107,1763565,696339,1597,1765162,697936,41.7491995059619,16.5074193226418,33
-7.6926,53.28823,2021/05/20 23:00:00+00,Fri 21 May 2021,25569,23063,14908,1789134,719402,16505,1805639,735907,42.7065520596668,17.4055005494305,34
-7.6926,53.28823,2021/05/21 23:00:00+00,Sat 22 May 2021,16372,10139,13489,1805506,729541,29994,1835500,759535,43.4128174599233,17.9643444889255,35
-7.6926,53.28823,2021/05/22 23:00:00+00,Sun 23 May 2021,8058,5466,10189,1813564,735007,40183,1853747,775190,43.8443912437376,18.3346128939024,36
-7.6926,53.28823,2021/05/23 23:00:00+00,Mon 24 May 2021,22298,8081,8425,1835862,743088,48608,1884470,791696,44.5710444667402,18.7250089521936,37
-7.6926,53.28823,2021/05/24 23:00:00+00,Tue 25 May 2021,30046,16344,3205,1865908,759432,51813,1917721,811245,45.3574893555225,19.1873773360259,38
-7.6926,53.28823,2021/05/25 23:00:00+00,Wed 26 May 2021,19662,25278,3026,1885570,784710,54839,1940409,839549,45.8941006344823,19.8568169358001,39
-7.6926,53.28823,2021/05/26 23:00:00+00,Thu 27 May 2021,16718,35831,539,1902288,820541,55378,1957666,875919,46.3022591694351,20.7170316843795,40
-7.6926,53.28823,2021/05/27 23:00:00+00,Fri 28 May 2021,26745,31690,1513,1929033,852231,56891,1985924,909122,46.9706107879491,21.5023412883685,41
-7.6926,53.28823,2021/05/28 23:00:00+00,Sat 29 May 2021,24245,7293,493,1953278,859524,57384,2010662,916908,47.5557081882889,21.6864939425461,42
-7.6926,53.28823,2021/05/29 23:00:00+00,Sun 30 May 2021,24071,1600,182,1977349,861124,57566,2034915,918690,48.1293344818631,21.7286413904968,43
-7.6926,53.28823,2021/05/30 23:00:00+00,Mon 31 May 2021,22268,7201,3409,1999617,868325,60975,2060592,929300,48.7366408909715,21.9795866333461,44
-7.6926,53.28823,2021/05/31 23:00:00+00,Tue 01 Jun 2021,27155,11336,3617,2026772,879661,64592,2091364,944253,49.4644530505339,22.3332514982212,45
-7.6926,53.28823,2021/06/01 23:00:00+00,Wed 02 Jun 2021,18356,20736,3970,2045128,900397,68562,2113690,968959,49.992502390011,22.917592042032,46
-7.6926,53.28823,2021/06/02 23:00:00+00,Thu 03 Jun 2021,16414,30528,1951,2061542,930925,70513,2132055,1001438,50.4268670822755,23.6857777670556,47
-7.6926,53.28823,2021/06/03 23:00:00+00,Fri 04 Jun 2021,28719,23151,111,2090261,954076,70624,2160885,1024700,51.1087475112429,24.2359651600018,48
-7.6926,53.28823,2021/06/04 23:00:00+00,Sat 05 Jun 2021,20679,11343,1,2110940,965419,70625,2181565,1036044,51.5978660430169,24.5042707994817,49
-7.6926,53.28823,2021/06/05 23:00:00+00,Sun 06 Jun 2021,19733,3790,7,2130673,969209,70632,2201305,1039841,52.0647519142557,24.594076556984,50
-7.6926,53.28823,2021/06/06 23:00:00+00,Mon 07 Jun 2021,19526,4384,0,2150199,973593,70632,2220831,1044225,52.5265763074578,24.6977659014374,51
-7.6926,53.28823,2021/06/07 23:00:00+00,Tue 08 Jun 2021,26256,18321,10,2176455,991914,70642,2247097,1062556,53.1478136070505,25.13132643364,52
-7.6926,53.28823,2021/06/08 23:00:00+00,Wed 09 Jun 2021,32573,19890,141,2209028,1011804,70783,2279811,1082587,53.9215574972079,25.6050949689381,53
-7.6926,53.28823,2021/06/09 23:00:00+00,Thu 10 Jun 2021,27402,27282,234,2236430,1039086,71017,2307447,1110103,54.5751977169423,26.2558969766893,54
-7.6926,53.28823,2021/06/10 23:00:00+00,Fri 11 Jun 2021,26182,32692,0,2262612,1071778,71017,2333629,1142795,55.1944482681467,27.0291205279831,55
-7.6926,53.28823,2021/06/11 23:00:00+00,Sat 12 Jun 2021,11944,19527,75,2274556,1091305,71092,2345648,1162397,55.4787188500322,27.4927424554413,56
-7.6926,53.28823,2021/06/12 23:00:00+00,Sun 13 Jun 2021,8396,18052,807,2282952,1109357,71899,2354851,1181256,55.6963860573782,27.93879112037,57
-7.6926,53.28823,2021/06/13 23:00:00+00,Mon 14 Jun 2021,15768,31064,9,2298720,1140421,71908,2370628,1212329,56.0695399778714,28.6737224616569,58
-7.6926,53.28823,2021/06/14 23:00:00+00,Tue 15 Jun 2021,14413,41260,175,2313133,1181681,72083,2385216,1253764,56.4145719479642,29.6537334076945,59
-7.6926,53.28823,2021/06/15 23:00:00+00,Wed 16 Jun 2021,13147,48067,190,2326280,1229748,72273,2398553,1302021,56.730015558132,30.7950967049778,60
-7.6926,53.28823,2021/06/16 23:00:00+00,Thu 17 Jun 2021,21268,42371,497,2347548,1272119,72770,2420318,1344889,57.2447962565876,31.8090006324482,61
-7.6926,53.28823,2021/06/17 23:00:00+00,Fri 18 Jun 2021,11793,49775,521,2359341,1321894,73291,2432632,1395185,57.5360441095985,32.9985898816797,62
-7.6926,53.28823,2021/06/18 23:00:00+00,Sat 19 Jun 2021,6068,32588,400,2365409,1354482,73691,2439100,1428173,57.6890237354938,33.7788143558654,63
-7.6926,53.28823,2021/06/19 23:00:00+00,Sun 20 Jun 2021,8339,25997,158,2373748,1380479,73849,2447597,1454328,57.8899927956719,34.3974263093736,64
-7.6926,53.28823,2021/06/20 23:00:00+00,Mon 21 Jun 2021,15211,32086,532,2388959,1412565,74381,2463340,1486946,58.2623425561032,35.1688996299445,65
-7.6926,53.28823,2021/06/21 23:00:00+00,Tue 22 Jun 2021,14878,43287,686,2403837,1455852,75067,2478904,1530919,58.6304586503261,36.208938759427,66
-7.6926,53.28823,2021/08/06 23:00:00+00,Sat 07 Aug 2021,6251,8196,559,3223971,2717420,224114,3448085,2941534,81.5533013845271,69.5724753986151,67
-7.6926,53.28823,2021/06/22 23:00:00+00,Wed 23 Jun 2021,19794,39090,846,2423631,1494942,75913,2499544,1570855,59.1186311114391,37.1534957074409,68
-7.6926,53.28823,2021/06/23 23:00:00+00,Thu 24 Jun 2021,18781,43974,998,2442412,1538916,76911,2519323,1615827,59.5864394015725,38.2171629516837,69
-7.6926,53.28823,2021/06/24 23:00:00+00,Fri 25 Jun 2021,14923,49849,783,2457335,1588765,77694,2535029,1666459,59.9579140466422,39.4146991944681,70
-7.6926,53.28823,2021/06/25 23:00:00+00,Sat 26 Jun 2021,8799,30288,451,2466134,1619053,78145,2544279,1697198,60.176692887015,40.1417308457351,71
-7.6926,53.28823,2021/06/26 23:00:00+00,Sun 27 Jun 2021,8565,30268,31,2474699,1649321,78176,2552875,1727497,60.3800034720793,40.8583557197303,72
-7.6926,53.28823,2021/06/27 23:00:00+00,Mon 28 Jun 2021,23989,24357,448,2498688,1673678,78624,2577312,1752302,60.9579816906945,41.4450377884274,73
-7.6926,53.28823,2021/06/28 23:00:00+00,Tue 29 Jun 2021,27857,30689,754,2526545,1704367,79378,2605923,1783745,61.6346823827925,42.1887202833292,74
-7.6926,53.28823,2021/06/29 23:00:00+00,Wed 30 Jun 2021,22251,36492,528,2548796,1740859,79906,2628702,1820765,62.1734459725062,43.064308680151,75
-7.6926,53.28823,2021/06/30 23:00:00+00,Thu 01 Jul 2021,14579,48030,581,2563375,1788889,80487,2643862,1869376,62.5320067530524,44.2140447027848,76
-7.6926,53.28823,2021/07/01 23:00:00+00,Fri 02 Jul 2021,13338,46933,767,2576713,1835822,81254,2657967,1917076,62.8656149199128,45.3422339661127,77
-7.6926,53.28823,2021/07/02 23:00:00+00,Sat 03 Jul 2021,9095,30154,455,2585808,1865976,81709,2667517,1947685,63.0914892902436,46.0661908877312,78
-7.6926,53.28823,2021/07/03 23:00:00+00,Sun 04 Jul 2021,6278,27626,196,2592086,1893602,81905,2673991,1975507,63.244610826738,46.7242303360396,79
-7.6926,53.28823,2021/07/04 23:00:00+00,Mon 05 Jul 2021,15228,33052,5302,2607314,1926654,87207,2694521,2013861,63.730181593533,47.6313701894081,80
-7.6926,53.28823,2021/07/05 23:00:00+00,Tue 06 Jul 2021,12111,48062,5433,2619425,1974716,92640,2712065,2067356,64.1451281854791,48.8966214397587,81
-7.6926,53.28823,2021/07/06 23:00:00+00,Wed 07 Jul 2021,19414,43389,4987,2638839,2018105,97627,2736466,2115732,64.7222549404992,50.0407992972587,82
-7.6926,53.28823,2021/07/07 23:00:00+00,Thu 08 Jul 2021,17525,45276,5941,2656364,2063381,103568,2759932,2166949,65.2772672938169,51.2521718234613,83
-7.6926,53.28823,2021/07/08 23:00:00+00,Fri 09 Jul 2021,13281,44772,6491,2669645,2108153,110059,2779704,2218212,65.7449100215846,52.4646323309242,84
-7.6926,53.28823,2021/07/09 23:00:00+00,Sat 10 Jul 2021,8415,23564,4316,2678060,2131717,114375,2792435,2246092,66.0460206612372,53.1240435816911,85
-7.6926,53.28823,2021/07/10 23:00:00+00,Sun 11 Jul 2021,15094,15936,2128,2693154,2147653,116503,2809657,2264156,66.4533513843616,53.551289092231,86
-7.6926,53.28823,2021/07/11 23:00:00+00,Mon 12 Jul 2021,16917,31405,6034,2710071,2179058,122537,2832608,2301595,66.9961830779179,54.4367875792275,87
-7.6926,53.28823,2021/07/12 23:00:00+00,Tue 13 Jul 2021,19883,36192,8443,2729954,2215250,130980,2860934,2346230,67.6661430165558,55.4924841781508,88
-7.6926,53.28823,2021/07/13 23:00:00+00,Wed 14 Jul 2021,20579,35312,9279,2750533,2250562,140259,2890792,2390821,68.3723374615127,56.5471400993469,89
-7.6926,53.28823,2021/07/14 23:00:00+00,Thu 15 Jul 2021,23383,28448,9521,2773916,2279010,149780,2923696,2428790,69.1505751873102,57.4451740226026,90
-7.6926,53.28823,2021/07/15 23:00:00+00,Fri 16 Jul 2021,23331,27017,9112,2797247,2306027,158892,2956139,2464919,69.9179094487388,58.299688695449,91
-7.6926,53.28823,2021/07/16 23:00:00+00,Sat 17 Jul 2021,11354,19118,4629,2808601,2325145,163521,2972122,2488666,70.2959356331365,58.8613471951607,92
-7.6926,53.28823,2021/07/17 23:00:00+00,Sun 18 Jul 2021,16737,15593,1907,2825338,2340738,165428,2990766,2506166,70.736899168262,59.2752531093795,93
-7.6926,53.28823,2021/07/18 23:00:00+00,Mon 19 Jul 2021,24659,18057,6188,2849997,2358795,171616,3021613,2530411,71.4664852103139,59.8486901888215,94
-7.6926,53.28823,2021/07/19 23:00:00+00,Tue 20 Jul 2021,30374,17752,7651,2880371,2376547,179267,3059638,2555814,72.3658436324951,60.4495160139016,95
-7.6926,53.28823,2021/07/20 23:00:00+00,Wed 21 Jul 2021,30094,19460,6830,2910465,2396007,186097,3096562,2582104,73.2391614597303,61.0713209558909,96
-7.6926,53.28823,2021/07/21 23:00:00+00,Thu 22 Jul 2021,33322,15548,6873,2943787,2411555,192970,3136757,2604525,74.1898442152746,61.601617213188,97
-7.6926,53.28823,2021/07/22 23:00:00+00,Fri 23 Jul 2021,26904,20443,5545,2970691,2431998,198515,3169206,2630513,74.9573203873024,62.2162793216863,98
-7.6926,53.28823,2021/07/23 23:00:00+00,Sat 24 Jul 2021,15306,14492,2231,2985997,2446490,200746,3186743,2647236,75.3721014168827,62.6118078133138,99
-7.6926,53.28823,2021/07/24 23:00:00+00,Sun 25 Jul 2021,14625,13453,1016,3000622,2459943,201762,3202384,2661705,75.7420386971283,62.9540252231899,100
-7.6926,53.28823,2021/07/25 23:00:00+00,Mon 26 Jul 2021,23670,17812,3370,3024292,2477755,205132,3229424,2682887,76.3815824640127,63.4550169417604,101
-7.6926,53.28823,2021/07/26 23:00:00+00,Tue 27 Jul 2021,25291,23440,3606,3049583,2501195,208738,3258321,2709933,77.0650475613373,64.0947026192439,102
-7.6926,53.28823,2021/07/27 23:00:00+00,Wed 28 Jul 2021,23258,24909,3225,3072841,2526104,211963,3284804,2738067,77.6914172942663,64.7601214187086,103
-7.6926,53.28823,2021/07/28 23:00:00+00,Thu 29 Jul 2021,19113,27493,2920,3091954,2553597,214883,3306837,2768480,78.2125366661511,65.4794425940879,104
-7.6926,53.28823,2021/07/29 23:00:00+00,Fri 30 Jul 2021,21766,22542,2080,3113720,2576139,216963,3330683,2793102,78.7765366907489,66.0617963895105,105
-7.6926,53.28823,2021/07/30 23:00:00+00,Sat 31 Jul 2021,13624,12183,883,3127344,2588322,217846,3345190,2806168,79.119652867753,66.3708303709496,106
-7.6926,53.28823,2021/07/31 23:00:00+00,Sun 01 Aug 2021,10977,9134,355,3138321,2597456,218201,3356522,2815657,79.3876746860346,66.5952619835223,107
-7.6926,53.28823,2021/08/01 23:00:00+00,Mon 02 Aug 2021,14872,15627,393,3153193,2613083,218594,3371787,2831677,79.7487189020661,66.9741632832815,108
-7.6926,53.28823,2021/08/02 23:00:00+00,Tue 03 Aug 2021,17188,25091,1084,3170381,2638174,219678,3390059,2857852,80.1808839800436,67.5932482721202,109
-7.6926,53.28823,2021/08/03 23:00:00+00,Wed 04 Aug 2021,21941,16928,1554,3192322,2655102,221232,3413554,2876334,80.7365822345905,68.0303802210683,110
-7.6926,53.28823,2021/08/04 23:00:00+00,Thu 05 Aug 2021,13371,29702,1401,3205693,2684804,222633,3428326,2907437,81.0859661297243,68.7660211153511,111
-7.6926,53.28823,2021/08/05 23:00:00+00,Fri 06 Aug 2021,12027,24420,922,3217720,2709224,223555,3441275,2932779,81.3922328544797,69.365404182673,112
-7.6926,53.28823,2020/12/28 00:00:00+00,Mon 28 Dec 2020,108,8,5,108,8,5,113,13,0.00267264961752728,0.000307472964848272,113
-7.6926,53.28823,2020/12/29 00:00:00+00,Tue 29 Dec 2020,67,1,0,175,9,5,180,14,0.00425731797482222,0.000331124731375062,114
-7.6926,53.28823,2020/12/30 00:00:00+00,Wed 30 Dec 2020,1041,0,0,1216,9,5,1221,14,0.0288788069292107,0.000331124731375062,115
-7.6926,53.28823,2020/12/31 00:00:00+00,Thu 31 Dec 2020,1020,1,0,2236,10,5,2241,15,0.0530036087865367,0.000354776497901852,116
-7.6926,53.28823,2021/01/01 00:00:00+00,Fri 01 Jan 2021,789,0,0,3025,10,5,3030,15,0.0716648525761741,0.000354776497901852,117
-7.6926,53.28823,2021/01/02 00:00:00+00,Sat 02 Jan 2021,1008,0,0,4033,10,5,4038,15,0.0955058332351785,0.000354776497901852,118
-7.6926,53.28823,2021/01/03 00:00:00+00,Sun 03 Jan 2021,12,0,0,4045,10,5,4050,15,0.0957896544335,0.000354776497901852,119
-7.6926,53.28823,2021/01/04 00:00:00+00,Mon 04 Jan 2021,1166,1,0,5211,11,5,5216,16,0.123367614203737,0.000378428264428642,120
-7.6926,53.28823,2021/01/05 00:00:00+00,Tue 05 Jan 2021,3490,3,0,8701,14,5,8706,19,0.205912279382235,0.000449383564009012,121
-7.6926,53.28823,2021/01/06 00:00:00+00,Wed 06 Jan 2021,6734,2,0,15435,16,5,15440,21,0.365183275173639,0.000496687097062593,122
-7.6926,53.28823,2021/01/07 00:00:00+00,Thu 07 Jan 2021,11693,1,0,27128,17,5,27133,22,0.641743381171396,0.000520338863589383,123
-7.6926,53.28823,2021/01/08 00:00:00+00,Fri 08 Jan 2021,12649,1,0,39777,18,5,39782,23,0.940914575968764,0.000543990630116173,124
-7.6926,53.28823,2021/01/09 00:00:00+00,Sat 09 Jan 2021,8051,0,0,47828,18,5,47833,23,1.13133494827595,0.000543990630116173,125
-7.6926,53.28823,2021/01/10 00:00:00+00,Sun 10 Jan 2021,4751,1,1,52579,19,6,52585,25,1.24372814281126,0.000591294163169753,126
-7.6926,53.28823,2021/01/11 00:00:00+00,Mon 11 Jan 2021,8308,3,0,60887,22,6,60893,28,1.44022701911583,0.000662249462750123,127
-7.6926,53.28823,2021/01/12 00:00:00+00,Tue 12 Jan 2021,8830,4,0,69717,26,6,69723,32,1.64907211754739,0.000756856528857284,128
-7.6926,53.28823,2021/01/13 00:00:00+00,Wed 13 Jan 2021,9830,2,0,79547,28,6,79553,34,1.88156898250573,0.000804160061910864,129
-7.6926,53.28823,2021/01/14 00:00:00+00,Thu 14 Jan 2021,8031,1,0,87578,29,6,87584,35,2.07151631948239,0.000827811828437654,130
-7.6926,53.28823,2021/01/15 00:00:00+00,Fri 15 Jan 2021,7625,2,0,95203,31,6,95209,37,2.25186103924916,0.000875115361491235,131
-7.6926,53.28823,2021/01/16 00:00:00+00,Sat 16 Jan 2021,5198,1,0,100401,32,6,100407,38,2.37480292165542,0.000898767128018024,132
-7.6926,53.28823,2021/01/17 00:00:00+00,Sun 17 Jan 2021,1092,3,0,101493,35,6,101499,41,2.40063065070267,0.000969722427598395,133
-7.6926,53.28823,2021/01/18 00:00:00+00,Mon 18 Jan 2021,8657,3,0,110150,38,6,110156,44,2.60538399352509,0.00104067772717877,134
-7.6926,53.28823,2021/01/19 00:00:00+00,Tue 19 Jan 2021,8338,14,0,118488,52,6,118494,58,2.80259242282547,0.00137180245855383,135
-7.6926,53.28823,2021/01/20 00:00:00+00,Wed 20 Jan 2021,8402,953,0,126890,1005,6,126896,1011,3.00131456518356,0.0239119359585848,136
-7.6926,53.28823,2021/01/21 00:00:00+00,Thu 21 Jan 2021,8925,955,0,135815,1960,6,135821,1966,3.21240658143516,0.0464993729916694,137
-7.6926,53.28823,2021/01/22 00:00:00+00,Fri 22 Jan 2021,6708,961,0,142523,2921,6,142529,2927,3.37106263129687,0.0692287206239147,138
-7.6926,53.28823,2021/01/23 00:00:00+00,Sat 23 Jan 2021,4141,456,0,146664,3377,6,146670,3383,3.46900459648431,0.080013926160131,139
-7.6926,53.28823,2021/01/24 00:00:00+00,Sun 24 Jan 2021,1158,393,0,147822,3770,6,147828,3776,3.49639334212233,0.0893090704051595,140
-7.6926,53.28823,2021/01/25 00:00:00+00,Mon 25 Jan 2021,1317,1279,0,149139,5049,6,149145,5055,3.52754271863811,0.119559679792924,141
-7.6926,53.28823,2021/01/26 00:00:00+00,Tue 26 Jan 2021,972,3491,0,150111,8540,6,150117,8546,3.55053223570215,0.202127996737948,142
-7.6926,53.28823,2021/01/27 00:00:00+00,Wed 27 Jan 2021,2126,6689,0,152237,15229,6,152243,15235,3.60081589133811,0.360334663035647,143
-7.6926,53.28823,2021/01/28 00:00:00+00,Thu 28 Jan 2021,937,11536,0,153174,26765,6,153180,26771,3.62297759657371,0.633181441688698,144
-7.6926,53.28823,2021/01/29 00:00:00+00,Fri 29 Jan 2021,1524,11516,0,154698,38281,6,154704,38287,3.65902288876054,0.905555185011213,145
-7.6926,53.28823,2021/01/30 00:00:00+00,Sat 30 Jan 2021,591,7787,0,155289,46068,6,155295,46074,3.67300108277787,1.08973149095533,146
-7.6926,53.28823,2021/01/31 00:00:00+00,Sun 31 Jan 2021,196,4078,0,155485,50146,6,155491,50152,3.67763682901712,1.18618339485158,147
-7.6926,53.28823,2021/02/01 00:00:00+00,Mon 01 Feb 2021,968,8320,0,156453,58466,6,156459,58472,3.70053173901506,1.38296609235447,148
-7.6926,53.28823,2021/02/02 00:00:00+00,Tue 02 Feb 2021,777,5085,0,157230,63551,6,157236,63557,3.71890916160637,1.5032353251432,149
-7.6926,53.28823,2021/02/03 00:00:00+00,Wed 03 Feb 2021,1346,6850,0,158576,70401,6,158582,70407,3.75074443935143,1.66524992585171,150
-7.6926,53.28823,2021/02/04 00:00:00+00,Thu 04 Feb 2021,1371,10523,0,159947,80924,6,159953,80930,3.78317101125966,1.91413746501312,151
-7.6926,53.28823,2021/02/05 00:00:00+00,Fri 05 Feb 2021,3344,8592,0,163291,89516,6,163297,89522,3.86226251852525,2.11735344301131,152
-7.6926,53.28823,2021/02/06 00:00:00+00,Sat 06 Feb 2021,861,3858,0,164152,93374,6,164158,93380,3.88262668950481,2.20860195827166,153
-7.6926,53.28823,2021/02/07 00:00:00+00,Sun 07 Feb 2021,298,1289,0,164450,94663,6,164456,94669,3.8896749159298,2.23908908532469,154
-7.6926,53.28823,2021/02/08 00:00:00+00,Mon 08 Feb 2021,1114,868,0,165564,95531,6,165570,95537,3.91602298384064,2.25961881866995,155
-7.6926,53.28823,2021/02/09 00:00:00+00,Tue 09 Feb 2021,4177,520,0,169741,96051,6,169747,96057,4.01481641262304,2.27191773726388,156
-7.6926,53.28823,2021/02/10 00:00:00+00,Wed 10 Feb 2021,8778,568,0,178519,96619,6,178525,96625,4.22243161919521,2.2853519406511,157
-7.6926,53.28823,2021/02/11 00:00:00+00,Thu 11 Feb 2021,6110,421,0,184629,97040,6,184635,97046,4.36694391267389,2.29530933435887,158
-7.6926,53.28823,2021/02/12 00:00:00+00,Fri 12 Feb 2021,4347,511,0,188976,97551,6,188982,97557,4.46975814176585,2.30739538705406,159
-7.6926,53.28823,2021/02/13 00:00:00+00,Sat 13 Feb 2021,1167,1908,0,190143,99459,6,190149,99465,4.49735975330261,2.35252295758718,160
-7.6926,53.28823,2021/02/14 00:00:00+00,Sun 14 Feb 2021,2662,16,0,192805,99475,6,192811,99481,4.56032075579693,2.35290138585161,161
-7.6926,53.28823,2021/02/15 00:00:00+00,Mon 15 Feb 2021,1913,7861,0,194718,107336,6,194724,107342,4.60556658516268,2.5388279225187,162
-7.6926,53.28823,2021/02/16 00:00:00+00,Tue 16 Feb 2021,5588,8132,0,200306,115468,6,200312,115474,4.73773265651438,2.73116408791456,163
-7.6926,53.28823,2021/02/17 00:00:00+00,Wed 17 Feb 2021,9686,8446,0,209992,123914,6,209998,123920,4.96682366709287,2.93092690799983,164
-7.6926,53.28823,2021/02/18 00:00:00+00,Thu 18 Feb 2021,8410,8316,0,218402,132230,6,218408,132236,5.16573502358318,3.12761499843662,165
-7.6926,53.28823,2021/02/19 00:00:00+00,Fri 19 Feb 2021,9349,6556,0,227751,138786,6,227757,138792,5.38685538884214,3.28267597978625,166
-7.6926,53.28823,2021/02/20 00:00:00+00,Sat 20 Feb 2021,5842,3557,1,233593,142343,7,233600,142350,5.52505266065817,3.36682896508857,167
-7.6926,53.28823,2021/02/21 00:00:00+00,Sun 21 Feb 2021,1071,1014,2,234664,143357,9,234673,143366,5.55043100614142,3.39085915987979,168
-7.6926,53.28823,2021/02/22 00:00:00+00,Mon 22 Feb 2021,3893,1091,0,238557,144448,9,238566,144457,5.64250733323021,3.41666323716052,169
-7.6926,53.28823,2021/02/23 00:00:00+00,Tue 23 Feb 2021,13305,1047,0,251862,145495,9,251871,145504,5.95719408686915,3.44142663671407,170
-7.6926,53.28823,2021/02/24 00:00:00+00,Wed 24 Feb 2021,16860,2073,2,268722,147568,11,268733,147579,6.35601017404389,3.49050405225716,171
-7.6926,53.28823,2021/02/25 00:00:00+00,Thu 25 Feb 2021,17986,1726,0,286708,149294,11,286719,149305,6.78141084679474,3.5313270012824,172
-7.6926,53.28823,2021/02/26 00:00:00+00,Fri 26 Feb 2021,15999,2735,0,302707,152029,11,302718,152040,7.15981545945685,3.59601458273317,173
-7.6926,53.28823,2021/02/27 00:00:00+00,Sat 27 Feb 2021,8929,696,1,311636,152725,12,311648,152737,7.37102573454109,3.61249986400234,174
-7.6926,53.28823,2021/02/28 00:00:00+00,Sun 28 Feb 2021,2410,43,1,314046,152768,13,314059,152781,7.42805014363718,3.61354054172952,175
-7.6926,53.28823,2021/03/01 00:00:00+00,Mon 01 Mar 2021,5515,775,0,319561,153543,13,319574,153556,7.55848963603243,3.63187066078778,176
-7.6926,53.28823,2021/03/02 00:00:00+00,Tue 02 Mar 2021,12096,1584,0,331657,155127,13,331670,155140,7.84458140394048,3.66933505896622,177
-7.6926,53.28823,2021/03/03 00:00:00+00,Wed 03 Mar 2021,12750,1471,1,344407,156598,14,344421,156612,8.14616507892358,3.70415045929365,178
-7.6926,53.28823,2021/03/04 00:00:00+00,Thu 04 Mar 2021,18620,1665,0,363027,158263,14,363041,158277,8.58656097165241,3.74353065056076,179
-7.6926,53.28823,2021/03/05 00:00:00+00,Fri 05 Mar 2021,18339,2373,0,381366,160636,14,381380,160650,9.02031071798722,3.79965629252883,180
-7.6926,53.28823,2021/03/06 00:00:00+00,Sat 06 Mar 2021,10307,119,0,391673,160755,14,391687,160769,9.26408947557884,3.80247085274552,181
-7.6926,53.28823,2021/03/07 00:00:00+00,Sun 07 Mar 2021,1470,5,0,393143,160760,14,393157,160774,9.29885757237322,3.80258911157815,182
-7.6926,53.28823,2021/03/08 00:00:00+00,Mon 08 Mar 2021,6563,1469,1,399706,162229,15,399721,162244,9.45410776785507,3.83735720837254,183
-7.6926,53.28823,2021/03/09 00:00:00+00,Tue 09 Mar 2021,13690,3074,1,413396,165303,16,413412,165319,9.77792410337336,3.91008639044242,184
-7.6926,53.28823,2021/03/10 00:00:00+00,Wed 10 Mar 2021,13608,3950,0,427004,169253,16,427020,169269,10.0997773422699,4.00351086822324,185
-7.6926,53.28823,2021/03/11 00:00:00+00,Thu 11 Mar 2021,18332,2070,0,445336,171323,16,445352,171339,10.533361526239,4.05247002493369,186
-7.6926,53.28823,2021/03/12 00:00:00+00,Fri 12 Mar 2021,17194,1309,1,462530,172632,17,462547,172649,10.9400536516672,4.08345383908379,187
-7.6926,53.28823,2021/03/13 00:00:00+00,Sat 13 Mar 2021,8189,153,0,470719,172785,17,470736,172802,11.1337379677551,4.08707255936239,188
-7.6926,53.28823,2021/03/14 00:00:00+00,Sun 14 Mar 2021,318,5,1,471037,172790,18,471055,172808,11.1412828812771,4.08721446996155,189
-7.6926,53.28823,2021/03/15 00:00:00+00,Mon 15 Mar 2021,2515,961,0,473552,173751,18,473570,173769,11.200767074092,4.10994381759379,190
-7.6926,53.28823,2021/03/16 00:00:00+00,Tue 16 Mar 2021,8829,3783,0,482381,177534,18,482399,177552,11.409588520757,4.19941845036464,191
-7.6926,53.28823,2021/03/17 00:00:00+00,Wed 17 Mar 2021,4792,2380,2,487173,179914,20,487193,179934,11.5229750894865,4.25575695823145,192
-7.6926,53.28823,2021/03/18 00:00:00+00,Thu 18 Mar 2021,11577,4645,1,498750,184559,21,498771,184580,11.7968152423336,4.36564306551492,193
-7.6926,53.28823,2021/03/19 00:00:00+00,Fri 19 Mar 2021,10204,6082,1,508954,190641,22,508976,190663,12.0381815197395,4.50951676129738,194
-7.6926,53.28823,2021/03/20 00:00:00+00,Sat 20 Mar 2021,5100,3089,0,514054,193730,22,514076,193752,12.1588055290262,4.58257706809864,195
-7.6926,53.28823,2021/03/21 00:00:00+00,Sun 21 Mar 2021,3533,38,0,517587,193768,22,517609,193790,12.2423672201653,4.58347583522666,196
-7.6926,53.28823,2021/03/22 00:00:00+00,Mon 22 Mar 2021,7276,2363,0,524863,196131,22,524885,196153,12.4144574734142,4.63936495952946,197
-7.6926,53.28823,2021/03/23 00:00:00+00,Tue 23 Mar 2021,12400,7344,0,537263,203475,22,537285,203497,12.7077393783464,4.81306353290221,198
-7.6926,53.28823,2021/03/24 00:00:00+00,Wed 24 Mar 2021,13476,9730,0,550739,213205,22,550761,213227,13.0264705840615,5.04319522120788,199
-7.6926,53.28823,2021/03/25 00:00:00+00,Thu 25 Mar 2021,20707,10171,0,571446,223376,22,571468,223398,13.5162277135317,5.28375733855186,200
-7.6926,53.28823,2021/03/26 00:00:00+00,Fri 26 Mar 2021,19534,9419,0,590980,232795,22,591002,232817,13.978241320866,5.50653332746769,201
-7.6926,53.28823,2021/03/27 00:00:00+00,Sat 27 Mar 2021,11590,5290,1,602570,238085,23,602593,238108,14.252388946678,5.63167482416094,202
-7.6926,53.28823,2021/03/28 00:00:00+00,Sun 28 Mar 2021,2403,459,0,604973,238544,23,604996,238567,14.3092241416419,5.64253098499674,203
-7.6926,53.28823,2021/03/28 23:00:00+00,Mon 29 Mar 2021,9123,3057,0,614096,241601,23,614119,241624,14.5249992076658,5.71483443526914,204
-7.6926,53.28823,2021/03/29 23:00:00+00,Tue 30 Mar 2021,13176,8602,1,627272,250203,24,627296,250227,14.8366585351893,5.91831058269911,205
-7.6926,53.28823,2021/03/30 23:00:00+00,Wed 31 Mar 2021,15624,10414,0,642896,260617,24,642920,260641,15.2061937354039,6.1646200793091,206
-7.6926,53.28823,2021/03/31 23:00:00+00,Thu 01 Apr 2021,19530,11526,0,662426,272143,24,662450,272167,15.6681127356721,6.43723034029689,207
-7.6926,53.28823,2021/04/01 23:00:00+00,Fri 02 Apr 2021,19990,13664,0,682416,285807,24,682440,285831,16.1409115485427,6.76040807811895,208
-7.6926,53.28823,2021/04/02 23:00:00+00,Sat 03 Apr 2021,7415,4581,0,689831,290388,24,689855,290412,16.3162893973388,6.86875682057817,209
-7.6926,53.28823,2021/04/03 23:00:00+00,Sun 04 Apr 2021,2929,146,0,692760,290534,24,692784,290558,16.3855654214958,6.87220997849108,210
-7.6926,53.28823,2021/04/04 23:00:00+00,Mon 05 Apr 2021,3316,564,0,696076,291098,24,696100,291122,16.4639946792986,6.88554957481219,211
-7.6926,53.28823,2021/04/05 23:00:00+00,Tue 06 Apr 2021,11821,8097,1,707897,299195,25,707922,299220,16.7436058631783,7.07708158014614,212
-7.6926,53.28823,2021/04/06 23:00:00+00,Wed 07 Apr 2021,18164,10401,0,726061,309596,25,726086,309621,17.1732165503709,7.32308360379128,213
-7.6926,53.28823,2021/04/07 23:00:00+00,Thu 08 Apr 2021,19999,10482,0,746060,320078,25,746085,320103,17.6462282291402,7.5710014205251,214
-7.6926,53.28823,2021/04/08 23:00:00+00,Fri 09 Apr 2021,20541,9078,0,766601,329156,25,766626,329181,18.132059165367,7.7857121570553,215
-7.6926,53.28823,2021/04/09 23:00:00+00,Sat 10 Apr 2021,11008,4120,2,777609,333276,27,777636,333303,18.392465114827,7.88320473867873,216
-7.6926,53.28823,2021/04/10 23:00:00+00,Sun 11 Apr 2021,2772,308,0,780381,333584,27,780408,333611,18.4580278116392,7.89048948276898,217
-7.6926,53.28823,2021/04/11 23:00:00+00,Mon 12 Apr 2021,7642,2703,1,788023,336287,28,788051,336315,18.6387982632035,7.95444385945742,218
-7.6926,53.28823,2021/04/12 23:00:00+00,Tue 13 Apr 2021,11371,8505,0,799394,344792,28,799422,344820,18.9077425003796,8.15560213376777,219
-7.6926,53.28823,2021/04/13 23:00:00+00,Wed 14 Apr 2021,20189,6519,2,819583,351311,30,819613,351341,19.385295318322,8.30983530328897,220
-7.6926,53.28823,2021/04/14 23:00:00+00,Thu 15 Apr 2021,26948,10702,0,846531,362013,30,846561,362043,20.022663122686,8.56295650865868,221
-7.6926,53.28823,2021/04/15 23:00:00+00,Fri 16 Apr 2021,27802,9746,1,874333,371759,31,874364,371790,20.6802531874303,8.7934902769953,222
-7.6926,53.28823,2021/04/16 23:00:00+00,Sat 17 Apr 2021,15697,4479,1,890030,376238,32,890062,376270,21.0515386183679,8.89945019103532,223
-7.6926,53.28823,2021/08/07 23:00:00+00,Sun 08 Aug 2021,8546,11786,139,3232517,2729206,224253,3456770,2953459,81.7587169768123,69.854522714447,224
-7.6926,53.28823,2021/08/08 23:00:00+00,Mon 09 Aug 2021,5438,22699,583,3237955,2751905,224836,3462791,2976741,81.9011242630701,70.4051831427237,225
-7.6926,53.28823,2021/08/09 23:00:00+00,Tue 10 Aug 2021,9202,25663,685,3247157,2777568,225521,3472678,3003089,82.1349692787205,71.0283598871716,226
-7.6926,53.28823,2021/08/10 23:00:00+00,Wed 11 Aug 2021,6905,30900,633,3254062,2808468,226154,3480216,3034622,82.3132562947994,71.7741710410609,227
-7.6926,53.28823,2021/08/11 23:00:00+00,Thu 12 Aug 2021,6635,37974,849,3260697,2846442,227003,3487700,3073445,82.4902661154859,72.6924035729305,228
-7.6926,53.28823,2021/08/12 23:00:00+00,Fri 13 Aug 2021,10802,27911,843,3271499,2874353,227846,3499345,3102199,82.7656909366904,73.3724864676418,229
-7.6926,53.28823,2021/08/13 23:00:00+00,Sat 14 Aug 2021,18041,5642,267,3289540,2879995,228113,3517653,3108108,83.1987074782628,73.5122447560486,230
-7.6926,53.28823,2021/08/14 23:00:00+00,Sun 15 Aug 2021,16955,3604,39,3306495,2883599,228152,3534647,3111751,83.6006455986191,73.5984081415057,231
-7.6926,53.28823,2021/08/15 23:00:00+00,Mon 16 Aug 2021,10100,22870,350,3316595,2906469,228502,3545097,3134971,83.8478065588241,74.1476021602577,232
-7.6926,53.28823,2021/08/16 23:00:00+00,Tue 17 Aug 2021,12770,26612,511,3329365,2933081,229013,3558378,3162094,84.1619256700664,74.7891090237639,233
-7.6926,53.28823,2021/08/17 23:00:00+00,Wed 18 Aug 2021,15139,25515,645,3344504,2958596,229658,3574162,3188254,84.5352451529252,75.4078392361047,234
-7.6926,53.28823,2021/08/18 23:00:00+00,Thu 19 Aug 2021,11291,25454,522,3355795,2984050,230180,3585975,3214230,84.8146434709062,76.0222175234046,235
-7.6926,53.28823,2021/08/19 23:00:00+00,Fri 20 Aug 2021,14741,22020,664,3370536,3006070,230844,3601380,3236914,85.1789989342514,76.5587341952983,236
-7.6926,53.28823,2021/08/20 23:00:00+00,Sat 21 Aug 2021,11802,7813,224,3382338,3013883,231068,3613406,3244951,85.4634350785026,76.7488234428741,237
-7.6926,53.28823,2021/08/21 23:00:00+00,Sun 22 Aug 2021,7984,12160,156,3390322,3026043,231224,3621546,3257267,85.6559604580306,77.0401185994181,238
-7.6926,53.28823,2021/08/22 23:00:00+00,Mon 23 Aug 2021,10794,15146,271,3401116,3041189,231495,3632611,3272684,85.9176672546496,77.4047578839616,239
-7.6926,53.28823,2021/08/23 23:00:00+00,Tue 24 Aug 2021,9639,22707,368,3410755,3063896,231863,3642618,3295759,86.1543504822832,77.9505223965673,240
-7.6926,53.28823,2021/08/24 23:00:00+00,Wed 25 Aug 2021,9340,19268,305,3420095,3083164,232168,3652263,3315332,86.3824717704341,78.4134584227961,241
-7.6926,53.28823,2021/08/25 23:00:00+00,Thu 26 Aug 2021,8506,19222,358,3428601,3102386,232526,3661127,3334912,86.5921210289275,78.8765600113907,242
-7.6926,53.28823,2021/08/26 23:00:00+00,Fri 27 Aug 2021,9651,19016,424,3438252,3121402,232950,3671202,3354352,86.8304125766849,79.3363503526715,243
-7.6926,53.28823,2021/08/27 23:00:00+00,Sat 28 Aug 2021,9875,7764,145,3448127,3129166,233095,3681222,3362261,87.0674032772834,79.5234121741319,244
-7.6926,53.28823,2021/08/28 23:00:00+00,Sun 29 Aug 2021,8781,9121,23,3456908,3138287,233118,3690026,3371405,87.2756334297852,79.7396839272528,245
-7.6926,53.28823,2021/08/29 23:00:00+00,Mon 30 Aug 2021,5015,10950,77,3461923,3149237,233195,3695118,3382432,87.3960682249397,80.0004919567438,246
-7.6926,53.28823,2021/08/30 23:00:00+00,Tue 31 Aug 2021,4006,12665,134,3465929,3161902,233329,3699258,3395231,87.4939865383606,80.3032109165201,247
-7.6926,53.28823,2021/08/31 23:00:00+00,Wed 01 Sep 2021,4894,12362,171,3470823,3174264,233500,3704323,3407764,87.6137827358188,80.5996385064004,248
-7.6926,53.28823,2021/09/01 23:00:00+00,Thu 02 Sep 2021,4959,12228,243,3475782,3186492,233743,3709525,3420235,87.7368192252911,80.894599686756,249
-7.6926,53.28823,2021/09/02 23:00:00+00,Fri 03 Sep 2021,4719,15881,159,3480501,3202373,233902,3714403,3436275,87.8521925424088,81.2739740218457,250
-7.6926,53.28823,2021/09/03 23:00:00+00,Sat 04 Sep 2021,4599,10497,128,3485100,3212870,234030,3719130,3446900,87.9639944427809,81.5252740411929,251
-7.6926,53.28823,2021/09/04 23:00:00+00,Sun 05 Sep 2021,5290,11832,0,3490390,3224702,234030,3724420,3458732,88.0891122877077,81.8051217427378,252
-7.6926,53.28823,2021/09/05 23:00:00+00,Mon 06 Sep 2021,2103,9563,68,3492493,3234265,234098,3726591,3468363,88.1404602728373,82.0329119061574,253
-7.6926,53.28823,2021/09/06 23:00:00+00,Tue 07 Sep 2021,2992,9887,134,3495485,3244152,234232,3729717,3478384,88.2143956950001,82.2699262585223,254
-7.6926,53.28823,2021/09/07 23:00:00+00,Wed 08 Sep 2021,2568,14676,178,3498053,3258828,234410,3732463,3493238,88.2793434458826,82.6212495985113,255
-7.6926,53.28823,2021/09/08 23:00:00+00,Thu 09 Sep 2021,3074,14677,135,3501127,3273505,234545,3735672,3508050,88.3552419646671,82.9715795643061,256
-7.6926,53.28823,2021/09/09 23:00:00+00,Fri 10 Sep 2021,3348,13839,107,3504475,3287344,234652,3739127,3521996,88.4369588180172,83.3014271002887,257
-7.6926,53.28823,2021/09/10 23:00:00+00,Sat 11 Sep 2021,2537,11227,57,3507012,3298571,234709,3741721,3533280,88.4983115003876,83.568313633777,258
-7.6926,53.28823,2021/09/11 23:00:00+00,Sun 12 Sep 2021,2022,12842,0,3509034,3311413,234709,3743743,3546122,88.5461353723048,83.872049619514,259
-7.6926,53.28823,2021/09/12 23:00:00+00,Mon 13 Sep 2021,1572,7636,46,3510606,3319049,234755,3745361,3553804,88.5844039305452,84.0537424899728,260
-7.6926,53.28823,2021/09/13 23:00:00+00,Tue 14 Sep 2021,1515,10672,79,3512121,3329721,234834,3746955,3564555,88.6221048463889,84.3080226319024,261
-7.6926,53.28823,2021/09/14 23:00:00+00,Wed 15 Sep 2021,3244,12306,130,3515365,3342027,234964,3750329,3576991,88.7019059066503,84.6021560004295,262
-7.6926,53.28823,2021/09/15 23:00:00+00,Thu 16 Sep 2021,1880,10499,109,3517245,3352526,235073,3752318,3587599,88.748949270272,84.8530539397457,263
-7.6926,53.28823,2021/09/16 23:00:00+00,Fri 17 Sep 2021,2533,14514,89,3519778,3367040,235162,3754940,3602202,88.8109642021053,85.1984406863364,264
-7.6926,53.28823,2021/09/17 23:00:00+00,Sat 18 Sep 2021,2267,11165,40,3522045,3378205,235202,3757247,3613407,88.8655288274826,85.4634587302691,265
-7.6926,53.28823,2021/09/18 23:00:00+00,Sun 19 Sep 2021,1853,8455,11,3523898,3386660,235213,3759111,3621873,88.9096157202885,85.6636945856849,266
-7.6926,53.28823,2021/09/19 23:00:00+00,Mon 20 Sep 2021,946,5549,29,3524844,3392209,235242,3760086,3627451,88.9326761926522,85.7956241393713,267
-7.6926,53.28823,2021/09/20 23:00:00+00,Tue 21 Sep 2021,1437,6588,89,3526281,3398797,235331,3761612,3634128,88.968768788372,85.9535469844707,268
-7.6926,53.28823,2021/09/21 23:00:00+00,Wed 22 Sep 2021,1881,8064,94,3528162,3406861,235425,3763587,3642286,89.0154810272624,86.1464980957963,269
-7.6926,53.28823,2021/09/22 23:00:00+00,Thu 23 Sep 2021,1677,8679,85,3529839,3415540,235510,3765349,3651050,89.0571554398826,86.3537821776371,270
-7.6926,53.28823,2021/09/23 23:00:00+00,Fri 24 Sep 2021,1895,7294,79,3531734,3422834,235589,3767323,3658423,89.1038440270065,86.5281666522391,271
-7.6926,53.28823,2021/09/24 23:00:00+00,Sat 25 Sep 2021,2401,6532,50,3534135,3429366,235639,3769774,3665005,89.1618145067637,86.6838425795184,272
-7.6926,53.28823,2021/09/25 23:00:00+00,Sun 26 Sep 2021,1535,7077,0,3535670,3436443,235639,3771309,3672082,89.1981199683823,86.8512261312285,273
-7.6926,53.28823,2021/09/26 23:00:00+00,Mon 27 Sep 2021,1164,3697,45,3536834,3440140,235684,3772518,3675824,89.2267149541132,86.9397310415718,274
-7.6926,53.28823,2021/09/27 23:00:00+00,Tue 28 Sep 2021,1432,5039,89,3538266,3445179,235773,3774039,3680952,89.2626892910005,87.0610173003211,275
-7.6926,53.28823,2021/09/28 23:00:00+00,Wed 29 Sep 2021,1629,3533,72,3539895,3448712,235845,3775740,3684557,89.3029209458625,87.1462819186502,276
-7.6926,53.28823,2021/09/29 23:00:00+00,Thu 30 Sep 2021,1265,3877,77,3541160,3452589,235922,3777082,3688511,89.3346616165415,87.2398010034971,277
-7.6926,53.28823,2021/09/30 23:00:00+00,Fri 01 Oct 2021,1830,5087,37,3542990,3457676,235959,3778949,3693635,89.378819464647,87.3609926551804,278
-7.6926,53.28823,2021/10/01 23:00:00+00,Sat 02 Oct 2021,1703,4035,39,3544693,3461711,235998,3780691,3697709,89.4200208419367,87.4573499520106,279
-7.6926,53.28823,2021/10/02 23:00:00+00,Sun 03 Oct 2021,1202,2989,8,3545895,3464700,236006,3781901,3700706,89.4486394794341,87.5282342962913,280
-7.6926,53.28823,2021/10/03 23:00:00+00,Mon 04 Oct 2021,328,1156,16,3546223,3465856,236022,3782245,3701878,89.4567756871193,87.5559541666608,281
-7.6926,53.28823,2021/10/04 23:00:00+00,Tue 05 Oct 2021,969,2747,68,3547192,3468603,236090,3783282,3704693,89.4813025690076,87.6225338894337,282
-7.6926,53.28823,2021/10/05 23:00:00+00,Wed 06 Oct 2021,971,2487,34,3548163,3471090,236124,3784287,3707214,89.505072594367,87.6821599928477,283
-7.6926,53.28823,2021/10/06 23:00:00+00,Thu 07 Oct 2021,1197,2626,41,3549360,3473716,236165,3785525,3709881,89.5343534813272,87.7452392541747,284
-7.6926,53.28823,2021/10/07 23:00:00+00,Fri 08 Oct 2021,977,2680,42,3550337,3476396,236207,3786544,3712603,89.558454631418,87.8096193626606,285
-7.6926,53.28823,2021/10/08 23:00:00+00,Sat 09 Oct 2021,729,2317,18,3551066,3478713,236225,3787291,3714938,89.5761225010135,87.8648462375006,286
-7.6926,53.28823,2021/10/09 23:00:00+00,Sun 10 Oct 2021,1528,3888,0,3552594,3482601,236225,3788819,3718826,89.6122624002664,87.9568043057568,287
-7.6926,53.28823,2021/10/10 23:00:00+00,Mon 11 Oct 2021,322,1065,12,3552916,3483666,236237,3789153,3719903,89.6201620902864,87.9822772583061,288
-7.6926,53.28823,2021/10/11 23:00:00+00,Tue 12 Oct 2021,545,1562,20,3553461,3485228,236257,3789718,3721485,89.633525338374,88.0196943529515,289
-7.6926,53.28823,2021/10/12 23:00:00+00,Wed 13 Oct 2021,996,1974,9,3554457,3487202,236266,3790723,3723468,89.6572953637334,88.0665958059742,290
-7.6926,53.28823,2021/10/13 23:00:00+00,Thu 14 Oct 2021,694,1510,7,3555151,3488712,236273,3791424,3724985,89.6738752520687,88.1024755357953,291
-7.6926,53.28823,2021/10/14 23:00:00+00,Fri 15 Oct 2021,949,1997,5,3556100,3490709,236278,3792378,3726987,89.6964390373353,88.1498263723819,292
-7.6926,53.28823,2021/10/15 23:00:00+00,Sat 16 Oct 2021,1375,2590,11,3557475,3493299,236289,3793764,3729588,89.7292203857414,88.2113446171181,293
-7.6926,53.28823,2021/10/16 23:00:00+00,Sun 17 Oct 2021,1708,2868,1,3559183,3496167,236290,3795473,3732457,89.7696412547357,88.2792015352835,294
-7.6926,53.28823,2021/10/17 23:00:00+00,Mon 18 Oct 2021,667,1168,3,3559850,3497335,236293,3796143,3733628,89.7854879383086,88.3068977538863,295
-7.6926,53.28823,2021/10/18 23:00:00+00,Tue 19 Oct 2021,1322,1727,10,3561172,3499062,236303,3797475,3735365,89.8169920913223,88.3479808723434,296
-7.6926,53.28823,2021/10/19 23:00:00+00,Wed 20 Oct 2021,2237,2247,0,3563409,3501309,236303,3799712,3737612,89.8699010930427,88.4011263917291,297
-7.6926,53.28823,2021/10/20 23:00:00+00,Thu 21 Oct 2021,1741,1759,8,3565150,3503068,236311,3801461,3739379,89.9112680326981,88.4429190631819,298
-7.6926,53.28823,2021/10/21 23:00:00+00,Fri 22 Oct 2021,1479,1885,0,3566629,3504953,236311,3802940,3741264,89.9462489953912,88.4875026430849,299
-7.6926,53.28823,2021/10/22 23:00:00+00,Sat 23 Oct 2021,2001,1657,0,3568630,3506610,236311,3804941,3742921,89.9935761802113,88.5266936202198,300
-7.6926,53.28823,2021/10/23 23:00:00+00,Sun 24 Oct 2021,1942,2171,0,3570572,3508781,236311,3806883,3745092,90.0395079108063,88.5780416053495,301
-7.6926,53.28823,2021/10/24 23:00:00+00,Mon 25 Oct 2021,1208,805,0,3571780,3509586,236311,3808091,3745897,90.0680792447707,88.5970812774035,302
-7.6926,53.28823,2021/10/25 23:00:00+00,Tue 26 Oct 2021,1230,1158,5,3573010,3510744,236316,3809326,3747060,90.0972891764313,88.6245882818742,303
-7.6926,53.28823,2021/10/26 23:00:00+00,Wed 27 Oct 2021,1553,1381,4,3574563,3512125,236320,3810883,3748445,90.1341149769135,88.6573459785138,304
-7.6926,53.28823,2021/10/27 23:00:00+00,Thu 28 Oct 2021,2130,1638,2,3576693,3513763,236322,3813015,3750085,90.1845405431486,88.6961348756177,305
-7.6926,53.28823,2021/10/28 23:00:00+00,Fri 29 Oct 2021,2111,1308,0,3578804,3515071,236322,3815126,3751393,90.2344694222867,88.7270713862348,306
-7.6926,53.28823,2021/10/29 23:00:00+00,Sat 30 Oct 2021,1995,1417,0,3580799,3516488,236322,3817121,3752810,90.2816546965076,88.7605859394032,307
-7.6926,53.28823,2021/10/30 23:00:00+00,Sun 31 Oct 2021,1621,1310,0,3582420,3517798,236322,3818742,3754120,90.3199942100476,88.7915697535533,308
-7.6926,53.28823,2021/11/01 00:00:00+00,Mon 01 Nov 2021,245,237,0,3582665,3518035,236322,3818987,3754357,90.3257888928466,88.7971752222202,309
-7.6926,53.28823,2021/11/02 00:00:00+00,Tue 02 Nov 2021,1078,1045,9,3583743,3519080,236331,3820074,3755411,90.3514983630612,88.8221041841394,310
-7.6926,53.28823,2021/11/03 00:00:00+00,Wed 03 Nov 2021,2516,1770,5,3586259,3520850,236336,3822595,3757186,90.4111244664753,88.8640860697245,311
-7.6926,53.28823,2021/11/04 00:00:00+00,Thu 04 Nov 2021,1536,1208,0,3587795,3522058,236336,3824131,3758394,90.4474535798604,88.8926574036888,312
-7.6926,53.28823,2021/11/05 00:00:00+00,Fri 05 Nov 2021,1571,991,0,3589366,3523049,236336,3825702,3759385,90.484610505074,88.9160963043169,313
-7.6926,53.28823,2021/11/06 00:00:00+00,Sat 06 Nov 2021,1818,1309,5,3591184,3524358,236341,3827525,3760699,90.5277276754524,88.9471747255331,314
-7.6926,53.28823,2021/11/07 00:00:00+00,Sun 07 Nov 2021,727,763,0,3591911,3525121,236341,3828252,3761462,90.5449225097173,88.965221023393,315
-7.6926,53.28823,2021/11/08 00:00:00+00,Mon 08 Nov 2021,502,471,0,3592413,3525592,236341,3828754,3761933,90.5567956965138,88.9763610054271,316
-7.6926,53.28823,2021/11/09 00:00:00+00,Tue 09 Nov 2021,1368,973,1,3593781,3526565,236342,3830123,3762907,90.589174964889,88.9993978260242,317
-7.6926,53.28823,2021/11/10 00:00:00+00,Wed 10 Nov 2021,1562,1263,0,3595343,3527828,236342,3831685,3764170,90.6261190242038,89.0292700071476,318
-7.6926,53.28823,2021/11/11 00:00:00+00,Thu 11 Nov 2021,1384,1023,1,3596727,3528851,236343,3833070,3765194,90.6588767208434,89.053489416071,319
-7.6926,53.28823,2021/11/12 00:00:00+00,Fri 12 Nov 2021,1122,1036,5,3597849,3529887,236348,3834197,3766235,90.6855322617191,89.0781109050254,320
-7.6926,53.28823,2021/11/13 00:00:00+00,Sat 13 Nov 2021,1396,1313,1,3599245,3531200,236349,3835594,3767549,90.718573779557,89.1091893262416,321
-7.6926,53.28823,2021/11/14 00:00:00+00,Sun 14 Nov 2021,1642,1785,0,3600887,3532985,236349,3837236,3769334,90.757409980194,89.1514077294919,322
-7.6926,53.28823,2021/11/15 00:00:00+00,Mon 15 Nov 2021,1236,522,0,3602123,3533507,236349,3838472,3769856,90.7866435636211,89.1637539516189,323
-7.6926,53.28823,2021/11/16 00:00:00+00,Tue 16 Nov 2021,1296,984,4,3603419,3534491,236353,3839772,3770844,90.8173908601059,89.1871218969474,324
-7.6926,53.28823,2021/11/17 00:00:00+00,Wed 17 Nov 2021,1486,1005,0,3604905,3535496,236353,3841258,3771849,90.8525373851648,89.2108919223068,325
-7.6926,53.28823,2021/11/18 00:00:00+00,Thu 18 Nov 2021,1561,2377,5,3606466,3537873,236358,3842824,3774231,90.8895760515457,89.2672304301736,326
-7.6926,53.28823,2021/11/19 00:00:00+00,Fri 19 Nov 2021,1086,1384,0,3607552,3539257,236358,3843910,3775615,90.9152618699938,89.2999644750467,327
-7.6926,53.28823,2021/11/20 00:00:00+00,Sat 20 Nov 2021,1477,2849,10,3609029,3542106,236368,3845397,3778474,90.9504320468191,89.3675848755468,328
-7.6926,53.28823,2021/11/21 00:00:00+00,Sun 21 Nov 2021,1772,2739,0,3610801,3544845,236368,3847169,3781213,90.9923429771046,89.4323670640636,329
-7.6926,53.28823,2021/11/22 00:00:00+00,Mon 22 Nov 2021,641,410,2,3611442,3545255,236370,3847812,3781625,91.0075510629813,89.4421115918727,330
-7.6926,53.28823,2021/11/23 00:00:00+00,Tue 23 Nov 2021,2061,1470,4,3613503,3546725,236374,3849877,3783099,91.0563919608592,89.4769742957332,331
-7.6926,53.28823,2021/11/24 00:00:00+00,Wed 24 Nov 2021,1487,2912,0,3614990,3549637,236374,3851364,3786011,91.0915621376845,89.5458482398592,332
