X,Y,VaccinationDate,VaccineText,Dose1,Dose2,SingleDose,Dose1Cum,Dose2Cum,SingleDoseCum,PartiallyVacc,FullyVacc,PartialPercent,FullyPercent,ObjectId
-7.6926,53.28823,2021/07/29 23:00:00+00,Fri 30 Jul 2021,21762,22543,2079,3112533,2574911,216896,3329429,2791807,78.7468773755243,66.0311673518583,1
-7.6926,53.28823,2021/07/30 23:00:00+00,Sat 31 Jul 2021,13621,12183,883,3126154,2587094,217779,3343933,2804873,79.0899225972289,66.3402013332974,2
-7.6926,53.28823,2021/07/31 23:00:00+00,Sun 01 Aug 2021,10978,9135,355,3137132,2596229,218134,3355266,2814363,79.357968067277,66.5646565976366,3
-7.6926,53.28823,2021/08/01 23:00:00+00,Mon 02 Aug 2021,14871,15625,393,3152003,2611854,218527,3370530,2830381,79.7189886315419,66.9435105938627,4
-7.6926,53.28823,2021/08/02 23:00:00+00,Tue 03 Aug 2021,17184,25087,1085,3169187,2636941,219612,3388799,2856553,80.1510827542198,67.5625246274019,5
-7.6926,53.28823,2021/08/03 23:00:00+00,Wed 04 Aug 2021,21934,16927,1554,3191121,2653868,221166,3412287,2875034,80.7066154464011,67.9996329245835,6
-7.6926,53.28823,2021/08/04 23:00:00+00,Thu 05 Aug 2021,13362,29703,1401,3204483,2683571,222567,3427050,2906138,81.0557864756361,68.7352974706328,7
-7.6926,53.28823,2021/08/05 23:00:00+00,Fri 06 Aug 2021,12025,24415,922,3216508,2707986,223489,3439997,2931475,81.3620058968584,69.3345622791221,8
-7.6926,53.28823,2021/08/06 23:00:00+00,Sat 07 Aug 2021,6251,8196,558,3222759,2716182,224047,3446806,2940229,81.5230507751394,69.5416098432976,9
-7.6926,53.28823,2021/08/07 23:00:00+00,Sun 08 Aug 2021,8546,11783,139,3231305,2727965,224186,3455491,2952151,81.7284663674245,69.82358620383,10
-7.6926,53.28823,2021/08/08 23:00:00+00,Mon 09 Aug 2021,5438,22698,583,3236743,2750663,224769,3461512,2975432,81.8708736536823,70.3742229803402,11
-7.6926,53.28823,2021/08/09 23:00:00+00,Tue 10 Aug 2021,9199,25663,685,3245942,2776326,225454,3471396,3001780,82.1046477140331,70.997399724788,12
-7.6926,53.28823,2021/08/10 23:00:00+00,Wed 11 Aug 2021,6898,30898,633,3252840,2807224,226087,3478927,3033311,82.2827691677464,71.7431635751443,13
-7.6926,53.28823,2021/08/11 23:00:00+00,Thu 12 Aug 2021,6634,37973,850,3259474,2845197,226937,3486411,3072134,82.4597789884329,72.6613961070138,14
-7.6926,53.28823,2021/08/12 23:00:00+00,Fri 13 Aug 2021,10802,27908,843,3270276,2873105,227780,3498056,3100885,82.7352038096373,73.3414080464256,15
-7.6926,53.28823,2021/08/13 23:00:00+00,Sat 14 Aug 2021,18041,5642,266,3288317,2878747,228046,3516363,3106793,83.1681966994433,73.4811426830659,16
-7.6926,53.28823,2021/08/14 23:00:00+00,Sun 15 Aug 2021,16955,3604,39,3305272,2882351,228085,3533357,3110436,83.5701348197996,73.567306068523,17
-7.6926,53.28823,2021/08/15 23:00:00+00,Mon 16 Aug 2021,10100,22871,349,3315372,2905222,228434,3543806,3133656,83.817272128238,74.116500087275,18
-7.6926,53.28823,2021/08/16 23:00:00+00,Tue 17 Aug 2021,12766,26612,511,3328138,2931834,228945,3557083,3160779,84.1312966324142,74.7580069507811,19
-7.6926,53.28823,2021/08/17 23:00:00+00,Wed 18 Aug 2021,15139,25513,645,3343277,2957347,229590,3572867,3186937,84.504616115273,75.3766898595889,20
-7.6926,53.28823,2021/08/18 23:00:00+00,Thu 19 Aug 2021,11288,25452,522,3354565,2982799,230112,3584677,3212911,84.7839434779544,75.9910208433558,21
-7.6926,53.28823,2021/08/19 23:00:00+00,Fri 20 Aug 2021,14739,22017,664,3369304,3004816,230776,3600080,3235592,85.1482516377666,76.5274665599499,22
-7.6926,53.28823,2021/08/20 23:00:00+00,Sat 21 Aug 2021,11802,7813,224,3381106,3012629,231000,3612106,3243629,85.4326877820178,76.7175558075257,23
-7.6926,53.28823,2021/08/21 23:00:00+00,Sun 22 Aug 2021,7984,12159,156,3389090,3024788,231156,3620246,3255944,85.6252131615458,77.0088273123031,24
-7.6926,53.28823,2021/08/22 23:00:00+00,Mon 23 Aug 2021,10792,15146,271,3399882,3039934,231427,3631309,3271361,85.8868726546317,77.3734665968467,25
-7.6926,53.28823,2021/08/23 23:00:00+00,Tue 24 Aug 2021,9637,22705,368,3409519,3062639,231795,3641314,3294434,86.1235085787322,77.9191838059193,26
-7.6926,53.28823,2021/08/24 23:00:00+00,Wed 25 Aug 2021,9338,19267,305,3418857,3081906,232100,3650957,3314006,86.3515825633501,78.3820961803816,27
-7.6926,53.28823,2021/08/25 23:00:00+00,Thu 26 Aug 2021,8506,19215,358,3427363,3101121,232458,3659821,3333579,86.5612318218435,78.8450322066105,28
-7.6926,53.28823,2021/08/26 23:00:00+00,Fri 27 Aug 2021,9650,19015,423,3437013,3120136,232881,3669894,3353017,86.7994760660679,79.3047752443582,29
-7.6926,53.28823,2021/08/27 23:00:00+00,Sat 28 Aug 2021,9875,7764,145,3446888,3127900,233026,3679914,3360926,87.0364667666663,79.4918370658186,30
-7.6926,53.28823,2021/08/28 23:00:00+00,Sun 29 Aug 2021,8779,9121,23,3455667,3137021,233049,3688716,3370070,87.2446496156351,79.7081088189396,31
-7.6926,53.28823,2021/08/29 23:00:00+00,Mon 30 Aug 2021,5009,10950,77,3460676,3147971,233126,3693802,3381097,87.3649425001904,79.9689168484305,32
-7.6926,53.28823,2021/08/30 23:00:00+00,Tue 31 Aug 2021,4002,12660,134,3464678,3160631,233260,3697938,3393891,87.4627662065452,80.2715175493743,33
-7.6926,53.28823,2021/08/31 23:00:00+00,Wed 01 Sep 2021,4892,12362,171,3469570,3172993,233431,3703001,3406424,87.5825151004703,80.5679451392545,34
-7.6926,53.28823,2021/09/01 23:00:00+00,Thu 02 Sep 2021,4957,12226,242,3474527,3185219,233673,3708200,3418892,87.7054806346431,80.8628353643105,35
-7.6926,53.28823,2021/09/02 23:00:00+00,Fri 03 Sep 2021,4715,15878,159,3479242,3201097,233832,3713074,3434929,87.8207593446947,81.2421387441007,36
-7.6926,53.28823,2021/09/03 23:00:00+00,Sat 04 Sep 2021,4598,10497,128,3483840,3211594,233960,3717800,3445554,87.9325375933003,81.4934387634478,37
-7.6926,53.28823,2021/09/04 23:00:00+00,Sun 05 Sep 2021,5290,11832,0,3489130,3223426,233960,3723090,3457386,88.057655438227,81.7732864649928,38
-7.6926,53.28823,2021/09/05 23:00:00+00,Mon 06 Sep 2021,2101,9560,68,3491231,3232986,234028,3725259,3467014,88.1089561198236,82.0010056731127,39
-7.6926,53.28823,2021/09/06 23:00:00+00,Tue 07 Sep 2021,2992,9883,134,3494223,3242869,234162,3728385,3477031,88.1828915419864,82.2379254184116,40
-7.6926,53.28823,2021/09/07 23:00:00+00,Wed 08 Sep 2021,2557,14676,178,3496780,3257545,234340,3731120,3491885,88.2475791234371,82.5892487584005,41
-7.6926,53.28823,2021/09/08 23:00:00+00,Thu 09 Sep 2021,3073,14675,132,3499853,3272220,234472,3734325,3506692,88.3233830351555,82.9394604653627,42
-7.6926,53.28823,2021/09/09 23:00:00+00,Fri 10 Sep 2021,3348,13839,107,3503201,3286059,234579,3737780,3520638,88.4050998885056,83.2693080013453,43
-7.6926,53.28823,2021/09/10 23:00:00+00,Sat 11 Sep 2021,2536,11227,57,3505737,3297286,234636,3740373,3531922,88.4664289191095,83.5361945348336,44
-7.6926,53.28823,2021/09/11 23:00:00+00,Sun 12 Sep 2021,2020,12842,0,3507757,3310128,234636,3742393,3544764,88.5142054874937,83.8399305205706,45
-7.6926,53.28823,2021/09/12 23:00:00+00,Mon 13 Sep 2021,1570,7636,46,3509327,3317764,234682,3744009,3552446,88.552426742201,84.0216233910295,46
-7.6926,53.28823,2021/09/13 23:00:00+00,Tue 14 Sep 2021,1515,10668,79,3510842,3328432,234761,3745603,3563193,88.5901276580447,84.2758089258929,47
-7.6926,53.28823,2021/09/14 23:00:00+00,Wed 15 Sep 2021,3240,12304,130,3514082,3340736,234891,3748973,3575627,88.6698341112399,84.569894990887,48
-7.6926,53.28823,2021/09/15 23:00:00+00,Thu 16 Sep 2021,1879,10498,109,3515961,3351234,235000,3750961,3586234,88.7168538230952,84.8207692784366,49
-7.6926,53.28823,2021/09/16 23:00:00+00,Fri 17 Sep 2021,2529,14513,89,3518490,3365747,235089,3753579,3600836,88.7787741478623,85.1661323732608,50
-7.6926,53.28823,2021/09/17 23:00:00+00,Sat 18 Sep 2021,2267,11163,40,3520757,3376910,235129,3755886,3612039,88.8333387732396,85.4311031136605,51
-7.6926,53.28823,2021/09/18 23:00:00+00,Sun 19 Sep 2021,1851,8455,11,3522608,3385365,235140,3757748,3620505,88.8773783625125,85.6313389690763,52
-7.6926,53.28823,2021/09/19 23:00:00+00,Mon 20 Sep 2021,946,5547,28,3523554,3390912,235168,3758722,3626080,88.9004151831096,85.7631975674631,53
-7.6926,53.28823,2021/09/20 23:00:00+00,Tue 21 Sep 2021,1435,6586,89,3524989,3397498,235257,3760246,3632755,88.9364604752964,85.9210731090295,54
-7.6926,53.28823,2021/09/21 23:00:00+00,Wed 22 Sep 2021,1880,8062,94,3526869,3405560,235351,3762220,3640911,88.9831490624203,86.1139769168219,55
-7.6926,53.28823,2021/09/22 23:00:00+00,Thu 23 Sep 2021,1676,8680,85,3528545,3414240,235436,3763981,3649676,89.024799823274,86.3212846504292,56
-7.6926,53.28823,2021/09/23 23:00:00+00,Fri 24 Sep 2021,1890,7293,79,3530435,3421533,235515,3765950,3657048,89.0713701515652,86.4956454732647,57
-7.6926,53.28823,2021/09/24 23:00:00+00,Sat 25 Sep 2021,2397,6530,50,3532832,3428063,235565,3768397,3663628,89.1292460242563,86.651274097011,58
-7.6926,53.28823,2021/09/25 23:00:00+00,Sun 26 Sep 2021,1533,7077,0,3534365,3435140,235565,3769930,3670705,89.1655041823419,86.8186576487211,59
-7.6926,53.28823,2021/09/26 23:00:00+00,Mon 27 Sep 2021,1163,3695,45,3535528,3438835,235610,3771138,3674445,89.1940755163062,86.9071152555313,60
-7.6926,53.28823,2021/09/27 23:00:00+00,Tue 28 Sep 2021,1434,5038,89,3536962,3443873,235699,3772661,3679572,89.2300971567265,87.0283778625142,61
-7.6926,53.28823,2021/09/28 23:00:00+00,Wed 29 Sep 2021,1622,3532,72,3538584,3447405,235771,3774355,3683176,89.2701632492229,87.1136188290767,62
-7.6926,53.28823,2021/09/29 23:00:00+00,Thu 30 Sep 2021,1265,3874,77,3539849,3451279,235848,3775697,3687127,89.3019039199019,87.2070669586241,63
-7.6926,53.28823,2021/09/30 23:00:00+00,Fri 01 Oct 2021,1824,5087,37,3541673,3456366,235885,3777558,3692251,89.3459198574082,87.3282586103073,64
-7.6926,53.28823,2021/10/01 23:00:00+00,Sat 02 Oct 2021,1703,4034,38,3543376,3460400,235923,3779299,3696323,89.3870975829314,87.4245686036044,65
-7.6926,53.28823,2021/10/02 23:00:00+00,Sun 03 Oct 2021,1200,2989,8,3544576,3463389,235931,3780507,3699320,89.4156689168957,87.4954529478852,66
-7.6926,53.28823,2021/10/03 23:00:00+00,Mon 04 Oct 2021,328,1156,16,3544904,3464545,235947,3780851,3700492,89.423805124581,87.5231728182546,67
-7.6926,53.28823,2021/10/04 23:00:00+00,Tue 05 Oct 2021,977,2747,67,3545881,3467292,236014,3781895,3703306,89.4484975688349,87.589728889261,68
-7.6926,53.28823,2021/10/05 23:00:00+00,Wed 06 Oct 2021,956,2485,34,3546837,3469777,236048,3782885,3705825,89.4719128176964,87.649307689142,69
-7.6926,53.28823,2021/10/06 23:00:00+00,Thu 07 Oct 2021,1192,2623,41,3548029,3472400,236089,3784118,3708489,89.501075445824,87.7123159951694,70
-7.6926,53.28823,2021/10/07 23:00:00+00,Fri 08 Oct 2021,973,2679,42,3549002,3475079,236131,3785133,3711210,89.5250819888487,87.7766724518888,71
-7.6926,53.28823,2021/10/08 23:00:00+00,Sat 09 Oct 2021,728,2316,18,3549730,3477395,236149,3785879,3713544,89.5427262066776,87.8318756749623,72
-7.6926,53.28823,2021/10/09 23:00:00+00,Sun 10 Oct 2021,1526,3888,0,3551256,3481283,236149,3787405,3717432,89.5788188023975,87.9238337432185,73
-7.6926,53.28823,2021/10/10 23:00:00+00,Mon 11 Oct 2021,321,1064,12,3551577,3482347,236161,3787738,3718508,89.5866948406509,87.9492830440013,74
-7.6926,53.28823,2021/10/11 23:00:00+00,Tue 12 Oct 2021,543,1562,20,3552120,3483909,236181,3788301,3720090,89.6000107852055,87.9867001386467,75
-7.6926,53.28823,2021/10/12 23:00:00+00,Wed 13 Oct 2021,979,1974,9,3553099,3485883,236190,3789289,3722073,89.623378730534,88.0336015916693,76
-7.6926,53.28823,2021/10/13 23:00:00+00,Thu 14 Oct 2021,698,1510,7,3553797,3487393,236197,3789994,3723590,89.6400532259354,88.0694813214904,77
-7.6926,53.28823,2021/10/14 23:00:00+00,Fri 15 Oct 2021,943,1994,5,3554740,3489387,236202,3790942,3725589,89.6624751006028,88.1167612027775,78
-7.6926,53.28823,2021/10/15 23:00:00+00,Sat 16 Oct 2021,1373,2590,11,3556113,3491977,236213,3792326,3728190,89.6952091454759,88.1782794475136,79
-7.6926,53.28823,2021/10/16 23:00:00+00,Sun 17 Oct 2021,1704,2868,1,3557817,3494845,236214,3794031,3731059,89.735535407404,88.246136365679,80
-7.6926,53.28823,2021/10/17 23:00:00+00,Mon 18 Oct 2021,659,1169,3,3558476,3496014,236217,3794693,3732231,89.7511928768448,88.2738562360484,81
-7.6926,53.28823,2021/10/18 23:00:00+00,Tue 19 Oct 2021,1318,1725,10,3559794,3497739,236227,3796021,3733966,89.7826024227924,88.3148920509724,82
-7.6926,53.28823,2021/10/19 23:00:00+00,Wed 20 Oct 2021,2217,2240,0,3562011,3499979,236227,3798238,3736206,89.8350383891823,88.3678720079924,83
-7.6926,53.28823,2021/10/20 23:00:00+00,Thu 21 Oct 2021,1720,1757,8,3563731,3501736,236235,3799966,3737971,89.8759086417405,88.4096173759122,84
-7.6926,53.28823,2021/10/21 23:00:00+00,Fri 22 Oct 2021,1456,1878,0,3565187,3503614,236235,3801422,3739849,89.9103456138035,88.4540353934495,85
-7.6926,53.28823,2021/10/22 23:00:00+00,Sat 23 Oct 2021,1992,1657,0,3567179,3505271,236235,3803414,3741506,89.9574599327249,88.4932263705844,86
-7.6926,53.28823,2021/10/23 23:00:00+00,Sun 24 Oct 2021,1940,2170,0,3569119,3507441,236235,3805354,3743676,90.0033443597869,88.5445507039475,87
-7.6926,53.28823,2021/10/24 23:00:00+00,Mon 25 Oct 2021,1201,799,0,3570320,3508240,236235,3806555,3744475,90.0317501313856,88.5634484654024,88
-7.6926,53.28823,2021/10/25 23:00:00+00,Tue 26 Oct 2021,1223,1150,5,3571543,3509390,236240,3807783,3745630,90.0607945006805,88.5907662557409,89
-7.6926,53.28823,2021/10/26 23:00:00+00,Wed 27 Oct 2021,1537,1379,4,3573080,3510769,236244,3809324,3747013,90.0972418728983,88.6234766488474,90
-7.6926,53.28823,2021/10/27 23:00:00+00,Thu 28 Oct 2021,2102,1635,2,3575182,3512404,236246,3811428,3748650,90.1470051896706,88.6621945906518,91
-7.6926,53.28823,2021/10/28 23:00:00+00,Fri 29 Oct 2021,2071,1302,0,3577253,3513706,236246,3813499,3749952,90.1959879981476,88.6929891906697,92
-7.6926,53.28823,2021/10/29 23:00:00+00,Sat 30 Oct 2021,1978,1416,0,3579231,3515122,236246,3815477,3751368,90.2427711923376,88.7264800920716,93
-7.6926,53.28823,2021/10/30 23:00:00+00,Sun 31 Oct 2021,1581,1310,0,3580812,3516432,236246,3817058,3752678,90.2801646352164,88.7574639062217,94
-7.6926,53.28823,2021/11/01 00:00:00+00,Mon 01 Nov 2021,230,223,0,3581042,3516655,236246,3817288,3752901,90.2856045415176,88.7627382501572,95
-7.6926,53.28823,2021/11/02 00:00:00+00,Tue 02 Nov 2021,1074,1039,9,3582116,3517694,236255,3818371,3753949,90.3112194046661,88.7875253014772,96
-7.6926,53.28823,2021/11/03 00:00:00+00,Wed 03 Nov 2021,2481,1751,5,3584597,3519445,236260,3820857,3755705,90.3700176962517,88.8290578034983,97
-7.6926,53.28823,2021/11/04 00:00:00+00,Thu 04 Nov 2021,1526,1190,0,3586123,3520635,236260,3822383,3756895,90.4061102919716,88.8572034056652,98
-7.6926,53.28823,2021/11/05 00:00:00+00,Fri 05 Nov 2021,1550,957,0,3587673,3521592,236260,3823933,3757852,90.4427705300881,88.8798381462313,99
-7.6926,53.28823,2021/11/06 00:00:00+00,Sat 06 Nov 2021,1810,1294,5,3589483,3522886,236265,3825748,3759151,90.4856984863342,88.9105617909496,100
-7.6926,53.28823,2021/11/07 00:00:00+00,Sun 07 Nov 2021,690,762,0,3590173,3523648,236265,3826438,3759913,90.5020182052377,88.928584437043,101
-7.6926,53.28823,2021/11/08 00:00:00+00,Mon 08 Nov 2021,465,435,0,3590638,3524083,236265,3826903,3760348,90.5130162766727,88.9388729554822,102
-7.6926,53.28823,2021/11/09 00:00:00+00,Tue 09 Nov 2021,1345,951,0,3591983,3525034,236265,3828248,3761299,90.5448279026512,88.9613657854491,103
-7.6926,53.28823,2021/11/10 00:00:00+00,Wed 10 Nov 2021,1476,1206,0,3593459,3526240,236265,3829724,3762505,90.5797379100448,88.9898898158805,104
-7.6926,53.28823,2021/11/11 00:00:00+00,Thu 11 Nov 2021,1287,937,1,3594746,3527177,236266,3831012,3763443,90.6102013853313,89.0120751728826,105
-7.6926,53.28823,2020/12/28 00:00:00+00,Mon 28 Dec 2020,87,5,5,87,5,5,92,10,0.00217596252046469,0.000236517665267901,106
-7.6926,53.28823,2020/12/29 00:00:00+00,Tue 29 Dec 2020,62,1,0,149,6,5,154,11,0.00364237204512568,0.000260169431794691,107
-7.6926,53.28823,2020/12/30 00:00:00+00,Wed 30 Dec 2020,1038,0,0,1187,6,5,1192,11,0.0281929056999338,0.000260169431794691,108
-7.6926,53.28823,2020/12/31 00:00:00+00,Thu 31 Dec 2020,1015,1,0,2202,7,5,2207,12,0.0521994487246258,0.000283821198321481,109
-7.6926,53.28823,2021/01/01 00:00:00+00,Fri 01 Jan 2021,782,0,0,2984,7,5,2989,12,0.0706951301485757,0.000283821198321481,110
-7.6926,53.28823,2021/01/02 00:00:00+00,Sat 02 Jan 2021,1005,0,0,3989,7,5,3994,12,0.0944651555079997,0.000283821198321481,111
-7.6926,53.28823,2021/01/03 00:00:00+00,Sun 03 Jan 2021,7,0,0,3996,7,5,4001,12,0.0946307178736873,0.000283821198321481,112
-7.6926,53.28823,2021/01/04 00:00:00+00,Mon 04 Jan 2021,1161,1,0,5157,8,5,5162,13,0.122090418811291,0.000307472964848272,113
-7.6926,53.28823,2021/01/05 00:00:00+00,Tue 05 Jan 2021,3481,3,0,8638,11,5,8643,16,0.204422218091047,0.000378428264428642,114
-7.6926,53.28823,2021/01/06 00:00:00+00,Wed 06 Jan 2021,6728,2,0,15366,13,5,15371,18,0.363551303283291,0.000425731797482222,115
-7.6926,53.28823,2021/01/07 00:00:00+00,Thu 07 Jan 2021,11683,0,0,27049,13,5,27054,18,0.63987489161578,0.000425731797482222,116
-7.6926,53.28823,2021/01/08 00:00:00+00,Fri 08 Jan 2021,12642,0,0,39691,13,5,39696,18,0.938880524047461,0.000425731797482222,117
-7.6926,53.28823,2021/01/09 00:00:00+00,Sat 09 Jan 2021,8043,0,0,47734,13,5,47739,18,1.12911168222243,0.000425731797482222,118
-7.6926,53.28823,2021/01/10 00:00:00+00,Sun 10 Jan 2021,4748,0,1,52482,13,6,52488,19,1.24143392145816,0.000449383564009012,119
-7.6926,53.28823,2021/01/11 00:00:00+00,Mon 11 Jan 2021,8307,3,0,60789,16,6,60795,22,1.43790914599621,0.000520338863589383,120
-7.6926,53.28823,2021/01/12 00:00:00+00,Tue 12 Jan 2021,8823,0,0,69612,16,6,69618,22,1.64658868206207,0.000520338863589383,121
-7.6926,53.28823,2021/01/13 00:00:00+00,Wed 13 Jan 2021,9818,2,0,79430,18,6,79436,24,1.8788017258221,0.000567642396642963,122
-7.6926,53.28823,2021/01/14 00:00:00+00,Thu 14 Jan 2021,8020,0,0,87450,18,6,87456,24,2.06848889336696,0.000567642396642963,123
-7.6926,53.28823,2021/01/15 00:00:00+00,Fri 15 Jan 2021,7620,1,0,95070,19,6,95076,25,2.2487153543011,0.000591294163169753,124
-7.6926,53.28823,2021/01/16 00:00:00+00,Sat 16 Jan 2021,5193,1,0,100263,20,6,100269,26,2.37153897787472,0.000614945929696543,125
-7.6926,53.28823,2021/01/17 00:00:00+00,Sun 17 Jan 2021,1090,1,0,101353,21,6,101359,27,2.39731940338892,0.000638597696223333,126
-7.6926,53.28823,2021/01/18 00:00:00+00,Mon 18 Jan 2021,8646,2,0,109999,23,6,110005,29,2.60181257677955,0.000685901229276913,127
-7.6926,53.28823,2021/01/19 00:00:00+00,Tue 19 Jan 2021,8328,11,0,118327,34,6,118333,40,2.79878448841466,0.000946070661071605,128
-7.6926,53.28823,2021/01/20 00:00:00+00,Wed 20 Jan 2021,8392,951,0,126719,985,6,126725,991,2.99727011310748,0.023438900628049,129
-7.6926,53.28823,2021/01/21 00:00:00+00,Thu 21 Jan 2021,8916,953,0,135635,1938,6,135641,1944,3.20814926346034,0.04597903412808,130
-7.6926,53.28823,2021/01/22 00:00:00+00,Fri 22 Jan 2021,6705,959,0,142340,2897,6,142346,2903,3.36673435802247,0.0686610782272717,131
-7.6926,53.28823,2021/01/23 00:00:00+00,Sat 23 Jan 2021,4136,456,0,146476,3353,6,146482,3359,3.46455806437727,0.079446283763488,132
-7.6926,53.28823,2021/01/24 00:00:00+00,Sun 24 Jan 2021,1156,391,0,147632,3744,6,147638,3750,3.49189950648224,0.0886941244754629,133
-7.6926,53.28823,2021/01/25 00:00:00+00,Mon 25 Jan 2021,1310,1278,0,148942,5022,6,148948,5028,3.52288332063233,0.118921082096701,134
-7.6926,53.28823,2021/01/26 00:00:00+00,Tue 26 Jan 2021,963,3491,0,149905,8513,6,149911,8519,3.54565997179763,0.201489399041725,135
-7.6926,53.28823,2021/01/27 00:00:00+00,Wed 27 Jan 2021,2118,6685,0,152023,15198,6,152029,15204,3.59575441330138,0.359601458273317,136
-7.6926,53.28823,2021/01/28 00:00:00+00,Thu 28 Jan 2021,932,11528,0,152955,26726,6,152961,26732,3.61779785970434,0.632259022794153,137
-7.6926,53.28823,2021/01/29 00:00:00+00,Fri 29 Jan 2021,1520,11515,0,154475,38241,6,154481,38247,3.65374854482506,0.904609114350142,138
-7.6926,53.28823,2021/01/30 00:00:00+00,Sat 30 Jan 2021,588,7785,0,155063,46026,6,155069,46032,3.66765578354282,1.0887381167612,139
-7.6926,53.28823,2021/01/31 00:00:00+00,Sun 31 Jan 2021,189,4077,0,155252,50103,6,155258,50109,3.67212596741638,1.18516636889093,140
-7.6926,53.28823,2021/02/01 00:00:00+00,Mon 01 Feb 2021,958,8317,0,156210,58420,6,156216,58426,3.69478435974905,1.38187811109424,141
-7.6926,53.28823,2021/02/02 00:00:00+00,Tue 02 Feb 2021,769,5079,0,156979,63499,6,156985,63505,3.71297256820815,1.50200543328381,142
-7.6926,53.28823,2021/02/03 00:00:00+00,Wed 03 Feb 2021,1345,6842,0,158324,70341,6,158330,70347,3.74478419418668,1.6638308198601,143
-7.6926,53.28823,2021/02/04 00:00:00+00,Thu 04 Feb 2021,1370,10518,0,159694,80859,6,159700,80865,3.77718711432838,1.91260010018888,144
-7.6926,53.28823,2021/02/05 00:00:00+00,Fri 05 Feb 2021,3337,8586,0,163031,89445,6,163037,89451,3.85611305922828,2.1156741675879,145
-7.6926,53.28823,2021/02/06 00:00:00+00,Sat 06 Feb 2021,858,3853,0,163889,93298,6,163895,93304,3.87640627490827,2.20680442401563,146
-7.6926,53.28823,2021/02/07 00:00:00+00,Sun 07 Feb 2021,294,1287,0,164183,94585,6,164189,94591,3.88335989426714,2.2372442475356,147
-7.6926,53.28823,2021/02/08 00:00:00+00,Mon 08 Feb 2021,1104,865,0,165287,95450,6,165293,95456,3.90947144451272,2.25770302558128,148
-7.6926,53.28823,2021/02/09 00:00:00+00,Tue 09 Feb 2021,4172,515,0,169459,95965,6,169465,95971,4.00814661446249,2.26988368534257,149
-7.6926,53.28823,2021/02/10 00:00:00+00,Wed 10 Feb 2021,8772,567,0,178231,96532,6,178237,96538,4.21561991043549,2.28329423696326,150
-7.6926,53.28823,2021/02/11 00:00:00+00,Thu 11 Feb 2021,6104,420,0,184335,96952,6,184341,96958,4.35999029331502,2.29322797890452,151
-7.6926,53.28823,2021/02/12 00:00:00+00,Fri 12 Feb 2021,4344,508,0,188679,97460,6,188685,97466,4.46273356710739,2.30524307630013,152
-7.6926,53.28823,2021/02/13 00:00:00+00,Sat 13 Feb 2021,1164,1906,0,189843,99366,6,189849,99372,4.49026422334458,2.35032334330019,153
-7.6926,53.28823,2021/02/14 00:00:00+00,Sun 14 Feb 2021,2659,16,0,192502,99382,6,192508,99388,4.55315427053931,2.35070177156462,154
-7.6926,53.28823,2021/02/15 00:00:00+00,Mon 15 Feb 2021,1902,7855,0,194404,107237,6,194410,107243,4.59813993047327,2.53648639763255,155
-7.6926,53.28823,2021/02/16 00:00:00+00,Tue 16 Feb 2021,5584,8127,0,199988,115364,6,199994,115370,4.73021139475886,2.72870430419578,156
-7.6926,53.28823,2021/02/17 00:00:00+00,Wed 17 Feb 2021,9674,8441,0,209662,123805,6,209668,123811,4.95901858413903,2.92834886544841,157
-7.6926,53.28823,2021/02/18 00:00:00+00,Thu 18 Feb 2021,8405,8303,0,218067,132108,6,218073,132114,5.1578116817967,3.12472948292035,158
-7.6926,53.28823,2021/02/19 00:00:00+00,Fri 19 Feb 2021,9337,6552,0,227404,138660,6,227410,138666,5.37864822585734,3.27969585720388,159
-7.6926,53.28823,2021/02/20 00:00:00+00,Sat 20 Feb 2021,5834,3551,0,233238,142211,6,233244,142217,5.51663263177463,3.36368328014051,160
-7.6926,53.28823,2021/02/21 00:00:00+00,Sun 21 Feb 2021,1069,1013,1,234307,143224,7,234314,143231,5.5419400219583,3.38766617139868,161
-7.6926,53.28823,2021/02/22 00:00:00+00,Mon 22 Feb 2021,3890,1088,0,238197,144312,7,238204,144319,5.63394539374751,3.41339929337982,162
-7.6926,53.28823,2021/02/23 00:00:00+00,Tue 23 Feb 2021,13302,1043,0,251499,145355,7,251506,145362,5.94856119208688,3.43806808586727,163
-7.6926,53.28823,2021/02/24 00:00:00+00,Wed 24 Feb 2021,16854,2069,1,268353,147424,8,268361,147432,6.34721171689592,3.48702724257772,164
-7.6926,53.28823,2021/02/25 00:00:00+00,Thu 25 Feb 2021,17982,1723,0,286335,149147,8,286343,149155,6.77251778258066,3.52777923630338,165
-7.6926,53.28823,2021/02/26 00:00:00+00,Fri 26 Feb 2021,15992,2727,0,302327,151874,8,302335,151882,7.15075683287709,3.59227760362194,166
-7.6926,53.28823,2021/02/27 00:00:00+00,Sat 27 Feb 2021,8921,695,0,311248,152569,8,311256,152577,7.36175424206258,3.60871558135806,167
-7.6926,53.28823,2021/02/28 00:00:00+00,Sun 28 Feb 2021,2406,44,0,313654,152613,8,313662,152621,7.41866039232604,3.60975625908523,168
-7.6926,53.28823,2021/03/01 00:00:00+00,Mon 01 Mar 2021,5509,770,0,319163,153383,8,319171,153391,7.54895797412213,3.62796811931086,169
-7.6926,53.28823,2021/03/02 00:00:00+00,Tue 02 Mar 2021,12092,1576,0,331255,154959,8,331263,154967,7.83495513496408,3.66524330335708,170
-7.6926,53.28823,2021/03/03 00:00:00+00,Wed 03 Mar 2021,12742,1464,0,343997,156423,8,344005,156431,8.13632594404844,3.6998694895523,171
-7.6926,53.28823,2021/03/04 00:00:00+00,Thu 04 Mar 2021,18609,1661,0,362606,158084,8,362614,158092,8.57646166734547,3.7391550737533,172
-7.6926,53.28823,2021/03/05 00:00:00+00,Fri 05 Mar 2021,18332,2371,0,380938,160455,8,380946,160463,9.01004585131459,3.79523341218832,173
-7.6926,53.28823,2021/03/06 00:00:00+00,Sat 06 Mar 2021,10293,116,0,391231,160571,8,391239,160579,9.25349348417484,3.79797701710543,174
-7.6926,53.28823,2021/03/07 00:00:00+00,Sun 07 Mar 2021,1466,3,0,392697,160574,8,392705,160582,9.28816697390311,3.79804797240501,175
-7.6926,53.28823,2021/03/08 00:00:00+00,Mon 08 Mar 2021,6555,1459,0,399252,162033,8,399260,162041,9.44320430348622,3.8325558997676,176
-7.6926,53.28823,2021/03/09 00:00:00+00,Tue 09 Mar 2021,13678,3066,0,412930,165099,8,412938,165107,9.76671316603966,3.90507221593874,177
-7.6926,53.28823,2021/03/10 00:00:00+00,Wed 10 Mar 2021,13588,3944,0,426518,169043,8,426526,169051,10.0880933696057,3.9983547831204,178
-7.6926,53.28823,2021/03/11 00:00:00+00,Thu 11 Mar 2021,18314,2063,0,444832,171106,8,444840,171114,10.5212518217773,4.04714837746516,179
-7.6926,53.28823,2021/03/12 00:00:00+00,Fri 12 Mar 2021,17182,1305,0,462014,172411,8,462022,172419,10.9276364742406,4.07801393278263,180
-7.6926,53.28823,2021/03/13 00:00:00+00,Sat 13 Mar 2021,8184,148,0,470198,172559,8,470206,172567,11.1212025314959,4.08151439422859,181
-7.6926,53.28823,2021/03/14 00:00:00+00,Sun 14 Mar 2021,315,3,0,470513,172562,8,470521,172570,11.1286528379518,4.08158534952817,182
-7.6926,53.28823,2021/03/15 00:00:00+00,Mon 15 Mar 2021,2509,957,0,473022,173519,8,473030,173527,11.1879951201675,4.10422009009431,183
-7.6926,53.28823,2021/03/16 00:00:00+00,Tue 16 Mar 2021,8810,3775,0,481832,177294,8,481840,177302,11.3963671832686,4.19350550873294,184
-7.6926,53.28823,2021/03/17 00:00:00+00,Wed 17 Mar 2021,4785,2378,0,486617,179672,8,486625,179680,11.5095408860992,4.24974940953365,185
-7.6926,53.28823,2021/03/18 00:00:00+00,Thu 18 Mar 2021,11563,4638,0,498180,184310,8,498188,184318,11.7830262624485,4.3594463026849,186
-7.6926,53.28823,2021/03/19 00:00:00+00,Fri 19 Mar 2021,10189,6074,1,508369,190384,9,508378,190393,12.0240377633565,4.50313078433515,187
-7.6926,53.28823,2021/03/20 00:00:00+00,Sat 20 Mar 2021,5090,3078,0,513459,193462,9,513468,193471,12.1444252549779,4.57593092170461,188
-7.6926,53.28823,2021/03/21 00:00:00+00,Sun 21 Mar 2021,3524,35,0,516983,193497,9,516992,193506,12.2277740802183,4.57675873353305,189
-7.6926,53.28823,2021/03/22 00:00:00+00,Mon 22 Mar 2021,7272,2357,0,524255,195854,9,524264,195863,12.3997697264011,4.63250594723669,190
-7.6926,53.28823,2021/03/23 00:00:00+00,Tue 23 Mar 2021,12387,7337,0,536642,203191,9,536651,203200,12.6927441583684,4.80603895824375,191
-7.6926,53.28823,2021/03/24 00:00:00+00,Wed 24 Mar 2021,13471,9723,0,550113,212914,9,550122,212923,13.0113571052508,5.03600508418373,192
-7.6926,53.28823,2021/03/25 00:00:00+00,Thu 25 Mar 2021,20697,10169,0,570810,223083,9,570819,223092,13.5008777170558,5.27651989799466,193
-7.6926,53.28823,2021/03/26 00:00:00+00,Fri 26 Mar 2021,19527,9407,0,590337,232490,9,590346,232499,13.9627257620244,5.49901206571218,194
-7.6926,53.28823,2021/03/27 00:00:00+00,Sat 27 Mar 2021,11582,5283,1,601919,237773,10,601929,237783,14.2366841737043,5.62398800003974,195
-7.6926,53.28823,2021/03/28 00:00:00+00,Sun 28 Mar 2021,2399,458,0,604318,238231,10,604328,238241,14.293424761602,5.63482050910901,196
-7.6926,53.28823,2021/03/28 23:00:00+00,Mon 29 Mar 2021,9117,3054,0,613435,241285,10,613445,241295,14.5090579170268,5.70705300408182,197
-7.6926,53.28823,2021/03/29 23:00:00+00,Tue 30 Mar 2021,13171,8592,1,626606,249877,11,626617,249888,14.8205989857176,5.91029263384653,198
-7.6926,53.28823,2021/03/30 23:00:00+00,Wed 31 Mar 2021,15610,10404,0,642216,260281,11,642227,260292,15.1898030612008,6.15636561279125,199
-7.6926,53.28823,2021/03/31 23:00:00+00,Thu 01 Apr 2021,19520,11518,0,661736,271799,11,661747,271810,15.6514855438038,6.42878665964682,200
-7.6926,53.28823,2021/04/01 23:00:00+00,Fri 02 Apr 2021,19984,13662,0,681720,285461,11,681731,285472,16.1241424460752,6.75191709393583,201
-7.6926,53.28823,2021/04/02 23:00:00+00,Sat 03 Apr 2021,7402,4575,0,689122,290036,11,689133,290047,16.2992128219065,6.86012392579589,202
-7.6926,53.28823,2021/04/03 23:00:00+00,Sun 04 Apr 2021,2924,143,0,692046,290179,11,692057,290190,16.3683705872308,6.86350612840922,203
-7.6926,53.28823,2021/04/04 23:00:00+00,Mon 05 Apr 2021,3312,560,0,695358,290739,11,695369,290750,16.4467052379675,6.87675111766423,204
-7.6926,53.28823,2021/04/05 23:00:00+00,Tue 06 Apr 2021,11814,8090,0,707172,298829,11,707183,298840,16.726127207715,7.06809390886596,205
-7.6926,53.28823,2021/04/06 23:00:00+00,Wed 07 Apr 2021,18159,10392,0,725331,309221,11,725342,309232,17.155619636075,7.31388306661236,206
-7.6926,53.28823,2021/04/07 23:00:00+00,Thu 08 Apr 2021,19992,10467,0,745323,319688,11,745334,319699,17.6284657524786,7.56144610684827,207
-7.6926,53.28823,2021/04/08 23:00:00+00,Fri 09 Apr 2021,20527,9068,0,765850,328756,11,765861,328767,18.113965563974,7.77592032571321,208
-7.6926,53.28823,2021/04/09 23:00:00+00,Sat 10 Apr 2021,10998,4112,1,776848,332868,12,776860,332880,18.3741113440022,7.87320004143789,209
-7.6926,53.28823,2021/04/10 23:00:00+00,Sun 11 Apr 2021,2768,301,0,779616,333169,12,779628,333181,18.4395794337483,7.88031922316246,210
-7.6926,53.28823,2021/04/11 23:00:00+00,Mon 12 Apr 2021,7639,2700,1,787255,335869,13,787268,335882,18.620278930013,7.94420264455132,211
-7.6926,53.28823,2021/04/12 23:00:00+00,Tue 13 Apr 2021,11368,8486,0,798623,344355,13,798636,344368,18.8891522118896,8.14491153529766,212
-7.6926,53.28823,2021/04/13 23:00:00+00,Wed 14 Apr 2021,20182,6502,1,818805,350857,14,818819,350871,19.3665158156998,8.29871897302137,213
-7.6926,53.28823,2021/04/14 23:00:00+00,Thu 15 Apr 2021,26943,10692,0,845748,361549,14,845762,361563,20.0037653612311,8.55160366072582,214
-7.6926,53.28823,2021/04/15 23:00:00+00,Fri 16 Apr 2021,27794,9739,1,873542,371288,15,873557,371303,20.6611662118432,8.78197186669675,215
-7.6926,53.28823,2021/04/16 23:00:00+00,Sat 17 Apr 2021,15689,4469,0,889231,375757,15,889246,375772,21.032238776882,8.88767161130498,216
-7.6926,53.28823,2021/04/17 23:00:00+00,Sun 18 Apr 2021,980,427,0,890211,376184,15,890226,376199,21.0554175080783,8.89777091561192,217
-7.6926,53.28823,2021/04/18 23:00:00+00,Mon 19 Apr 2021,6610,2165,0,896821,378349,15,896836,378364,21.2117556848203,8.94897699014242,218
-7.6926,53.28823,2021/04/19 23:00:00+00,Tue 20 Apr 2021,14908,7214,0,911729,385563,15,911744,385578,21.5643562202017,9.11960083386668,219
-7.6926,53.28823,2021/04/20 23:00:00+00,Wed 21 Apr 2021,26508,9755,0,938237,395318,15,938252,395333,22.1913172472939,9.35032381633552,220
-7.6926,53.28823,2021/04/21 23:00:00+00,Thu 22 Apr 2021,31433,12067,0,969670,407385,15,969685,407400,22.9347632245305,9.6357296830143,221
-7.6926,53.28823,2021/04/22 23:00:00+00,Fri 23 Apr 2021,33394,12284,0,1003064,419669,15,1003079,419684,23.7245903159261,9.92626798302938,222
-7.6926,53.28823,2021/04/23 23:00:00+00,Sat 24 Apr 2021,23517,6919,0,1026581,426588,15,1026596,426603,24.2808089093366,10.0899145556282,223
-7.6926,53.28823,2021/04/24 23:00:00+00,Sun 25 Apr 2021,9646,240,0,1036227,426828,15,1036242,426843,24.508953849254,10.0955909795947,224
-7.6926,53.28823,2021/04/25 23:00:00+00,Mon 26 Apr 2021,15429,2934,0,1051656,429762,15,1051671,429777,24.8738769549959,10.1649852625843,225
-7.6926,53.28823,2021/04/26 23:00:00+00,Tue 27 Apr 2021,25733,7697,0,1077389,437459,15,1077404,437474,25.4825078630298,10.347032909541,226
-7.6926,53.28823,2021/04/27 23:00:00+00,Wed 28 Apr 2021,25869,8482,0,1103258,445941,15,1103273,445956,26.0943554113113,10.5476471932212,227
-7.6926,53.28823,2021/04/28 23:00:00+00,Thu 29 Apr 2021,31527,11220,0,1134785,457161,15,1134800,457176,26.8400246546014,10.8130200136518,228
-7.6926,53.28823,2021/04/29 23:00:00+00,Fri 30 Apr 2021,35910,13431,0,1170695,470592,15,1170710,470607,27.6893595905785,11.1306868898731,229
-7.6926,53.28823,2021/04/30 23:00:00+00,Sat 01 May 2021,16376,6580,0,1187071,477172,15,1187086,477187,28.0766809192212,11.2863155136194,230
-7.6926,53.28823,2021/05/01 23:00:00+00,Sun 02 May 2021,12308,856,0,1199379,478028,15,1199394,478043,28.3677868616329,11.3065614257663,231
-7.6926,53.28823,2021/05/02 23:00:00+00,Mon 03 May 2021,14097,837,0,1213476,478865,15,1213491,478880,28.7012058143611,11.3263579543493,232
-7.6926,53.28823,2021/05/03 23:00:00+00,Tue 04 May 2021,26435,6679,0,1239911,485544,15,1239926,485559,29.3264402624968,11.4843281029817,233
-7.6926,53.28823,2021/05/04 23:00:00+00,Wed 05 May 2021,31847,13311,61,1271758,498855,76,1271834,498931,30.0811208288336,11.8005995249779,234
-7.6926,53.28823,2021/05/05 23:00:00+00,Thu 06 May 2021,37050,14230,119,1308808,513085,195,1309003,513280,30.9602333388678,12.1399787228708,235
-7.6926,53.28823,2021/05/06 23:00:00+00,Fri 07 May 2021,40319,14936,81,1349127,528021,276,1349403,528297,31.9157647065502,12.4951573008036,236
-7.6926,53.28823,2021/05/07 23:00:00+00,Sat 08 May 2021,25379,6943,2,1374506,534964,278,1374784,535242,32.5160701927666,12.6594188193322,237
-7.6926,53.28823,2021/05/08 23:00:00+00,Sun 09 May 2021,19538,857,0,1394044,535821,278,1394322,536099,32.9781784071671,12.6796883832457,238
-7.6926,53.28823,2021/05/09 23:00:00+00,Mon 10 May 2021,28588,4521,154,1422632,540342,432,1423064,540774,33.6579774806801,12.7902603917584,239
-7.6926,53.28823,2021/05/10 23:00:00+00,Tue 11 May 2021,34101,14699,141,1456733,555041,573,1457306,555614,34.4678612700904,13.141252607016,240
-7.6926,53.28823,2021/05/11 23:00:00+00,Wed 12 May 2021,31021,20791,139,1487754,575832,712,1488466,576544,35.2048503150652,13.6362840804217,241
-7.6926,53.28823,2021/05/12 23:00:00+00,Thu 13 May 2021,35754,25350,131,1523508,601182,843,1524351,602025,36.053593956879,14.2389547432908,242
-7.6926,53.28823,2021/05/13 23:00:00+00,Fri 14 May 2021,37959,27840,220,1561467,629022,1063,1562530,630085,36.9565947511054,14.9026233120326,243
-7.6926,53.28823,2021/05/14 23:00:00+00,Sat 15 May 2021,28605,12331,0,1590072,641353,1063,1591135,642416,37.6331535326042,15.1942732450744,244
-7.6926,53.28823,2021/05/15 23:00:00+00,Sun 16 May 2021,23004,1104,0,1613076,642457,1063,1614139,643520,38.1772387697865,15.22038479532,245
-7.6926,53.28823,2021/05/16 23:00:00+00,Mon 17 May 2021,35165,3846,100,1648241,646303,1163,1649404,647466,39.0113183163537,15.3137146660347,246
-7.6926,53.28823,2021/05/17 23:00:00+00,Tue 18 May 2021,38770,12341,108,1687011,658644,1271,1688282,659915,39.9308516953823,15.6081555075267,247
-7.6926,53.28823,2021/05/18 23:00:00+00,Wed 19 May 2021,36753,17455,193,1723764,676099,1464,1725228,677563,40.8046898614811,16.0255618831915,248
-7.6926,53.28823,2021/05/19 23:00:00+00,Thu 20 May 2021,38797,19491,107,1762561,695590,1571,1764132,697161,41.7248381864393,16.4890892035835,249
-7.6926,53.28823,2021/05/20 23:00:00+00,Fri 21 May 2021,25566,23057,14908,1788127,718647,16479,1804606,735126,42.6821197848446,17.3870285197731,250
-7.6926,53.28823,2021/05/21 23:00:00+00,Sat 22 May 2021,16367,10125,13488,1804494,728772,29967,1834461,758739,43.3882432745019,17.9455176827702,251
-7.6926,53.28823,2021/05/22 23:00:00+00,Sun 23 May 2021,8058,5458,10188,1812552,734230,40155,1852707,774385,43.8197934065497,18.3155732218484,252
-7.6926,53.28823,2021/05/23 23:00:00+00,Mon 24 May 2021,22293,8079,8425,1834845,742309,48580,1883425,790889,44.5463283707197,18.7059219766065,253
-7.6926,53.28823,2021/05/24 23:00:00+00,Tue 25 May 2021,30045,16331,3205,1864890,758640,51785,1916675,810425,45.3327496077355,19.1679828874739,254
-7.6926,53.28823,2021/05/25 23:00:00+00,Wed 26 May 2021,19655,25254,3025,1884545,783894,54810,1939355,838704,45.8691716725631,19.836831193085,255
-7.6926,53.28823,2021/05/26 23:00:00+00,Thu 27 May 2021,16711,35811,539,1901256,819705,55349,1956605,875054,46.2771646451502,20.6965729063338,256
-7.6926,53.28823,2021/05/27 23:00:00+00,Fri 28 May 2021,26737,31680,1513,1927993,851385,56862,1984855,908247,46.945327049532,21.4816459926575,257
-7.6926,53.28823,2021/05/28 23:00:00+00,Sat 29 May 2021,24240,7281,493,1952233,858666,57355,2009588,916021,47.5303061910391,21.6655148256368,258
-7.6926,53.28823,2021/05/29 23:00:00+00,Sun 30 May 2021,24071,1594,181,1976304,860260,57536,2033840,917796,48.1039088328468,21.7074967112219,259
-7.6926,53.28823,2021/05/30 23:00:00+00,Mon 31 May 2021,22266,7183,3409,1998570,867443,60945,2059515,928388,48.7111679384222,21.9580162222736,260
-7.6926,53.28823,2021/05/31 23:00:00+00,Tue 01 Jun 2021,27154,11320,3615,2025724,878763,64560,2090284,943323,49.438909142685,22.3112553553512,261
-7.6926,53.28823,2021/06/01 23:00:00+00,Wed 02 Jun 2021,18355,20719,3968,2044079,899482,68528,2112607,968010,49.9668875268625,22.8951465155981,262
-7.6926,53.28823,2021/06/02 23:00:00+00,Thu 03 Jun 2021,16411,30514,1951,2060490,929996,70479,2130969,1000475,50.4011812638274,23.6630011158903,263
-7.6926,53.28823,2021/06/03 23:00:00+00,Fri 04 Jun 2021,28706,23136,111,2089196,953132,70590,2159786,1023722,51.0827542198299,24.2128337323386,264
-7.6926,53.28823,2021/06/04 23:00:00+00,Sat 05 Jun 2021,20679,11333,1,2109875,964465,70591,2180466,1035056,51.5718727516039,24.4809028541533,265
-7.6926,53.28823,2021/06/05 23:00:00+00,Sun 06 Jun 2021,19731,3786,7,2129606,968251,70598,2200204,1038849,52.0387113193097,24.5706140045894,266
-7.6926,53.28823,2021/06/06 23:00:00+00,Mon 07 Jun 2021,19522,4373,0,2149128,972624,70598,2219726,1043222,52.5004411054457,24.674043179611,267
-7.6926,53.28823,2021/06/07 23:00:00+00,Tue 08 Jun 2021,26250,18308,10,2175378,990932,70608,2245986,1061540,53.1215364944392,25.1072962388488,268
-7.6926,53.28823,2021/06/08 23:00:00+00,Wed 09 Jun 2021,32571,19883,141,2207949,1010815,70749,2278698,1081564,53.8952330810636,25.5808992117812,269
-7.6926,53.28823,2021/06/09 23:00:00+00,Thu 10 Jun 2021,27400,27271,234,2235349,1038086,70983,2306332,1109069,54.5488259972649,26.2314410501006,270
-7.6926,53.28823,2021/06/10 23:00:00+00,Fri 11 Jun 2021,26178,32684,0,2261527,1070770,70983,2332510,1141753,55.1679819414032,27.0044753872622,271
-7.6926,53.28823,2021/06/11 23:00:00+00,Sat 12 Jun 2021,11943,19507,75,2273470,1090277,71058,2344528,1161335,55.4522288715222,27.4676242793898,272
-7.6926,53.28823,2021/06/12 23:00:00+00,Sun 13 Jun 2021,8395,18042,807,2281865,1108319,71865,2353730,1180184,55.6698724271017,27.9134364266533,273
-7.6926,53.28823,2021/06/13 23:00:00+00,Mon 14 Jun 2021,15768,31052,9,2297633,1139371,71874,2369507,1211245,56.0430263475949,28.6480839467419,274
-7.6926,53.28823,2021/06/14 23:00:00+00,Tue 15 Jun 2021,14411,41245,175,2312044,1180616,72049,2384093,1252665,56.3880110141546,29.6277401162815,275
-7.6926,53.28823,2021/06/15 23:00:00+00,Wed 16 Jun 2021,13147,48059,190,2325191,1228675,72239,2397430,1300914,56.7034546243224,30.7689141994326,276
-7.6926,53.28823,2021/06/16 23:00:00+00,Thu 17 Jun 2021,21264,42357,497,2346455,1271032,72736,2419191,1343768,57.2181407157119,31.7824870021717,277
-7.6926,53.28823,2021/06/17 23:00:00+00,Fri 18 Jun 2021,11791,49765,521,2358246,1320797,73257,2431503,1394054,57.5093412651898,32.9718397337379,278
-7.6926,53.28823,2021/06/18 23:00:00+00,Sat 19 Jun 2021,6061,32579,400,2364307,1353376,73657,2437964,1427033,57.6621553287193,33.7518513420249,279
-7.6926,53.28823,2021/06/19 23:00:00+00,Sun 20 Jun 2021,8339,25990,158,2372646,1379366,73815,2446461,1453181,57.8631243888975,34.3702977331674,280
-7.6926,53.28823,2021/06/20 23:00:00+00,Mon 21 Jun 2021,15210,32077,532,2387856,1411443,74347,2462203,1485790,58.2354504975622,35.1415581878395,281
-7.6926,53.28823,2021/06/21 23:00:00+00,Tue 22 Jun 2021,14875,43280,685,2402731,1454723,75032,2477763,1529755,58.6034719847191,36.1814081031898,282
-7.6926,53.28823,2021/06/22 23:00:00+00,Wed 23 Jun 2021,19793,39078,846,2422524,1493801,75878,2498402,1569679,59.0916207940655,37.1256812300054,283
-7.6926,53.28823,2021/06/23 23:00:00+00,Thu 24 Jun 2021,18779,43970,998,2441303,1537771,76876,2518179,1614647,59.5593817806658,38.1892538671821,284
-7.6926,53.28823,2021/06/24 23:00:00+00,Fri 25 Jun 2021,14923,49841,782,2456226,1587612,77658,2533884,1665270,59.9308327739691,39.3865772440678,285
-7.6926,53.28823,2021/06/25 23:00:00+00,Sat 26 Jun 2021,8793,30286,450,2465019,1617898,78108,2543127,1696006,60.1494460519762,40.1135379400352,286
-7.6926,53.28823,2021/06/26 23:00:00+00,Sun 27 Jun 2021,8564,30267,31,2473583,1648165,78139,2551722,1726304,60.3527329852739,40.8301391622639,287
-7.6926,53.28823,2021/06/27 23:00:00+00,Mon 28 Jun 2021,23987,24357,448,2497570,1672522,78587,2576157,1751109,60.9306639003561,41.4168212309609,288
-7.6926,53.28823,2021/06/28 23:00:00+00,Tue 29 Jun 2021,27851,30684,752,2525421,1703206,79339,2604760,1782545,61.6071753783218,42.1603381634971,289
-7.6926,53.28823,2021/06/29 23:00:00+00,Wed 30 Jun 2021,22245,36487,528,2547666,1739693,79867,2627533,1819560,62.1457970574364,43.0358083014862,290
-7.6926,53.28823,2021/06/30 23:00:00+00,Thu 01 Jul 2021,14580,48027,580,2562246,1787720,80447,2642693,1868167,62.5043578379826,44.1854497170539,291
-7.6926,53.28823,2021/07/01 23:00:00+00,Fri 02 Jul 2021,13337,46928,766,2575583,1834648,81213,2656796,1915861,62.8379187013099,45.3134970697826,292
-7.6926,53.28823,2021/07/02 23:00:00+00,Sat 03 Jul 2021,9091,30150,455,2584674,1864798,81668,2666342,1946466,63.0636984645746,46.0373593843351,293
-7.6926,53.28823,2021/07/03 23:00:00+00,Sun 04 Jul 2021,6276,27622,195,2590950,1892420,81863,2672813,1974283,63.2167490457695,46.6952805738108,294
-7.6926,53.28823,2021/07/04 23:00:00+00,Mon 05 Jul 2021,15230,33048,5302,2606180,1925468,87165,2693345,2012633,63.7023671160975,47.6023258201132,295
-7.6926,53.28823,2021/07/05 23:00:00+00,Tue 06 Jul 2021,12110,48057,5432,2618290,1973525,92597,2710887,2066122,64.1172664045105,48.8674351598647,296
-7.6926,53.28823,2021/07/06 23:00:00+00,Wed 07 Jul 2021,19411,43389,4985,2637701,2016914,97582,2735283,2114496,64.6942749006981,50.0115657138316,297
-7.6926,53.28823,2021/07/07 23:00:00+00,Thu 08 Jul 2021,17522,45276,5941,2655223,2062190,103523,2758746,2165713,65.2492162987161,51.2229382400342,298
-7.6926,53.28823,2021/07/08 23:00:00+00,Fri 09 Jul 2021,13279,44767,6492,2668502,2106957,110015,2778517,2216972,65.7168353747173,52.435304140431,299
-7.6926,53.28823,2021/07/09 23:00:00+00,Sat 10 Jul 2021,8414,23566,4315,2676916,2130523,114330,2791246,2244853,66.0178987108368,53.0947390429644,300
-7.6926,53.28823,2021/07/10 23:00:00+00,Sun 11 Jul 2021,15092,15934,2128,2692008,2146457,116458,2808466,2262915,66.4251821304281,53.5219372499713,301
-7.6926,53.28823,2021/07/11 23:00:00+00,Mon 12 Jul 2021,16911,31405,6033,2708919,2177862,122491,2831410,2300353,66.9678482616188,54.4074120852012,302
-7.6926,53.28823,2021/07/12 23:00:00+00,Tue 13 Jul 2021,19881,36192,8442,2728800,2214054,130933,2859733,2344987,67.6377372449571,55.463085032358,303
-7.6926,53.28823,2021/07/13 23:00:00+00,Wed 14 Jul 2021,20578,35304,9276,2749378,2249358,140209,2889587,2389567,68.3438370828479,56.5174807841223,304
-7.6926,53.28823,2021/07/14 23:00:00+00,Thu 15 Jul 2021,23379,28442,9519,2772757,2277800,149728,2922485,2427528,69.1219328980462,57.4153254932458,305
-7.6926,53.28823,2021/07/15 23:00:00+00,Fri 16 Jul 2021,23327,27012,9110,2796084,2304812,158838,2954922,2463650,69.8891252488757,58.2696746037265,306
-7.6926,53.28823,2021/07/16 23:00:00+00,Sat 17 Jul 2021,11354,19115,4629,2807438,2323927,163467,2970905,2487394,70.2671514332734,58.8312621481386,307
-7.6926,53.28823,2021/07/17 23:00:00+00,Sun 18 Jul 2021,16737,15593,1907,2824175,2339520,165374,2989549,2504894,70.7081149683989,59.2451680623574,308
-7.6926,53.28823,2021/07/18 23:00:00+00,Mon 19 Jul 2021,24657,18056,6188,2848832,2357576,171562,3020394,2529138,71.4376537069177,59.8185814900329,309
-7.6926,53.28823,2021/07/19 23:00:00+00,Tue 20 Jul 2021,30369,17752,7646,2879201,2375328,179208,3058409,2554536,72.3367756114337,60.4192890562803,310
-7.6926,53.28823,2021/07/20 23:00:00+00,Wed 21 Jul 2021,30091,19458,6826,2909292,2394786,186034,3095326,2580820,73.2099278763032,61.0409520876705,311
-7.6926,53.28823,2021/07/21 23:00:00+00,Thu 22 Jul 2021,33322,15549,6872,2942614,2410335,192906,3135520,2603241,74.160586980081,61.5712483449676,312
-7.6926,53.28823,2021/07/22 23:00:00+00,Fri 23 Jul 2021,26904,20441,5544,2969518,2430776,198450,3167968,2629226,74.9280395003422,62.1858394981663,313
-7.6926,53.28823,2021/07/23 23:00:00+00,Sat 24 Jul 2021,15304,14490,2203,2984822,2445266,200653,3185475,2645919,75.3421109769268,62.580658436798,314
-7.6926,53.28823,2021/07/24 23:00:00+00,Sun 25 Jul 2021,14625,13452,1016,2999447,2458718,201669,3201116,2660387,75.7120482571723,62.9228521949076,315
-7.6926,53.28823,2021/07/25 23:00:00+00,Mon 26 Jul 2021,23665,17809,3398,3023112,2476527,205067,3228179,2681594,76.3521360146868,63.4244352076412,316
-7.6926,53.28823,2021/07/26 23:00:00+00,Tue 27 Jul 2021,25289,23438,3605,3048401,2499965,208672,3257073,2708637,77.0355301567119,64.0640499298252,317
-7.6926,53.28823,2021/07/27 23:00:00+00,Wed 28 Jul 2021,23257,24909,3225,3071658,2524874,211897,3283555,2736771,77.6618762378743,64.7294687292899,318
-7.6926,53.28823,2021/07/28 23:00:00+00,Thu 29 Jul 2021,19113,27494,2920,3090771,2552368,214817,3305588,2767185,78.1829956097591,65.4488135564357,319
