X,Y,VaccinationDate,VaccineText,Dose1,Dose2,SingleDose,Dose1Cum,Dose2Cum,SingleDoseCum,PartiallyVacc,FullyVacc,PartialPercent,FullyPercent,ObjectId
-7.6926,53.28823,2020/12/28 00:00:00+00,Mon 28 Dec 2020,223,15,1,223,15,1,224,16,0.00475694253464764,0.000339781609617688,1
-7.6926,53.28823,2020/12/29 00:00:00+00,Tue 29 Dec 2020,77,2,0,300,17,1,301,18,0.00639214153093276,0.000382254310819899,2
-7.6926,53.28823,2020/12/30 00:00:00+00,Wed 30 Dec 2020,1058,1,0,1358,18,1,1359,19,0.0288602004669024,0.000403490661421005,3
-7.6926,53.28823,2020/12/31 00:00:00+00,Thu 31 Dec 2020,1033,1,0,2391,19,1,2392,20,0.0507973506378444,0.00042472701202211,4
-7.6926,53.28823,2021/01/01 00:00:00+00,Fri 01 Jan 2021,814,0,0,3205,19,1,3206,20,0.0680837400271443,0.00042472701202211,5
-7.6926,53.28823,2021/01/02 00:00:00+00,Sat 02 Jan 2021,1016,0,0,4221,19,1,4222,20,0.0896598722378675,0.00042472701202211,6
-7.6926,53.28823,2021/01/03 00:00:00+00,Sun 03 Jan 2021,20,2,1,4241,21,2,4243,23,0.0901058356004907,0.000488436063825427,7
-7.6926,53.28823,2021/01/04 00:00:00+00,Mon 04 Jan 2021,1190,3,0,5431,24,2,5433,26,0.115377092815806,0.000552145115628744,8
-7.6926,53.28823,2021/01/05 00:00:00+00,Tue 05 Jan 2021,3531,13,0,8962,37,2,8964,39,0.19036264678831,0.000828217673443115,9
-7.6926,53.28823,2021/01/06 00:00:00+00,Wed 06 Jan 2021,6777,12,0,15739,49,2,15741,51,0.334281394812002,0.00108305388065638,10
-7.6926,53.28823,2021/01/07 00:00:00+00,Thu 07 Jan 2021,11726,8,0,27465,57,2,27467,59,0.583298841960565,0.00125294468546523,11
-7.6926,53.28823,2021/01/08 00:00:00+00,Fri 08 Jan 2021,12682,5,0,40147,62,2,40149,64,0.852618240283786,0.00135912643847075,12
-7.6926,53.28823,2021/01/09 00:00:00+00,Sat 09 Jan 2021,8073,7,0,48220,69,2,48222,71,1.02405929868651,0.00150778089267849,13
-7.6926,53.28823,2021/01/10 00:00:00+00,Sun 10 Jan 2021,4781,4,1,53001,73,3,53004,76,1.125611527261,0.00161396264568402,14
-7.6926,53.28823,2021/01/11 00:00:00+00,Mon 11 Jan 2021,8342,7,0,61343,80,3,61346,83,1.30276516397542,0.00176261709989176,15
-7.6926,53.28823,2021/01/12 00:00:00+00,Tue 12 Jan 2021,8885,10,0,70228,90,3,70231,93,1.49145013906624,0.00197498060590281,16
-7.6926,53.28823,2021/01/13 00:00:00+00,Wed 13 Jan 2021,9887,4,0,80115,94,3,80118,97,1.70141393745937,0.00205992600830724,17
-7.6926,53.28823,2021/01/14 00:00:00+00,Thu 14 Jan 2021,8084,4,0,88199,98,3,88202,101,1.87308859571871,0.00214487141071166,18
-7.6926,53.28823,2021/01/15 00:00:00+00,Fri 15 Jan 2021,7691,2,0,95890,100,3,95893,103,2.03641736819181,0.00218734411191387,19
-7.6926,53.28823,2021/01/16 00:00:00+00,Sat 16 Jan 2021,5239,3,0,101129,103,3,101132,106,2.147674608991,0.00225105316371719,20
-7.6926,53.28823,2021/01/17 00:00:00+00,Sun 17 Jan 2021,1113,4,0,102242,107,3,102245,110,2.17131066721003,0.00233599856612161,21
-7.6926,53.28823,2021/01/18 00:00:00+00,Mon 18 Jan 2021,8715,8,1,110957,115,4,110961,119,2.35640669904927,0.00252712572153156,22
-7.6926,53.28823,2021/01/19 00:00:00+00,Tue 19 Jan 2021,8382,19,0,119339,134,4,119343,138,2.53440978978774,0.00293061638295256,23
-7.6926,53.28823,2021/01/20 00:00:00+00,Wed 20 Jan 2021,8446,962,0,127785,1096,4,127789,1100,2.71377200696467,0.0233599856612161,24
-7.6926,53.28823,2021/01/21 00:00:00+00,Thu 21 Jan 2021,9006,962,0,136791,2058,4,136795,2062,2.90502658047823,0.0437893549394796,25
-7.6926,53.28823,2021/01/22 00:00:00+00,Fri 22 Jan 2021,6782,967,0,143573,3025,4,143577,3029,3.04905151025493,0.0643249059707486,26
-7.6926,53.28823,2021/01/23 00:00:00+00,Sat 23 Jan 2021,4188,460,0,147761,3485,4,147765,3489,3.13798934657236,0.0740936272472572,27
-7.6926,53.28823,2021/01/24 00:00:00+00,Sun 24 Jan 2021,1182,398,0,148943,3883,4,148947,3887,3.16309071298286,0.0825456947864972,28
-7.6926,53.28823,2021/01/25 00:00:00+00,Mon 25 Jan 2021,1359,1289,0,150302,5172,4,150306,5176,3.19195091344977,0.109919350711322,29
-7.6926,53.28823,2021/01/26 00:00:00+00,Tue 26 Jan 2021,1002,3500,0,151304,8672,4,151308,8676,3.21322973675207,0.184246577815191,30
-7.6926,53.28823,2021/01/27 00:00:00+00,Wed 27 Jan 2021,2179,6700,0,153483,15372,4,153487,15376,3.25950374471188,0.326530126842599,31
-7.6926,53.28823,2021/01/28 00:00:00+00,Thu 28 Jan 2021,1010,11541,0,154493,26913,4,154497,26917,3.280952458819,0.571618849129957,32
-7.6926,53.28823,2021/01/29 00:00:00+00,Fri 29 Jan 2021,1578,11526,0,156071,38439,4,156075,38443,3.31446342006754,0.8163890261583,33
-7.6926,53.28823,2021/01/30 00:00:00+00,Sat 30 Jan 2021,643,7792,0,156714,46231,4,156718,46235,3.32811839350406,0.981862670042114,34
-7.6926,53.28823,2021/01/31 00:00:00+00,Sun 31 Jan 2021,231,4086,0,156945,50317,4,156949,50321,3.33302399049291,1.06863439859823,35
-7.6926,53.28823,2021/02/01 00:00:00+00,Mon 01 Feb 2021,1027,8333,1,157972,58650,5,157977,58655,3.35485495891085,1.24561814450784,36
-7.6926,53.28823,2021/02/02 00:00:00+00,Tue 02 Feb 2021,832,5108,0,158804,63758,5,158809,63763,3.37252360261097,1.35409342337829,37
-7.6926,53.28823,2021/02/03 00:00:00+00,Wed 03 Feb 2021,1404,6865,0,160208,70623,5,160213,70628,3.40233943885492,1.49988097025488,38
-7.6926,53.28823,2021/02/04 00:00:00+00,Thu 04 Feb 2021,1435,10541,1,161643,81164,6,161649,81170,3.43283483831811,1.72375457829174,39
-7.6926,53.28823,2021/02/05 00:00:00+00,Fri 05 Feb 2021,3395,8614,0,165038,89778,6,165044,89784,3.50493224860886,1.90668450236966,40
-7.6926,53.28823,2021/02/06 00:00:00+00,Sat 06 Feb 2021,901,3870,0,165939,93648,6,165945,93654,3.52406620050046,1.98886917919594,41
-7.6926,53.28823,2021/02/07 00:00:00+00,Sun 07 Feb 2021,331,1300,2,166270,94948,8,166278,94956,3.53113790525062,2.01651890767858,42
-7.6926,53.28823,2021/02/08 00:00:00+00,Mon 08 Feb 2021,1185,879,0,167455,95827,8,167463,95835,3.55630298071293,2.03518565985695,43
-7.6926,53.28823,2021/02/09 00:00:00+00,Tue 09 Feb 2021,4263,544,3,171718,96371,11,171729,96382,3.64689725237725,2.04680194363575,44
-7.6926,53.28823,2021/02/10 00:00:00+00,Wed 10 Feb 2021,8827,579,0,180545,96950,11,180556,96961,3.83435051913321,2.05909779063379,45
-7.6926,53.28823,2021/02/11 00:00:00+00,Thu 11 Feb 2021,6185,446,0,186730,97396,11,186741,97407,3.96569734760105,2.06856920300189,46
-7.6926,53.28823,2021/02/12 00:00:00+00,Fri 12 Feb 2021,4397,524,0,191127,97920,11,191138,97931,4.05907358119411,2.07969705071686,47
-7.6926,53.28823,2021/02/13 00:00:00+00,Sat 13 Feb 2021,1210,1915,0,192337,99835,11,192348,99846,4.08476956542145,2.12036466211798,48
-7.6926,53.28823,2021/02/14 00:00:00+00,Sun 14 Feb 2021,2701,27,0,195038,99862,11,195049,99873,4.14212894839503,2.12093804358421,49
-7.6926,53.28823,2021/02/15 00:00:00+00,Mon 15 Feb 2021,1964,7890,0,197002,107752,11,197013,107763,4.1838371409756,2.28849284982693,50
-7.6926,53.28823,2021/02/16 00:00:00+00,Tue 16 Feb 2021,5652,8162,0,202654,115914,11,202665,115925,4.30386499457305,2.46182394343316,51
-7.6926,53.28823,2021/02/17 00:00:00+00,Wed 17 Feb 2021,9745,8465,0,212399,124379,11,212410,124390,4.51081323118082,2.64158965127152,52
-7.6926,53.28823,2021/02/18 00:00:00+00,Thu 18 Feb 2021,8466,8354,1,220865,132733,12,220877,132745,4.69062141172038,2.81901936054375,53
-7.6926,53.28823,2021/02/19 00:00:00+00,Fri 19 Feb 2021,9388,6582,0,230253,139315,12,230265,139327,4.88998827116356,2.95879702020023,54
-7.6926,53.28823,2021/02/20 00:00:00+00,Sat 20 Feb 2021,5887,3571,2,236140,142886,14,236154,142900,5.01504913985347,3.03467450089798,55
-7.6926,53.28823,2021/02/21 00:00:00+00,Sun 21 Feb 2021,1112,1024,6,237252,143910,20,237272,143930,5.03879137982551,3.05654794201712,56
-7.6926,53.28823,2021/02/22 00:00:00+00,Mon 22 Feb 2021,3945,1122,1,241197,145032,21,241218,145053,5.12259001929747,3.08039636374216,57
-7.6926,53.28823,2021/02/23 00:00:00+00,Tue 23 Feb 2021,13362,1067,1,254559,146099,22,254581,146121,5.40637137238005,3.10307678618414,58
-7.6926,53.28823,2021/02/24 00:00:00+00,Wed 24 Feb 2021,16937,2104,3,271496,148203,25,271521,148228,5.76611515156277,3.14782177690067,59
-7.6926,53.28823,2021/02/25 00:00:00+00,Thu 25 Feb 2021,18093,1757,2,289589,149960,27,289616,149987,6.15038691568978,3.18517651760801,60
-7.6926,53.28823,2021/02/26 00:00:00+00,Fri 26 Feb 2021,16078,2769,0,305667,152729,27,305694,152756,6.49182496065435,3.24397997242247,61
-7.6926,53.28823,2021/02/27 00:00:00+00,Sat 27 Feb 2021,8995,704,1,314662,153433,28,314690,153461,6.6828671706619,3.25895159959626,62
-7.6926,53.28823,2021/02/28 00:00:00+00,Sun 28 Feb 2021,2444,57,2,317106,153490,30,317136,153520,6.7348112842322,3.26020454428172,63
-7.6926,53.28823,2021/03/01 00:00:00+00,Mon 01 Mar 2021,5601,794,0,322707,154284,30,322737,154314,6.85375608394899,3.277066206659,64
-7.6926,53.28823,2021/03/02 00:00:00+00,Tue 02 Mar 2021,12178,1611,0,334885,155895,30,334915,155925,7.11237236156926,3.31127796747738,65
-7.6926,53.28823,2021/03/03 00:00:00+00,Wed 03 Mar 2021,12912,1504,1,347797,157399,31,347828,157430,7.38659735688133,3.34323867513204,66
-7.6926,53.28823,2021/03/04 00:00:00+00,Thu 04 Mar 2021,18739,1691,5,366536,159090,36,366572,159126,7.78465151254845,3.37925552575152,67
-7.6926,53.28823,2021/03/05 00:00:00+00,Fri 05 Mar 2021,18448,2400,6,384984,161490,42,385026,161532,8.17654712654126,3.43035018529778,68
-7.6926,53.28823,2021/03/06 00:00:00+00,Sat 06 Mar 2021,10401,141,4,395385,161631,46,395431,161677,8.39751135454576,3.43342945613494,69
-7.6926,53.28823,2021/03/07 00:00:00+00,Sun 07 Mar 2021,1523,12,3,396908,161643,49,396957,161692,8.42991802556305,3.43374800139395,70
-7.6926,53.28823,2021/03/08 00:00:00+00,Mon 08 Mar 2021,6668,1498,5,403576,163141,54,403630,163195,8.57162819312422,3.46566623634742,71
-7.6926,53.28823,2021/03/09 00:00:00+00,Tue 09 Mar 2021,13828,3106,6,417404,166247,60,417464,166307,8.86541186733992,3.53175375941806,72
-7.6926,53.28823,2021/03/10 00:00:00+00,Wed 10 Mar 2021,13738,3990,3,431142,170237,63,431205,170300,9.15722056094971,3.61655050736827,73
-7.6926,53.28823,2021/03/11 00:00:00+00,Thu 11 Mar 2021,18485,2102,3,449627,172339,66,449693,172405,9.54983821086295,3.6612530253836,74
-7.6926,53.28823,2021/03/12 00:00:00+00,Fri 12 Mar 2021,17333,1339,4,466960,173678,70,467030,173748,9.91801282123431,3.68977344424088,75
-7.6926,53.28823,2021/03/13 00:00:00+00,Sat 13 Mar 2021,8309,175,0,475269,173853,70,475339,173923,10.0944656583789,3.69348980559608,76
-7.6926,53.28823,2021/03/14 00:00:00+00,Sun 14 Mar 2021,383,20,2,475652,173873,72,475724,173945,10.1026416533603,3.6939570053093,77
-7.6926,53.28823,2021/03/15 00:00:00+00,Mon 15 Mar 2021,2655,992,0,478307,174865,72,478379,174937,10.1590241642063,3.7150234651056,78
-7.6926,53.28823,2021/03/16 00:00:00+00,Tue 16 Mar 2021,8946,3823,2,487253,178688,74,487327,178762,10.349047029385,3.79625250615483,79
-7.6926,53.28823,2021/03/17 00:00:00+00,Wed 17 Mar 2021,4898,2415,6,492151,181103,80,492231,181183,10.4531900927328,3.8476657109601,80
-7.6926,53.28823,2021/03/18 00:00:00+00,Thu 18 Mar 2021,11731,4682,5,503882,185785,85,503967,185870,10.7024199033873,3.94720048622748,81
-7.6926,53.28823,2021/03/19 00:00:00+00,Fri 19 Mar 2021,10369,6132,2,514251,191917,87,514338,192004,10.9226620954714,4.07746426081466,82
-7.6926,53.28823,2021/03/20 00:00:00+00,Sat 20 Mar 2021,5243,3118,4,519494,195035,91,519585,195126,11.0340892270754,4.14376414739132,83
-7.6926,53.28823,2021/03/21 00:00:00+00,Sun 21 Mar 2021,3639,55,3,523133,195090,94,523227,195184,11.1114320159646,4.14499585572618,84
-7.6926,53.28823,2021/03/22 00:00:00+00,Mon 22 Mar 2021,7414,2406,1,530547,197496,95,530642,197591,11.2688995556718,4.19611175162304,85
-7.6926,53.28823,2021/03/23 00:00:00+00,Tue 23 Mar 2021,12566,7391,4,543113,204887,99,543212,204986,11.5358404827277,4.35315456431822,86
-7.6926,53.28823,2021/03/24 00:00:00+00,Wed 24 Mar 2021,13627,9780,2,556740,214667,101,556841,214768,11.8252707050702,4.56088854589823,87
-7.6926,53.28823,2021/03/25 00:00:00+00,Thu 25 Mar 2021,20872,10225,3,577612,224892,104,577716,224996,12.2685795238683,4.77809393984634,88
-7.6926,53.28823,2021/03/26 00:00:00+00,Fri 26 Mar 2021,19700,9497,1,597312,234389,105,597417,234494,12.6869568670607,4.97979679785564,89
-7.6926,53.28823,2021/03/27 00:00:00+00,Sat 27 Mar 2021,11758,5354,3,609070,239743,108,609178,239851,12.9367175864803,5.09355992802576,90
-7.6926,53.28823,2021/03/28 00:00:00+00,Sun 28 Mar 2021,2492,483,0,611562,240226,108,611670,240334,12.9896385721782,5.10381708536609,91
-7.6926,53.28823,2021/03/28 23:00:00+00,Mon 29 Mar 2021,9277,3120,3,620839,243346,111,620950,243457,13.1867119057565,5.17013820829335,92
-7.6926,53.28823,2021/03/29 23:00:00+00,Tue 30 Mar 2021,13330,8668,4,634169,252014,115,634284,252129,13.4698774046716,5.35429984070613,93
-7.6926,53.28823,2021/03/30 23:00:00+00,Wed 31 Mar 2021,15838,10515,4,650007,262529,119,650126,262648,13.8063036708943,5.57768501267916,94
-7.6926,53.28823,2021/03/31 23:00:00+00,Thu 01 Apr 2021,19704,11583,8,669711,274112,127,669838,274239,14.2249146139433,5.82383555249658,95
-7.6926,53.28823,2021/04/01 23:00:00+00,Fri 02 Apr 2021,20140,13722,9,689851,287834,136,689987,287970,14.652805842205,6.11543188260036,96
-7.6926,53.28823,2021/04/02 23:00:00+00,Sat 03 Apr 2021,7547,4635,6,697398,292469,142,697540,292611,14.8132039982951,6.21398978574009,97
-7.6926,53.28823,2021/04/03 23:00:00+00,Sun 04 Apr 2021,3038,170,3,700436,292639,145,700581,292784,14.8777837404731,6.21766367439408,98
-7.6926,53.28823,2021/04/04 23:00:00+00,Mon 05 Apr 2021,3434,608,4,703870,293247,149,704019,293396,14.9507943138397,6.23066032096196,99
-7.6926,53.28823,2021/04/05 23:00:00+00,Tue 06 Apr 2021,11994,8150,11,715864,301397,160,716024,301557,15.205736702806,6.40397017821758,100
-7.6926,53.28823,2021/04/06 23:00:00+00,Wed 07 Apr 2021,18366,10472,11,734230,311869,171,734401,312040,15.5959971178025,6.62659084156897,101
-7.6926,53.28823,2021/04/07 23:00:00+00,Thu 08 Apr 2021,20183,10564,16,754413,322433,187,754600,322620,16.0249501635942,6.85127143092866,102
-7.6926,53.28823,2021/04/08 23:00:00+00,Fri 09 Apr 2021,20676,9159,16,775089,331592,203,775292,331795,16.4643727302323,7.04611494769381,103
-7.6926,53.28823,2021/04/09 23:00:00+00,Sat 10 Apr 2021,11179,4172,12,786268,335764,215,786483,335979,16.7020287298093,7.13496783860883,104
-7.6926,53.28823,2021/04/10 23:00:00+00,Sun 11 Apr 2021,2860,365,8,789128,336129,223,789351,336352,16.7629345833332,7.14288899738304,105
-7.6926,53.28823,2021/04/11 23:00:00+00,Mon 12 Apr 2021,7776,2796,13,796904,338925,236,797140,339161,16.9283445181653,7.20254190622155,106
-7.6926,53.28823,2021/04/12 23:00:00+00,Tue 13 Apr 2021,11515,8601,1,808419,347526,237,808656,347763,17.1729023316876,7.38521699409226,107
-7.6926,53.28823,2021/04/13 23:00:00+00,Wed 14 Apr 2021,20354,6597,2,828773,354123,239,829012,354362,17.6051894845237,7.52535567170896,108
-7.6926,53.28823,2021/04/14 23:00:00+00,Thu 15 Apr 2021,27130,10812,1,855903,364935,240,856143,365175,18.1813529126823,7.75498433075871,109
-7.6926,53.28823,2021/04/15 23:00:00+00,Fri 16 Apr 2021,27976,9834,1,883879,374769,241,884120,375010,18.7754822934494,7.96384383892058,110
-7.6926,53.28823,2021/04/16 23:00:00+00,Sat 17 Apr 2021,15846,4556,3,899725,379325,244,899969,379569,19.1120572141263,8.06066036131102,111
-7.6926,53.28823,2021/04/17 23:00:00+00,Sun 18 Apr 2021,1073,483,0,900798,379808,244,901042,380052,19.1348438183213,8.07091751865136,112
-7.6926,53.28823,2021/04/18 23:00:00+00,Mon 19 Apr 2021,6742,2259,0,907540,382067,244,907784,382311,19.278019294074,8.11889043465925,113
-7.6926,53.28823,2021/04/19 23:00:00+00,Tue 20 Apr 2021,15087,7320,1,922627,389387,245,922872,389632,19.5984333519435,8.27436175740995,114
-7.6926,53.28823,2021/04/20 23:00:00+00,Wed 21 Apr 2021,26723,9885,4,949350,399272,249,949599,399521,20.1660172944592,8.48436802850428,115
-7.6926,53.28823,2021/04/21 23:00:00+00,Thu 22 Apr 2021,31623,12180,1,980973,411452,250,981223,411702,20.8375956458686,8.74304801517635,116
-7.6926,53.28823,2021/04/22 23:00:00+00,Fri 23 Apr 2021,33616,12354,3,1014589,423806,253,1014842,424059,21.5515405167271,9.00546559955421,117
-7.6926,53.28823,2021/04/23 23:00:00+00,Sat 24 Apr 2021,23701,6995,2,1038290,430801,255,1038545,431056,22.0549057350251,9.15405634471014,118
-7.6926,53.28823,2021/04/24 23:00:00+00,Sun 25 Apr 2021,9752,302,2,1048042,431103,257,1048299,431360,22.2620450987883,9.16051219529288,119
-7.6926,53.28823,2021/12/20 00:00:00+00,Mon 20 Dec 2021,504,615,0,3679285,3624391,240831,3920116,3865222,83.2489577730034,82.0832095431063,120
-7.6926,53.28823,2021/12/21 00:00:00+00,Tue 21 Dec 2021,1395,1816,3,3680680,3626207,240834,3921514,3867041,83.2786461911437,82.1218384648497,121
-7.6926,53.28823,2021/12/22 00:00:00+00,Wed 22 Dec 2021,1155,1592,2,3681835,3627799,240836,3922671,3868635,83.3032166487892,82.1556892077079,122
-7.6926,53.28823,2021/12/23 00:00:00+00,Thu 23 Dec 2021,920,1389,0,3682755,3629188,240836,3923591,3870024,83.3227540913422,82.1851864986928,123
-7.6926,53.28823,2021/12/24 00:00:00+00,Fri 24 Dec 2021,100,157,0,3682855,3629345,240836,3923691,3870181,83.3248777264023,82.1885206057372,124
-7.6926,53.28823,2021/12/25 00:00:00+00,Sat 25 Dec 2021,1,5,0,3682856,3629350,240836,3923692,3870186,83.3248989627529,82.1886267874902,125
-7.6926,53.28823,2021/12/26 00:00:00+00,Sun 26 Dec 2021,12,11,0,3682868,3629361,240836,3923704,3870197,83.3251537989601,82.1888603873468,126
-7.6926,53.28823,2021/12/27 00:00:00+00,Mon 27 Dec 2021,389,589,0,3683257,3629950,240836,3924093,3870786,83.333414739344,82.2013685978508,127
-7.6926,53.28823,2021/12/28 00:00:00+00,Tue 28 Dec 2021,465,746,0,3683722,3630696,240836,3924558,3871532,83.3432896423735,82.2172109153993,128
-7.6926,53.28823,2021/12/29 00:00:00+00,Wed 29 Dec 2021,1058,1306,0,3684780,3632002,240836,3925616,3872838,83.3657577013094,82.2449455892843,129
-7.6926,53.28823,2021/12/30 00:00:00+00,Thu 30 Dec 2021,1046,1195,1,3685826,3633197,240837,3926663,3874034,83.3879921603888,82.2703442646032,130
-7.6926,53.28823,2021/12/31 00:00:00+00,Fri 31 Dec 2021,711,1680,0,3686537,3634877,240837,3927374,3875714,83.4030912056662,82.3060213336131,131
-7.6926,53.28823,2022/01/01 00:00:00+00,Sat 01 Jan 2022,64,99,0,3686601,3634976,240837,3927438,3875813,83.4044503321047,82.3081237323226,132
-7.6926,53.28823,2022/01/02 00:00:00+00,Sun 02 Jan 2022,270,627,0,3686871,3635603,240837,3927708,3876440,83.410184146767,82.3214389241495,133
-7.6926,53.28823,2022/01/03 00:00:00+00,Mon 03 Jan 2022,3630,727,1,3690501,3636330,240838,3931339,3877168,83.4872933357996,82.3368989873871,134
-7.6926,53.28823,2022/01/04 00:00:00+00,Tue 04 Jan 2022,1186,779,1,3691687,3637109,240839,3932526,3877948,83.5125008839631,82.353463340856,135
-7.6926,53.28823,2022/01/05 00:00:00+00,Wed 05 Jan 2022,2140,901,0,3693827,3638010,240839,3934666,3878849,83.5579466742495,82.3725972927476,136
-7.6926,53.28823,2022/01/06 00:00:00+00,Thu 06 Jan 2022,2455,1693,1,3696282,3639703,240840,3937122,3880543,83.6101031513258,82.4085716706658,137
-7.6926,53.28823,2022/01/07 00:00:00+00,Fri 07 Jan 2022,4853,785,2,3701135,3640488,240842,3941977,3881330,83.7132056334941,82.4252846785889,138
-7.6926,53.28823,2022/01/08 00:00:00+00,Sat 08 Jan 2022,9789,738,2,3710924,3641226,240844,3951768,3882070,83.9211307422296,82.4409995780337,139
-7.6926,53.28823,2022/01/09 00:00:00+00,Sun 09 Jan 2022,7115,664,0,3718039,3641890,240844,3958883,3882734,84.0722273767564,82.4551005148328,140
-7.6926,53.28823,2022/01/10 00:00:00+00,Mon 10 Jan 2022,6658,507,1,3724697,3642397,240845,3965542,3883242,84.2136402354092,82.4658885809382,141
-7.6926,53.28823,2022/01/11 00:00:00+00,Tue 11 Jan 2022,4776,1367,1,3729473,3643764,240846,3970319,3884610,84.3150862822307,82.4949399085605,142
-7.6926,53.28823,2022/01/12 00:00:00+00,Wed 12 Jan 2022,7559,918,1,3737032,3644682,240847,3977879,3885529,84.475633092775,82.5144561147629,143
-7.6926,53.28823,2022/01/13 00:00:00+00,Thu 13 Jan 2022,7321,815,0,3744353,3645497,240847,3985200,3886344,84.6311044155257,82.5317637405028,144
-7.6926,53.28823,2022/01/14 00:00:00+00,Fri 14 Jan 2022,10721,833,0,3755074,3646330,240847,3995921,3887177,84.8587793303202,82.5494536205536,145
-7.6926,53.28823,2022/01/15 00:00:00+00,Sat 15 Jan 2022,8359,652,2,3763433,3646982,240849,4004282,3887831,85.036336457696,82.5633421938467,146
-7.6926,53.28823,2022/01/16 00:00:00+00,Sun 16 Jan 2022,6965,1215,1,3770398,3648197,240850,4011248,3889047,85.1842688759833,82.5891655961776,147
-7.6926,53.28823,2022/01/17 00:00:00+00,Mon 17 Jan 2022,2562,560,0,3772960,3648757,240850,4013810,3889607,85.2386764062234,82.6010579525142,148
-7.6926,53.28823,2022/01/18 00:00:00+00,Tue 18 Jan 2022,4056,449,3,3777016,3649206,240853,4017869,3890059,85.3248747533132,82.6106567829859,149
-7.6926,53.28823,2022/01/19 00:00:00+00,Wed 19 Jan 2022,3487,622,0,3780503,3649828,240853,4021356,3890681,85.3989259078593,82.6238657930598,150
-7.6926,53.28823,2022/01/20 00:00:00+00,Thu 20 Jan 2022,3692,932,0,3784195,3650760,240853,4025048,3891613,85.4773305142786,82.6436580718201,151
-7.6926,53.28823,2022/01/21 00:00:00+00,Fri 21 Jan 2022,3250,976,0,3787445,3651736,240853,4028298,3892589,85.5463486537322,82.6643847500067,152
-7.6926,53.28823,2022/01/22 00:00:00+00,Sat 22 Jan 2022,4270,643,0,3791715,3652379,240853,4032568,3893232,85.6370278707989,82.6780397234432,153
-7.6926,53.28823,2022/01/23 00:00:00+00,Sun 23 Jan 2022,3092,677,0,3794807,3653056,240853,4035660,3893909,85.7026906668575,82.6924167328002,154
-7.6926,53.28823,2022/01/24 00:00:00+00,Mon 24 Jan 2022,646,462,0,3795453,3653518,240853,4036306,3894371,85.7164093493458,82.7022279267779,155
-7.6926,53.28823,2022/01/25 00:00:00+00,Tue 25 Jan 2022,692,1837,0,3796145,3655355,240853,4036998,3896208,85.7311049039618,82.7412391028321,156
-7.6926,53.28823,2022/01/26 00:00:00+00,Wed 26 Jan 2022,700,896,0,3796845,3656251,240853,4037698,3897104,85.7459703493826,82.7602668729707,157
-7.6926,53.28823,2022/01/27 00:00:00+00,Thu 27 Jan 2022,1274,1177,0,3798119,3657428,240853,4038972,3898281,85.7730254600484,82.7852620576282,158
-7.6926,53.28823,2022/01/28 00:00:00+00,Fri 28 Jan 2022,1027,3094,1,3799146,3660522,240854,4040000,3901376,85.7948564284663,82.8509885627387,159
-7.6926,53.28823,2022/01/29 00:00:00+00,Sat 29 Jan 2022,2328,3444,0,3801474,3663966,240854,4042328,3904820,85.8442946526657,82.9241265542089,160
-7.6926,53.28823,2022/01/30 00:00:00+00,Sun 30 Jan 2022,1638,7537,0,3803112,3671503,240854,4043966,3912357,85.8790797949503,83.0841849286894,161
-7.6926,53.28823,2022/01/31 00:00:00+00,Mon 31 Jan 2022,480,1392,0,3803592,3672895,240854,4044446,3913749,85.8892732432388,83.1137459287261,162
-7.6926,53.28823,2022/02/01 00:00:00+00,Tue 01 Feb 2022,747,3417,1,3804339,3676312,240855,4045194,3917167,85.9051580334884,83.1863317750807,163
-7.6926,53.28823,2022/02/02 00:00:00+00,Wed 02 Feb 2022,650,2996,0,3804989,3679308,240855,4045844,3920163,85.9189616613792,83.2499558814816,164
-7.6926,53.28823,2022/02/03 00:00:00+00,Thu 03 Feb 2022,905,2435,1,3805894,3681743,240856,4046750,3922599,85.9382017950238,83.3016876315459,165
-7.6926,53.28823,2022/02/04 00:00:00+00,Fri 04 Feb 2022,1173,6523,0,3807067,3688266,240856,4047923,3929122,85.9631120342789,83.4402123465169,166
-7.6926,53.28823,2022/02/05 00:00:00+00,Sat 05 Feb 2022,1777,5750,0,3808844,3694016,240856,4049700,3934872,86.000849029297,83.5623213624733,167
-7.6926,53.28823,2022/02/06 00:00:00+00,Sun 06 Feb 2022,1407,7555,0,3810251,3701571,240856,4051107,3942427,86.0307285745928,83.7227619912646,168
-7.6926,53.28823,2022/02/07 00:00:00+00,Mon 07 Feb 2022,440,1351,0,3810691,3702922,240856,4051547,3943778,86.0400725688573,83.7514523009267,169
-7.6926,53.28823,2022/02/08 00:00:00+00,Tue 08 Feb 2022,901,1237,0,3811592,3704159,240856,4052448,3945015,86.0592065207489,83.7777216666203,170
-7.6926,53.28823,2022/02/09 00:00:00+00,Wed 09 Feb 2022,1332,1783,0,3812924,3705942,240856,4053780,3946798,86.0874933397495,83.8155860797421,171
-7.6926,53.28823,2022/02/10 00:00:00+00,Thu 10 Feb 2022,684,2549,0,3813608,3708491,240856,4054464,3949347,86.1020190035607,83.8697175374243,172
-7.6926,53.28823,2022/02/11 00:00:00+00,Fri 11 Feb 2022,547,4920,0,3814155,3713411,240856,4055011,3954267,86.1136352873395,83.9742003823817,173
-7.6926,53.28823,2022/02/12 00:00:00+00,Sat 12 Feb 2022,1397,5462,0,3815552,3718873,240856,4056408,3959729,86.1433024691293,84.090193329365,174
-7.6926,53.28823,2022/02/13 00:00:00+00,Sun 13 Feb 2022,1567,4706,0,3817119,3723579,240856,4057975,3964435,86.1765798305212,84.1901315952938,175
-7.6926,53.28823,2022/02/14 00:00:00+00,Mon 14 Feb 2022,173,953,0,3817292,3724532,240856,4058148,3965388,86.1802537191752,84.2103698374166,176
-7.6926,53.28823,2022/02/15 00:00:00+00,Tue 15 Feb 2022,649,818,1,3817941,3725350,240857,4058798,3966207,86.1940573470659,84.2277624085589,177
-7.6926,53.28823,2022/02/16 00:00:00+00,Wed 16 Feb 2022,800,1785,0,3818741,3727135,240857,4059598,3967992,86.2110464275468,84.2656692943819,178
-7.6926,53.28823,2022/02/17 00:00:00+00,Thu 17 Feb 2022,791,1192,2,3819532,3728327,240859,4060391,3969186,86.2278868535735,84.2910254969996,179
-7.6926,53.28823,2022/02/18 00:00:00+00,Fri 18 Feb 2022,790,3293,0,3820322,3731620,240859,4061181,3972479,86.2446635705483,84.3609567995291,180
-7.6926,53.28823,2022/02/19 00:00:00+00,Sat 19 Feb 2022,980,3555,0,3821302,3735175,240859,4062161,3976034,86.2654751941374,84.436452025916,181
-7.6926,53.28823,2022/02/20 00:00:00+00,Sun 20 Feb 2022,1366,3587,0,3822668,3738762,240859,4063527,3979621,86.2944840490585,84.5126268155222,182
-7.6926,53.28823,2022/02/21 00:00:00+00,Mon 21 Feb 2022,253,994,1,3822921,3739756,240860,4063781,3980616,86.2998780821112,84.5337569843703,183
-7.6926,53.28823,2022/02/22 00:00:00+00,Tue 22 Feb 2022,475,981,0,3823396,3740737,240860,4064256,3981597,86.3099653486467,84.5545898443099,184
-7.6926,53.28823,2022/02/23 00:00:00+00,Wed 23 Feb 2022,831,1272,1,3824227,3742009,240861,4065088,3982870,86.3276339923468,84.5816237186252,185
-7.6926,53.28823,2022/02/24 00:00:00+00,Thu 24 Feb 2022,657,1233,0,3824884,3743242,240861,4065745,3984103,86.3415862746918,84.6078081389163,186
-7.6926,53.28823,2022/02/25 00:00:00+00,Fri 25 Feb 2022,690,1228,0,3825574,3744470,240861,4066435,3985331,86.3562393566065,84.6338863774545,187
-7.6926,53.28823,2022/02/26 00:00:00+00,Sat 26 Feb 2022,959,2092,0,3826533,3746562,240861,4067394,3987423,86.376605016833,84.678312822912,188
-7.6926,53.28823,2022/02/27 00:00:00+00,Sun 27 Feb 2022,671,1783,0,3827204,3748345,240861,4068065,3989206,86.3908546080863,84.7161772360338,189
-7.6926,53.28823,2022/02/28 00:00:00+00,Mon 28 Feb 2022,81,428,0,3827285,3748773,240861,4068146,3989634,86.392574752485,84.725266394091,190
-7.6926,53.28823,2022/03/01 00:00:00+00,Tue 01 Mar 2022,130,937,0,3827415,3749710,240861,4068276,3990571,86.3953354780632,84.7451648546043,191
-7.6926,53.28823,2022/03/02 00:00:00+00,Wed 02 Mar 2022,206,996,2,3827621,3750706,240863,4068484,3991569,86.3997526389882,84.7663587325042,192
-7.6926,53.28823,2022/03/03 00:00:00+00,Thu 03 Mar 2022,279,1273,0,3827900,3751979,240863,4068763,3992842,86.4056775808059,84.7933926068194,193
-7.6926,53.28823,2022/03/04 00:00:00+00,Fri 04 Mar 2022,735,1506,1,3828635,3753485,240864,4069499,3994349,86.4213075348483,84.8253957871752,194
-7.6926,53.28823,2022/03/05 00:00:00+00,Sat 05 Mar 2022,962,3341,0,3829597,3756826,240864,4070461,3997690,86.4417369041266,84.8963464345335,195
-7.6926,53.28823,2022/03/06 00:00:00+00,Sun 06 Mar 2022,455,1915,0,3830052,3758741,240864,4070916,3999605,86.4513994436501,84.9370140459347,196
-7.6926,53.28823,2022/03/07 00:00:00+00,Mon 07 Mar 2022,114,123,1,3830166,3758864,240865,4071031,3999729,86.4538416239692,84.9396473534092,197
-7.6926,53.28823,2022/03/08 00:00:00+00,Tue 08 Mar 2022,120,492,0,3830286,3759356,240865,4071151,4000221,86.4563899860413,84.9500956379049,198
-7.6926,53.28823,2022/03/09 00:00:00+00,Wed 09 Mar 2022,129,345,1,3830415,3759701,240866,4071281,4000567,86.4591507116195,84.9574434152129,199
-7.6926,53.28823,2022/03/10 00:00:00+00,Thu 10 Mar 2022,258,508,0,3830673,3760209,240866,4071539,4001075,86.4646296900746,84.9682314813183,200
-7.6926,53.28823,2022/03/11 00:00:00+00,Fri 11 Mar 2022,492,2182,0,3831165,3762391,240866,4072031,4003257,86.4750779745703,85.0145691983299,201
-7.6926,53.28823,2022/03/12 00:00:00+00,Sat 12 Mar 2022,473,2391,2,3831638,3764782,240868,4072506,4005650,86.4851652411058,85.0653877853183,202
-7.6926,53.28823,2022/03/13 00:00:00+00,Sun 13 Mar 2022,358,1082,0,3831996,3765864,240868,4072864,4006732,86.4927678546211,85.0883655166687,203
-7.6926,53.28823,2022/03/14 00:00:00+00,Mon 14 Mar 2022,109,121,0,3832105,3765985,240868,4072973,4006853,86.4950826168366,85.0909351150915,204
-7.6926,53.28823,2022/03/15 00:00:00+00,Tue 15 Mar 2022,219,757,1,3832324,3766742,240869,4073193,4007611,86.4997546139688,85.1070322688471,205
-7.6926,53.28823,2022/03/16 00:00:00+00,Wed 16 Mar 2022,196,797,0,3832520,3767539,240869,4073389,4008408,86.5039169386866,85.1239576402762,206
-7.6926,53.28823,2022/03/18 00:00:00+00,Fri 18 Mar 2022,1,6,0,3832521,3767545,240869,4073390,4008414,86.5039381750372,85.1240850583798,207
-7.6926,53.28823,2022/03/19 00:00:00+00,Sat 19 Mar 2022,743,2779,0,3833264,3770324,240869,4074133,4011193,86.5197167835338,85.1831008767003,208
-7.6926,53.28823,2022/03/20 00:00:00+00,Sun 20 Mar 2022,395,1402,0,3833659,3771726,240869,4074528,4012595,86.5281051420213,85.212874240243,209
-7.6926,53.28823,2022/03/21 00:00:00+00,Mon 21 Mar 2022,54,112,0,3833713,3771838,240869,4074582,4012707,86.5292519049537,85.2152527115103,210
-7.6926,53.28823,2022/03/22 00:00:00+00,Tue 22 Mar 2022,140,575,0,3833853,3772413,240869,4074722,4013282,86.5322249940379,85.227463613106,211
-7.6926,53.28823,2022/03/23 00:00:00+00,Wed 23 Mar 2022,102,221,0,3833955,3772634,240869,4074824,4013503,86.5343911017992,85.2321568465888,212
-7.6926,53.28823,2022/03/24 00:00:00+00,Thu 24 Mar 2022,147,244,0,3834102,3772878,240869,4074971,4013747,86.5375128453376,85.2373385161355,213
-7.6926,53.28823,2022/03/25 00:00:00+00,Fri 25 Mar 2022,435,1625,0,3834537,3774503,240869,4075406,4015372,86.546750657849,85.2718475858623,214
-7.6926,53.28823,2022/03/26 00:00:00+00,Sat 26 Mar 2022,874,1848,0,3835411,3776351,240869,4076280,4017220,86.5653112282744,85.3110923617731,215
-7.6926,53.28823,2022/03/27 00:00:00+00,Sun 27 Mar 2022,380,803,0,3835791,3777154,240869,4076660,4018023,86.5733810415028,85.3281451513058,216
-7.6926,53.28823,2022/03/27 23:00:00+00,Mon 28 Mar 2022,44,53,1,3835835,3777207,240870,4076705,4018077,86.5743366772799,85.3292919142383,217
-7.6926,53.28823,2022/03/28 23:00:00+00,Tue 29 Mar 2022,138,193,3,3835973,3777400,240873,4076846,4018273,86.5773310027146,85.3334542389561,218
-7.6926,53.28823,2022/03/29 23:00:00+00,Wed 30 Mar 2022,109,135,0,3836082,3777535,240873,4076955,4018408,86.5796457649302,85.3363211462872,219
-7.6926,53.28823,2022/03/30 23:00:00+00,Thu 31 Mar 2022,227,358,0,3836309,3777893,240873,4077182,4018766,86.5844664165166,85.3439237598024,220
-7.6926,53.28823,2022/03/31 23:00:00+00,Fri 01 Apr 2022,304,904,0,3836613,3778797,240873,4077486,4019670,86.5909222670993,85.3631214207458,221
-7.6926,53.28823,2022/04/01 23:00:00+00,Sat 02 Apr 2022,729,1539,0,3837342,3780336,240873,4078215,4021209,86.6064035666875,85.3958041643209,222
-7.6926,53.28823,2022/04/02 23:00:00+00,Sun 03 Apr 2022,537,816,0,3837879,3781152,240873,4078752,4022025,86.6178074869603,85.4131330264114,223
-7.6926,53.28823,2022/04/03 23:00:00+00,Mon 04 Apr 2022,49,53,0,3837928,3781205,240873,4078801,4022078,86.6188480681398,85.4142585529933,224
-7.6926,53.28823,2022/04/04 23:00:00+00,Tue 05 Apr 2022,130,169,0,3838058,3781374,240873,4078931,4022247,86.621608793718,85.4178474962449,225
-7.6926,53.28823,2022/04/05 23:00:00+00,Wed 06 Apr 2022,159,209,0,3838217,3781583,240873,4079090,4022456,86.6249853734635,85.4222858935205,226
-7.6926,53.28823,2022/04/06 23:00:00+00,Thu 07 Apr 2022,117,178,0,3838334,3781761,240873,4079207,4022634,86.6274700264838,85.4260659639275,227
-7.6926,53.28823,2022/04/07 23:00:00+00,Fri 08 Apr 2022,258,422,2,3838592,3782183,240875,4079467,4023058,86.6329914776401,85.4350701765824,228
-7.6926,53.28823,2022/04/08 23:00:00+00,Sat 09 Apr 2022,559,1018,0,3839151,3783201,240875,4080026,4024076,86.6448625976262,85.4566887814943,229
-7.6926,53.28823,2022/04/09 23:00:00+00,Sun 10 Apr 2022,413,719,0,3839564,3783920,240875,4080439,4024795,86.6536332104244,85.4719577175765,230
-7.6926,53.28823,2022/04/10 23:00:00+00,Mon 11 Apr 2022,70,92,1,3839634,3784012,240876,4080510,4024888,86.6551409913171,85.4739326981824,231
-7.6926,53.28823,2022/04/11 23:00:00+00,Tue 12 Apr 2022,196,177,0,3839830,3784189,240876,4080706,4025065,86.6593033160349,85.4776915322388,232
-7.6926,53.28823,2022/04/12 23:00:00+00,Wed 13 Apr 2022,144,232,0,3839974,3784421,240876,4080850,4025297,86.6623613505215,85.4826183655783,233
-7.6926,53.28823,2022/04/13 23:00:00+00,Thu 14 Apr 2022,360,429,0,3840334,3784850,240876,4081210,4025726,86.6700064367379,85.4917287599861,234
-7.6926,53.28823,2022/04/14 23:00:00+00,Fri 15 Apr 2022,446,990,0,3840780,3785840,240876,4081656,4026716,86.679477849106,85.5127527470812,235
-7.6926,53.28823,2022/04/15 23:00:00+00,Sat 16 Apr 2022,42,88,0,3840822,3785928,240876,4081698,4026804,86.6803697758312,85.5146215459341,236
-7.6926,53.28823,2022/04/16 23:00:00+00,Sun 17 Apr 2022,1,0,0,3840823,3785928,240876,4081699,4026804,86.6803910121818,85.5146215459341,237
-7.6926,53.28823,2022/04/17 23:00:00+00,Mon 18 Apr 2022,36,62,1,3840859,3785990,240877,4081736,4026867,86.681176757154,85.515959436022,238
-7.6926,53.28823,2021/04/25 23:00:00+00,Mon 26 Apr 2021,15594,3055,3,1063636,434158,260,1063896,434418,22.5932684591138,9.22545295543106,239
-7.6926,53.28823,2021/04/26 23:00:00+00,Tue 27 Apr 2021,25916,7816,9,1089552,441974,269,1089821,442243,23.1438208484474,9.39162739888471,240
-7.6926,53.28823,2021/04/27 23:00:00+00,Wed 28 Apr 2021,26038,8612,5,1115590,450586,274,1115864,450860,23.696879127152,9.57462103201444,241
-7.6926,53.28823,2021/04/28 23:00:00+00,Thu 29 Apr 2021,31691,11335,6,1147281,461921,280,1147561,462201,24.3700077321553,9.81546248418157,242
-7.6926,53.28823,2021/04/29 23:00:00+00,Fri 30 Apr 2021,36111,13530,8,1183392,475451,288,1183680,475739,25.1370434795166,10.1029601986193,243
-7.6926,53.28823,2021/04/30 23:00:00+00,Sat 01 May 2021,16583,6689,18,1199975,482140,306,1200281,482446,25.4895881358455,10.245392402101,244
-7.6926,53.28823,2021/05/01 23:00:00+00,Sun 02 May 2021,12463,910,15,1212438,483050,321,1212759,483371,25.7545753186461,10.265036026407,245
-7.6926,53.28823,2021/05/02 23:00:00+00,Mon 03 May 2021,14265,926,21,1226703,483976,342,1227045,484318,26.0579578233335,10.2851468504262,246
-7.6926,53.28823,2021/05/03 23:00:00+00,Tue 04 May 2021,26662,6794,10,1253365,490770,352,1253717,491122,26.6243737665662,10.4296389799161,247
-7.6926,53.28823,2021/05/04 23:00:00+00,Wed 05 May 2021,32117,13456,69,1285482,504226,421,1285903,504647,27.3078869470134,10.7168606217961,248
-7.6926,53.28823,2021/05/05 23:00:00+00,Thu 06 May 2021,37294,14374,132,1322776,518600,553,1323329,519153,28.1026786046104,11.0249151236157,249
-7.6926,53.28823,2021/05/06 23:00:00+00,Fri 07 May 2021,40604,15072,97,1363380,533672,650,1364030,534322,28.967019310426,11.3470493258839,250
-7.6926,53.28823,2021/05/07 23:00:00+00,Sat 08 May 2021,25626,7054,10,1389006,540726,660,1389666,541386,29.5114343944359,11.4970629065301,251
-7.6926,53.28823,2021/05/08 23:00:00+00,Sun 09 May 2021,19674,926,5,1408680,541652,665,1409345,542317,29.9293445379151,11.5168339489397,252
-7.6926,53.28823,2021/05/09 23:00:00+00,Mon 10 May 2021,28844,4647,171,1437524,546299,836,1438360,547135,30.5455172506061,11.6191506861359,253
-7.6926,53.28823,2021/05/10 23:00:00+00,Tue 11 May 2021,33926,14825,153,1471450,561124,989,1472439,562113,31.2692308427412,11.9372287454392,254
-7.6926,53.28823,2021/05/11 23:00:00+00,Wed 12 May 2021,31292,20947,173,1502742,582071,1162,1503904,583233,31.937432614405,12.3857404701346,255
-7.6926,53.28823,2021/05/12 23:00:00+00,Thu 13 May 2021,35998,25479,152,1538740,607550,1314,1540054,608864,32.705126688635,12.9300493723915,256
-7.6926,53.28823,2021/05/13 23:00:00+00,Fri 14 May 2021,38219,27942,236,1576959,635492,1550,1578509,637042,33.5217705510005,13.5284472596295,257
-7.6926,53.28823,2021/05/14 23:00:00+00,Sat 15 May 2021,28858,12450,22,1605817,647942,1572,1607389,649514,34.1350763563604,13.7933070243265,258
-7.6926,53.28823,2021/05/15 23:00:00+00,Sun 16 May 2021,23178,1173,9,1628995,649115,1581,1630576,650696,34.6274836177482,13.818408390737,259
-7.6926,53.28823,2021/05/16 23:00:00+00,Mon 17 May 2021,35384,3951,118,1664379,653066,1699,1666078,654765,35.3814165367887,13.9048191013329,260
-7.6926,53.28823,2021/05/17 23:00:00+00,Tue 18 May 2021,39013,12496,127,1703392,665562,1826,1705218,667388,36.212607299316,14.1728855549706,261
-7.6926,53.28823,2021/05/18 23:00:00+00,Wed 19 May 2021,37023,17589,211,1740415,683151,2037,1742452,685188,37.0033215775975,14.5508925956703,262
-7.6926,53.28823,2021/05/19 23:00:00+00,Thu 20 May 2021,39090,19645,136,1779505,702796,2173,1781678,704969,37.8363386662765,14.9709688469108,263
-7.6926,53.28823,2021/05/20 23:00:00+00,Fri 21 May 2021,25837,23247,14934,1805342,726043,17107,1822449,743150,38.7021659166342,15.7817939492116,264
-7.6926,53.28823,2021/05/21 23:00:00+00,Sat 22 May 2021,16587,10248,13522,1821929,736291,30629,1852558,766920,39.3415711968828,16.2865820029998,265
-7.6926,53.28823,2021/05/22 23:00:00+00,Sun 23 May 2021,8216,5526,10205,1830145,741817,40834,1870979,782651,39.7327660113058,16.6206510343058,266
-7.6926,53.28823,2021/05/23 23:00:00+00,Mon 24 May 2021,22547,8217,8450,1852692,750034,49284,1901976,799318,40.3910291708883,16.9745972897745,267
-7.6926,53.28823,2021/05/24 23:00:00+00,Tue 25 May 2021,30346,16498,3224,1883038,766532,52508,1935546,819040,41.1039334605674,17.3934205963295,268
-7.6926,53.28823,2021/05/25 23:00:00+00,Wed 26 May 2021,19979,25451,3054,1903017,791983,55562,1958579,847545,41.5930703239626,17.998762770214,269
-7.6926,53.28823,2021/05/26 23:00:00+00,Thu 27 May 2021,17014,36036,550,1920031,828019,56112,1976143,884131,41.9660655859205,18.775715893306,270
-7.6926,53.28823,2021/05/27 23:00:00+00,Fri 28 May 2021,27043,31826,1558,1947074,859845,57670,2004744,917515,42.5734464494627,19.4846702217733,271
-7.6926,53.28823,2021/05/28 23:00:00+00,Sat 29 May 2021,24481,7386,534,1971555,867231,58204,2029759,925435,43.1046737597493,19.6528621185341,272
-7.6926,53.28823,2021/05/29 23:00:00+00,Sun 30 May 2021,24252,1676,209,1995807,868907,58413,2054220,927320,43.624136131803,19.6928926394172,273
-7.6926,53.28823,2021/05/30 23:00:00+00,Mon 31 May 2021,22587,7320,3443,2018394,876227,61856,2080250,938083,44.1769183379498,19.9214594809369,274
-7.6926,53.28823,2021/05/31 23:00:00+00,Tue 01 Jun 2021,27572,11516,3653,2045966,887743,65509,2111475,953252,44.8400233854693,20.243593683205,275
-7.6926,53.28823,2021/06/01 23:00:00+00,Wed 02 Jun 2021,18700,20898,4008,2064666,908641,69517,2134183,978158,45.3222584349192,20.7725062312762,276
-7.6926,53.28823,2021/06/02 23:00:00+00,Thu 03 Jun 2021,16693,30707,1977,2081359,939348,71494,2152853,1010842,45.7187411006418,21.4665951143227,277
-7.6926,53.28823,2021/06/03 23:00:00+00,Fri 04 Jun 2021,28982,23342,153,2110341,962690,71647,2181988,1034337,46.337462175405,21.9655431716957,278
-7.6926,53.28823,2021/06/04 23:00:00+00,Sat 05 Jun 2021,20965,11492,33,2131306,974182,71680,2202986,1045862,46.7833830653271,22.2102921123734,279
-7.6926,53.28823,2021/06/05 23:00:00+00,Sun 06 Jun 2021,19946,3908,46,2151252,978090,71726,2222978,1049816,47.2079401865443,22.2942606426502,280
-7.6926,53.28823,2021/06/06 23:00:00+00,Mon 07 Jun 2021,19817,4591,45,2171069,982681,71771,2242840,1054452,47.6297365821835,22.3927123640369,281
-7.6926,53.28823,2021/06/07 23:00:00+00,Tue 08 Jun 2021,26412,18341,45,2197481,1001022,71816,2269297,1072838,48.191586710037,22.7831639061888,282
-7.6926,53.28823,2021/06/08 23:00:00+00,Wed 09 Jun 2021,32803,20111,174,2230284,1021133,71990,2302274,1093123,48.8918978438096,23.2139432781323,283
-7.6926,53.28823,2021/06/09 23:00:00+00,Thu 10 Jun 2021,27699,27490,273,2257983,1048623,72263,2330246,1120886,49.4859210428237,23.8035280798708,284
-7.6926,53.28823,2021/06/10 23:00:00+00,Fri 11 Jun 2021,26440,32898,40,2284423,1081521,72303,2356726,1153824,50.048259606741,24.50301099597,285
-7.6926,53.28823,2021/06/11 23:00:00+00,Sat 12 Jun 2021,12212,19721,105,2296635,1101242,72408,2369043,1173650,50.3098277370948,24.9240428829875,286
-7.6926,53.28823,2021/06/12 23:00:00+00,Sun 13 Jun 2021,8551,18173,834,2305186,1119415,73242,2378428,1192657,50.5091308874862,25.3276821988627,287
-7.6926,53.28823,2021/06/13 23:00:00+00,Mon 14 Jun 2021,16020,31302,51,2321206,1150717,73293,2394499,1224010,50.8504202779966,25.9935054992592,288
-7.6926,53.28823,2021/06/14 23:00:00+00,Tue 15 Jun 2021,14702,41588,205,2335908,1192305,73498,2409406,1265803,51.1669905564073,26.8810362999312,289
-7.6926,53.28823,2021/06/15 23:00:00+00,Wed 16 Jun 2021,13472,48389,217,2349380,1240694,73715,2423095,1314409,51.4576949597858,27.9132503572485,290
-7.6926,53.28823,2021/06/16 23:00:00+00,Thu 17 Jun 2021,21571,42692,535,2370951,1283386,74250,2445201,1357636,51.9271457261738,28.8312340846825,291
-7.6926,53.28823,2021/06/17 23:00:00+00,Fri 18 Jun 2021,12019,50018,554,2382970,1333404,74804,2457774,1408208,52.1941503622815,29.9051988072816,292
-7.6926,53.28823,2021/06/18 23:00:00+00,Sat 19 Jun 2021,6319,32804,433,2389289,1366208,75237,2464526,1441445,52.3375382015402,30.6110313922105,293
-7.6926,53.28823,2021/06/19 23:00:00+00,Sun 20 Jun 2021,8516,26142,177,2397805,1392350,75414,2473219,1467764,52.5221457973156,31.169950903681,294
-7.6926,53.28823,2021/06/20 23:00:00+00,Mon 21 Jun 2021,15481,32337,574,2413286,1424687,75988,2489274,1500675,52.8630954062163,31.868860438314,295
-7.6926,53.28823,2021/06/21 23:00:00+00,Tue 22 Jun 2021,15147,43542,722,2428433,1468229,76710,2505143,1544939,53.2000950539053,32.8088662613214,296
-7.6926,53.28823,2021/06/22 23:00:00+00,Wed 23 Jun 2021,20087,39386,883,2448520,1507615,77593,2526113,1585208,53.6454213260105,33.6640328636773,297
-7.6926,53.28823,2021/06/23 23:00:00+00,Thu 24 Jun 2021,19022,44274,1032,2467542,1551889,78625,2546167,1630514,54.071295100965,34.626166964011,298
-7.6926,53.28823,2021/06/24 23:00:00+00,Fri 25 Jun 2021,15210,50125,843,2482752,1602014,79468,2562220,1681482,54.4122022371646,35.7085412814481,299
-7.6926,53.28823,2021/06/25 23:00:00+00,Sat 26 Jun 2021,9066,30559,511,2491818,1632573,79979,2571797,1712552,54.6155827668714,36.3683546946245,300
-7.6926,53.28823,2021/06/26 23:00:00+00,Sun 27 Jun 2021,8736,30477,59,2500554,1663050,80038,2580592,1743088,54.8023564704081,37.0168278965798,301
-7.6926,53.28823,2021/06/27 23:00:00+00,Mon 28 Jun 2021,24232,24645,524,2524786,1687695,80562,2605348,1768257,55.3280835658891,37.551325604859,302
-7.6926,53.28823,2021/06/28 23:00:00+00,Tue 29 Jun 2021,28143,31039,810,2552929,1718734,81372,2634301,1800106,55.9429396248429,38.2276821351537,303
-7.6926,53.28823,2021/06/29 23:00:00+00,Wed 30 Jun 2021,22576,36868,590,2575505,1755602,81962,2657467,1837564,56.4349009228681,39.0231533559699,304
-7.6926,53.28823,2021/06/30 23:00:00+00,Thu 01 Jul 2021,15026,48305,640,2590531,1803907,82602,2673133,1886509,56.767589591385,40.062566536141,305
-7.6926,53.28823,2021/07/01 23:00:00+00,Fri 02 Jul 2021,13685,47266,817,2604216,1851173,83419,2687635,1934592,57.0755591478022,41.0836739820939,306
-7.6926,53.28823,2021/07/02 23:00:00+00,Sat 03 Jul 2021,9317,30476,505,2613533,1881649,83924,2697457,1965573,57.2841425834063,41.7415973600668,307
-7.6926,53.28823,2021/07/03 23:00:00+00,Sun 04 Jul 2021,6452,27782,233,2619985,1909431,84157,2704142,1993588,57.4261075871747,42.3365337221568,308
-7.6926,53.28823,2021/07/04 23:00:00+00,Mon 05 Jul 2021,15616,33463,5343,2635601,1942894,89500,2725101,2032394,57.8712002594233,43.1606315435833,309
-7.6926,53.28823,2021/07/05 23:00:00+00,Tue 06 Jul 2021,12410,48298,5486,2648011,1991192,94986,2742997,2086178,58.2512459897806,44.3028074243131,310
-7.6926,53.28823,2021/07/06 23:00:00+00,Wed 07 Jul 2021,19706,43758,5059,2667717,2034950,100045,2767762,2134995,58.777164212417,45.3395023516073,311
-7.6926,53.28823,2021/07/07 23:00:00+00,Thu 08 Jul 2021,17779,45593,5997,2685496,2080543,106042,2791538,2186585,59.2820796843089,46.4350856791183,312
-7.6926,53.28823,2021/07/08 23:00:00+00,Fri 09 Jul 2021,13527,45087,6531,2699023,2125630,112573,2811596,2238203,59.7080384046659,47.5312636244462,313
-7.6926,53.28823,2021/07/09 23:00:00+00,Sat 10 Jul 2021,8637,23870,4364,2707660,2149500,116937,2824597,2266437,59.9841321988308,48.1308507473178,314
-7.6926,53.28823,2021/07/10 23:00:00+00,Sun 11 Jul 2021,15236,16111,2153,2722896,2165611,119090,2841986,2284701,60.3534110994335,48.5187114546964,315
-7.6926,53.28823,2021/07/11 23:00:00+00,Mon 12 Jul 2021,17109,31764,6092,2740005,2197375,125182,2865187,2322557,60.8461156697297,49.3226347430518,316
-7.6926,53.28823,2021/07/12 23:00:00+00,Tue 13 Jul 2021,20105,36568,8491,2760110,2233943,133673,2893783,2367616,61.4533903515189,50.279523464787,317
-7.6926,53.28823,2021/07/13 23:00:00+00,Wed 14 Jul 2021,20801,35709,9335,2780911,2269652,143008,2923919,2412660,62.0933690132339,51.2360936412632,318
-7.6926,53.28823,2021/07/14 23:00:00+00,Thu 15 Jul 2021,23645,28834,9586,2804556,2298486,152594,2957150,2451080,62.7990741800592,52.0519942313577,319
-7.6926,53.28823,2021/07/15 23:00:00+00,Fri 16 Jul 2021,23528,27427,9166,2828084,2325913,161760,2989844,2487673,63.4933754266117,52.829096008904,320
-7.6926,53.28823,2021/07/16 23:00:00+00,Sat 17 Jul 2021,11509,19426,4677,2839593,2345339,166437,3006030,2511776,63.8371069974412,53.3409557674424,321
-7.6926,53.28823,2021/07/17 23:00:00+00,Sun 18 Jul 2021,16865,15818,1932,2856458,2361157,168369,3024827,2529526,64.2362866796902,53.717900990612,322
-7.6926,53.28823,2021/07/18 23:00:00+00,Mon 19 Jul 2021,24889,18437,6255,2881347,2379594,174624,3055971,2554218,64.897671582811,54.2422689596546,323
-7.6926,53.28823,2021/07/19 23:00:00+00,Tue 20 Jul 2021,30587,18182,7699,2911934,2397776,182323,3094257,2580099,65.710726501925,54.7918869495617,324
-7.6926,53.28823,2021/07/20 23:00:00+00,Wed 21 Jul 2021,30359,19841,6889,2942293,2417617,189212,3131505,2606829,66.501738089115,55.3595346011293,325
-7.6926,53.28823,2021/07/21 23:00:00+00,Thu 22 Jul 2021,33539,15925,6934,2975832,2433542,196146,3171978,2629688,67.3612369069935,55.84497633952,326
-7.6926,53.28823,2021/07/22 23:00:00+00,Fri 23 Jul 2021,27087,20836,5615,3002919,2454378,201761,3204680,2656139,68.0557080443509,56.4066990492698,327
-7.6926,53.28823,2021/07/23 23:00:00+00,Sat 24 Jul 2021,15437,14812,2275,3018356,2469190,204036,3222392,2673226,68.4318462861976,56.7695645719909,328
-7.6926,53.28823,2021/07/24 23:00:00+00,Sun 25 Jul 2021,14722,13643,1046,3033078,2482833,205082,3238160,2687915,68.7667010624759,57.0815053259705,329
-7.6926,53.28823,2021/07/25 23:00:00+00,Mon 26 Jul 2021,23838,18301,3422,3056916,2501134,208504,3265420,2709638,69.345603979862,57.5428225700784,330
-7.6926,53.28823,2021/07/26 23:00:00+00,Tue 27 Jul 2021,25507,23908,3671,3082423,2525042,212175,3294598,2737217,69.9652382177011,58.1284998833062,331
-7.6926,53.28823,2021/07/27 23:00:00+00,Wed 28 Jul 2021,23439,25287,3263,3105862,2550329,215438,3321300,2765767,70.5322912514518,58.7347976929678,332
-7.6926,53.28823,2021/07/28 23:00:00+00,Thu 29 Jul 2021,19273,27867,2962,3125135,2578196,218400,3343535,2796596,71.0044815070674,59.3894931456493,333
-7.6926,53.28823,2021/07/29 23:00:00+00,Fri 30 Jul 2021,21955,22939,2120,3147090,2601135,220520,3367610,2821655,71.515746647789,59.9216548553624,334
-7.6926,53.28823,2021/07/30 23:00:00+00,Sat 31 Jul 2021,13745,12484,907,3160835,2613619,221427,3382262,2835046,71.8269016567964,60.2060308262618,335
-7.6926,53.28823,2021/07/31 23:00:00+00,Sun 01 Aug 2021,11116,9328,368,3171951,2622947,221795,3393746,2844742,72.0707799070995,60.4119384816901,336
-7.6926,53.28823,2021/08/01 23:00:00+00,Mon 02 Aug 2021,15024,16022,430,3186975,2638969,222225,3409200,2861194,72.398966469289,60.7613189217795,337
-7.6926,53.28823,2021/08/02 23:00:00+00,Tue 03 Aug 2021,17347,25448,1111,3204322,2664417,223336,3427658,2887753,72.7909470286841,61.3253351573943,338
-7.6926,53.28823,2021/08/03 23:00:00+00,Wed 04 Aug 2021,22114,17307,1576,3226436,2681724,224912,3451348,2906636,73.2940361744243,61.7263411657949,339
-7.6926,53.28823,2021/08/04 23:00:00+00,Thu 05 Aug 2021,13534,30048,1420,3239970,2711772,226332,3466302,2938104,73.6116045613133,62.3946066465105,340
-7.6926,53.28823,2021/08/05 23:00:00+00,Fri 06 Aug 2021,12209,24750,948,3252179,2736522,227280,3479459,2963802,73.891011226172,62.9403383842577,341
-7.6926,53.28823,2021/08/06 23:00:00+00,Sat 07 Aug 2021,6337,8461,583,3258516,2744983,227863,3486379,2972846,74.0379667723317,63.1323999390941,342
-7.6926,53.28823,2021/08/07 23:00:00+00,Sun 08 Aug 2021,8626,11976,153,3267142,2756959,228016,3495158,2984975,74.2244006942588,63.389975635535,343
-7.6926,53.28823,2021/08/08 23:00:00+00,Mon 09 Aug 2021,5544,23038,600,3272686,2779997,228616,3501302,3008613,74.354876832352,63.8919604910439,344
-7.6926,53.28823,2021/08/09 23:00:00+00,Tue 10 Aug 2021,9356,26013,716,3282042,2806010,229332,3511374,3035342,74.5687693556063,64.4595869062608,345
-7.6926,53.28823,2021/08/10 23:00:00+00,Wed 11 Aug 2021,7015,31243,666,3289057,2837253,229998,3519055,3067251,74.7318857645734,65.1372176175915,346
-7.6926,53.28823,2021/08/11 23:00:00+00,Thu 12 Aug 2021,6775,38298,862,3295832,2875551,230860,3526692,3106411,74.894067774114,65.9688331071308,347
-7.6926,53.28823,2021/08/12 23:00:00+00,Fri 13 Aug 2021,10932,28247,870,3306764,2903798,231730,3538494,3135528,75.1446991839083,66.5871719275832,348
-7.6926,53.28823,2021/08/13 23:00:00+00,Sat 14 Aug 2021,18139,5845,281,3324903,2909643,232011,3556914,3141654,75.5358727619807,66.7172658113656,349
-7.6926,53.28823,2021/08/14 23:00:00+00,Sun 15 Aug 2021,16999,3730,51,3341902,2913373,232062,3573964,3145435,75.8979525397295,66.7975604529883,350
-7.6926,53.28823,2021/08/15 23:00:00+00,Mon 16 Aug 2021,10189,23155,384,3352091,2936528,232446,3584537,3168974,76.122484474635,67.2974429097878,351
-7.6926,53.28823,2021/08/16 23:00:00+00,Tue 17 Aug 2021,12866,26866,528,3364957,2963394,232974,3597931,3196368,76.4069241545862,67.8791914981545,352
-7.6926,53.28823,2021/08/17 23:00:00+00,Wed 18 Aug 2021,15235,25765,658,3380192,2989159,233632,3613824,3222791,76.7444334746896,68.4403195900875,353
-7.6926,53.28823,2021/08/18 23:00:00+00,Thu 19 Aug 2021,11363,25707,544,3391555,3014866,234176,3625731,3249042,76.9972947012969,68.9977950297171,354
-7.6926,53.28823,2021/08/19 23:00:00+00,Fri 20 Aug 2021,14850,22250,686,3406405,3037116,234862,3641267,3271978,77.3272226442357,69.484871967104,355
-7.6926,53.28823,2021/08/20 23:00:00+00,Sat 21 Aug 2021,11894,7978,246,3418299,3045094,235108,3653407,3280202,77.5850319405331,69.6595197144475,356
-7.6926,53.28823,2021/08/21 23:00:00+00,Sun 22 Aug 2021,8005,12251,161,3426304,3057345,235269,3661573,3292614,77.7584479795417,69.9231052981085,357
-7.6926,53.28823,2022/04/18 23:00:00+00,Tue 19 Apr 2022,218,269,1,3841077,3786259,240878,4081955,4027137,86.6858275179357,85.5216932506843,358
-7.6926,53.28823,2022/04/19 23:00:00+00,Wed 20 Apr 2022,250,606,0,3841327,3786865,240878,4082205,4027743,86.691136605586,85.5345624791486,359
-7.6926,53.28823,2022/04/20 23:00:00+00,Thu 21 Apr 2022,171,236,0,3841498,3787101,240878,4082376,4027979,86.6947680215388,85.5395742578904,360
-7.6926,53.28823,2022/04/21 23:00:00+00,Fri 22 Apr 2022,196,254,0,3841694,3787355,240878,4082572,4028233,86.6989303462566,85.5449682909431,361
-7.6926,53.28823,2022/04/22 23:00:00+00,Sat 23 Apr 2022,324,1010,0,3842018,3788365,240878,4082896,4029243,86.7058109238513,85.5664170050502,362
-7.6926,53.28823,2022/04/23 23:00:00+00,Sun 24 Apr 2022,181,253,0,3842199,3788618,240878,4083077,4029496,86.7096547033101,85.5717898017523,363
-7.6926,53.28823,2022/04/24 23:00:00+00,Mon 25 Apr 2022,42,58,1,3842241,3788676,240879,4083120,4029555,86.710567866386,85.5730427464378,364
-7.6926,53.28823,2022/04/25 23:00:00+00,Tue 26 Apr 2022,145,238,0,3842386,3788914,240879,4083265,4029793,86.7136471372231,85.5780969978808,365
-7.6926,53.28823,2022/04/26 23:00:00+00,Wed 27 Apr 2022,122,208,0,3842508,3789122,240879,4083387,4030001,86.7162379719965,85.5825141588059,366
-7.6926,53.28823,2022/04/27 23:00:00+00,Thu 28 Apr 2022,103,130,0,3842611,3789252,240879,4083490,4030131,86.7184253161084,85.585274884384,367
-7.6926,53.28823,2022/04/28 23:00:00+00,Fri 29 Apr 2022,171,222,0,3842782,3789474,240879,4083661,4030353,86.7220567320612,85.5899893542174,368
-7.6926,53.28823,2022/04/29 23:00:00+00,Sat 30 Apr 2022,281,723,0,3843063,3790197,240879,4083942,4031076,86.7280241465801,85.6053432357021,369
-7.6926,53.28823,2022/04/30 23:00:00+00,Sun 01 May 2022,187,746,0,3843250,3790943,240879,4084129,4031822,86.7319953441425,85.6211855532505,370
-7.6926,53.28823,2022/05/01 23:00:00+00,Mon 02 May 2022,13,26,0,3843263,3790969,240879,4084142,4031848,86.7322714167003,85.6217376983661,371
-7.6926,53.28823,2022/05/02 23:00:00+00,Tue 03 May 2022,101,117,0,3843364,3791086,240879,4084243,4031965,86.734416288111,85.6242223513864,372
-7.6926,53.28823,2022/05/03 23:00:00+00,Wed 04 May 2022,116,128,0,3843480,3791214,240879,4084359,4032093,86.7368797047807,85.6269406042634,373
-7.6926,53.28823,2022/05/04 23:00:00+00,Thu 05 May 2022,117,164,0,3843597,3791378,240879,4084476,4032257,86.7393643578011,85.630423365762,374
-7.6926,53.28823,2022/05/05 23:00:00+00,Fri 06 May 2022,140,257,0,3843737,3791635,240879,4084616,4032514,86.7423374468852,85.6358811078664,375
-7.6926,53.28823,2022/05/06 23:00:00+00,Sat 07 May 2022,441,1088,0,3844178,3792723,240879,4085057,4033602,86.7517026775003,85.6589862573204,376
-7.6926,53.28823,2022/05/07 23:00:00+00,Sun 08 May 2022,275,437,0,3844453,3793160,240879,4085332,4034039,86.7575426739156,85.6682665425331,377
-7.6926,53.28823,2022/05/08 23:00:00+00,Mon 09 May 2022,27,32,0,3844480,3793192,240879,4085359,4034071,86.7581160553818,85.6689461057524,378
-7.6926,53.28823,2022/05/09 23:00:00+00,Tue 10 May 2022,86,98,1,3844566,3793290,240880,4085446,4034170,86.7599636178842,85.6710485044619,379
-7.6926,53.28823,2022/05/10 23:00:00+00,Wed 11 May 2022,123,132,0,3844689,3793422,240880,4085569,4034302,86.7625756890081,85.6738517027412,380
-7.6926,53.28823,2022/05/11 23:00:00+00,Thu 12 May 2022,247,398,0,3844936,3793820,240880,4085816,4034700,86.7678210676065,85.6823037702805,381
-7.6926,53.28823,2022/05/12 23:00:00+00,Fri 13 May 2022,182,326,0,3845118,3794146,240880,4085998,4035026,86.771686083416,85.6892268205764,382
-7.6926,53.28823,2022/05/13 23:00:00+00,Sat 14 May 2022,333,632,0,3845451,3794778,240880,4086331,4035658,86.7787577881661,85.7026481941563,383
-7.6926,53.28823,2022/05/14 23:00:00+00,Sun 15 May 2022,169,254,0,3845620,3795032,240880,4086500,4035912,86.7823467314177,85.708042227209,384
-7.6926,53.28823,2022/05/15 23:00:00+00,Mon 16 May 2022,32,40,0,3845652,3795072,240880,4086532,4035952,86.783026294637,85.708891681233,385
-7.6926,53.28823,2022/05/16 23:00:00+00,Tue 17 May 2022,97,96,0,3845749,3795168,240880,4086629,4036048,86.7850862206453,85.7109303708907,386
-7.6926,53.28823,2022/05/17 23:00:00+00,Wed 18 May 2022,103,121,0,3845852,3795289,240880,4086732,4036169,86.7872735647572,85.7134999693135,387
-7.6926,53.28823,2022/05/18 23:00:00+00,Thu 19 May 2022,100,104,0,3845952,3795393,240880,4086832,4036273,86.7893971998173,85.715708549776,388
-7.6926,53.28823,2022/05/19 23:00:00+00,Fri 20 May 2022,127,208,0,3846079,3795601,240880,4086959,4036481,86.7920942163436,85.720125710701,389
-7.6926,53.28823,2022/05/20 23:00:00+00,Sat 21 May 2022,393,761,0,3846472,3796362,240880,4087352,4037242,86.8004401021299,85.7362865735085,390
-7.6926,53.28823,2022/05/21 23:00:00+00,Sun 22 May 2022,234,409,0,3846706,3796771,240880,4087586,4037651,86.8054094081705,85.7449722409043,391
-7.6926,53.28823,2022/05/22 23:00:00+00,Mon 23 May 2022,30,35,0,3846736,3796806,240880,4087616,4037686,86.8060464986885,85.7457155131753,392
-7.6926,53.28823,2022/05/23 23:00:00+00,Tue 24 May 2022,77,83,0,3846813,3796889,240880,4087693,4037769,86.8076816976848,85.7474781302752,393
-7.6926,53.28823,2022/05/24 23:00:00+00,Wed 25 May 2022,88,134,1,3846901,3797023,240881,4087782,4037904,86.8095717328883,85.7503450376064,394
-7.6926,53.28823,2022/05/25 23:00:00+00,Thu 26 May 2022,135,155,0,3847036,3797178,240881,4087917,4038059,86.8124386402195,85.7536366719496,395
-7.6926,53.28823,2022/05/26 23:00:00+00,Fri 27 May 2022,98,151,0,3847134,3797329,240881,4088015,4038210,86.8145198025784,85.7568433608903,396
-7.6926,53.28823,2022/05/27 23:00:00+00,Sat 28 May 2022,335,578,0,3847469,3797907,240881,4088350,4038788,86.8216339800298,85.7691179715378,397
-7.6926,53.28823,2022/05/28 23:00:00+00,Sun 29 May 2022,182,348,0,3847651,3798255,240881,4088532,4039136,86.8254989958392,85.7765082215469,398
-7.6926,53.28823,2022/05/29 23:00:00+00,Mon 30 May 2022,11,21,0,3847662,3798276,240881,4088543,4039157,86.8257325956958,85.7769541849096,399
-7.6926,53.28823,2022/05/30 23:00:00+00,Tue 31 May 2022,66,79,1,3847728,3798355,240882,4088610,4039237,86.827155431186,85.7786530929577,400
-7.6926,53.28823,2022/05/31 23:00:00+00,Wed 01 Jun 2022,71,100,0,3847799,3798455,240882,4088681,4039337,86.8286632120787,85.7807767280178,401
-7.6926,53.28823,2022/06/01 23:00:00+00,Thu 02 Jun 2022,120,138,0,3847919,3798593,240882,4088801,4039475,86.8312115741509,85.7837073444007,402
-7.6926,53.28823,2022/06/02 23:00:00+00,Fri 03 Jun 2022,63,144,0,3847982,3798737,240882,4088864,4039619,86.8325494642387,85.7867653788873,403
-7.6926,53.28823,2022/06/03 23:00:00+00,Sat 04 Jun 2022,307,606,0,3848289,3799343,240882,4089171,4040225,86.8390690238733,85.7996346073516,404
-7.6926,53.28823,2022/06/04 23:00:00+00,Sun 05 Jun 2022,142,273,0,3848431,3799616,240882,4089313,4040498,86.8420845856586,85.8054321310657,405
-7.6926,53.28823,2022/06/05 23:00:00+00,Mon 06 Jun 2022,3,6,0,3848434,3799622,240882,4089316,4040504,86.8421482947104,85.8055595491693,406
-7.6926,53.28823,2022/06/06 23:00:00+00,Tue 07 Jun 2022,29,50,0,3848463,3799672,240882,4089345,4040554,86.8427641488779,85.8066213666993,407
-7.6926,53.28823,2022/06/07 23:00:00+00,Wed 08 Jun 2022,41,76,0,3848504,3799748,240882,4089386,4040630,86.8436348392525,85.808235329345,408
-7.6926,53.28823,2022/06/08 23:00:00+00,Thu 09 Jun 2022,82,124,0,3848586,3799872,240882,4089468,4040754,86.8453762200018,85.8108686368195,409
-7.6926,53.28823,2022/06/09 23:00:00+00,Fri 10 Jun 2022,56,108,0,3848642,3799980,240882,4089524,4040862,86.8465654556355,85.8131621626845,410
-7.6926,53.28823,2022/06/10 23:00:00+00,Sat 11 Jun 2022,191,560,0,3848833,3800540,240882,4089715,4041422,86.8506215986003,85.8250545190211,411
-7.6926,53.28823,2022/06/11 23:00:00+00,Sun 12 Jun 2022,143,287,0,3848976,3800827,240882,4089858,4041709,86.8536583967362,85.8311493516436,412
-7.6926,53.28823,2022/06/12 23:00:00+00,Mon 13 Jun 2022,19,44,0,3848995,3800871,240882,4089877,4041753,86.8540618873976,85.83208375107,413
-7.6926,53.28823,2022/06/13 23:00:00+00,Tue 14 Jun 2022,39,55,0,3849034,3800926,240882,4089916,4041808,86.8548901050711,85.8332517503531,414
-7.6926,53.28823,2022/06/14 23:00:00+00,Wed 15 Jun 2022,70,122,0,3849104,3801048,240882,4089986,4041930,86.8563766496132,85.8358425851264,415
-7.6926,53.28823,2022/06/15 23:00:00+00,Thu 16 Jun 2022,82,85,0,3849186,3801133,240882,4090068,4042015,86.8581180303625,85.8376476749275,416
-7.6926,53.28823,2022/06/16 23:00:00+00,Fri 17 Jun 2022,60,94,0,3849246,3801227,240882,4090128,4042109,86.8593922113985,85.839643891884,417
-7.6926,53.28823,2022/06/17 23:00:00+00,Sat 18 Jun 2022,223,487,0,3849469,3801714,240882,4090351,4042596,86.8641279175826,85.8499859946268,418
-7.6926,53.28823,2022/06/18 23:00:00+00,Sun 19 Jun 2022,80,129,0,3849549,3801843,240882,4090431,4042725,86.8658268256307,85.8527254838543,419
-7.6926,53.28823,2022/06/19 23:00:00+00,Mon 20 Jun 2022,9,27,0,3849558,3801870,240882,4090440,4042752,86.8660179527861,85.8532988653206,420
-7.6926,53.28823,2022/06/20 23:00:00+00,Tue 21 Jun 2022,79,168,1,3849637,3802038,240883,4090520,4042921,86.8677168608342,85.8568878085721,421
-7.6926,53.28823,2022/06/21 23:00:00+00,Wed 22 Jun 2022,59,94,0,3849696,3802132,240883,4090579,4043015,86.8689698055196,85.8588840255286,422
-7.6926,53.28823,2022/06/22 23:00:00+00,Thu 23 Jun 2022,65,115,0,3849761,3802247,240883,4090644,4043130,86.8703501683087,85.8613262058478,423
-7.6926,53.28823,2022/06/23 23:00:00+00,Fri 24 Jun 2022,56,90,1,3849817,3802337,240884,4090701,4043221,86.871560640293,85.8632587137525,424
-7.6926,53.28823,2022/06/24 23:00:00+00,Sat 25 Jun 2022,210,292,0,3850027,3802629,240884,4090911,4043513,86.8760202739192,85.869459728128,425
-7.6926,53.28823,2022/06/25 23:00:00+00,Sun 26 Jun 2022,174,403,0,3850201,3803032,240884,4091085,4043916,86.8797153989238,85.8780179774202,426
-7.6926,53.28823,2022/06/26 23:00:00+00,Mon 27 Jun 2022,3,33,0,3850204,3803065,240884,4091088,4043949,86.8797791079756,85.8787187769901,427
-7.6926,53.28823,2022/06/27 23:00:00+00,Tue 28 Jun 2022,47,60,0,3850251,3803125,240884,4091135,4044009,86.8807772164538,85.8799929580261,428
-7.6926,53.28823,2022/06/28 23:00:00+00,Wed 29 Jun 2022,66,81,3,3850317,3803206,240887,4091204,4044093,86.8822425246453,85.8817768114766,429
-7.6926,53.28823,2022/06/29 23:00:00+00,Thu 30 Jun 2022,72,88,0,3850389,3803294,240887,4091276,4044181,86.8837715418886,85.8836456103295,430
-7.6926,53.28823,2022/06/30 23:00:00+00,Fri 01 Jul 2022,49,62,0,3850438,3803356,240887,4091325,4044243,86.884812123068,85.8849622640668,431
-7.6926,53.28823,2022/07/01 23:00:00+00,Sat 02 Jul 2022,182,228,0,3850620,3803584,240887,4091507,4044471,86.8886771388774,85.8898041520039,432
-7.6926,53.28823,2022/07/02 23:00:00+00,Sun 03 Jul 2022,108,273,0,3850728,3803857,240887,4091615,4044744,86.8909706647424,85.895601675718,433
-7.6926,53.28823,2022/07/03 23:00:00+00,Mon 04 Jul 2022,14,14,0,3850742,3803871,240887,4091629,4044758,86.8912679736508,85.8958989846264,434
-7.6926,53.28823,2022/07/04 23:00:00+00,Tue 05 Jul 2022,53,69,0,3850795,3803940,240887,4091682,4044827,86.8923935002326,85.8973642928178,435
-7.6926,53.28823,2022/07/05 23:00:00+00,Wed 06 Jul 2022,63,82,0,3850858,3804022,240887,4091745,4044909,86.8937313903205,85.8991056735671,436
-7.6926,53.28823,2022/07/06 23:00:00+00,Thu 07 Jul 2022,79,73,0,3850937,3804095,240887,4091824,4044982,86.895409062018,85.900655927161,437
-7.6926,53.28823,2022/07/07 23:00:00+00,Fri 08 Jul 2022,101,88,0,3851038,3804183,240887,4091925,4045070,86.8975539334287,85.9025247260139,438
-7.6926,53.28823,2022/07/08 23:00:00+00,Sat 09 Jul 2022,120,142,0,3851158,3804325,240887,4092045,4045212,86.9001022955008,85.9055402877993,439
-7.6926,53.28823,2022/07/09 23:00:00+00,Sun 10 Jul 2022,131,219,0,3851289,3804544,240887,4092176,4045431,86.9028842574296,85.9101910485809,440
-7.6926,53.28823,2022/07/10 23:00:00+00,Mon 11 Jul 2022,11,14,0,3851300,3804558,240887,4092187,4045445,86.9031178572862,85.9104883574893,441
-7.6926,53.28823,2022/07/11 23:00:00+00,Tue 12 Jul 2022,43,80,0,3851343,3804638,240887,4092230,4045525,86.9040310203621,85.9121872655374,442
-7.6926,53.28823,2022/07/12 23:00:00+00,Wed 13 Jul 2022,99,73,0,3851442,3804711,240887,4092329,4045598,86.9061334190716,85.9137375191313,443
-7.6926,53.28823,2022/07/13 23:00:00+00,Thu 14 Jul 2022,69,39,0,3851511,3804750,240887,4092398,4045637,86.907598727263,85.9145657368047,444
-7.6926,53.28823,2022/07/14 23:00:00+00,Fri 15 Jul 2022,79,116,1,3851590,3804866,240888,4092478,4045754,86.9092976353111,85.9170503898251,445
-7.6926,53.28823,2022/07/15 23:00:00+00,Sat 16 Jul 2022,124,209,0,3851714,3805075,240888,4092602,4045963,86.9119309427857,85.9214887871007,446
-7.6926,53.28823,2022/07/16 23:00:00+00,Sun 17 Jul 2022,119,165,0,3851833,3805240,240888,4092721,4046128,86.9144580685072,85.9249927849499,447
-7.6926,53.28823,2022/07/17 23:00:00+00,Mon 18 Jul 2022,12,17,0,3851845,3805257,240888,4092733,4046145,86.9147129047144,85.9253538029101,448
-7.6926,53.28823,2022/07/18 23:00:00+00,Tue 19 Jul 2022,29,33,0,3851874,3805290,240888,4092762,4046178,86.9153287588818,85.9260546024799,449
-7.6926,53.28823,2022/07/19 23:00:00+00,Wed 20 Jul 2022,76,66,0,3851950,3805356,240888,4092838,4046244,86.9169427215275,85.9274562016196,450
-7.6926,53.28823,2022/07/20 23:00:00+00,Thu 21 Jul 2022,50,30,0,3852000,3805386,240888,4092888,4046274,86.9180045390576,85.9280932921376,451
-7.6926,53.28823,2022/07/21 23:00:00+00,Fri 22 Jul 2022,70,69,0,3852070,3805455,240888,4092958,4046343,86.9194910835997,85.9295586003291,452
-7.6926,53.28823,2022/07/22 23:00:00+00,Sat 23 Jul 2022,97,175,0,3852167,3805630,240888,4093055,4046518,86.921551009608,85.9332749616843,453
-7.6926,53.28823,2022/07/23 23:00:00+00,Sun 24 Jul 2022,106,232,0,3852273,3805862,240888,4093161,4046750,86.9238020627717,85.9382017950238,454
-7.6926,53.28823,2022/07/24 23:00:00+00,Mon 25 Jul 2022,12,22,0,3852285,3805884,240888,4093173,4046772,86.9240568989789,85.938668994737,455
-7.6926,53.28823,2022/07/25 23:00:00+00,Tue 26 Jul 2022,17,16,0,3852302,3805900,240888,4093190,4046788,86.9244179169391,85.9390087763466,456
-7.6926,53.28823,2022/07/26 23:00:00+00,Wed 27 Jul 2022,60,71,1,3852362,3805971,240889,4093251,4046860,86.9257133343258,85.9405377935899,457
-7.6926,53.28823,2022/07/27 23:00:00+00,Thu 28 Jul 2022,46,64,0,3852408,3806035,240889,4093297,4046924,86.9266902064534,85.9418969200284,458
-7.6926,53.28823,2022/07/28 23:00:00+00,Fri 29 Jul 2022,69,101,0,3852477,3806136,240889,4093366,4047025,86.9281555146449,85.9440417914391,459
-7.6926,53.28823,2022/07/29 23:00:00+00,Sat 30 Jul 2022,100,115,0,3852577,3806251,240889,4093466,4047140,86.930279149705,85.9464839717582,460
-7.6926,53.28823,2022/07/30 23:00:00+00,Sun 31 Jul 2022,31,57,0,3852608,3806308,240889,4093497,4047197,86.9309374765737,85.9476944437425,461
-7.6926,53.28823,2022/07/31 23:00:00+00,Mon 01 Aug 2022,9,14,0,3852617,3806322,240889,4093506,4047211,86.9311286037291,85.9479917526509,462
-7.6926,53.28823,2022/08/01 23:00:00+00,Tue 02 Aug 2022,32,28,0,3852649,3806350,240889,4093538,4047239,86.9318081669483,85.9485863704677,463
-7.6926,53.28823,2022/08/02 23:00:00+00,Wed 03 Aug 2022,93,137,0,3852742,3806487,240889,4093631,4047376,86.9337831475542,85.9514957505001,464
-7.6926,53.28823,2022/08/03 23:00:00+00,Thu 04 Aug 2022,43,44,0,3852785,3806531,240889,4093674,4047420,86.93469631063,85.9524301499265,465
-7.6926,53.28823,2022/08/04 23:00:00+00,Fri 05 Aug 2022,95,83,0,3852880,3806614,240889,4093769,4047503,86.9367137639372,85.9541927670264,466
-7.6926,53.28823,2022/08/05 23:00:00+00,Sat 06 Aug 2022,71,130,0,3852951,3806744,240889,4093840,4047633,86.9382215448298,85.9569534926046,467
-7.6926,53.28823,2022/08/06 23:00:00+00,Sun 07 Aug 2022,28,80,0,3852979,3806824,240889,4093868,4047713,86.9388161626467,85.9586524006526,468
-7.6926,53.28823,2022/08/07 23:00:00+00,Mon 08 Aug 2022,8,11,0,3852987,3806835,240889,4093876,4047724,86.9389860534515,85.9588860005093,469
-7.6926,53.28823,2022/08/08 23:00:00+00,Tue 09 Aug 2022,46,35,0,3853033,3806870,240889,4093922,4047759,86.9399629255791,85.9596292727803,470
-7.6926,53.28823,2022/08/09 23:00:00+00,Wed 10 Aug 2022,53,92,0,3853086,3806962,240889,4093975,4047851,86.941088452161,85.9615830170356,471
-7.6926,53.28823,2022/08/10 23:00:00+00,Thu 11 Aug 2022,21,36,0,3853107,3806998,240889,4093996,4047887,86.9415344155236,85.9623475256572,472
-7.6926,53.28823,2022/08/11 23:00:00+00,Fri 12 Aug 2022,67,72,0,3853174,3807070,240889,4094063,4047959,86.9429572510139,85.9638765429005,473
-7.6926,53.28823,2022/08/12 23:00:00+00,Sat 13 Aug 2022,99,150,0,3853273,3807220,240889,4094162,4048109,86.9450596497234,85.9670619954907,474
-7.6926,53.28823,2022/08/13 23:00:00+00,Sun 14 Aug 2022,18,26,0,3853291,3807246,240889,4094180,4048135,86.9454419040342,85.9676141406063,475
-7.6926,53.28823,2022/08/14 23:00:00+00,Mon 15 Aug 2022,11,6,0,3853302,3807252,240889,4094191,4048141,86.9456755038908,85.9677415587099,476
-7.6926,53.28823,2021/08/22 23:00:00+00,Mon 23 Aug 2021,10868,15385,290,3437172,3072730,235559,3672731,3308289,77.9954031795489,70.2559850937808,477
-7.6926,53.28823,2021/08/23 23:00:00+00,Tue 24 Aug 2021,9713,22924,384,3446885,3095654,235943,3682828,3331597,78.2098266115682,70.7509619535914,478
-7.6926,53.28823,2021/08/24 23:00:00+00,Wed 25 Aug 2021,9416,19529,315,3456301,3115183,236258,3692559,3351441,78.4164775392676,71.1723760949197,479
-7.6926,53.28823,2021/08/25 23:00:00+00,Thu 26 Aug 2021,8586,19444,369,3464887,3134627,236627,3701514,3371254,78.6066490589005,71.5931319093794,480
-7.6926,53.28823,2021/08/26 23:00:00+00,Fri 27 Aug 2021,9725,19213,432,3474612,3153840,237059,3711671,3390899,78.8223466719559,72.0103200169381,481
-7.6926,53.28823,2021/08/27 23:00:00+00,Sat 28 Aug 2021,9923,7925,153,3484535,3161765,237212,3721747,3398977,79.0363241406127,72.1818672570938,482
-7.6926,53.28823,2021/08/28 23:00:00+00,Sun 29 Aug 2021,8800,9188,30,3493335,3170953,237242,3730577,3408195,79.2238411164204,72.3776239369348,483
-7.6926,53.28823,2021/08/29 23:00:00+00,Mon 30 Aug 2021,5061,11137,84,3498396,3182090,237326,3735722,3419416,79.3331021402631,72.6159170270298,484
-7.6926,53.28823,2021/08/30 23:00:00+00,Tue 31 Aug 2021,4064,12890,143,3502460,3194980,237469,3739929,3432449,79.422443467242,72.8926903844141,485
-7.6926,53.28823,2021/08/31 23:00:00+00,Wed 01 Sep 2021,4964,12534,181,3507424,3207514,237650,3745074,3445164,79.5317044910847,73.1627105823071,486
-7.6926,53.28823,2021/09/01 23:00:00+00,Thu 02 Sep 2021,5010,12362,248,3512434,3219876,237898,3750332,3457774,79.6433652225453,73.430500963387,487
-7.6926,53.28823,2021/09/02 23:00:00+00,Fri 03 Sep 2021,4774,16071,166,3517208,3235947,238064,3755272,3474011,79.7482727945147,73.7753155880972,488
-7.6926,53.28823,2021/09/03 23:00:00+00,Sat 04 Sep 2021,4628,10583,135,3521836,3246530,238199,3760035,3484729,79.8494215324278,74.0029267938398,489
-7.6926,53.28823,2021/09/04 23:00:00+00,Sun 05 Sep 2021,5307,11903,1,3527143,3258433,238200,3765343,3496633,79.9621440814185,74.2557243113954,490
-7.6926,53.28823,2021/09/05 23:00:00+00,Mon 06 Sep 2021,2160,9680,75,3529303,3268113,238275,3767578,3506388,80.0096073250119,74.4628849115092,491
-7.6926,53.28823,2021/09/06 23:00:00+00,Tue 07 Sep 2021,3031,10024,158,3532334,3278137,238433,3770767,3516570,80.0773300470789,74.6791134333296,492
-7.6926,53.28823,2021/09/07 23:00:00+00,Wed 08 Sep 2021,2609,14798,189,3534943,3292935,238622,3773565,3531557,80.1367493560608,74.9973826197884,493
-7.6926,53.28823,2021/09/08 23:00:00+00,Thu 09 Sep 2021,3116,14810,138,3538059,3307745,238760,3776819,3546505,80.2058524409168,75.3148235885737,494
-7.6926,53.28823,2021/09/09 23:00:00+00,Fri 10 Sep 2021,3384,13946,116,3541443,3321691,238876,3780319,3560567,80.2801796680206,75.6134491507265,495
-7.6926,53.28823,2021/09/10 23:00:00+00,Sat 11 Sep 2021,2559,11338,62,3544002,3333029,238938,3782940,3571967,80.3358401429461,75.8555435475791,496
-7.6926,53.28823,2021/09/11 23:00:00+00,Sun 12 Sep 2021,2041,12883,1,3546043,3345912,238939,3784982,3584851,80.3792047708736,76.1291526887237,497
-7.6926,53.28823,2021/09/12 23:00:00+00,Mon 13 Sep 2021,1617,7745,52,3547660,3353657,238991,3786651,3592648,80.4146482400268,76.2947325143605,498
-7.6926,53.28823,2021/09/13 23:00:00+00,Tue 14 Sep 2021,1548,10785,82,3549208,3364442,239073,3788281,3603515,80.4492634915066,76.5255079363428,499
-7.6926,53.28823,2021/09/14 23:00:00+00,Wed 15 Sep 2021,3283,12366,137,3552491,3376808,239210,3791701,3616018,80.5218918105624,76.7910260279084,500
-7.6926,53.28823,2021/09/15 23:00:00+00,Thu 16 Sep 2021,1913,10574,115,3554404,3387382,239325,3793729,3626707,80.5649591295815,77.0180213794836,501
-7.6926,53.28823,2021/09/16 23:00:00+00,Fri 17 Sep 2021,2561,14613,94,3556965,3401995,239419,3796384,3641414,80.6213416404274,77.3303443877741,502
-7.6926,53.28823,2021/09/17 23:00:00+00,Sat 18 Sep 2021,2289,11233,47,3559254,3413228,239466,3798720,3652694,80.6709497554316,77.5698904225545,503
-7.6926,53.28823,2021/09/18 23:00:00+00,Sun 19 Sep 2021,1862,8491,16,3561116,3421719,239482,3800598,3661201,80.7108316218605,77.7505480571181,504
-7.6926,53.28823,2021/09/19 23:00:00+00,Mon 20 Sep 2021,955,5624,35,3562071,3427343,239517,3801588,3666860,80.7318556089555,77.8707245651698,505
-7.6926,53.28823,2021/09/20 23:00:00+00,Tue 21 Sep 2021,1466,6671,90,3563537,3434014,239607,3803144,3673621,80.7648993704909,78.0143035315839,506
-7.6926,53.28823,2021/09/21 23:00:00+00,Wed 22 Sep 2021,1896,8150,97,3565433,3442164,239704,3805137,3681868,80.8072234172389,78.1894397149912,507
-7.6926,53.28823,2021/09/22 23:00:00+00,Thu 23 Sep 2021,1698,8727,89,3567131,3450891,239793,3806924,3690684,80.845172775763,78.3766593818905,508
-7.6926,53.28823,2021/09/23 23:00:00+00,Fri 24 Sep 2021,1911,7379,79,3569042,3458270,239872,3808914,3698142,80.8874331134592,78.5350400846736,509
-7.6926,53.28823,2021/09/24 23:00:00+00,Sat 25 Sep 2021,2421,6602,53,3571463,3464872,239925,3811388,3704797,80.9399718448464,78.6763679979239,510
-7.6926,53.28823,2021/09/25 23:00:00+00,Sun 26 Sep 2021,1549,7098,0,3573012,3471970,239925,3812937,3711895,80.9728669519275,78.8271036144906,511
-7.6926,53.28823,2021/09/26 23:00:00+00,Mon 27 Sep 2021,1176,3824,45,3574188,3475794,239970,3814158,3715764,80.9987965360114,78.9092670549663,512
-7.6926,53.28823,2021/09/27 23:00:00+00,Tue 28 Sep 2021,1450,5134,93,3575638,3480928,240063,3815701,3720991,81.0315642249889,79.0202694595582,513
-7.6926,53.28823,2021/09/28 23:00:00+00,Wed 29 Sep 2021,1651,3629,79,3577289,3484557,240142,3817431,3724699,81.0683031115288,79.0990138475871,514
-7.6926,53.28823,2021/09/29 23:00:00+00,Thu 30 Sep 2021,1280,3974,78,3578569,3488531,240220,3818789,3728751,81.0971420756452,79.1850635402228,515
-7.6926,53.28823,2021/09/30 23:00:00+00,Fri 01 Oct 2021,1859,5184,42,3580428,3493715,240262,3820690,3733977,81.1375123781379,79.2960447084642,516
-7.6926,53.28823,2021/10/01 23:00:00+00,Sat 02 Oct 2021,1705,4094,40,3582133,3497809,240302,3822435,3738111,81.1745698099368,79.3838357818492,517
-7.6926,53.28823,2021/10/02 23:00:00+00,Sun 03 Oct 2021,1196,3019,9,3583329,3500828,240311,3823640,3741139,81.2001596124111,79.4481394514693,518
-7.6926,53.28823,2021/10/03 23:00:00+00,Mon 04 Oct 2021,339,1242,18,3583668,3502070,240329,3823997,3742399,81.2077409895757,79.4748972532267,519
-7.6926,53.28823,2021/10/04 23:00:00+00,Tue 05 Oct 2021,959,2825,70,3584627,3504895,240399,3825026,3745294,81.2295931943442,79.5363764882169,520
-7.6926,53.28823,2021/10/05 23:00:00+00,Wed 06 Oct 2021,975,2574,40,3585602,3507469,240439,3826041,3747908,81.2511480902044,79.5918883086882,521
-7.6926,53.28823,2021/10/06 23:00:00+00,Thu 07 Oct 2021,1213,2700,44,3586815,3510169,240483,3827298,3750652,81.27784218291,79.6501608547376,522
-7.6926,53.28823,2021/10/07 23:00:00+00,Fri 08 Oct 2021,937,2772,48,3587752,3512941,240531,3828283,3753472,81.2987599882521,79.7100473634327,523
-7.6926,53.28823,2021/10/08 23:00:00+00,Sat 09 Oct 2021,731,2377,23,3588483,3515318,240554,3829037,3755872,81.3147721966053,79.7610146048754,524
-7.6926,53.28823,2021/10/09 23:00:00+00,Sun 10 Oct 2021,1507,3918,2,3589990,3519236,240556,3830546,3759792,81.3468178496624,79.8442610992317,525
-7.6926,53.28823,2021/10/10 23:00:00+00,Mon 11 Oct 2021,334,1130,19,3590324,3520366,240575,3830899,3760941,81.3543142814245,79.8686616660724,526
-7.6926,53.28823,2021/10/11 23:00:00+00,Tue 12 Oct 2021,562,1611,20,3590886,3521977,240595,3831481,3762572,81.3666738374744,79.9032981539028,527
-7.6926,53.28823,2021/10/12 23:00:00+00,Wed 13 Oct 2021,989,2073,11,3591875,3524050,240606,3832481,3764656,81.3879101880755,79.9475547085555,528
-7.6926,53.28823,2021/10/13 23:00:00+00,Thu 14 Oct 2021,670,1604,8,3592545,3525654,240614,3833159,3766268,81.402308433783,79.9817877057245,529
-7.6926,53.28823,2021/10/14 23:00:00+00,Fri 15 Oct 2021,954,2070,9,3593499,3527724,240623,3834122,3768347,81.4227590394119,80.0259380786242,530
-7.6926,53.28823,2021/10/15 23:00:00+00,Sat 16 Oct 2021,1373,2648,14,3594872,3530372,240637,3835509,3771009,81.4522138576956,80.0824692439243,531
-7.6926,53.28823,2021/10/16 23:00:00+00,Sun 17 Oct 2021,1701,2892,2,3596573,3533264,240639,3837212,3773903,81.4883793627693,80.1439272425639,532
-7.6926,53.28823,2021/10/17 23:00:00+00,Mon 18 Oct 2021,673,1246,6,3597246,3534510,240645,3837891,3775155,81.5027988448275,80.1705151535165,533
-7.6926,53.28823,2021/10/18 23:00:00+00,Tue 19 Oct 2021,1333,1802,13,3598579,3536312,240658,3839237,3776970,81.5313829727366,80.2090591298575,534
-7.6926,53.28823,2021/10/19 23:00:00+00,Wed 20 Oct 2021,2253,2329,0,3600832,3538641,240658,3841490,3779299,81.5792284706409,80.2585185904075,535
-7.6926,53.28823,2021/10/20 23:00:00+00,Thu 21 Oct 2021,1730,1842,11,3602562,3540483,240669,3843231,3781152,81.6162009570374,80.2978695480713,536
-7.6926,53.28823,2021/10/21 23:00:00+00,Fri 22 Oct 2021,1505,1927,3,3604067,3542410,240672,3844739,3783082,81.6482253737438,80.3388557047315,537
-7.6926,53.28823,2021/10/22 23:00:00+00,Sat 23 Oct 2021,2015,1701,1,3606082,3544111,240673,3846755,3784784,81.6910378565557,80.3749999734546,538
-7.6926,53.28823,2021/10/23 23:00:00+00,Sun 24 Oct 2021,1949,2186,2,3608031,3546297,240675,3848706,3786972,81.7324699765784,80.4214651085698,539
-7.6926,53.28823,2021/10/24 23:00:00+00,Mon 25 Oct 2021,1221,853,2,3609252,3547150,240677,3849929,3787827,81.7584420333636,80.4396221883337,540
-7.6926,53.28823,2021/10/25 23:00:00+00,Tue 26 Oct 2021,1236,1228,6,3610488,3548378,240683,3851171,3789061,81.7848175808102,80.4658278449755,541
-7.6926,53.28823,2021/10/26 23:00:00+00,Wed 27 Oct 2021,1554,1420,6,3612042,3549798,240689,3852731,3790487,81.8179462877479,80.4961108809327,542
-7.6926,53.28823,2021/10/27 23:00:00+00,Thu 28 Oct 2021,2149,1690,5,3614191,3551488,240694,3854885,3792182,81.8636893869427,80.5321064952015,543
-7.6926,53.28823,2021/10/28 23:00:00+00,Fri 29 Oct 2021,2136,1362,2,3616327,3552850,240696,3857023,3793546,81.9090927045278,80.5610728774215,544
-7.6926,53.28823,2021/10/29 23:00:00+00,Sat 30 Oct 2021,2020,1450,1,3618347,3554300,240697,3859044,3794997,81.9520113690927,80.5918868221436,545
-7.6926,53.28823,2021/10/30 23:00:00+00,Sun 31 Oct 2021,1596,1320,0,3619943,3555620,240697,3860640,3796317,81.985904584652,80.6199188049371,546
-7.6926,53.28823,2021/11/01 00:00:00+00,Mon 01 Nov 2021,278,288,2,3620221,3555908,240699,3860920,3796607,81.9918507628203,80.6260773466114,547
-7.6926,53.28823,2021/11/02 00:00:00+00,Tue 02 Nov 2021,1098,1094,10,3621319,3557002,240709,3862028,3797711,82.0153806392864,80.6495222776751,548
-7.6926,53.28823,2021/11/03 00:00:00+00,Wed 03 Nov 2021,2533,1879,6,3623852,3558881,240715,3864567,3799596,82.0692997334626,80.6895527985581,549
-7.6926,53.28823,2021/11/04 00:00:00+00,Thu 04 Nov 2021,1534,1282,1,3625386,3560163,240716,3866102,3800879,82.1018975316353,80.7167990363794,550
-7.6926,53.28823,2021/11/05 00:00:00+00,Fri 05 Nov 2021,1628,1094,3,3627014,3561257,240719,3867733,3801976,82.1365340194657,80.7400953129888,551
-7.6926,53.28823,2021/11/06 00:00:00+00,Sat 06 Nov 2021,1815,1355,6,3628829,3562612,240725,3869554,3803337,82.1752054139103,80.7689979861569,552
-7.6926,53.28823,2021/11/07 00:00:00+00,Sun 07 Nov 2021,695,775,0,3629524,3563387,240725,3870249,3804112,82.189964677578,80.7854561578727,553
-7.6926,53.28823,2021/11/08 00:00:00+00,Mon 08 Nov 2021,516,529,3,3630040,3563916,240728,3870768,3804644,82.20098634354,80.7967538963925,554
-7.6926,53.28823,2021/11/09 00:00:00+00,Tue 09 Nov 2021,1369,1063,3,3631409,3564979,240731,3872140,3805710,82.2301226165647,80.8193918461333,555
-7.6926,53.28823,2021/11/10 00:00:00+00,Wed 10 Nov 2021,1608,1359,1,3633017,3566338,240732,3873749,3807070,82.2642919046819,80.8482732829508,556
-7.6926,53.28823,2021/11/11 00:00:00+00,Thu 11 Nov 2021,1385,1111,1,3634402,3567449,240733,3875135,3808182,82.293725486615,80.8718881048192,557
-7.6926,53.28823,2021/11/12 00:00:00+00,Fri 12 Nov 2021,1141,1156,6,3635543,3568605,240739,3876282,3809344,82.3180835807545,80.8965647442177,558
-7.6926,53.28823,2021/11/13 00:00:00+00,Sat 13 Nov 2021,1396,1375,0,3636939,3569980,240739,3877678,3810719,82.3477295261937,80.9257647262942,559
-7.6926,53.28823,2021/11/14 00:00:00+00,Sun 14 Nov 2021,1648,1806,0,3638587,3571786,240739,3879326,3812525,82.3827270319843,80.9641175754798,560
-7.6926,53.28823,2021/11/15 00:00:00+00,Mon 15 Nov 2021,1239,593,1,3639826,3572379,240740,3880566,3813119,82.4090601067297,80.9767319677369,561
-7.6926,53.28823,2021/11/16 00:00:00+00,Tue 16 Nov 2021,1315,1072,5,3641141,3573451,240745,3881886,3814196,82.4370920895231,80.9996035173343,562
-7.6926,53.28823,2021/11/17 00:00:00+00,Wed 17 Nov 2021,1497,1114,1,3642638,3574565,240746,3883384,3815311,82.4689041427236,81.0232820482545,563
-7.6926,53.28823,2021/11/18 00:00:00+00,Thu 18 Nov 2021,1643,2502,5,3644281,3577067,240751,3885032,3817818,82.5039016485142,81.0765215792115,564
-7.6926,53.28823,2021/11/19 00:00:00+00,Fri 19 Nov 2021,1162,1553,0,3645443,3578620,240751,3886194,3819371,82.5285782879127,81.109501631695,565
-7.6926,53.28823,2021/11/20 00:00:00+00,Sat 20 Nov 2021,1545,2940,12,3646988,3581560,240763,3887751,3822323,82.5616432857986,81.1721913386695,566
-7.6926,53.28823,2021/11/21 00:00:00+00,Sun 21 Nov 2021,1788,2766,0,3648776,3584326,240763,3889539,3825089,82.5996138806734,81.2309310844321,567
-7.6926,53.28823,2021/11/22 00:00:00+00,Mon 22 Nov 2021,719,519,2,3649495,3584845,240765,3890260,3825610,82.6149252894568,81.2419952230953,568
-7.6926,53.28823,2021/11/23 00:00:00+00,Tue 23 Nov 2021,2153,1592,7,3651648,3586437,240772,3892420,3827209,82.6607958067552,81.2759521477065,569
-7.6926,53.28823,2021/11/24 00:00:00+00,Wed 24 Nov 2021,1607,3143,2,3653255,3589580,240774,3894029,3830354,82.6949650948723,81.3427404703469,570
-7.6926,53.28823,2021/11/25 00:00:00+00,Thu 25 Nov 2021,975,1183,1,3654230,3590763,240775,3895005,3831538,82.715691773059,81.3678843094586,571
-7.6926,53.28823,2021/11/26 00:00:00+00,Fri 26 Nov 2021,1285,1105,12,3655515,3591868,240787,3896302,3832655,82.7432353197886,81.3916053130801,572
-7.6926,53.28823,2021/11/27 00:00:00+00,Sat 27 Nov 2021,1200,1565,6,3656715,3593433,240793,3897508,3834226,82.7688463586136,81.4249676198744,573
-7.6926,53.28823,2021/11/28 00:00:00+00,Sun 28 Nov 2021,1953,2256,1,3658668,3595689,240794,3899462,3836483,82.8103421876881,81.4728980631811,574
-7.6926,53.28823,2021/11/29 00:00:00+00,Mon 29 Nov 2021,533,993,1,3659201,3596682,240795,3899996,3837477,82.8216823989091,81.4940069956786,575
-7.6926,53.28823,2021/11/30 00:00:00+00,Tue 30 Nov 2021,1894,1645,6,3661095,3598327,240801,3901896,3839128,82.8620314650512,81.529068210521,576
-7.6926,53.28823,2021/12/01 00:00:00+00,Wed 01 Dec 2021,1037,1380,4,3662132,3599707,240805,3902937,3840512,82.884138506027,81.558459319753,577
-7.6926,53.28823,2021/12/02 00:00:00+00,Thu 02 Dec 2021,1739,1411,0,3663871,3601118,240805,3904676,3841923,82.9210685197223,81.5884238104511,578
-7.6926,53.28823,2021/12/03 00:00:00+00,Fri 03 Dec 2021,1014,1186,2,3664885,3602304,240807,3905692,3843111,82.942644651933,81.6136525949652,579
-7.6926,53.28823,2021/12/04 00:00:00+00,Sat 04 Dec 2021,1202,1699,1,3666087,3604003,240808,3906895,3844811,82.9681919817062,81.6497543909871,580
-7.6926,53.28823,2021/12/05 00:00:00+00,Sun 05 Dec 2021,1346,1774,2,3667433,3605777,240810,3908243,3846587,82.9968185823165,81.6874701496547,581
-7.6926,53.28823,2021/12/06 00:00:00+00,Mon 06 Dec 2021,931,1295,0,3668364,3607072,240810,3909174,3847882,83.0165896247261,81.7149712236831,582
-7.6926,53.28823,2021/12/07 00:00:00+00,Tue 07 Dec 2021,483,741,2,3668847,3607813,240812,3909659,3848625,83.0268892547676,81.7307498321797,583
-7.6926,53.28823,2021/12/08 00:00:00+00,Wed 08 Dec 2021,785,1517,2,3669632,3609330,240814,3910446,3850144,83.0436022626907,81.7630078487428,584
-7.6926,53.28823,2021/12/09 00:00:00+00,Thu 09 Dec 2021,784,1209,1,3670416,3610539,240815,3911231,3851354,83.0602727979125,81.7887038329702,585
-7.6926,53.28823,2021/12/10 00:00:00+00,Fri 10 Dec 2021,886,1612,1,3671302,3612151,240816,3912118,3852967,83.0791094408957,81.8229580664897,586
-7.6926,53.28823,2021/12/11 00:00:00+00,Sat 11 Dec 2021,638,841,2,3671940,3612992,240818,3912758,3853810,83.0927007052804,81.8408603100465,587
-7.6926,53.28823,2021/12/12 00:00:00+00,Sun 12 Dec 2021,686,1191,0,3672626,3614183,240818,3913444,3855001,83.1072688417928,81.8661528036124,588
-7.6926,53.28823,2021/12/13 00:00:00+00,Mon 13 Dec 2021,719,1068,1,3673345,3615251,240819,3914164,3856070,83.1225590142256,81.888854462405,589
-7.6926,53.28823,2021/12/14 00:00:00+00,Tue 14 Dec 2021,625,1200,3,3673970,3616451,240822,3914792,3857273,83.1358954424031,81.9144017921781,590
-7.6926,53.28823,2021/12/15 00:00:00+00,Wed 15 Dec 2021,787,1256,0,3674757,3617707,240822,3915579,3858529,83.1526084503262,81.9410746485331,591
-7.6926,53.28823,2021/12/16 00:00:00+00,Thu 16 Dec 2021,1041,1541,7,3675798,3619248,240829,3916627,3860077,83.1748641457561,81.9739485192636,592
-7.6926,53.28823,2021/12/17 00:00:00+00,Fri 17 Dec 2021,1197,2458,1,3676995,3621706,240830,3917825,3862536,83.2003052937762,82.0261687053917,593
-7.6926,53.28823,2021/12/18 00:00:00+00,Sat 18 Dec 2021,1245,1183,0,3678240,3622889,240830,3919070,3863719,83.2267445502746,82.0512913081528,594
-7.6926,53.28823,2021/12/19 00:00:00+00,Sun 19 Dec 2021,541,887,1,3678781,3623776,240831,3919612,3864607,83.2382546523004,82.0701491874866,595
