X,Y,VaccinationDate,VaccineText,Dose1,Dose2,SingleDose,Dose1Cum,Dose2Cum,SingleDoseCum,PartiallyVacc,FullyVacc,PartialPercent,FullyPercent,ObjectId
-7.6926,53.28823,2021/10/26 23:00:00+00,Wed 27 Oct 2021,1550,1385,4,3591131,3529237,238079,3829210,3767316,81.3184460852593,80.0040434011544,1
-7.6926,53.28823,2021/10/27 23:00:00+00,Thu 28 Oct 2021,2143,1651,2,3593274,3530888,238081,3831355,3768969,81.3639980572986,80.0391470886981,2
-7.6926,53.28823,2021/10/28 23:00:00+00,Fri 29 Oct 2021,2132,1321,0,3595406,3532209,238081,3833487,3770290,81.4092739567802,80.0672003078421,3
-7.6926,53.28823,2021/10/29 23:00:00+00,Sat 30 Oct 2021,2003,1425,0,3597409,3533634,238081,3835490,3771715,81.4518103670342,80.0974621074487,4
-7.6926,53.28823,2021/10/30 23:00:00+00,Sun 31 Oct 2021,1624,1311,0,3599033,3534945,238081,3837114,3773026,81.4862982004104,80.1253029630868,5
-7.6926,53.28823,2021/11/01 00:00:00+00,Mon 01 Nov 2021,258,245,1,3599291,3535190,238082,3837373,3773272,81.4917984152161,80.1305271053346,6
-7.6926,53.28823,2021/11/02 00:00:00+00,Tue 02 Nov 2021,1087,1059,9,3600378,3536249,238091,3838469,3774340,81.5150734554749,80.1532075277766,7
-7.6926,53.28823,2021/11/03 00:00:00+00,Wed 03 Nov 2021,2537,1793,5,3602915,3538042,238096,3841011,3776138,81.5690562587029,80.1913904861574,8
-7.6926,53.28823,2021/11/04 00:00:00+00,Thu 04 Nov 2021,1547,1222,0,3604462,3539264,238096,3842558,3777360,81.6019088930828,80.2173413065919,9
-7.6926,53.28823,2021/11/05 00:00:00+00,Fri 05 Nov 2021,1627,1015,1,3606089,3540279,238097,3844186,3778376,81.6364816718614,80.2389174388027,10
-7.6926,53.28823,2021/11/06 00:00:00+00,Sat 06 Nov 2021,1820,1320,5,3607909,3541599,238102,3846011,3779701,81.6752380117084,80.2670556033491,11
-7.6926,53.28823,2021/11/07 00:00:00+00,Sun 07 Nov 2021,727,765,0,3608636,3542364,238102,3846738,3780466,81.6906768385955,80.283301411559,12
-7.6926,53.28823,2021/11/08 00:00:00+00,Mon 08 Nov 2021,509,492,1,3609145,3542856,238103,3847248,3780959,81.701507377402,80.2937709324053,13
-7.6926,53.28823,2021/11/09 00:00:00+00,Tue 09 Nov 2021,1382,999,1,3610527,3543855,238104,3848631,3781959,81.7308772502834,80.3150072830064,14
-7.6926,53.28823,2021/11/10 00:00:00+00,Wed 10 Nov 2021,1627,1300,0,3612154,3545155,238104,3850258,3783259,81.7654287927113,80.3426145387879,15
-7.6926,53.28823,2021/11/11 00:00:00+00,Thu 11 Nov 2021,1403,1054,1,3613557,3546209,238105,3851662,3784314,81.7952446289553,80.365018888672,16
-7.6926,53.28823,2021/11/12 00:00:00+00,Fri 12 Nov 2021,1160,1083,5,3614717,3547292,238110,3852827,3785402,81.8199849774056,80.388124038126,17
-7.6926,53.28823,2021/11/13 00:00:00+00,Sat 13 Nov 2021,1418,1333,0,3616135,3548625,238110,3854245,3786735,81.850098122558,80.4164320934773,18
-7.6926,53.28823,2021/11/14 00:00:00+00,Sun 14 Nov 2021,1650,1798,0,3617785,3550423,238110,3855895,3788533,81.8851381010498,80.4546150518581,19
-7.6926,53.28823,2021/11/15 00:00:00+00,Mon 15 Nov 2021,1246,548,0,3619031,3550971,238110,3857141,3789081,81.9115985938987,80.4662525719875,20
-7.6926,53.28823,2021/11/16 00:00:00+00,Tue 16 Nov 2021,1323,1026,4,3620354,3551997,238114,3858468,3790111,81.9397792311464,80.4881260131067,21
-7.6926,53.28823,2021/11/17 00:00:00+00,Wed 17 Nov 2021,1521,1060,0,3621875,3553057,238114,3859989,3791171,81.9720797204107,80.5106365447438,22
-7.6926,53.28823,2021/11/18 00:00:00+00,Thu 18 Nov 2021,1673,2429,5,3623548,3555486,238119,3861667,3793605,82.0077143167194,80.5623258221069,23
-7.6926,53.28823,2021/11/19 00:00:00+00,Fri 19 Nov 2021,1185,1460,0,3624733,3556946,238119,3862852,3795065,82.0328793921817,80.5933308939845,24
-7.6926,53.28823,2021/11/20 00:00:00+00,Sat 20 Nov 2021,1539,2907,10,3626272,3559853,238129,3864401,3797982,82.0657744992628,80.655277328688,25
-7.6926,53.28823,2021/11/21 00:00:00+00,Sun 21 Nov 2021,1786,2751,0,3628058,3562604,238129,3866187,3800733,82.1037026214364,80.7136985291916,26
-7.6926,53.28823,2021/11/22 00:00:00+00,Mon 22 Nov 2021,714,468,2,3628772,3563072,238131,3866903,3801203,82.1189078484667,80.7236796139741,27
-7.6926,53.28823,2021/11/23 00:00:00+00,Tue 23 Nov 2021,2169,1539,4,3630941,3564611,238135,3869076,3802746,82.165054438323,80.7564473029516,28
-7.6926,53.28823,2021/11/24 00:00:00+00,Wed 24 Nov 2021,1624,3087,1,3632565,3567698,238136,3870701,3805834,82.1995635080497,80.8220251536078,29
-7.6926,53.28823,2021/11/25 00:00:00+00,Thu 25 Nov 2021,1014,1119,1,3633579,3568817,238137,3871716,3806954,82.2211184039099,80.8458098662811,30
-7.6926,53.28823,2021/11/26 00:00:00+00,Fri 26 Nov 2021,1294,1062,12,3634873,3569879,238149,3873022,3808028,82.2488530777949,80.8686177068267,31
-7.6926,53.28823,2021/11/27 00:00:00+00,Sat 27 Nov 2021,1234,1528,5,3636107,3571407,238154,3874261,3809561,82.2751649161897,80.9011730322982,32
-7.6926,53.28823,2021/11/28 00:00:00+00,Sun 28 Nov 2021,1970,2247,0,3638077,3573654,238154,3876231,3811808,82.3170005268739,80.9488911120988,33
-7.6926,53.28823,2021/11/29 00:00:00+00,Mon 29 Nov 2021,547,962,1,3638624,3574616,238155,3876779,3812771,82.3286380470033,80.9693417177277,34
-7.6926,53.28823,2021/11/30 00:00:00+00,Tue 30 Nov 2021,1936,1593,6,3640560,3576209,238161,3878721,3814370,82.3698790398706,81.0032986423389,35
-7.6926,53.28823,2021/12/01 00:00:00+00,Wed 01 Dec 2021,1107,1329,1,3641667,3577538,238162,3879829,3815700,82.3934089163366,81.0315429886383,36
-7.6926,53.28823,2021/12/02 00:00:00+00,Thu 02 Dec 2021,1799,1367,0,3643466,3578905,238162,3881628,3817067,82.431613111068,81.06057307991,37
-7.6926,53.28823,2021/12/03 00:00:00+00,Fri 03 Dec 2021,1053,1135,3,3644519,3580040,238165,3882684,3818205,82.4540386973028,81.0847400468941,38
-7.6926,53.28823,2021/12/04 00:00:00+00,Sat 04 Dec 2021,1208,1674,0,3645727,3581714,238165,3883892,3819879,82.4796922088289,81.1202896978004,39
-7.6926,53.28823,2021/12/05 00:00:00+00,Sun 05 Dec 2021,1352,1766,0,3647079,3583480,238165,3885244,3821645,82.5084037548416,81.1577930929619,40
-7.6926,53.28823,2021/12/06 00:00:00+00,Mon 06 Dec 2021,942,1256,0,3648021,3584736,238165,3886186,3822901,82.5284083971079,81.1844659493169,41
-7.6926,53.28823,2021/12/07 00:00:00+00,Tue 07 Dec 2021,484,705,1,3648505,3585441,238166,3886671,3823607,82.5387080271494,81.1994588128413,42
-7.6926,53.28823,2021/12/08 00:00:00+00,Wed 08 Dec 2021,815,1441,0,3649320,3586882,238166,3887486,3825048,82.5560156528893,81.2300603940575,43
-7.6926,53.28823,2021/12/09 00:00:00+00,Thu 09 Dec 2021,800,1154,0,3650120,3588036,238166,3888286,3826202,82.5730047333702,81.2545671426511,44
-7.6926,53.28823,2021/12/10 00:00:00+00,Fri 10 Dec 2021,890,1553,1,3651010,3589589,238167,3889177,3827756,82.5919263217558,81.2875684314853,45
-7.6926,53.28823,2021/12/11 00:00:00+00,Sat 11 Dec 2021,639,826,0,3651649,3590415,238167,3889816,3828582,82.6054963497899,81.3051096570818,46
-7.6926,53.28823,2021/12/12 00:00:00+00,Sun 12 Dec 2021,692,1189,0,3652341,3591604,238167,3890508,3829771,82.6201919044058,81.3303596779465,47
-7.6926,53.28823,2021/12/13 00:00:00+00,Mon 13 Dec 2021,717,1032,0,3653058,3592636,238167,3891225,3830803,82.6354183677868,81.3522755917668,48
-7.6926,53.28823,2021/12/14 00:00:00+00,Tue 14 Dec 2021,625,1147,1,3653683,3593783,238168,3891851,3831951,82.6487123232631,81.3766549222569,49
-7.6926,53.28823,2021/12/15 00:00:00+00,Wed 15 Dec 2021,793,1176,2,3654476,3594959,238170,3892646,3833129,82.665595221991,81.401671343265,50
-7.6926,53.28823,2021/12/16 00:00:00+00,Thu 16 Dec 2021,1061,1437,7,3655537,3596396,238177,3893714,3834573,82.688275644433,81.432336633533,51
-7.6926,53.28823,2021/12/17 00:00:00+00,Fri 17 Dec 2021,1203,2377,1,3656740,3598773,238178,3894918,3836951,82.7138442105567,81.4828366752624,52
-7.6926,53.28823,2021/12/18 00:00:00+00,Sat 18 Dec 2021,1270,1146,0,3658010,3599919,238178,3896188,3838097,82.7408143758201,81.5071735330513,53
-7.6926,53.28823,2021/12/19 00:00:00+00,Sun 19 Dec 2021,560,863,1,3658570,3600782,238179,3896749,3838961,82.7527279685073,81.5255217399707,54
-7.6926,53.28823,2021/12/20 00:00:00+00,Mon 20 Dec 2021,543,535,0,3659113,3601317,238179,3897292,3839496,82.7642593068837,81.5368831875422,55
-7.6926,53.28823,2021/12/21 00:00:00+00,Tue 21 Dec 2021,1468,1722,2,3660581,3603039,238181,3898762,3841220,82.7954767422674,81.5734946559785,56
-7.6926,53.28823,2021/12/22 00:00:00+00,Wed 22 Dec 2021,1260,1472,2,3661841,3604511,238183,3900024,3842694,82.822277016726,81.6047970367646,57
-7.6926,53.28823,2021/12/23 00:00:00+00,Thu 23 Dec 2021,959,1264,0,3662800,3605775,238183,3900983,3843958,82.8426426769524,81.6316397839244,58
-7.6926,53.28823,2021/12/24 00:00:00+00,Fri 24 Dec 2021,101,124,0,3662901,3605899,238183,3901084,3844082,82.8447875483631,81.6342730913989,59
-7.6926,53.28823,2021/12/26 00:00:00+00,Sun 26 Dec 2021,8,6,0,3662909,3605905,238183,3901092,3844088,82.8449574391679,81.6344005095025,60
-7.6926,53.28823,2021/12/27 00:00:00+00,Mon 27 Dec 2021,387,580,0,3663296,3606485,238183,3901479,3844668,82.8531759068506,81.6467175928512,61
-7.6926,53.28823,2021/12/28 00:00:00+00,Tue 28 Dec 2021,453,726,0,3663749,3607211,238183,3901932,3845394,82.8627959736729,81.6621351833876,62
-7.6926,53.28823,2021/12/29 00:00:00+00,Wed 29 Dec 2021,1084,1236,0,3664833,3608447,238183,3903016,3846630,82.8858161777245,81.6883833127305,63
-7.6926,53.28823,2021/12/30 00:00:00+00,Thu 30 Dec 2021,1056,1126,1,3665889,3609573,238184,3904073,3847757,82.9082630003098,81.712316679858,64
-7.6926,53.28823,2021/12/31 00:00:00+00,Fri 31 Dec 2021,720,1647,0,3666609,3611220,238184,3904793,3849404,82.9235531727426,81.747292949298,65
-7.6926,53.28823,2022/01/01 00:00:00+00,Sat 01 Jan 2022,64,95,0,3666673,3611315,238184,3904857,3849499,82.9249122991811,81.7493104026051,66
-7.6926,53.28823,2022/01/02 00:00:00+00,Sun 02 Jan 2022,266,618,0,3666939,3611933,238184,3905123,3850117,82.930561168441,81.7624344672766,67
-7.6926,53.28823,2022/01/03 00:00:00+00,Mon 03 Jan 2022,3624,704,0,3670563,3612637,238184,3908747,3850821,83.0075217030194,81.7773848580998,68
-7.6926,53.28823,2022/01/04 00:00:00+00,Tue 04 Jan 2022,1184,716,0,3671747,3613353,238184,3909931,3851537,83.0326655421311,81.7925900851302,69
-7.6926,53.28823,2022/01/05 00:00:00+00,Wed 05 Jan 2022,2141,810,0,3673888,3614163,238184,3912072,3852347,83.0781325687681,81.8097915291171,70
-7.6926,53.28823,2022/01/06 00:00:00+00,Thu 06 Jan 2022,2455,1589,0,3676343,3615752,238184,3914527,3853936,83.1302678094938,81.8435360902222,71
-7.6926,53.28823,2022/01/07 00:00:00+00,Fri 07 Jan 2022,4827,697,0,3681170,3616449,238184,3919354,3854633,83.2327756738453,81.8583378265912,72
-7.6926,53.28823,2022/01/08 00:00:00+00,Sat 08 Jan 2022,9780,693,1,3690950,3617142,238185,3929135,3855327,83.4404884190747,81.8730758539083,73
-7.6926,53.28823,2022/01/09 00:00:00+00,Sun 09 Jan 2022,7113,657,0,3698063,3617799,238185,3936248,3855984,83.5915425809004,81.8870281362533,74
-7.6926,53.28823,2022/01/10 00:00:00+00,Mon 10 Jan 2022,6644,436,0,3704707,3618235,238185,3942892,3856420,83.7326368942942,81.8962871851154,75
-7.6926,53.28823,2022/01/11 00:00:00+00,Tue 11 Jan 2022,4752,1264,1,3709459,3619499,238186,3947645,3857685,83.8335732687012,81.9231511686258,76
-7.6926,53.28823,2022/01/12 00:00:00+00,Wed 12 Jan 2022,7536,783,1,3716995,3620282,238187,3955182,3858469,83.9936316431817,81.939800467497,77
-7.6926,53.28823,2022/01/13 00:00:00+00,Thu 13 Jan 2022,7293,697,0,3724288,3620979,238187,3962475,3859166,84.1485083481156,81.954602203866,78
-7.6926,53.28823,2022/01/14 00:00:00+00,Fri 14 Jan 2022,10711,720,0,3734999,3621699,238187,3973186,3859886,84.375970899404,81.9698923762988,79
-7.6926,53.28823,2022/01/15 00:00:00+00,Sat 15 Jan 2022,8342,614,0,3743341,3622313,238187,3981528,3860500,84.5531245361185,81.9829314955679,80
-7.6926,53.28823,2022/01/16 00:00:00+00,Sun 16 Jan 2022,6969,1205,1,3750310,3623518,238188,3988498,3861706,84.7011418998082,82.0085425343928,81
-7.6926,53.28823,2022/01/17 00:00:00+00,Mon 17 Jan 2022,2549,503,0,3752859,3624021,238188,3991047,3862209,84.7552733574904,82.0192244187452,82
-7.6926,53.28823,2022/01/18 00:00:00+00,Tue 18 Jan 2022,4037,380,3,3756896,3624401,238191,3995087,3862592,84.8410682139189,82.0273579410254,83
-7.6926,53.28823,2022/01/19 00:00:00+00,Wed 19 Jan 2022,3469,538,0,3760365,3624939,238191,3998556,3863130,84.9147371141541,82.0387830976488,84
-7.6926,53.28823,2022/01/20 00:00:00+00,Thu 20 Jan 2022,3677,857,0,3764042,3625796,238191,4002233,3863987,84.9928231753144,82.0569826501139,85
-7.6926,53.28823,2022/01/21 00:00:00+00,Fri 21 Jan 2022,3243,923,0,3767285,3626719,238191,4005476,3864910,85.0616926603137,82.0765838017187,86
-7.6926,53.28823,2022/01/22 00:00:00+00,Sat 22 Jan 2022,4265,603,0,3771550,3627322,238191,4009741,3865513,85.1522656956275,82.0893893211312,87
-7.6926,53.28823,2022/01/23 00:00:00+00,Sun 23 Jan 2022,3090,677,0,3774640,3627999,238191,4012831,3866190,85.2178860189849,82.1037663304882,88
-7.6926,53.28823,2022/01/24 00:00:00+00,Mon 24 Jan 2022,634,425,0,3775274,3628424,238191,4013465,3866615,85.231349865266,82.1127917794936,89
-7.6926,53.28823,2022/01/25 00:00:00+00,Tue 25 Jan 2022,686,1790,0,3775960,3630214,238191,4014151,3868405,85.2459180017783,82.1508048470696,90
-7.6926,53.28823,2022/01/26 00:00:00+00,Wed 26 Jan 2022,694,834,0,3776654,3631048,238191,4014845,3869239,85.2606560290955,82.1685159634709,91
-7.6926,53.28823,2022/01/27 00:00:00+00,Thu 27 Jan 2022,1261,1108,0,3777915,3632156,238191,4016106,3870347,85.2874350672035,82.192045839937,92
-7.6926,53.28823,2022/01/28 00:00:00+00,Fri 28 Jan 2022,1016,3026,0,3778931,3635182,238191,4017122,3873373,85.3090111994142,82.2563070368559,93
-7.6926,53.28823,2022/01/29 00:00:00+00,Sat 29 Jan 2022,2324,3412,0,3781255,3638594,238191,4019446,3876785,85.3583644782112,82.3287654651069,94
-7.6926,53.28823,2022/01/30 00:00:00+00,Sun 30 Jan 2022,1633,7531,0,3782888,3646125,238191,4021079,3884316,85.3930434387428,82.4886964214838,95
-7.6926,53.28823,2022/01/31 00:00:00+00,Mon 31 Jan 2022,468,1346,0,3783356,3647471,238191,4021547,3885662,85.4029820508241,82.5172805493929,96
-7.6926,53.28823,2022/02/01 00:00:00+00,Tue 01 Feb 2022,735,3357,2,3784091,3650828,238193,4022284,3889021,85.4186332412171,82.588613451062,97
-7.6926,53.28823,2022/02/02 00:00:00+00,Wed 02 Feb 2022,630,2912,0,3784721,3653740,238193,4022914,3891933,85.4320121420958,82.6504537040124,98
-7.6926,53.28823,2022/02/03 00:00:00+00,Thu 03 Feb 2022,892,2287,1,3785613,3656027,238194,4023807,3894221,85.4509762031826,82.6990424741877,99
-7.6926,53.28823,2020/12/28 00:00:00+00,Mon 28 Dec 2020,157,26,4,157,26,4,161,30,0.00341905244677799,0.000637090518033166,100
-7.6926,53.28823,2021/07/17 23:00:00+00,Sun 18 Jul 2021,16785,15685,1915,2839622,2350979,166671,3006293,2517650,63.8426921576493,53.4656980908733,101
-7.6926,53.28823,2021/07/18 23:00:00+00,Mon 19 Jul 2021,24748,18224,6212,2864370,2369203,172883,3037253,2542086,64.5001695722596,53.9846295541619,102
-7.6926,53.28823,2021/07/19 23:00:00+00,Tue 20 Jul 2021,30453,17955,7667,2894823,2387158,180550,3075373,2567708,65.3096992571737,54.5287473292635,103
-7.6926,53.28823,2021/07/20 23:00:00+00,Wed 21 Jul 2021,30183,19635,6852,2925006,2406793,187402,3112408,2594195,66.0961875016856,55.0912345476349,104
-7.6926,53.28823,2021/07/21 23:00:00+00,Thu 22 Jul 2021,33407,15720,6902,2958413,2422513,194304,3152717,2616817,66.9522035580656,55.5716432709331,105
-7.6926,53.28823,2021/07/22 23:00:00+00,Fri 23 Jul 2021,26972,20622,5574,2985385,2443135,199878,3185263,2643013,67.6433618247292,56.1279507112797,106
-7.6926,53.28823,2021/07/23 23:00:00+00,Sat 24 Jul 2021,15348,14633,2242,3000733,2457768,202120,3202853,2659888,68.0169092318026,56.4863141276734,107
-7.6926,53.28823,2021/07/24 23:00:00+00,Sun 25 Jul 2021,14657,13538,1027,3015390,2471306,203147,3218537,2674453,68.3499801546304,56.7956215741785,108
-7.6926,53.28823,2021/07/25 23:00:00+00,Mon 26 Jul 2021,23725,18026,3389,3039115,2489332,206536,3245651,2695868,68.9257825648287,57.2503980223011,109
-7.6926,53.28823,2021/07/26 23:00:00+00,Tue 27 Jul 2021,25364,23650,3634,3064479,2512982,210170,3274649,2723152,69.5415942595596,57.8298106121017,110
-7.6926,53.28823,2021/07/27 23:00:00+00,Wed 28 Jul 2021,23337,25058,3235,3087816,2538040,213405,3301221,2751445,70.1058865677322,58.4306506796588,111
-7.6926,53.28823,2021/07/28 23:00:00+00,Thu 29 Jul 2021,19159,27660,2932,3106975,2565700,216337,3323312,2782037,70.5750187888612,59.0803131172478,112
-7.6926,53.28823,2021/07/29 23:00:00+00,Fri 30 Jul 2021,21827,22713,2087,3128802,2588413,218424,3347226,2806837,71.082864877136,59.6069746121552,113
-7.6926,53.28823,2021/07/30 23:00:00+00,Sat 31 Jul 2021,13655,12311,893,3142457,2600724,219317,3361774,2820041,71.3918113056809,59.8873793854922,114
-7.6926,53.28823,2021/07/31 23:00:00+00,Sun 01 Aug 2021,11015,9208,357,3153472,2609932,219674,3373146,2829606,71.6333110847167,60.0905050789918,115
-7.6926,53.28823,2021/08/01 23:00:00+00,Mon 02 Aug 2021,14927,15790,406,3168399,2625722,220080,3388479,2845802,71.9589280484834,60.4344490133273,116
-7.6926,53.28823,2021/08/02 23:00:00+00,Tue 03 Aug 2021,17244,25244,1090,3185643,2650966,221170,3406813,2872136,72.3482753004041,60.9936870700568,117
-7.6926,53.28823,2021/08/03 23:00:00+00,Wed 04 Aug 2021,22010,17078,1558,3207653,2668044,222728,3430381,2890772,72.848773611371,61.389447699859,118
-7.6926,53.28823,2021/08/04 23:00:00+00,Thu 05 Aug 2021,13433,29854,1410,3221086,2697898,224138,3445224,2922036,73.1639847633432,62.053380965052,119
-7.6926,53.28823,2021/08/05 23:00:00+00,Fri 06 Aug 2021,12094,24559,931,3233180,2722457,225069,3458249,2947526,73.4405882299226,62.5946955418742,120
-7.6926,53.28823,2021/08/06 23:00:00+00,Sat 07 Aug 2021,6287,8296,566,3239467,2730753,225635,3465102,2956388,73.586120940592,62.7828920809012,121
-7.6926,53.28823,2021/08/07 23:00:00+00,Sun 08 Aug 2021,8573,11855,147,3248040,2742608,225782,3473822,2968390,73.7713019178336,63.0377707608156,122
-7.6926,53.28823,2021/08/08 23:00:00+00,Mon 09 Aug 2021,5470,22831,591,3253510,2765439,226373,3479883,2991812,73.9000154388269,63.5351685645947,123
-7.6926,53.28823,2021/08/09 23:00:00+00,Tue 10 Aug 2021,9254,25806,693,3262764,2791245,227066,3489830,3018311,74.1112534182561,64.0979106191734,124
-7.6926,53.28823,2021/08/10 23:00:00+00,Wed 11 Aug 2021,6932,31013,640,3269696,2822258,227706,3497402,3049964,74.2720550650077,64.7701048247502,125
-7.6926,53.28823,2021/08/11 23:00:00+00,Thu 12 Aug 2021,6676,38110,853,3276372,2860368,228559,3504931,3088927,74.4319435486834,65.5975367532211,126
-7.6926,53.28823,2021/08/12 23:00:00+00,Fri 13 Aug 2021,10837,28073,849,3287209,2888441,229408,3516617,3117849,74.6801115418079,66.2117344853063,127
-7.6926,53.28823,2021/08/13 23:00:00+00,Sat 14 Aug 2021,18063,5725,270,3305272,2894166,229678,3534950,3123844,75.069437557378,66.3390464071599,128
-7.6926,53.28823,2021/08/14 23:00:00+00,Sun 15 Aug 2021,16961,3650,40,3322233,2897816,229718,3551951,3127534,75.4304767539474,66.417408540878,129
-7.6926,53.28823,2021/08/15 23:00:00+00,Mon 16 Aug 2021,10127,22988,366,3332360,2920804,230084,3562444,3150888,75.6533097808048,66.9133622728162,130
-7.6926,53.28823,2021/08/16 23:00:00+00,Tue 17 Aug 2021,12825,26721,520,3345185,2947525,230604,3575789,3178129,75.9367088795765,67.4918616995409,131
-7.6926,53.28823,2021/08/17 23:00:00+00,Wed 18 Aug 2021,15169,25622,649,3360354,2973147,231253,3591607,3204400,76.2726254733848,68.0497618661825,132
-7.6926,53.28823,2021/08/18 23:00:00+00,Thu 19 Aug 2021,11318,25557,535,3371672,2998704,231788,3603460,3230492,76.5243399370597,68.6038607260666,133
-7.6926,53.28823,2021/08/19 23:00:00+00,Fri 20 Aug 2021,14782,22102,673,3386454,3020806,232461,3618915,3253267,76.8525477355998,69.0875186110068,134
-7.6926,53.28823,2021/08/20 23:00:00+00,Sat 21 Aug 2021,11817,7871,234,3398271,3028677,232695,3630966,3261372,77.1084669966937,69.2596392326287,135
-7.6926,53.28823,2021/08/21 23:00:00+00,Sun 22 Aug 2021,7989,12194,157,3406260,3040871,232852,3639112,3273723,77.2814583086903,69.521929398903,136
-7.6926,53.28823,2021/08/22 23:00:00+00,Mon 23 Aug 2021,10824,15231,278,3417084,3056102,233130,3650214,3289232,77.5172242730638,69.8512839603755,137
-7.6926,53.28823,2021/08/23 23:00:00+00,Tue 24 Aug 2021,9703,22782,378,3426787,3078884,233508,3660295,3312392,77.7313079234735,70.3431178402971,138
-7.6926,53.28823,2021/08/24 23:00:00+00,Wed 25 Aug 2021,9367,19376,307,3436154,3098260,233815,3669969,3332075,77.9367483791886,70.7611129291787,139
-7.6926,53.28823,2021/08/25 23:00:00+00,Thu 26 Aug 2021,8533,19310,364,3444687,3117570,234179,3678866,3351749,78.1256881904867,71.1789168909048,140
-7.6926,53.28823,2021/08/26 23:00:00+00,Fri 27 Aug 2021,9671,19098,428,3454358,3136668,234607,3688965,3371275,78.3401540952072,71.593577872742,141
-7.6926,53.28823,2021/08/27 23:00:00+00,Sat 28 Aug 2021,9892,7834,148,3464250,3144502,234755,3699005,3379257,78.5533670552423,71.76308642324,142
-7.6926,53.28823,2021/08/28 23:00:00+00,Sun 29 Aug 2021,8786,9148,25,3473036,3153650,234780,3707816,3388430,78.7404805403887,71.957887467304,143
-7.6926,53.28823,2021/08/29 23:00:00+00,Mon 30 Aug 2021,5029,11015,80,3478065,3164665,234860,3712925,3399525,78.8489770556097,72.1935047772233,144
-7.6926,53.28823,2021/08/30 23:00:00+00,Tue 31 Aug 2021,4027,12756,139,3482092,3177421,234999,3717091,3412420,78.9374476922139,72.4673475182245,145
-7.6926,53.28823,2021/08/31 23:00:00+00,Wed 01 Sep 2021,4908,12436,178,3487000,3189857,235177,3722177,3425034,79.0454557713712,72.7352228447069,146
-7.6926,53.28823,2021/09/01 23:00:00+00,Thu 02 Sep 2021,4975,12279,243,3491975,3202136,235420,3727395,3437556,79.1562670488077,73.0011444269339,147
-7.6926,53.28823,2021/09/02 23:00:00+00,Fri 03 Sep 2021,4737,15961,160,3496712,3218097,235580,3732292,3453677,79.2602614577013,73.3434956349743,148
-7.6926,53.28823,2021/09/03 23:00:00+00,Sat 04 Sep 2021,4607,10526,130,3501319,3228623,235710,3737029,3464333,79.3608580504988,73.5697901869797,149
-7.6926,53.28823,2021/09/04 23:00:00+00,Sun 05 Sep 2021,5298,11855,1,3506617,3240478,235711,3742328,3476189,79.473389472334,73.8215683597064,150
-7.6926,53.28823,2021/09/05 23:00:00+00,Mon 06 Sep 2021,2124,9609,70,3508741,3250087,235781,3744522,3485868,79.5199820255528,74.0271149971745,151
-7.6926,53.28823,2021/09/06 23:00:00+00,Tue 07 Sep 2021,3013,9922,151,3511754,3260009,235932,3747686,3495941,79.5871738388548,74.2410287567794,152
-7.6926,53.28823,2021/09/07 23:00:00+00,Wed 08 Sep 2021,2581,14725,182,3514335,3274734,236114,3750449,3510848,79.6458498755656,74.5575990351901,153
-7.6926,53.28823,2021/09/08 23:00:00+00,Thu 09 Sep 2021,3089,14735,136,3517424,3289469,236250,3753674,3525719,79.7143371062542,74.8734048049792,154
-7.6926,53.28823,2021/09/09 23:00:00+00,Fri 10 Sep 2021,3356,13883,112,3520780,3303352,236362,3757142,3539714,79.7879847701388,75.1706075316416,155
-7.6926,53.28823,2021/09/10 23:00:00+00,Sat 11 Sep 2021,2543,11263,57,3523323,3314615,236419,3759742,3551034,79.8431992817017,75.4110030204461,156
-7.6926,53.28823,2021/09/11 23:00:00+00,Sun 12 Sep 2021,2025,12853,1,3525348,3327468,236420,3761768,3563888,79.8862241280195,75.6839750710728,157
-7.6926,53.28823,2021/09/12 23:00:00+00,Mon 13 Sep 2021,1585,7677,49,3526933,3335145,236469,3763402,3571614,79.9209243249017,75.8480471158169,158
-7.6926,53.28823,2021/09/13 23:00:00+00,Tue 14 Sep 2021,1526,10715,80,3528459,3345860,236549,3765008,3582409,79.9550299039671,76.0772935205558,159
-7.6926,53.28823,2021/09/14 23:00:00+00,Wed 15 Sep 2021,3252,12350,133,3531711,3358210,236682,3768393,3594892,80.0269149507518,76.3423868851094,160
-7.6926,53.28823,2021/09/15 23:00:00+00,Thu 16 Sep 2021,1889,10543,110,3533600,3368753,236792,3770392,3605545,80.0693664156035,76.568617728063,161
-7.6926,53.28823,2021/09/16 23:00:00+00,Fri 17 Sep 2021,2545,14550,89,3536145,3383303,236881,3773026,3620184,80.1253029630868,76.8794966645126,162
-7.6926,53.28823,2021/09/17 23:00:00+00,Sat 18 Sep 2021,2272,11190,42,3538417,3394493,236923,3775340,3631416,80.1744438783777,77.1180233544642,163
-7.6926,53.28823,2021/09/18 23:00:00+00,Sun 19 Sep 2021,1854,8469,11,3540271,3402962,236934,3777205,3639896,80.2140496722488,77.2981076075616,164
-7.6926,53.28823,2021/09/19 23:00:00+00,Mon 20 Sep 2021,952,5574,32,3541223,3408536,236966,3778189,3645502,80.2349462412403,77.4171585890314,165
-7.6926,53.28823,2021/09/20 23:00:00+00,Tue 21 Sep 2021,1447,6618,90,3542670,3415154,237056,3779726,3652210,80.2675865121142,77.5596120288636,166
-7.6926,53.28823,2021/09/21 23:00:00+00,Wed 22 Sep 2021,1888,8089,95,3544558,3423243,237151,3781709,3660394,80.3096981953562,77.733410322183,167
-7.6926,53.28823,2021/09/22 23:00:00+00,Thu 23 Sep 2021,1685,8718,87,3546243,3431961,237238,3783481,3669199,80.3473290086213,77.9203963892258,168
-7.6926,53.28823,2021/09/23 23:00:00+00,Fri 24 Sep 2021,1903,7341,79,3548146,3439302,237317,3785463,3676619,80.3894194555127,78.077970110686,169
-7.6926,53.28823,2021/09/24 23:00:00+00,Sat 25 Sep 2021,2402,6560,51,3550548,3445862,237368,3787916,3683230,80.4415122235372,78.2183636245099,170
-7.6926,53.28823,2021/09/25 23:00:00+00,Sun 26 Sep 2021,1537,7085,0,3552085,3452947,237368,3789453,3690315,80.4741524944111,78.3688231685187,171
-7.6926,53.28823,2021/09/26 23:00:00+00,Mon 27 Sep 2021,1164,3740,45,3553249,3456687,237413,3790662,3694100,80.4998272422879,78.4492027555439,172
-7.6926,53.28823,2021/09/27 23:00:00+00,Tue 28 Sep 2021,1434,5077,91,3554683,3461764,237504,3792187,3699268,80.5322126769546,78.5589522154504,173
-7.6926,53.28823,2021/09/28 23:00:00+00,Wed 29 Sep 2021,1640,3560,74,3556323,3465324,237578,3793901,3702902,80.5686117818848,78.6361251135348,174
-7.6926,53.28823,2021/09/29 23:00:00+00,Thu 30 Sep 2021,1272,3912,77,3557595,3469236,237655,3795250,3706891,80.5972596188457,78.7208369160826,175
-7.6926,53.28823,2021/09/30 23:00:00+00,Fri 01 Oct 2021,1833,5123,41,3559428,3474359,237696,3797124,3712055,80.6370565398722,78.8305014305868,176
-7.6926,53.28823,2021/10/01 23:00:00+00,Sat 02 Oct 2021,1706,4047,39,3561134,3478406,237735,3798869,3716141,80.6741139716711,78.9172731591429,177
-7.6926,53.28823,2021/10/02 23:00:00+00,Sun 03 Oct 2021,1202,2996,9,3562336,3481402,237744,3800080,3719146,80.6998311922491,78.9810883926992,178
-7.6926,53.28823,2021/10/03 23:00:00+00,Mon 04 Oct 2021,332,1191,17,3562668,3482593,237761,3800429,3720354,80.7072426786089,79.0067419042253,179
-7.6926,53.28823,2021/10/04 23:00:00+00,Tue 05 Oct 2021,959,2773,69,3563627,3485366,237830,3801457,3723196,80.7290736470268,79.0670956126337,180
-7.6926,53.28823,2021/10/05 23:00:00+00,Wed 06 Oct 2021,975,2513,35,3564602,3487879,237865,3802467,3725744,80.7505223611339,79.1212058339653,181
-7.6926,53.28823,2021/10/06 23:00:00+00,Thu 07 Oct 2021,1206,2646,43,3565808,3490525,237908,3803716,3728433,80.7770465630347,79.1783103807317,182
-7.6926,53.28823,2021/10/07 23:00:00+00,Fri 08 Oct 2021,979,2724,45,3566787,3493249,237953,3804740,3731202,80.7987925860502,79.2371138355461,183
-7.6926,53.28823,2021/10/08 23:00:00+00,Sat 09 Oct 2021,728,2333,20,3567515,3495582,237973,3805488,3733555,80.8146773762999,79.2870829685105,184
-7.6926,53.28823,2021/10/09 23:00:00+00,Sun 10 Oct 2021,1526,3898,0,3569041,3499480,237973,3807014,3737453,80.8470840473171,79.3698622631536,185
-7.6926,53.28823,2021/10/10 23:00:00+00,Mon 11 Oct 2021,329,1083,13,3569370,3500563,237986,3807356,3738549,80.8543468792227,79.3931373034125,186
-7.6926,53.28823,2021/10/11 23:00:00+00,Tue 12 Oct 2021,560,1573,20,3569930,3502136,238006,3807936,3740142,80.8666639625714,79.42696680992,187
-7.6926,53.28823,2021/10/12 23:00:00+00,Wed 13 Oct 2021,1031,1997,9,3570961,3504133,238015,3808976,3742148,80.8887497671965,79.4695669292258,188
-7.6926,53.28823,2021/10/13 23:00:00+00,Thu 14 Oct 2021,700,1538,7,3571661,3505671,238022,3809683,3743693,80.9037638670715,79.5023770909045,189
-7.6926,53.28823,2021/10/14 23:00:00+00,Fri 15 Oct 2021,952,2018,7,3572613,3507689,238029,3810642,3745718,80.9241295272979,79.5453807008718,190
-7.6926,53.28823,2021/10/15 23:00:00+00,Sat 16 Oct 2021,1371,2606,11,3573984,3510295,238040,3812024,3748335,80.9534781638287,79.6009562303949,191
-7.6926,53.28823,2021/10/16 23:00:00+00,Sun 17 Oct 2021,1709,2876,2,3575693,3513171,238042,3813735,3751213,80.9898135597072,79.6620744474248,192
-7.6926,53.28823,2021/10/17 23:00:00+00,Mon 18 Oct 2021,668,1178,4,3576361,3514349,238046,3814407,3752395,81.0040843873111,79.6871758138354,193
-7.6926,53.28823,2021/10/18 23:00:00+00,Tue 19 Oct 2021,1328,1742,10,3577689,3516091,238056,3815745,3754147,81.0324986244154,79.7243819000885,194
-7.6926,53.28823,2021/10/19 23:00:00+00,Wed 20 Oct 2021,2244,2273,0,3579933,3518364,238056,3817989,3756420,81.0801529951643,79.7726521250048,195
-7.6926,53.28823,2021/10/20 23:00:00+00,Thu 21 Oct 2021,1752,1777,10,3581685,3520141,238066,3819751,3758207,81.1175714449234,79.810601483529,196
-7.6926,53.28823,2021/10/21 23:00:00+00,Fri 22 Oct 2021,1494,1888,1,3583179,3522029,238067,3821246,3760096,81.1493197890721,79.8507169498145,197
-7.6926,53.28823,2021/10/22 23:00:00+00,Sat 23 Oct 2021,2006,1667,0,3585185,3523696,238067,3823252,3761763,81.1919199083779,79.8861179462665,198
-7.6926,53.28823,2021/10/23 23:00:00+00,Sun 24 Oct 2021,1943,2172,1,3587128,3525868,238068,3825196,3763936,81.2332033739464,79.9322645361227,199
-7.6926,53.28823,2021/10/24 23:00:00+00,Mon 25 Oct 2021,1215,811,1,3588343,3526679,238069,3826412,3764748,81.2590267762774,79.9495084528108,200
-7.6926,53.28823,2021/10/25 23:00:00+00,Tue 26 Oct 2021,1238,1173,6,3589581,3527852,238075,3827656,3765927,81.2854447964252,79.9745461101695,201
-7.6926,53.28823,2020/12/29 00:00:00+00,Tue 29 Dec 2020,71,1,0,228,27,4,232,31,0.00492683333945648,0.000658326868634271,202
-7.6926,53.28823,2020/12/30 00:00:00+00,Wed 30 Dec 2020,1052,0,0,1280,27,4,1284,31,0.0272674741718195,0.000658326868634271,203
-7.6926,53.28823,2020/12/31 00:00:00+00,Thu 31 Dec 2020,1025,1,0,2305,28,4,2309,32,0.0490347335379526,0.000679563219235377,204
-7.6926,53.28823,2021/01/01 00:00:00+00,Fri 01 Jan 2021,804,0,0,3109,28,4,3113,32,0.0661087594212415,0.000679563219235377,205
-7.6926,53.28823,2021/01/02 00:00:00+00,Sat 02 Jan 2021,1014,0,0,4123,28,4,4127,32,0.0876424189307625,0.000679563219235377,206
-7.6926,53.28823,2021/01/03 00:00:00+00,Sun 03 Jan 2021,18,2,0,4141,30,4,4145,34,0.0880246732415824,0.000722035920437588,207
-7.6926,53.28823,2021/01/04 00:00:00+00,Mon 04 Jan 2021,1179,3,0,5320,33,4,5324,37,0.113062330600286,0.000785744972240904,208
-7.6926,53.28823,2021/01/05 00:00:00+00,Tue 05 Jan 2021,3507,5,0,8827,38,4,8831,42,0.187538212158363,0.000891926725246432,209
-7.6926,53.28823,2021/01/06 00:00:00+00,Wed 06 Jan 2021,6755,6,0,15582,44,4,15586,48,0.330989760468831,0.00101934482885307,210
-7.6926,53.28823,2021/01/07 00:00:00+00,Thu 07 Jan 2021,11708,6,0,27290,50,4,27294,54,0.579624953306574,0.0011467629324597,211
-7.6926,53.28823,2021/01/08 00:00:00+00,Fri 08 Jan 2021,12658,5,0,39948,55,4,39952,59,0.848434679215368,0.00125294468546523,212
-7.6926,53.28823,2021/01/09 00:00:00+00,Sat 09 Jan 2021,8067,4,0,48015,59,4,48019,63,1.01974831951449,0.00133789008786965,213
-7.6926,53.28823,2021/01/10 00:00:00+00,Sun 10 Jan 2021,4762,2,1,52777,61,5,52782,66,1.12089705742755,0.00140159913967296,214
-7.6926,53.28823,2021/01/11 00:00:00+00,Mon 11 Jan 2021,8323,6,0,61100,67,5,61105,72,1.29764720348055,0.0015290172432796,215
-7.6926,53.28823,2021/01/12 00:00:00+00,Tue 12 Jan 2021,8854,7,0,69954,74,5,69959,79,1.48567385170274,0.00167767169748734,216
-7.6926,53.28823,2021/01/13 00:00:00+00,Wed 13 Jan 2021,9863,5,0,79817,79,5,79822,84,1.69512797768144,0.00178385345049286,217
-7.6926,53.28823,2021/01/14 00:00:00+00,Thu 14 Jan 2021,8051,3,0,87868,82,5,87873,87,1.86610183637095,0.00184756250229618,218
-7.6926,53.28823,2021/01/15 00:00:00+00,Fri 15 Jan 2021,7657,2,0,95525,84,5,95530,89,2.02870857292361,0.00189003520349839,219
-7.6926,53.28823,2021/01/16 00:00:00+00,Sat 16 Jan 2021,5208,3,0,100733,87,5,100738,92,2.13930748685417,0.00195374425530171,220
-7.6926,53.28823,2021/01/17 00:00:00+00,Sun 17 Jan 2021,1103,4,0,101836,91,5,101841,96,2.16273118156719,0.00203868965770613,221
-7.6926,53.28823,2021/01/18 00:00:00+00,Mon 18 Jan 2021,8678,5,0,110514,96,5,110519,101,2.34702023208358,0.00214487141071166,222
-7.6926,53.28823,2021/01/19 00:00:00+00,Tue 19 Jan 2021,8359,16,0,118873,112,5,118878,117,2.52453488675822,0.00248465302032935,223
-7.6926,53.28823,2021/01/20 00:00:00+00,Wed 20 Jan 2021,8430,957,0,127303,1069,5,127308,1074,2.70355732232554,0.0228078405455873,224
-7.6926,53.28823,2021/01/21 00:00:00+00,Thu 21 Jan 2021,8956,957,0,136259,2026,5,136264,2031,2.89375007830904,0.0431310280708453,225
-7.6926,53.28823,2021/01/22 00:00:00+00,Fri 22 Jan 2021,6739,964,0,142998,2990,5,143003,2995,3.03686184500989,0.063602870050311,226
-7.6926,53.28823,2021/01/23 00:00:00+00,Sat 23 Jan 2021,4162,456,0,147160,3446,5,147165,3451,3.12524753621169,0.0732866459244152,227
-7.6926,53.28823,2021/01/24 00:00:00+00,Sun 24 Jan 2021,1175,396,0,148335,3842,5,148340,3847,3.15020024816799,0.081696240762453,228
-7.6926,53.28823,2021/01/25 00:00:00+00,Mon 25 Jan 2021,1338,1283,0,149673,5125,5,149678,5130,3.17861448527227,0.108942478583671,229
-7.6926,53.28823,2021/01/26 00:00:00+00,Tue 26 Jan 2021,988,3495,0,150661,8620,5,150666,8625,3.19959599966616,0.183163523934535,230
-7.6926,53.28823,2021/01/27 00:00:00+00,Wed 27 Jan 2021,2143,6695,0,152804,15315,5,152809,15320,3.24510549900433,0.325340891208937,231
-7.6926,53.28823,2021/01/28 00:00:00+00,Thu 28 Jan 2021,959,11534,0,153763,26849,5,153768,26854,3.26547115923079,0.570280959042088,232
-7.6926,53.28823,2021/01/29 00:00:00+00,Fri 29 Jan 2021,1545,11522,0,155308,38371,5,155313,38376,3.2982813209095,0.814966190668026,233
-7.6926,53.28823,2021/01/30 00:00:00+00,Sat 30 Jan 2021,609,7795,0,155917,46166,5,155922,46171,3.31121425842558,0.980503543603643,234
-7.6926,53.28823,2021/01/31 00:00:00+00,Sun 31 Jan 2021,205,4082,0,156122,50248,5,156127,50253,3.3155677102988,1.06719032675736,235
-7.6926,53.28823,2021/02/01 00:00:00+00,Mon 01 Feb 2021,992,8332,0,157114,58580,5,157119,58585,3.3366341700951,1.24413159996577,236
-7.6926,53.28823,2021/02/02 00:00:00+00,Tue 02 Feb 2021,810,5097,0,157924,63677,5,157929,63682,3.35383561408199,1.3523732789796,237
-7.6926,53.28823,2021/02/03 00:00:00+00,Wed 03 Feb 2021,1371,6861,0,159295,70538,5,159300,70543,3.38295065075611,1.49807588045379,238
-7.6926,53.28823,2021/02/04 00:00:00+00,Thu 04 Feb 2021,1398,10532,0,160693,81070,5,160698,81075,3.41263906889646,1.72173712498463,239
-7.6926,53.28823,2021/02/05 00:00:00+00,Fri 05 Feb 2021,3361,8604,0,164054,89674,5,164059,89679,3.48401444326677,1.90445468555654,240
-7.6926,53.28823,2021/02/06 00:00:00+00,Sat 06 Feb 2021,879,3864,0,164933,93538,5,164938,93543,3.50268119544514,1.98651194427921,241
-7.6926,53.28823,2021/02/07 00:00:00+00,Sun 07 Feb 2021,307,1295,1,165240,94833,6,165246,94839,3.50922199143028,2.01403425465825,242
-7.6926,53.28823,2021/02/08 00:00:00+00,Mon 08 Feb 2021,1140,871,0,166380,95704,6,166386,95710,3.53343143111554,2.03253111603181,243
-7.6926,53.28823,2021/02/09 00:00:00+00,Tue 09 Feb 2021,4211,530,1,170591,96234,7,170598,96241,3.6228789398474,2.043807618201,244
-7.6926,53.28823,2021/02/10 00:00:00+00,Wed 10 Feb 2021,8789,577,0,179380,96811,7,179387,96818,3.80952522528052,2.05606099249783,245
-7.6926,53.28823,2021/02/11 00:00:00+00,Thu 11 Feb 2021,6147,435,0,185527,97246,7,185534,97253,3.94006507242551,2.06529880500932,246
-7.6926,53.28823,2021/02/12 00:00:00+00,Fri 12 Feb 2021,4362,516,0,189889,97762,7,189896,97769,4.03269803374753,2.07625676191949,247
-7.6926,53.28823,2021/02/13 00:00:00+00,Sat 13 Feb 2021,1190,1910,0,191079,99672,7,191086,99679,4.05796929096285,2.1168181915676,248
-7.6926,53.28823,2021/02/14 00:00:00+00,Sun 14 Feb 2021,2678,20,0,193757,99692,7,193764,99699,4.11484023787261,2.11724291857962,249
-7.6926,53.28823,2021/02/15 00:00:00+00,Mon 15 Feb 2021,1933,7872,0,195690,107564,7,195697,107571,4.15589010358455,2.28441547051152,250
-7.6926,53.28823,2021/02/16 00:00:00+00,Tue 16 Feb 2021,5607,8150,0,201297,115714,7,201304,115721,4.27496232140495,2.45749172791053,251
-7.6926,53.28823,2021/02/17 00:00:00+00,Wed 17 Feb 2021,9704,8459,0,211001,124173,7,211008,124180,4.48103986763807,2.63713001764528,252
-7.6926,53.28823,2021/02/18 00:00:00+00,Thu 18 Feb 2021,8440,8331,0,219441,132504,7,219448,132511,4.6602746667114,2.81405005450309,253
-7.6926,53.28823,2021/02/19 00:00:00+00,Fri 19 Feb 2021,9364,6576,0,228805,139080,7,228812,139087,4.85913185374016,2.95370029605596,254
-7.6926,53.28823,2021/02/20 00:00:00+00,Sat 20 Feb 2021,5863,3564,1,234668,142644,8,234676,142652,4.98366181366504,3.0294078859489,255
-7.6926,53.28823,2021/02/21 00:00:00+00,Sun 21 Feb 2021,1093,1015,4,235761,143659,12,235773,143671,5.00695809027445,3.05104772721143,256
-7.6926,53.28823,2021/02/22 00:00:00+00,Mon 22 Feb 2021,3923,1106,1,239684,144765,13,239697,144778,5.09028953003319,3.07455636732685,257
-7.6926,53.28823,2021/02/23 00:00:00+00,Tue 23 Feb 2021,13333,1056,0,253017,145821,13,253030,145834,5.37343379259773,3.09698195356162,258
-7.6926,53.28823,2021/02/24 00:00:00+00,Wed 24 Feb 2021,16903,2090,2,269920,147911,15,269935,147926,5.73243429950942,3.14140839901914,259
-7.6926,53.28823,2021/02/25 00:00:00+00,Thu 25 Feb 2021,18036,1744,2,287956,149655,17,287973,149672,6.11549559165216,3.17848706716867,260
-7.6926,53.28823,2021/02/26 00:00:00+00,Fri 26 Feb 2021,16056,2754,0,304012,152409,17,304029,152426,6.45646643690351,3.23697197672411,261
-7.6926,53.28823,2021/02/27 00:00:00+00,Sat 27 Feb 2021,8958,699,1,312970,153108,18,312988,153126,6.64672290193881,3.25183742214488,262
-7.6926,53.28823,2021/02/28 00:00:00+00,Sun 28 Feb 2021,2422,46,1,315392,153154,19,315411,153173,6.69817857944529,3.25283553062314,263
-7.6926,53.28823,2021/03/01 00:00:00+00,Mon 01 Mar 2021,5555,778,0,320947,153932,19,320966,153951,6.81614650703443,3.2693574113908,264
-7.6926,53.28823,2021/03/02 00:00:00+00,Tue 02 Mar 2021,12145,1599,0,333092,155531,19,333111,155550,7.07406198508486,3.30331433600196,265
-7.6926,53.28823,2021/03/03 00:00:00+00,Wed 03 Mar 2021,12835,1490,1,345927,157021,20,345947,157041,7.34665178140065,3.33497773474821,266
-7.6926,53.28823,2021/03/04 00:00:00+00,Thu 04 Mar 2021,18693,1679,2,364620,158700,22,364642,158722,7.74366535588832,3.37067604010867,267
-7.6926,53.28823,2021/03/05 00:00:00+00,Fri 05 Mar 2021,18400,2385,5,383020,161085,27,383047,161112,8.13452038870167,3.42143091804531,268
-7.6926,53.28823,2021/03/06 00:00:00+00,Sat 06 Mar 2021,10407,130,2,393427,161215,29,393456,161244,8.35556956210857,3.42423411632466,269
-7.6926,53.28823,2021/03/07 00:00:00+00,Sun 07 Mar 2021,1498,8,1,394925,161223,30,394955,161253,8.38740285165963,3.42442524348007,270
-7.6926,53.28823,2021/03/08 00:00:00+00,Mon 08 Mar 2021,6621,1481,2,401546,162704,32,401578,162736,8.52805120169075,3.45591875142151,271
-7.6926,53.28823,2021/03/09 00:00:00+00,Tue 09 Mar 2021,13768,3086,2,415314,165790,34,415348,165824,8.82047574946798,3.52149660207772,272
-7.6926,53.28823,2021/03/10 00:00:00+00,Wed 10 Mar 2021,13670,3969,3,428984,169759,37,429021,169796,9.11084037123689,3.60584738666531,273
-7.6926,53.28823,2021/03/11 00:00:00+00,Thu 11 Mar 2021,18405,2087,1,447389,171846,38,447427,171884,9.50171664040084,3.65018888672042,274
-7.6926,53.28823,2021/03/12 00:00:00+00,Fri 12 Mar 2021,17268,1324,2,464657,173170,40,464697,173210,9.86846841528193,3.67834828761749,275
-7.6926,53.28823,2021/03/13 00:00:00+00,Sat 13 Mar 2021,8243,164,0,472900,173334,40,472940,173374,10.0435196532868,3.68183104911607,276
-7.6926,53.28823,2021/03/14 00:00:00+00,Sun 14 Mar 2021,355,14,1,473255,173348,41,473296,173389,10.0510797941008,3.68214959437509,277
-7.6926,53.28823,2021/03/15 00:00:00+00,Mon 15 Mar 2021,2591,978,0,475846,174326,41,475887,174367,10.1061031785083,3.70291874526297,278
-7.6926,53.28823,2021/03/16 00:00:00+00,Tue 16 Mar 2021,8888,3802,0,484734,178128,41,484775,178169,10.2948518626509,3.78365935024837,279
-7.6926,53.28823,2021/03/17 00:00:00+00,Wed 17 Mar 2021,4846,2400,6,489580,180528,47,489627,180575,10.3978906357675,3.83475400979463,280
-7.6926,53.28823,2021/03/18 00:00:00+00,Thu 18 Mar 2021,11656,4665,2,501236,185193,49,501285,185242,10.6454640110752,3.93386405804999,281
-7.6926,53.28823,2021/03/19 00:00:00+00,Fri 19 Mar 2021,10293,6102,1,511529,191295,50,511579,191345,10.864071004163,4.06346950576854,282
-7.6926,53.28823,2021/03/20 00:00:00+00,Sat 20 Mar 2021,5173,3106,2,516702,194401,52,516754,194453,10.9739691185237,4.12947208343677,283
-7.6926,53.28823,2021/03/21 00:00:00+00,Sun 21 Mar 2021,3591,44,2,520293,194445,54,520347,194499,11.0502713262335,4.13044895556442,284
-7.6926,53.28823,2021/03/22 00:00:00+00,Mon 22 Mar 2021,7342,2385,0,527635,196830,54,527689,196884,11.2061886123468,4.18109765174806,285
-7.6926,53.28823,2021/03/23 00:00:00+00,Tue 23 Mar 2021,12503,7367,3,540138,204197,57,540195,204254,11.4717704129642,4.33760955567821,286
-7.6926,53.28823,2021/03/24 00:00:00+00,Wed 24 Mar 2021,13550,9756,1,553688,213953,58,553746,214011,11.7595441999598,4.54481262849319,287
-7.6926,53.28823,2021/03/25 00:00:00+00,Thu 25 Mar 2021,20796,10201,2,574484,224154,60,574544,224214,12.2012178197616,4.76148711367627,288
-7.6926,53.28823,2021/03/26 00:00:00+00,Fri 26 Mar 2021,19637,9459,1,594121,233613,61,594182,233674,12.6182572728661,4.96238299036273,289
-7.6926,53.28823,2021/03/27 00:00:00+00,Sat 27 Mar 2021,11681,5315,0,605802,238928,61,605863,238989,12.8663190842376,5.07525419380761,290
-7.6926,53.28823,2021/03/28 00:00:00+00,Sun 28 Mar 2021,2444,473,0,608246,239401,61,608307,239462,12.9182207251067,5.08529898764193,291
-7.6926,53.28823,2021/03/28 23:00:00+00,Mon 29 Mar 2021,9201,3091,3,617447,242492,64,617511,242556,13.1136800960393,5.15100425640175,292
-7.6926,53.28823,2021/03/29 23:00:00+00,Tue 30 Mar 2021,13269,8639,2,630716,251131,66,630782,251197,13.3955077048665,5.3345075619459,293
-7.6926,53.28823,2021/03/30 23:00:00+00,Wed 31 Mar 2021,15733,10464,2,646449,261595,68,646517,261663,13.7296616815749,5.55676720733707,294
-7.6926,53.28823,2021/03/31 23:00:00+00,Thu 01 Apr 2021,19609,11591,4,666058,273186,72,666130,273258,14.1461702259144,5.80300269255689,295
-7.6926,53.28823,2021/04/01 23:00:00+00,Fri 02 Apr 2021,20067,13697,4,686125,286883,76,686201,286959,14.5724050188292,6.09396193214264,296
-7.6926,53.28823,2021/04/02 23:00:00+00,Sat 03 Apr 2021,7489,4614,3,693614,291497,79,693693,291576,14.7315077575327,6.19201016286794,297
-7.6926,53.28823,2021/04/03 23:00:00+00,Sun 04 Apr 2021,2983,161,0,696597,291658,79,696676,291737,14.7948557913758,6.19542921531472,298
-7.6926,53.28823,2021/04/04 23:00:00+00,Mon 05 Apr 2021,3378,588,3,699975,292246,82,700057,292328,14.8666558927581,6.20797989851997,299
-7.6926,53.28823,2021/04/05 23:00:00+00,Tue 06 Apr 2021,11901,8131,6,711876,300377,88,711964,300465,15.1195171193655,6.38078008336117,300
-7.6926,53.28823,2021/04/06 23:00:00+00,Wed 07 Apr 2021,18265,10433,3,730141,310810,91,730232,310901,15.5074627721465,6.60240263823431,301
-7.6926,53.28823,2021/04/07 23:00:00+00,Thu 08 Apr 2021,20092,10531,11,750233,321341,102,750335,321443,15.9343771282805,6.82627624627116,302
-7.6926,53.28823,2021/04/08 23:00:00+00,Fri 09 Apr 2021,20627,9126,11,770860,330467,113,770973,330580,16.3726529319861,7.02031278171346,303
-7.6926,53.28823,2021/04/09 23:00:00+00,Sat 10 Apr 2021,11096,4137,10,781956,334604,123,782079,334727,16.608503841762,7.10837992765625,304
-7.6926,53.28823,2021/04/10 23:00:00+00,Sun 11 Apr 2021,2808,334,2,784764,334938,125,784889,335063,16.6681779869511,7.11551534145822,305
-7.6926,53.28823,2021/04/11 23:00:00+00,Mon 12 Apr 2021,7708,2761,6,792472,337699,131,792603,337830,16.831995195488,7.17427632357148,306
-7.6926,53.28823,2021/04/12 23:00:00+00,Tue 13 Apr 2021,11437,8554,1,803909,346253,132,804041,346385,17.0748965736635,7.35595330296394,307
-7.6926,53.28823,2021/04/13 23:00:00+00,Wed 14 Apr 2021,20275,6558,2,824184,352811,134,824318,352945,17.5055060548021,7.49526376290719,308
-7.6926,53.28823,2021/04/14 23:00:00+00,Thu 15 Apr 2021,27045,10753,1,851229,363564,135,851364,363699,18.0798643931596,7.72363947727148,309
-7.6926,53.28823,2021/04/15 23:00:00+00,Fri 16 Apr 2021,27901,9796,1,879130,373360,136,879266,373496,18.6724010476316,7.93169200411051,310
-7.6926,53.28823,2021/04/16 23:00:00+00,Sat 17 Apr 2021,15785,4517,1,894915,377877,137,895052,378014,19.0076380782207,8.0276378361263,311
-7.6926,53.28823,2021/04/17 23:00:00+00,Sun 18 Apr 2021,1027,451,0,895942,378328,137,896079,378465,19.029447810288,8.0372154302474,312
-7.6926,53.28823,2021/04/18 23:00:00+00,Mon 19 Apr 2021,6684,2213,0,902626,380541,137,902763,380678,19.1713915777058,8.08421147412765,313
-7.6926,53.28823,2021/04/19 23:00:00+00,Tue 20 Apr 2021,15003,7262,0,917629,387803,137,917766,387940,19.4900005457742,8.23842985219288,314
-7.6926,53.28823,2021/04/20 23:00:00+00,Wed 21 Apr 2021,26619,9812,1,944248,397615,138,944386,397753,20.0553121987756,8.44682216064152,315
-7.6926,53.28823,2021/04/21 23:00:00+00,Thu 22 Apr 2021,31553,12136,0,975801,409751,138,975939,409889,20.7253827692923,8.70454651153654,316
-7.6926,53.28823,2021/04/22 23:00:00+00,Fri 23 Apr 2021,33519,12333,0,1009320,422084,138,1009458,422222,21.4372040050908,8.96645442349998,317
-7.6926,53.28823,2021/04/23 23:00:00+00,Sat 24 Apr 2021,23605,6961,0,1032925,429045,138,1033063,429183,21.9384880610299,9.11428066003427,318
-7.6926,53.28823,2021/04/24 23:00:00+00,Sun 25 Apr 2021,9700,272,1,1042625,429317,139,1042764,429456,22.1445018982112,9.12007818374837,319
-7.6926,53.28823,2021/04/25 23:00:00+00,Mon 26 Apr 2021,15508,3004,1,1058133,432321,140,1058273,432461,22.4738564596837,9.1838934173047,320
-7.6926,53.28823,2021/04/26 23:00:00+00,Tue 27 Apr 2021,25834,7753,5,1083967,440074,145,1084112,440219,23.0225825228657,9.34864502526807,321
-7.6926,53.28823,2021/04/27 23:00:00+00,Wed 28 Apr 2021,25949,8543,4,1109916,448617,149,1110065,448766,23.5737295300162,9.53015211385572,322
-7.6926,53.28823,2021/04/28 23:00:00+00,Thu 29 Apr 2021,31616,11283,2,1141532,459900,151,1141683,460051,24.245180463322,9.7698043303892,323
-7.6926,53.28823,2021/04/29 23:00:00+00,Fri 30 Apr 2021,36024,13480,4,1177556,473380,155,1177711,473535,25.0102837027786,10.0561552818945,324
-7.6926,53.28823,2021/04/30 23:00:00+00,Sat 01 May 2021,16466,6643,11,1194022,480023,166,1194188,480189,25.360195051633,10.1974619587943,325
-7.6926,53.28823,2021/05/01 23:00:00+00,Sun 02 May 2021,12369,882,7,1206391,480905,173,1206564,481078,25.6230161266723,10.2163410744786,326
-7.6926,53.28823,2021/05/02 23:00:00+00,Mon 03 May 2021,14167,888,11,1220558,481793,184,1220742,481977,25.9241051054948,10.235432553669,327
-7.6926,53.28823,2021/05/03 23:00:00+00,Tue 04 May 2021,26537,6739,5,1247095,488532,189,1247284,488721,26.4877603231493,10.3786505021229,328
-7.6926,53.28823,2021/05/04 23:00:00+00,Wed 05 May 2021,31978,13372,66,1279073,501904,255,1279328,502159,27.1682579418111,10.6640245815005,329
-7.6926,53.28823,2021/05/05 23:00:00+00,Thu 06 May 2021,37172,14326,124,1316245,516230,379,1316624,516609,27.96028887383,10.9708898476865,330
-7.6926,53.28823,2021/05/06 23:00:00+00,Fri 07 May 2021,40480,15013,90,1356725,531243,469,1357194,531712,28.8218476177168,11.291622450815,331
-7.6926,53.28823,2021/05/07 23:00:00+00,Sat 08 May 2021,25506,6996,6,1382231,538239,475,1382706,538714,29.3636293942522,11.440319377724,332
-7.6926,53.28823,2021/05/08 23:00:00+00,Sun 09 May 2021,19607,890,1,1401838,539129,476,1402314,539605,29.7800317568387,11.4592409661095,333
-7.6926,53.28823,2021/05/09 23:00:00+00,Mon 10 May 2021,28707,4573,165,1430545,543702,641,1431186,544343,30.3931676713938,11.5598587952576,334
-7.6926,53.28823,2021/05/10 23:00:00+00,Tue 11 May 2021,33820,14753,147,1464365,558455,788,1465153,559243,31.1145027922616,11.8762804192141,335
-7.6926,53.28823,2021/05/11 23:00:00+00,Wed 12 May 2021,31160,20881,152,1495525,579336,940,1496465,580276,31.7794554022834,12.3229445814071,336
-7.6926,53.28823,2021/05/12 23:00:00+00,Thu 13 May 2021,35873,25430,140,1531398,604766,1080,1532478,605846,32.544240096481,12.8659580662774,337
-7.6926,53.28823,2021/05/13 23:00:00+00,Fri 14 May 2021,38084,27915,228,1569482,632681,1308,1570790,633989,33.3578471607105,13.4636126812443,338
-7.6926,53.28823,2021/05/14 23:00:00+00,Sat 15 May 2021,28727,12398,5,1598209,645079,1313,1599522,646392,33.9680099861815,13.7270071377498,339
-7.6926,53.28823,2021/05/15 23:00:00+00,Sun 16 May 2021,23080,1135,5,1621289,646214,1318,1622607,647532,34.458251139808,13.7512165774351,340
-7.6926,53.28823,2021/05/16 23:00:00+00,Mon 17 May 2021,35279,3899,110,1656568,650113,1428,1657996,651541,35.2097843512306,13.8363531069949,341
-7.6926,53.28823,2021/05/17 23:00:00+00,Tue 18 May 2021,38929,12422,116,1695497,662535,1544,1697041,664079,36.0389576604507,14.1026144708316,342
-7.6926,53.28823,2021/05/18 23:00:00+00,Wed 19 May 2021,36890,17528,195,1732387,680063,1739,1734126,681802,36.8265077224927,14.4789863125349,343
-7.6926,53.28823,2021/05/19 23:00:00+00,Thu 20 May 2021,38940,19614,118,1771327,699677,1857,1773184,701534,37.6559571042707,14.898021982596,344
-7.6926,53.28823,2021/05/20 23:00:00+00,Fri 21 May 2021,25709,23166,14917,1797036,722843,16774,1813810,739617,38.5187050837912,15.7067659225379,345
-7.6926,53.28823,2021/05/21 23:00:00+00,Sat 22 May 2021,16480,10209,13503,1813516,733052,30277,1843793,763329,39.1554345838641,16.2103222679913,346
-7.6926,53.28823,2021/05/22 23:00:00+00,Sun 23 May 2021,8131,5493,10199,1821647,738545,40476,1862123,779021,39.5446968903824,16.5435630816238,347
-7.6926,53.28823,2021/05/23 23:00:00+00,Mon 24 May 2021,22404,8154,8437,1844051,746699,48913,1892964,795612,40.1996471792711,16.8958953744468,348
-7.6926,53.28823,2021/05/24 23:00:00+00,Tue 25 May 2021,30174,16432,3211,1874225,763131,52124,1926349,815255,40.908622744089,17.3130410093043,349
-7.6926,53.28823,2021/05/25 23:00:00+00,Wed 26 May 2021,19814,25351,3036,1894039,788482,55160,1949199,843642,41.3938733553243,17.9158772938179,350
-7.6926,53.28823,2021/05/26 23:00:00+00,Thu 27 May 2021,16871,35930,544,1910910,824412,55704,1966614,880116,41.7637044010425,18.6904519456426,351
-7.6926,53.28823,2021/05/27 23:00:00+00,Fri 28 May 2021,26874,31752,1532,1937784,856164,57236,1995020,913400,42.3669441762175,19.3972826390498,352
-7.6926,53.28823,2021/05/28 23:00:00+00,Sat 29 May 2021,24355,7349,513,1962139,863513,57749,2019888,921262,42.8950497429658,19.5642428274757,353
-7.6926,53.28823,2021/05/29 23:00:00+00,Sun 30 May 2021,24152,1637,199,1986291,865150,57948,2044239,923098,43.4121761164534,19.6032327671793,354
-7.6926,53.28823,2021/05/30 23:00:00+00,Mon 31 May 2021,22414,7271,3421,2008705,872421,61369,2070074,933790,43.9608172342329,19.8302918278063,355
-7.6926,53.28823,2021/05/31 23:00:00+00,Tue 01 Jun 2021,27347,11419,3625,2036052,883840,64994,2101046,948834,44.6185494850504,20.1497714862494,356
-7.6926,53.28823,2021/06/01 23:00:00+00,Wed 02 Jun 2021,18517,20823,3980,2054569,904663,68974,2123543,973637,45.0963036645234,20.6764966902086,357
-7.6926,53.28823,2021/06/02 23:00:00+00,Thu 03 Jun 2021,16531,30626,1964,2071100,935289,70938,2142038,1006227,45.4890699688909,21.3685893562986,358
-7.6926,53.28823,2021/06/03 23:00:00+00,Fri 04 Jun 2021,28873,23273,129,2099973,958562,71067,2171040,1029629,46.1049666090241,21.8655624330657,359
-7.6926,53.28823,2021/06/04 23:00:00+00,Sat 05 Jun 2021,20799,11416,19,2120772,969978,71086,2191858,1041064,46.5470649558379,22.1084001021893,360
-7.6926,53.28823,2021/06/05 23:00:00+00,Sun 06 Jun 2021,19810,3840,24,2140582,973818,71110,2211692,1044928,46.9682667336603,22.190457360912,361
-7.6926,53.28823,2021/06/06 23:00:00+00,Mon 07 Jun 2021,19650,4478,22,2160232,978296,71132,2231364,1049428,47.3860282226852,22.286020938617,362
-7.6926,53.28823,2021/06/07 23:00:00+00,Tue 08 Jun 2021,26267,18237,26,2186499,996533,71158,2257657,1067691,47.9443955890401,22.673860409645,363
-7.6926,53.28823,2021/06/08 23:00:00+00,Wed 09 Jun 2021,32628,20015,156,2219127,1016548,71314,2290441,1087862,48.6406081071467,23.1022188376199,364
-7.6926,53.28823,2021/06/09 23:00:00+00,Thu 10 Jun 2021,27535,27381,247,2246662,1043929,71561,2318223,1115490,49.2305963995466,23.6889367320272,365
-7.6926,53.28823,2021/06/10 23:00:00+00,Fri 11 Jun 2021,26289,32800,16,2272951,1076729,71577,2344528,1148306,49.7892186021087,24.3858288133531,366
-7.6926,53.28823,2021/06/11 23:00:00+00,Sat 12 Jun 2021,12067,19633,89,2285018,1096362,71666,2356684,1168028,50.0473676800158,24.8046521199081,367
-7.6926,53.28823,2021/06/12 23:00:00+00,Sun 13 Jun 2021,8462,18114,817,2293480,1114476,72483,2365963,1186959,50.2444197772434,25.2066774731376,368
-7.6926,53.28823,2021/06/13 23:00:00+00,Mon 14 Jun 2021,15894,31198,22,2309374,1145674,72505,2381879,1218179,50.5824175334106,25.8696763389041,369
-7.6926,53.28823,2021/06/14 23:00:00+00,Tue 15 Jun 2021,14539,41412,192,2323913,1187086,72697,2396610,1259783,50.8952502141155,26.7531934693125,370
-7.6926,53.28823,2021/06/15 23:00:00+00,Wed 16 Jun 2021,13276,48236,199,2337189,1235322,72896,2410085,1308218,51.1814100384654,27.7817761106771,371
-7.6926,53.28823,2021/06/16 23:00:00+00,Thu 17 Jun 2021,21423,42535,509,2358612,1277857,73405,2432017,1351262,51.6471656798488,28.695873585951,372
-7.6926,53.28823,2021/06/17 23:00:00+00,Fri 18 Jun 2021,11883,49932,534,2370495,1327789,73939,2444434,1401728,51.9108574452628,29.7675872553864,373
-7.6926,53.28823,2021/06/18 23:00:00+00,Sat 19 Jun 2021,6182,32689,411,2376677,1360478,74350,2451027,1434828,52.0508687047759,30.470510460283,374
-7.6926,53.28823,2021/06/19 23:00:00+00,Sun 20 Jun 2021,8413,26073,166,2385090,1386551,74516,2459606,1461067,52.2330553565827,31.0277310637054,375
-7.6926,53.28823,2021/06/20 23:00:00+00,Mon 21 Jun 2021,15326,32199,548,2400416,1418750,75064,2475480,1493814,52.5701611860247,31.7231578368398,376
-7.6926,53.28823,2021/06/21 23:00:00+00,Tue 22 Jun 2021,15008,43412,697,2415424,1462162,75761,2491185,1537923,52.9036780722151,32.659872025504,377
-7.6926,53.28823,2021/06/22 23:00:00+00,Wed 23 Jun 2021,19922,39236,864,2435346,1501398,76625,2511971,1578023,53.3450968558096,33.5114496846083,378
-7.6926,53.28823,2021/06/23 23:00:00+00,Thu 24 Jun 2021,18875,44123,1012,2454221,1545521,77637,2531858,1623158,53.7674241602138,34.4699523689892,379
-7.6926,53.28823,2021/06/24 23:00:00+00,Fri 25 Jun 2021,15044,50019,803,2469265,1595540,78440,2547705,1673980,54.1039566081895,35.5492261792386,380
-7.6926,53.28823,2021/06/25 23:00:00+00,Sat 26 Jun 2021,8921,30428,471,2478186,1625968,78911,2557097,1704879,54.3034084130351,36.2054081764622,381
-7.6926,53.28823,2021/06/26 23:00:00+00,Sun 27 Jun 2021,8638,30375,45,2486824,1656343,78956,2565780,1735299,54.4878036453045,36.8514179617478,382
-7.6926,53.28823,2021/06/27 23:00:00+00,Mon 28 Jun 2021,24091,24502,489,2510915,1680845,79445,2590360,1760290,55.0097931430797,37.38213559962,383
-7.6926,53.28823,2021/06/28 23:00:00+00,Tue 29 Jun 2021,27999,30843,778,2538914,1711688,80223,2619137,1791911,55.6209116043277,38.0536502419776,384
-7.6926,53.28823,2021/06/29 23:00:00+00,Wed 30 Jun 2021,22395,36683,553,2561309,1748371,80776,2642085,1829147,56.1082433779219,38.8444069929604,385
-7.6926,53.28823,2021/06/30 23:00:00+00,Thu 01 Jul 2021,14761,48164,604,2576070,1796535,81380,2657450,1877915,56.4345399049079,39.8800613390751,386
-7.6926,53.28823,2021/07/01 23:00:00+00,Fri 02 Jul 2021,13485,47095,794,2589555,1843630,82174,2671729,1925804,56.737773755141,40.8970489330114,387
-7.6926,53.28823,2021/07/02 23:00:00+00,Sat 03 Jul 2021,9186,30321,480,2598741,1873951,82654,2681395,1956605,56.9430443200513,41.5511497678761,388
-7.6926,53.28823,2021/07/03 23:00:00+00,Sun 04 Jul 2021,6354,27696,210,2605095,1901647,82864,2687959,1984511,57.082439725397,42.1437713677505,389
-7.6926,53.28823,2021/07/04 23:00:00+00,Mon 05 Jul 2021,15402,33256,5312,2620497,1934903,88176,2708673,2023079,57.5223294917483,42.962814937734,390
-7.6926,53.28823,2021/07/05 23:00:00+00,Tue 06 Jul 2021,12227,48175,5462,2632724,1983078,93638,2726362,2076716,57.8979792975313,44.1018690749255,391
-7.6926,53.28823,2021/07/06 23:00:00+00,Wed 07 Jul 2021,19524,43571,5021,2652248,2026649,98659,2750907,2125308,58.4192255230354,45.1337858233344,392
-7.6926,53.28823,2021/07/07 23:00:00+00,Thu 08 Jul 2021,17628,45439,5965,2669876,2072088,104624,2774500,2176712,58.9202547427673,46.2254191896336,393
-7.6926,53.28823,2021/07/08 23:00:00+00,Fri 09 Jul 2021,13374,44929,6511,2683250,2117017,111135,2794385,2228152,59.3425395744703,47.3178170645545,394
-7.6926,53.28823,2021/07/09 23:00:00+00,Sat 10 Jul 2021,8498,23698,4334,2691748,2140715,115469,2807217,2256184,59.6150444253836,47.9131144446047,395
-7.6926,53.28823,2021/07/10 23:00:00+00,Sun 11 Jul 2021,15150,16008,2137,2706898,2156723,117606,2824504,2274329,59.982157218225,48.2984480262617,396
-7.6926,53.28823,2021/07/11 23:00:00+00,Mon 12 Jul 2021,16987,31579,6060,2723885,2188302,123666,2847551,2311968,60.4715913905286,49.0977630265367,397
-7.6926,53.28823,2021/07/12 23:00:00+00,Tue 13 Jul 2021,19969,36373,8458,2743854,2224675,132124,2875978,2356799,61.0752771290663,50.0498098603349,398
-7.6926,53.28823,2021/07/13 23:00:00+00,Wed 14 Jul 2021,20669,35494,9308,2764523,2260169,141432,2905955,2401601,61.7118792110356,51.0012408399656,399
-7.6926,53.28823,2021/07/14 23:00:00+00,Thu 15 Jul 2021,23482,28654,9542,2788005,2288823,150974,2938979,2439797,62.4131884532865,51.8123844875255,400
-7.6926,53.28823,2021/07/15 23:00:00+00,Fri 16 Jul 2021,23431,27205,9133,2811436,2316028,160107,2971543,2476135,63.1047289742609,52.5840709956684,401
-7.6926,53.28823,2021/07/16 23:00:00+00,Sat 17 Jul 2021,11401,19266,4649,2822837,2335294,164756,2987593,2500050,63.4455724014086,53.0919383202939,402
