X,Y,VaccinationDate,VaccineText,Dose1,Dose2,SingleDose,Dose1Cum,Dose2Cum,SingleDoseCum,PartiallyVacc,FullyVacc,PartialPercent,FullyPercent,ObjectId
-7.6926,53.28823,2021/09/07 23:00:00+00,Wed 08 Sep 2021,2575,14702,181,3508574,3269382,235466,3744040,3504848,79.5097461045631,74.4301809315835,1
-7.6926,53.28823,2021/09/08 23:00:00+00,Thu 09 Sep 2021,3081,14711,135,3511655,3284093,235601,3747256,3519694,79.5780422080963,74.7454557926075,2
-7.6926,53.28823,2021/09/09 23:00:00+00,Fri 10 Sep 2021,3356,13867,109,3515011,3297960,235710,3750721,3533670,79.6516261629291,75.0422550286086,3
-7.6926,53.28823,2021/09/10 23:00:00+00,Sat 11 Sep 2021,2538,11248,57,3517549,3309208,235767,3753316,3544975,79.706734492739,75.2823319721541,4
-7.6926,53.28823,2021/09/11 23:00:00+00,Sun 12 Sep 2021,2023,12848,0,3519572,3322056,235767,3755339,3557823,79.749695630005,75.5551766046771,5
-7.6926,53.28823,2021/09/12 23:00:00+00,Mon 13 Sep 2021,1578,7661,48,3521150,3329717,235815,3756965,3565532,79.7842259360824,75.718887631461,6
-7.6926,53.28823,2021/09/13 23:00:00+00,Tue 14 Sep 2021,1521,10701,79,3522671,3340418,235894,3758565,3576312,79.8182040970442,75.9478154909409,7
-7.6926,53.28823,2021/09/14 23:00:00+00,Wed 15 Sep 2021,3248,12336,132,3525919,3352754,236026,3761945,3588780,79.8899829620759,76.2125903102355,8
-7.6926,53.28823,2021/09/15 23:00:00+00,Thu 16 Sep 2021,1884,10533,110,3527803,3363287,236136,3763939,3599423,79.9323282451745,76.438608789683,9
-7.6926,53.28823,2021/09/16 23:00:00+00,Fri 17 Sep 2021,2539,14530,89,3530342,3377817,236225,3766567,3614042,79.9881373745542,76.7490629991206,10
-7.6926,53.28823,2021/09/17 23:00:00+00,Sat 18 Sep 2021,2273,11180,42,3532615,3388997,236267,3768882,3625264,80.0372995261958,76.9873773255662,11
-7.6926,53.28823,2021/09/18 23:00:00+00,Sun 19 Sep 2021,1854,8463,11,3534469,3397460,236278,3770747,3633738,80.0769053200668,77.16733416056,12
-7.6926,53.28823,2021/09/19 23:00:00+00,Mon 20 Sep 2021,948,5562,32,3535417,3403022,236310,3771727,3639332,80.0977169436559,77.2861303058226,13
-7.6926,53.28823,2021/09/20 23:00:00+00,Tue 21 Sep 2021,1443,6601,89,3536860,3409623,236399,3773259,3646022,80.1302510327768,77.428201491344,14
-7.6926,53.28823,2021/09/21 23:00:00+00,Wed 22 Sep 2021,1885,8081,95,3538745,3417704,236494,3775239,3654198,80.172299006967,77.6018298938586,15
-7.6926,53.28823,2021/09/22 23:00:00+00,Thu 23 Sep 2021,1680,8701,86,3540425,3426405,236580,3777005,3662985,80.2098024021286,77.7884337065905,16
-7.6926,53.28823,2021/09/23 23:00:00+00,Fri 24 Sep 2021,1900,7326,79,3542325,3433731,236659,3778984,3670390,80.2518291399682,77.9456888827917,17
-7.6926,53.28823,2021/09/24 23:00:00+00,Sat 25 Sep 2021,2400,6548,50,3544725,3440279,236709,3781434,3676988,80.3038581989409,78.0858063240578,18
-7.6926,53.28823,2021/09/25 23:00:00+00,Sun 26 Sep 2021,1536,7082,0,3546261,3447361,236709,3782970,3684070,80.3364772334642,78.2362021590148,19
-7.6926,53.28823,2021/09/26 23:00:00+00,Mon 27 Sep 2021,1165,3715,45,3547426,3451076,236754,3784180,3687830,80.3621732176915,78.316050837275,20
-7.6926,53.28823,2021/09/27 23:00:00+00,Tue 28 Sep 2021,1434,5058,91,3548860,3456134,236845,3785705,3692979,80.3945586523582,78.4253968065201,21
-7.6926,53.28823,2021/09/28 23:00:00+00,Wed 29 Sep 2021,1637,3546,73,3550497,3459680,236918,3787415,3696598,80.4308728118861,78.5022511593455,22
-7.6926,53.28823,2021/09/29 23:00:00+00,Thu 30 Sep 2021,1267,3898,77,3551764,3463578,236995,3788759,3700573,80.459414467094,78.5866656529849,23
-7.6926,53.28823,2021/09/30 23:00:00+00,Fri 01 Oct 2021,1832,5112,38,3553596,3468690,237033,3790629,3705723,80.499126442718,78.6960328585806,24
-7.6926,53.28823,2021/10/01 23:00:00+00,Sat 02 Oct 2021,1705,4037,39,3555301,3472727,237072,3792373,3709799,80.5361626381664,78.7825922236307,25
-7.6926,53.28823,2021/10/02 23:00:00+00,Sun 03 Oct 2021,1204,2992,9,3556505,3475719,237081,3793586,3712800,80.5619223314455,78.8463225117846,26
-7.6926,53.28823,2021/10/03 23:00:00+00,Mon 04 Oct 2021,332,1171,17,3556837,3476890,237098,3793935,3713988,80.5693338178053,78.8715512962987,27
-7.6926,53.28823,2021/10/04 23:00:00+00,Tue 05 Oct 2021,953,2757,68,3557790,3479647,237166,3794956,3716813,80.591016131769,78.9315439867468,28
-7.6926,53.28823,2021/10/05 23:00:00+00,Wed 06 Oct 2021,975,2504,34,3558765,3482151,237200,3795965,3719351,80.6124436095255,78.9854418445724,29
-7.6926,53.28823,2021/10/06 23:00:00+00,Thu 07 Oct 2021,1205,2640,42,3559970,3484791,237242,3797212,3722033,80.6389253387251,79.0423977368846,30
-7.6926,53.28823,2021/10/07 23:00:00+00,Fri 08 Oct 2021,978,2702,44,3560948,3487493,237286,3798234,3724779,80.6606288890394,79.1007127556352,31
-7.6926,53.28823,2021/10/08 23:00:00+00,Sat 09 Oct 2021,729,2322,19,3561677,3489815,237305,3798982,3727120,80.6765136792891,79.1504270523924,32
-7.6926,53.28823,2021/10/09 23:00:00+00,Sun 10 Oct 2021,1529,3890,0,3563206,3493705,237305,3800511,3731010,80.7089840593581,79.2330364562307,33
-7.6926,53.28823,2021/10/10 23:00:00+00,Mon 11 Oct 2021,329,1067,12,3563535,3494772,237317,3800852,3732089,80.7162256549131,79.2559504785293,34
-7.6926,53.28823,2021/10/11 23:00:00+00,Tue 12 Oct 2021,561,1564,20,3564096,3496336,237337,3801433,3733673,80.7285639746124,79.2895888578815,35
-7.6926,53.28823,2021/10/12 23:00:00+00,Wed 13 Oct 2021,1027,1981,9,3565123,3498317,237346,3802469,3735663,80.7505648338351,79.3318491955776,36
-7.6926,53.28823,2021/10/13 23:00:00+00,Thu 14 Oct 2021,696,1523,7,3565819,3499840,237353,3803172,3737193,80.7654939883077,79.3643408119974,37
-7.6926,53.28823,2021/10/14 23:00:00+00,Fri 15 Oct 2021,951,1999,5,3566770,3501839,237358,3804128,3739197,80.7857959394824,79.406898458602,38
-7.6926,53.28823,2021/10/15 23:00:00+00,Sat 16 Oct 2021,1377,2590,11,3568147,3504429,237369,3805516,3741798,80.8152719941167,79.4621342065154,39
-7.6926,53.28823,2021/10/16 23:00:00+00,Sun 17 Oct 2021,1709,2875,2,3569856,3507304,237371,3807227,3744675,80.8516073899952,79.5232311871948,40
-7.6926,53.28823,2021/10/17 23:00:00+00,Mon 18 Oct 2021,668,1171,3,3570524,3508475,237374,3807898,3745849,80.8658569812485,79.5481626628005,41
-7.6926,53.28823,2021/10/18 23:00:00+00,Tue 19 Oct 2021,1328,1731,10,3571852,3510206,237384,3809236,3747590,80.8942712183528,79.585135149197,42
-7.6926,53.28823,2021/10/19 23:00:00+00,Wed 20 Oct 2021,2246,2255,0,3574098,3512461,237384,3811482,3749845,80.9419680618029,79.6330231198025,43
-7.6926,53.28823,2021/10/20 23:00:00+00,Thu 21 Oct 2021,1754,1769,8,3575852,3514230,237392,3813244,3751622,80.979386511562,79.6707601148207,44
-7.6926,53.28823,2021/10/21 23:00:00+00,Fri 22 Oct 2021,1493,1878,1,3577345,3516108,237393,3814738,3753501,81.0111136193601,79.7106632176002,45
-7.6926,53.28823,2021/10/22 23:00:00+00,Sat 23 Oct 2021,2006,1662,0,3579351,3517770,237393,3816744,3755163,81.0537137386659,79.7459580322992,46
-7.6926,53.28823,2021/10/23 23:00:00+00,Sun 24 Oct 2021,1943,2171,0,3581294,3519941,237393,3818687,3757334,81.0949759678838,79.7920621494542,47
-7.6926,53.28823,2021/10/24 23:00:00+00,Mon 25 Oct 2021,1214,809,0,3582508,3520750,237393,3819901,3758143,81.1207568975136,79.8092423570905,48
-7.6926,53.28823,2021/10/25 23:00:00+00,Tue 26 Oct 2021,1238,1166,5,3583746,3521916,237398,3821144,3759314,81.1471536813108,79.8341101236444,49
-7.6926,53.28823,2021/10/26 23:00:00+00,Wed 27 Oct 2021,1553,1384,4,3585299,3523300,237402,3822701,3760702,81.1802186791967,79.8635861782787,50
-7.6926,53.28823,2021/10/27 23:00:00+00,Thu 28 Oct 2021,2142,1644,2,3587441,3524944,237404,3824845,3762348,81.2257494148855,79.8985412113682,51
-7.6926,53.28823,2021/10/28 23:00:00+00,Fri 29 Oct 2021,2134,1316,0,3589575,3526260,237404,3826979,3763664,81.2710677870682,79.9264882487592,52
-7.6926,53.28823,2021/10/29 23:00:00+00,Sat 30 Oct 2021,2001,1420,0,3591576,3527680,237404,3828980,3765084,81.313561724621,79.9566438666128,53
-7.6926,53.28823,2021/10/30 23:00:00+00,Sun 31 Oct 2021,1628,1310,0,3593204,3528990,237404,3830608,3766394,81.3481345033996,79.9844634859002,54
-7.6926,53.28823,2021/11/01 00:00:00+00,Mon 01 Nov 2021,256,243,0,3593460,3529233,237404,3830864,3766637,81.3535710091535,79.9896239190963,55
-7.6926,53.28823,2021/11/02 00:00:00+00,Tue 02 Nov 2021,1087,1056,9,3594547,3530289,237413,3831960,3767702,81.3768460494123,80.0122406324865,56
-7.6926,53.28823,2021/11/03 00:00:00+00,Wed 03 Nov 2021,2535,1788,5,3597082,3532077,237418,3834500,3769495,81.4307863799391,80.0503174091143,57
-7.6926,53.28823,2021/11/04 00:00:00+00,Thu 04 Nov 2021,1554,1221,0,3598636,3533298,237418,3836054,3770716,81.4637876687733,80.0762469931982,58
-7.6926,53.28823,2021/11/05 00:00:00+00,Fri 05 Nov 2021,1633,1016,1,3600269,3534314,237419,3837688,3771733,81.4984878656554,80.0978443617595,59
-7.6926,53.28823,2021/11/06 00:00:00+00,Sat 06 Nov 2021,1822,1318,5,3602091,3535632,237424,3839515,3773056,81.5372866782037,80.1259400536048,60
-7.6926,53.28823,2021/11/07 00:00:00+00,Sun 07 Nov 2021,730,765,0,3602821,3536397,237424,3840245,3773821,81.5527892141425,80.1421858618146,61
-7.6926,53.28823,2021/11/08 00:00:00+00,Mon 08 Nov 2021,510,489,1,3603331,3536886,237425,3840756,3774311,81.5636409892996,80.1525916736092,62
-7.6926,53.28823,2021/11/09 00:00:00+00,Tue 09 Nov 2021,1379,993,1,3604710,3537879,237426,3842136,3775305,81.5929471531292,80.1737006061067,63
-7.6926,53.28823,2021/11/10 00:00:00+00,Wed 10 Nov 2021,1625,1298,0,3606335,3539177,237426,3843761,3776603,81.627456222856,80.2012653891869,64
-7.6926,53.28823,2021/11/11 00:00:00+00,Thu 11 Nov 2021,1403,1051,1,3607738,3540228,237427,3845165,3777655,81.6572720590999,80.2236060300193,65
-7.6926,53.28823,2021/11/12 00:00:00+00,Fri 12 Nov 2021,1158,1081,5,3608896,3541309,237432,3846328,3778741,81.681969934849,80.2466687067721,66
-7.6926,53.28823,2021/11/13 00:00:00+00,Sat 13 Nov 2021,1411,1332,0,3610307,3542641,237432,3847739,3780073,81.7119344255472,80.2749555257728,67
-7.6926,53.28823,2021/11/14 00:00:00+00,Sun 14 Nov 2021,1648,1799,0,3611955,3544440,237432,3849387,3781872,81.7469319313378,80.3131597205041,68
-7.6926,53.28823,2021/11/15 00:00:00+00,Mon 15 Nov 2021,1252,546,0,3613207,3544986,237432,3850639,3782418,81.7735198422904,80.3247547679323,69
-7.6926,53.28823,2021/11/16 00:00:00+00,Tue 16 Nov 2021,1323,1021,4,3614530,3546007,237436,3851966,3783443,81.801700479538,80.3465220272985,70
-7.6926,53.28823,2021/11/17 00:00:00+00,Wed 17 Nov 2021,1512,1056,0,3616042,3547063,237436,3853478,3784499,81.8338098416469,80.3689476135333,71
-7.6926,53.28823,2021/11/18 00:00:00+00,Thu 18 Nov 2021,1671,2427,5,3617713,3549490,237441,3855154,3786931,81.8694019652544,80.4205944181951,72
-7.6926,53.28823,2021/11/19 00:00:00+00,Fri 19 Nov 2021,1180,1459,0,3618893,3550949,237441,3856334,3788390,81.8944608589637,80.4515782537221,73
-7.6926,53.28823,2021/11/20 00:00:00+00,Sat 20 Nov 2021,1538,2903,10,3620431,3553852,237451,3857882,3791303,81.9273347296942,80.5134397430232,74
-7.6926,53.28823,2021/11/21 00:00:00+00,Sun 21 Nov 2021,1787,2749,0,3622218,3556601,237451,3859669,3794052,81.9652840882184,80.5718184708256,75
-7.6926,53.28823,2021/11/22 00:00:00+00,Mon 22 Nov 2021,717,464,2,3622935,3557065,237453,3860388,3794518,81.9805530243005,80.5817146102057,76
-7.6926,53.28823,2021/11/23 00:00:00+00,Tue 23 Nov 2021,2171,1535,4,3625106,3558600,237457,3862563,3796057,82.026742086858,80.6143973537808,77
-7.6926,53.28823,2021/11/24 00:00:00+00,Wed 24 Nov 2021,1628,3080,0,3626734,3561680,237457,3864191,3799137,82.0613148656365,80.6798053136322,78
-7.6926,53.28823,2021/11/25 00:00:00+00,Thu 25 Nov 2021,1012,1110,0,3627746,3562790,237457,3865203,3800247,82.0828060524449,80.7033776627995,79
-7.6926,53.28823,2021/11/26 00:00:00+00,Fri 26 Nov 2021,1294,1058,12,3629040,3563848,237469,3866509,3801317,82.1105407263299,80.7261005579426,80
-7.6926,53.28823,2021/11/27 00:00:00+00,Sat 27 Nov 2021,1234,1526,5,3630274,3565374,237474,3867748,3802848,82.1368525647247,80.7586134107129,81
-7.6926,53.28823,2021/11/28 00:00:00+00,Sun 28 Nov 2021,1971,2248,0,3632245,3567622,237474,3869719,3805096,82.1787094117595,80.8063527268642,82
-7.6926,53.28823,2021/11/29 00:00:00+00,Mon 29 Nov 2021,545,962,1,3632790,3568584,237475,3870265,3806059,82.1903044591877,80.8268033324931,83
-7.6926,53.28823,2021/11/30 00:00:00+00,Tue 30 Nov 2021,1941,1590,6,3634731,3570174,237481,3872212,3807655,82.231651633808,80.8606965480524,84
-7.6926,53.28823,2021/12/01 00:00:00+00,Wed 01 Dec 2021,1129,1322,1,3635860,3571496,237482,3873342,3808978,82.2556487099873,80.8887922398977,85
-7.6926,53.28823,2021/12/02 00:00:00+00,Thu 02 Dec 2021,1806,1360,1,3637666,3572856,237483,3875149,3810339,82.2940227955235,80.9176949130658,86
-7.6926,53.28823,2021/12/03 00:00:00+00,Fri 03 Dec 2021,1047,1133,3,3638713,3573989,237486,3876199,3811475,82.3163209636546,80.9418194073487,87
-7.6926,53.28823,2021/12/04 00:00:00+00,Sat 04 Dec 2021,1200,1673,0,3639913,3575662,237486,3877399,3813148,82.341804584376,80.9773478219043,88
-7.6926,53.28823,2021/12/05 00:00:00+00,Sun 05 Dec 2021,1352,1764,0,3641265,3577426,237486,3878751,3814912,82.3705161303887,81.0148087443647,89
-7.6926,53.28823,2021/12/06 00:00:00+00,Mon 06 Dec 2021,942,1251,0,3642207,3578677,237486,3879693,3816163,82.3905207726549,81.0413754189667,90
-7.6926,53.28823,2021/12/07 00:00:00+00,Tue 07 Dec 2021,485,695,1,3642692,3579372,237487,3880179,3816859,82.400841639047,81.056155918985,91
-7.6926,53.28823,2021/12/08 00:00:00+00,Wed 08 Dec 2021,815,1434,0,3643507,3580806,237487,3880994,3818293,82.4181492647869,81.086608845747,92
-7.6926,53.28823,2021/12/09 00:00:00+00,Thu 09 Dec 2021,799,1140,0,3644306,3581946,237487,3881793,3819433,82.4351171089172,81.1108182854323,93
-7.6926,53.28823,2021/12/10 00:00:00+00,Fri 10 Dec 2021,879,1532,1,3645185,3583478,237488,3882673,3820966,82.4538050974462,81.1433736109038,94
-7.6926,53.28823,2021/12/11 00:00:00+00,Sat 11 Dec 2021,633,823,0,3645818,3584301,237488,3883306,3821789,82.4672477073767,81.1608511274485,95
-7.6926,53.28823,2021/12/12 00:00:00+00,Sun 12 Dec 2021,690,1188,0,3646508,3585489,237488,3883996,3822977,82.4819007892914,81.1860799119626,96
-7.6926,53.28823,2021/12/13 00:00:00+00,Mon 13 Dec 2021,714,1021,0,3647222,3586510,237488,3884710,3823998,82.4970635436206,81.2077622259263,97
-7.6926,53.28823,2021/12/14 00:00:00+00,Tue 14 Dec 2021,623,1131,1,3647845,3587641,237489,3885334,3825130,82.5103150263957,81.2318017748068,98
-7.6926,53.28823,2021/12/15 00:00:00+00,Wed 15 Dec 2021,783,1158,1,3648628,3588799,237490,3886118,3826289,82.526964325267,81.2564147051534,99
-7.6926,53.28823,2021/12/16 00:00:00+00,Thu 16 Dec 2021,1039,1410,7,3649667,3590209,237497,3887164,3827706,82.5491775479957,81.2865066139552,100
-7.6926,53.28823,2021/12/17 00:00:00+00,Fri 17 Dec 2021,1184,2347,1,3650851,3592556,237498,3888349,3830054,82.5743426234581,81.3363695651666,101
-7.6926,53.28823,2021/12/18 00:00:00+00,Sat 18 Dec 2021,1260,1131,0,3652111,3593687,237498,3889609,3831185,82.6011004252154,81.3603878776965,102
-7.6926,53.28823,2021/12/19 00:00:00+00,Sun 19 Dec 2021,552,862,1,3652663,3594549,237499,3890162,3832048,82.6128441270979,81.3787148482652,103
-7.6926,53.28823,2021/12/20 00:00:00+00,Mon 20 Dec 2021,538,518,0,3653201,3595067,237499,3890700,3832566,82.6242692837212,81.3897152778766,104
-7.6926,53.28823,2021/12/21 00:00:00+00,Tue 21 Dec 2021,1432,1686,2,3654633,3596753,237501,3892134,3834254,82.6547222104832,81.4255622376913,105
-7.6926,53.28823,2021/12/22 00:00:00+00,Wed 22 Dec 2021,1228,1441,2,3655861,3598194,237503,3893364,3835697,82.6808429217226,81.4562062916087,106
-7.6926,53.28823,2021/12/23 00:00:00+00,Thu 23 Dec 2021,926,1242,0,3656787,3599436,237503,3894290,3836939,82.7005077823792,81.4825818390552,107
-7.6926,53.28823,2021/12/24 00:00:00+00,Fri 24 Dec 2021,97,116,0,3656884,3599552,237503,3894387,3837055,82.7025677083875,81.485045255725,108
-7.6926,53.28823,2021/12/26 00:00:00+00,Sun 26 Dec 2021,3,4,0,3656887,3599556,237503,3894390,3837059,82.7026314174393,81.4851302011273,109
-7.6926,53.28823,2021/12/27 00:00:00+00,Mon 27 Dec 2021,378,575,0,3657265,3600131,237503,3894768,3837634,82.7106587579665,81.497341102723,110
-7.6926,53.28823,2021/12/28 00:00:00+00,Tue 28 Dec 2021,445,719,0,3657710,3600850,237503,3895213,3838353,82.7201089339841,81.5126100388052,111
-7.6926,53.28823,2021/12/29 00:00:00+00,Wed 29 Dec 2021,1050,1200,0,3658760,3602050,237503,3896263,3839553,82.7424071021152,81.5380936595265,112
-7.6926,53.28823,2021/12/30 00:00:00+00,Thu 30 Dec 2021,1026,1097,1,3659786,3603147,237504,3897290,3840651,82.7642168341825,81.5614111724865,113
-7.6926,53.28823,2021/12/31 00:00:00+00,Fri 31 Dec 2021,711,1633,0,3660497,3604780,237504,3898001,3842284,82.7793158794599,81.5960901330181,114
-7.6926,53.28823,2022/01/01 00:00:00+00,Sat 01 Jan 2022,64,91,1,3660561,3604871,237505,3898066,3842376,82.780696242249,81.5980438772734,115
-7.6926,53.28823,2022/01/02 00:00:00+00,Sun 02 Jan 2022,267,611,0,3660828,3605482,237505,3898333,3842987,82.7863663478595,81.6110192874907,116
-7.6926,53.28823,2022/01/03 00:00:00+00,Mon 03 Jan 2022,3618,694,0,3664446,3606176,237505,3901951,3843681,82.8631994643343,81.6257573148079,117
-7.6926,53.28823,2022/01/04 00:00:00+00,Tue 04 Jan 2022,1162,692,0,3665608,3606868,237505,3903113,3844373,82.8878761037328,81.6404528694238,118
-7.6926,53.28823,2022/01/05 00:00:00+00,Wed 05 Jan 2022,2114,776,0,3667722,3607644,237505,3905227,3845149,82.9327697489035,81.6569322774903,119
-7.6926,53.28823,2022/01/06 00:00:00+00,Thu 06 Jan 2022,2412,1525,0,3670134,3609169,237505,3907639,3846674,82.9839918265534,81.689317712157,120
-7.6926,53.28823,2022/01/07 00:00:00+00,Fri 07 Jan 2022,4771,647,0,3674905,3609816,237505,3912410,3847321,83.0853104552713,81.7030576309959,121
-7.6926,53.28823,2022/01/08 00:00:00+00,Sat 08 Jan 2022,9760,677,0,3684665,3610493,237505,3922170,3847998,83.292577237138,81.7174346403528,122
-7.6926,53.28823,2022/01/09 00:00:00+00,Sun 09 Jan 2022,7093,647,0,3691758,3611140,237505,3929263,3848645,83.4432066719517,81.7311745591918,123
-7.6926,53.28823,2022/01/10 00:00:00+00,Mon 10 Jan 2022,6595,390,0,3698353,3611530,237505,3935858,3849035,83.583260404166,81.7394567359262,124
-7.6926,53.28823,2022/01/11 00:00:00+00,Tue 11 Jan 2022,4685,1209,1,3703038,3612739,237506,3940544,3850245,83.6827739430828,81.7651527201535,125
-7.6926,53.28823,2022/01/12 00:00:00+00,Wed 12 Jan 2022,7345,677,1,3710383,3613416,237507,3947890,3850923,83.8387761745985,81.7795509658611,126
-7.6926,53.28823,2021/05/03 23:00:00+00,Tue 04 May 2021,26506,6720,2,1245594,487916,153,1245747,488069,26.4551200522754,10.364804401531,127
-7.6926,53.28823,2021/05/04 23:00:00+00,Wed 05 May 2021,31947,13356,64,1277541,501272,217,1277758,501489,27.1349168713674,10.6497962265978,128
-7.6926,53.28823,2021/05/05 23:00:00+00,Thu 06 May 2021,37135,14306,121,1314676,515578,338,1315014,515916,27.9260983493622,10.95617305672,129
-7.6926,53.28823,2021/05/06 23:00:00+00,Fri 07 May 2021,40439,15000,86,1355115,530578,424,1355539,531002,28.786701457472,11.2765446418882,130
-7.6926,53.28823,2021/05/07 23:00:00+00,Sat 08 May 2021,25464,6981,5,1380579,537559,429,1381008,537988,29.3275700709315,11.4249017871876,131
-7.6926,53.28823,2021/05/08 23:00:00+00,Sun 09 May 2021,19586,879,1,1400165,538438,430,1400595,538868,29.7435264701554,11.4435897757165,132
-7.6926,53.28823,2021/05/09 23:00:00+00,Mon 10 May 2021,28665,4558,165,1428830,542996,595,1429425,543591,30.3557704579853,11.5438890596056,133
-7.6926,53.28823,2021/05/10 23:00:00+00,Tue 11 May 2021,33780,14741,145,1462610,557737,740,1463350,558477,31.0762136521278,11.8600133746536,134
-7.6926,53.28823,2021/05/11 23:00:00+00,Wed 12 May 2021,31128,20852,148,1493738,578589,888,1494626,579477,31.7404017535279,12.3059767372768,135
-7.6926,53.28823,2021/05/12 23:00:00+00,Thu 13 May 2021,35844,25409,137,1529582,603998,1025,1530607,605023,32.5045068845063,12.8484805497327,136
-7.6926,53.28823,2021/05/13 23:00:00+00,Fri 14 May 2021,38050,27892,225,1567632,631890,1250,1568882,633140,33.3173282037636,13.445583019584,137
-7.6926,53.28823,2021/05/14 23:00:00+00,Sat 15 May 2021,28696,12378,5,1596328,644268,1255,1597583,645523,33.926832702366,13.7085527490774,138
-7.6926,53.28823,2021/05/15 23:00:00+00,Sun 16 May 2021,23061,1126,4,1619389,645394,1259,1620648,646653,34.4166491289805,13.7325498252567,139
-7.6926,53.28823,2021/05/16 23:00:00+00,Mon 17 May 2021,35257,3886,109,1654646,649280,1368,1656014,650648,35.1676939043392,13.8173890459081,140
-7.6926,53.28823,2021/05/17 23:00:00+00,Tue 18 May 2021,38886,12404,112,1693532,661684,1480,1695012,663164,35.9958691050811,14.0831832100315,141
-7.6926,53.28823,2021/05/18 23:00:00+00,Wed 19 May 2021,36856,17513,195,1730388,679197,1675,1732063,680872,36.7826971312026,14.4592365064759,142
-7.6926,53.28823,2021/05/19 23:00:00+00,Thu 20 May 2021,38908,19595,113,1769296,698792,1788,1771084,700580,37.6113607680084,14.8777625041225,143
-7.6926,53.28823,2021/05/20 23:00:00+00,Fri 21 May 2021,25654,23153,14913,1794950,721945,16701,1811651,738646,38.4728558028434,15.6861454261042,144
-7.6926,53.28823,2021/05/21 23:00:00+00,Sat 22 May 2021,16440,10193,13496,1811390,732138,30197,1841587,762335,39.1085871944381,16.1892133354938,145
-7.6926,53.28823,2021/05/22 23:00:00+00,Sun 23 May 2021,8116,5484,10198,1819506,737622,40395,1859901,778017,39.4975097193468,16.5222417856203,146
-7.6926,53.28823,2021/05/23 23:00:00+00,Mon 24 May 2021,22357,8135,8431,1841863,745757,48826,1890689,794583,40.1513344816536,16.8740431696782,147
-7.6926,53.28823,2021/05/24 23:00:00+00,Tue 25 May 2021,30117,16417,3210,1871980,762174,52036,1924016,814210,40.8590783381366,17.2908490229261,148
-7.6926,53.28823,2021/05/25 23:00:00+00,Wed 26 May 2021,19759,25330,3031,1891739,787504,55067,1946806,842571,41.3430547683358,17.8931331623241,149
-7.6926,53.28823,2021/05/26 23:00:00+00,Thu 27 May 2021,16820,35906,542,1908559,823410,55609,1964168,879019,41.7117602874722,18.6671556690332,150
-7.6926,53.28823,2021/05/27 23:00:00+00,Fri 28 May 2021,26833,31738,1523,1935392,855148,57132,1992524,912280,42.3139382451172,19.3734979263765,151
-7.6926,53.28823,2021/05/28 23:00:00+00,Sat 29 May 2021,24312,7337,504,1959704,862485,57636,2017340,920121,42.8409395216342,19.5400121514398,152
-7.6926,53.28823,2021/05/29 23:00:00+00,Sun 30 May 2021,24122,1624,195,1983826,864109,57831,2041657,921940,43.3573438592013,19.5786410731832,153
-7.6926,53.28823,2021/05/30 23:00:00+00,Mon 31 May 2021,22356,7255,3416,2006182,871364,61247,2067429,932611,43.904647086893,19.8052541704476,154
-7.6926,53.28823,2021/05/31 23:00:00+00,Tue 01 Jun 2021,27293,11405,3622,2033475,882769,64869,2098344,947638,44.5611688657262,20.1243728109304,155
-7.6926,53.28823,2021/06/01 23:00:00+00,Wed 02 Jun 2021,18447,20799,3973,2051922,903568,68842,2120764,972410,45.037287846203,20.650439688021,156
-7.6926,53.28823,2021/06/02 23:00:00+00,Thu 03 Jun 2021,16476,30589,1958,2068398,934157,70800,2139198,1004957,45.4287587331837,21.3416191910352,157
-7.6926,53.28823,2021/06/03 23:00:00+00,Fri 04 Jun 2021,28837,23246,123,2097235,957403,70923,2168158,1028326,46.0437634465917,21.8378914682324,158
-7.6926,53.28823,2021/06/04 23:00:00+00,Sat 05 Jun 2021,20763,11400,10,2117998,968803,70933,2188931,1039736,46.4849061576285,22.0801982285911,159
-7.6926,53.28823,2021/06/05 23:00:00+00,Sun 06 Jun 2021,19783,3835,14,2137781,972638,70947,2208728,1043585,46.9053221904786,22.1619369420547,160
-7.6926,53.28823,2021/06/06 23:00:00+00,Mon 07 Jun 2021,19603,4459,11,2157384,977097,70958,2228342,1048055,47.3218519711687,22.2568634292416,161
-7.6926,53.28823,2021/06/07 23:00:00+00,Tue 08 Jun 2021,26231,18215,21,2183615,995312,70979,2254594,1066291,47.8793486471489,22.6441295188034,162
-7.6926,53.28823,2021/06/08 23:00:00+00,Wed 09 Jun 2021,32575,19995,149,2216190,1015307,71128,2287318,1086435,48.5742869842195,23.0719145653121,163
-7.6926,53.28823,2021/06/09 23:00:00+00,Thu 10 Jun 2021,27474,27358,239,2243664,1042665,71367,2315031,1114032,49.1628099684279,23.6579741328508,164
-7.6926,53.28823,2021/06/10 23:00:00+00,Fri 11 Jun 2021,26245,32775,10,2269909,1075440,71377,2341286,1146817,49.7203703534599,24.354207887308,165
-7.6926,53.28823,2021/06/11 23:00:00+00,Sat 12 Jun 2021,12030,19609,84,2281939,1095049,71461,2353400,1166510,49.9776275046417,24.7724153396956,166
-7.6926,53.28823,2021/06/12 23:00:00+00,Sun 13 Jun 2021,8433,18099,813,2290372,1113148,72274,2362646,1185422,50.1739788022996,25.1740372022637,167
-7.6926,53.28823,2021/06/13 23:00:00+00,Mon 14 Jun 2021,15845,31165,15,2306217,1144313,72289,2378506,1216602,50.5107873228331,25.8361866140062,168
-7.6926,53.28823,2021/06/14 23:00:00+00,Tue 15 Jun 2021,14489,41362,185,2320706,1185675,72474,2393180,1258149,50.8224095315537,26.7184932724303,169
-7.6926,53.28823,2021/06/15 23:00:00+00,Wed 16 Jun 2021,13231,48186,196,2333937,1233861,72670,2406607,1306531,51.1075500110748,27.745950387213,170
-7.6926,53.28823,2021/06/16 23:00:00+00,Thu 17 Jun 2021,21360,42496,502,2355297,1276357,73172,2428469,1349529,51.5718191079161,28.6590709903593,171
-7.6926,53.28823,2021/06/17 23:00:00+00,Fri 18 Jun 2021,11836,49901,530,2367133,1326258,73702,2440835,1399960,51.8344278194494,29.7300413875237,172
-7.6926,53.28823,2021/06/18 23:00:00+00,Sat 19 Jun 2021,6139,32653,408,2373272,1358911,74110,2447382,1433021,51.9734622068348,30.4321363747468,173
-7.6926,53.28823,2021/06/19 23:00:00+00,Sun 20 Jun 2021,8388,26059,163,2381660,1384970,74273,2455933,1459243,52.1550542408249,30.988995960209,174
-7.6926,53.28823,2021/06/20 23:00:00+00,Mon 21 Jun 2021,15283,32177,541,2396943,1417147,74814,2471757,1491961,52.4910982527368,31.683806879176,175
-7.6926,53.28823,2021/06/21 23:00:00+00,Tue 22 Jun 2021,14949,43379,688,2411892,1460526,75502,2487394,1536028,52.8231710670863,32.6196291411149,176
-7.6926,53.28823,2021/06/22 23:00:00+00,Wed 23 Jun 2021,19860,39197,858,2431752,1499723,76360,2508112,1576083,53.26314577884,33.4702511644422,177
-7.6926,53.28823,2021/06/23 23:00:00+00,Thu 24 Jun 2021,18830,44093,1008,2450582,1543816,77368,2527950,1621184,53.6844325020647,34.4280318129027,178
-7.6926,53.28823,2021/06/24 23:00:00+00,Fri 25 Jun 2021,14986,49982,798,2465568,1593798,78166,2543734,1671964,54.0196270599526,35.5064136964268,179
-7.6926,53.28823,2021/06/25 23:00:00+00,Sat 26 Jun 2021,8854,30391,467,2474422,1624189,78633,2553055,1702822,54.2175710839055,36.1617250032757,180
-7.6926,53.28823,2021/06/26 23:00:00+00,Sun 27 Jun 2021,8608,30341,38,2483030,1654530,78671,2561701,1733201,54.4011805712026,36.8068640981867,181
-7.6926,53.28823,2021/06/27 23:00:00+00,Mon 28 Jun 2021,24055,24460,475,2507085,1678990,79146,2586231,1758136,54.9221082514477,37.3363925004253,182
-7.6926,53.28823,2021/06/28 23:00:00+00,Tue 29 Jun 2021,27930,30802,764,2535015,1709792,79910,2614925,1789702,55.5314640955959,38.0067391434998,183
-7.6926,53.28823,2021/06/29 23:00:00+00,Wed 30 Jun 2021,22336,36642,541,2557351,1746434,80451,2637802,1826885,56.0172880882973,38.7963703679007,184
-7.6926,53.28823,2021/06/30 23:00:00+00,Thu 01 Jul 2021,14671,48118,594,2572022,1794552,81045,2653067,1875597,56.3414609802232,39.8308354783817,185
-7.6926,53.28823,2021/07/01 23:00:00+00,Fri 02 Jul 2021,13440,47062,782,2585462,1841614,81827,2667289,1923441,56.6434843584722,40.846867436541,186
-7.6926,53.28823,2021/07/02 23:00:00+00,Sat 03 Jul 2021,9148,30270,471,2594610,1871884,82298,2676908,1954182,56.8477568149042,41.4996940903696,187
-7.6926,53.28823,2021/07/03 23:00:00+00,Sun 04 Jul 2021,6329,27677,206,2600939,1899561,82504,2683443,1982065,56.9865363660824,42.0918272541802,188
-7.6926,53.28823,2021/07/04 23:00:00+00,Mon 05 Jul 2021,15329,33191,5306,2616268,1932752,87810,2704078,2020562,57.4247484607362,42.909363043271,189
-7.6926,53.28823,2021/07/05 23:00:00+00,Tue 06 Jul 2021,12176,48114,5452,2628444,1980866,93262,2721706,2074128,57.7991028491325,44.0469093995698,190
-7.6926,53.28823,2021/07/06 23:00:00+00,Wed 07 Jul 2021,19472,43502,5016,2647916,2024368,98278,2746194,2122646,58.3191386026524,45.0772546580342,191
-7.6926,53.28823,2021/07/07 23:00:00+00,Thu 08 Jul 2021,17582,45378,5954,2665498,2069746,104232,2769730,2173978,58.8189573504,46.1673590070902,192
-7.6926,53.28823,2021/07/08 23:00:00+00,Fri 09 Jul 2021,13329,44868,6505,2678827,2114614,110737,2789564,2225351,59.2401591282223,47.2583340465208,193
-7.6926,53.28823,2021/07/09 23:00:00+00,Sat 10 Jul 2021,8455,23664,4329,2687282,2138278,115066,2802348,2253344,59.5116446343069,47.8528032088975,194
-7.6926,53.28823,2021/07/10 23:00:00+00,Sun 11 Jul 2021,15126,15988,2136,2702408,2154266,117202,2819610,2271468,59.8782265183831,48.237690827192,195
-7.6926,53.28823,2021/07/11 23:00:00+00,Mon 12 Jul 2021,16955,31517,6047,2719363,2185783,123249,2842612,2309032,60.3667050549098,49.0354131011719,196
-7.6926,53.28823,2021/07/12 23:00:00+00,Tue 13 Jul 2021,19935,36297,8453,2739298,2222080,131702,2871000,2353782,60.9695625757739,49.9857397905714,197
-7.6926,53.28823,2021/07/13 23:00:00+00,Wed 14 Jul 2021,20625,35441,9300,2759923,2257521,141002,2900925,2398523,61.605060367512,50.9358753528154,198
-7.6926,53.28823,2021/07/14 23:00:00+00,Thu 15 Jul 2021,23442,28592,9534,2783365,2286113,150536,2933901,2436649,62.3053502649341,51.7455324558332,199
-7.6926,53.28823,2021/07/15 23:00:00+00,Fri 16 Jul 2021,23403,27125,9130,2806768,2313238,159666,2966434,2472904,62.9962324590399,52.5154563468763,200
-7.6926,53.28823,2021/07/16 23:00:00+00,Sat 17 Jul 2021,11386,19205,4641,2818154,2332443,164307,2982461,2496750,63.3365874501238,53.0218583633102,201
-7.6926,53.28823,2021/07/17 23:00:00+00,Sun 18 Jul 2021,16764,15655,1911,2834918,2348098,166218,3001136,2514316,63.7331762975994,53.3948960979692,202
-7.6926,53.28823,2021/07/18 23:00:00+00,Mon 19 Jul 2021,24699,18172,6203,2859617,2366270,172421,3032038,2538691,64.3894220038748,53.9125321438712,203
-7.6926,53.28823,2021/07/19 23:00:00+00,Tue 20 Jul 2021,30400,17884,7660,2890017,2384154,180081,3070098,2564235,65.1976775077529,54.4549934836258,204
-7.6926,53.28823,2021/07/20 23:00:00+00,Wed 21 Jul 2021,30132,19567,6840,2920149,2403721,186921,3107070,2590642,65.9828278621769,55.0157817939492,205
-7.6926,53.28823,2021/07/21 23:00:00+00,Thu 22 Jul 2021,33356,15661,6892,2953505,2419382,193813,3147318,2613195,66.8375485011702,55.4947252090559,206
-7.6926,53.28823,2021/07/22 23:00:00+00,Fri 23 Jul 2021,26929,20553,5563,2980434,2439935,199376,3179810,2639311,67.5275600049014,56.0493337413544,207
-7.6926,53.28823,2021/07/23 23:00:00+00,Sat 24 Jul 2021,15325,14578,2238,2995759,2454513,201614,3197373,2656127,67.9005340305086,56.4064442130626,208
-7.6926,53.28823,2021/07/24 23:00:00+00,Sun 25 Jul 2021,14639,13505,1022,3010398,2468018,202636,3213034,2670654,68.2331165172725,56.7149446782449,209
-7.6926,53.28823,2021/07/25 23:00:00+00,Mon 26 Jul 2021,23694,17932,3378,3034092,2485950,206014,3240106,2691964,68.8080270007456,57.1674913095544,210
-7.6926,53.28823,2021/07/26 23:00:00+00,Tue 27 Jul 2021,25330,23544,3628,3059422,2509494,209642,3269064,2719136,69.4229892414524,57.7445254280877,211
-7.6926,53.28823,2021/07/27 23:00:00+00,Wed 28 Jul 2021,23289,24999,3229,3082711,2534493,212871,3295582,2747364,69.9861347866925,58.3439851328557,212
-7.6926,53.28823,2021/07/28 23:00:00+00,Thu 29 Jul 2021,19142,27578,2928,3101853,2562071,215799,3317652,2777870,70.4548210444589,58.991821244293,213
-7.6926,53.28823,2021/07/29 23:00:00+00,Fri 30 Jul 2021,21804,22635,2084,3123657,2584706,217883,3341540,2802589,70.9621149876181,59.5167625948017,214
-7.6926,53.28823,2021/07/30 23:00:00+00,Sat 31 Jul 2021,13640,12252,889,3137297,2596958,218772,3356069,2815730,71.2706579255016,59.7958294780509,215
-7.6926,53.28823,2021/07/31 23:00:00+00,Sun 01 Aug 2021,10998,9172,355,3148295,2606130,219127,3367422,2825257,71.511754213876,59.9981481902276,216
-7.6926,53.28823,2021/08/01 23:00:00+00,Mon 02 Aug 2021,14893,15719,401,3163188,2621849,219528,3382716,2841377,71.8365429599693,60.3404781619174,217
-7.6926,53.28823,2021/08/02 23:00:00+00,Tue 03 Aug 2021,17218,25182,1086,3180406,2647031,220614,3401020,2867645,72.2252531213719,60.8983146195072,218
-7.6926,53.28823,2021/08/03 23:00:00+00,Wed 04 Aug 2021,21978,17007,1556,3202384,2664038,222170,3424554,2886208,72.7250293964183,61.2925249957156,219
-7.6926,53.28823,2021/08/04 23:00:00+00,Thu 05 Aug 2021,13393,29793,1406,3215777,2693831,223576,3439353,2917407,73.0393061489641,61.9550778981195,220
-7.6926,53.28823,2021/08/05 23:00:00+00,Fri 06 Aug 2021,12060,24501,926,3227837,2718332,224502,3452339,2942834,73.31508139787,62.4950545848538,221
-7.6926,53.28823,2021/08/06 23:00:00+00,Sat 07 Aug 2021,6267,8260,564,3234104,2726592,225066,3459170,2951658,73.4601469088262,62.6824441425579,222
-7.6926,53.28823,2021/08/07 23:00:00+00,Sun 08 Aug 2021,8558,11828,144,3242662,2738420,225210,3467872,2963630,73.644945631757,62.9366857319544,223
-7.6926,53.28823,2021/08/08 23:00:00+00,Mon 09 Aug 2021,5451,22775,587,3248113,2761195,225797,3473910,2986992,73.7731707166865,63.4328093546974,224
-7.6926,53.28823,2021/08/09 23:00:00+00,Tue 10 Aug 2021,9233,25725,692,3257346,2786920,226489,3483835,3013409,73.9839414964025,63.9938100285268,225
-7.6926,53.28823,2021/08/10 23:00:00+00,Wed 11 Aug 2021,6911,30959,638,3264257,2817879,227127,3491384,3045006,74.1442547070902,64.6648149984699,226
-7.6926,53.28823,2021/08/11 23:00:00+00,Thu 12 Aug 2021,6660,38056,852,3270917,2855935,227979,3498896,3083914,74.3037821728057,65.4910789276577,227
-7.6926,53.28823,2021/08/12 23:00:00+00,Fri 13 Aug 2021,10817,28012,847,3281734,2883947,228826,3510560,3112773,74.551482966217,66.103938769655,228
-7.6926,53.28823,2021/08/13 23:00:00+00,Sat 14 Aug 2021,18053,5689,269,3299787,2889636,229095,3528882,3118731,74.9405753819305,66.2304649465364,229
-7.6926,53.28823,2021/08/14 23:00:00+00,Sun 15 Aug 2021,16959,3635,39,3316746,2893271,229134,3545880,3122405,75.3015508694481,66.3084872986449,230
-7.6926,53.28823,2021/08/15 23:00:00+00,Mon 16 Aug 2021,10116,22936,360,3326862,2916207,229494,3556356,3145701,75.5240228783452,66.8032093222482,231
-7.6926,53.28823,2021/08/16 23:00:00+00,Tue 17 Aug 2021,12792,26667,515,3339654,2942874,230009,3569663,3172883,75.8066149957941,67.3804558042875,232
-7.6926,53.28823,2021/08/17 23:00:00+00,Wed 18 Aug 2021,15155,25555,647,3354809,2968429,230656,3585465,3199085,76.1421918079928,67.9368906627377,233
-7.6926,53.28823,2021/08/18 23:00:00+00,Thu 19 Aug 2021,11305,25509,527,3366114,2993938,231183,3597297,3225121,76.3934603083051,68.489800286988,234
-7.6926,53.28823,2021/08/19 23:00:00+00,Fri 20 Aug 2021,14764,22065,671,3380878,3016003,231854,3612732,3247857,76.7212433798332,68.9726299542548,235
-7.6926,53.28823,2021/08/20 23:00:00+00,Sat 21 Aug 2021,11808,7847,231,3392686,3023850,232085,3624771,3255935,76.9769078047199,69.1441771944105,236
-7.6926,53.28823,2021/08/21 23:00:00+00,Sun 22 Aug 2021,7987,12176,156,3400673,3036026,232241,3632914,3268267,77.1498354076647,69.4060638700233,237
-7.6926,53.28823,2021/08/22 23:00:00+00,Mon 23 Aug 2021,10811,15190,274,3411484,3051216,232515,3643999,3283731,77.3852403540779,69.7344627957188,238
-7.6926,53.28823,2021/08/23 23:00:00+00,Tue 24 Aug 2021,9652,22741,374,3421136,3073957,232889,3654025,3306846,77.5981560052046,70.2253410398634,239
-7.6926,53.28823,2021/08/24 23:00:00+00,Wed 25 Aug 2021,9354,19313,306,3430490,3093270,233195,3663685,3326465,77.8032991520113,70.6419770023065,240
-7.6926,53.28823,2021/08/25 23:00:00+00,Thu 26 Aug 2021,8524,19263,361,3439014,3112533,233556,3672570,3346089,77.9919841271021,71.0587191465026,241
-7.6926,53.28823,2021/08/26 23:00:00+00,Fri 27 Aug 2021,9663,19064,427,3448677,3131597,233983,3682660,3365580,78.2062589046673,71.4726368560687,242
-7.6926,53.28823,2021/08/27 23:00:00+00,Sat 28 Aug 2021,9884,7804,146,3458561,3139401,234129,3692690,3373530,78.4192595011964,71.6414658433475,243
-7.6926,53.28823,2021/08/28 23:00:00+00,Sun 29 Aug 2021,8784,9141,24,3467345,3148542,234153,3701498,3382695,78.6063092772909,71.8360969966066,244
-7.6926,53.28823,2021/08/29 23:00:00+00,Mon 30 Aug 2021,5024,10986,79,3472369,3159528,234232,3706601,3393760,78.7146783744083,72.0710772160079,245
-7.6926,53.28823,2021/08/30 23:00:00+00,Tue 31 Aug 2021,4018,12719,136,3476387,3172247,234368,3710755,3406615,78.8028941748053,72.3440705029851,246
-7.6926,53.28823,2021/08/31 23:00:00+00,Wed 01 Sep 2021,4902,12404,175,3481289,3184651,234543,3715832,3419194,78.9107111268071,72.6112025571964,247
-7.6926,53.28823,2021/09/01 23:00:00+00,Thu 02 Sep 2021,4969,12258,243,3486258,3196909,234786,3721044,3431695,79.0213949861401,72.8766781760608,248
-7.6926,53.28823,2021/09/02 23:00:00+00,Fri 03 Sep 2021,4727,15915,159,3490985,3212824,234945,3725930,3447769,79.1251557951771,73.218031275623,249
-7.6926,53.28823,2021/09/03 23:00:00+00,Sat 04 Sep 2021,4602,10520,130,3495587,3223344,235075,3730662,3458419,79.2256462062215,73.4441984095248,250
-7.6926,53.28823,2021/09/04 23:00:00+00,Sun 05 Sep 2021,5295,11843,1,3500882,3235187,235076,3735958,3470263,79.338113919005,73.6957217460443,251
-7.6926,53.28823,2021/09/05 23:00:00+00,Mon 06 Sep 2021,2118,9586,69,3503000,3244773,235145,3738145,3479918,79.3845578177696,73.9007587110979,252
-7.6926,53.28823,2021/09/06 23:00:00+00,Tue 07 Sep 2021,2999,9907,140,3505999,3254680,235285,3741284,3489965,79.4512187223065,74.1141203255872,253
-7.6926,53.28823,2020/12/28 00:00:00+00,Mon 28 Dec 2020,139,18,6,139,18,6,145,24,0.0030792708371603,0.000509672414426533,254
-7.6926,53.28823,2020/12/29 00:00:00+00,Tue 29 Dec 2020,71,1,0,210,19,6,216,25,0.00458705172983879,0.000530908765027638,255
-7.6926,53.28823,2020/12/30 00:00:00+00,Wed 30 Dec 2020,1050,0,0,1260,19,6,1266,25,0.0268852198609996,0.000530908765027638,256
-7.6926,53.28823,2020/12/31 00:00:00+00,Thu 31 Dec 2020,1023,1,0,2283,20,6,2289,26,0.0486100065259305,0.000552145115628744,257
-7.6926,53.28823,2021/01/01 00:00:00+00,Fri 01 Jan 2021,801,0,0,3084,20,6,3090,26,0.0656203233574161,0.000552145115628744,258
-7.6926,53.28823,2021/01/02 00:00:00+00,Sat 02 Jan 2021,1011,0,0,4095,20,6,4101,26,0.0870902738151337,0.000552145115628744,259
-7.6926,53.28823,2021/01/03 00:00:00+00,Sun 03 Jan 2021,17,2,0,4112,22,6,4118,28,0.0874512917753525,0.000594617816830955,260
-7.6926,53.28823,2021/01/04 00:00:00+00,Mon 04 Jan 2021,1178,1,0,5290,23,6,5296,29,0.112467712783455,0.00061585416743206,261
-7.6926,53.28823,2021/01/05 00:00:00+00,Tue 05 Jan 2021,3505,4,0,8795,27,6,8801,33,0.18690112164033,0.000700799569836482,262
-7.6926,53.28823,2021/01/06 00:00:00+00,Wed 06 Jan 2021,6753,5,0,15548,32,6,15554,38,0.330310197249595,0.00080698132284201,263
-7.6926,53.28823,2021/01/07 00:00:00+00,Thu 07 Jan 2021,11709,4,0,27257,36,6,27263,42,0.57896662643794,0.000891926725246432,264
-7.6926,53.28823,2021/01/08 00:00:00+00,Fri 08 Jan 2021,12658,5,0,39915,41,6,39921,47,0.847776352346733,0.000998108478251959,265
-7.6926,53.28823,2021/01/09 00:00:00+00,Sat 09 Jan 2021,8065,3,0,47980,44,6,47986,50,1.01904751994465,0.00106181753005528,266
-7.6926,53.28823,2021/01/10 00:00:00+00,Sun 10 Jan 2021,4757,1,1,52737,45,7,52744,52,1.12009007610471,0.00110429023125749,267
-7.6926,53.28823,2021/01/11 00:00:00+00,Mon 11 Jan 2021,8321,4,0,61058,49,7,61065,56,1.29679774945651,0.00118923563366191,268
-7.6926,53.28823,2021/01/12 00:00:00+00,Tue 12 Jan 2021,8849,6,0,69907,55,7,69914,62,1.48471821592569,0.00131665373726854,269
-7.6926,53.28823,2021/01/13 00:00:00+00,Wed 13 Jan 2021,9855,3,0,79762,58,7,79769,65,1.69400245109959,0.00138036278907186,270
-7.6926,53.28823,2021/01/14 00:00:00+00,Thu 14 Jan 2021,8046,2,0,87808,60,7,87815,67,1.86487012803608,0.00142283549027407,271
-7.6926,53.28823,2021/01/15 00:00:00+00,Fri 15 Jan 2021,7649,2,0,95457,62,7,95464,69,2.02730697378394,0.00146530819147628,272
-7.6926,53.28823,2021/01/16 00:00:00+00,Sat 16 Jan 2021,5204,3,0,100661,65,7,100668,72,2.13782094231209,0.0015290172432796,273
-7.6926,53.28823,2021/01/17 00:00:00+00,Sun 17 Jan 2021,1101,4,0,101762,69,7,101769,76,2.16120216432391,0.00161396264568402,274
-7.6926,53.28823,2021/01/18 00:00:00+00,Mon 18 Jan 2021,8674,4,0,110436,73,7,110443,80,2.3454062694379,0.00169890804808844,275
-7.6926,53.28823,2021/01/19 00:00:00+00,Tue 19 Jan 2021,8351,15,0,118787,88,7,118794,95,2.52275103330773,0.00201745330710502,276
-7.6926,53.28823,2021/01/20 00:00:00+00,Wed 20 Jan 2021,8428,956,0,127215,1044,7,127222,1051,2.70173099617385,0.0223194044817619,277
-7.6926,53.28823,2021/01/21 00:00:00+00,Thu 21 Jan 2021,8950,956,0,136165,2000,7,136172,2007,2.89179633405374,0.0426213556564188,278
-7.6926,53.28823,2021/01/22 00:00:00+00,Fri 22 Jan 2021,6735,962,0,142900,2962,7,142907,2969,3.03482315535219,0.0630507249346823,279
-7.6926,53.28823,2021/01/23 00:00:00+00,Sat 23 Jan 2021,4155,456,0,147055,3418,7,147062,3425,3.12306019209978,0.0727345008087864,280
-7.6926,53.28823,2021/01/24 00:00:00+00,Sun 24 Jan 2021,1170,396,0,148225,3814,7,148232,3821,3.14790672230307,0.0811440956468242,281
-7.6926,53.28823,2021/01/25 00:00:00+00,Mon 25 Jan 2021,1332,1282,0,149557,5096,7,149564,5103,3.17619354130375,0.108369097117441,282
-7.6926,53.28823,2021/01/26 00:00:00+00,Tue 26 Jan 2021,982,3495,0,150539,8591,7,150546,8598,3.19704763759403,0.182590142468305,283
-7.6926,53.28823,2021/01/27 00:00:00+00,Wed 27 Jan 2021,2141,6694,0,152680,15285,7,152687,15292,3.242514664231,0.324746273392106,284
-7.6926,53.28823,2021/01/28 00:00:00+00,Thu 28 Jan 2021,950,11536,0,153630,26821,7,153637,26828,3.26268919730205,0.569728813926459,285
-7.6926,53.28823,2021/01/29 00:00:00+00,Fri 29 Jan 2021,1537,11523,0,155167,38344,7,155174,38351,3.29532946817595,0.814435281902998,286
-7.6926,53.28823,2021/01/30 00:00:00+00,Sat 30 Jan 2021,606,7793,0,155773,46137,7,155780,46144,3.30819869664022,0.979930162137413,287
-7.6926,53.28823,2021/01/31 00:00:00+00,Sun 31 Jan 2021,204,4080,0,155977,50217,7,155984,50224,3.31253091216284,1.06657447258992,288
-7.6926,53.28823,2021/02/01 00:00:00+00,Mon 01 Feb 2021,981,8331,0,156958,58548,7,156965,58555,3.33336377210253,1.24349450944773,289
-7.6926,53.28823,2021/02/02 00:00:00+00,Tue 02 Feb 2021,803,5096,0,157761,63644,7,157768,63651,3.35041656163522,1.35171495211097,290
-7.6926,53.28823,2021/02/03 00:00:00+00,Wed 03 Feb 2021,1363,6859,0,159124,70503,7,159131,70510,3.37936170750452,1.49737508088395,291
-7.6926,53.28823,2021/02/04 00:00:00+00,Thu 04 Feb 2021,1389,10530,0,160513,81033,7,160520,81040,3.40885899848946,1.72099385271359,292
-7.6926,53.28823,2021/02/05 00:00:00+00,Fri 05 Feb 2021,3358,8603,0,163871,89636,7,163878,89643,3.48017066380797,1.9036901769349,293
-7.6926,53.28823,2021/02/06 00:00:00+00,Sat 06 Feb 2021,876,3861,0,164747,93497,7,164754,93504,3.49877370693454,1.98568372660577,294
-7.6926,53.28823,2021/02/07 00:00:00+00,Sun 07 Feb 2021,305,1295,1,165052,94792,8,165060,94800,3.50527203021848,2.0132060369848,295
-7.6926,53.28823,2021/02/08 00:00:00+00,Mon 08 Feb 2021,1125,869,0,166177,95661,8,166185,95669,3.52916292464472,2.03166042565716,296
-7.6926,53.28823,2021/02/09 00:00:00+00,Tue 09 Feb 2021,4206,528,1,170383,96189,9,170392,96198,3.61850425162357,2.04289445512515,297
-7.6926,53.28823,2021/02/10 00:00:00+00,Wed 10 Feb 2021,8791,575,0,179174,96764,9,179183,96773,3.80519300975789,2.05510535672078,298
-7.6926,53.28823,2021/02/11 00:00:00+00,Thu 11 Feb 2021,6138,433,0,185312,97197,9,185321,97206,3.93554172974748,2.06430069653106,299
-7.6926,53.28823,2021/02/12 00:00:00+00,Fri 12 Feb 2021,4354,515,0,189666,97712,9,189675,97721,4.02800480026469,2.07523741709063,300
-7.6926,53.28823,2021/02/13 00:00:00+00,Sat 13 Feb 2021,1185,1908,0,190851,99620,9,190860,99629,4.053169875727,2.11575637403754,301
-7.6926,53.28823,2021/02/14 00:00:00+00,Sun 14 Feb 2021,2673,19,0,193524,99639,9,193533,99648,4.10993464088375,2.11615986469896,302
-7.6926,53.28823,2021/02/15 00:00:00+00,Mon 15 Feb 2021,1928,7868,0,195452,107507,9,195461,107516,4.15087832484269,2.28324747122846,303
-7.6926,53.28823,2021/02/16 00:00:00+00,Tue 16 Feb 2021,5601,8146,0,201053,115653,9,201062,115662,4.26982312455948,2.45623878322507,304
-7.6926,53.28823,2021/02/17 00:00:00+00,Wed 17 Feb 2021,9701,8458,0,210754,124111,9,210763,124120,4.4758369617408,2.63585583660922,305
-7.6926,53.28823,2021/02/18 00:00:00+00,Thu 18 Feb 2021,8433,8325,0,219187,132436,9,219196,132445,4.65492310635993,2.81264845536342,306
-7.6926,53.28823,2021/02/19 00:00:00+00,Fri 19 Feb 2021,9362,6569,0,228549,139005,9,228558,139014,4.85373782068748,2.95215004246208,307
-7.6926,53.28823,2021/02/20 00:00:00+00,Sat 20 Feb 2021,5857,3564,1,234406,142569,10,234416,142579,4.97814036250875,3.02785763235502,308
-7.6926,53.28823,2021/02/21 00:00:00+00,Sun 21 Feb 2021,1090,1015,4,235496,143584,14,235510,143598,5.00137293006636,3.04949747361755,309
-7.6926,53.28823,2021/02/22 00:00:00+00,Mon 22 Feb 2021,3917,1099,1,239413,144683,15,239428,144698,5.08457695172149,3.07285745927877,310
-7.6926,53.28823,2021/02/23 00:00:00+00,Tue 23 Feb 2021,13328,1054,0,252741,145737,15,252756,145752,5.36761503253303,3.09524057281233,311
-7.6926,53.28823,2021/02/24 00:00:00+00,Wed 24 Feb 2021,16889,2086,2,269630,147823,17,269647,147840,5.7263182305363,3.13958207286744,312
-7.6926,53.28823,2021/02/25 00:00:00+00,Thu 25 Feb 2021,18020,1737,1,287650,149560,18,287668,149578,6.10901850471882,3.17649085021216,313
-7.6926,53.28823,2021/02/26 00:00:00+00,Fri 26 Feb 2021,16049,2748,0,303699,152308,18,303717,152326,6.44984069551597,3.234848341664,314
-7.6926,53.28823,2021/02/27 00:00:00+00,Sat 27 Feb 2021,8945,697,1,312644,153005,19,312663,153024,6.63982108799346,3.24967131438357,315
-7.6926,53.28823,2021/02/28 00:00:00+00,Sun 28 Feb 2021,2421,46,1,315065,153051,20,315085,153071,6.69125552914933,3.25066942286182,316
-7.6926,53.28823,2021/03/01 00:00:00+00,Mon 01 Mar 2021,5542,776,0,320607,153827,20,320627,153847,6.80894738418066,3.26714883092828,317
-7.6926,53.28823,2021/03/02 00:00:00+00,Tue 02 Mar 2021,12131,1590,0,332738,155417,20,332758,155437,7.06656555332267,3.30091462838404,318
-7.6926,53.28823,2021/03/03 00:00:00+00,Wed 03 Mar 2021,12816,1491,1,345554,156908,21,345575,156929,7.33875185897704,3.33259926348089,319
-7.6926,53.28823,2021/03/04 00:00:00+00,Thu 04 Mar 2021,18671,1676,2,364225,158584,23,364248,158607,7.73529823375148,3.36823385978954,320
-7.6926,53.28823,2021/03/05 00:00:00+00,Fri 05 Mar 2021,18377,2378,5,382602,160962,28,382630,160990,8.12566483050101,3.41884008327198,321
-7.6926,53.28823,2021/03/06 00:00:00+00,Sat 06 Mar 2021,10383,124,1,392985,161086,29,393014,161115,8.34618309514289,3.42149462709712,322
-7.6926,53.28823,2021/03/07 00:00:00+00,Sun 07 Mar 2021,1490,7,1,394475,161093,30,394505,161123,8.37784649388913,3.42166451790192,323
-7.6926,53.28823,2021/03/08 00:00:00+00,Mon 08 Mar 2021,6601,1480,1,401076,162573,31,401107,162604,8.51804888055763,3.45311555314216,324
-7.6926,53.28823,2021/03/09 00:00:00+00,Tue 09 Mar 2021,13747,3084,2,414823,165657,33,414856,165690,8.81002746497223,3.51865093109717,325
-7.6926,53.28823,2021/03/10 00:00:00+00,Wed 10 Mar 2021,13651,3967,3,428474,169624,36,428510,169660,9.09998859607973,3.60295924298356,326
-7.6926,53.28823,2021/03/11 00:00:00+00,Thu 11 Mar 2021,18391,2080,1,446865,171704,37,446902,171741,9.49056755633526,3.64715208858446,327
-7.6926,53.28823,2021/03/12 00:00:00+00,Fri 12 Mar 2021,17250,1322,2,464115,173026,39,464154,173065,9.85693707690553,3.67526901678033,328
-7.6926,53.28823,2021/03/13 00:00:00+00,Sat 13 Mar 2021,8238,163,0,472353,173189,39,472392,173228,10.0318821331574,3.67873054192831,329
-7.6926,53.28823,2021/03/14 00:00:00+00,Sun 14 Mar 2021,344,13,1,472697,173202,40,472737,173242,10.0392086741148,3.67902785083672,330
-7.6926,53.28823,2021/03/15 00:00:00+00,Mon 15 Mar 2021,2574,976,0,475271,174178,40,475311,174218,10.0938710405621,3.6997545290234,331
-7.6926,53.28823,2021/03/16 00:00:00+00,Tue 16 Mar 2021,8871,3793,0,484142,177971,40,484182,178011,10.2822587067445,3.7803040068534,332
-7.6926,53.28823,2021/03/17 00:00:00+00,Wed 17 Mar 2021,4834,2396,6,488976,180367,46,489022,180413,10.3850426436538,3.83131372099725,333
-7.6926,53.28823,2021/03/18 00:00:00+00,Thu 18 Mar 2021,11640,4662,2,500616,185029,48,500664,185077,10.6322762373519,3.93036006020081,334
-7.6926,53.28823,2021/03/19 00:00:00+00,Fri 19 Mar 2021,10264,6099,1,510880,191128,49,510929,191177,10.8502673762722,4.05990179886755,335
-7.6926,53.28823,2021/03/20 00:00:00+00,Sat 20 Mar 2021,5158,3095,2,516038,194223,51,516089,194274,10.9598469453739,4.12567077667917,336
-7.6926,53.28823,2021/03/21 00:00:00+00,Sun 21 Mar 2021,3577,42,1,519615,194265,52,519667,194317,11.0358306078247,4.12658393975502,337
-7.6926,53.28823,2021/03/22 00:00:00+00,Mon 22 Mar 2021,7326,2380,0,526941,196645,52,526993,196697,11.1914081123284,4.17712645418565,338
-7.6926,53.28823,2021/03/23 00:00:00+00,Tue 23 Mar 2021,12483,7361,2,539424,204006,54,539478,204060,11.4565439495832,4.33348970366159,339
-7.6926,53.28823,2021/03/24 00:00:00+00,Wed 24 Mar 2021,13530,9747,0,552954,213753,54,553008,213807,11.7438717732162,4.54048041297057,340
-7.6926,53.28823,2021/03/25 00:00:00+00,Thu 25 Mar 2021,20775,10193,2,573729,223946,56,573785,224002,12.1850994296553,4.75698500734884,341
-7.6926,53.28823,2021/03/26 00:00:00+00,Fri 26 Mar 2021,19618,9451,1,593347,233397,57,593404,233454,12.6017353920984,4.95771099323049,342
-7.6926,53.28823,2021/03/27 00:00:00+00,Sat 27 Mar 2021,11663,5310,0,605010,238707,57,605067,238764,12.8494149491591,5.07047601492236,343
-7.6926,53.28823,2021/03/28 00:00:00+00,Sun 28 Mar 2021,2434,470,0,607444,239177,57,607501,239234,12.9011042265222,5.08045709970488,344
-7.6926,53.28823,2021/03/28 23:00:00+00,Mon 29 Mar 2021,9189,3082,3,616633,242259,60,616693,242319,13.0963087612476,5.14597124130929,345
-7.6926,53.28823,2021/03/29 23:00:00+00,Tue 30 Mar 2021,13249,8630,1,629882,250889,61,629943,250950,13.3776904067122,5.32926218334743,346
-7.6926,53.28823,2021/03/30 23:00:00+00,Wed 31 Mar 2021,15706,10440,1,645588,261329,62,645650,261391,13.7112497656038,5.55099091997357,347
-7.6926,53.28823,2021/03/31 23:00:00+00,Thu 01 Apr 2021,19592,11580,3,665180,272909,65,665245,272974,14.1273760556324,5.79697156898618,348
-7.6926,53.28823,2021/04/01 23:00:00+00,Fri 02 Apr 2021,20053,13681,4,685233,286590,69,685302,286659,14.5533135396388,6.08759102696231,349
-7.6926,53.28823,2021/04/02 23:00:00+00,Sat 03 Apr 2021,7475,4607,0,692708,291197,69,692777,291266,14.7120552603821,6.1854268941816,350
-7.6926,53.28823,2021/04/03 23:00:00+00,Sun 04 Apr 2021,2971,160,0,695679,291357,69,695748,291426,14.775148458018,6.18882471027778,351
-7.6926,53.28823,2021/04/04 23:00:00+00,Mon 05 Apr 2021,3368,581,3,699047,291938,72,699119,292010,14.8467361958943,6.20122673902882,352
-7.6926,53.28823,2021/04/05 23:00:00+00,Tue 06 Apr 2021,11881,8121,5,710928,300059,77,711005,300136,15.099151459139,6.37379332401341,353
-7.6926,53.28823,2021/04/06 23:00:00+00,Wed 07 Apr 2021,18239,10428,3,729167,310487,80,729247,310567,15.4865449668044,6.59530969713354,354
-7.6926,53.28823,2021/04/07 23:00:00+00,Thu 08 Apr 2021,20073,10527,8,749240,321014,88,749328,321102,15.9129921232252,6.81903465071619,355
-7.6926,53.28823,2021/04/08 23:00:00+00,Fri 09 Apr 2021,20612,9116,9,769852,330130,97,769949,330227,16.3509069089706,7.01281634995127,356
-7.6926,53.28823,2021/04/09 23:00:00+00,Sat 10 Apr 2021,11076,4134,7,780928,334264,104,781032,334368,16.5862693826826,7.10075607779045,357
-7.6926,53.28823,2021/04/10 23:00:00+00,Sun 11 Apr 2021,2801,332,1,783729,334596,105,783834,334701,16.6457736370669,7.10782778254062,358
-7.6926,53.28823,2021/04/11 23:00:00+00,Mon 12 Apr 2021,7693,2740,6,791422,337336,111,791533,337447,16.8092723003449,7.16614280129125,359
-7.6926,53.28823,2021/04/12 23:00:00+00,Tue 13 Apr 2021,11416,8539,0,802838,345875,111,802949,345986,17.0517064788071,7.3474799990741,360
-7.6926,53.28823,2021/04/13 23:00:00+00,Wed 14 Apr 2021,20256,6546,2,823094,352421,113,823207,352534,17.4819124692843,7.48653562281013,361
-7.6926,53.28823,2021/04/14 23:00:00+00,Thu 15 Apr 2021,27022,10738,1,850116,363159,114,850230,363273,18.0557823715779,7.71459279191541,362
-7.6926,53.28823,2021/04/15 23:00:00+00,Fri 16 Apr 2021,27881,9781,1,877997,372940,115,878112,373055,18.647894299038,7.92232677349542,363
-7.6926,53.28823,2021/04/16 23:00:00+00,Sat 17 Apr 2021,15762,4509,1,893759,377449,116,893875,377565,18.9826428935632,8.01810271470641,364
-7.6926,53.28823,2021/04/17 23:00:00+00,Sun 18 Apr 2021,1018,443,0,894777,377892,116,894893,378008,19.0042614984751,8.0275104180227,365
-7.6926,53.28823,2021/04/18 23:00:00+00,Mon 19 Apr 2021,6670,2200,0,901447,380092,116,901563,380208,19.1459079569845,8.07423038934513,366
-7.6926,53.28823,2021/04/19 23:00:00+00,Tue 20 Apr 2021,14979,7252,0,916426,387344,116,916542,387460,19.4640072526385,8.22823640390435,367
-7.6926,53.28823,2021/04/20 23:00:00+00,Wed 21 Apr 2021,26588,9797,1,943014,397141,117,943131,397258,20.0286605787713,8.43631016709398,368
-7.6926,53.28823,2021/04/21 23:00:00+00,Thu 22 Apr 2021,31532,12124,0,974546,409265,117,974663,409382,20.6982851859253,8.69377968178178,369
-7.6926,53.28823,2021/04/22 23:00:00+00,Fri 23 Apr 2021,33496,12325,0,1008042,421590,117,1008159,421707,21.4096179856599,8.95551770294041,370
-7.6926,53.28823,2021/04/23 23:00:00+00,Sat 24 Apr 2021,23585,6952,0,1031627,428542,117,1031744,428659,21.910477314587,9.10315281231929,371
-7.6926,53.28823,2021/04/24 23:00:00+00,Sun 25 Apr 2021,9694,261,1,1041321,428803,118,1041439,428921,22.1163637336647,9.10871673617678,372
-7.6926,53.28823,2021/04/25 23:00:00+00,Mon 26 Apr 2021,15490,2994,1,1056811,431797,119,1056930,431916,22.4453360408265,9.17231960622709,373
-7.6926,53.28823,2021/04/26 23:00:00+00,Tue 27 Apr 2021,25808,7743,4,1082619,439540,123,1082742,439663,22.9934887225422,9.33683761433386,374
-7.6926,53.28823,2021/04/27 23:00:00+00,Wed 28 Apr 2021,25930,8532,4,1108549,448072,127,1108676,448199,23.5442322390313,9.51811110306489,375
-7.6926,53.28823,2021/04/28 23:00:00+00,Thu 29 Apr 2021,31598,11264,1,1140147,459336,128,1140275,459464,24.2152796816756,9.75733859258635,376
-7.6926,53.28823,2021/04/29 23:00:00+00,Fri 30 Apr 2021,35996,13469,1,1176143,472805,129,1176272,472934,24.9797245942636,10.0433922351832,377
-7.6926,53.28823,2021/04/30 23:00:00+00,Sat 01 May 2021,16449,6636,8,1192592,479441,137,1192729,479578,25.329211216106,10.184486548577,378
-7.6926,53.28823,2021/05/01 23:00:00+00,Sun 02 May 2021,12346,874,6,1204938,480315,143,1205081,480458,25.5915226187308,10.203174537106,379
-7.6926,53.28823,2021/05/02 23:00:00+00,Mon 03 May 2021,14150,881,8,1219088,481196,151,1219239,481347,25.8921868705413,10.2220536527903,380
