X,Y,VaccinationDate,VaccineText,Dose1,Dose2,SingleDose,Dose1Cum,Dose2Cum,SingleDoseCum,PartiallyVacc,FullyVacc,PartialPercent,FullyPercent,ObjectId
-7.6926,53.28823,2020/12/28 00:00:00+00,Mon 28 Dec 2020,298,24,4,298,24,4,302,28,0.00592130274934714,0.000548994956893112,1
-7.6926,53.28823,2020/12/29 00:00:00+00,Tue 29 Dec 2020,81,3,0,379,27,4,383,31,0.00750946673178793,0.00060781584513166,2
-7.6926,53.28823,2020/12/30 00:00:00+00,Wed 30 Dec 2020,1066,2,0,1445,29,4,1449,33,0.0284104890192186,0.000647029770624025,3
-7.6926,53.28823,2020/12/31 00:00:00+00,Thu 31 Dec 2020,1042,1,0,2487,30,4,2491,34,0.0488409442007408,0.000666636733370208,4
-7.6926,53.28823,2021/01/01 00:00:00+00,Fri 01 Jan 2021,824,1,0,3311,31,4,3315,35,0.0649970815035952,0.00068624369611639,5
-7.6926,53.28823,2021/01/02 00:00:00+00,Sat 02 Jan 2021,1021,0,0,4332,31,4,4336,35,0.0850157904674476,0.00068624369611639,6
-7.6926,53.28823,2021/01/03 00:00:00+00,Sun 03 Jan 2021,26,3,1,4358,34,5,4363,39,0.0855451784615946,0.00076467154710112,7
-7.6926,53.28823,2021/01/04 00:00:00+00,Mon 04 Jan 2021,1198,5,0,5556,39,5,5561,44,0.109034319831521,0.000862706360832033,8
-7.6926,53.28823,2021/01/05 00:00:00+00,Tue 05 Jan 2021,3546,14,0,9102,53,5,9107,58,0.178560609729485,0.00113720383927859,9
-7.6926,53.28823,2021/01/06 00:00:00+00,Wed 06 Jan 2021,6797,14,0,15899,67,5,15904,72,0.311829135515288,0.00141170131772515,10
-7.6926,53.28823,2021/01/07 00:00:00+00,Thu 07 Jan 2021,11743,9,0,27642,76,5,27647,81,0.54207369904371,0.00158816398244079,11
-7.6926,53.28823,2021/01/08 00:00:00+00,Fri 08 Jan 2021,12691,8,0,40333,84,5,40338,89,0.790905663255513,0.00174501968441025,12
-7.6926,53.28823,2021/01/09 00:00:00+00,Sat 09 Jan 2021,8081,7,0,48414,91,5,48419,96,0.949349529207414,0.00188226842363353,13
-7.6926,53.28823,2021/01/10 00:00:00+00,Sun 10 Jan 2021,4790,6,1,53204,97,6,53210,103,1.04328648772437,0.00201951716285681,14
-7.6926,53.28823,2021/01/11 00:00:00+00,Mon 11 Jan 2021,8356,8,0,61560,105,6,61566,111,1.20712226843148,0.00217637286482627,15
-7.6926,53.28823,2021/01/12 00:00:00+00,Tue 12 Jan 2021,8901,15,0,70461,120,6,70467,126,1.38164384383525,0.002470477306019,16
-7.6926,53.28823,2021/01/13 00:00:00+00,Wed 13 Jan 2021,9908,6,0,80369,126,6,80375,132,1.57590963072442,0.0025881190824961,17
-7.6926,53.28823,2021/01/14 00:00:00+00,Thu 14 Jan 2021,8101,6,0,88470,132,6,88476,138,1.73474563593125,0.00270576085897319,18
-7.6926,53.28823,2021/01/15 00:00:00+00,Fri 15 Jan 2021,7708,5,0,96178,137,6,96184,143,1.88587610477882,0.00280379567270411,19
-7.6926,53.28823,2021/01/16 00:00:00+00,Sat 16 Jan 2021,5249,3,0,101427,140,6,101433,146,1.98879305223354,0.00286261656094266,20
-7.6926,53.28823,2021/01/17 00:00:00+00,Sun 17 Jan 2021,1117,5,0,102544,145,6,102550,151,2.01069402962102,0.00296065137467357,21
-7.6926,53.28823,2021/01/18 00:00:00+00,Mon 18 Jan 2021,8732,9,1,111276,154,7,111283,161,2.18192163528344,0.00315672100213539,22
-7.6926,53.28823,2021/01/19 00:00:00+00,Tue 19 Jan 2021,8400,21,0,119676,175,7,119683,182,2.34662012235137,0.00356846721980523,23
-7.6926,53.28823,2021/01/20 00:00:00+00,Wed 20 Jan 2021,8459,966,0,128135,1141,7,128142,1148,2.51247542022133,0.0225087932326176,24
-7.6926,53.28823,2021/01/21 00:00:00+00,Thu 21 Jan 2021,9025,967,0,137160,2108,7,137167,2115,2.68942825900562,0.0414687262081761,25
-7.6926,53.28823,2021/01/22 00:00:00+00,Fri 22 Jan 2021,6800,972,0,143960,3080,7,143967,3087,2.82275560567967,0.0605266939974656,26
-7.6926,53.28823,2021/01/23 00:00:00+00,Sat 23 Jan 2021,4201,461,0,148161,3541,7,148168,3548,2.90512445617638,0.0695655038234558,27
-7.6926,53.28823,2021/01/24 00:00:00+00,Sun 24 Jan 2021,1191,400,0,149352,3941,7,149359,3948,2.92847634880708,0.0774082889219288,28
-7.6926,53.28823,2021/01/25 00:00:00+00,Mon 25 Jan 2021,1378,1294,0,150730,5235,7,150737,5242,2.95549474347132,0.102779698715489,29
-7.6926,53.28823,2021/01/26 00:00:00+00,Tue 26 Jan 2021,1012,3508,0,151742,8743,7,151749,8750,2.97533698977046,0.171560924029098,30
-7.6926,53.28823,2021/01/27 00:00:00+00,Wed 27 Jan 2021,2195,6711,0,153937,15454,7,153944,15461,3.01837427299833,0.303143251018729,31
-7.6926,53.28823,2021/01/28 00:00:00+00,Thu 28 Jan 2021,1028,11545,0,154965,26999,7,154972,27006,3.03853023070141,0.529505635923406,32
-7.6926,53.28823,2021/01/29 00:00:00+00,Fri 29 Jan 2021,1597,11526,0,156562,38525,7,156569,38532,3.06984255020706,0.755495488535907,33
-7.6926,53.28823,2021/01/30 00:00:00+00,Sat 30 Jan 2021,657,7795,0,157219,46320,7,157226,46327,3.0827243247313,0.9083317631424,34
-7.6926,53.28823,2021/01/31 00:00:00+00,Sun 31 Jan 2021,241,4088,0,157460,50408,7,157467,50415,3.08744960275313,0.988485026848794,35
-7.6926,53.28823,2021/02/01 00:00:00+00,Mon 01 Feb 2021,1046,8337,1,158506,58745,8,158514,58753,3.10797809274838,1.15196788222646,36
-7.6926,53.28823,2021/02/02 00:00:00+00,Tue 02 Feb 2021,851,5113,1,159357,63858,9,159366,63867,3.12468322500813,1.25223788971044,37
-7.6926,53.28823,2021/02/03 00:00:00+00,Wed 03 Feb 2021,1415,6873,0,160772,70731,9,160781,70740,3.15242707729398,1.38699654466496,38
-7.6926,53.28823,2021/02/04 00:00:00+00,Thu 04 Feb 2021,1459,10542,1,162231,81273,10,162241,81283,3.18105324290341,1.59371275289796,39
-7.6926,53.28823,2021/02/05 00:00:00+00,Fri 05 Feb 2021,3410,8616,0,165641,89889,10,165651,89899,3.24791298586789,1.76264634391907,40
-7.6926,53.28823,2021/02/06 00:00:00+00,Sat 06 Feb 2021,916,3871,0,166557,93760,10,166567,93770,3.26587296374339,1.83854489670954,41
-7.6926,53.28823,2021/02/07 00:00:00+00,Sun 07 Feb 2021,341,1300,2,166898,95060,12,166910,95072,3.27259815196533,1.86407316220507,42
-7.6926,53.28823,2021/02/08 00:00:00+00,Mon 08 Feb 2021,1197,883,0,168095,95943,12,168107,95955,3.29606768637251,1.88138611030995,43
-7.6926,53.28823,2021/02/09 00:00:00+00,Tue 09 Feb 2021,4276,556,3,172371,96499,15,172386,96514,3.37996587996343,1.89234640248507,44
-7.6926,53.28823,2021/02/10 00:00:00+00,Wed 10 Feb 2021,8837,586,0,181208,97085,15,181223,97100,3.55323260975144,1.90383608265433,45
-7.6926,53.28823,2021/02/11 00:00:00+00,Thu 11 Feb 2021,6209,452,0,187417,97537,15,187432,97552,3.67497224144249,1.9126984298156,46
-7.6926,53.28823,2021/02/12 00:00:00+00,Fri 12 Feb 2021,4409,528,0,191826,98065,15,191841,98080,3.76141934019041,1.92305090614559,47
-7.6926,53.28823,2021/02/13 00:00:00+00,Sat 13 Feb 2021,1225,1919,0,193051,99984,15,193066,99999,3.78543786955448,1.96067666765551,48
-7.6926,53.28823,2021/02/14 00:00:00+00,Sun 14 Feb 2021,2712,29,0,195763,100013,15,195778,100028,3.83861195252213,1.96124526957515,49
-7.6926,53.28823,2021/02/15 00:00:00+00,Mon 15 Feb 2021,1977,7898,0,197740,107911,15,197755,107926,3.87737491787133,2.1161010613445,50
-7.6926,53.28823,2021/02/16 00:00:00+00,Tue 16 Feb 2021,5664,8171,0,203404,116082,15,203419,116097,3.98842875486571,2.27630955394356,51
-7.6926,53.28823,2021/02/17 00:00:00+00,Wed 17 Feb 2021,9763,8467,0,213167,124549,15,213182,124564,4.17985153215669,2.44232170751549,52
-7.6926,53.28823,2021/02/18 00:00:00+00,Thu 18 Feb 2021,8478,8362,1,221645,132911,16,221661,132927,4.34609896928158,2.60629473696181,53
-7.6926,53.28823,2021/02/19 00:00:00+00,Fri 19 Feb 2021,9405,6595,2,231050,139506,18,231068,139524,4.53054166783491,2.73564187019838,54
-7.6926,53.28823,2021/02/20 00:00:00+00,Sat 20 Feb 2021,5900,3581,2,236950,143087,20,236970,143107,4.64626196196288,2.80589361771795,55
-7.6926,53.28823,2021/02/21 00:00:00+00,Sun 21 Feb 2021,1121,1026,6,238071,144113,26,238097,144139,4.66835900897783,2.82612800327201,56
-7.6926,53.28823,2021/02/22 00:00:00+00,Mon 22 Feb 2021,3956,1131,2,242027,145244,28,242055,145272,4.74596336752722,2.84834269206343,57
-7.6926,53.28823,2021/02/23 00:00:00+00,Tue 23 Feb 2021,13380,1074,1,255407,146318,29,255436,146347,5.00832413603389,2.86942017701558,58
-7.6926,53.28823,2021/02/24 00:00:00+00,Wed 24 Feb 2021,16957,2113,6,272364,148431,35,272399,148466,5.34091704509739,2.91096733107474,59
-7.6926,53.28823,2021/02/25 00:00:00+00,Thu 25 Feb 2021,18111,1770,3,290475,150201,38,290513,150239,5.69607756828174,2.94573047602372,60
-7.6926,53.28823,2021/02/26 00:00:00+00,Fri 26 Feb 2021,16102,2783,1,306577,152984,39,306616,153023,6.01180848938352,3.0003162603091,61
-7.6926,53.28823,2021/02/27 00:00:00+00,Sat 27 Feb 2021,9012,707,1,315589,153691,40,315629,153731,6.18852604461486,3.01419798993339,62
-7.6926,53.28823,2021/02/28 00:00:00+00,Sun 28 Feb 2021,2455,61,2,318044,153752,42,318086,153794,6.23670035208223,3.0154332285864,63
-7.6926,53.28823,2021/03/01 00:00:00+00,Mon 01 Mar 2021,5637,810,0,323681,154562,42,323723,154604,6.34722480108246,3.03131486841081,64
-7.6926,53.28823,2021/03/02 00:00:00+00,Tue 02 Mar 2021,12214,1622,0,335895,156184,42,335937,156226,6.58670424406434,3.06311736198512,65
-7.6926,53.28823,2021/03/03 00:00:00+00,Wed 03 Mar 2021,12930,1515,1,348825,157699,43,348868,157742,6.84024187933522,3.09284151750833,66
-7.6926,53.28823,2021/03/04 00:00:00+00,Thu 04 Mar 2021,18746,1700,5,367571,159399,48,367619,159447,7.20789203778889,3.12627138899057,67
-7.6926,53.28823,2021/03/05 00:00:00+00,Fri 05 Mar 2021,18478,2408,6,386049,161807,54,386103,161861,7.57030713718933,3.17360259705986,68
-7.6926,53.28823,2021/03/06 00:00:00+00,Sat 06 Mar 2021,10417,151,5,396466,161958,59,396525,162017,7.77465090293004,3.17666128324826,69
-7.6926,53.28823,2021/03/07 00:00:00+00,Sun 07 Mar 2021,1540,18,5,398006,161976,64,398070,162040,7.8049436603729,3.17711224339142,70
-7.6926,53.28823,2021/03/08 00:00:00+00,Mon 08 Mar 2021,6686,1514,6,404692,163490,70,404762,163560,7.93615345507035,3.20691482676562,71
-7.6926,53.28823,2021/03/09 00:00:00+00,Tue 09 Mar 2021,13866,3116,7,418558,166606,77,418635,166683,8.20816084924814,3.26814737142195,72
-7.6926,53.28823,2021/03/10 00:00:00+00,Wed 10 Mar 2021,13767,4007,3,432325,170613,80,432405,170693,8.47814872626308,3.34677129203414,73
-7.6926,53.28823,2021/03/11 00:00:00+00,Thu 11 Mar 2021,18514,2109,4,450839,172722,84,450923,172806,8.84123046239688,3.38820080431683,74
-7.6926,53.28823,2021/03/12 00:00:00+00,Fri 12 Mar 2021,17365,1353,4,468204,174075,88,468292,174163,9.18178379833533,3.4148074527634,75
-7.6926,53.28823,2021/03/13 00:00:00+00,Sat 13 Mar 2021,8340,181,0,476544,174256,88,476632,174344,9.34530586763849,3.41835631302046,76
-7.6926,53.28823,2021/03/14 00:00:00+00,Sun 14 Mar 2021,400,23,3,476944,174279,91,477035,174370,9.3532074736252,3.41886609405186,77
-7.6926,53.28823,2021/03/15 00:00:00+00,Mon 15 Mar 2021,2681,1007,0,479625,175286,91,479716,175377,9.40577374074772,3.43861030553726,78
-7.6926,53.28823,2021/03/16 00:00:00+00,Tue 16 Mar 2021,8979,3834,2,488604,179120,93,488697,179213,9.58186387317119,3.51382261463162,79
-7.6926,53.28823,2021/03/17 00:00:00+00,Wed 17 Mar 2021,4914,2430,8,493518,181550,101,493619,181651,9.6783693438079,3.56162438980681,80
-7.6926,53.28823,2021/03/18 00:00:00+00,Thu 18 Mar 2021,11756,4693,8,505274,186243,109,505383,186352,9.90902565355399,3.65379672167662,81
-7.6926,53.28823,2021/03/19 00:00:00+00,Fri 19 Mar 2021,10400,6144,2,515674,192387,111,515785,192498,10.1129772800398,3.77430111471465,82
-7.6926,53.28823,2021/03/20 00:00:00+00,Sat 20 Mar 2021,5265,3131,4,520939,195518,115,521054,195633,10.2162863667494,3.83576894292394,83
-7.6926,53.28823,2021/03/21 00:00:00+00,Sun 21 Mar 2021,3661,59,3,524600,195577,118,524718,195695,10.2881262782514,3.8369845746142,84
-7.6926,53.28823,2021/03/22 00:00:00+00,Mon 22 Mar 2021,7436,2420,1,532036,197997,119,532155,198116,10.4339432601948,3.88445303142271,85
-7.6926,53.28823,2021/03/23 00:00:00+00,Tue 23 Mar 2021,12584,7412,6,544620,205409,125,544745,205534,10.6807949211692,4.02989748107389,86
-7.6926,53.28823,2021/03/24 00:00:00+00,Wed 24 Mar 2021,13651,9789,2,558271,215198,127,558398,215325,10.9484887835429,4.22186925332176,87
-7.6926,53.28823,2021/03/25 00:00:00+00,Thu 25 Mar 2021,20899,10236,3,579170,225434,130,579300,225564,11.3583135188636,4.42262494487993,88
-7.6926,53.28823,2021/03/26 00:00:00+00,Fri 26 Mar 2021,19722,9517,1,598892,234951,131,599023,235082,11.7450216451065,4.60924401629809,89
-7.6926,53.28823,2021/03/27 00:00:00+00,Sat 27 Mar 2021,11777,5365,3,610669,240316,134,610803,240450,11.9759916662566,4.7144941923196,90
-7.6926,53.28823,2021/03/28 00:00:00+00,Sun 28 Mar 2021,2505,490,0,613174,240806,134,613308,240940,12.0251071079357,4.72410160406523,91
-7.6926,53.28823,2021/03/28 23:00:00+00,Mon 29 Mar 2021,9298,3132,3,622472,243938,137,622609,244075,12.207471468438,4.78556943227451,92
-7.6926,53.28823,2021/03/29 23:00:00+00,Tue 30 Mar 2021,13355,8684,4,635827,252622,141,635968,252763,12.4694008837642,4.95591472461335,93
-7.6926,53.28823,2021/03/30 23:00:00+00,Wed 31 Mar 2021,15860,10518,4,651687,263140,145,651832,263285,12.7804457407697,5.16221918662868,94
-7.6926,53.28823,2021/03/31 23:00:00+00,Thu 01 Apr 2021,19736,11597,9,671423,274737,154,671577,274891,13.1675852201931,5.38977759626087,95
-7.6926,53.28823,2021/04/01 23:00:00+00,Fri 02 Apr 2021,20167,13731,9,691590,288468,163,691753,288631,13.56317530056,5.65917726439342,96
-7.6926,53.28823,2021/04/02 23:00:00+00,Sat 03 Apr 2021,7561,4644,7,699151,293112,170,699321,293282,13.7115607946231,5.75036924812592,97
-7.6926,53.28823,2021/04/03 23:00:00+00,Sun 04 Apr 2021,3051,175,3,702202,293287,173,702375,293460,13.77144045885,5.75385928749474,98
-7.6926,53.28823,2021/04/04 23:00:00+00,Mon 05 Apr 2021,3456,618,6,705658,293905,179,705837,294084,13.8393197638773,5.76609403224836,99
-7.6926,53.28823,2021/04/05 23:00:00+00,Tue 06 Apr 2021,12019,8162,13,717677,302067,192,717869,302259,14.0752307396393,5.9263809526984,100
-7.6926,53.28823,2021/04/06 23:00:00+00,Wed 07 Apr 2021,18387,10500,12,736064,312567,204,736268,312771,14.4359792472064,6.13248934508627,101
-7.6926,53.28823,2021/04/07 23:00:00+00,Thu 08 Apr 2021,20208,10585,18,756272,323152,222,756494,323374,14.8325496757106,6.34038197108404,102
-7.6926,53.28823,2021/04/08 23:00:00+00,Fri 09 Apr 2021,20690,9174,16,776962,332326,238,777200,332564,15.2385314463331,6.52056995872146,103
-7.6926,53.28823,2021/04/09 23:00:00+00,Sat 10 Apr 2021,11195,4191,12,788157,336517,250,788407,336767,15.4582666778296,6.60297802314367,104
-7.6926,53.28823,2021/04/10 23:00:00+00,Sun 11 Apr 2021,2878,371,9,791035,336888,259,791294,337147,15.5148719792778,6.61042866898722,105
-7.6926,53.28823,2021/04/11 23:00:00+00,Mon 12 Apr 2021,7798,2811,14,798833,339699,273,799106,339972,15.668041572251,6.66581833874518,106
-7.6926,53.28823,2021/04/12 23:00:00+00,Tue 13 Apr 2021,11536,8599,1,810369,348298,274,810643,348572,15.8942471014537,6.83443821836235,107
-7.6926,53.28823,2021/04/13 23:00:00+00,Wed 14 Apr 2021,20362,6603,2,830731,354901,276,831007,355177,16.2935232908169,6.96394220730089,108
-7.6926,53.28823,2021/04/14 23:00:00+00,Thu 15 Apr 2021,27124,10826,1,857855,365727,277,858132,366004,16.8253621553071,7.17622679295381,109
-7.6926,53.28823,2021/04/15 23:00:00+00,Fri 16 Apr 2021,27982,9853,1,885837,375580,278,886115,375858,17.3740237938336,7.36943380385469,110
-7.6926,53.28823,2021/04/16 23:00:00+00,Sat 17 Apr 2021,15863,4569,3,901700,380149,281,901981,380430,17.6851078647645,7.45907683753024,111
-7.6926,53.28823,2021/04/17 23:00:00+00,Sun 18 Apr 2021,1081,490,0,902781,380639,281,903062,380920,17.7063029914931,7.46868424927587,112
-7.6926,53.28823,2021/04/18 23:00:00+00,Mon 19 Apr 2021,6774,2271,0,909555,382910,281,909836,383191,17.8391205571358,7.51321166167245,113
-7.6926,53.28823,2022/11/07 00:00:00+00,Mon 07 Nov 2022,17,3,0,3863126,3817160,241211,4104337,4058371,80.4735826567787,79.5723290071877,114
-7.6926,53.28823,2022/11/08 00:00:00+00,Tue 08 Nov 2022,17,32,0,3863143,3817192,241211,4104354,4058403,80.4739159751454,79.5729564299956,115
-7.6926,53.28823,2022/11/09 00:00:00+00,Wed 09 Nov 2022,36,32,0,3863179,3817224,241211,4104390,4058435,80.4746218258043,79.5735838528035,116
-7.6926,53.28823,2022/11/10 00:00:00+00,Thu 10 Nov 2022,25,15,0,3863204,3817239,241211,4104415,4058450,80.475111999873,79.5738779572447,117
-7.6926,53.28823,2022/11/11 00:00:00+00,Fri 11 Nov 2022,25,15,0,3863229,3817254,241211,4104440,4058465,80.4756021739416,79.5741720616859,118
-7.6926,53.28823,2022/11/12 00:00:00+00,Sat 12 Nov 2022,70,87,0,3863299,3817341,241211,4104510,4058552,80.4769746613338,79.5758778674448,119
-7.6926,53.28823,2022/11/13 00:00:00+00,Sun 13 Nov 2022,40,62,1,3863339,3817403,241212,4104551,4058615,80.4777785468064,79.5771131060978,120
-7.6926,53.28823,2022/11/14 00:00:00+00,Mon 14 Nov 2022,4,2,0,3863343,3817405,241212,4104555,4058617,80.4778569746574,79.5771523200233,121
-7.6926,53.28823,2022/11/15 00:00:00+00,Tue 15 Nov 2022,18,8,0,3863361,3817413,241212,4104573,4058625,80.4782098999868,79.5773091757252,122
-7.6926,53.28823,2022/11/16 00:00:00+00,Wed 16 Nov 2022,28,20,0,3863389,3817433,241212,4104601,4058645,80.4787588949437,79.5777013149802,123
-7.6926,53.28823,2022/11/17 00:00:00+00,Thu 17 Nov 2022,29,9,1,3863418,3817442,241213,4104631,4058655,80.4793471038261,79.5778973846076,124
-7.6926,53.28823,2022/11/18 00:00:00+00,Fri 18 Nov 2022,16,22,0,3863434,3817464,241213,4104647,4058677,80.4796608152301,79.5783287377881,125
-7.6926,53.28823,2022/11/19 00:00:00+00,Sat 19 Nov 2022,52,57,0,3863486,3817521,241213,4104699,4058734,80.4806803772929,79.5794463346646,126
-7.6926,53.28823,2022/11/20 00:00:00+00,Sun 20 Nov 2022,39,56,0,3863525,3817577,241213,4104738,4058790,80.48144504884,79.5805443245784,127
-7.6926,53.28823,2022/11/21 00:00:00+00,Mon 21 Nov 2022,6,3,0,3863531,3817580,241213,4104744,4058793,80.4815626906164,79.5806031454666,128
-7.6926,53.28823,2022/11/22 00:00:00+00,Tue 22 Nov 2022,34,22,0,3863565,3817602,241213,4104778,4058815,80.4822293273498,79.581034498647,129
-7.6926,53.28823,2022/11/23 00:00:00+00,Wed 23 Nov 2022,13,16,0,3863578,3817618,241213,4104791,4058831,80.4824842178655,79.581348210051,130
-7.6926,53.28823,2022/11/24 00:00:00+00,Thu 24 Nov 2022,16,18,0,3863594,3817636,241213,4104807,4058849,80.4827979292695,79.5817011353804,131
-7.6926,53.28823,2022/11/25 00:00:00+00,Fri 25 Nov 2022,6,11,0,3863600,3817647,241213,4104813,4058860,80.4829155710459,79.5819168119706,132
-7.6926,53.28823,2022/11/26 00:00:00+00,Sat 26 Nov 2022,64,63,0,3863664,3817710,241213,4104877,4058923,80.4841704166617,79.5831520506236,133
-7.6926,53.28823,2022/11/27 00:00:00+00,Sun 27 Nov 2022,36,42,0,3863700,3817752,241213,4104913,4058965,80.4848762673205,79.583975543059,134
-7.6926,53.28823,2022/11/28 00:00:00+00,Mon 28 Nov 2022,4,1,0,3863704,3817753,241213,4104917,4058966,80.4849546951715,79.5839951500217,135
-7.6926,53.28823,2022/11/29 00:00:00+00,Tue 29 Nov 2022,26,18,0,3863730,3817771,241213,4104943,4058984,80.4854644762029,79.5843480753511,136
-7.6926,53.28823,2022/11/30 00:00:00+00,Wed 30 Nov 2022,29,13,0,3863759,3817784,241213,4104972,4058997,80.4860330781226,79.5846029658668,137
-7.6926,53.28823,2022/12/01 00:00:00+00,Thu 01 Dec 2022,16,11,0,3863775,3817795,241213,4104988,4059008,80.4863467895265,79.584818642457,138
-7.6926,53.28823,2022/12/02 00:00:00+00,Fri 02 Dec 2022,8,18,0,3863783,3817813,241213,4104996,4059026,80.4865036452285,79.5851715677865,139
-7.6926,53.28823,2022/12/03 00:00:00+00,Sat 03 Dec 2022,40,71,0,3863823,3817884,241213,4105036,4059097,80.4872879237383,79.5865636621414,140
-7.6926,53.28823,2022/12/04 00:00:00+00,Sun 04 Dec 2022,41,47,0,3863864,3817931,241213,4105077,4059144,80.4880918092109,79.5874851893905,141
-7.6926,53.28823,2022/12/05 00:00:00+00,Mon 05 Dec 2022,12,5,0,3863876,3817936,241213,4105089,4059149,80.4883270927639,79.5875832242043,142
-7.6926,53.28823,2022/12/06 00:00:00+00,Tue 06 Dec 2022,25,30,0,3863901,3817966,241213,4105114,4059179,80.4888172668325,79.5881714330866,143
-7.6926,53.28823,2022/12/07 00:00:00+00,Wed 07 Dec 2022,19,23,0,3863920,3817989,241213,4105133,4059202,80.4891897991247,79.5886223932298,144
-7.6926,53.28823,2022/12/08 00:00:00+00,Thu 08 Dec 2022,12,13,1,3863932,3818002,241214,4105146,4059216,80.4894446896404,79.5888968907082,145
-7.6926,53.28823,2022/12/09 00:00:00+00,Fri 09 Dec 2022,13,17,0,3863945,3818019,241214,4105159,4059233,80.4896995801561,79.5892302090749,146
-7.6926,53.28823,2022/12/10 00:00:00+00,Sat 10 Dec 2022,45,44,0,3863990,3818063,241214,4105204,4059277,80.4905818934797,79.5900929154358,147
-7.6926,53.28823,2022/12/11 00:00:00+00,Sun 11 Dec 2022,28,42,0,3864018,3818105,241214,4105232,4059319,80.4911308884366,79.5909164078711,148
-7.6926,53.28823,2022/12/12 00:00:00+00,Mon 12 Dec 2022,4,2,0,3864022,3818107,241214,4105236,4059321,80.4912093162876,79.5909556217966,149
-7.6926,53.28823,2022/12/13 00:00:00+00,Tue 13 Dec 2022,20,15,0,3864042,3818122,241214,4105256,4059336,80.4916014555425,79.5912497262378,150
-7.6926,53.28823,2022/12/14 00:00:00+00,Wed 14 Dec 2022,14,20,0,3864056,3818142,241214,4105270,4059356,80.4918759530209,79.5916418654927,151
-7.6926,53.28823,2022/12/15 00:00:00+00,Thu 15 Dec 2022,13,9,0,3864069,3818151,241214,4105283,4059365,80.4921308435366,79.5918183281574,152
-7.6926,53.28823,2022/12/16 00:00:00+00,Fri 16 Dec 2022,11,4,0,3864080,3818155,241214,4105294,4059369,80.4923465201268,79.5918967560084,153
-7.6926,53.28823,2022/12/17 00:00:00+00,Sat 17 Dec 2022,19,43,0,3864099,3818198,241214,4105313,4059412,80.492719052419,79.5927398554065,154
-7.6926,53.28823,2022/12/18 00:00:00+00,Sun 18 Dec 2022,29,35,0,3864128,3818233,241214,4105342,4059447,80.4932876543387,79.5934260991026,155
-7.6926,53.28823,2022/12/19 00:00:00+00,Mon 19 Dec 2022,4,1,0,3864132,3818234,241214,4105346,4059448,80.4933660821896,79.5934457060654,156
-7.6926,53.28823,2022/12/20 00:00:00+00,Tue 20 Dec 2022,17,18,0,3864149,3818252,241214,4105363,4059466,80.4936994005563,79.5937986313948,157
-7.6926,53.28823,2022/12/21 00:00:00+00,Wed 21 Dec 2022,16,28,0,3864165,3818280,241214,4105379,4059494,80.4940131119603,79.5943476263517,158
-7.6926,53.28823,2022/12/22 00:00:00+00,Thu 22 Dec 2022,6,15,0,3864171,3818295,241214,4105385,4059509,80.4941307537368,79.5946417307929,159
-7.6926,53.28823,2022/12/23 00:00:00+00,Fri 23 Dec 2022,19,6,0,3864190,3818301,241214,4105404,4059515,80.4945032860289,79.5947593725693,160
-7.6926,53.28823,2022/12/28 00:00:00+00,Wed 28 Dec 2022,19,24,0,3864209,3818325,241214,4105423,4059539,80.4948758183211,79.5952299396753,161
-7.6926,53.28823,2022/12/29 00:00:00+00,Thu 29 Dec 2022,15,12,0,3864224,3818337,241214,4105438,4059551,80.4951699227623,79.5954652232282,162
-7.6926,53.28823,2022/12/30 00:00:00+00,Fri 30 Dec 2022,66,31,0,3864290,3818368,241214,4105504,4059582,80.4964639823035,79.5960730390733,163
-7.6926,53.28823,2022/12/31 00:00:00+00,Sat 31 Dec 2022,34,26,0,3864324,3818394,241214,4105538,4059608,80.4971306190369,79.5965828201047,164
-7.6926,53.28823,2023/01/03 00:00:00+00,Tue 03 Jan 2023,8,14,0,3864332,3818408,241214,4105546,4059622,80.4972874747389,79.5968573175832,165
-7.6926,53.28823,2023/01/04 00:00:00+00,Wed 04 Jan 2023,52,28,0,3864384,3818436,241214,4105598,4059650,80.4983070368017,79.5974063125401,166
-7.6926,53.28823,2023/01/05 00:00:00+00,Thu 05 Jan 2023,24,16,0,3864408,3818452,241214,4105622,4059666,80.4987776039076,79.597720023944,167
-7.6926,53.28823,2023/01/06 00:00:00+00,Fri 06 Jan 2023,34,21,0,3864442,3818473,241214,4105656,4059687,80.499444240641,79.5981317701617,168
-7.6926,53.28823,2023/01/07 00:00:00+00,Sat 07 Jan 2023,136,74,0,3864578,3818547,241214,4105792,4059761,80.5021107875744,79.5995826854049,169
-7.6926,53.28823,2023/01/08 00:00:00+00,Sun 08 Jan 2023,51,45,0,3864629,3818592,241214,4105843,4059806,80.5031107426745,79.6004649987285,170
-7.6926,53.28823,2023/01/09 00:00:00+00,Mon 09 Jan 2023,1,1,0,3864630,3818593,241214,4105844,4059807,80.5031303496372,79.6004846056912,171
-7.6926,53.28823,2023/01/10 00:00:00+00,Tue 10 Jan 2023,42,14,0,3864672,3818607,241214,4105886,4059821,80.5039538420726,79.6007591031697,172
-7.6926,53.28823,2023/01/11 00:00:00+00,Wed 11 Jan 2023,59,31,0,3864731,3818638,241214,4105945,4059852,80.5051106528746,79.6013669190148,173
-7.6926,53.28823,2023/01/12 00:00:00+00,Thu 12 Jan 2023,14,12,0,3864745,3818650,241214,4105959,4059864,80.505385150353,79.6016022025678,174
-7.6926,53.28823,2023/01/13 00:00:00+00,Fri 13 Jan 2023,27,12,0,3864772,3818662,241214,4105986,4059876,80.5059145383472,79.6018374861207,175
-7.6926,53.28823,2023/01/14 00:00:00+00,Sat 14 Jan 2023,72,40,0,3864844,3818702,241214,4106058,4059916,80.5073262396649,79.6026217646306,176
-7.6926,53.28823,2023/01/15 00:00:00+00,Sun 15 Jan 2023,60,30,0,3864904,3818732,241214,4106118,4059946,80.5085026574297,79.603209973513,177
-7.6926,53.28823,2023/01/16 00:00:00+00,Mon 16 Jan 2023,6,2,0,3864910,3818734,241214,4106124,4059948,80.5086202992062,79.6032491874385,178
-7.6926,53.28823,2023/01/17 00:00:00+00,Tue 17 Jan 2023,14,19,0,3864924,3818753,241214,4106138,4059967,80.5088947966846,79.6036217197306,179
-7.6926,53.28823,2023/01/18 00:00:00+00,Wed 18 Jan 2023,34,14,0,3864958,3818767,241214,4106172,4059981,80.509561433418,79.6038962172091,180
-7.6926,53.28823,2023/01/19 00:00:00+00,Thu 19 Jan 2023,15,7,0,3864973,3818774,241214,4106187,4059988,80.5098555378592,79.6040334659483,181
-7.6926,53.28823,2023/01/20 00:00:00+00,Fri 20 Jan 2023,16,8,0,3864989,3818782,241214,4106203,4059996,80.5101692492631,79.6041903216503,182
-7.6926,53.28823,2023/01/21 00:00:00+00,Sat 21 Jan 2023,74,26,0,3865063,3818808,241214,4106277,4060022,80.5116201645063,79.6047001026817,183
-7.6926,53.28823,2023/01/22 00:00:00+00,Sun 22 Jan 2023,21,13,0,3865084,3818821,241214,4106298,4060035,80.512031910724,79.6049549931974,184
-7.6926,53.28823,2023/01/23 00:00:00+00,Mon 23 Jan 2023,4,1,0,3865088,3818822,241214,4106302,4060036,80.512110338575,79.6049746001601,185
-7.6926,53.28823,2023/01/24 00:00:00+00,Tue 24 Jan 2023,16,13,0,3865104,3818835,241214,4106318,4060049,80.5124240499789,79.6052294906758,186
-7.6926,53.28823,2023/01/25 00:00:00+00,Wed 25 Jan 2023,24,17,0,3865128,3818852,241214,4106342,4060066,80.5128946170848,79.6055628090425,187
-7.6926,53.28823,2023/01/26 00:00:00+00,Thu 26 Jan 2023,12,12,0,3865140,3818864,241214,4106354,4060078,80.5131299006378,79.6057980925954,188
-7.6926,53.28823,2023/01/27 00:00:00+00,Fri 27 Jan 2023,12,8,0,3865152,3818872,241214,4106366,4060086,80.5133651841907,79.6059549482974,189
-7.6926,53.28823,2023/01/28 00:00:00+00,Sat 28 Jan 2023,24,57,0,3865176,3818929,241214,4106390,4060143,80.5138357512967,79.6070725451739,190
-7.6926,53.28823,2023/01/29 00:00:00+00,Sun 29 Jan 2023,28,28,0,3865204,3818957,241214,4106418,4060171,80.5143847462536,79.6076215401309,191
-7.6926,53.28823,2023/01/30 00:00:00+00,Mon 30 Jan 2023,4,2,0,3865208,3818959,241214,4106422,4060173,80.5144631741045,79.6076607540563,192
-7.6926,53.28823,2023/01/31 00:00:00+00,Tue 31 Jan 2023,23,15,0,3865231,3818974,241214,4106445,4060188,80.5149141342477,79.6079548584975,193
-7.6926,53.28823,2023/02/01 00:00:00+00,Wed 01 Feb 2023,14,37,0,3865245,3819011,241214,4106459,4060225,80.5151886317261,79.6086803161191,194
-7.6926,53.28823,2023/02/02 00:00:00+00,Thu 02 Feb 2023,13,12,0,3865258,3819023,241214,4106472,4060237,80.5154435222419,79.6089155996721,195
-7.6926,53.28823,2023/02/03 00:00:00+00,Fri 03 Feb 2023,14,10,0,3865272,3819033,241214,4106486,4060247,80.5157180197203,79.6091116692996,196
-7.6926,53.28823,2023/02/04 00:00:00+00,Sat 04 Feb 2023,38,44,0,3865310,3819077,241214,4106524,4060291,80.5164630843046,79.6099743756604,197
-7.6926,53.28823,2023/02/05 00:00:00+00,Sun 05 Feb 2023,29,22,0,3865339,3819099,241214,4106553,4060313,80.5170316862243,79.6104057288408,198
-7.6926,53.28823,2023/02/06 00:00:00+00,Mon 06 Feb 2023,12,7,0,3865351,3819106,241214,4106565,4060320,80.5172669697772,79.61054297758,199
-7.6926,53.28823,2023/02/07 00:00:00+00,Tue 07 Feb 2023,20,13,0,3865371,3819119,241214,4106585,4060333,80.5176591090322,79.6107978680957,200
-7.6926,53.28823,2023/02/08 00:00:00+00,Wed 08 Feb 2023,23,30,0,3865394,3819149,241214,4106608,4060363,80.5181100691753,79.6113860769781,201
-7.6926,53.28823,2023/02/09 00:00:00+00,Thu 09 Feb 2023,6,15,0,3865400,3819164,241214,4106614,4060378,80.5182277109518,79.6116801814193,202
-7.6926,53.28823,2023/02/10 00:00:00+00,Fri 10 Feb 2023,5,14,0,3865405,3819178,241214,4106619,4060392,80.5183257457655,79.6119546788978,203
-7.6926,53.28823,2023/02/11 00:00:00+00,Sat 11 Feb 2023,34,47,0,3865439,3819225,241214,4106653,4060439,80.5189923824989,79.6128762061468,204
-7.6926,53.28823,2023/02/12 00:00:00+00,Sun 12 Feb 2023,17,36,0,3865456,3819261,241214,4106670,4060475,80.5193257008656,79.6135820568057,205
-7.6926,53.28823,2023/02/13 00:00:00+00,Mon 13 Feb 2023,1,1,0,3865457,3819262,241214,4106671,4060476,80.5193453078283,79.6136016637684,206
-7.6926,53.28823,2023/02/14 00:00:00+00,Tue 14 Feb 2023,12,22,0,3865469,3819284,241214,4106683,4060498,80.5195805913813,79.6140330169489,207
-7.6926,53.28823,2023/02/15 00:00:00+00,Wed 15 Feb 2023,15,12,0,3865484,3819296,241214,4106698,4060510,80.5198746958225,79.6142683005018,208
-7.6926,53.28823,2023/02/16 00:00:00+00,Thu 16 Feb 2023,13,11,0,3865497,3819307,241214,4106711,4060521,80.5201295863382,79.614483977092,209
-7.6926,53.28823,2023/02/17 00:00:00+00,Fri 17 Feb 2023,4,12,0,3865501,3819319,241214,4106715,4060533,80.5202080141892,79.614719260645,210
-7.6926,53.28823,2023/02/18 00:00:00+00,Sat 18 Feb 2023,21,43,0,3865522,3819362,241214,4106736,4060576,80.5206197604068,79.615562360043,211
-7.6926,53.28823,2023/02/19 00:00:00+00,Sun 19 Feb 2023,22,31,0,3865544,3819393,241214,4106758,4060607,80.5210511135872,79.6161701758882,212
-7.6926,53.28823,2023/02/20 00:00:00+00,Mon 20 Feb 2023,3,0,0,3865547,3819393,241214,4106761,4060607,80.5211099344755,79.6161701758882,213
-7.6926,53.28823,2023/02/21 00:00:00+00,Tue 21 Feb 2023,52,16,0,3865599,3819409,241214,4106813,4060623,80.5221294965383,79.6164838872921,214
-7.6926,53.28823,2023/02/22 00:00:00+00,Wed 22 Feb 2023,21,16,0,3865620,3819425,241214,4106834,4060639,80.522541242756,79.6167975986961,215
-7.6926,53.28823,2023/02/23 00:00:00+00,Thu 23 Feb 2023,21,10,0,3865641,3819435,241214,4106855,4060649,80.5229529889736,79.6169936683235,216
-7.6926,53.28823,2023/02/24 00:00:00+00,Fri 24 Feb 2023,13,12,0,3865654,3819447,241214,4106868,4060661,80.5232078794893,79.6172289518765,217
-7.6926,53.28823,2023/02/25 00:00:00+00,Sat 25 Feb 2023,49,19,0,3865703,3819466,241214,4106917,4060680,80.5241686206639,79.6176014841687,218
-7.6926,53.28823,2023/02/26 00:00:00+00,Sun 26 Feb 2023,78,41,0,3865781,3819507,241214,4106995,4060721,80.5256979637581,79.6184053696412,219
-7.6926,53.28823,2023/02/27 00:00:00+00,Mon 27 Feb 2023,1,2,0,3865782,3819509,241214,4106996,4060723,80.5257175707208,79.6184445835667,220
-7.6926,53.28823,2023/02/28 00:00:00+00,Tue 28 Feb 2023,32,11,0,3865814,3819520,241214,4107028,4060734,80.5263449935287,79.6186602601569,221
-7.6926,53.28823,2023/03/01 00:00:00+00,Wed 01 Mar 2023,20,18,0,3865834,3819538,241214,4107048,4060752,80.5267371327836,79.6190131854864,222
-7.6926,53.28823,2023/03/02 00:00:00+00,Thu 02 Mar 2023,20,14,0,3865854,3819552,241214,4107068,4060766,80.5271292720386,79.6192876829648,223
-7.6926,53.28823,2023/03/03 00:00:00+00,Fri 03 Mar 2023,10,12,0,3865864,3819564,241214,4107078,4060778,80.527325341666,79.6195229665178,224
-7.6926,53.28823,2023/03/04 00:00:00+00,Sat 04 Mar 2023,37,24,0,3865901,3819588,241214,4107115,4060802,80.5280507992876,79.6199935336237,225
-7.6926,53.28823,2023/03/05 00:00:00+00,Sun 05 Mar 2023,27,18,0,3865928,3819606,241214,4107142,4060820,80.5285801872818,79.6203464589531,226
-7.6926,53.28823,2022/07/15 23:00:00+00,Sat 16 Jul 2022,124,209,0,3857678,3811315,241203,4098881,4052518,80.3666070680356,79.4575694542343,227
-7.6926,53.28823,2022/07/16 23:00:00+00,Sun 17 Jul 2022,119,165,0,3857797,3811480,241203,4099000,4052683,80.3689402966024,79.4608046030874,228
-7.6926,53.28823,2022/07/17 23:00:00+00,Mon 18 Jul 2022,14,18,0,3857811,3811498,241203,4099014,4052701,80.3692147940808,79.4611575284169,229
-7.6926,53.28823,2022/07/18 23:00:00+00,Tue 19 Jul 2022,30,34,0,3857841,3811532,241203,4099044,4052735,80.3698030029632,79.4618241651502,230
-7.6926,53.28823,2022/07/19 23:00:00+00,Wed 20 Jul 2022,78,66,0,3857919,3811598,241203,4099122,4052801,80.3713323460574,79.4631182246915,231
-7.6926,53.28823,2022/07/20 23:00:00+00,Thu 21 Jul 2022,52,30,0,3857971,3811628,241203,4099174,4052831,80.3723519081202,79.4637064335739,232
-7.6926,53.28823,2022/07/21 23:00:00+00,Fri 22 Jul 2022,75,70,0,3858046,3811698,241203,4099249,4052901,80.3738224303262,79.4650789209661,233
-7.6926,53.28823,2022/07/22 23:00:00+00,Sat 23 Jul 2022,100,175,0,3858146,3811873,241203,4099349,4053076,80.3757831266008,79.4685101394467,234
-7.6926,53.28823,2022/07/23 23:00:00+00,Sun 24 Jul 2022,108,230,0,3858254,3812103,241203,4099457,4053306,80.3779006785774,79.4730197408783,235
-7.6926,53.28823,2022/07/24 23:00:00+00,Mon 25 Jul 2022,14,23,0,3858268,3812126,241203,4099471,4053329,80.3781751760558,79.4734707010215,236
-7.6926,53.28823,2022/07/25 23:00:00+00,Tue 26 Jul 2022,18,16,0,3858286,3812142,241203,4099489,4053345,80.3785281013852,79.4737844124254,237
-7.6926,53.28823,2022/07/26 23:00:00+00,Wed 27 Jul 2022,61,72,1,3858347,3812214,241204,4099551,4053418,80.3797437330755,79.4752157207059,238
-7.6926,53.28823,2022/07/27 23:00:00+00,Thu 28 Jul 2022,49,73,0,3858396,3812287,241204,4099600,4053491,80.3807044742501,79.4766470289863,239
-7.6926,53.28823,2022/07/28 23:00:00+00,Fri 29 Jul 2022,71,105,0,3858467,3812392,241204,4099671,4053596,80.382096568605,79.4787057600747,240
-7.6926,53.28823,2022/07/29 23:00:00+00,Sat 30 Jul 2022,100,119,0,3858567,3812511,241204,4099771,4053715,80.3840572648797,79.4810389886415,241
-7.6926,53.28823,2022/07/30 23:00:00+00,Sun 31 Jul 2022,32,57,0,3858599,3812568,241204,4099803,4053772,80.3846846876876,79.482156585518,242
-7.6926,53.28823,2022/07/31 23:00:00+00,Mon 01 Aug 2022,10,15,0,3858609,3812583,241204,4099813,4053787,80.384880757315,79.4824506899592,243
-7.6926,53.28823,2022/08/01 23:00:00+00,Tue 02 Aug 2022,36,30,0,3858645,3812613,241204,4099849,4053817,80.3855866079739,79.4830388988416,244
-7.6926,53.28823,2022/08/02 23:00:00+00,Wed 03 Aug 2022,93,139,0,3858738,3812752,241204,4099942,4053956,80.3874100555093,79.4857642666633,245
-7.6926,53.28823,2022/08/03 23:00:00+00,Thu 04 Aug 2022,46,53,0,3858784,3812805,241204,4099988,4054009,80.3883119757956,79.4868034356889,246
-7.6926,53.28823,2022/08/04 23:00:00+00,Fri 05 Aug 2022,96,91,0,3858880,3812896,241204,4100084,4054100,80.3901942442192,79.4885876692988,247
-7.6926,53.28823,2022/08/05 23:00:00+00,Sat 06 Aug 2022,74,130,0,3858954,3813026,241204,4100158,4054230,80.3916451594624,79.4911365744558,248
-7.6926,53.28823,2022/08/06 23:00:00+00,Sun 07 Aug 2022,28,80,0,3858982,3813106,241204,4100186,4054310,80.3921941544193,79.4927051314755,249
-7.6926,53.28823,2022/08/07 23:00:00+00,Mon 08 Aug 2022,11,16,0,3858993,3813122,241204,4100197,4054326,80.3924098310095,79.4930188428794,250
-7.6926,53.28823,2022/08/08 23:00:00+00,Tue 09 Aug 2022,48,41,0,3859041,3813163,241204,4100245,4054367,80.3933509652214,79.493822728352,251
-7.6926,53.28823,2022/08/09 23:00:00+00,Wed 10 Aug 2022,55,94,1,3859096,3813257,241205,4100301,4054462,80.3944489551352,79.4956853898129,252
-7.6926,53.28823,2022/08/10 23:00:00+00,Thu 11 Aug 2022,45,42,0,3859141,3813299,241205,4100346,4054504,80.3953312684587,79.4965088822482,253
-7.6926,53.28823,2022/08/11 23:00:00+00,Fri 12 Aug 2022,69,75,0,3859210,3813374,241205,4100415,4054579,80.3966841488882,79.4979794044542,254
-7.6926,53.28823,2022/08/12 23:00:00+00,Sat 13 Aug 2022,103,151,0,3859313,3813525,241205,4100518,4054730,80.3987036660511,79.5009400558289,255
-7.6926,53.28823,2022/08/13 23:00:00+00,Sun 14 Aug 2022,17,26,0,3859330,3813551,241205,4100535,4054756,80.3990369844178,79.5014498368603,256
-7.6926,53.28823,2022/08/14 23:00:00+00,Mon 15 Aug 2022,7,11,0,3859337,3813562,241205,4100542,4054767,80.399174233157,79.5016655134505,257
-7.6926,53.28823,2022/08/15 23:00:00+00,Tue 16 Aug 2022,41,28,0,3859378,3813590,241205,4100583,4054795,80.3999781186296,79.5022145084074,258
-7.6926,53.28823,2022/08/16 23:00:00+00,Wed 17 Aug 2022,51,58,0,3859429,3813648,241205,4100634,4054853,80.4009780737296,79.5033517122467,259
-7.6926,53.28823,2022/08/17 23:00:00+00,Thu 18 Aug 2022,55,40,0,3859484,3813688,241205,4100689,4054893,80.4020564566807,79.5041359907565,260
-7.6926,53.28823,2022/08/18 23:00:00+00,Fri 19 Aug 2022,74,56,0,3859558,3813744,241205,4100763,4054949,80.4035073719239,79.5052339806703,261
-7.6926,53.28823,2022/08/19 23:00:00+00,Sat 20 Aug 2022,109,127,0,3859667,3813871,241205,4100872,4055076,80.4056445308632,79.507724064939,262
-7.6926,53.28823,2022/08/20 23:00:00+00,Sun 21 Aug 2022,39,36,0,3859706,3813907,241205,4100911,4055112,80.4064092024103,79.5084299155979,263
-7.6926,53.28823,2022/08/21 23:00:00+00,Mon 22 Aug 2022,12,13,0,3859718,3813920,241205,4100923,4055125,80.4066444859633,79.5086848061136,264
-7.6926,53.28823,2022/08/22 23:00:00+00,Tue 23 Aug 2022,78,72,0,3859796,3813992,241205,4101001,4055197,80.4081738290575,79.5100965074313,265
-7.6926,53.28823,2022/08/23 23:00:00+00,Wed 24 Aug 2022,53,56,0,3859849,3814048,241205,4101054,4055253,80.409212998083,79.5111944973451,266
-7.6926,53.28823,2022/08/24 23:00:00+00,Thu 25 Aug 2022,40,49,0,3859889,3814097,241205,4101094,4055302,80.4099972765929,79.5121552385197,267
-7.6926,53.28823,2022/08/25 23:00:00+00,Fri 26 Aug 2022,99,90,0,3859988,3814187,241205,4101193,4055392,80.4119383659047,79.5139198651668,268
-7.6926,53.28823,2022/08/26 23:00:00+00,Sat 27 Aug 2022,86,119,0,3860074,3814306,241205,4101279,4055511,80.4136245647009,79.5162530937336,269
-7.6926,53.28823,2022/08/27 23:00:00+00,Sun 28 Aug 2022,44,21,0,3860118,3814327,241205,4101323,4055532,80.4144872710617,79.5166648399513,270
-7.6926,53.28823,2022/08/28 23:00:00+00,Mon 29 Aug 2022,13,12,0,3860131,3814339,241205,4101336,4055544,80.4147421615775,79.5169001235043,271
-7.6926,53.28823,2022/08/29 23:00:00+00,Tue 30 Aug 2022,42,44,1,3860173,3814383,241206,4101379,4055589,80.4155852609755,79.5177824368278,272
-7.6926,53.28823,2022/08/30 23:00:00+00,Wed 31 Aug 2022,28,29,0,3860201,3814412,241206,4101407,4055618,80.4161342559324,79.5183510387475,273
-7.6926,53.28823,2022/08/31 23:00:00+00,Thu 01 Sep 2022,34,31,0,3860235,3814443,241206,4101441,4055649,80.4168008926658,79.5189588545926,274
-7.6926,53.28823,2022/09/01 23:00:00+00,Fri 02 Sep 2022,48,51,0,3860283,3814494,241206,4101489,4055700,80.4177420268776,79.5199588096927,275
-7.6926,53.28823,2022/09/02 23:00:00+00,Sat 03 Sep 2022,73,101,0,3860356,3814595,241206,4101562,4055801,80.4191733351581,79.52193911293,276
-7.6926,53.28823,2022/09/03 23:00:00+00,Sun 04 Sep 2022,58,82,0,3860414,3814677,241206,4101620,4055883,80.4203105389974,79.5235468838752,277
-7.6926,53.28823,2022/09/04 23:00:00+00,Mon 05 Sep 2022,9,5,0,3860423,3814682,241206,4101629,4055888,80.4204870016621,79.5236449186889,278
-7.6926,53.28823,2022/09/05 23:00:00+00,Tue 06 Sep 2022,42,22,0,3860465,3814704,241206,4101671,4055910,80.4213104940974,79.5240762718694,279
-7.6926,53.28823,2022/09/06 23:00:00+00,Wed 07 Sep 2022,48,42,0,3860513,3814746,241206,4101719,4055952,80.4222516283092,79.5248997643047,280
-7.6926,53.28823,2022/09/07 23:00:00+00,Thu 08 Sep 2022,39,52,2,3860552,3814798,241208,4101760,4056006,80.4230555137818,79.525958540293,281
-7.6926,53.28823,2022/09/08 23:00:00+00,Fri 09 Sep 2022,64,60,0,3860616,3814858,241208,4101824,4056066,80.4243103593976,79.5271349580578,282
-7.6926,53.28823,2022/09/09 23:00:00+00,Sat 10 Sep 2022,94,135,0,3860710,3814993,241208,4101918,4056201,80.4261534138957,79.5297818980285,283
-7.6926,53.28823,2022/09/10 23:00:00+00,Sun 11 Sep 2022,58,58,0,3860768,3815051,241208,4101976,4056259,80.427290617735,79.5309191018678,284
-7.6926,53.28823,2022/09/11 23:00:00+00,Mon 12 Sep 2022,13,13,0,3860781,3815064,241208,4101989,4056272,80.4275455082507,79.5311739923835,285
-7.6926,53.28823,2022/09/12 23:00:00+00,Tue 13 Sep 2022,29,25,0,3860810,3815089,241208,4102018,4056297,80.4281141101703,79.5316641664521,286
-7.6926,53.28823,2022/09/13 23:00:00+00,Wed 14 Sep 2022,36,33,0,3860846,3815122,241208,4102054,4056330,80.4288199608292,79.5323111962228,287
-7.6926,53.28823,2022/09/14 23:00:00+00,Thu 15 Sep 2022,51,36,0,3860897,3815158,241208,4102105,4056366,80.4298199159293,79.5330170468816,288
-7.6926,53.28823,2022/09/15 23:00:00+00,Fri 16 Sep 2022,38,56,0,3860935,3815214,241208,4102143,4056422,80.4305649805136,79.5341150367954,289
-7.6926,53.28823,2022/09/16 23:00:00+00,Sat 17 Sep 2022,66,149,0,3861001,3815363,241208,4102209,4056571,80.4318590400549,79.5370364742446,290
-7.6926,53.28823,2022/09/17 23:00:00+00,Sun 18 Sep 2022,30,53,0,3861031,3815416,241208,4102239,4056624,80.4324472489373,79.5380756432701,291
-7.6926,53.28823,2022/09/18 23:00:00+00,Mon 19 Sep 2022,11,11,0,3861042,3815427,241208,4102250,4056635,80.4326629255275,79.5382913198603,292
-7.6926,53.28823,2022/09/19 23:00:00+00,Tue 20 Sep 2022,39,37,0,3861081,3815464,241208,4102289,4056672,80.4334275970746,79.5390167774819,293
-7.6926,53.28823,2022/09/20 23:00:00+00,Wed 21 Sep 2022,42,32,0,3861123,3815496,241208,4102331,4056704,80.4342510895099,79.5396442002898,294
-7.6926,53.28823,2022/09/21 23:00:00+00,Thu 22 Sep 2022,59,34,0,3861182,3815530,241208,4102390,4056738,80.4354079003119,79.5403108370232,295
-7.6926,53.28823,2022/09/22 23:00:00+00,Fri 23 Sep 2022,38,39,0,3861220,3815569,241208,4102428,4056777,80.4361529648963,79.5410755085703,296
-7.6926,53.28823,2022/09/23 23:00:00+00,Sat 24 Sep 2022,56,104,0,3861276,3815673,241208,4102484,4056881,80.4372509548101,79.5431146326959,297
-7.6926,53.28823,2022/09/24 23:00:00+00,Sun 25 Sep 2022,42,75,0,3861318,3815748,241208,4102526,4056956,80.4380744472454,79.5445851549019,298
-7.6926,53.28823,2022/09/25 23:00:00+00,Mon 26 Sep 2022,23,10,0,3861341,3815758,241208,4102549,4056966,80.4385254073886,79.5447812245293,299
-7.6926,53.28823,2022/09/26 23:00:00+00,Tue 27 Sep 2022,28,33,2,3861369,3815791,241210,4102579,4057001,80.439113616271,79.5454674682255,300
-7.6926,53.28823,2022/09/27 23:00:00+00,Wed 28 Sep 2022,28,28,0,3861397,3815819,241210,4102607,4057029,80.4396626112278,79.5460164631823,301
-7.6926,53.28823,2022/09/28 23:00:00+00,Thu 29 Sep 2022,30,23,0,3861427,3815842,241210,4102637,4057052,80.4402508201102,79.5464674233255,302
-7.6926,53.28823,2022/09/29 23:00:00+00,Fri 30 Sep 2022,37,58,0,3861464,3815900,241210,4102674,4057110,80.4409762777318,79.5476046271648,303
-7.6926,53.28823,2022/09/30 23:00:00+00,Sat 01 Oct 2022,51,105,0,3861515,3816005,241210,4102725,4057215,80.4419762328319,79.5496633582531,304
-7.6926,53.28823,2022/10/01 23:00:00+00,Sun 02 Oct 2022,26,47,0,3861541,3816052,241210,4102751,4057262,80.4424860138633,79.5505848855022,305
-7.6926,53.28823,2022/10/02 23:00:00+00,Mon 03 Oct 2022,10,1,0,3861551,3816053,241210,4102761,4057263,80.4426820834908,79.550604492465,306
-7.6926,53.28823,2022/10/03 23:00:00+00,Tue 04 Oct 2022,17,17,0,3861568,3816070,241210,4102778,4057280,80.4430154018574,79.5509378108316,307
-7.6926,53.28823,2022/10/04 23:00:00+00,Wed 05 Oct 2022,36,37,0,3861604,3816107,241210,4102814,4057317,80.4437212525163,79.5516632684532,308
-7.6926,53.28823,2022/10/05 23:00:00+00,Thu 06 Oct 2022,46,27,0,3861650,3816134,241210,4102860,4057344,80.4446231728026,79.5521926564474,309
-7.6926,53.28823,2022/10/06 23:00:00+00,Fri 07 Oct 2022,63,40,0,3861713,3816174,241210,4102923,4057384,80.4458584114556,79.5529769349572,310
-7.6926,53.28823,2022/10/07 23:00:00+00,Sat 08 Oct 2022,97,102,0,3861810,3816276,241210,4103020,4057486,80.447760286842,79.5549768451573,311
-7.6926,53.28823,2022/10/08 23:00:00+00,Sun 09 Oct 2022,37,29,0,3861847,3816305,241210,4103057,4057515,80.4484857444636,79.555545447077,312
-7.6926,53.28823,2022/10/09 23:00:00+00,Mon 10 Oct 2022,6,3,0,3861853,3816308,241210,4103063,4057518,80.4486033862401,79.5556042679652,313
-7.6926,53.28823,2022/10/10 23:00:00+00,Tue 11 Oct 2022,41,16,0,3861894,3816324,241210,4103104,4057534,80.4494072717127,79.5559179793692,314
-7.6926,53.28823,2022/10/11 23:00:00+00,Wed 12 Oct 2022,38,36,0,3861932,3816360,241210,4103142,4057570,80.4501523362971,79.556623830028,315
-7.6926,53.28823,2022/10/12 23:00:00+00,Thu 13 Oct 2022,54,29,0,3861986,3816389,241210,4103196,4057599,80.4512111122853,79.5571924319477,316
-7.6926,53.28823,2022/10/13 23:00:00+00,Fri 14 Oct 2022,76,21,0,3862062,3816410,241210,4103272,4057620,80.4527012414541,79.5576041781653,317
-7.6926,53.28823,2022/10/14 23:00:00+00,Sat 15 Oct 2022,93,120,0,3862155,3816530,241210,4103365,4057740,80.4545246889895,79.5599570136949,318
-7.6926,53.28823,2022/10/15 23:00:00+00,Sun 16 Oct 2022,26,37,1,3862181,3816567,241211,4103392,4057778,80.4550540769836,79.5607020782792,319
-7.6926,53.28823,2022/10/16 23:00:00+00,Mon 17 Oct 2022,26,3,0,3862207,3816570,241211,4103418,4057781,80.455563858015,79.5607608991675,320
-7.6926,53.28823,2022/10/17 23:00:00+00,Tue 18 Oct 2022,56,17,0,3862263,3816587,241211,4103474,4057798,80.4566618479288,79.5610942175342,321
-7.6926,53.28823,2022/10/18 23:00:00+00,Wed 19 Oct 2022,51,40,0,3862314,3816627,241211,4103525,4057838,80.4576618030288,79.561878496044,322
-7.6926,53.28823,2022/10/19 23:00:00+00,Thu 20 Oct 2022,56,10,0,3862370,3816637,241211,4103581,4057848,80.4587597929426,79.5620745656715,323
-7.6926,53.28823,2022/10/20 23:00:00+00,Fri 21 Oct 2022,41,21,0,3862411,3816658,241211,4103622,4057869,80.4595636784152,79.5624863118891,324
-7.6926,53.28823,2022/10/21 23:00:00+00,Sat 22 Oct 2022,88,58,0,3862499,3816716,241211,4103710,4057927,80.4612890911369,79.5636235157284,325
-7.6926,53.28823,2022/10/22 23:00:00+00,Sun 23 Oct 2022,79,48,0,3862578,3816764,241211,4103789,4057975,80.4628380411938,79.5645646499402,326
-7.6926,53.28823,2022/10/23 23:00:00+00,Mon 24 Oct 2022,27,4,0,3862605,3816768,241211,4103816,4057979,80.463367429188,79.5646430777912,327
-7.6926,53.28823,2022/10/24 23:00:00+00,Tue 25 Oct 2022,36,22,0,3862641,3816790,241211,4103852,4058001,80.4640732798468,79.5650744309716,328
-7.6926,53.28823,2022/10/25 23:00:00+00,Wed 26 Oct 2022,24,23,0,3862665,3816813,241211,4103876,4058024,80.4645438469528,79.5655253911148,329
-7.6926,53.28823,2022/10/26 23:00:00+00,Thu 27 Oct 2022,50,35,0,3862715,3816848,241211,4103926,4058059,80.4655241950901,79.5662116348109,330
-7.6926,53.28823,2022/10/27 23:00:00+00,Fri 28 Oct 2022,22,19,0,3862737,3816867,241211,4103948,4058078,80.4659555482705,79.5665841671031,331
-7.6926,53.28823,2022/10/28 23:00:00+00,Sat 29 Oct 2022,87,64,0,3862824,3816931,241211,4104035,4058142,80.4676613540294,79.5678390127188,332
-7.6926,53.28823,2022/10/29 23:00:00+00,Sun 30 Oct 2022,11,6,0,3862835,3816937,241211,4104046,4058148,80.4678770306196,79.5679566544953,333
-7.6926,53.28823,2022/11/01 00:00:00+00,Tue 01 Nov 2022,43,25,0,3862878,3816962,241211,4104089,4058173,80.4687201300177,79.568446828564,334
-7.6926,53.28823,2022/11/02 00:00:00+00,Wed 02 Nov 2022,62,13,0,3862940,3816975,241211,4104151,4058186,80.469935761708,79.5687017190797,335
-7.6926,53.28823,2022/11/03 00:00:00+00,Thu 03 Nov 2022,45,28,0,3862985,3817003,241211,4104196,4058214,80.4708180750315,79.5692507140366,336
-7.6926,53.28823,2022/11/04 00:00:00+00,Fri 04 Nov 2022,33,22,0,3863018,3817025,241211,4104229,4058236,80.4714651048021,79.569682067217,337
-7.6926,53.28823,2022/11/05 00:00:00+00,Sat 05 Nov 2022,35,54,0,3863053,3817079,241211,4104264,4058290,80.4721513484983,79.5707408432053,338
-7.6926,53.28823,2022/11/06 00:00:00+00,Sun 06 Nov 2022,56,78,0,3863109,3817157,241211,4104320,4058368,80.4732493384121,79.5722701862995,339
-7.6926,53.28823,2021/04/19 23:00:00+00,Tue 20 Apr 2021,15107,7336,1,924662,390246,282,924944,390528,18.1353425503051,7.65706794734119,340
-7.6926,53.28823,2021/08/10 23:00:00+00,Wed 11 Aug 2021,7045,31258,668,3294131,2840844,230217,3524348,3071061,69.1017599405831,60.2141786182542,341
-7.6926,53.28823,2021/12/02 00:00:00+00,Thu 02 Dec 2021,1737,1419,0,3669858,3606808,241101,3910959,3847909,76.6820274148475,75.4458084137006,342
-7.6926,53.28823,2021/04/20 23:00:00+00,Wed 21 Apr 2021,26753,9908,4,951415,400154,286,951701,400440,18.6599660525047,7.85141216208135,343
-7.6926,53.28823,2021/04/21 23:00:00+00,Thu 22 Apr 2021,31647,12200,1,983062,412354,287,983349,412641,19.2804872094959,8.09063671454752,344
-7.6926,53.28823,2021/04/22 23:00:00+00,Fri 23 Apr 2021,33626,12368,3,1016688,424722,290,1016978,425012,19.9398497596873,8.33319445068055,345
-7.6926,53.28823,2021/04/23 23:00:00+00,Sat 24 Apr 2021,23714,7017,2,1040402,431739,292,1040694,432031,20.4048484881757,8.470815722196,346
-7.6926,53.28823,2021/04/24 23:00:00+00,Sun 25 Apr 2021,9760,312,3,1050162,432051,295,1050457,432346,20.5962712654667,8.47699191546105,347
-7.6926,53.28823,2021/04/25 23:00:00+00,Mon 26 Apr 2021,15608,3064,4,1065770,435115,299,1066069,435414,20.9023751678601,8.53714607716634,348
-7.6926,53.28823,2021/04/26 23:00:00+00,Tue 27 Apr 2021,25935,7830,9,1091705,442945,308,1092013,443253,21.4110582093471,8.69084505813366,349
-7.6926,53.28823,2021/04/27 23:00:00+00,Wed 28 Apr 2021,26061,8635,7,1117766,451580,315,1118081,451895,21.9221725142146,8.86028843018617,350
-7.6926,53.28823,2021/04/28 23:00:00+00,Thu 29 Apr 2021,31709,11340,7,1149475,462920,322,1149797,463242,22.5440269446725,9.08276863646711,351
-7.6926,53.28823,2021/04/29 23:00:00+00,Fri 30 Apr 2021,36118,13547,8,1185593,476467,330,1185923,476797,23.2523480808411,9.34854101649161,352
-7.6926,53.28823,2021/04/30 23:00:00+00,Sat 01 May 2021,16646,6705,21,1202239,483172,351,1202590,483523,23.5791373289317,9.48041744792244,353
-7.6926,53.28823,2021/05/01 23:00:00+00,Sun 02 May 2021,12485,915,16,1214724,484087,367,1215091,484454,23.8242439702217,9.49867153023913,354
-7.6926,53.28823,2021/05/02 23:00:00+00,Mon 03 May 2021,14284,941,21,1229008,485028,388,1229396,485416,24.1047215723059,9.51753342840096,355
-7.6926,53.28823,2021/05/03 23:00:00+00,Tue 04 May 2021,26684,6814,11,1255692,491842,399,1256091,492241,24.6281294428152,9.65135094914366,356
-7.6926,53.28823,2021/05/04 23:00:00+00,Wed 05 May 2021,32155,13474,70,1287847,505316,469,1288316,505785,25.2599638173109,9.91690765257795,357
-7.6926,53.28823,2021/05/05 23:00:00+00,Thu 06 May 2021,37316,14389,133,1325163,519705,602,1325765,520307,25.9942249651927,10.201639965578,358
-7.6926,53.28823,2021/05/06 23:00:00+00,Fri 07 May 2021,40615,15102,99,1365778,534807,701,1366479,535508,26.7925028464408,10.4996854062827,359
-7.6926,53.28823,2021/05/07 23:00:00+00,Sat 08 May 2021,25647,7072,10,1391425,541879,711,1392136,542590,27.2955586896196,10.6385419164512,360
-7.6926,53.28823,2021/05/08 23:00:00+00,Sun 09 May 2021,19687,936,5,1411112,542815,716,1411828,543531,27.6816590000175,10.6569920683954,361
-7.6926,53.28823,2021/05/09 23:00:00+00,Mon 10 May 2021,28868,4667,172,1439980,547482,888,1440868,548370,28.2510451981666,10.7518701611241,362
-7.6926,53.28823,2021/05/10 23:00:00+00,Tue 11 May 2021,33933,14827,153,1473913,562309,1041,1474954,563350,28.919368130333,11.045582463062,363
-7.6926,53.28823,2021/05/11 23:00:00+00,Wed 12 May 2021,31318,20940,176,1505231,583249,1217,1506448,584466,29.5368698150612,11.4596030884103,364
-7.6926,53.28823,2021/05/12 23:00:00+00,Thu 13 May 2021,36022,25490,153,1541253,608739,1370,1542623,610109,30.2461516924044,11.9623844341107,365
-7.6926,53.28823,2021/05/13 23:00:00+00,Fri 14 May 2021,38249,27959,237,1579502,636698,1607,1581109,638305,31.000745260654,12.5152223557021,366
-7.6926,53.28823,2021/05/14 23:00:00+00,Sat 15 May 2021,28894,12471,22,1608396,649169,1629,1610025,650798,31.5677001954226,12.7601721412901,367
-7.6926,53.28823,2021/05/15 23:00:00+00,Sun 16 May 2021,23199,1188,11,1631595,650357,1640,1633235,651997,32.0227778007615,12.7836808896228,368
-7.6926,53.28823,2021/05/16 23:00:00+00,Mon 17 May 2021,35410,3967,120,1667005,654324,1760,1668765,656084,32.7194131871334,12.8638145463664,369
-7.6926,53.28823,2021/05/17 23:00:00+00,Tue 18 May 2021,39048,12518,127,1706053,666842,1887,1707940,668729,33.4875159527151,13.1117445902919,370
-7.6926,53.28823,2021/05/18 23:00:00+00,Wed 19 May 2021,37055,17621,212,1743108,684463,2099,1745207,686562,34.2182086333771,13.4613955569446,371
-7.6926,53.28823,2021/05/19 23:00:00+00,Thu 20 May 2021,39119,19647,138,1782227,704110,2237,1784464,706347,34.9879191699039,13.8493193148778,372
-7.6926,53.28823,2021/05/20 23:00:00+00,Fri 21 May 2021,25866,23270,14937,1808093,727380,17174,1825267,744554,35.7879420708364,14.5984425405212,373
-7.6926,53.28823,2021/05/21 23:00:00+00,Sat 22 May 2021,16617,10264,13524,1824710,737644,30698,1855408,768342,36.3789155349691,15.0648529703274,374
-7.6926,53.28823,2021/05/22 23:00:00+00,Sun 23 May 2021,8239,5544,10205,1832949,743188,40903,1873852,784091,36.7405463558597,15.373643026617,375
-7.6926,53.28823,2021/05/23 23:00:00+00,Mon 24 May 2021,22575,8254,8453,1855524,751442,49356,1904880,800798,37.3489111959483,15.7012165532175,376
-7.6926,53.28823,2021/05/24 23:00:00+00,Tue 25 May 2021,30382,16532,3225,1885906,767974,52581,1938487,820555,38.0078423929592,16.0885913161938,377
-7.6926,53.28823,2021/05/25 23:00:00+00,Wed 26 May 2021,20006,25492,3055,1905912,793466,55636,1961548,849102,38.4599985608489,16.6483112817091,378
-7.6926,53.28823,2021/05/26 23:00:00+00,Thu 27 May 2021,17044,36070,550,1922956,829536,56186,1979142,885722,38.8049634634053,17.3663182574743,379
-7.6926,53.28823,2021/05/27 23:00:00+00,Fri 28 May 2021,27067,31852,1562,1950023,861388,57748,2007771,919136,39.3662911998657,18.0214653106753,380
-7.6926,53.28823,2021/05/28 23:00:00+00,Sat 29 May 2021,24515,7408,538,1974538,868796,58286,2032824,927082,39.8575044375458,18.1772622366564,381
-7.6926,53.28823,2021/05/29 23:00:00+00,Sun 30 May 2021,24276,1696,210,1998814,870492,58496,2057310,928988,40.3376005273489,18.2146331076507,382
-7.6926,53.28823,2021/05/30 23:00:00+00,Mon 31 May 2021,22619,7324,3445,2021433,877816,61941,2083374,939757,40.8486364043654,18.4257804894643,383
-7.6926,53.28823,2021/05/31 23:00:00+00,Tue 01 Jun 2021,27645,11543,3657,2049078,889359,65598,2114676,954957,41.4623735522464,18.7238063232063,384
-7.6926,53.28823,2021/06/01 23:00:00+00,Wed 02 Jun 2021,18734,20925,4010,2067812,910284,69608,2137420,979892,41.9083143129456,19.2127059392823,385
-7.6926,53.28823,2021/06/02 23:00:00+00,Thu 03 Jun 2021,16725,30720,1978,2084537,941004,71586,2156123,1012590,42.2750233371874,19.853814407157,386
-7.6926,53.28823,2021/06/03 23:00:00+00,Fri 04 Jun 2021,29031,23357,155,2113568,964361,71741,2185309,1036102,42.8472721518975,20.3148133152453,387
-7.6926,53.28823,2021/06/04 23:00:00+00,Sat 05 Jun 2021,20994,11514,37,2134562,975875,71778,2206340,1047653,43.2596261854125,20.5412933419264,388
-7.6926,53.28823,2021/06/05 23:00:00+00,Sun 06 Jun 2021,19974,3927,47,2154536,979802,71825,2226361,1051627,43.6521771865538,20.6192114118797,389
-7.6926,53.28823,2021/06/06 23:00:00+00,Mon 07 Jun 2021,19861,4616,48,2174397,984418,71873,2246270,1056291,44.0425322078675,20.7106582861279,390
-7.6926,53.28823,2021/06/07 23:00:00+00,Tue 08 Jun 2021,26446,18360,48,2200843,1002778,71921,2272764,1074699,44.5619990788649,21.0715832563597,391
-7.6926,53.28823,2021/06/08 23:00:00+00,Wed 09 Jun 2021,32850,20142,178,2233693,1022920,72099,2305792,1095019,45.2095778444458,21.4699967393621,392
-7.6926,53.28823,2021/06/09 23:00:00+00,Thu 10 Jun 2021,27727,27516,273,2261420,1050436,72372,2333792,1122808,45.7585728013389,22.0148546271158,393
-7.6926,53.28823,2021/06/10 23:00:00+00,Fri 11 Jun 2021,26484,32922,44,2287904,1083358,72416,2360320,1155774,46.2787063090696,22.6612177610064,394
-7.6926,53.28823,2021/06/11 23:00:00+00,Sat 12 Jun 2021,12243,19741,105,2300147,1103099,72521,2372668,1175620,46.5208130850595,23.0503375436672,395
-7.6926,53.28823,2021/06/12 23:00:00+00,Sun 13 Jun 2021,8566,18187,835,2308713,1121286,73356,2382069,1194642,46.7051381418364,23.423301189025,396
-7.6926,53.28823,2021/06/13 23:00:00+00,Mon 14 Jun 2021,16050,31328,55,2324763,1152614,73411,2398174,1226025,47.0209082768637,24.0386265008885,397
-7.6926,53.28823,2021/06/14 23:00:00+00,Tue 15 Jun 2021,14741,41609,207,2339504,1194223,73618,2413122,1267841,47.3139931559936,24.8585112550829,398
-7.6926,53.28823,2021/06/15 23:00:00+00,Wed 16 Jun 2021,13507,48411,220,2353011,1242634,73838,2426849,1316472,47.5831379336104,25.8120174603925,399
-7.6926,53.28823,2021/06/16 23:00:00+00,Thu 17 Jun 2021,21605,42712,536,2374616,1285346,74374,2448990,1359720,48.0172556957737,26.6599793852394,400
-7.6926,53.28823,2021/06/17 23:00:00+00,Fri 18 Jun 2021,12037,50043,555,2386653,1335389,74929,2461582,1410318,48.2641465706736,27.6520524862707,401
-7.6926,53.28823,2021/06/18 23:00:00+00,Sat 19 Jun 2021,6349,32829,434,2393002,1368218,75363,2468365,1443581,48.3971405989809,28.304238888097,402
-7.6926,53.28823,2021/06/19 23:00:00+00,Sun 20 Jun 2021,8541,26157,178,2401543,1394375,75541,2477084,1469916,48.5680937071649,28.8205882520177,403
-7.6926,53.28823,2021/06/20 23:00:00+00,Mon 21 Jun 2021,15517,32365,575,2417060,1426740,76116,2493176,1502856,48.8836089516765,29.466441604877,404
-7.6926,53.28823,2021/06/21 23:00:00+00,Tue 22 Jun 2021,15172,43577,723,2432232,1470317,76839,2509071,1547156,49.1952616245271,30.3350300545328,405
-7.6926,53.28823,2021/06/22 23:00:00+00,Wed 23 Jun 2021,20109,39415,887,2452341,1509732,77726,2530067,1587458,49.6069294143459,31.1252298671295,406
-7.6926,53.28823,2021/06/23 23:00:00+00,Thu 24 Jun 2021,19056,44287,1033,2471397,1554019,78759,2550156,1632778,50.000813688954,32.0138174187865,407
-7.6926,53.28823,2021/06/24 23:00:00+00,Fri 25 Jun 2021,15237,50142,844,2486634,1604161,79603,2566237,1683764,50.3161132568753,33.0134980213634,408
-7.6926,53.28823,2021/06/25 23:00:00+00,Sat 26 Jun 2021,9094,30597,513,2495728,1634758,80116,2575844,1714874,50.5044773479779,33.6234706323971,409
-7.6926,53.28823,2021/06/26 23:00:00+00,Sun 27 Jun 2021,8749,30497,59,2504477,1665255,80175,2584652,1745430,50.6771754758463,34.2225809860695,410
-7.6926,53.28823,2021/06/27 23:00:00+00,Mon 28 Jun 2021,24259,24682,528,2528736,1689937,80703,2609439,1770640,51.1631732614359,34.7168725169007,411
-7.6926,53.28823,2021/06/28 23:00:00+00,Tue 29 Jun 2021,28168,31075,812,2556904,1721012,81515,2638419,1802527,51.7313830418203,35.3420797379882,412
-7.6926,53.28823,2021/06/29 23:00:00+00,Wed 30 Jun 2021,22614,36902,593,2579518,1757914,82108,2661626,1840022,52.1864018262709,36.0772428061563,413
-7.6926,53.28823,2021/06/30 23:00:00+00,Thu 01 Jul 2021,15075,48339,644,2594593,1806253,82752,2677345,1889005,52.4946036736782,37.0376506623526,414
-7.6926,53.28823,2021/07/01 23:00:00+00,Fri 02 Jul 2021,13714,47301,819,2608307,1853554,83571,2691878,1937125,52.7795516632685,37.9811377096989,415
-7.6926,53.28823,2021/07/02 23:00:00+00,Sat 03 Jul 2021,9337,30504,507,2617644,1884058,84078,2701722,1968136,52.9725626045419,38.5891692314208,416
-7.6926,53.28823,2021/07/03 23:00:00+00,Sun 04 Jul 2021,6469,27797,233,2624113,1911855,84311,2708424,1996166,53.1039684688668,39.1387523971963,417
-7.6926,53.28823,2021/07/04 23:00:00+00,Mon 05 Jul 2021,15653,33495,5344,2639766,1945350,89655,2729421,2035005,53.5156558656484,39.9002672232953,418
-7.6926,53.28823,2021/07/05 23:00:00+00,Tue 06 Jul 2021,12423,48321,5491,2652189,1993671,95146,2747335,2088817,53.8668949962835,40.9553571025928,419
-7.6926,53.28823,2021/07/06 23:00:00+00,Wed 07 Jul 2021,19728,43791,5060,2671917,2037462,100206,2772123,2137668,54.3529123888359,41.9131768397066,420
-7.6926,53.28823,2021/07/07 23:00:00+00,Thu 08 Jul 2021,17813,45632,6003,2689730,2083094,106209,2795939,2189303,54.819871813599,42.9255823611057,421
-7.6926,53.28823,2021/07/08 23:00:00+00,Fri 09 Jul 2021,13540,45123,6534,2703270,2128217,112743,2816013,2240960,55.2134619837658,43.9384192356853,422
-7.6926,53.28823,2021/07/09 23:00:00+00,Sat 10 Jul 2021,8665,23900,4365,2711935,2152117,117108,2829043,2269225,55.4689407083486,44.4926100377062,423
-7.6926,53.28823,2021/07/10 23:00:00+00,Sun 11 Jul 2021,15250,16136,2153,2727185,2168253,119261,2846446,2287514,55.8101606810204,44.8512017793711,424
-7.6926,53.28823,2021/07/11 23:00:00+00,Mon 12 Jul 2021,17139,31790,6095,2744324,2200043,125356,2869680,2325399,56.2657088534652,45.5940115630102,425
-7.6926,53.28823,2021/07/12 23:00:00+00,Tue 13 Jul 2021,20128,36600,8490,2764452,2236643,133846,2898298,2370489,56.8268209133355,46.4780895132356,426
-7.6926,53.28823,2021/08/11 23:00:00+00,Thu 12 Aug 2021,6798,38323,865,3300929,2879167,231082,3532011,3110249,69.252008096107,60.9825362743516,427
-7.6926,53.28823,2022/03/25 00:00:00+00,Fri 25 Mar 2022,434,1625,0,3840809,3780643,241177,4081986,4021820,80.0353474324388,78.855674911852,428
-7.6926,53.28823,2021/12/03 00:00:00+00,Fri 03 Dec 2021,1016,1208,2,3670874,3608016,241103,3911977,3849119,76.7019873029231,75.4695328386235,429
-7.6926,53.28823,2021/07/13 23:00:00+00,Wed 14 Jul 2021,20812,35745,9335,2785264,2272388,143181,2928445,2415569,57.4179120192446,47.3619713938335,430
-7.6926,53.28823,2021/07/14 23:00:00+00,Thu 15 Jul 2021,23680,28870,9588,2808944,2301258,152769,2961713,2454027,58.0701964558846,48.1160159671262,431
-7.6926,53.28823,2021/07/15 23:00:00+00,Fri 16 Jul 2021,23536,27457,9169,2832480,2328715,161938,2994418,2490653,58.7114421724985,48.8341405846679,432
-7.6926,53.28823,2021/07/16 23:00:00+00,Sat 17 Jul 2021,11524,19459,4681,2844004,2348174,166619,3010623,2514793,59.0291730038004,49.3074526653607,433
-7.6926,53.28823,2021/07/17 23:00:00+00,Sun 18 Jul 2021,16879,15843,1934,2860883,2364017,168553,3029436,2532570,59.3980387939444,49.6560056420996,434
-7.6926,53.28823,2021/07/18 23:00:00+00,Mon 19 Jul 2021,24926,18473,6254,2885809,2382490,174807,3060616,2557297,60.0093838923703,50.1408270099245,435
-7.6926,53.28823,2021/07/19 23:00:00+00,Tue 20 Jul 2021,30617,18212,7699,2916426,2400702,182506,3098932,2583208,60.7606442769531,50.6488630216408,436
-7.6926,53.28823,2021/07/20 23:00:00+00,Wed 21 Jul 2021,30387,19867,6895,2946813,2420569,189401,3136214,2609970,61.4916310620562,51.1735845586541,437
-7.6926,53.28823,2021/07/21 23:00:00+00,Thu 22 Jul 2021,33563,15952,6938,2980376,2436521,196339,3176715,2632860,62.2857326602394,51.6223879359142,438
-7.6926,53.28823,2021/07/22 23:00:00+00,Fri 23 Jul 2021,27108,20871,5616,3007484,2457392,201955,3209439,2659347,62.9273509091455,52.1417175581724,439
-7.6926,53.28823,2021/07/23 23:00:00+00,Sat 24 Jul 2021,15459,14834,2277,3022943,2472226,204232,3227175,2676458,63.2751000004117,52.4772122977223,440
-7.6926,53.28823,2021/07/24 23:00:00+00,Sun 25 Jul 2021,14746,13663,1046,3037689,2485889,205278,3242967,2691167,63.5847331560995,52.7656111127559,441
-7.6926,53.28823,2021/07/25 23:00:00+00,Mon 26 Jul 2021,23872,18339,3422,3061561,2504228,208700,3270261,2712928,64.1198855972938,53.1922782290756,442
-7.6926,53.28823,2021/07/26 23:00:00+00,Tue 27 Jul 2021,25540,23938,3672,3087101,2528166,212372,3299473,2740538,64.6926441930352,53.7336264704977,443
-7.6926,53.28823,2021/07/27 23:00:00+00,Wed 28 Jul 2021,23458,25321,3265,3110559,2553487,215637,3326196,2769124,65.2166010585015,54.2941111075601,444
-7.6926,53.28823,2021/07/28 23:00:00+00,Thu 29 Jul 2021,19306,27900,2966,3129865,2581387,218603,3348468,2799990,65.6532873327845,54.8992996196837,445
-7.6926,53.28823,2021/07/29 23:00:00+00,Fri 30 Jul 2021,21978,22974,2125,3151843,2604361,220728,3372571,2825089,66.1258739558557,55.3914147776502,446
-7.6926,53.28823,2021/07/30 23:00:00+00,Sat 31 Jul 2021,13769,12513,907,3165612,2616874,221635,3387247,2838509,66.4136257411187,55.654540217704,447
-7.6926,53.28823,2021/07/31 23:00:00+00,Sun 01 Aug 2021,11166,9367,369,3176778,2626241,222004,3398782,2848245,66.6397920563959,55.8454336070008,448
-7.6926,53.28823,2021/08/01 23:00:00+00,Mon 02 Aug 2021,15045,16073,431,3191823,2642314,222435,3414258,2864749,66.9432294118558,56.1690269201638,449
-7.6926,53.28823,2021/08/02 23:00:00+00,Tue 03 Aug 2021,17366,25471,1111,3209189,2667785,223546,3432735,2891331,67.305507262517,56.6902192038828,450
-7.6926,53.28823,2021/08/03 23:00:00+00,Wed 04 Aug 2021,22148,17343,1576,3231337,2685128,225122,3456459,2910250,67.7706628467075,57.0611633320778,451
-7.6926,53.28823,2021/08/04 23:00:00+00,Thu 05 Aug 2021,13560,30082,1421,3244897,2715210,226543,3471440,2941753,68.064394755608,57.6788414794708,452
-7.6926,53.28823,2021/08/05 23:00:00+00,Fri 06 Aug 2021,12241,24776,949,3257138,2739986,227492,3484630,2967478,68.3230105942302,58.1832305961164,453
-7.6926,53.28823,2021/08/06 23:00:00+00,Sat 07 Aug 2021,6351,8491,585,3263489,2748477,228077,3491566,2976554,68.4590044878377,58.3611833900007,454
-7.6926,53.28823,2021/08/07 23:00:00+00,Sun 08 Aug 2021,8636,12006,153,3272125,2760483,228230,3500355,2988713,68.6313300834139,58.5995844500316,455
-7.6926,53.28823,2021/08/08 23:00:00+00,Mon 09 Aug 2021,5574,23059,601,3277699,2783542,228831,3506530,3012373,68.7524030783716,59.0634851886062,456
-7.6926,53.28823,2021/08/09 23:00:00+00,Tue 10 Aug 2021,9387,26044,718,3287086,2809586,229549,3516635,3039135,68.9505314369218,59.5882067256196,457
-7.6926,53.28823,2021/12/04 00:00:00+00,Sat 04 Dec 2021,1205,1707,3,3672079,3609723,241106,3913185,3850829,76.7256725139205,75.5030607449195,458
-7.6926,53.28823,2021/12/05 00:00:00+00,Sun 05 Dec 2021,1349,1779,2,3673428,3611502,241108,3914536,3852610,76.7521615205905,75.5379807455704,459
-7.6926,53.28823,2021/12/06 00:00:00+00,Mon 06 Dec 2021,940,1306,0,3674368,3612808,241108,3915476,3853916,76.770592065572,75.563587438917,460
-7.6926,53.28823,2021/12/07 00:00:00+00,Tue 07 Dec 2021,487,753,2,3674855,3613561,241110,3915965,3854671,76.7801798703548,75.5783906957903,461
-7.6926,53.28823,2021/12/08 00:00:00+00,Wed 08 Dec 2021,798,1528,2,3675653,3615089,241112,3916765,3856201,76.7958654405518,75.608389348792,462
-7.6926,53.28823,2021/12/09 00:00:00+00,Thu 09 Dec 2021,787,1216,1,3676440,3616305,241113,3917553,3857418,76.8113157271958,75.6322510224541,463
-7.6926,53.28823,2021/12/10 00:00:00+00,Fri 10 Dec 2021,895,1623,1,3677335,3617928,241114,3918449,3859042,76.8288835658164,75.6640927299539,464
-7.6926,53.28823,2021/12/11 00:00:00+00,Sat 11 Dec 2021,645,851,2,3677980,3618779,241116,3919096,3859895,76.8415692707131,75.6808174691764,465
-7.6926,53.28823,2021/12/12 00:00:00+00,Sun 12 Dec 2021,686,1193,0,3678666,3619972,241116,3919782,3861088,76.855019647157,75.7042085757326,466
-7.6926,53.28823,2021/12/13 00:00:00+00,Mon 13 Dec 2021,725,1073,1,3679391,3621045,241117,3920508,3862162,76.8692543021107,75.725266453722,467
-7.6926,53.28823,2021/12/14 00:00:00+00,Tue 14 Dec 2021,631,1206,3,3680022,3622251,241120,3921142,3863371,76.8816851164918,75.7489712716821,468
-7.6926,53.28823,2021/12/15 00:00:00+00,Wed 15 Dec 2021,793,1260,1,3680815,3623511,241121,3921936,3864632,76.8972530449123,75.7736956517051,469
-7.6926,53.28823,2021/12/16 00:00:00+00,Thu 16 Dec 2021,1048,1553,8,3681863,3625064,241129,3922992,3866193,76.9179579975723,75.8043021205518,470
-7.6926,53.28823,2021/12/17 00:00:00+00,Fri 17 Dec 2021,1199,2461,2,3683062,3627525,241131,3924193,3868656,76.9415059598304,75.8525940697957,471
-7.6926,53.28823,2021/12/18 00:00:00+00,Sat 18 Dec 2021,1252,1185,0,3684314,3628710,241131,3925445,3869841,76.9660538771887,75.8758283206499,472
-7.6926,53.28823,2021/12/19 00:00:00+00,Sun 19 Dec 2021,554,894,3,3684868,3629604,241134,3926002,3870738,76.9769749554383,75.8934157662332,473
-7.6926,53.28823,2021/12/20 00:00:00+00,Mon 20 Dec 2021,516,624,1,3685384,3630228,241135,3926519,3871363,76.987111755178,75.9056701179496,474
-7.6926,53.28823,2021/12/21 00:00:00+00,Tue 21 Dec 2021,1406,1825,3,3686790,3632053,241138,3927928,3873191,77.0147379656874,75.9415116458496,475
-7.6926,53.28823,2021/12/22 00:00:00+00,Wed 22 Dec 2021,1170,1606,2,3687960,3633659,241140,3929100,3874799,77.0377173260259,75.9730396419455,476
-7.6926,53.28823,2021/12/23 00:00:00+00,Thu 23 Dec 2021,932,1405,0,3688892,3635064,241140,3930032,3876204,77.0559910153054,76.0005874246039,477
-7.6926,53.28823,2021/12/24 00:00:00+00,Fri 24 Dec 2021,101,165,0,3688993,3635229,241140,3930133,3876369,77.0579713185428,76.003822573457,478
-7.6926,53.28823,2021/12/25 00:00:00+00,Sat 25 Dec 2021,2,7,0,3688995,3635236,241140,3930135,3876376,77.0580105324682,76.0039598221962,479
-7.6926,53.28823,2021/12/26 00:00:00+00,Sun 26 Dec 2021,12,13,0,3689007,3635249,241140,3930147,3876389,77.0582458160212,76.0042147127119,480
-7.6926,53.28823,2021/12/27 00:00:00+00,Mon 27 Dec 2021,393,591,0,3689400,3635840,241140,3930540,3876980,77.0659513523805,76.0158024276949,481
-7.6926,53.28823,2021/12/28 00:00:00+00,Tue 28 Dec 2021,469,752,0,3689869,3636592,241140,3931009,3877732,77.0751470179084,76.03054686368,482
-7.6926,53.28823,2021/12/29 00:00:00+00,Wed 29 Dec 2021,1059,1318,0,3690928,3637910,241140,3932068,3879050,77.0959107914566,76.0563888405795,483
-7.6926,53.28823,2021/12/30 00:00:00+00,Thu 30 Dec 2021,1051,1204,1,3691979,3639114,241141,3933120,3880255,77.1165373162656,76.0800152306887,484
-7.6926,53.28823,2021/12/31 00:00:00+00,Fri 31 Dec 2021,716,1682,0,3692695,3640796,241141,3933836,3881937,77.1305759015919,76.1129941420277,485
-7.6926,53.28823,2022/01/01 00:00:00+00,Sat 01 Jan 2022,71,101,0,3692766,3640897,241141,3933907,3882038,77.1319679959469,76.1149744452651,486
-7.6926,53.28823,2022/01/02 00:00:00+00,Sun 02 Jan 2022,271,629,0,3693037,3641526,241141,3934178,3882667,77.1372814828511,76.1273072248324,487
-7.6926,53.28823,2022/01/03 00:00:00+00,Mon 03 Jan 2022,3634,730,1,3696671,3642256,241142,3937813,3883398,77.2085527924334,76.1416399145999,488
-7.6926,53.28823,2022/01/04 00:00:00+00,Tue 04 Jan 2022,1190,790,1,3697861,3643046,241143,3939004,3884189,77.2319046850642,76.1571490221321,489
-7.6926,53.28823,2022/01/05 00:00:00+00,Wed 05 Jan 2022,2139,917,0,3700000,3643963,241143,3941143,3885106,77.2738439783782,76.1751286069704,490
-7.6926,53.28823,2022/01/06 00:00:00+00,Thu 06 Jan 2022,2454,1699,1,3702454,3645662,241144,3943598,3886806,77.3219790719201,76.2084604436389,491
-7.6926,53.28823,2022/01/07 00:00:00+00,Fri 07 Jan 2022,4856,785,2,3707310,3646447,241146,3948456,3887593,77.4172296969411,76.2238911233202,492
-7.6926,53.28823,2022/01/08 00:00:00+00,Sat 08 Jan 2022,9789,746,2,3717099,3647193,241148,3958247,3888341,77.6092014691889,76.2385571314543,493
-7.6926,53.28823,2022/01/09 00:00:00+00,Sun 09 Jan 2022,7116,667,0,3724215,3647860,241148,3965363,3889008,77.7487246160908,76.251634975606,494
-7.6926,53.28823,2022/01/10 00:00:00+00,Mon 10 Jan 2022,6668,512,1,3730883,3648372,241149,3972032,3889521,77.8794834506451,76.2616933474948,495
-7.6926,53.28823,2022/01/11 00:00:00+00,Tue 11 Jan 2022,4780,1372,1,3735663,3649744,241150,3976813,3890894,77.9732243395346,76.2886137073453,496
-7.6926,53.28823,2022/01/12 00:00:00+00,Wed 12 Jan 2022,7560,929,1,3743223,3650673,241151,3984374,3891824,78.1214725848584,76.3068481826993,497
-7.6926,53.28823,2022/01/13 00:00:00+00,Thu 13 Jan 2022,7322,819,0,3750545,3651492,241151,3991696,3892643,78.265034766086,76.3229062851884,498
-7.6926,53.28823,2022/01/14 00:00:00+00,Fri 14 Jan 2022,10725,839,0,3761270,3652331,241151,4002421,3893482,78.4753194415388,76.3393565269324,499
-7.6926,53.28823,2022/01/15 00:00:00+00,Sat 15 Jan 2022,8363,654,2,3769633,3652985,241153,4010786,3894138,78.6393316849106,76.3522186944939,500
-7.6926,53.28823,2022/01/16 00:00:00+00,Sun 16 Jan 2022,6965,1216,1,3776598,3654201,241154,4017752,3895355,78.7759137874005,76.376080368156,501
-7.6926,53.28823,2022/01/17 00:00:00+00,Mon 17 Jan 2022,2565,564,0,3779163,3654765,241154,4020317,3895919,78.8262056468445,76.3871386951449,502
-7.6926,53.28823,2022/01/18 00:00:00+00,Tue 18 Jan 2022,4056,455,3,3783219,3655220,241157,4024376,3896377,78.9057903086312,76.3961186840826,503
-7.6926,53.28823,2022/01/19 00:00:00+00,Wed 19 Jan 2022,3487,625,0,3786706,3655845,241157,4027863,3897002,78.9741597877272,76.408373035799,504
-7.6926,53.28823,2022/01/20 00:00:00+00,Thu 20 Jan 2022,3698,940,1,3790404,3656785,241158,4031562,3897943,79.0466859429253,76.4268231877431,505
-7.6926,53.28823,2022/01/21 00:00:00+00,Fri 21 Jan 2022,3253,977,0,3793657,3657762,241158,4034815,3898920,79.1104673927386,76.4459791903462,506
-7.6926,53.28823,2022/01/22 00:00:00+00,Sat 22 Jan 2022,4274,645,0,3797931,3658407,241158,4039089,3899565,79.1942675515158,76.4586256813174,507
-7.6926,53.28823,2022/01/23 00:00:00+00,Sun 23 Jan 2022,3094,680,0,3801025,3659087,241158,4042183,3900245,79.2549314942525,76.4719584159849,508
-7.6926,53.28823,2022/01/24 00:00:00+00,Mon 24 Jan 2022,646,469,0,3801671,3659556,241158,4042829,3900714,79.2675975921865,76.4811540815128,509
-7.6926,53.28823,2022/01/25 00:00:00+00,Tue 25 Jan 2022,692,1838,1,3802363,3661394,241159,4043522,3902553,79.2811852173697,76.517211286003,510
-7.6926,53.28823,2022/01/26 00:00:00+00,Wed 26 Jan 2022,700,898,0,3803063,3662292,241159,4044222,3903451,79.294910091292,76.5348183385491,511
-7.6926,53.28823,2022/01/27 00:00:00+00,Thu 27 Jan 2022,1278,1179,0,3804341,3663471,241159,4045500,3904630,79.3199677896816,76.5579349476269,512
-7.6926,53.28823,2022/01/28 00:00:00+00,Fri 28 Jan 2022,1031,3096,1,3805372,3666567,241160,4046532,3907727,79.3402021752357,76.6186577112518,513
-7.6926,53.28823,2022/01/29 00:00:00+00,Sat 29 Jan 2022,2330,3446,0,3807702,3670013,241160,4048862,3911173,79.3858863984343,76.6862233048751,514
-7.6926,53.28823,2022/01/30 00:00:00+00,Sun 30 Jan 2022,1639,7538,0,3809341,3677551,241160,4050501,3918711,79.4180222103753,76.8340205900559,515
-7.6926,53.28823,2022/01/31 00:00:00+00,Mon 31 Jan 2022,483,1397,0,3809824,3678948,241160,4050984,3920108,79.4274923733817,76.8614115170123,516
-7.6926,53.28823,2022/02/01 00:00:00+00,Tue 01 Feb 2022,751,3422,1,3810575,3682370,241161,4051736,3923531,79.4422368093668,76.9285261504925,517
-7.6926,53.28823,2022/02/02 00:00:00+00,Wed 02 Feb 2022,653,2999,0,3811228,3685369,241161,4052389,3926530,79.4550401560401,76.9873274317683,518
-7.6926,53.28823,2022/02/03 00:00:00+00,Thu 03 Feb 2022,908,2436,1,3812136,3687805,241162,4053298,3928967,79.4728628851763,77.0351095999807,519
-7.6926,53.28823,2022/02/04 00:00:00+00,Fri 04 Feb 2022,1173,6524,0,3813309,3694329,241162,4054471,3935491,79.4958618524776,77.1630254249368,520
-7.6926,53.28823,2022/02/05 00:00:00+00,Sat 05 Feb 2022,1777,5750,0,3815086,3700079,241162,4056248,3941241,79.5307034252776,77.2757654607274,521
-7.6926,53.28823,2022/02/06 00:00:00+00,Sun 06 Feb 2022,1407,7556,0,3816493,3707635,241162,4057655,3948797,79.5582904218615,77.4239156712375,522
-7.6926,53.28823,2022/02/07 00:00:00+00,Mon 07 Feb 2022,443,1352,0,3816936,3708987,241162,4058098,3950149,79.566976306358,77.4504242848704,523
-7.6926,53.28823,2022/02/08 00:00:00+00,Tue 08 Feb 2022,900,1239,0,3817836,3710226,241162,4058998,3951388,79.5846225728296,77.4747173117129,524
-7.6926,53.28823,2022/02/09 00:00:00+00,Wed 09 Feb 2022,1335,1785,0,3819171,3712011,241162,4060333,3953173,79.6107978680957,77.5097157402148,525
-7.6926,53.28823,2022/02/10 00:00:00+00,Thu 10 Feb 2022,687,2555,1,3819858,3714566,241163,4061021,3955729,79.6242874584651,77.559831136994,526
-7.6926,53.28823,2022/02/11 00:00:00+00,Fri 11 Feb 2022,546,4927,0,3820404,3719493,241163,4061567,3960656,79.6349928601245,77.6564346424445,527
-7.6926,53.28823,2022/02/12 00:00:00+00,Sat 12 Feb 2022,1397,5463,0,3821801,3724956,241163,4062964,3966119,79.6623837870809,77.7635474799269,528
-7.6926,53.28823,2022/02/13 00:00:00+00,Sun 13 Feb 2022,1566,4706,0,3823367,3729662,241163,4064530,3970825,79.6930882907415,77.8558178466104,529
-7.6926,53.28823,2022/02/14 00:00:00+00,Mon 14 Feb 2022,175,954,0,3823542,3730616,241163,4064705,3971779,79.696519509222,77.8745228890703,530
-7.6926,53.28823,2022/02/15 00:00:00+00,Tue 15 Feb 2022,650,817,1,3824192,3731433,241164,4065356,3972597,79.7092836419698,77.8905613845967,531
-7.6926,53.28823,2022/02/16 00:00:00+00,Wed 16 Feb 2022,799,1787,0,3824991,3733220,241164,4066155,3974384,79.724949605204,77.9255990270241,532
-7.6926,53.28823,2022/02/17 00:00:00+00,Thu 17 Feb 2022,791,1194,2,3825782,3734414,241166,4066948,3975580,79.7404979266617,77.9490489544685,533
-7.6926,53.28823,2022/02/18 00:00:00+00,Fri 18 Feb 2022,792,3296,0,3826574,3737710,241166,4067740,3978876,79.7560266411567,78.0136735036799,534
-7.6926,53.28823,2022/02/19 00:00:00+00,Sat 19 Feb 2022,980,3556,0,3827554,3741266,241166,4068720,3982432,79.775241464648,78.0833958632054,535
-7.6926,53.28823,2022/02/20 00:00:00+00,Sun 20 Feb 2022,1365,3588,0,3828919,3744854,241166,4070085,3986020,79.8020049687965,78.1537456455387,536
-7.6926,53.28823,2022/02/21 00:00:00+00,Mon 21 Feb 2022,255,997,1,3829174,3745851,241167,4070341,3987018,79.8070243512595,78.1733133943594,537
-7.6926,53.28823,2022/02/22 00:00:00+00,Tue 22 Feb 2022,476,987,1,3829650,3746838,241168,4070818,3988006,79.8163768724894,78.1926850735526,538
-7.6926,53.28823,2022/02/23 00:00:00+00,Wed 23 Feb 2022,829,1273,1,3830479,3748111,241169,4071648,3989280,79.8326506515688,78.2176643440912,539
-7.6926,53.28823,2022/02/24 00:00:00+00,Thu 24 Feb 2022,653,1237,0,3831132,3749348,241169,4072301,3990517,79.845453998242,78.2419181570082,540
-7.6926,53.28823,2022/02/25 00:00:00+00,Fri 25 Feb 2022,693,1228,0,3831825,3750576,241169,4072994,3991745,79.8590416234251,78.2659955072606,541
-7.6926,53.28823,2022/02/26 00:00:00+00,Sat 26 Feb 2022,960,2093,0,3832785,3752669,241169,4073954,3993838,79.8778643076615,78.3070328802883,542
-7.6926,53.28823,2022/02/27 00:00:00+00,Sun 27 Feb 2022,671,1783,0,3833456,3754452,241169,4074625,3995621,79.8910205796642,78.3419920948648,543
-7.6926,53.28823,2022/02/28 00:00:00+00,Mon 28 Feb 2022,81,437,0,3833537,3754889,241169,4074706,3996058,79.8926087436466,78.3505603375848,544
-7.6926,53.28823,2022/03/01 00:00:00+00,Tue 01 Mar 2022,134,938,0,3833671,3755827,241169,4074840,3996996,79.8952360766546,78.3689516686408,545
-7.6926,53.28823,2022/03/02 00:00:00+00,Wed 02 Mar 2022,207,997,2,3833878,3756824,241171,4075049,3997995,79.8993339318686,78.3885390244242,546
-7.6926,53.28823,2022/03/03 00:00:00+00,Thu 03 Mar 2022,279,1278,0,3834157,3758102,241171,4075328,3999273,79.9048042744747,78.4135967228138,547
-7.6926,53.28823,2022/03/04 00:00:00+00,Fri 04 Mar 2022,735,1508,1,3834892,3759610,241172,4076064,4000782,79.9192349990559,78.4431836295978,548
-7.6926,53.28823,2022/03/05 00:00:00+00,Sat 05 Mar 2022,963,3343,0,3835855,3762953,241172,4077027,4004125,79.9381165041805,78.5087297060583,549
-7.6926,53.28823,2022/03/06 00:00:00+00,Sun 06 Mar 2022,455,1916,0,3836310,3764869,241172,4077482,4006041,79.94703767223,78.54629664668,550
-7.6926,53.28823,2022/03/07 00:00:00+00,Mon 07 Mar 2022,116,125,1,3836426,3764994,241173,4077599,4006167,79.9493316868713,78.548767123986,551
-7.6926,53.28823,2022/03/08 00:00:00+00,Tue 08 Mar 2022,120,493,0,3836546,3765487,241173,4077719,4006660,79.9516845224009,78.5584333566199,552
-7.6926,53.28823,2022/03/09 00:00:00+00,Wed 09 Mar 2022,130,344,1,3836676,3765831,241174,4077850,4007005,79.9542530345206,78.5651977587673,553
-7.6926,53.28823,2022/03/10 00:00:00+00,Thu 10 Mar 2022,259,508,0,3836935,3766339,241174,4078109,4007513,79.9593312378719,78.5751580958424,554
-7.6926,53.28823,2022/03/11 00:00:00+00,Fri 11 Mar 2022,493,2183,0,3837428,3768522,241174,4078602,4009696,79.9689974705057,78.6179600955173,555
-7.6926,53.28823,2022/03/12 00:00:00+00,Sat 12 Mar 2022,473,2393,2,3837901,3770915,241176,4079077,4012091,79.9783107778102,78.6649187712944,556
-7.6926,53.28823,2022/03/13 00:00:00+00,Sun 13 Mar 2022,358,1082,0,3838259,3771997,241176,4079435,4013173,79.9853300704733,78.6861335049858,557
-7.6926,53.28823,2022/03/14 00:00:00+00,Mon 14 Mar 2022,109,123,0,3838368,3772120,241176,4079544,4013296,79.9874672294126,78.6885451614035,558
-7.6926,53.28823,2022/03/15 00:00:00+00,Tue 15 Mar 2022,222,755,1,3838590,3772875,241177,4079767,4014052,79.991839582105,78.7033680252397,559
-7.6926,53.28823,2022/03/16 00:00:00+00,Wed 16 Mar 2022,195,799,0,3838785,3773674,241177,4079962,4014851,79.9956629398405,78.7190339884739,560
-7.6926,53.28823,2022/03/17 00:00:00+00,Thu 17 Mar 2022,1,3,0,3838786,3773677,241177,4079963,4014854,79.9956825468033,78.7190928093621,561
-7.6926,53.28823,2022/03/18 00:00:00+00,Fri 18 Mar 2022,4,7,0,3838790,3773684,241177,4079967,4014861,79.9957609746543,78.7192300581013,562
-7.6926,53.28823,2022/03/19 00:00:00+00,Sat 19 Mar 2022,743,2779,0,3839533,3776463,241177,4080710,4017640,80.0103289479747,78.773717807573,563
-7.6926,53.28823,2022/03/20 00:00:00+00,Sun 20 Mar 2022,395,1402,0,3839928,3777865,241177,4081105,4019042,80.0180736982594,78.8012067693431,564
-7.6926,53.28823,2022/03/21 00:00:00+00,Mon 21 Mar 2022,57,112,0,3839985,3777977,241177,4081162,4019154,80.019191295136,78.8034027491707,565
-7.6926,53.28823,2022/03/22 00:00:00+00,Tue 22 Mar 2022,141,575,0,3840126,3778552,241177,4081303,4019729,80.0219558768832,78.8146767527497,566
-7.6926,53.28823,2022/03/23 00:00:00+00,Wed 23 Mar 2022,102,221,0,3840228,3778773,241177,4081405,4019950,80.0239557870833,78.8190098915166,567
-7.6926,53.28823,2022/03/24 00:00:00+00,Thu 24 Mar 2022,147,245,0,3840375,3779018,241177,4081552,4020195,80.026838010607,78.8238135973894,568
-7.6926,53.28823,2022/03/26 00:00:00+00,Sat 26 Mar 2022,874,1848,1,3841683,3782491,241178,4082861,4023669,80.0525035248417,78.8919281859697,569
-7.6926,53.28823,2021/08/12 23:00:00+00,Fri 13 Aug 2021,10957,28251,875,3311886,2907418,231957,3543843,3139375,69.4839976793199,61.5536086712969,570
-7.6926,53.28823,2021/08/13 23:00:00+00,Sat 14 Aug 2021,18156,5866,281,3330042,2913284,232238,3562280,3145522,69.8454912514713,61.6741326712977,571
-7.6926,53.28823,2021/08/14 23:00:00+00,Sun 15 Aug 2021,17007,3744,53,3347049,2917028,232291,3579340,3149319,70.1799860359211,61.748580308845,572
-7.6926,53.28823,2021/08/15 23:00:00+00,Mon 16 Aug 2021,10208,23183,386,3357257,2940211,232677,3589934,3172888,70.3877021992542,62.2106968138097,573
-7.6926,53.28823,2021/08/16 23:00:00+00,Tue 17 Aug 2021,12886,26889,532,3370143,2967100,233209,3603352,3200309,70.6507884253825,62.7483393392728,574
-7.6926,53.28823,2021/08/17 23:00:00+00,Wed 18 Aug 2021,15253,25799,658,3385396,2992899,233867,3619263,3226766,70.962754809637,63.2670807526486,575
-7.6926,53.28823,2021/08/18 23:00:00+00,Thu 19 Aug 2021,11382,25746,545,3396778,3018645,234412,3631190,3253057,71.1966070543107,63.7825674102084,576
-7.6926,53.28823,2021/08/19 23:00:00+00,Fri 20 Aug 2021,14873,22297,686,3411651,3040942,235098,3646749,3276040,71.5016717876786,64.2331942350039,577
-7.6926,53.28823,2021/08/20 23:00:00+00,Sat 21 Aug 2021,11918,8003,246,3423569,3048945,235344,3658913,3284289,71.7401708825231,64.3949320706972,578
-7.6926,53.28823,2021/08/21 23:00:00+00,Sun 22 Aug 2021,8011,12268,162,3431580,3061213,235506,3667086,3296719,71.9004185890477,64.6386466176323,579
-7.6926,53.28823,2021/08/22 23:00:00+00,Mon 23 Aug 2021,10892,15420,294,3442472,3076633,235800,3678272,3312433,72.1197420743265,64.9467504302258,580
-7.6926,53.28823,2021/08/23 23:00:00+00,Tue 24 Aug 2021,9726,22943,384,3452198,3099576,236184,3688382,3335760,72.3179684676904,65.404122050206,581
-7.6926,53.28823,2021/08/24 23:00:00+00,Wed 25 Aug 2021,9426,19559,318,3461624,3119135,236502,3698126,3355637,72.5090187126892,65.7938496487119,582
-7.6926,53.28823,2021/08/25 23:00:00+00,Thu 26 Aug 2021,8605,19470,370,3470229,3138605,236872,3707101,3375477,72.6849912033362,66.1828517895961,583
-7.6926,53.28823,2021/08/26 23:00:00+00,Fri 27 Aug 2021,9738,19249,432,3479967,3157854,237304,3717271,3395158,72.8843940144648,66.5687364234037,584
-7.6926,53.28823,2021/08/27 23:00:00+00,Sat 28 Aug 2021,9939,7952,155,3489906,3165806,237459,3727365,3403265,73.0823066964248,66.727690070387,585
-7.6926,53.28823,2021/08/28 23:00:00+00,Sun 29 Aug 2021,8808,9205,30,3498714,3175011,237489,3736203,3412500,73.2555930331756,66.908760371348,586
-7.6926,53.28823,2021/08/29 23:00:00+00,Mon 30 Aug 2021,5077,11178,85,3503791,3186189,237574,3741365,3423763,73.3568041748714,67.1295935927583,587
-7.6926,53.28823,2021/08/30 23:00:00+00,Tue 31 Aug 2021,4086,12924,146,3507877,3199113,237720,3745597,3436833,73.4397808412132,67.3858565958509,588
-7.6926,53.28823,2021/08/31 23:00:00+00,Wed 01 Sep 2021,5007,12579,184,3512884,3211692,237904,3750788,3449596,73.5415605848286,67.6361002613804,589
-7.6926,53.28823,2021/09/01 23:00:00+00,Thu 02 Sep 2021,5016,12393,249,3517900,3224085,238153,3756053,3462238,73.6447912436873,67.8839714844177,590
-7.6926,53.28823,2021/09/02 23:00:00+00,Fri 03 Sep 2021,4790,16124,167,3522690,3240209,238320,3761010,3478529,73.7419829580201,68.2033885145157,591
-7.6926,53.28823,2021/09/03 23:00:00+00,Sat 04 Sep 2021,4634,10600,136,3527324,3250809,238456,3765780,3489265,73.8355081703194,68.4138888665587,592
-7.6926,53.28823,2021/09/04 23:00:00+00,Sun 05 Sep 2021,5310,11914,1,3532634,3262723,238457,3771091,3501180,73.9396407494644,68.6475058276795,593
-7.6926,53.28823,2021/09/05 23:00:00+00,Mon 06 Sep 2021,2174,9714,76,3534808,3272437,238533,3773341,3510970,73.9837564156433,68.8394579929646,594
-7.6926,53.28823,2021/09/06 23:00:00+00,Tue 07 Sep 2021,3042,10049,162,3537850,3282486,238695,3776545,3521181,74.0465771242821,69.0396646895659,595
-7.6926,53.28823,2021/09/07 23:00:00+00,Wed 08 Sep 2021,2616,14829,191,3540466,3297315,238886,3779352,3536201,74.1016138687106,69.3341612700136,596
-7.6926,53.28823,2021/09/08 23:00:00+00,Thu 09 Sep 2021,3132,14845,138,3543598,3312160,239024,3782622,3551184,74.1657286368906,69.6279323928396,597
-7.6926,53.28823,2021/09/09 23:00:00+00,Fri 10 Sep 2021,3398,13963,116,3546996,3326123,239140,3786136,3565263,74.2346275039807,69.9039788213431,598
-7.6926,53.28823,2021/09/10 23:00:00+00,Sat 11 Sep 2021,2567,11353,62,3549563,3337476,239202,3788765,3576678,74.2861742090404,70.1277923010908,599
-7.6926,53.28823,2021/09/11 23:00:00+00,Sun 12 Sep 2021,2045,12889,1,3551608,3350365,239203,3790811,3589568,74.3262900548191,70.3805260508891,600
-7.6926,53.28823,2021/09/12 23:00:00+00,Mon 13 Sep 2021,1627,7765,52,3553235,3358130,239255,3792490,3597385,74.35921014527,70.533793678676,601
-7.6926,53.28823,2021/09/13 23:00:00+00,Tue 14 Sep 2021,1559,10807,82,3554794,3368937,239337,3794131,3608274,74.3913851711364,70.7472938960192,602
-7.6926,53.28823,2021/09/14 23:00:00+00,Wed 15 Sep 2021,3296,12393,138,3558090,3381330,239475,3797565,3620805,74.4587154812068,70.9929887461916,603
-7.6926,53.28823,2021/09/15 23:00:00+00,Thu 16 Sep 2021,1922,10591,116,3560012,3391921,239591,3799603,3631512,74.4986744712836,71.202920496315,604
-7.6926,53.28823,2021/09/16 23:00:00+00,Fri 17 Sep 2021,2567,14634,95,3562579,3406555,239686,3802265,3646241,74.5508682061139,71.4917114506035,605
-7.6926,53.28823,2021/09/17 23:00:00+00,Sat 18 Sep 2021,2292,11248,48,3564871,3417803,239734,3804605,3657537,74.5967484989399,71.7131917017844,606
-7.6926,53.28823,2021/09/18 23:00:00+00,Sun 19 Sep 2021,1866,8500,16,3566737,3426303,239750,3806487,3666053,74.6336488028283,71.8801645965309,607
-7.6926,53.28823,2021/09/19 23:00:00+00,Mon 20 Sep 2021,968,5650,35,3567705,3431953,239785,3807490,3671738,74.6533145864627,71.9916301797429,608
-7.6926,53.28823,2021/09/20 23:00:00+00,Tue 21 Sep 2021,1480,6695,90,3569185,3438648,239875,3809060,3678523,74.6840975179742,72.1246634219758,609
-7.6926,53.28823,2021/09/21 23:00:00+00,Wed 22 Sep 2021,1904,8174,97,3571089,3446822,239972,3811061,3686794,74.7233310504293,72.2868326108494,610
-7.6926,53.28823,2021/09/22 23:00:00+00,Thu 23 Sep 2021,1693,8745,89,3572782,3455567,240061,3812843,3695628,74.758270658043,72.4600405197492,611
-7.6926,53.28823,2021/09/23 23:00:00+00,Fri 24 Sep 2021,1917,7410,81,3574699,3462977,240142,3814841,3703119,74.7974453696099,72.6069162776809,612
-7.6926,53.28823,2021/09/24 23:00:00+00,Sat 25 Sep 2021,2426,6624,53,3577125,3469601,240195,3817320,3709796,74.8460510302577,72.7378319679371,613
-7.6926,53.28823,2021/09/25 23:00:00+00,Sun 26 Sep 2021,1550,7103,0,3578675,3476704,240195,3818870,3716899,74.8764418225142,72.8771002243233,614
-7.6926,53.28823,2021/09/26 23:00:00+00,Mon 27 Sep 2021,1182,3847,45,3579857,3480551,240240,3820097,3720791,74.9004995658038,72.9534105233314,615
-7.6926,53.28823,2021/09/27 23:00:00+00,Tue 28 Sep 2021,1458,5164,94,3581315,3485715,240334,3821649,3726049,74.9309295719859,73.0565039334508,616
-7.6926,53.28823,2021/09/28 23:00:00+00,Wed 29 Sep 2021,1656,3644,80,3582971,3489359,240414,3823385,3729773,74.9649672593133,73.1295202627176,617
-7.6926,53.28823,2021/09/29 23:00:00+00,Thu 30 Sep 2021,1279,4004,79,3584250,3493363,240493,3824743,3733856,74.9915935147226,73.2095754916103,618
-7.6926,53.28823,2021/09/30 23:00:00+00,Fri 01 Oct 2021,1875,5216,42,3586125,3498579,240535,3826660,3739114,75.029180062307,73.3126689017297,619
-7.6926,53.28823,2021/10/01 23:00:00+00,Sat 02 Oct 2021,1684,4113,41,3587809,3502692,240576,3828385,3743268,75.0630020730442,73.3941162249774,620
-7.6926,53.28823,2021/10/02 23:00:00+00,Sun 03 Oct 2021,1197,3026,9,3589006,3505718,240585,3829591,3746303,75.0866480701161,73.453623356912,621
-7.6926,53.28823,2021/10/03 23:00:00+00,Mon 04 Oct 2021,352,1248,18,3589358,3506966,240603,3829961,3747569,75.0939026463322,73.4784457717487,622
-7.6926,53.28823,2021/10/04 23:00:00+00,Tue 05 Oct 2021,961,2847,70,3590319,3509813,240673,3830992,3750486,75.1141174249235,73.5356392820793,623
-7.6926,53.28823,2021/10/05 23:00:00+00,Wed 06 Oct 2021,974,2587,40,3591293,3512400,240713,3832006,3753113,75.1339988851481,73.5871467732135,624
-7.6926,53.28823,2021/10/06 23:00:00+00,Thu 07 Oct 2021,1214,2726,44,3592507,3515126,240757,3833264,3755883,75.1586644442828,73.6414580600204,625
-7.6926,53.28823,2021/10/07 23:00:00+00,Fri 08 Oct 2021,916,2767,48,3593423,3517893,240805,3834228,3758698,75.1775655563701,73.6966516601509,626
-7.6926,53.28823,2021/10/08 23:00:00+00,Sat 09 Oct 2021,725,2374,23,3594148,3520267,240828,3834976,3761095,75.1922315645043,73.7436495498535,627
-7.6926,53.28823,2021/10/09 23:00:00+00,Sun 10 Oct 2021,1521,3931,3,3595669,3524198,240831,3836500,3765029,75.2221125757294,73.820783341297,628
-7.6926,53.28823,2021/10/10 23:00:00+00,Mon 11 Oct 2021,335,1151,20,3596004,3525349,240851,3836855,3766200,75.2290730475043,73.8437430946728,629
-7.6926,53.28823,2021/10/11 23:00:00+00,Tue 12 Oct 2021,563,1634,21,3596567,3526983,240872,3837439,3767855,75.2405235137481,73.8761926180177,630
-7.6926,53.28823,2021/10/12 23:00:00+00,Wed 13 Oct 2021,991,2092,11,3597558,3529075,240883,3838441,3769958,75.2601696904198,73.917426060673,631
-7.6926,53.28823,2021/10/13 23:00:00+00,Thu 14 Oct 2021,656,1623,9,3598214,3530698,240892,3839106,3771590,75.273208320646,73.9494246238747,632
-7.6926,53.28823,2021/10/14 23:00:00+00,Fri 15 Oct 2021,958,2094,10,3599172,3532792,240902,3840074,3773694,75.2921878605843,73.9906776734927,633
-7.6926,53.28823,2021/10/15 23:00:00+00,Sat 16 Oct 2021,1384,2667,14,3600556,3535459,240916,3841472,3776375,75.3195983945035,74.0432439406152,634
-7.6926,53.28823,2021/10/16 23:00:00+00,Sun 17 Oct 2021,1709,2894,3,3602265,3538353,240919,3843184,3779272,75.3531655147249,74.1000453116909,635
-7.6926,53.28823,2021/10/17 23:00:00+00,Mon 18 Oct 2021,681,1268,6,3602946,3539621,240925,3843871,3780546,75.3666354981316,74.1250245822295,636
-7.6926,53.28823,2021/10/18 23:00:00+00,Tue 19 Oct 2021,1343,1820,13,3604289,3541441,240938,3845227,3782379,75.3932225396154,74.1609641449433,637
-7.6926,53.28823,2021/10/19 23:00:00+00,Wed 20 Oct 2021,2264,2354,1,3606553,3543795,240939,3847492,3784734,75.4376323102355,74.2071385422106,638
-7.6926,53.28823,2021/10/20 23:00:00+00,Thu 21 Oct 2021,1732,1867,11,3608285,3545662,240950,3849235,3786612,75.4718072463021,74.2439604182479,639
-7.6926,53.28823,2021/10/21 23:00:00+00,Fri 22 Oct 2021,1509,1947,3,3609794,3547609,240953,3850747,3788562,75.5014529739743,74.2821939956029,640
-7.6926,53.28823,2021/10/22 23:00:00+00,Sat 23 Oct 2021,2019,1716,1,3611813,3549325,240954,3852767,3790279,75.5410590387216,74.3158591506381,641
-7.6926,53.28823,2021/10/23 23:00:00+00,Sun 24 Oct 2021,1960,2194,2,3613773,3551519,240956,3854729,3792475,75.5795278996296,74.3589160408288,642
-7.6926,53.28823,2021/10/24 23:00:00+00,Mon 25 Oct 2021,1242,871,2,3615015,3552390,240958,3855973,3793348,75.6039189612859,74.3760329193062,643
-7.6926,53.28823,2021/10/25 23:00:00+00,Tue 26 Oct 2021,1247,1245,6,3616262,3553635,240964,3857226,3794599,75.6284864856068,74.4005612297017,644
-7.6926,53.28823,2021/10/26 23:00:00+00,Wed 27 Oct 2021,1569,1441,6,3617831,3555076,240970,3858801,3796046,75.6593674519321,74.4289325047954,645
-7.6926,53.28823,2021/10/27 23:00:00+00,Thu 28 Oct 2021,2162,1714,5,3619993,3556790,240975,3860968,3797765,75.701855740203,74.4626368737561,646
-7.6926,53.28823,2021/10/28 23:00:00+00,Fri 29 Oct 2021,2148,1388,3,3622141,3558178,240978,3863119,3799156,75.7440303170701,74.489910158936,647
-7.6926,53.28823,2021/10/29 23:00:00+00,Sat 30 Oct 2021,2021,1464,1,3624162,3559642,240979,3865141,3800621,75.7836755957429,74.5186343593592,648
-7.6926,53.28823,2021/10/30 23:00:00+00,Sun 31 Oct 2021,1601,1321,0,3625763,3560963,240979,3866742,3801942,75.8150663430995,74.5445351571469,649
-7.6926,53.28823,2021/11/01 00:00:00+00,Mon 01 Nov 2021,297,307,2,3626060,3561270,240981,3867041,3802251,75.8209288249606,74.5505937086354,650
-7.6926,53.28823,2021/11/02 00:00:00+00,Tue 02 Nov 2021,1100,1101,10,3627160,3562371,240991,3868151,3803362,75.8426925536089,74.5723770442464,651
-7.6926,53.28823,2021/11/03 00:00:00+00,Wed 03 Nov 2021,2540,1889,7,3629700,3564260,240998,3870698,3805258,75.8926314877234,74.6095518456132,652
-7.6926,53.28823,2021/11/04 00:00:00+00,Thu 04 Nov 2021,1539,1298,2,3631239,3565558,241000,3872239,3806558,75.9228458173153,74.6350408971832,653
-7.6926,53.28823,2021/11/05 00:00:00+00,Fri 05 Nov 2021,1630,1111,4,3632869,3566669,241004,3873873,3807673,75.9548835944425,74.6569026606452,654
-7.6926,53.28823,2021/11/06 00:00:00+00,Sat 06 Nov 2021,1825,1366,6,3634694,3568035,241010,3875704,3809045,75.9907839432308,74.683803413533,655
-7.6926,53.28823,2021/11/07 00:00:00+00,Sun 07 Nov 2021,698,775,0,3635392,3568810,241010,3876402,3809820,76.0044696032276,74.6989988096613,656
-7.6926,53.28823,2021/11/08 00:00:00+00,Mon 08 Nov 2021,520,541,4,3635912,3569351,241014,3876926,3810365,76.0147436517066,74.709684604358,657
-7.6926,53.28823,2021/11/09 00:00:00+00,Tue 09 Nov 2021,1375,1077,4,3637287,3570428,241018,3878305,3811446,76.0417816533336,74.7308797310866,658
-7.6926,53.28823,2021/11/10 00:00:00+00,Wed 10 Nov 2021,1604,1371,2,3638891,3571799,241020,3879911,3812819,76.073270435504,74.7578000909371,659
-7.6926,53.28823,2021/11/11 00:00:00+00,Thu 11 Nov 2021,1395,1129,2,3640286,3572928,241022,3881308,3813950,76.1006613624604,74.779975565803,660
-7.6926,53.28823,2021/11/12 00:00:00+00,Fri 12 Nov 2021,1145,1162,6,3641431,3574090,241028,3882459,3815118,76.1232289765812,74.8028764982906,661
-7.6926,53.28823,2021/11/13 00:00:00+00,Sat 13 Nov 2021,1397,1386,0,3642828,3575476,241028,3883856,3816504,76.1506199035377,74.8300517486568,662
-7.6926,53.28823,2021/11/14 00:00:00+00,Sun 14 Nov 2021,1648,1808,1,3644476,3577284,241029,3885505,3818313,76.1829517851061,74.8655207442646,663
-7.6926,53.28823,2021/11/15 00:00:00+00,Mon 15 Nov 2021,1244,600,1,3645720,3577884,241030,3886750,3818914,76.2073624537251,74.8773045288751,664
-7.6926,53.28823,2021/11/16 00:00:00+00,Tue 16 Nov 2021,1320,1086,5,3647040,3578970,241035,3888075,3820005,76.2333416793638,74.8986957252312,665
-7.6926,53.28823,2021/11/17 00:00:00+00,Wed 17 Nov 2021,1504,1129,3,3648544,3580099,241038,3889582,3821137,76.2628893722223,74.9208908070598,666
-7.6926,53.28823,2021/11/18 00:00:00+00,Thu 18 Nov 2021,1641,2521,5,3650185,3582620,241043,3891228,3823663,76.2951624329025,74.9704179949567,667
-7.6926,53.28823,2021/11/19 00:00:00+00,Fri 19 Nov 2021,1166,1568,0,3651351,3584188,241043,3892394,3825231,76.3180241514646,75.0011617125427,668
-7.6926,53.28823,2021/11/20 00:00:00+00,Sat 20 Nov 2021,1547,2954,12,3652898,3587142,241055,3893953,3828197,76.3485914063859,75.0593159640479,669
-7.6926,53.28823,2021/11/21 00:00:00+00,Sun 21 Nov 2021,1790,2772,0,3654688,3589914,241055,3895743,3830969,76.3836878697015,75.1136664647803,670
-7.6926,53.28823,2021/11/22 00:00:00+00,Mon 22 Nov 2021,724,522,3,3655412,3590436,241058,3896470,3831494,76.397942131618,75.1239601202221,671
-7.6926,53.28823,2021/11/23 00:00:00+00,Tue 23 Nov 2021,2160,1604,8,3657572,3592040,241066,3898638,3833106,76.4404500268517,75.1555665441689,672
-7.6926,53.28823,2021/11/24 00:00:00+00,Wed 24 Nov 2021,1615,3155,2,3659187,3595195,241068,3900255,3836263,76.4721544856123,75.2174657255586,673
-7.6926,53.28823,2021/11/25 00:00:00+00,Thu 25 Nov 2021,982,1193,2,3660169,3596388,241070,3901239,3837458,76.4914477369546,75.2408960460403,674
-7.6926,53.28823,2021/11/26 00:00:00+00,Fri 26 Nov 2021,1279,1116,12,3661448,3597504,241082,3902530,3838586,76.5167603258599,75.263012700018,675
-7.6926,53.28823,2021/11/27 00:00:00+00,Sat 27 Nov 2021,1200,1569,6,3662648,3599073,241088,3903736,3840161,76.5404063229318,75.2938936663432,676
-7.6926,53.28823,2021/11/28 00:00:00+00,Sun 28 Nov 2021,1962,2263,1,3664610,3601336,241089,3905699,3842425,76.5788947908025,75.3382838300006,677
-7.6926,53.28823,2021/11/29 00:00:00+00,Mon 29 Nov 2021,537,1005,2,3665147,3602341,241091,3906238,3843432,76.5894629437227,75.358028041486,678
-7.6926,53.28823,2021/11/30 00:00:00+00,Tue 30 Nov 2021,1899,1656,6,3667046,3603997,241097,3908143,3845094,76.6268142077542,75.3906148135701,679
-7.6926,53.28823,2021/12/01 00:00:00+00,Wed 01 Dec 2021,1075,1392,4,3668121,3605389,241101,3909222,3846490,76.6479701205573,75.4179861335638,680
-7.6926,53.28823,2022/03/27 00:00:00+00,Sun 27 Mar 2022,380,804,0,3842063,3783295,241178,4083241,4024473,80.0599541706853,78.9076921840176,681
-7.6926,53.28823,2022/03/27 23:00:00+00,Mon 28 Mar 2022,44,53,1,3842107,3783348,241179,4083286,4024527,80.0608364840089,78.9087509600059,682
-7.6926,53.28823,2022/03/28 23:00:00+00,Tue 29 Mar 2022,138,193,3,3842245,3783541,241182,4083427,4024723,80.0636010657561,78.9125939247042,683
-7.6926,53.28823,2022/03/29 23:00:00+00,Wed 30 Mar 2022,109,138,0,3842354,3783679,241182,4083536,4024861,80.0657382246954,78.9152996855631,684
-7.6926,53.28823,2022/03/30 23:00:00+00,Thu 31 Mar 2022,227,361,0,3842581,3784040,241182,4083763,4025222,80.0701890052388,78.9223777991145,685
-7.6926,53.28823,2022/03/31 23:00:00+00,Fri 01 Apr 2022,307,905,0,3842888,3784945,241182,4084070,4026127,80.0762083428019,78.9401221003998,686
-7.6926,53.28823,2022/04/01 23:00:00+00,Sat 02 Apr 2022,729,1538,1,3843617,3786483,241183,4084800,4027666,80.0905214256066,78.9702972160662,687
-7.6926,53.28823,2022/04/02 23:00:00+00,Sun 03 Apr 2022,538,817,0,3844155,3787300,241183,4085338,4028483,80.101069971564,78.9863161046298,688
-7.6926,53.28823,2022/04/03 23:00:00+00,Mon 04 Apr 2022,50,53,0,3844205,3787353,241183,4085388,4028536,80.1020503197013,78.9873552736554,689
-7.6926,53.28823,2022/04/04 23:00:00+00,Tue 05 Apr 2022,132,170,0,3844337,3787523,241183,4085520,4028706,80.1046384387838,78.9906884573222,690
-7.6926,53.28823,2022/04/05 23:00:00+00,Wed 06 Apr 2022,158,211,0,3844495,3787734,241183,4085678,4028917,80.1077363388977,78.9948255264617,691
-7.6926,53.28823,2022/04/06 23:00:00+00,Thu 07 Apr 2022,117,181,0,3844612,3787915,241183,4085795,4029098,80.110030353539,78.9983743867187,692
-7.6926,53.28823,2022/04/07 23:00:00+00,Fri 08 Apr 2022,256,422,2,3844868,3788337,241185,4086053,4029522,80.1150889499275,79.0066877389231,693
-7.6926,53.28823,2022/04/08 23:00:00+00,Sat 09 Apr 2022,559,1019,0,3845427,3789356,241185,4086612,4030541,80.1260492421027,79.0266672339615,694
-7.6926,53.28823,2022/04/09 23:00:00+00,Sun 10 Apr 2022,413,720,0,3845840,3790076,241185,4087025,4031261,80.1341469177168,79.0407842471387,695
-7.6926,53.28823,2022/04/10 23:00:00+00,Mon 11 Apr 2022,70,93,1,3845910,3790169,241186,4087096,4031355,80.1355390120718,79.0426273016368,696
-7.6926,53.28823,2022/04/11 23:00:00+00,Tue 12 Apr 2022,196,178,0,3846106,3790347,241186,4087292,4031533,80.1393819767701,79.0461173410057,697
-7.6926,53.28823,2022/04/12 23:00:00+00,Wed 13 Apr 2022,142,235,0,3846248,3790582,241186,4087434,4031768,80.14216616548,79.050724977251,698
-7.6926,53.28823,2022/04/13 23:00:00+00,Thu 14 Apr 2022,359,431,0,3846607,3791013,241186,4087793,4032199,80.1492050651059,79.0591755781946,699
-7.6926,53.28823,2022/04/14 23:00:00+00,Fri 15 Apr 2022,446,990,0,3847053,3792003,241186,4088239,4033189,80.1579497704907,79.0785864713133,700
-7.6926,53.28823,2022/04/15 23:00:00+00,Sat 16 Apr 2022,43,88,0,3847096,3792091,241186,4088282,4033277,80.1587928698888,79.080311884035,701
-7.6926,53.28823,2022/04/16 23:00:00+00,Sun 17 Apr 2022,1,1,0,3847097,3792092,241186,4088283,4033278,80.1588124768515,79.0803314909978,702
-7.6926,53.28823,2022/04/17 23:00:00+00,Mon 18 Apr 2022,36,62,1,3847133,3792154,241187,4088320,4033341,80.1595379344731,79.0815667296508,703
-7.6926,53.28823,2022/04/18 23:00:00+00,Tue 19 Apr 2022,218,271,1,3847351,3792425,241188,4088539,4033613,80.1638318593146,79.0868998235177,704
-7.6926,53.28823,2022/04/19 23:00:00+00,Wed 20 Apr 2022,252,607,0,3847603,3793032,241188,4088791,4034220,80.1687728139266,79.0988012499047,705
-7.6926,53.28823,2022/04/20 23:00:00+00,Thu 21 Apr 2022,170,236,0,3847773,3793268,241188,4088961,4034456,80.1721059975934,79.1034284931128,706
-7.6926,53.28823,2022/04/21 23:00:00+00,Fri 22 Apr 2022,195,254,0,3847968,3793522,241188,4089156,4034710,80.1759293553289,79.1084086616503,707
-7.6926,53.28823,2022/04/22 23:00:00+00,Sat 23 Apr 2022,323,1010,0,3848291,3794532,241188,4089479,4035720,80.182262404296,79.1282116940239,708
-7.6926,53.28823,2022/04/23 23:00:00+00,Sun 24 Apr 2022,181,252,0,3848472,3794784,241188,4089660,4035972,80.185811264553,79.133152648636,709
-7.6926,53.28823,2022/04/24 23:00:00+00,Mon 25 Apr 2022,41,60,1,3848513,3794844,241189,4089702,4036033,80.1866347569884,79.1343486733635,710
-7.6926,53.28823,2022/04/25 23:00:00+00,Tue 26 Apr 2022,144,238,0,3848657,3795082,241189,4089846,4036271,80.1894581596238,79.1390151304971,711
-7.6926,53.28823,2022/04/26 23:00:00+00,Wed 27 Apr 2022,123,207,0,3848780,3795289,241189,4089969,4036478,80.1918698160416,79.1430737717855,712
-7.6926,53.28823,2022/04/27 23:00:00+00,Thu 28 Apr 2022,100,130,0,3848880,3795419,241189,4090069,4036608,80.1938305123162,79.1456226769425,713
-7.6926,53.28823,2022/04/28 23:00:00+00,Fri 29 Apr 2022,169,222,0,3849049,3795641,241189,4090238,4036830,80.1971440890203,79.1499754226722,714
-7.6926,53.28823,2022/04/29 23:00:00+00,Sat 30 Apr 2022,281,724,0,3849330,3796365,241189,4090519,4037554,80.202653645552,79.1641708637004,715
-7.6926,53.28823,2022/04/30 23:00:00+00,Sun 01 May 2022,187,748,0,3849517,3797113,241189,4090706,4038302,80.2063201475855,79.1788368718346,716
-7.6926,53.28823,2022/05/01 23:00:00+00,Mon 02 May 2022,12,26,0,3849529,3797139,241189,4090718,4038328,80.2065554311385,79.179346652866,717
-7.6926,53.28823,2022/05/02 23:00:00+00,Tue 03 May 2022,96,117,0,3849625,3797256,241189,4090814,4038445,80.2084376995621,79.1816406675073,718
-7.6926,53.28823,2022/05/03 23:00:00+00,Wed 04 May 2022,113,129,0,3849738,3797385,241189,4090927,4038574,80.2106532863524,79.1841699657015,719
-7.6926,53.28823,2022/05/04 23:00:00+00,Thu 05 May 2022,112,166,0,3849850,3797551,241189,4091039,4038740,80.21284926618,79.1874247215174,720
-7.6926,53.28823,2022/05/05 23:00:00+00,Fri 06 May 2022,138,257,0,3849988,3797808,241189,4091177,4038997,80.215555027039,79.1924637109432,721
-7.6926,53.28823,2022/05/06 23:00:00+00,Sat 07 May 2022,441,1088,0,3850429,3798896,241189,4091618,4040085,80.2242016976101,79.213796086411,722
-7.6926,53.28823,2022/05/07 23:00:00+00,Sun 08 May 2022,274,437,0,3850703,3799333,241189,4091892,4040522,80.2295740054025,79.2223643291311,723
-7.6926,53.28823,2022/05/08 23:00:00+00,Mon 09 May 2022,24,32,0,3850727,3799365,241189,4091916,4040554,80.2300445725084,79.222991751939,724
-7.6926,53.28823,2022/05/09 23:00:00+00,Tue 10 May 2022,81,99,1,3850808,3799464,241190,4091998,4040654,80.2316523434536,79.2249524482136,725
-7.6926,53.28823,2022/05/10 23:00:00+00,Wed 11 May 2022,112,132,0,3850920,3799596,241190,4092110,4040786,80.2338483232812,79.2275405672961,726
-7.6926,53.28823,2022/05/11 23:00:00+00,Thu 12 May 2022,207,398,0,3851127,3799994,241190,4092317,4041184,80.2379069645696,79.2353441384691,727
-7.6926,53.28823,2022/05/12 23:00:00+00,Fri 13 May 2022,173,326,0,3851300,3800320,241190,4092490,4041510,80.2412989691247,79.2417360083243,728
-7.6926,53.28823,2022/05/13 23:00:00+00,Sat 14 May 2022,333,633,0,3851633,3800953,241190,4092823,4042143,80.2478280877192,79.2541472157427,729
-7.6926,53.28823,2022/05/14 23:00:00+00,Sun 15 May 2022,168,254,0,3851801,3801207,241190,4092991,4042397,80.2511220574605,79.2591273842802,730
-7.6926,53.28823,2022/05/15 23:00:00+00,Mon 16 May 2022,31,41,0,3851832,3801248,241190,4093022,4042438,80.2517298733057,79.2599312697528,731
-7.6926,53.28823,2022/05/16 23:00:00+00,Tue 17 May 2022,97,101,0,3851929,3801349,241190,4093119,4042539,80.2536317486921,79.2619115729902,732
-7.6926,53.28823,2022/05/17 23:00:00+00,Wed 18 May 2022,99,123,0,3852028,3801472,241190,4093218,4042662,80.2555728380039,79.2643232294079,733
-7.6926,53.28823,2022/05/18 23:00:00+00,Thu 19 May 2022,73,107,0,3852101,3801579,241190,4093291,4042769,80.2570041462844,79.2664211744218,734
-7.6926,53.28823,2022/05/19 23:00:00+00,Fri 20 May 2022,128,210,0,3852229,3801789,241190,4093419,4042979,80.2595138375159,79.2705386365985,735
-7.6926,53.28823,2022/05/20 23:00:00+00,Sat 21 May 2022,392,762,0,3852621,3802551,241190,4093811,4043741,80.2671997669124,79.2854791422111,736
-7.6926,53.28823,2022/05/21 23:00:00+00,Sun 22 May 2022,234,410,0,3852855,3802961,241190,4094045,4044151,80.271787796195,79.293517996937,737
-7.6926,53.28823,2022/05/22 23:00:00+00,Mon 23 May 2022,26,35,0,3852881,3802996,241190,4094071,4044186,80.2722975772264,79.2942042406331,738
-7.6926,53.28823,2022/05/23 23:00:00+00,Tue 24 May 2022,65,83,0,3852946,3803079,241190,4094136,4044269,80.2735720298049,79.295831618541,739
-7.6926,53.28823,2022/05/24 23:00:00+00,Wed 25 May 2022,87,133,1,3853033,3803212,241191,4094224,4044403,80.2752974425266,79.298458951549,740
-7.6926,53.28823,2022/05/25 23:00:00+00,Thu 26 May 2022,99,155,0,3853132,3803367,241191,4094323,4044558,80.2772385318385,79.3014980307747,741
-7.6926,53.28823,2022/05/26 23:00:00+00,Fri 27 May 2022,95,152,1,3853227,3803519,241192,4094419,4044711,80.2791208002621,79.3044978960749,742
-7.6926,53.28823,2022/05/27 23:00:00+00,Sat 28 May 2022,335,580,0,3853562,3804099,241192,4094754,4045291,80.2856891327821,79.3158699344677,743
-7.6926,53.28823,2022/05/28 23:00:00+00,Sun 29 May 2022,181,349,0,3853743,3804448,241192,4094935,4045640,80.2892379930391,79.3227127644661,744
-7.6926,53.28823,2022/05/29 23:00:00+00,Mon 30 May 2022,9,24,0,3853752,3804472,241192,4094944,4045664,80.2894144557038,79.323183331572,745
-7.6926,53.28823,2022/05/30 23:00:00+00,Tue 31 May 2022,65,80,2,3853817,3804552,241194,4095011,4045746,80.2907281222078,79.3247911025172,746
-7.6926,53.28823,2022/05/31 23:00:00+00,Wed 01 Jun 2022,72,102,0,3853889,3804654,241194,4095083,4045848,80.2921398235256,79.3267910127173,747
-7.6926,53.28823,2022/06/01 23:00:00+00,Thu 02 Jun 2022,92,142,0,3853981,3804796,241194,4095175,4045990,80.2939436640982,79.3295752014272,748
-7.6926,53.28823,2022/06/02 23:00:00+00,Fri 03 Jun 2022,59,143,0,3854040,3804939,241194,4095234,4046133,80.2951004749003,79.3323789970999,749
-7.6926,53.28823,2022/06/03 23:00:00+00,Sat 04 Jun 2022,305,607,0,3854345,3805546,241194,4095539,4046740,80.3010805985378,79.3442804234869,750
-7.6926,53.28823,2022/06/04 23:00:00+00,Sun 05 Jun 2022,143,273,0,3854488,3805819,241194,4095682,4047013,80.3038843942105,79.3496331243166,751
-7.6926,53.28823,2022/06/05 23:00:00+00,Mon 06 Jun 2022,5,7,1,3854493,3805826,241195,4095688,4047021,80.304002035987,79.3497899800185,752
-7.6926,53.28823,2022/06/06 23:00:00+00,Tue 07 Jun 2022,29,54,0,3854522,3805880,241195,4095717,4047075,80.3045706379067,79.3508487560068,753
-7.6926,53.28823,2022/06/07 23:00:00+00,Wed 08 Jun 2022,36,76,0,3854558,3805956,241195,4095753,4047151,80.3052764885655,79.3523388851755,754
-7.6926,53.28823,2022/06/08 23:00:00+00,Thu 09 Jun 2022,74,122,0,3854632,3806078,241195,4095827,4047273,80.3067274038087,79.3547309346306,755
-7.6926,53.28823,2022/06/09 23:00:00+00,Fri 10 Jun 2022,56,108,0,3854688,3806186,241195,4095883,4047381,80.3078253937225,79.3568484866072,756
-7.6926,53.28823,2022/06/10 23:00:00+00,Sat 11 Jun 2022,190,562,0,3854878,3806748,241195,4096073,4047943,80.3115507166443,79.3678675996705,757
-7.6926,53.28823,2022/06/11 23:00:00+00,Sun 12 Jun 2022,143,288,0,3855021,3807036,241195,4096216,4048231,80.314354512317,79.3735144049414,758
-7.6926,53.28823,2022/06/12 23:00:00+00,Mon 13 Jun 2022,17,42,0,3855038,3807078,241195,4096233,4048273,80.3146878306837,79.3743378973768,759
-7.6926,53.28823,2022/06/13 23:00:00+00,Tue 14 Jun 2022,37,55,0,3855075,3807133,241195,4096270,4048328,80.3154132883053,79.3754162803278,760
-7.6926,53.28823,2022/06/14 23:00:00+00,Wed 15 Jun 2022,66,124,0,3855141,3807257,241195,4096336,4048452,80.3167073478465,79.3778475437083,761
-7.6926,53.28823,2022/06/15 23:00:00+00,Thu 16 Jun 2022,43,84,0,3855184,3807341,241195,4096379,4048536,80.3175504472446,79.379494528579,762
-7.6926,53.28823,2022/06/16 23:00:00+00,Fri 17 Jun 2022,59,95,0,3855243,3807436,241195,4096438,4048631,80.3187072580467,79.3813571900399,763
-7.6926,53.28823,2022/06/17 23:00:00+00,Sat 18 Jun 2022,223,488,0,3855466,3807924,241195,4096661,4049119,80.323079610739,79.39092538786,764
-7.6926,53.28823,2022/06/18 23:00:00+00,Sun 19 Jun 2022,79,129,0,3855545,3808053,241195,4096740,4049248,80.324628560796,79.3934546860543,765
-7.6926,53.28823,2022/06/19 23:00:00+00,Mon 20 Jun 2022,9,28,0,3855554,3808081,241195,4096749,4049276,80.3248050234607,79.3940036810112,766
-7.6926,53.28823,2022/06/20 23:00:00+00,Tue 21 Jun 2022,74,169,1,3855628,3808250,241196,4096824,4049446,80.3262755456667,79.397336864678,767
-7.6926,53.28823,2022/06/21 23:00:00+00,Wed 22 Jun 2022,60,96,0,3855688,3808346,241196,4096884,4049542,80.3274519634315,79.3992191331017,768
-7.6926,53.28823,2022/06/22 23:00:00+00,Thu 23 Jun 2022,64,113,0,3855752,3808459,241196,4096948,4049655,80.3287068090472,79.401434719892,769
-7.6926,53.28823,2022/06/23 23:00:00+00,Fri 24 Jun 2022,55,93,1,3855807,3808552,241197,4097004,4049749,80.329804798961,79.4032777743901,770
-7.6926,53.28823,2022/06/24 23:00:00+00,Sat 25 Jun 2022,210,293,0,3856017,3808845,241197,4097214,4050042,80.3339222611377,79.4090226144748,771
-7.6926,53.28823,2022/06/25 23:00:00+00,Sun 26 Jun 2022,174,402,0,3856191,3809247,241197,4097388,4050444,80.3373338726555,79.4169046134987,772
-7.6926,53.28823,2022/06/26 23:00:00+00,Mon 27 Jun 2022,5,35,0,3856196,3809282,241197,4097393,4050479,80.3374319074693,79.4175908571948,773
-7.6926,53.28823,2022/06/27 23:00:00+00,Tue 28 Jun 2022,49,60,0,3856245,3809342,241197,4097442,4050539,80.3383926486438,79.4187672749596,774
-7.6926,53.28823,2022/06/28 23:00:00+00,Wed 29 Jun 2022,63,81,4,3856308,3809423,241201,4097509,4050624,80.3397063151478,79.420433866793,775
-7.6926,53.28823,2022/06/29 23:00:00+00,Thu 30 Jun 2022,48,89,0,3856356,3809512,241201,4097557,4050713,80.3406474493596,79.4221788864774,776
-7.6926,53.28823,2022/06/30 23:00:00+00,Fri 01 Jul 2022,46,66,0,3856402,3809578,241201,4097603,4050779,80.3415493696459,79.4234729460187,777
-7.6926,53.28823,2022/07/01 23:00:00+00,Sat 02 Jul 2022,182,228,0,3856584,3809806,241201,4097785,4051007,80.3451178368658,79.4279433335248,778
-7.6926,53.28823,2022/07/02 23:00:00+00,Sun 03 Jul 2022,108,274,0,3856692,3810080,241201,4097893,4051281,80.3472353888423,79.4333156413173,779
-7.6926,53.28823,2022/07/03 23:00:00+00,Mon 04 Jul 2022,15,15,0,3856707,3810095,241201,4097908,4051296,80.3475294932835,79.4336097457585,780
-7.6926,53.28823,2022/07/04 23:00:00+00,Tue 05 Jul 2022,51,69,0,3856758,3810164,241201,4097959,4051365,80.3485294483836,79.434962626188,781
-7.6926,53.28823,2022/07/05 23:00:00+00,Wed 06 Jul 2022,60,83,0,3856818,3810247,241201,4098019,4051448,80.3497058661484,79.4365900040959,782
-7.6926,53.28823,2022/07/06 23:00:00+00,Thu 07 Jul 2022,77,77,0,3856895,3810324,241201,4098096,4051525,80.3512156022798,79.4380997402274,783
-7.6926,53.28823,2022/07/07 23:00:00+00,Fri 08 Jul 2022,99,91,0,3856994,3810415,241201,4098195,4051616,80.3531566915917,79.4398839738373,784
-7.6926,53.28823,2022/07/08 23:00:00+00,Sat 09 Jul 2022,119,144,0,3857113,3810559,241201,4098314,4051760,80.3554899201585,79.4427073764727,785
-7.6926,53.28823,2022/07/09 23:00:00+00,Sun 10 Jul 2022,134,219,0,3857247,3810778,241201,4098448,4051979,80.3581172531665,79.4470013013141,786
-7.6926,53.28823,2022/07/10 23:00:00+00,Mon 11 Jul 2022,11,16,0,3857258,3810794,241201,4098459,4051995,80.3583329297567,79.4473150127181,787
-7.6926,53.28823,2022/07/11 23:00:00+00,Tue 12 Jul 2022,44,81,0,3857302,3810875,241201,4098503,4052076,80.3591956361175,79.4489031767005,788
-7.6926,53.28823,2022/07/12 23:00:00+00,Wed 13 Jul 2022,99,74,1,3857401,3810949,241202,4098603,4052151,80.3611563323921,79.4503736989065,789
-7.6926,53.28823,2022/07/13 23:00:00+00,Thu 14 Jul 2022,73,39,0,3857474,3810988,241202,4098676,4052190,80.3625876406726,79.4511383704536,790
-7.6926,53.28823,2022/07/14 23:00:00+00,Fri 15 Jul 2022,80,118,1,3857554,3811106,241203,4098757,4052309,80.364175804655,79.4534715990203,791
