X,Y,VaccinationDate,VaccineText,Dose1,Dose2,SingleDose,Dose1Cum,Dose2Cum,SingleDoseCum,PartiallyVacc,FullyVacc,PartialPercent,FullyPercent,ObjectId
-7.6926,53.28823,2021/11/11 00:00:00+00,Thu 11 Nov 2021,1387,1098,2,3632153,3565176,240538,3872691,3805714,82.2418238457459,80.8194767915357,1
-7.6926,53.28823,2021/11/12 00:00:00+00,Fri 12 Nov 2021,1145,1133,6,3633298,3566309,240544,3873842,3806853,82.2662668852878,80.8436649948704,2
-7.6926,53.28823,2021/11/13 00:00:00+00,Sat 13 Nov 2021,1399,1363,0,3634697,3567672,240544,3875241,3808216,82.2959765397788,80.8726101407397,3
-7.6926,53.28823,2021/11/14 00:00:00+00,Sun 14 Nov 2021,1646,1801,0,3636343,3569473,240544,3876887,3810017,82.3309315728682,80.9108568081723,4
-7.6926,53.28823,2021/11/15 00:00:00+00,Mon 15 Nov 2021,1244,579,1,3637587,3570052,240545,3878132,3810597,82.3573708293666,80.9231738915209,5
-7.6926,53.28823,2021/11/16 00:00:00+00,Tue 16 Nov 2021,1318,1060,5,3638905,3571112,240550,3879455,3811662,82.3854665212118,80.9457906049111,6
-7.6926,53.28823,2021/11/17 00:00:00+00,Wed 17 Nov 2021,1507,1097,0,3640412,3572209,240550,3880962,3812759,82.4174697015677,80.9690868815205,7
-7.6926,53.28823,2021/11/18 00:00:00+00,Thu 18 Nov 2021,1653,2489,5,3642065,3574698,240555,3882620,3815253,82.4526795708643,81.0220503399196,8
-7.6926,53.28823,2021/11/19 00:00:00+00,Fri 19 Nov 2021,1166,1534,0,3643231,3576232,240555,3883786,3816787,82.4774411556652,81.0546269017417,9
-7.6926,53.28823,2021/11/20 00:00:00+00,Sat 20 Nov 2021,1543,2928,12,3644774,3579160,240567,3885341,3819727,82.5104636808499,81.117061772509,10
-7.6926,53.28823,2021/11/21 00:00:00+00,Sun 21 Nov 2021,1785,2759,0,3646559,3581919,240567,3887126,3822486,82.5483705666729,81.1756528638174,11
-7.6926,53.28823,2021/11/22 00:00:00+00,Mon 22 Nov 2021,714,502,2,3647273,3582421,240569,3887842,3822990,82.5635757937033,81.1863559845204,12
-7.6926,53.28823,2021/11/23 00:00:00+00,Tue 23 Nov 2021,2155,1573,7,3649428,3583994,240576,3890004,3824570,82.6094887837029,81.2199094184702,13
-7.6926,53.28823,2021/11/24 00:00:00+00,Wed 24 Nov 2021,1621,3126,2,3651049,3587120,240578,3891627,3827698,82.6439553807285,81.2863367231504,14
-7.6926,53.28823,2021/11/25 00:00:00+00,Thu 25 Nov 2021,988,1167,1,3652037,3588287,240579,3892616,3828866,82.664958131473,81.3111407806525,15
-7.6926,53.28823,2021/11/26 00:00:00+00,Fri 26 Nov 2021,1286,1090,12,3653323,3589377,240591,3893914,3829968,82.6925229145532,81.3345432390149,16
-7.6926,53.28823,2021/11/27 00:00:00+00,Sat 27 Nov 2021,1201,1553,6,3654524,3590930,240597,3895121,3831527,82.7181551897287,81.367650709602,17
-7.6926,53.28823,2021/11/28 00:00:00+00,Sun 28 Nov 2021,1963,2254,0,3656487,3593184,240597,3897084,3833781,82.7598421459587,81.4155174438569,18
-7.6926,53.28823,2021/11/29 00:00:00+00,Mon 29 Nov 2021,540,984,2,3657027,3594168,240599,3897626,3834767,82.7713522479845,81.4364564855496,19
-7.6926,53.28823,2021/11/30 00:00:00+00,Tue 30 Nov 2021,1950,1629,6,3658977,3595797,240605,3899582,3836402,82.8128905497603,81.4711779187824,20
-7.6926,53.28823,2021/12/01 00:00:00+00,Wed 01 Dec 2021,1078,1357,2,3660055,3597154,240607,3900662,3837761,82.8358258084095,81.5000381192493,21
-7.6926,53.28823,2021/12/02 00:00:00+00,Thu 02 Dec 2021,1772,1396,0,3661827,3598550,240607,3902434,3839157,82.8734566216746,81.5296840646885,22
-7.6926,53.28823,2021/12/03 00:00:00+00,Fri 03 Dec 2021,1045,1166,3,3662872,3599716,240610,3903482,3840326,82.8957123171046,81.5545093585412,23
-7.6926,53.28823,2021/12/04 00:00:00+00,Sat 04 Dec 2021,1204,1695,1,3664076,3601411,240611,3904687,3842022,82.9213021195789,81.5905262091606,24
-7.6926,53.28823,2021/12/05 00:00:00+00,Sun 05 Dec 2021,1345,1772,2,3665421,3603183,240613,3906034,3843796,82.9499074838386,81.628199495127,25
-7.6926,53.28823,2021/12/06 00:00:00+00,Mon 06 Dec 2021,933,1283,0,3666354,3604466,240613,3906967,3845079,82.9697209989494,81.6554457329482,26
-7.6926,53.28823,2021/12/07 00:00:00+00,Tue 07 Dec 2021,482,737,2,3666836,3605203,240615,3907451,3845818,82.9799993926404,81.6711393960424,27
-7.6926,53.28823,2021/12/08 00:00:00+00,Wed 08 Dec 2021,803,1502,1,3667639,3606705,240616,3908255,3847321,82.9970734185237,81.7030576309959,28
-7.6926,53.28823,2021/12/09 00:00:00+00,Thu 09 Dec 2021,798,1197,0,3668437,3607902,240616,3909053,3848518,83.0140200263033,81.7284775426654,29
-7.6926,53.28823,2021/12/10 00:00:00+00,Fri 10 Dec 2021,892,1598,1,3669329,3609500,240617,3909946,3850117,83.0329840873901,81.7624344672766,30
-7.6926,53.28823,2021/12/11 00:00:00+00,Sat 11 Dec 2021,639,836,1,3669968,3610336,240618,3910586,3850954,83.0465753517748,81.7802092927297,31
-7.6926,53.28823,2021/12/12 00:00:00+00,Sun 12 Dec 2021,689,1190,0,3670657,3611526,240618,3911275,3852144,83.061207197339,81.805480549945,32
-7.6926,53.28823,2021/12/13 00:00:00+00,Mon 13 Dec 2021,726,1054,1,3671383,3612580,240619,3912002,3853199,83.076646024226,81.8278848998292,33
-7.6926,53.28823,2021/12/14 00:00:00+00,Tue 14 Dec 2021,627,1190,1,3672010,3613770,240620,3912630,3854390,83.0899824524035,81.8531773933951,34
-7.6926,53.28823,2021/12/15 00:00:00+00,Wed 15 Dec 2021,796,1233,1,3672806,3615003,240621,3913427,3855624,83.1069078238326,81.8793830500369,35
-7.6926,53.28823,2021/12/16 00:00:00+00,Thu 16 Dec 2021,1057,1524,7,3673863,3616527,240628,3914491,3857155,83.1295033008722,81.9118959028072,36
-7.6926,53.28823,2021/12/17 00:00:00+00,Fri 17 Dec 2021,1213,2436,1,3675076,3618963,240629,3915705,3859592,83.1552842305019,81.9636488892221,37
-7.6926,53.28823,2021/12/18 00:00:00+00,Sat 18 Dec 2021,1258,1180,0,3676334,3620143,240629,3916963,3860772,83.1819995595581,81.9887077829314,38
-7.6926,53.28823,2021/12/19 00:00:00+00,Sun 19 Dec 2021,553,881,1,3676887,3621024,240630,3917517,3861654,83.1937644977911,82.0074382441615,39
-7.6926,53.28823,2021/12/20 00:00:00+00,Mon 20 Dec 2021,525,600,0,3677412,3621624,240630,3918042,3862254,83.2049135818567,82.0201800545222,40
-7.6926,53.28823,2021/12/21 00:00:00+00,Tue 21 Dec 2021,1446,1796,3,3678858,3623420,240633,3919491,3864053,83.2356850538777,82.0583842492536,41
-7.6926,53.28823,2021/12/22 00:00:00+00,Wed 22 Dec 2021,1207,1571,2,3680065,3624991,240635,3920700,3865626,83.2613598017544,82.0917890287491,42
-7.6926,53.28823,2021/12/23 00:00:00+00,Thu 23 Dec 2021,951,1355,0,3681016,3626346,240635,3921651,3866981,83.2815555711761,82.1205642838136,43
-7.6926,53.28823,2021/12/24 00:00:00+00,Fri 24 Dec 2021,104,147,0,3681120,3626493,240635,3921755,3867128,83.2837641516386,82.123686027352,44
-7.6926,53.28823,2021/12/25 00:00:00+00,Sat 25 Dec 2021,2,22,0,3681122,3626515,240635,3921757,3867150,83.2838066243398,82.1241532270652,45
-7.6926,53.28823,2021/12/26 00:00:00+00,Sun 26 Dec 2021,11,9,0,3681133,3626524,240635,3921768,3867159,83.2840402241964,82.1243443542206,46
-7.6926,53.28823,2021/12/27 00:00:00+00,Mon 27 Dec 2021,390,585,0,3681523,3627109,240635,3922158,3867744,83.2923224009308,82.1367676193223,47
-7.6926,53.28823,2021/12/28 00:00:00+00,Tue 28 Dec 2021,470,740,1,3681993,3627849,240636,3922629,3868485,83.3023247220639,82.1525037551177,48
-7.6926,53.28823,2021/12/29 00:00:00+00,Wed 29 Dec 2021,1076,1294,0,3683069,3629143,240636,3923705,3869779,83.3251750353107,82.1799835927955,49
-7.6926,53.28823,2021/12/30 00:00:00+00,Thu 30 Dec 2021,1067,1182,1,3684136,3630325,240637,3924773,3870962,83.3478554577527,82.2051061955566,50
-7.6926,53.28823,2021/12/31 00:00:00+00,Fri 31 Dec 2021,718,1671,0,3684854,3631996,240637,3925491,3872633,83.3631031574843,82.2405921374111,51
-7.6926,53.28823,2022/01/01 00:00:00+00,Sat 01 Jan 2022,68,96,0,3684922,3632092,240637,3925559,3872729,83.3645472293252,82.2426308270688,52
-7.6926,53.28823,2022/01/02 00:00:00+00,Sun 02 Jan 2022,272,624,0,3685194,3632716,240637,3925831,3873353,83.3703235166887,82.2558823098439,53
-7.6926,53.28823,2022/01/03 00:00:00+00,Mon 03 Jan 2022,3631,718,1,3688825,3633434,240638,3929463,3874072,83.4474539420719,82.2711512459261,54
-7.6926,53.28823,2022/01/04 00:00:00+00,Tue 04 Jan 2022,1191,773,0,3690016,3634207,240638,3930654,3874845,83.4727464356378,82.2875669449407,55
-7.6926,53.28823,2022/01/05 00:00:00+00,Wed 05 Jan 2022,2145,887,0,3692161,3635094,240638,3932799,3875732,83.5182984076772,82.3064035879239,56
-7.6926,53.28823,2022/01/06 00:00:00+00,Thu 06 Jan 2022,2463,1681,1,3694624,3636775,240639,3935263,3877414,83.5706247755583,82.342123129635,57
-7.6926,53.28823,2022/01/07 00:00:00+00,Fri 07 Jan 2022,4855,771,0,3699479,3637546,240639,3940118,3878185,83.6737272577267,82.3584963559484,58
-7.6926,53.28823,2022/01/08 00:00:00+00,Sat 08 Jan 2022,9792,733,1,3709271,3638279,240640,3949911,3878919,83.8816948391633,82.3740838372896,59
-7.6926,53.28823,2022/01/09 00:00:00+00,Sun 09 Jan 2022,7115,663,0,3716386,3638942,240640,3957026,3879582,84.0327914736902,82.3881635377382,60
-7.6926,53.28823,2022/01/10 00:00:00+00,Mon 10 Jan 2022,6658,498,0,3723044,3639440,240640,3963684,3880080,84.1741830959923,82.3987392403375,61
-7.6926,53.28823,2022/01/11 00:00:00+00,Tue 11 Jan 2022,4777,1349,1,3727821,3640789,240641,3968462,3881430,84.2756503791644,82.427408313649,62
-7.6926,53.28823,2022/01/12 00:00:00+00,Wed 12 Jan 2022,7565,898,1,3735386,3641687,240642,3976028,3882329,84.4363246078124,82.4464997928394,63
-7.6926,53.28823,2022/01/13 00:00:00+00,Thu 13 Jan 2022,7326,798,0,3742712,3642485,240642,3983354,3883127,84.5919021123161,82.4634464006191,64
-7.6926,53.28823,2022/01/14 00:00:00+00,Fri 14 Jan 2022,10731,821,0,3753443,3643306,240642,3994085,3883948,84.8197893906165,82.4808814444626,65
-7.6926,53.28823,2022/01/15 00:00:00+00,Sat 15 Jan 2022,8356,645,0,3761799,3643951,240642,4002441,3884593,84.9972403362394,82.4945788906003,66
-7.6926,53.28823,2022/01/16 00:00:00+00,Sun 16 Jan 2022,6966,1214,1,3768765,3645165,240643,4009408,3885808,85.1451939908773,82.5203810565806,67
-7.6926,53.28823,2022/01/17 00:00:00+00,Mon 17 Jan 2022,2566,549,0,3771331,3645714,240643,4011974,3886357,85.1996864665197,82.5320398130606,68
-7.6926,53.28823,2022/01/18 00:00:00+00,Tue 18 Jan 2022,4060,435,3,3775391,3646149,240646,4016037,3886795,85.285969759012,82.5413413346239,69
-7.6926,53.28823,2022/01/19 00:00:00+00,Wed 19 Jan 2022,3489,614,0,3778880,3646763,240646,4019526,3887409,85.3600633862593,82.554380453893,70
-7.6926,53.28823,2022/01/20 00:00:00+00,Thu 20 Jan 2022,3699,929,1,3782579,3647692,240647,4023226,3888339,85.4386378834834,82.574130259952,71
-7.6926,53.28823,2022/01/21 00:00:00+00,Fri 21 Jan 2022,3253,968,0,3785832,3648660,240647,4026479,3889307,85.5077197319888,82.5946870473339,72
-7.6926,53.28823,2022/01/22 00:00:00+00,Sat 22 Jan 2022,4269,640,0,3790101,3649300,240647,4030748,3889947,85.5983777127049,82.6082783117186,73
-7.6926,53.28823,2022/01/23 00:00:00+00,Sun 23 Jan 2022,3091,677,0,3793192,3649977,240647,4033839,3890624,85.6640192724129,82.6226553210756,74
-7.6926,53.28823,2022/01/24 00:00:00+00,Mon 24 Jan 2022,647,457,0,3793839,3650434,240647,4034486,3891081,85.6777591912518,82.6323603333003,75
-7.6926,53.28823,2022/01/25 00:00:00+00,Tue 25 Jan 2022,698,1830,0,3794537,3652264,240647,4035184,3892911,85.6925821639714,82.6712228549003,76
-7.6926,53.28823,2022/01/26 00:00:00+00,Wed 26 Jan 2022,700,887,0,3795237,3653151,240647,4035884,3893798,85.7074476093922,82.6900594978835,77
-7.6926,53.28823,2022/01/27 00:00:00+00,Thu 27 Jan 2022,1274,1165,0,3796511,3654316,240647,4037158,3894963,85.734502720058,82.7147998463338,78
-7.6926,53.28823,2022/01/28 00:00:00+00,Fri 28 Jan 2022,1032,3091,0,3797543,3657407,240647,4038190,3898054,85.7564186338783,82.7804414060418,79
-7.6926,53.28823,2022/01/29 00:00:00+00,Sat 29 Jan 2022,2328,3442,0,3799871,3660849,240647,4040518,3901496,85.8058568580777,82.8535369248108,80
-7.6926,53.28823,2022/01/30 00:00:00+00,Sun 30 Jan 2022,1634,7538,0,3801505,3668387,240647,4042152,3909034,85.8405570549599,83.0136165356419,81
-7.6926,53.28823,2022/01/31 00:00:00+00,Mon 31 Jan 2022,481,1388,0,3801986,3669775,240647,4042633,3910422,85.850771739599,83.0430925902763,82
-7.6926,53.28823,2022/02/01 00:00:00+00,Tue 01 Feb 2022,754,3413,1,3802740,3673188,240648,4043388,3913836,85.8668051843028,83.1155934912284,83
-7.6926,53.28823,2022/02/02 00:00:00+00,Wed 02 Feb 2022,647,2994,0,3803387,3676182,240648,4044035,3916830,85.8805451031418,83.1791751249281,84
-7.6926,53.28823,2022/02/03 00:00:00+00,Thu 03 Feb 2022,909,2427,1,3804296,3678609,240649,4044945,3919258,85.8998701821888,83.2307369841876,85
-7.6926,53.28823,2022/02/04 00:00:00+00,Fri 04 Feb 2022,1174,6519,0,3805470,3685128,240649,4046119,3925777,85.9248016577945,83.3691767537562,86
-7.6926,53.28823,2022/02/05 00:00:00+00,Sat 05 Feb 2022,1777,5748,0,3807247,3690876,240649,4047896,3931525,85.9625386528126,83.4912432970114,87
-7.6926,53.28823,2022/02/06 00:00:00+00,Sun 06 Feb 2022,1408,7555,0,3808655,3698431,240649,4049304,3939080,85.992439434459,83.6516839258027,88
-7.6926,53.28823,2022/02/07 00:00:00+00,Mon 07 Feb 2022,440,1349,0,3809095,3699780,240649,4049744,3940429,86.0017834287235,83.6803317627636,89
-7.6926,53.28823,2022/02/08 00:00:00+00,Tue 08 Feb 2022,900,1235,0,3809995,3701015,240649,4050644,3941664,86.0208961442645,83.706558655756,90
-7.6926,53.28823,2022/02/09 00:00:00+00,Wed 09 Feb 2022,1332,1782,0,3811327,3702797,240649,4051976,3943446,86.0491829632652,83.7444018325272,91
-7.6926,53.28823,2022/02/10 00:00:00+00,Thu 10 Feb 2022,686,2545,0,3812013,3705342,240649,4052662,3945991,86.0637510997775,83.798448344807,92
-7.6926,53.28823,2022/02/11 00:00:00+00,Fri 11 Feb 2022,551,4916,0,3812564,3710258,240649,4053213,3950907,86.0754523289587,83.902846244362,93
-7.6926,53.28823,2022/02/12 00:00:00+00,Sat 12 Feb 2022,1398,5459,0,3813962,3715717,240649,4054611,3956366,86.1051407470991,84.0187754822934,94
-7.6926,53.28823,2022/02/13 00:00:00+00,Sun 13 Feb 2022,1568,4705,0,3815530,3720422,240649,4056179,3961071,86.1384393448416,84.1186925118717,95
-7.6926,53.28823,2022/02/14 00:00:00+00,Mon 14 Feb 2022,173,953,0,3815703,3721375,240649,4056352,3962024,86.1421132334956,84.1389307539945,96
-7.6926,53.28823,2022/02/15 00:00:00+00,Tue 15 Feb 2022,649,815,1,3816352,3722190,240650,4057002,3962840,86.1559168613863,84.156259616085,97
-7.6926,53.28823,2022/02/16 00:00:00+00,Wed 16 Feb 2022,801,1785,0,3817153,3723975,240650,4057803,3964625,86.1729271782178,84.194166501908,98
-7.6926,53.28823,2022/02/17 00:00:00+00,Thu 17 Feb 2022,794,1187,2,3817947,3725162,240652,4058599,3965814,86.1898313132963,84.2194165227727,99
-7.6926,53.28823,2022/02/18 00:00:00+00,Fri 18 Feb 2022,795,3290,0,3818742,3728452,240652,4059394,3969104,86.2067142120242,84.2892841162503,100
-7.6926,53.28823,2022/02/19 00:00:00+00,Sat 19 Feb 2022,979,3553,0,3819721,3732005,240652,4060373,3972657,86.2275045992626,84.3647368699361,101
-7.6926,53.28823,2022/02/20 00:00:00+00,Sun 20 Feb 2022,1366,3587,0,3821087,3735592,240652,4061739,3976244,86.2565134541837,84.4409116595422,102
-7.6926,53.28823,2022/02/21 00:00:00+00,Mon 21 Feb 2022,252,989,2,3821339,3736581,240654,4061993,3977235,86.2619074872364,84.4619568829879,103
-7.6926,53.28823,2022/02/22 00:00:00+00,Tue 22 Feb 2022,473,976,0,3821812,3737557,240654,4062466,3978211,86.2719522810707,84.4826835611746,104
-7.6926,53.28823,2022/02/23 00:00:00+00,Wed 23 Feb 2022,828,1270,1,3822640,3738827,240655,4063295,3979482,86.2895572157191,84.5096749627886,105
-7.6926,53.28823,2022/02/24 00:00:00+00,Thu 24 Feb 2022,660,1232,0,3823300,3740059,240655,4063955,3980714,86.3035732071158,84.5358381467292,106
-7.6926,53.28823,2020/12/28 00:00:00+00,Mon 28 Dec 2020,219,17,0,219,17,0,219,17,0.00465076078164211,0.000361017960218794,107
-7.6926,53.28823,2020/12/29 00:00:00+00,Tue 29 Dec 2020,75,2,0,294,19,0,294,19,0.00624348707672502,0.000403490661421005,108
-7.6926,53.28823,2020/12/30 00:00:00+00,Wed 30 Dec 2020,1057,1,0,1351,20,0,1351,20,0.0286903096620936,0.00042472701202211,109
-7.6926,53.28823,2020/12/31 00:00:00+00,Thu 31 Dec 2020,1033,1,0,2384,21,0,2384,21,0.0506274598330356,0.000445963362623216,110
-7.6926,53.28823,2021/01/01 00:00:00+00,Fri 01 Jan 2021,815,0,2,3199,21,2,3201,23,0.0679775582741388,0.000488436063825427,111
-7.6926,53.28823,2021/01/02 00:00:00+00,Sat 02 Jan 2021,1016,0,0,4215,21,2,4217,23,0.089553690484862,0.000488436063825427,112
-7.6926,53.28823,2021/01/03 00:00:00+00,Sun 03 Jan 2021,21,2,1,4236,23,3,4239,26,0.0900208901980863,0.000552145115628744,113
-7.6926,53.28823,2021/01/04 00:00:00+00,Mon 04 Jan 2021,1187,3,0,5423,26,3,5426,29,0.115228438361599,0.00061585416743206,114
-7.6926,53.28823,2021/01/05 00:00:00+00,Tue 05 Jan 2021,3528,10,0,8951,36,3,8954,39,0.190150283282299,0.000828217673443115,115
-7.6926,53.28823,2021/01/06 00:00:00+00,Wed 06 Jan 2021,6775,10,0,15726,46,3,15729,49,0.334026558604789,0.00104058117945417,116
-7.6926,53.28823,2021/01/07 00:00:00+00,Thu 07 Jan 2021,11723,8,0,27449,54,3,27452,57,0.582980296701549,0.00121047198426301,117
-7.6926,53.28823,2021/01/08 00:00:00+00,Fri 08 Jan 2021,12676,5,0,40125,59,3,40128,62,0.852172276921162,0.00131665373726854,118
-7.6926,53.28823,2021/01/09 00:00:00+00,Sat 09 Jan 2021,8074,7,0,48199,66,3,48202,69,1.02363457167449,0.00146530819147628,119
-7.6926,53.28823,2021/01/10 00:00:00+00,Sun 10 Jan 2021,4780,4,1,52979,70,4,52983,74,1.12516556389837,0.00157148994448181,120
-7.6926,53.28823,2021/01/11 00:00:00+00,Mon 11 Jan 2021,8340,6,0,61319,76,4,61323,80,1.30227672791159,0.00169890804808844,121
-7.6926,53.28823,2021/01/12 00:00:00+00,Tue 12 Jan 2021,8879,10,0,70198,86,4,70202,90,1.49083428489881,0.0019112715540995,122
-7.6926,53.28823,2021/01/13 00:00:00+00,Wed 13 Jan 2021,9878,5,0,80076,91,4,80080,95,1.70060695613653,0.00201745330710502,123
-7.6926,53.28823,2021/01/14 00:00:00+00,Thu 14 Jan 2021,8081,4,0,88157,95,4,88161,99,1.87221790534406,0.00210239870950945,124
-7.6926,53.28823,2021/01/15 00:00:00+00,Fri 15 Jan 2021,7690,2,0,95847,97,4,95851,101,2.03552544146657,0.00214487141071166,125
-7.6926,53.28823,2021/01/16 00:00:00+00,Sat 16 Jan 2021,5231,3,0,101078,100,4,101082,104,2.14661279146095,0.00220858046251497,126
-7.6926,53.28823,2021/01/17 00:00:00+00,Sun 17 Jan 2021,1111,4,0,102189,104,4,102193,108,2.17020637697878,0.0022935258649194,127
-7.6926,53.28823,2021/01/18 00:00:00+00,Mon 18 Jan 2021,8712,8,1,110901,112,5,110906,117,2.35523869976621,0.00248465302032935,128
-7.6926,53.28823,2021/01/19 00:00:00+00,Tue 19 Jan 2021,8376,19,0,119277,131,5,119282,136,2.53311437240107,0.00288814368175035,129
-7.6926,53.28823,2021/01/20 00:00:00+00,Wed 20 Jan 2021,8445,962,1,127722,1093,6,127728,1099,2.71247658957801,0.023338749310615,130
-7.6926,53.28823,2021/01/21 00:00:00+00,Thu 21 Jan 2021,9003,962,0,136725,2055,6,136731,2061,2.90366745403976,0.0437681185888785,131
-7.6926,53.28823,2021/01/22 00:00:00+00,Fri 22 Jan 2021,6778,967,0,143503,3022,6,143509,3028,3.04760743841405,0.0643036696201475,132
-7.6926,53.28823,2021/01/23 00:00:00+00,Sat 23 Jan 2021,4185,460,0,147688,3482,6,147694,3488,3.13648156567968,0.0740723908966561,133
-7.6926,53.28823,2021/01/24 00:00:00+00,Sun 24 Jan 2021,1181,398,0,148869,3880,6,148875,3886,3.16156169573958,0.0825244584358961,134
-7.6926,53.28823,2021/01/25 00:00:00+00,Mon 25 Jan 2021,1355,1287,0,150224,5167,6,150230,5173,3.19033695080408,0.109855641659519,135
-7.6926,53.28823,2021/01/26 00:00:00+00,Tue 26 Jan 2021,1001,3499,0,151225,8666,6,151231,8672,3.21159453775579,0.184161632412787,136
-7.6926,53.28823,2021/01/27 00:00:00+00,Wed 27 Jan 2021,2167,6700,0,153392,15366,6,153398,15372,3.25761370950839,0.326445181440194,137
-7.6926,53.28823,2021/01/28 00:00:00+00,Thu 28 Jan 2021,1003,11538,0,154395,26904,6,154401,26910,3.27891376916129,0.57147019467575,138
-7.6926,53.28823,2021/01/29 00:00:00+00,Fri 29 Jan 2021,1575,11526,0,155970,38430,6,155976,38436,3.31236102135803,0.816240371704092,139
-7.6926,53.28823,2021/01/30 00:00:00+00,Sat 30 Jan 2021,631,7793,0,156601,46223,6,156607,46229,3.32576115858733,0.981735251938507,140
-7.6926,53.28823,2021/01/31 00:00:00+00,Sun 31 Jan 2021,225,4086,0,156826,50309,6,156832,50315,3.33053933747258,1.06850698049462,141
-7.6926,53.28823,2021/02/01 00:00:00+00,Mon 01 Feb 2021,1024,8335,0,157850,58644,6,157856,58650,3.35228536048811,1.24551196275484,142
-7.6926,53.28823,2021/02/02 00:00:00+00,Tue 02 Feb 2021,826,5108,0,158676,63752,6,158682,63758,3.36982658608463,1.35398724162529,143
-7.6926,53.28823,2021/02/03 00:00:00+00,Wed 03 Feb 2021,1396,6864,0,160072,70616,6,160078,70622,3.39947253152377,1.49975355215127,144
-7.6926,53.28823,2021/02/04 00:00:00+00,Thu 04 Feb 2021,1426,10541,1,161498,81157,7,161505,81164,3.42977680383155,1.72362716018813,145
-7.6926,53.28823,2021/02/05 00:00:00+00,Fri 05 Feb 2021,3389,8613,0,164887,89770,7,164894,89777,3.50174679601869,1.90653584791545,146
-7.6926,53.28823,2021/02/06 00:00:00+00,Sat 06 Feb 2021,895,3867,0,165782,93637,7,165789,93644,3.52075332980668,1.98865681568993,147
-7.6926,53.28823,2021/02/07 00:00:00+00,Sun 07 Feb 2021,328,1300,2,166110,94937,9,166119,94946,3.52776132550505,2.01630654417256,148
-7.6926,53.28823,2021/02/08 00:00:00+00,Mon 08 Feb 2021,1179,879,0,167289,95816,9,167298,95825,3.55279898286375,2.03497329635094,149
-7.6926,53.28823,2021/02/09 00:00:00+00,Tue 09 Feb 2021,4260,543,2,171549,96359,11,171560,96370,3.64330830912566,2.04654710742854,150
-7.6926,53.28823,2021/02/10 00:00:00+00,Wed 10 Feb 2021,8823,580,0,180372,96939,11,180383,96950,3.83067663047922,2.05886419077718,151
-7.6926,53.28823,2021/02/11 00:00:00+00,Thu 11 Feb 2021,6176,445,0,186548,97384,11,186559,97395,3.96183233179165,2.06831436679467,152
-7.6926,53.28823,2021/02/12 00:00:00+00,Fri 12 Feb 2021,4392,522,0,190940,97906,11,190951,97917,4.0551023836317,2.07939974180845,153
-7.6926,53.28823,2021/02/13 00:00:00+00,Sat 13 Feb 2021,1208,1914,0,192148,99820,11,192159,99831,4.08075589515784,2.12004611685897,154
-7.6926,53.28823,2021/02/14 00:00:00+00,Sun 14 Feb 2021,2695,27,0,194843,99847,11,194854,99858,4.13798786002782,2.1206194983252,155
-7.6926,53.28823,2021/02/15 00:00:00+00,Mon 15 Feb 2021,1961,7887,0,196804,107734,11,196815,107745,4.17963234355658,2.28811059551611,156
-7.6926,53.28823,2021/02/16 00:00:00+00,Tue 16 Feb 2021,5646,8158,0,202450,115892,11,202461,115903,4.29953277905043,2.46135674371993,157
-7.6926,53.28823,2021/02/17 00:00:00+00,Wed 17 Feb 2021,9741,8463,0,212191,124355,11,212202,124366,4.50639607025579,2.64107997885709,158
-7.6926,53.28823,2021/02/18 00:00:00+00,Thu 18 Feb 2021,8459,8350,1,220650,132705,12,220662,132717,4.68605559634115,2.81842474272692,159
-7.6926,53.28823,2021/02/19 00:00:00+00,Fri 19 Feb 2021,9385,6582,0,230035,139287,12,230047,139299,4.88535874673252,2.9582024023834,160
-7.6926,53.28823,2021/02/20 00:00:00+00,Sat 20 Feb 2021,5885,3568,2,235920,142855,14,235934,142869,5.01037714272123,3.03401617402934,161
-7.6926,53.28823,2021/02/21 00:00:00+00,Sun 21 Feb 2021,1108,1023,5,237028,143878,19,237047,143897,5.03401320094026,3.05584714244728,162
-7.6926,53.28823,2021/02/22 00:00:00+00,Mon 22 Feb 2021,3941,1123,1,240969,145001,20,240989,145021,5.11772689500982,3.07971680052292,163
-7.6926,53.28823,2021/02/23 00:00:00+00,Tue 23 Feb 2021,13359,1063,1,254328,146064,21,254349,146085,5.40144453904059,3.1023122775625,164
-7.6926,53.28823,2021/02/24 00:00:00+00,Wed 24 Feb 2021,16936,2102,3,271264,148166,24,271288,148190,5.76116708187271,3.14701479557783,165
-7.6926,53.28823,2021/02/25 00:00:00+00,Thu 25 Feb 2021,18085,1755,2,289349,149921,26,289375,149947,6.14526895519491,3.18432706358397,166
-7.6926,53.28823,2021/02/26 00:00:00+00,Fri 26 Feb 2021,16076,2767,0,305425,152688,26,305451,152714,6.48666452745828,3.24308804569723,167
-7.6926,53.28823,2021/02/27 00:00:00+00,Sat 27 Feb 2021,8991,704,1,314416,153392,27,314443,153419,6.67762179206342,3.25805967287101,168
-7.6926,53.28823,2021/02/28 00:00:00+00,Sun 28 Feb 2021,2441,57,2,316857,153449,29,316886,153478,6.72950219658192,3.25931261755647,169
-7.6926,53.28823,2021/03/01 00:00:00+00,Mon 01 Mar 2021,5592,795,0,322449,154244,29,322478,154273,6.84825586914331,3.27619551628435,170
-7.6926,53.28823,2021/03/02 00:00:00+00,Tue 02 Mar 2021,12178,1609,0,334627,155853,29,334656,155882,7.10687214676357,3.31036480440153,171
-7.6926,53.28823,2021/03/03 00:00:00+00,Wed 03 Mar 2021,12895,1503,1,347522,157356,30,347552,157386,7.38073612411543,3.34230427570559,172
-7.6926,53.28823,2021/03/04 00:00:00+00,Thu 04 Mar 2021,18736,1687,4,366258,159043,34,366292,159077,7.77870533438014,3.37821494457206,173
-7.6926,53.28823,2021/03/05 00:00:00+00,Fri 05 Mar 2021,18443,2395,6,384701,161438,40,384741,161478,8.17049476661994,3.42920342236532,174
-7.6926,53.28823,2021/03/06 00:00:00+00,Sat 06 Mar 2021,10393,139,4,395094,161577,44,395138,161621,8.39128910381963,3.43224022050128,175
-7.6926,53.28823,2021/03/07 00:00:00+00,Sun 07 Mar 2021,1519,11,3,396613,161588,47,396660,161635,8.42361082943452,3.43253752940969,176
-7.6926,53.28823,2021/03/08 00:00:00+00,Mon 08 Mar 2021,6668,1495,5,403281,163083,52,403333,163135,8.56532099699569,3.46439205531135,177
-7.6926,53.28823,2021/03/09 00:00:00+00,Tue 09 Mar 2021,13824,3103,5,417105,166186,57,417162,166243,8.85899848945838,3.53039463297959,178
-7.6926,53.28823,2021/03/10 00:00:00+00,Wed 10 Mar 2021,13731,3987,3,430836,170173,60,430896,170233,9.15065852861397,3.615127671878,179
-7.6926,53.28823,2021/03/11 00:00:00+00,Thu 11 Mar 2021,18475,2097,3,449311,172270,63,449374,172333,9.54306381502119,3.65972400814032,180
-7.6926,53.28823,2021/03/12 00:00:00+00,Fri 12 Mar 2021,17323,1337,4,466634,173607,67,466701,173674,9.91102606188655,3.6882019542964,181
-7.6926,53.28823,2021/03/13 00:00:00+00,Sat 13 Mar 2021,8303,175,0,474937,173782,67,475004,173849,10.0873514809275,3.69191831565159,182
-7.6926,53.28823,2021/03/14 00:00:00+00,Sun 14 Mar 2021,382,19,2,475319,173801,69,475388,173870,10.0955062395584,3.69236427901422,183
-7.6926,53.28823,2021/03/15 00:00:00+00,Mon 15 Mar 2021,2653,992,0,477972,174793,69,478041,174862,10.1518462777031,3.71343073881051,184
-7.6926,53.28823,2021/03/16 00:00:00+00,Tue 16 Mar 2021,8934,3821,2,486906,178614,71,486977,178685,10.3416143066746,3.79461730715854,185
-7.6926,53.28823,2021/03/17 00:00:00+00,Wed 17 Mar 2021,4898,2415,6,491804,181029,77,491881,181106,10.4457573700224,3.84603051196382,186
-7.6926,53.28823,2021/03/18 00:00:00+00,Thu 18 Mar 2021,11720,4679,5,503524,185708,82,503606,185790,10.6947535808203,3.9455015781794,187
-7.6926,53.28823,2021/03/19 00:00:00+00,Fri 19 Mar 2021,10366,6127,2,513890,191835,84,513974,191919,10.9149320638526,4.07565917101357,188
-7.6926,53.28823,2021/03/20 00:00:00+00,Sat 20 Mar 2021,5240,3118,4,519130,194953,88,519218,195041,11.0262954864048,4.14195905759022,189
-7.6926,53.28823,2021/03/21 00:00:00+00,Sun 21 Mar 2021,3636,55,3,522766,195008,91,522857,195099,11.1035745662422,4.14319076592509,190
-7.6926,53.28823,2021/03/22 00:00:00+00,Mon 22 Mar 2021,7412,2403,1,530178,197411,92,530270,197503,11.2609996332482,4.19424295277014,191
-7.6926,53.28823,2021/03/23 00:00:00+00,Tue 23 Mar 2021,12560,7386,4,542738,204797,96,542834,204893,11.5278131422005,4.35117958371231,192
-7.6926,53.28823,2021/03/24 00:00:00+00,Wed 24 Mar 2021,13622,9779,2,556360,214576,98,556458,214674,11.81713718279,4.55889232894173,193
-7.6926,53.28823,2021/03/25 00:00:00+00,Thu 25 Mar 2021,20866,10225,3,577226,224801,101,577327,224902,12.2603185834844,4.77609772288983,194
-7.6926,53.28823,2021/03/26 00:00:00+00,Fri 26 Mar 2021,19696,9494,1,596922,234295,102,597024,234397,12.6786109812744,4.97773687184733,195
-7.6926,53.28823,2021/03/27 00:00:00+00,Sat 27 Mar 2021,11747,5349,3,608669,239644,105,608774,239749,12.9281381008374,5.09139382026445,196
-7.6926,53.28823,2021/03/28 00:00:00+00,Sun 28 Mar 2021,2488,482,0,611157,240126,105,611262,240231,12.980974141133,5.10162974125418,197
-7.6926,53.28823,2021/03/28 23:00:00+00,Mon 29 Mar 2021,9266,3119,3,620423,243245,108,620531,243353,13.1778138748546,5.16792962783083,198
-7.6926,53.28823,2021/03/29 23:00:00+00,Tue 30 Mar 2021,13321,8661,4,633744,251906,112,633856,252018,13.4607882466143,5.35194260578941,199
-7.6926,53.28823,2021/03/30 23:00:00+00,Wed 31 Mar 2021,15834,10503,4,649578,262409,116,649694,262525,13.7971295674347,5.57507294155523,200
-7.6926,53.28823,2021/03/31 23:00:00+00,Thu 01 Apr 2021,19692,11573,8,669270,273982,124,669394,274106,14.2154856742764,5.82101111786663,201
-7.6926,53.28823,2021/04/01 23:00:00+00,Fri 02 Apr 2021,20137,13720,8,689407,287702,132,689539,287834,14.6432919571357,6.11254373891861,202
-7.6926,53.28823,2021/04/02 23:00:00+00,Sat 03 Apr 2021,7546,4636,6,696953,292338,138,697091,292476,14.8036688768752,6.21112287840894,203
-7.6926,53.28823,2021/04/03 23:00:00+00,Sun 04 Apr 2021,3033,169,3,699986,292507,141,700127,292648,14.8681424373002,6.21477553071233,204
-7.6926,53.28823,2021/04/04 23:00:00+00,Mon 05 Apr 2021,3430,605,4,703416,293112,145,703561,293257,14.9410680652644,6.2277084682284,205
-7.6926,53.28823,2021/04/05 23:00:00+00,Tue 06 Apr 2021,11987,8157,11,715403,301269,156,715559,301425,15.1958617997765,6.40116697993823,206
-7.6926,53.28823,2021/04/06 23:00:00+00,Wed 07 Apr 2021,18357,10467,10,733760,311736,166,733926,311902,15.585909851267,6.62366022518601,207
-7.6926,53.28823,2021/04/07 23:00:00+00,Thu 08 Apr 2021,20181,10575,15,753941,322311,181,754122,322492,16.0147991880069,6.84855317805172,208
-7.6926,53.28823,2021/04/08 23:00:00+00,Fri 09 Apr 2021,20677,9155,16,774618,331466,197,774815,331663,16.4542429909956,7.04331174941446,209
-7.6926,53.28823,2021/04/09 23:00:00+00,Sat 10 Apr 2021,11167,4167,12,785785,335633,209,785994,335842,16.6916441543653,7.13205845857648,210
-7.6926,53.28823,2021/04/10 23:00:00+00,Sun 11 Apr 2021,2859,362,8,788644,335995,217,788861,336212,16.7525287715387,7.13991590829889,211
-7.6926,53.28823,2021/04/11 23:00:00+00,Mon 12 Apr 2021,7773,2795,13,796417,338790,230,796647,339020,16.9178749973189,7.19954758078679,212
-7.6926,53.28823,2021/04/12 23:00:00+00,Tue 13 Apr 2021,11508,8593,1,807925,347383,231,808156,347614,17.162284156387,7.38205277785269,213
-7.6926,53.28823,2021/04/13 23:00:00+00,Wed 14 Apr 2021,20344,6596,2,828269,353979,233,828502,354212,17.5943589457171,7.52217021911879,214
-7.6926,53.28823,2021/04/14 23:00:00+00,Thu 15 Apr 2021,27124,10800,1,855393,364779,234,855627,365013,18.1703949557721,7.75154404196133,215
-7.6926,53.28823,2021/04/15 23:00:00+00,Fri 16 Apr 2021,27966,9832,1,883359,374611,235,883594,374846,18.7643119730332,7.960361077422,216
-7.6926,53.28823,2021/04/16 23:00:00+00,Sat 17 Apr 2021,15848,4550,3,899207,379161,238,899445,379399,19.1009293664114,8.05705018170883,217
-7.6926,53.28823,2021/04/17 23:00:00+00,Sun 18 Apr 2021,1071,485,0,900278,379646,238,900516,379884,19.1236734979051,8.06734981175037,218
-7.6926,53.28823,2021/04/18 23:00:00+00,Mon 19 Apr 2021,6739,2254,0,907017,381900,238,907255,382138,19.266785264606,8.11521654600526,219
-7.6926,53.28823,2021/04/19 23:00:00+00,Tue 20 Apr 2021,15087,7310,1,922104,389210,239,922343,389449,19.5871993224755,8.27047550524994,220
-7.6926,53.28823,2021/04/20 23:00:00+00,Wed 21 Apr 2021,26712,9875,4,948816,399085,243,949059,399328,20.1545496651346,8.48026941283827,221
-7.6926,53.28823,2021/04/21 23:00:00+00,Thu 22 Apr 2021,31618,12180,1,980434,411265,244,980678,411509,20.826021834791,8.73894939951033,222
-7.6926,53.28823,2021/04/22 23:00:00+00,Fri 23 Apr 2021,33613,12351,3,1014047,423616,247,1014294,423863,21.5399029965977,9.00130327483639,223
-7.6926,53.28823,2021/04/23 23:00:00+00,Sat 24 Apr 2021,23700,6988,2,1037747,430604,249,1037996,430853,22.0432469785451,9.14974536553812,224
-7.6926,53.28823,2021/04/24 23:00:00+00,Sun 25 Apr 2021,9747,298,2,1047494,430902,251,1047745,431153,22.2502801605553,9.15611627071845,225
-7.6926,53.28823,2021/04/25 23:00:00+00,Mon 26 Apr 2021,15581,3052,3,1063075,433954,254,1063329,434208,22.5812274483229,9.22099332180483,226
-7.6926,53.28823,2021/04/26 23:00:00+00,Tue 27 Apr 2021,25910,7807,9,1088985,441761,263,1089248,442024,23.131652419553,9.38697663810307,227
-7.6926,53.28823,2021/04/27 23:00:00+00,Wed 28 Apr 2021,26028,8594,5,1115013,450355,268,1115281,450623,23.6844983347516,9.56958801692197,228
-7.6926,53.28823,2021/04/28 23:00:00+00,Thu 29 Apr 2021,31689,11331,6,1146702,461686,274,1146976,461960,24.3575844670536,9.81034452368671,229
-7.6926,53.28823,2021/04/29 23:00:00+00,Fri 30 Apr 2021,36115,13521,8,1182817,475207,282,1183099,475489,25.1247051598173,10.0976511109691,230
-7.6926,53.28823,2021/04/30 23:00:00+00,Sat 01 May 2021,16576,6681,18,1199393,481888,300,1199693,482188,25.4771011616921,10.2399134236459,231
-7.6926,53.28823,2021/05/01 23:00:00+00,Sun 02 May 2021,12456,909,15,1211849,482797,315,1212164,483112,25.7419396900385,10.2595358116013,232
-7.6926,53.28823,2021/05/02 23:00:00+00,Mon 03 May 2021,14255,921,21,1226104,483718,336,1226440,484054,26.0451098312199,10.2795404538675,233
-7.6926,53.28823,2021/05/03 23:00:00+00,Tue 04 May 2021,26658,6784,10,1252762,490502,346,1253108,490848,26.6114408290501,10.4238202198514,234
-7.6926,53.28823,2021/05/04 23:00:00+00,Wed 05 May 2021,32102,13456,69,1284864,503958,415,1285279,504373,27.2946354642383,10.7110418617314,235
-7.6926,53.28823,2021/05/05 23:00:00+00,Thu 06 May 2021,37278,14376,132,1322142,518334,547,1322689,518881,28.0890873402257,11.0191388362522,236
-7.6926,53.28823,2021/05/06 23:00:00+00,Fri 07 May 2021,40597,15067,97,1362739,533401,644,1363383,534045,28.953279391587,11.3411668567674,237
-7.6926,53.28823,2021/05/07 23:00:00+00,Sat 08 May 2021,25612,7039,10,1388351,540440,654,1389005,541094,29.4973971666886,11.4908618921546,238
-7.6926,53.28823,2021/05/08 23:00:00+00,Sun 09 May 2021,19667,921,5,1408018,541361,659,1408677,542020,29.9151586557135,11.5105267528112,239
-7.6926,53.28823,2021/05/09 23:00:00+00,Mon 10 May 2021,28842,4640,173,1436860,546001,832,1437692,546833,30.5313313684046,11.6127373082543,240
-7.6926,53.28823,2021/05/10 23:00:00+00,Tue 11 May 2021,33917,14815,153,1470777,560816,985,1471762,561801,31.2548538333843,11.9306030040517,241
-7.6926,53.28823,2021/05/11 23:00:00+00,Wed 12 May 2021,31291,20928,171,1502068,581744,1156,1503224,582900,31.9229918959962,12.3786687653844,242
-7.6926,53.28823,2021/05/12 23:00:00+00,Thu 13 May 2021,35999,25475,152,1538067,607219,1308,1539375,608527,32.6907072065768,12.9228927222389,243
-7.6926,53.28823,2021/05/13 23:00:00+00,Fri 14 May 2021,38214,27942,236,1576281,635161,1544,1577825,636705,33.5072448871893,13.5212906094769,244
-7.6926,53.28823,2021/05/14 23:00:00+00,Sat 15 May 2021,28855,12443,22,1605136,647604,1566,1606702,649170,34.1204869834974,13.7860017197197,245
-7.6926,53.28823,2021/05/15 23:00:00+00,Sun 16 May 2021,23170,1170,9,1628306,648774,1575,1629881,650349,34.6127243540805,13.8110393770784,246
-7.6926,53.28823,2021/05/16 23:00:00+00,Mon 17 May 2021,35390,3942,115,1663696,652716,1690,1665386,654406,35.3667209821727,13.8971952514671,247
-7.6926,53.28823,2021/05/17 23:00:00+00,Tue 18 May 2021,39003,12488,126,1702699,665204,1816,1704515,667020,36.1976781448434,14.1650705779494,248
-7.6926,53.28823,2021/05/18 23:00:00+00,Wed 19 May 2021,37024,17585,208,1739723,682789,2024,1741747,684813,36.9883499504237,14.5429289641949,249
-7.6926,53.28823,2021/05/19 23:00:00+00,Thu 20 May 2021,39078,19638,136,1778801,702427,2160,1780961,704587,37.8211122028955,14.9628565609811,250
-7.6926,53.28823,2021/05/20 23:00:00+00,Fri 21 May 2021,25842,23243,14933,1804643,725670,17093,1821736,742763,38.6870243986556,15.7735754815289,251
-7.6926,53.28823,2021/05/21 23:00:00+00,Sat 22 May 2021,16590,10241,13522,1821233,735911,30615,1851848,766526,39.3264933879561,16.278214880863,252
-7.6926,53.28823,2021/05/22 23:00:00+00,Sun 23 May 2021,8210,5523,10204,1829443,741434,40819,1870262,782253,39.7175395479248,16.6121989667666,253
-7.6926,53.28823,2021/05/23 23:00:00+00,Mon 24 May 2021,22546,8211,8450,1851989,749645,49269,1901258,798914,40.3757814711567,16.9660178041316,254
-7.6926,53.28823,2021/05/24 23:00:00+00,Tue 25 May 2021,30332,16480,3222,1882321,766125,52491,1934812,818616,41.0883459792262,17.3844163836746,255
-7.6926,53.28823,2021/05/25 23:00:00+00,Wed 26 May 2021,19966,25387,3050,1902287,791512,55541,1957828,847053,41.5771218246612,17.9883144857182,256
-7.6926,53.28823,2021/05/26 23:00:00+00,Thu 27 May 2021,17005,36025,550,1919292,827537,56091,1975383,883628,41.9499259594636,18.7650340089537,257
-7.6926,53.28823,2021/05/27 23:00:00+00,Fri 28 May 2021,27030,31814,1558,1946322,859351,57649,2003971,917000,42.557030750448,19.4737335012138,258
-7.6926,53.28823,2021/05/28 23:00:00+00,Sat 29 May 2021,24464,7382,534,1970786,866733,58183,2028969,924916,43.0878970427745,19.6418404525721,259
-7.6926,53.28823,2021/05/29 23:00:00+00,Sun 30 May 2021,24241,1675,209,1995027,868408,58392,2053419,926800,43.6071258149715,19.6818497371046,260
-7.6926,53.28823,2021/05/30 23:00:00+00,Mon 31 May 2021,22576,7323,3443,2017603,875731,61835,2079438,937566,44.1596744212617,19.9104802876761,261
-7.6926,53.28823,2021/05/31 23:00:00+00,Tue 01 Jun 2021,27545,11508,3653,2045148,887239,65488,2110636,952727,44.822206087315,20.2324445991395,262
-7.6926,53.28823,2021/06/01 23:00:00+00,Wed 02 Jun 2021,18687,20891,4007,2063835,908130,69495,2133330,977625,45.3041438278564,20.7611872564058,263
-7.6926,53.28823,2021/06/02 23:00:00+00,Thu 03 Jun 2021,16678,30705,1976,2080513,938835,71471,2151984,1010306,45.7002867119695,21.4552124304005,264
-7.6926,53.28823,2021/06/03 23:00:00+00,Fri 04 Jun 2021,28999,23342,153,2109512,962177,71624,2181136,1033801,46.3193688046929,21.9541604877735,265
-7.6926,53.28823,2021/06/04 23:00:00+00,Sat 05 Jun 2021,20948,11487,33,2130460,973664,71657,2202117,1045321,46.7649286766547,22.1988032466982,266
-7.6926,53.28823,2021/06/05 23:00:00+00,Sun 06 Jun 2021,19931,3899,44,2150391,977563,71701,2222092,1049264,47.1891247799118,22.2825381771184,267
-7.6926,53.28823,2021/06/06 23:00:00+00,Mon 07 Jun 2021,19802,4582,45,2170193,982145,71746,2241939,1053891,47.6106026302919,22.3807987713497,268
-7.6926,53.28823,2021/06/07 23:00:00+00,Tue 08 Jun 2021,26393,18351,45,2196586,1000496,71791,2268377,1072287,48.1720492674839,22.7714626770076,269
-7.6926,53.28823,2021/06/08 23:00:00+00,Wed 09 Jun 2021,32787,20110,173,2229373,1020606,71964,2301337,1092570,48.8719993832964,23.2021995762499,270
-7.6926,53.28823,2021/06/09 23:00:00+00,Thu 10 Jun 2021,27675,27485,270,2257048,1048091,72234,2329282,1120325,49.4654492008443,23.7916144871835,271
-7.6926,53.28823,2021/06/10 23:00:00+00,Fri 11 Jun 2021,26423,32891,40,2283471,1080982,72274,2355745,1153256,50.0274267468013,24.4909487488286,272
-7.6926,53.28823,2021/06/11 23:00:00+00,Sat 12 Jun 2021,12201,19718,103,2295672,1100700,72377,2368049,1173077,50.2887188045973,24.9118744540931,273
-7.6926,53.28823,2021/06/12 23:00:00+00,Sun 13 Jun 2021,8541,18168,831,2304213,1118868,73208,2377421,1192076,50.4877458824309,25.3153438791635,274
-7.6926,53.28823,2021/06/13 23:00:00+00,Mon 14 Jun 2021,16009,31299,49,2320222,1150167,73257,2393479,1223424,50.8287592003834,25.9810609978069,275
-7.6926,53.28823,2021/06/14 23:00:00+00,Tue 15 Jun 2021,14684,41578,205,2334906,1191745,73462,2408368,1265207,51.1449472244833,26.8683794349729,276
-7.6926,53.28823,2021/06/15 23:00:00+00,Wed 16 Jun 2021,13457,48385,215,2348363,1240130,73677,2422040,1313807,51.4352906099016,27.9004660741866,277
-7.6926,53.28823,2021/06/16 23:00:00+00,Thu 17 Jun 2021,21565,42668,535,2369928,1282798,74212,2444140,1357010,51.9046139581861,28.8179401292062,278
-7.6926,53.28823,2021/06/17 23:00:00+00,Fri 18 Jun 2021,12007,50039,553,2381935,1332837,74765,2456700,1407602,52.1713425217359,29.8923295788173,279
-7.6926,53.28823,2021/06/18 23:00:00+00,Sat 19 Jun 2021,6305,32794,432,2388240,1365631,75197,2463437,1440828,52.3144118157356,30.5979285638897,280
-7.6926,53.28823,2021/06/19 23:00:00+00,Sun 20 Jun 2021,8508,26136,177,2396748,1391767,75374,2472122,1467141,52.4988495207062,31.1567206572566,281
-7.6926,53.28823,2021/06/20 23:00:00+00,Mon 21 Jun 2021,15462,32338,572,2412210,1424105,75946,2488156,1500051,52.8393531662443,31.8556089555389,282
-7.6926,53.28823,2021/06/21 23:00:00+00,Tue 22 Jun 2021,15128,43537,722,2427338,1467642,76668,2504006,1544310,53.1759493232718,32.7955085967933,283
-7.6926,53.28823,2021/06/22 23:00:00+00,Wed 23 Jun 2021,20075,39382,883,2447413,1507024,77551,2524964,1584575,53.6210207591698,33.6505902537468,284
-7.6926,53.28823,2021/06/23 23:00:00+00,Thu 24 Jun 2021,19010,44264,1031,2466423,1551288,78582,2545005,1629870,54.0466184615666,34.6124907542239,285
-7.6926,53.28823,2021/06/24 23:00:00+00,Fri 25 Jun 2021,15200,50116,842,2481623,1601404,79424,2561047,1680828,54.3872919979095,35.694652708155,286
-7.6926,53.28823,2021/06/25 23:00:00+00,Sat 26 Jun 2021,9054,30542,509,2490677,1631946,79933,2570610,1711879,54.5903752187079,36.3540626306699,287
-7.6926,53.28823,2021/06/26 23:00:00+00,Sun 27 Jun 2021,8718,30471,58,2499395,1662417,79991,2579386,1742408,54.7767454315832,37.0023871781711,288
-7.6926,53.28823,2021/06/27 23:00:00+00,Mon 28 Jun 2021,24219,24631,522,2523614,1687048,80513,2604127,1767561,55.3021539818051,37.5365451048407,289
-7.6926,53.28823,2021/06/28 23:00:00+00,Tue 29 Jun 2021,28146,31017,809,2551760,1718065,81322,2633082,1799387,55.9170525134601,38.2124131990715,290
-7.6926,53.28823,2021/06/29 23:00:00+00,Wed 30 Jun 2021,22555,36856,588,2574315,1754921,81910,2656225,1836831,56.4085253754215,39.0075871109793,291
-7.6926,53.28823,2021/06/30 23:00:00+00,Thu 01 Jul 2021,14998,48310,639,2589313,1803231,82549,2671862,1885780,56.740598189771,40.0470852365528,292
-7.6926,53.28823,2021/07/01 23:00:00+00,Fri 02 Jul 2021,13650,47254,815,2602963,1850485,83364,2686327,1933849,57.047782001216,41.0678953735973,293
-7.6926,53.28823,2021/07/02 23:00:00+00,Sat 03 Jul 2021,9303,30463,505,2612266,1880948,83869,2696135,1964817,57.2560681279116,41.7255426790123,294
-7.6926,53.28823,2021/07/03 23:00:00+00,Sun 04 Jul 2021,6445,27773,233,2618711,1908721,84102,2702813,1992823,57.3978844772258,42.3202879139469,295
-7.6926,53.28823,2021/07/04 23:00:00+00,Mon 05 Jul 2021,15589,33443,5338,2634300,1942164,89440,2723740,2031604,57.8422975862552,43.1438548266084,296
-7.6926,53.28823,2021/07/05 23:00:00+00,Tue 06 Jul 2021,12402,48286,5484,2646702,1990450,94924,2741626,2085374,58.2221309531065,44.2857333984298,297
-7.6926,53.28823,2021/07/06 23:00:00+00,Wed 07 Jul 2021,19697,43751,5056,2666399,2034201,99980,2766379,2134181,58.7477943395357,45.322215962218,298
-7.6926,53.28823,2021/07/07 23:00:00+00,Thu 08 Jul 2021,17756,45579,5993,2684155,2079780,105973,2790128,2185753,59.2521364299613,46.4174170354182,299
-7.6926,53.28823,2021/07/08 23:00:00+00,Fri 09 Jul 2021,13511,45082,6528,2697666,2124862,112501,2810167,2237363,59.6776916596569,47.5134250899413,300
-7.6926,53.28823,2021/07/09 23:00:00+00,Sat 10 Jul 2021,8621,23859,4363,2706287,2148721,116864,2823151,2265585,59.9534244358617,48.1127573766056,301
-7.6926,53.28823,2021/07/10 23:00:00+00,Sun 11 Jul 2021,15224,16104,2153,2721511,2164825,119017,2840528,2283842,60.3224485002571,48.50046942953,302
-7.6926,53.28823,2021/07/11 23:00:00+00,Mon 12 Jul 2021,17098,31746,6091,2738609,2196571,125108,2863717,2321679,60.8148982343461,49.3039892272241,303
-7.6926,53.28823,2021/07/12 23:00:00+00,Tue 13 Jul 2021,20097,36553,8486,2758706,2233124,133594,2892300,2366718,61.4218968435775,50.2604532219473,304
-7.6926,53.28823,2021/07/13 23:00:00+00,Wed 14 Jul 2021,20785,35692,9331,2779491,2268816,142925,2922416,2411741,62.0614507782804,51.2165774350608,305
-7.6926,53.28823,2021/07/14 23:00:00+00,Thu 15 Jul 2021,23619,28819,9581,2803110,2297635,152506,2955616,2450141,62.7664976182371,52.0320532981433,306
-7.6926,53.28823,2021/07/15 23:00:00+00,Fri 16 Jul 2021,23521,27406,9162,2826631,2325041,161668,2988299,2486709,63.460565264933,52.8086241669245,307
-7.6926,53.28823,2021/07/16 23:00:00+00,Sat 17 Jul 2021,11488,19417,4676,2838119,2344458,166344,3004463,2510802,63.8038296360493,53.3202715619569,308
-7.6926,53.28823,2021/07/17 23:00:00+00,Sun 18 Jul 2021,16849,15806,1930,2854968,2360264,168274,3023242,2528538,64.2026270639875,53.6969194762182,309
-7.6926,53.28823,2021/07/18 23:00:00+00,Mon 19 Jul 2021,24873,18415,6248,2879841,2378679,174522,3054363,2553201,64.8635235310445,54.2206715910932,310
-7.6926,53.28823,2021/07/19 23:00:00+00,Tue 20 Jul 2021,30560,18163,7693,2910401,2396842,182215,3092616,2579057,65.6758776505886,54.7697586722354,311
-7.6926,53.28823,2021/07/20 23:00:00+00,Wed 21 Jul 2021,30343,19828,6886,2940744,2416670,189101,3129845,2605771,66.4664857471171,55.3370665421933,312
-7.6926,53.28823,2021/07/21 23:00:00+00,Thu 22 Jul 2021,33522,15917,6932,2974266,2432587,196033,3170299,2628620,67.3255810743342,55.822295917078,313
-7.6926,53.28823,2021/07/22 23:00:00+00,Fri 23 Jul 2021,27078,20813,5613,3001344,2453400,201646,3202990,2655046,68.019818611835,56.3834877180628,314
-7.6926,53.28823,2021/07/23 23:00:00+00,Sat 24 Jul 2021,15422,14804,2271,3016766,2468204,203917,3220683,2672121,68.3955533630203,56.7460984045767,315
-7.6926,53.28823,2021/07/24 23:00:00+00,Sun 25 Jul 2021,14712,13639,1042,3031478,2481843,204959,3236437,2686802,68.7301108303902,57.0578692677515,316
-7.6926,53.28823,2021/07/25 23:00:00+00,Mon 26 Jul 2021,23818,18270,3419,3055296,2500113,208378,3263674,2708491,69.3085253117125,57.5184644759389,317
-7.6926,53.28823,2021/07/26 23:00:00+00,Tue 27 Jul 2021,25495,23885,3669,3080791,2523998,212047,3292838,2736045,69.9278622406431,58.1036108804018,318
-7.6926,53.28823,2021/07/27 23:00:00+00,Wed 28 Jul 2021,23424,25271,3260,3104215,2549269,215307,3319522,2764576,70.494533020083,58.7095051994019,319
-7.6926,53.28823,2021/07/28 23:00:00+00,Thu 29 Jul 2021,19250,27848,2958,3123465,2577117,218265,3341730,2795382,70.9661498942324,59.3637122160196,320
-7.6926,53.28823,2021/07/29 23:00:00+00,Fri 30 Jul 2021,21941,22926,2115,3145406,2600043,220380,3365786,2820423,71.4770115442926,59.8954916714218,321
-7.6926,53.28823,2021/07/30 23:00:00+00,Sat 31 Jul 2021,13731,12462,906,3159137,2612505,221286,3380423,2833791,71.7878480080409,60.1793792062574,322
-7.6926,53.28823,2021/07/31 23:00:00+00,Sun 01 Aug 2021,11093,9311,368,3170230,2621816,221654,3391884,2843470,72.0312378222802,60.3849258437255,323
-7.6926,53.28823,2021/08/01 23:00:00+00,Mon 02 Aug 2021,15007,15994,428,3185237,2637810,222082,3407319,2859892,72.3590208938083,60.7336691932969,324
-7.6926,53.28823,2021/08/02 23:00:00+00,Tue 03 Aug 2021,17327,25432,1109,3202564,2663242,223191,3425755,2886433,72.7505342534903,61.2973031746008,325
-7.6926,53.28823,2021/08/03 23:00:00+00,Wed 04 Aug 2021,22092,17282,1574,3224656,2680524,224765,3449421,2905289,73.253113726816,61.6977358015353,326
-7.6926,53.28823,2021/08/04 23:00:00+00,Thu 05 Aug 2021,13509,30021,1420,3238165,2710545,226185,3464350,2936730,73.5701512049399,62.3654279007846,327
-7.6926,53.28823,2021/08/05 23:00:00+00,Fri 06 Aug 2021,12192,24732,947,3250357,2735277,227132,3477489,2962409,73.8491756154878,62.9107561478704,328
-7.6926,53.28823,2021/08/06 23:00:00+00,Sat 07 Aug 2021,6324,8444,583,3256681,2743721,227715,3484396,2971436,73.9958550890897,63.1024566847466,329
-7.6926,53.28823,2021/08/07 23:00:00+00,Sun 08 Aug 2021,8619,11962,153,3265300,2755683,227868,3493168,2983551,74.1821403565626,63.359735072279,330
-7.6926,53.28823,2021/08/08 23:00:00+00,Mon 09 Aug 2021,5524,23018,598,3270824,2778701,228466,3499290,3007167,74.3121492949425,63.8612527280747,331
-7.6926,53.28823,2021/08/09 23:00:00+00,Tue 10 Aug 2021,9340,25982,713,3280164,2804683,229179,3509343,3033862,74.5256383275355,64.4281571073712,332
-7.6926,53.28823,2021/08/10 23:00:00+00,Wed 11 Aug 2021,6998,31224,663,3287162,2835907,229842,3517004,3065749,74.6883300094905,65.1053206189886,333
-7.6926,53.28823,2021/08/11 23:00:00+00,Thu 12 Aug 2021,6756,38272,862,3293918,2874179,230704,3524622,3104883,74.8501085283698,65.9363839634123,334
-7.6926,53.28823,2021/08/12 23:00:00+00,Fri 13 Aug 2021,10916,28227,870,3304834,2902406,231574,3536408,3133980,75.1004001565544,66.5542980568527,335
-7.6926,53.28823,2021/08/13 23:00:00+00,Sat 14 Aug 2021,18123,5826,279,3322957,2908232,231853,3554810,3140085,75.4911914803159,66.6839459772724,336
-7.6926,53.28823,2021/08/14 23:00:00+00,Sun 15 Aug 2021,16995,3719,49,3339952,2911951,231902,3571854,3143853,75.8531438399612,66.7639645463374,337
-7.6926,53.28823,2021/08/15 23:00:00+00,Mon 16 Aug 2021,10176,23134,384,3350128,2935085,232286,3582414,3167371,76.0773997023088,67.2634010397742,338
-7.6926,53.28823,2021/08/16 23:00:00+00,Tue 17 Aug 2021,12856,26843,528,3362984,2961928,232814,3595798,3194742,76.361627018754,67.8446611920771,339
-7.6926,53.28823,2021/08/17 23:00:00+00,Wed 18 Aug 2021,15223,25756,657,3378207,2987684,233471,3611678,3221155,76.6988602662996,68.405576920504,340
-7.6926,53.28823,2021/08/18 23:00:00+00,Thu 19 Aug 2021,11353,25689,542,3389560,3013373,234013,3623573,3247386,76.9514666566997,68.9626276331217,341
-7.6926,53.28823,2021/08/19 23:00:00+00,Fri 20 Aug 2021,14836,22241,685,3404396,3035614,234698,3639094,3270312,77.2810760543795,69.4494922070026,342
-7.6926,53.28823,2021/08/20 23:00:00+00,Sat 21 Aug 2021,11876,7962,245,3416272,3043576,234943,3651215,3278519,77.5384818600155,69.6237789363859,343
-7.6926,53.28823,2021/08/21 23:00:00+00,Sun 22 Aug 2021,8002,12247,161,3424274,3055823,235104,3659378,3290927,77.7118341899723,69.8872795746444,344
-7.6926,53.28823,2021/08/22 23:00:00+00,Mon 23 Aug 2021,10859,15361,289,3435133,3071184,235393,3670526,3306577,77.9485770264734,70.2196284615517,345
-7.6926,53.28823,2021/08/23 23:00:00+00,Tue 24 Aug 2021,9705,22905,383,3444838,3094089,235776,3680614,3329865,78.1628093313374,70.7141805943502,346
-7.6926,53.28823,2021/08/24 23:00:00+00,Wed 25 Aug 2021,9411,19505,313,3454249,3113594,236089,3690338,3349683,78.3693116045825,71.1350425905629,347
-7.6926,53.28823,2021/08/25 23:00:00+00,Thu 26 Aug 2021,8572,19420,367,3462821,3133014,236456,3699277,3369470,78.5591433426058,71.555246259907,348
-7.6926,53.28823,2021/08/26 23:00:00+00,Fri 27 Aug 2021,9714,19191,430,3472535,3152205,236886,3709421,3389091,78.7745648831035,71.9719246950513,349
-7.6926,53.28823,2021/08/27 23:00:00+00,Sat 28 Aug 2021,9914,7904,153,3482449,3160109,237039,3719488,3397148,78.9883512246048,72.1430259718444,350
-7.6926,53.28823,2021/08/28 23:00:00+00,Sun 29 Aug 2021,8793,9182,29,3491242,3169291,237068,3728310,3406359,79.1756983096077,72.3386339972312,351
-7.6926,53.28823,2021/08/29 23:00:00+00,Mon 30 Aug 2021,5054,11111,84,3496296,3180402,237152,3733448,3417554,79.2848106789962,72.5763749422106,352
-7.6926,53.28823,2021/08/30 23:00:00+00,Tue 31 Aug 2021,4057,12879,142,3500353,3193281,237294,3737647,3430575,79.3739821151703,72.8528934633876,353
-7.6926,53.28823,2021/08/31 23:00:00+00,Wed 01 Sep 2021,4954,12519,180,3505307,3205800,237474,3742781,3443274,79.4830095391563,73.122573879671,354
-7.6926,53.28823,2021/09/01 23:00:00+00,Thu 02 Sep 2021,5006,12345,247,3510313,3218145,237721,3748034,3455866,79.5945640888639,73.3899820064401,355
-7.6926,53.28823,2021/09/02 23:00:00+00,Fri 03 Sep 2021,4770,16057,165,3515083,3234202,237886,3752969,3472088,79.6993654790804,73.7344780858913,356
-7.6926,53.28823,2021/09/03 23:00:00+00,Sat 04 Sep 2021,4627,10571,133,3519710,3244773,238019,3757729,3482792,79.8004505079417,73.9617919827255,357
-7.6926,53.28823,2021/09/04 23:00:00+00,Sun 05 Sep 2021,5304,11894,1,3525014,3256667,238020,3763034,3494687,79.9131093478805,74.2143983731257,358
-7.6926,53.28823,2021/09/05 23:00:00+00,Mon 06 Sep 2021,2151,9664,75,3527165,3266331,238095,3765260,3504426,79.9603814643186,74.4212191916298,359
-7.6926,53.28823,2021/09/06 23:00:00+00,Tue 07 Sep 2021,3025,10004,158,3530190,3276335,238253,3768443,3514588,80.0279767682819,74.6370229864383,360
-7.6926,53.28823,2021/09/07 23:00:00+00,Wed 08 Sep 2021,2607,14807,187,3532797,3291142,238440,3771237,3529582,80.0873111318614,74.9554408273512,361
-7.6926,53.28823,2021/09/08 23:00:00+00,Thu 09 Sep 2021,3113,14805,138,3535910,3305947,238578,3774488,3544525,80.1563505076656,75.2727756143835,362
-7.6926,53.28823,2021/09/09 23:00:00+00,Fri 10 Sep 2021,3373,13944,115,3539283,3319891,238693,3777976,3558584,80.2304228985622,75.5713374674845,363
-7.6926,53.28823,2021/09/10 23:00:00+00,Sat 11 Sep 2021,2557,11326,62,3541840,3331217,238755,3780595,3569972,80.2860409007865,75.8131770281299,364
-7.6926,53.28823,2021/09/11 23:00:00+00,Sun 12 Sep 2021,2040,12880,1,3543880,3344097,238756,3782636,3582853,80.3293842923634,76.0867224602227,365
-7.6926,53.28823,2021/09/12 23:00:00+00,Mon 13 Sep 2021,1610,7728,52,3545490,3351825,238808,3784298,3590633,80.3646791070624,76.2519412678993,366
-7.6926,53.28823,2021/09/13 23:00:00+00,Tue 14 Sep 2021,1543,10779,82,3547033,3362604,238890,3785923,3601494,80.3991881767892,76.4825892717779,367
-7.6926,53.28823,2021/09/14 23:00:00+00,Wed 15 Sep 2021,3276,12393,138,3550309,3374997,239028,3789337,3614025,80.4716890777414,76.7487019811604,368
-7.6926,53.28823,2021/09/15 23:00:00+00,Thu 16 Sep 2021,1906,10589,115,3552215,3385586,239143,3791358,3624729,80.5146077423062,76.9760158779946,369
-7.6926,53.28823,2021/09/16 23:00:00+00,Fri 17 Sep 2021,2558,14608,94,3554773,3400194,239237,3794010,3639431,80.5709265441004,77.2882327045321,370
-7.6926,53.28823,2021/09/17 23:00:00+00,Sat 18 Sep 2021,2284,11226,47,3557057,3411420,239284,3796341,3650704,80.6204284773515,77.5276300848583,371
-7.6926,53.28823,2021/09/18 23:00:00+00,Sun 19 Sep 2021,1860,8488,15,3558917,3419908,239299,3798216,3659207,80.6602466347286,77.7082027740195,372
-7.6926,53.28823,2021/09/19 23:00:00+00,Mon 20 Sep 2021,952,5606,35,3559869,3425514,239334,3799203,3664848,80.6812069127719,77.8279970277604,373
-7.6926,53.28823,2021/09/20 23:00:00+00,Tue 21 Sep 2021,1462,6664,90,3561331,3432178,239424,3800755,3671602,80.7141657289048,77.9714273397202,374
-7.6926,53.28823,2021/09/21 23:00:00+00,Wed 22 Sep 2021,1891,8143,97,3563222,3440321,239521,3802743,3679842,80.7563835938998,78.1464148686733,375
-7.6926,53.28823,2021/09/22 23:00:00+00,Thu 23 Sep 2021,1697,8737,89,3564919,3449058,239610,3804529,3688668,80.7943117160734,78.3338468990787,376
-7.6926,53.28823,2021/09/23 23:00:00+00,Fri 24 Sep 2021,1908,7390,79,3566827,3456448,239689,3806516,3696137,80.8365083447178,78.4924612017184,377
-7.6926,53.28823,2021/09/24 23:00:00+00,Sat 25 Sep 2021,2414,6591,52,3569241,3463039,239741,3808982,3702780,80.8888771853001,78.6335342787615,378
-7.6926,53.28823,2021/09/25 23:00:00+00,Sun 26 Sep 2021,1548,7097,0,3570789,3470136,239741,3810530,3709877,80.9217510560306,78.7842486589775,379
-7.6926,53.28823,2021/09/26 23:00:00+00,Mon 27 Sep 2021,1176,3814,45,3571965,3473950,239786,3811751,3713736,80.9476806401146,78.8661997359472,380
-7.6926,53.28823,2021/09/27 23:00:00+00,Tue 28 Sep 2021,1448,5122,93,3573413,3479072,239879,3813292,3718951,80.9804058563909,78.976947304332,381
-7.6926,53.28823,2021/09/28 23:00:00+00,Wed 29 Sep 2021,1651,3612,79,3575064,3482684,239958,3815022,3722642,81.0171447429308,79.0553306744007,382
-7.6926,53.28823,2021/09/29 23:00:00+00,Thu 30 Sep 2021,1281,3962,78,3576345,3486646,240036,3816381,3726682,81.0460049433977,79.1411255308291,383
-7.6926,53.28823,2021/09/30 23:00:00+00,Fri 01 Oct 2021,1845,5175,41,3578190,3491821,240077,3818267,3731898,81.0860567006314,79.2518943355645,384
-7.6926,53.28823,2021/10/01 23:00:00+00,Sat 02 Oct 2021,1712,4083,40,3579902,3495904,240117,3820019,3736021,81.1232627868845,79.3394518090928,385
-7.6926,53.28823,2021/10/02 23:00:00+00,Sun 03 Oct 2021,1196,3014,9,3581098,3498918,240126,3821224,3739044,81.1488525893588,79.40364929696,386
-7.6926,53.28823,2021/10/03 23:00:00+00,Mon 04 Oct 2021,336,1233,18,3581434,3500151,240144,3821578,3740295,81.1563702574716,79.430215971562,387
-7.6926,53.28823,2021/10/04 23:00:00+00,Tue 05 Oct 2021,964,2816,70,3582398,3502967,240214,3822612,3743181,81.1783286439932,79.4915040793968,388
-7.6926,53.28823,2021/10/05 23:00:00+00,Wed 06 Oct 2021,974,2566,38,3583372,3505533,240252,3823624,3745785,81.1998198308015,79.546803536362,389
-7.6926,53.28823,2021/10/06 23:00:00+00,Thu 07 Oct 2021,1211,2691,44,3584583,3508224,240296,3824879,3748520,81.2264714508059,79.6048849552561,390
-7.6926,53.28823,2021/10/07 23:00:00+00,Fri 08 Oct 2021,963,2777,48,3585546,3511001,240344,3825890,3751345,81.2479414012636,79.6648776457042,391
-7.6926,53.28823,2021/10/08 23:00:00+00,Sat 09 Oct 2021,732,2376,23,3586278,3513377,240367,3826645,3753744,81.2639748459674,79.7158236507963,392
-7.6926,53.28823,2021/10/09 23:00:00+00,Sun 10 Oct 2021,1501,3915,1,3587779,3517292,240368,3828147,3757660,81.2958718445703,79.7989851997502,393
-7.6926,53.28823,2021/10/10 23:00:00+00,Mon 11 Oct 2021,331,1121,19,3588110,3518413,240387,3828497,3758800,81.3033045672807,79.8231946394354,394
-7.6926,53.28823,2021/10/11 23:00:00+00,Tue 12 Oct 2021,558,1606,20,3588668,3520019,240407,3829075,3760426,81.3155791779281,79.8577249455128,395
-7.6926,53.28823,2021/10/12 23:00:00+00,Wed 13 Oct 2021,997,2068,11,3589665,3522087,240418,3830083,3762505,81.336985419334,79.9018753184125,396
-7.6926,53.28823,2021/10/13 23:00:00+00,Thu 14 Oct 2021,682,1590,8,3590347,3523677,240426,3830773,3764103,81.3516385012488,79.9358110066731,397
-7.6926,53.28823,2021/10/14 23:00:00+00,Fri 15 Oct 2021,950,2064,8,3591297,3525741,240434,3831731,3766175,81.3719829251247,79.9798127251186,398
-7.6926,53.28823,2021/10/15 23:00:00+00,Sat 16 Oct 2021,1369,2636,14,3592666,3528377,240448,3833114,3768825,81.401352798006,80.0360890542115,399
-7.6926,53.28823,2021/10/16 23:00:00+00,Sun 17 Oct 2021,1700,2886,2,3594366,3531263,240450,3834816,3771713,81.4374970667291,80.0974196347475,400
-7.6926,53.28823,2021/10/17 23:00:00+00,Mon 18 Oct 2021,670,1239,6,3595036,3532502,240456,3835492,3772958,81.4518528397354,80.1238588912459,401
-7.6926,53.28823,2021/10/18 23:00:00+00,Tue 19 Oct 2021,1333,1792,13,3596369,3534294,240469,3836838,3774763,81.4804369676445,80.1621905040809,402
-7.6926,53.28823,2021/10/19 23:00:00+00,Wed 20 Oct 2021,2250,2315,0,3598619,3536609,240469,3839088,3777078,81.528218756497,80.2113526557225,403
-7.6926,53.28823,2021/10/20 23:00:00+00,Thu 21 Oct 2021,1739,1824,11,3600358,3538433,240480,3840838,3778913,81.5653823700489,80.2503213590755,404
-7.6926,53.28823,2021/10/21 23:00:00+00,Fri 22 Oct 2021,1497,1920,3,3601855,3540353,240483,3842338,3780836,81.5972368959506,80.2911588612814,405
-7.6926,53.28823,2021/10/22 23:00:00+00,Sat 23 Oct 2021,2007,1692,1,3603862,3542045,240484,3844346,3782529,81.6398794879576,80.3271120028491,406
-7.6926,53.28823,2021/10/23 23:00:00+00,Sun 24 Oct 2021,1948,2184,2,3605810,3544229,240486,3846296,3784715,81.6812903716298,80.3735346652631,407
-7.6926,53.28823,2021/10/24 23:00:00+00,Mon 25 Oct 2021,1218,840,2,3607028,3545069,240488,3847516,3785557,81.7071987193631,80.3914156724692,408
-7.6926,53.28823,2021/10/25 23:00:00+00,Tue 26 Oct 2021,1237,1214,6,3608265,3546283,240494,3848759,3786777,81.7335955031603,80.4173240202026,409
-7.6926,53.28823,2021/10/26 23:00:00+00,Wed 27 Oct 2021,1555,1414,5,3609820,3547697,240499,3850319,3788196,81.766724210098,80.4474584017055,410
-7.6926,53.28823,2021/10/27 23:00:00+00,Thu 28 Oct 2021,2150,1683,4,3611970,3549380,240503,3852473,3789883,81.8124673092928,80.4832841251696,411
-7.6926,53.28823,2021/10/28 23:00:00+00,Fri 29 Oct 2021,2131,1354,1,3614101,3550734,240504,3854605,3791238,81.8577432087744,80.5120593802341,412
-7.6926,53.28823,2021/10/29 23:00:00+00,Sat 30 Oct 2021,2013,1444,0,3616114,3552178,240504,3856618,3792682,81.9004919825344,80.5427246705021,413
-7.6926,53.28823,2021/10/30 23:00:00+00,Sun 31 Oct 2021,1594,1317,0,3617708,3553495,240504,3858212,3793999,81.9343427253925,80.5706929442437,414
-7.6926,53.28823,2021/11/01 00:00:00+00,Mon 01 Nov 2021,265,270,3,3617973,3553765,240507,3858480,3794272,81.9400340673536,80.5764904679579,415
-7.6926,53.28823,2021/11/02 00:00:00+00,Tue 02 Nov 2021,1090,1081,9,3619063,3554846,240516,3859579,3795362,81.9633728166642,80.5996380901131,416
-7.6926,53.28823,2021/11/03 00:00:00+00,Wed 03 Nov 2021,2530,1857,6,3621593,3556703,240522,3862115,3797225,82.0172282017887,80.6392014112829,417
-7.6926,53.28823,2021/11/04 00:00:00+00,Thu 04 Nov 2021,1536,1264,1,3623129,3557967,240523,3863652,3798490,82.0498684726626,80.6660653947933,418
-7.6926,53.28823,2021/11/05 00:00:00+00,Fri 05 Nov 2021,1632,1078,3,3624761,3559045,240526,3865287,3799571,82.0845899058954,80.6890218897931,419
-7.6926,53.28823,2021/11/06 00:00:00+00,Sat 06 Nov 2021,1814,1343,5,3626575,3560388,240531,3867106,3800919,82.1232188276388,80.7176484904034,420
-7.6926,53.28823,2021/11/07 00:00:00+00,Sun 07 Nov 2021,693,770,0,3627268,3561158,240531,3867799,3801689,82.1379356186053,80.7340004803662,421
-7.6926,53.28823,2021/11/08 00:00:00+00,Mon 08 Nov 2021,515,525,3,3627783,3561683,240534,3868317,3802217,82.1489360482167,80.7452132734836,422
-7.6926,53.28823,2021/11/09 00:00:00+00,Tue 09 Nov 2021,1368,1048,1,3629151,3562731,240535,3869686,3803266,82.1780086121896,80.7674902052642,423
-7.6926,53.28823,2021/11/10 00:00:00+00,Wed 10 Nov 2021,1615,1347,1,3630766,3564078,240536,3871302,3804614,82.212326554761,80.7961168058745,424
-7.6926,53.28823,2022/02/25 00:00:00+00,Fri 25 Feb 2022,691,1221,0,3823991,3741280,240655,4064646,3981935,86.3182475253812,84.5617677308131,425
-7.6926,53.28823,2022/02/26 00:00:00+00,Sat 26 Feb 2022,960,2087,0,3824951,3743367,240655,4065606,3984022,86.3386344219582,84.6060879945176,426
-7.6926,53.28823,2022/02/27 00:00:00+00,Sun 27 Feb 2022,671,1782,0,3825622,3745149,240655,4066277,3985804,86.3528840132116,84.6439311712888,427
-7.6926,53.28823,2022/02/28 00:00:00+00,Mon 28 Feb 2022,84,427,0,3825706,3745576,240655,4066361,3986231,86.3546678666621,84.6529990929955,428
-7.6926,53.28823,2022/03/01 00:00:00+00,Tue 01 Mar 2022,130,939,0,3825836,3746515,240655,4066491,3987170,86.3574285922402,84.6729400262099,429
-7.6926,53.28823,2022/03/02 00:00:00+00,Wed 02 Mar 2022,206,993,2,3826042,3747508,240657,4066699,3988165,86.3618457531652,84.694070195058,430
-7.6926,53.28823,2022/03/03 00:00:00+00,Thu 03 Mar 2022,278,1273,0,3826320,3748781,240657,4066977,3989438,86.3677494586323,84.7211040693732,431
-7.6926,53.28823,2022/03/04 00:00:00+00,Fri 04 Mar 2022,733,1505,2,3827053,3750286,240659,4067712,3990945,86.3833581763241,84.7531072497291,432
-7.6926,53.28823,2022/03/05 00:00:00+00,Sat 05 Mar 2022,963,3341,0,3828016,3753627,240659,4068675,3994286,86.403808781953,84.8240578970874,433
-7.6926,53.28823,2022/03/06 00:00:00+00,Sun 06 Mar 2022,456,1915,0,3828472,3755542,240659,4069131,3996201,86.4134925578271,84.8647255084885,434
-7.6926,53.28823,2022/03/07 00:00:00+00,Mon 07 Mar 2022,112,123,0,3828584,3755665,240659,4069243,3996324,86.4158710290944,84.8673375796124,435
-7.6926,53.28823,2022/03/08 00:00:00+00,Tue 08 Mar 2022,119,492,0,3828703,3756157,240659,4069362,3996816,86.418398154816,84.8777858641082,436
-7.6926,53.28823,2022/03/09 00:00:00+00,Wed 09 Mar 2022,125,343,0,3828828,3756500,240659,4069487,3997159,86.4210526986411,84.8850699323643,437
-7.6926,53.28823,2022/03/10 00:00:00+00,Thu 10 Mar 2022,257,507,0,3829085,3757007,240659,4069744,3997666,86.4265104407456,84.8958367621191,438
-7.6926,53.28823,2022/03/11 00:00:00+00,Fri 11 Mar 2022,494,2181,0,3829579,3759188,240659,4070238,3999847,86.4370011979425,84.9421532427801,439
-7.6926,53.28823,2022/03/12 00:00:00+00,Sat 12 Mar 2022,473,2387,2,3830052,3761575,240661,4070713,4002236,86.4470884644781,84.9928868843662,440
-7.6926,53.28823,2022/03/13 00:00:00+00,Sun 13 Mar 2022,359,1082,0,3830411,3762657,240661,4071072,4003318,86.4547123143439,85.0158646157166,441
-7.6926,53.28823,2022/03/14 00:00:00+00,Mon 14 Mar 2022,109,120,0,3830520,3762777,240661,4071181,4003438,86.4570270765594,85.0184129777887,442
-7.6926,53.28823,2022/03/15 00:00:00+00,Tue 15 Mar 2022,220,757,0,3830740,3763534,240661,4071401,4004195,86.4616990736916,85.0344888951937,443
-7.6926,53.28823,2022/03/16 00:00:00+00,Wed 16 Mar 2022,195,797,0,3830935,3764331,240661,4071596,4004992,86.4658401620588,85.0514142666228,444
-7.6926,53.28823,2022/03/18 00:00:00+00,Fri 18 Mar 2022,2,6,0,3830937,3764337,240661,4071598,4004998,86.46588263476,85.0515416847264,445
-7.6926,53.28823,2022/03/19 00:00:00+00,Sat 19 Mar 2022,743,2779,0,3831680,3767116,240661,4072341,4007777,86.4816612432567,85.1105575030469,446
-7.6926,53.28823,2022/03/20 00:00:00+00,Sun 20 Mar 2022,394,1401,0,3832074,3768517,240661,4072735,4009178,86.4900283653935,85.140309630239,447
-7.6926,53.28823,2022/03/21 00:00:00+00,Mon 21 Mar 2022,54,111,0,3832128,3768628,240661,4072789,4009289,86.491175128326,85.1426668651558,448
-7.6926,53.28823,2022/03/22 00:00:00+00,Tue 22 Mar 2022,137,573,0,3832265,3769201,240661,4072926,4009862,86.4940845083583,85.1548352940502,449
-7.6926,53.28823,2022/03/23 00:00:00+00,Wed 23 Mar 2022,98,220,0,3832363,3769421,240661,4073024,4010082,86.4961656707172,85.1595072911824,450
-7.6926,53.28823,2022/03/24 00:00:00+00,Thu 24 Mar 2022,146,239,0,3832509,3769660,240661,4073170,4010321,86.499266177905,85.1645827789761,451
-7.6926,53.28823,2022/03/25 00:00:00+00,Fri 25 Mar 2022,435,1622,0,3832944,3771282,240661,4073605,4011943,86.5085039904165,85.1990281396511,452
-7.6926,53.28823,2022/03/26 00:00:00+00,Sat 26 Mar 2022,874,1847,0,3833818,3773129,240661,4074479,4013790,86.5270645608418,85.2382516792113,453
-7.6926,53.28823,2022/03/27 00:00:00+00,Sun 27 Mar 2022,380,802,0,3834198,3773931,240661,4074859,4014592,86.5351343740702,85.2552832323934,454
-7.6926,53.28823,2022/03/27 23:00:00+00,Mon 28 Mar 2022,40,51,0,3834238,3773982,240661,4074899,4014643,86.5359838280943,85.2563662862741,455
-7.6926,53.28823,2022/03/28 23:00:00+00,Tue 29 Mar 2022,138,192,3,3834376,3774174,240664,4075040,4014838,86.538978153529,85.2605073746413,456
-7.6926,53.28823,2022/03/29 23:00:00+00,Wed 30 Mar 2022,109,134,0,3834485,3774308,240664,4075149,4014972,86.5412929157446,85.2633530456218,457
-7.6926,53.28823,2022/03/30 23:00:00+00,Thu 31 Mar 2022,228,355,0,3834713,3774663,240664,4075377,4015327,86.5461348036816,85.2708919500852,458
-7.6926,53.28823,2022/03/31 23:00:00+00,Fri 01 Apr 2022,311,903,0,3835024,3775566,240664,4075688,4016230,86.5527393087186,85.290068374678,459
-7.6926,53.28823,2022/04/01 23:00:00+00,Sat 02 Apr 2022,726,1538,0,3835750,3777104,240664,4076414,4017768,86.568156899255,85.3227298819025,460
-7.6926,53.28823,2022/04/02 23:00:00+00,Sun 03 Apr 2022,536,816,0,3836286,3777920,240664,4076950,4018584,86.5795395831772,85.340058743993,461
-7.6926,53.28823,2022/04/03 23:00:00+00,Mon 04 Apr 2022,48,50,0,3836334,3777970,240664,4076998,4018634,86.580558928006,85.3411205615231,462
-7.6926,53.28823,2022/04/04 23:00:00+00,Tue 05 Apr 2022,130,166,0,3836464,3778136,240664,4077128,4018800,86.5833196535842,85.3446457957229,463
-7.6926,53.28823,2022/04/05 23:00:00+00,Wed 06 Apr 2022,159,209,0,3836623,3778345,240664,4077287,4019009,86.5866962333297,85.3490841929985,464
-7.6926,53.28823,2022/04/06 23:00:00+00,Thu 07 Apr 2022,120,175,0,3836743,3778520,240664,4077407,4019184,86.5892445954019,85.3528005543537,465
-7.6926,53.28823,2022/04/07 23:00:00+00,Fri 08 Apr 2022,267,417,0,3837010,3778937,240664,4077674,4019601,86.5949147010124,85.3616561125544,466
-7.6926,53.28823,2022/04/08 23:00:00+00,Sat 09 Apr 2022,561,1017,0,3837571,3779954,240664,4078235,4020618,86.6068282936996,85.3832534811157,467
-7.6926,53.28823,2022/04/09 23:00:00+00,Sun 10 Apr 2022,412,719,0,3837983,3780673,240664,4078647,4021337,86.6155776701472,85.3985224171979,468
-7.6926,53.28823,2022/04/10 23:00:00+00,Mon 11 Apr 2022,72,92,0,3838055,3780765,240664,4078719,4021429,86.6171066873905,85.4004761614532,469
-7.6926,53.28823,2022/04/11 23:00:00+00,Tue 12 Apr 2022,193,176,0,3838248,3780941,240664,4078912,4021605,86.6212053030565,85.404213759159,470
-7.6926,53.28823,2022/04/12 23:00:00+00,Wed 13 Apr 2022,146,231,0,3838394,3781172,240664,4079058,4021836,86.6243058102443,85.4091193561478,471
-7.6926,53.28823,2022/04/13 23:00:00+00,Thu 14 Apr 2022,360,426,0,3838754,3781598,240664,4079418,4022262,86.6319508964607,85.4181660415039,472
-7.6926,53.28823,2022/04/14 23:00:00+00,Fri 15 Apr 2022,449,989,0,3839203,3782587,240664,4079867,4023251,86.6414860178806,85.4391687922484,473
-7.6926,53.28823,2022/04/15 23:00:00+00,Sat 16 Apr 2022,42,88,0,3839245,3782675,240664,4079909,4023339,86.6423779446058,85.4410375911013,474
-7.6926,53.28823,2022/04/16 23:00:00+00,Sun 17 Apr 2022,1,0,0,3839246,3782675,240664,4079910,4023339,86.6423991809564,85.4410375911013,475
-7.6926,53.28823,2022/04/17 23:00:00+00,Mon 18 Apr 2022,36,61,0,3839282,3782736,240664,4079946,4023400,86.6431636895781,85.442333008488,476
-7.6926,53.28823,2022/04/18 23:00:00+00,Tue 19 Apr 2022,218,268,1,3839500,3783004,240665,4080165,4023669,86.6478144503597,85.4480455867997,477
-7.6926,53.28823,2022/04/19 23:00:00+00,Wed 20 Apr 2022,249,606,0,3839749,3783610,240665,4080414,4024275,86.6531023016594,85.4609148152639,478
-7.6926,53.28823,2022/04/20 23:00:00+00,Thu 21 Apr 2022,169,238,0,3839918,3783848,240665,4080583,4024513,86.656691244911,85.465969066707,479
-7.6926,53.28823,2022/04/21 23:00:00+00,Fri 22 Apr 2022,198,251,0,3840116,3784099,240665,4080781,4024764,86.66089604233,85.4712993907079,480
-7.6926,53.28823,2022/04/22 23:00:00+00,Sat 23 Apr 2022,322,1010,0,3840438,3785109,240665,4081103,4025774,86.6677341472236,85.492748104815,481
-7.6926,53.28823,2022/04/23 23:00:00+00,Sun 24 Apr 2022,182,253,0,3840620,3785362,240665,4081285,4026027,86.671599163033,85.4981209015171,482
-7.6926,53.28823,2022/04/24 23:00:00+00,Mon 25 Apr 2022,41,56,0,3840661,3785418,240665,4081326,4026083,86.6724698534076,85.4993101371507,483
-7.6926,53.28823,2022/04/25 23:00:00+00,Tue 26 Apr 2022,144,237,0,3840805,3785655,240665,4081470,4026320,86.6755278878941,85.5043431522432,484
-7.6926,53.28823,2022/04/26 23:00:00+00,Wed 27 Apr 2022,122,208,0,3840927,3785863,240665,4081592,4026528,86.6781187226675,85.5087603131682,485
-7.6926,53.28823,2022/04/27 23:00:00+00,Thu 28 Apr 2022,106,128,0,3841033,3785991,240665,4081698,4026656,86.6803697758312,85.5114785660452,486
-7.6926,53.28823,2022/04/28 23:00:00+00,Fri 29 Apr 2022,171,221,0,3841204,3786212,240665,4081869,4026877,86.684001191784,85.516171799528,487
-7.6926,53.28823,2022/04/29 23:00:00+00,Sat 30 Apr 2022,281,722,0,3841485,3786934,240665,4082150,4027599,86.6899686063029,85.531504444662,488
-7.6926,53.28823,2022/04/30 23:00:00+00,Sun 01 May 2022,186,746,0,3841671,3787680,240665,4082336,4028345,86.6939185675147,85.5473467622104,489
-7.6926,53.28823,2022/05/01 23:00:00+00,Mon 02 May 2022,11,26,0,3841682,3787706,240665,4082347,4028371,86.6941521673713,85.547898907326,490
-7.6926,53.28823,2022/05/02 23:00:00+00,Tue 03 May 2022,93,117,0,3841775,3787823,240665,4082440,4028488,86.6961271479772,85.5503835603464,491
-7.6926,53.28823,2022/05/03 23:00:00+00,Wed 04 May 2022,119,127,0,3841894,3787950,240665,4082559,4028615,86.6986542736988,85.5530805768727,492
-7.6926,53.28823,2022/05/04 23:00:00+00,Thu 05 May 2022,121,161,0,3842015,3788111,240665,4082680,4028776,86.7012238721215,85.5564996293195,493
-7.6926,53.28823,2022/05/05 23:00:00+00,Fri 06 May 2022,143,258,0,3842158,3788369,240665,4082823,4029034,86.7042606702575,85.5619786077746,494
-7.6926,53.28823,2022/05/06 23:00:00+00,Sat 07 May 2022,442,1084,0,3842600,3789453,240665,4083265,4030118,86.7136471372231,85.5849988118262,495
-7.6926,53.28823,2022/05/07 23:00:00+00,Sun 08 May 2022,273,436,0,3842873,3789889,240665,4083538,4030554,86.7194446609372,85.5942578606883,496
-7.6926,53.28823,2022/05/08 23:00:00+00,Mon 09 May 2022,26,31,0,3842899,3789920,240665,4083564,4030585,86.7199968060529,85.5949161875569,497
-7.6926,53.28823,2022/05/09 23:00:00+00,Tue 10 May 2022,97,102,1,3842996,3790022,240666,4083662,4030688,86.7220779684118,85.5971035316688,498
-7.6926,53.28823,2022/05/10 23:00:00+00,Wed 11 May 2022,128,132,0,3843124,3790154,240666,4083790,4030820,86.7247962212887,85.5999067299482,499
-7.6926,53.28823,2022/05/11 23:00:00+00,Thu 12 May 2022,247,396,0,3843371,3790550,240666,4084037,4031216,86.7300415998872,85.6083163247862,500
-7.6926,53.28823,2022/05/12 23:00:00+00,Fri 13 May 2022,181,326,0,3843552,3790876,240666,4084218,4031542,86.733885379346,85.6152393750822,501
-7.6926,53.28823,2022/05/13 23:00:00+00,Sat 14 May 2022,333,632,0,3843885,3791508,240666,4084551,4032174,86.7409570840962,85.6286607486621,502
-7.6926,53.28823,2022/05/14 23:00:00+00,Sun 15 May 2022,169,254,0,3844054,3791762,240666,4084720,4032428,86.7445460273478,85.6340547817147,503
-7.6926,53.28823,2022/05/15 23:00:00+00,Mon 16 May 2022,33,39,0,3844087,3791801,240666,4084753,4032467,86.7452468269176,85.6348829993882,504
-7.6926,53.28823,2022/05/16 23:00:00+00,Tue 17 May 2022,106,92,0,3844193,3791893,240666,4084859,4032559,86.7474978800813,85.6368367436435,505
-7.6926,53.28823,2022/05/17 23:00:00+00,Wed 18 May 2022,104,119,0,3844297,3792012,240666,4084963,4032678,86.7497064605438,85.639363869365,506
-7.6926,53.28823,2022/05/18 23:00:00+00,Thu 19 May 2022,98,102,0,3844395,3792114,240666,4085061,4032780,86.7517876229027,85.6415299771263,507
-7.6926,53.28823,2022/05/19 23:00:00+00,Fri 20 May 2022,130,203,0,3844525,3792317,240666,4085191,4032983,86.7545483484809,85.6458409562983,508
-7.6926,53.28823,2022/05/20 23:00:00+00,Sat 21 May 2022,392,760,0,3844917,3793077,240666,4085583,4033743,86.7628729979165,85.6619805827552,509
-7.6926,53.28823,2022/05/21 23:00:00+00,Sun 22 May 2022,232,410,0,3845149,3793487,240666,4085815,4034153,86.767799831256,85.6706874865016,510
-7.6926,53.28823,2022/05/22 23:00:00+00,Mon 23 May 2022,29,32,0,3845178,3793519,240666,4085844,4034185,86.7684156854234,85.6713670497209,511
-7.6926,53.28823,2022/05/23 23:00:00+00,Tue 24 May 2022,69,76,0,3845247,3793595,240666,4085913,4034261,86.7698809936149,85.6729810123666,512
-7.6926,53.28823,2022/05/24 23:00:00+00,Wed 25 May 2022,87,121,0,3845334,3793716,240666,4086000,4034382,86.7717285561172,85.6755506107893,513
-7.6926,53.28823,2022/05/25 23:00:00+00,Thu 26 May 2022,89,144,0,3845423,3793860,240666,4086089,4034526,86.7736185913207,85.6786086452759,514
-7.6926,53.28823,2022/05/26 23:00:00+00,Fri 27 May 2022,95,146,0,3845518,3794006,240666,4086184,4034672,86.7756360446278,85.6817091524636,515
-7.6926,53.28823,2022/05/27 23:00:00+00,Sat 28 May 2022,335,574,0,3845853,3794580,240666,4086519,4035246,86.7827502220791,85.6938988177087,516
-7.6926,53.28823,2022/05/28 23:00:00+00,Sun 29 May 2022,182,346,0,3846035,3794926,240666,4086701,4035592,86.7866152378885,85.7012465950166,517
-7.6926,53.28823,2022/05/29 23:00:00+00,Mon 30 May 2022,14,18,0,3846049,3794944,240666,4086715,4035610,86.786912546797,85.7016288493275,518
-7.6926,53.28823,2022/05/30 23:00:00+00,Tue 31 May 2022,65,70,1,3846114,3795014,240667,4086781,4035681,86.7883141459366,85.7031366302201,519
-7.6926,53.28823,2022/05/31 23:00:00+00,Wed 01 Jun 2022,57,91,0,3846171,3795105,240667,4086838,4035772,86.7895246179209,85.7050691381248,520
-7.6926,53.28823,2022/06/01 23:00:00+00,Thu 02 Jun 2022,88,124,0,3846259,3795229,240667,4086926,4035896,86.7913934167738,85.7077024455994,521
-7.6926,53.28823,2022/06/02 23:00:00+00,Fri 03 Jun 2022,57,131,0,3846316,3795360,240667,4086983,4036027,86.7926038887581,85.7104844075281,522
-7.6926,53.28823,2022/06/03 23:00:00+00,Sat 04 Jun 2022,306,601,0,3846622,3795961,240667,4087289,4036628,86.799102212042,85.7232474542394,523
-7.6926,53.28823,2022/06/04 23:00:00+00,Sun 05 Jun 2022,142,273,0,3846764,3796234,240667,4087431,4036901,86.8021177738273,85.7290449779535,524
-7.6926,53.28823,2022/06/05 23:00:00+00,Mon 06 Jun 2022,3,3,0,3846767,3796237,240667,4087434,4036904,86.8021814828791,85.7291086870053,525
-7.6926,53.28823,2022/06/06 23:00:00+00,Tue 07 Jun 2022,29,38,0,3846796,3796275,240667,4087463,4036942,86.8027973370466,85.7299156683281,526
