X,Y,VaccinationDate,VaccineText,Dose1,Dose2,SingleDose,Dose1Cum,Dose2Cum,SingleDoseCum,PartiallyVacc,FullyVacc,PartialPercent,FullyPercent,ObjectId
-7.6926,53.28823,2021/05/09 23:00:00+00,Mon 10 May 2021,28697,4569,165,1430151,543548,626,1430777,544174,30.384482003998,11.556269852006,1
-7.6926,53.28823,2021/05/10 23:00:00+00,Tue 11 May 2021,33813,14746,147,1463964,558294,773,1464737,559067,31.1056684704115,11.8725428215083,2
-7.6926,53.28823,2021/05/11 23:00:00+00,Wed 12 May 2021,31156,20874,148,1495120,579168,921,1496041,580089,31.7704511896285,12.3189733838447,3
-7.6926,53.28823,2021/05/12 23:00:00+00,Thu 13 May 2021,35867,25428,139,1530987,604596,1060,1532047,605656,32.5350872293719,12.8619231596632,4
-7.6926,53.28823,2021/05/13 23:00:00+00,Fri 14 May 2021,38079,27911,228,1569066,632507,1288,1570354,633795,33.3485881118485,13.4594928292277,5
-7.6926,53.28823,2021/05/14 23:00:00+00,Sat 15 May 2021,28716,12393,5,1597782,644900,1293,1599075,646193,33.9585173374628,13.7227811039802,6
-7.6926,53.28823,2021/05/15 23:00:00+00,Sun 16 May 2021,23079,1132,5,1620861,646032,1298,1622159,647330,34.4487372547387,13.7469268346136,7
-7.6926,53.28823,2021/05/16 23:00:00+00,Mon 17 May 2021,35275,3893,110,1656136,649925,1408,1657544,651333,35.2001855207589,13.8319359460699,8
-7.6926,53.28823,2021/05/17 23:00:00+00,Tue 18 May 2021,38920,12418,116,1695056,662343,1524,1696580,663867,36.0291677028236,14.0981123645041,9
-7.6926,53.28823,2021/05/18 23:00:00+00,Wed 19 May 2021,36888,17525,195,1731944,679868,1719,1733663,681587,36.8166752921644,14.4744204971557,10
-7.6926,53.28823,2021/05/19 23:00:00+00,Thu 20 May 2021,38932,19608,117,1770876,699476,1836,1772712,701312,37.645933546787,14.8933075127625,11
-7.6926,53.28823,2021/05/20 23:00:00+00,Fri 21 May 2021,25698,23162,14917,1796574,722638,16753,1813327,739391,38.5084479264509,15.701966507302,12
-7.6926,53.28823,2021/05/21 23:00:00+00,Sat 22 May 2021,16474,10206,13501,1813048,732844,30254,1843302,763098,39.145007535719,16.2054166710024,13
-7.6926,53.28823,2021/05/22 23:00:00+00,Sun 23 May 2021,8132,5492,10199,1821180,738336,40453,1861633,778789,39.5342910785879,16.5386362482844,14
-7.6926,53.28823,2021/05/23 23:00:00+00,Mon 24 May 2021,22393,8151,8436,1843573,746487,48889,1892462,795376,40.1889865312694,16.8908835957049,15
-7.6926,53.28823,2021/05/24 23:00:00+00,Tue 25 May 2021,30167,16431,3210,1873740,762918,52099,1925839,815017,40.8977922052825,17.3079867578612,16
-7.6926,53.28823,2021/05/25 23:00:00+00,Wed 26 May 2021,19807,25347,3035,1893547,788265,55134,1948681,843399,41.3828729257129,17.9107168606218,17
-7.6926,53.28823,2021/05/26 23:00:00+00,Thu 27 May 2021,16862,35925,544,1910409,824190,55678,1966087,879868,41.7525128442757,18.6851853306935,18
-7.6926,53.28823,2021/05/27 23:00:00+00,Fri 28 May 2021,26867,31750,1531,1937276,855940,57209,1994485,913149,42.3555827286459,19.3919523150489,19
-7.6926,53.28823,2021/05/28 23:00:00+00,Sat 29 May 2021,24346,7346,510,1961622,863286,57719,2019341,921005,42.883433459187,19.5587850853712,20
-7.6926,53.28823,2021/05/29 23:00:00+00,Sun 30 May 2021,24148,1631,198,1985770,864917,57917,2043687,922834,43.4004536509215,19.5976263706206,21
-7.6926,53.28823,2021/05/30 23:00:00+00,Mon 31 May 2021,22403,7265,3419,2008173,872182,61336,2069509,933518,43.9488186961433,19.8245155404428,22
-7.6926,53.28823,2021/05/31 23:00:00+00,Tue 01 Jun 2021,27343,11415,3625,2035516,883597,64961,2100477,948558,44.6064660015583,20.1439102534835,23
-7.6926,53.28823,2021/06/01 23:00:00+00,Wed 02 Jun 2021,18498,20820,3977,2054014,904417,68938,2122952,973355,45.0837529813182,20.6705080393391,24
-7.6926,53.28823,2021/06/02 23:00:00+00,Thu 03 Jun 2021,16520,30618,1963,2070534,935035,70901,2141435,1005936,45.4762644494784,21.3624095782737,25
-7.6926,53.28823,2021/06/03 23:00:00+00,Fri 04 Jun 2021,28863,23269,128,2099397,958304,71029,2170426,1029333,46.0919274897551,21.8592764732877,26
-7.6926,53.28823,2021/06/04 23:00:00+00,Sat 05 Jun 2021,20791,11412,15,2120188,969716,71044,2191232,1040760,46.5337710003617,22.1019442516066,27
-7.6926,53.28823,2021/06/05 23:00:00+00,Sun 06 Jun 2021,19800,3838,23,2139988,973554,71067,2211055,1044621,46.9547391783274,22.1839378012775,28
-7.6926,53.28823,2021/06/06 23:00:00+00,Mon 07 Jun 2021,19639,4473,21,2159627,978027,71088,2230715,1049115,47.3722458311451,22.2793739608788,29
-7.6926,53.28823,2021/06/07 23:00:00+00,Tue 08 Jun 2021,26258,18233,23,2185885,996260,71111,2256996,1067371,47.9303583612928,22.6670647774526,30
-7.6926,53.28823,2021/06/08 23:00:00+00,Wed 09 Jun 2021,32624,20007,154,2218509,1016267,71265,2289774,1087532,48.6264434612958,23.0952108419215,31
-7.6926,53.28823,2021/06/09 23:00:00+00,Thu 10 Jun 2021,27521,27378,246,2246030,1043645,71511,2317541,1115156,49.2161132084367,23.6818437909264,32
-7.6926,53.28823,2021/06/10 23:00:00+00,Fri 11 Jun 2021,26274,32793,14,2272304,1076438,71525,2343829,1147963,49.7743743930386,24.3785447450969,33
-7.6926,53.28823,2021/06/11 23:00:00+00,Sat 12 Jun 2021,12062,19628,87,2284366,1096066,71612,2355978,1167678,50.0323748164914,24.7972193971977,34
-7.6926,53.28823,2021/06/12 23:00:00+00,Sun 13 Jun 2021,8457,18109,815,2292823,1114175,72427,2365250,1186602,50.2292782592648,25.199096095973,35
-7.6926,53.28823,2021/06/13 23:00:00+00,Mon 14 Jun 2021,15888,31187,18,2308711,1145362,72445,2381156,1217807,50.567063651926,25.8617764164805,36
-7.6926,53.28823,2021/06/14 23:00:00+00,Tue 15 Jun 2021,14525,41405,188,2323236,1186767,72633,2395869,1259400,50.8795140783201,26.7450599470323,37
-7.6926,53.28823,2021/06/15 23:00:00+00,Wed 16 Jun 2021,13267,48227,199,2336503,1234994,72832,2409335,1307826,51.1654827755146,27.7734514612414,38
-7.6926,53.28823,2021/06/16 23:00:00+00,Thu 17 Jun 2021,21410,42527,506,2357913,1277521,73338,2431251,1350859,51.6308986352884,28.6873153366588,39
-7.6926,53.28823,2021/06/17 23:00:00+00,Fri 18 Jun 2021,11868,49920,533,2369781,1327441,73871,2443652,1401312,51.8942506190927,29.7587529335364,40
-7.6926,53.28823,2021/06/18 23:00:00+00,Sat 19 Jun 2021,6175,32680,410,2375956,1360121,74281,2450237,1434402,52.034091987801,30.461463774927,41
-7.6926,53.28823,2021/06/19 23:00:00+00,Sun 20 Jun 2021,8408,26071,166,2384364,1386192,74447,2458811,1460639,52.2161724578549,31.0186419056482,42
-7.6926,53.28823,2021/06/20 23:00:00+00,Mon 21 Jun 2021,15320,32195,545,2399684,1418387,74992,2474676,1493379,52.5530871601414,31.7139200243284,43
-7.6926,53.28823,2021/06/21 23:00:00+00,Tue 22 Jun 2021,14998,43406,695,2414682,1461793,75687,2490369,1537480,52.8863492101246,32.6504643221877,44
-7.6926,53.28823,2021/06/22 23:00:00+00,Wed 23 Jun 2021,19906,39225,864,2434588,1501018,76551,2511139,1577569,53.3274282121095,33.5018083814354,45
-7.6926,53.28823,2021/06/23 23:00:00+00,Thu 24 Jun 2021,18869,44118,1011,2453457,1545136,77562,2531019,1622698,53.7496068620595,34.4601836477127,46
-7.6926,53.28823,2021/06/24 23:00:00+00,Fri 25 Jun 2021,15029,50011,801,2468486,1595147,78363,2546849,1673510,54.085778292075,35.5392450944561,47
-7.6926,53.28823,2021/06/25 23:00:00+00,Sat 26 Jun 2021,8908,30425,471,2477394,1625572,78834,2556228,1704406,54.2849540243628,36.1953633826279,48
-7.6926,53.28823,2021/06/26 23:00:00+00,Sun 27 Jun 2021,8634,30371,43,2486028,1655943,78877,2564905,1734820,54.4692218385286,36.8412457498099,49
-7.6926,53.28823,2021/06/27 23:00:00+00,Mon 28 Jun 2021,24080,24492,484,2510108,1680435,79361,2589469,1759796,54.9908715546941,37.3716448424231,50
-7.6926,53.28823,2021/06/28 23:00:00+00,Tue 29 Jun 2021,27988,30826,775,2538096,1711261,80136,2618232,1791397,55.6016927070337,38.0427347577686,51
-7.6926,53.28823,2021/06/29 23:00:00+00,Wed 30 Jun 2021,22382,36676,551,2560478,1747937,80687,2641165,1828624,56.0887059353689,38.833300381596,52
-7.6926,53.28823,2021/06/30 23:00:00+00,Thu 01 Jul 2021,14740,48157,601,2575218,1796094,81288,2656506,1877382,56.4144927899404,39.8687423642047,53
-7.6926,53.28823,2021/07/01 23:00:00+00,Fri 02 Jul 2021,13478,47092,792,2588696,1843186,82080,2670776,1925266,56.7175355130182,40.885623776388,54
-7.6926,53.28823,2021/07/02 23:00:00+00,Sat 03 Jul 2021,9178,30309,476,2597874,1873495,82556,2680430,1956051,56.9225512417213,41.5393848296431,55
-7.6926,53.28823,2021/07/03 23:00:00+00,Sun 04 Jul 2021,6347,27693,209,2604221,1901188,82765,2686986,1983953,57.0617767562621,42.1319214841151,56
-7.6926,53.28823,2021/07/04 23:00:00+00,Mon 05 Jul 2021,15384,33247,5312,2619605,1934435,88077,2707682,2022512,57.5012842683026,42.9507739269431,57
-7.6926,53.28823,2021/07/05 23:00:00+00,Tue 06 Jul 2021,12217,48167,5460,2631822,1982602,93537,2725359,2076139,57.8766792378783,44.0896157006286,58
-7.6926,53.28823,2021/07/06 23:00:00+00,Wed 07 Jul 2021,19508,43558,5020,2651330,2026160,98557,2749887,2124717,58.3975644454223,45.1212351401291,59
-7.6926,53.28823,2021/07/07 23:00:00+00,Thu 08 Jul 2021,17622,45423,5963,2668952,2071583,104520,2773472,2176103,58.8984237743493,46.2124862521175,60
-7.6926,53.28823,2021/07/08 23:00:00+00,Fri 09 Jul 2021,13367,44919,6509,2682319,2116502,111029,2793348,2227531,59.3205174788969,47.3046292908312,61
-7.6926,53.28823,2021/07/09 23:00:00+00,Sat 10 Jul 2021,8491,23691,4334,2690810,2140193,115363,2806173,2255556,59.5928736753561,47.8997780164272,62
-7.6926,53.28823,2021/07/10 23:00:00+00,Sun 11 Jul 2021,15144,16005,2137,2705954,2156198,117500,2823454,2273698,59.9598590500938,48.2850478890324,63
-7.6926,53.28823,2021/07/11 23:00:00+00,Mon 12 Jul 2021,16976,31568,6058,2722930,2187766,123558,2846488,2311324,60.4490171498397,49.0840868167496,64
-7.6926,53.28823,2021/07/12 23:00:00+00,Tue 13 Jul 2021,19958,36358,8457,2742888,2224124,132015,2874903,2356139,61.0524480521701,50.0357938689382,65
-7.6926,53.28823,2021/07/13 23:00:00+00,Wed 14 Jul 2021,20658,35483,9304,2763546,2259607,141319,2904865,2400926,61.6887315888804,50.9869063033099,66
-7.6926,53.28823,2021/07/14 23:00:00+00,Thu 15 Jul 2021,23474,28639,9539,2787020,2288246,150858,2937878,2439104,62.3898072312747,51.7976676965589,67
-7.6926,53.28823,2021/07/15 23:00:00+00,Fri 16 Jul 2021,23422,27187,9132,2810442,2315433,159990,2970432,2475423,63.0811353887431,52.5689507140404,68
-7.6926,53.28823,2021/07/16 23:00:00+00,Sat 17 Jul 2021,11399,19256,4646,2821841,2334689,164636,2986477,2499325,63.4218726341378,53.0765419661081,69
-7.6926,53.28823,2021/07/17 23:00:00+00,Sun 18 Jul 2021,16778,15680,1914,2838619,2350369,166550,3005169,2516919,63.8188224995737,53.4501743185839,70
-7.6926,53.28823,2021/07/18 23:00:00+00,Mon 19 Jul 2021,24737,18220,6210,2863356,2368589,172760,3036116,2541349,64.4760238416261,53.9689783637689,71
-7.6926,53.28823,2021/07/19 23:00:00+00,Tue 20 Jul 2021,30443,17943,7665,2893799,2386532,180425,3074224,2566957,65.285298690333,54.512798829962,72
-7.6926,53.28823,2021/07/20 23:00:00+00,Wed 21 Jul 2021,30170,19620,6848,2923969,2406152,187273,3111242,2593425,66.0714259168847,55.0748825576721,73
-7.6926,53.28823,2021/07/21 23:00:00+00,Thu 22 Jul 2021,33396,15707,6898,2957365,2421859,194171,3151536,2616030,66.9271234280057,55.5549302630101,74
-7.6926,53.28823,2021/07/22 23:00:00+00,Fri 23 Jul 2021,26961,20609,5574,2984326,2442468,199745,3184071,2642213,67.6180480948127,56.1109616307988,75
-7.6926,53.28823,2021/07/23 23:00:00+00,Sat 24 Jul 2021,15343,14622,2242,2999669,2457090,201987,3201656,2659077,67.9914893201331,56.4690914473359,76
-7.6926,53.28823,2021/07/24 23:00:00+00,Sun 25 Jul 2021,14655,13530,1027,3014324,2470620,203014,3217338,2673634,68.3245177702596,56.7782290030362,77
-7.6926,53.28823,2021/07/25 23:00:00+00,Mon 26 Jul 2021,23724,18000,3384,3038048,2488620,206398,3244446,2695018,68.9001927623544,57.2323471242902,78
-7.6926,53.28823,2021/07/26 23:00:00+00,Tue 27 Jul 2021,25358,23642,3632,3063406,2512262,210030,3273436,2722292,69.5158345662805,57.8115473505848,79
-7.6926,53.28823,2021/07/27 23:00:00+00,Wed 28 Jul 2021,23330,25044,3234,3086736,2537306,213264,3300000,2750570,70.0799569836482,58.4120688728828,80
-7.6926,53.28823,2021/07/28 23:00:00+00,Thu 29 Jul 2021,19155,27644,2931,3105891,2564950,216195,3322086,2781145,70.5489830230242,59.0613702925116,81
-7.6926,53.28823,2021/07/29 23:00:00+00,Fri 30 Jul 2021,21821,22698,2087,3127712,2587648,218282,3345994,2805930,71.0567016931955,59.58771324216,82
-7.6926,53.28823,2021/07/30 23:00:00+00,Sat 31 Jul 2021,13653,12298,893,3141365,2599946,219175,3360540,2819121,71.3656056490392,59.8678419429392,83
-7.6926,53.28823,2021/07/31 23:00:00+00,Sun 01 Aug 2021,11014,9199,356,3152379,2609145,219531,3371910,2828676,71.6070629553737,60.0707552729328,84
-7.6926,53.28823,2021/08/01 23:00:00+00,Mon 02 Aug 2021,14917,15774,405,3167296,2624919,219936,3387232,2844855,71.9324463192839,60.414338189308,85
-7.6926,53.28823,2021/08/02 23:00:00+00,Tue 03 Aug 2021,17238,25234,1090,3184534,2650153,221026,3405560,2871179,72.3216661531009,60.9733638825316,86
-7.6926,53.28823,2021/08/03 23:00:00+00,Wed 04 Aug 2021,22002,17071,1558,3206536,2667224,222584,3429120,2889808,72.821994573263,61.3689758578795,87
-7.6926,53.28823,2021/08/04 23:00:00+00,Thu 05 Aug 2021,13426,29843,1410,3219962,2697067,223994,3443956,2921061,73.137057070781,62.0326755232159,88
-7.6926,53.28823,2021/08/05 23:00:00+00,Fri 06 Aug 2021,12084,24549,929,3232046,2721616,224923,3456969,2946539,73.4134057011532,62.5737352638309,89
-7.6926,53.28823,2021/08/06 23:00:00+00,Sat 07 Aug 2021,6282,8290,566,3238328,2729906,225489,3463817,2955395,73.5588322300695,62.7618043847542,90
-7.6926,53.28823,2021/08/07 23:00:00+00,Sun 08 Aug 2021,8572,11852,147,3246900,2741758,225636,3472536,2967394,73.7439919709606,63.0166193556169,91
-7.6926,53.28823,2021/08/08 23:00:00+00,Mon 09 Aug 2021,5463,22822,590,3252363,2764580,226226,3478589,2990806,73.8725356011491,63.51380479589,92
-7.6926,53.28823,2021/08/09 23:00:00+00,Tue 10 Aug 2021,9249,25782,694,3261612,2790362,226920,3488532,3017282,74.0836886351758,64.0760584144049,93
-7.6926,53.28823,2021/08/10 23:00:00+00,Wed 11 Aug 2021,6928,31000,639,3268540,2821362,227559,3496099,3048921,74.2443841001744,64.7479553110732,94
-7.6926,53.28823,2021/08/11 23:00:00+00,Thu 12 Aug 2021,6671,38099,853,3275211,2859461,228412,3503623,3087873,74.4041664020971,65.5751536396875,95
-7.6926,53.28823,2021/08/12 23:00:00+00,Fri 13 Aug 2021,10831,28062,849,3286042,2887523,229261,3515303,3116784,74.652206977118,66.1891177719161,96
-7.6926,53.28823,2021/08/13 23:00:00+00,Sat 14 Aug 2021,18061,5721,270,3304103,2893244,229531,3533634,3122775,75.0414905199869,66.3163447483673,97
-7.6926,53.28823,2021/08/14 23:00:00+00,Sun 15 Aug 2021,16962,3649,40,3321065,2896893,229571,3550636,3126464,75.4025509529069,66.3946856457348,98
-7.6926,53.28823,2021/08/15 23:00:00+00,Mon 16 Aug 2021,10124,22969,366,3331189,2919862,229937,3561126,3149799,75.6253202707125,66.8902358870116,99
-7.6926,53.28823,2021/08/16 23:00:00+00,Tue 17 Aug 2021,12819,26706,520,3344008,2946568,230457,3574465,3177025,75.9085919513806,67.4684167684773,100
-7.6926,53.28823,2021/08/17 23:00:00+00,Wed 18 Aug 2021,15166,25611,648,3359174,2972179,231105,3590279,3203284,76.2444235997865,68.0260620989117,101
-7.6926,53.28823,2021/08/18 23:00:00+00,Thu 19 Aug 2021,11315,25552,534,3370489,2997731,231639,3602128,3229370,76.496053118059,68.5800335406921,102
-7.6926,53.28823,2021/08/19 23:00:00+00,Fri 20 Aug 2021,14780,22094,673,3385269,3019825,232312,3617581,3252137,76.8242184438979,69.0635215348275,103
-7.6926,53.28823,2021/08/20 23:00:00+00,Sat 21 Aug 2021,11815,7867,234,3397084,3027692,232546,3629630,3260238,77.0800952322906,69.2355572110471,104
-7.6926,53.28823,2021/08/21 23:00:00+00,Sun 22 Aug 2021,7988,12191,157,3405072,3039883,232703,3637775,3272586,77.2530653079366,69.4977836682695,105
-7.6926,53.28823,2021/08/22 23:00:00+00,Mon 23 Aug 2021,10824,15226,277,3415896,3055109,232980,3648876,3288089,77.4888100359595,69.8270108116385,106
-7.6926,53.28823,2021/08/23 23:00:00+00,Tue 24 Aug 2021,9703,22773,377,3425599,3077882,233357,3658956,3311239,77.7028724500187,70.318632328054,107
-7.6926,53.28823,2021/08/24 23:00:00+00,Wed 25 Aug 2021,9364,19367,306,3434963,3097249,233663,3668626,3330912,77.9082279603313,70.7364150534296,108
-7.6926,53.28823,2021/08/25 23:00:00+00,Thu 26 Aug 2021,8533,19302,364,3443496,3116551,234027,3677523,3350578,78.0971677716294,71.1540491243509,109
-7.6926,53.28823,2021/08/26 23:00:00+00,Fri 27 Aug 2021,9672,19089,428,3453168,3135640,234455,3687623,3370095,78.3116549127005,71.5685189790327,110
-7.6926,53.28823,2021/08/27 23:00:00+00,Sat 28 Aug 2021,9891,7830,148,3463059,3143470,234603,3697662,3378073,78.524846636385,71.7379425841283,111
-7.6926,53.28823,2021/08/28 23:00:00+00,Sun 29 Aug 2021,8786,9147,24,3471845,3152617,234627,3706472,3387244,78.7119388851808,71.9327011554911,112
-7.6926,53.28823,2021/08/29 23:00:00+00,Mon 30 Aug 2021,5028,11010,80,3476873,3163627,234707,3711580,3398334,78.8204141640512,72.1682122836573,113
-7.6926,53.28823,2021/08/30 23:00:00+00,Tue 31 Aug 2021,4027,12750,137,3480900,3176377,234844,3715744,3411221,78.9088423279542,72.4418851338538,114
-7.6926,53.28823,2021/08/31 23:00:00+00,Wed 01 Sep 2021,4908,12430,178,3485808,3188807,235022,3720830,3423829,79.0168504071115,72.7096330422325,115
-7.6926,53.28823,2021/09/01 23:00:00+00,Thu 02 Sep 2021,4975,12277,243,3490783,3201084,235265,3726048,3436349,79.127661684548,72.9755121517584,116
-7.6926,53.28823,2021/09/02 23:00:00+00,Fri 03 Sep 2021,4735,15952,160,3495518,3217036,235425,3730943,3452461,79.2316136207404,73.3176722326434,117
-7.6926,53.28823,2021/09/03 23:00:00+00,Sat 04 Sep 2021,4605,10524,130,3500123,3227560,235555,3735678,3463115,79.3321677408367,73.5439243119475,118
-7.6926,53.28823,2021/09/04 23:00:00+00,Sun 05 Sep 2021,5298,11852,1,3505421,3239412,235556,3740977,3474968,79.4446991626719,73.7956387756225,119
-7.6926,53.28823,2021/09/05 23:00:00+00,Mon 06 Sep 2021,2121,9601,70,3507542,3249013,235626,3743168,3484639,79.491228006839,74.0010155222857,120
-7.6926,53.28823,2021/09/06 23:00:00+00,Tue 07 Sep 2021,3012,9918,149,3510554,3258931,235775,3746329,3494706,79.558356111089,74.2148018637871,121
-7.6926,53.28823,2021/09/07 23:00:00+00,Wed 08 Sep 2021,2578,14718,181,3513132,3273649,235956,3749088,3509605,79.6169472023975,74.5312022513929,122
-7.6926,53.28823,2021/09/08 23:00:00+00,Thu 09 Sep 2021,3086,14724,135,3516218,3288373,236091,3752309,3524464,79.6853494876837,74.8467531849748,123
-7.6926,53.28823,2021/09/09 23:00:00+00,Fri 10 Sep 2021,3357,13881,111,3519575,3302254,236202,3755777,3538456,79.7589971515683,75.1438922025854,124
-7.6926,53.28823,2021/09/10 23:00:00+00,Sat 11 Sep 2021,2543,11261,57,3522118,3313515,236259,3758377,3549774,79.8142116631312,75.3842452186887,125
-7.6926,53.28823,2021/09/11 23:00:00+00,Sun 12 Sep 2021,2025,12852,1,3524143,3326367,236260,3760403,3562627,79.857236509449,75.6571960329648,126
-7.6926,53.28823,2021/09/12 23:00:00+00,Mon 13 Sep 2021,1583,7672,49,3525726,3334039,236309,3762035,3570348,79.89189423363,75.8211618959559,127
-7.6926,53.28823,2021/09/13 23:00:00+00,Tue 14 Sep 2021,1526,10712,80,3527252,3344751,236389,3763641,3581140,79.9259998126954,76.050344591643,128
-7.6926,53.28823,2021/09/14 23:00:00+00,Wed 15 Sep 2021,3251,12345,133,3530503,3357096,236522,3767025,3593618,79.9978636231295,76.3153317744436,129
-7.6926,53.28823,2021/09/15 23:00:00+00,Thu 16 Sep 2021,1887,10543,110,3532390,3367639,236632,3769022,3604271,80.0402726152799,76.5415626173972,130
-7.6926,53.28823,2021/09/16 23:00:00+00,Fri 17 Sep 2021,2542,14543,89,3534932,3382182,236721,3771653,3618903,80.0961454537114,76.8522928993926,131
-7.6926,53.28823,2021/09/17 23:00:00+00,Sat 18 Sep 2021,2272,11189,42,3537204,3393371,236763,3773967,3630134,80.1452863690024,77.0907983529936,132
-7.6926,53.28823,2021/09/18 23:00:00+00,Sun 19 Sep 2021,1853,8468,11,3539057,3401839,236774,3775831,3638613,80.1848709265229,77.2708613697404,133
-7.6926,53.28823,2021/09/19 23:00:00+00,Mon 20 Sep 2021,950,5572,32,3540007,3407411,236806,3776813,3644217,80.2057250228131,77.389869878509,134
-7.6926,53.28823,2021/09/20 23:00:00+00,Tue 21 Sep 2021,1445,6614,90,3541452,3414025,236896,3778348,3650921,80.2383228209858,77.5322383729388,135
-7.6926,53.28823,2021/09/21 23:00:00+00,Wed 22 Sep 2021,1888,8085,95,3543340,3422110,236991,3780331,3659101,80.2804345042278,77.7059517208558,136
-7.6926,53.28823,2021/09/22 23:00:00+00,Thu 23 Sep 2021,1684,8714,87,3545024,3430824,237078,3782102,3667902,80.3180440811424,77.8928528424961,137
-7.6926,53.28823,2021/09/23 23:00:00+00,Fri 24 Sep 2021,1902,7338,79,3546926,3438162,237157,3784083,3675319,80.3601132916832,78.0503628549045,138
-7.6926,53.28823,2021/09/24 23:00:00+00,Sat 25 Sep 2021,2402,6557,51,3549328,3444719,237208,3786536,3681927,80.4122060597077,78.1906926596767,139
-7.6926,53.28823,2021/09/25 23:00:00+00,Sun 26 Sep 2021,1537,7085,0,3550865,3451804,237208,3788073,3689012,80.4448463305816,78.3411522036855,140
-7.6926,53.28823,2021/09/26 23:00:00+00,Mon 27 Sep 2021,1164,3734,45,3552029,3455538,237253,3789282,3692791,80.4705210784583,78.4214043726071,141
-7.6926,53.28823,2021/09/27 23:00:00+00,Tue 28 Sep 2021,1435,5077,91,3553464,3460615,237344,3790808,3697959,80.5029277494756,78.5311538325136,142
-7.6926,53.28823,2021/09/28 23:00:00+00,Wed 29 Sep 2021,1636,3554,74,3555100,3464169,237418,3792518,3701587,80.5392419090035,78.6081993124944,143
-7.6926,53.28823,2021/09/29 23:00:00+00,Thu 30 Sep 2021,1271,3910,77,3556371,3468079,237495,3793866,3705574,80.5678685096138,78.692868642341,144
-7.6926,53.28823,2021/09/30 23:00:00+00,Fri 01 Oct 2021,1832,5120,41,3558203,3473199,237536,3795739,3710735,80.6076441942897,78.8024694477933,145
-7.6926,53.28823,2021/10/01 23:00:00+00,Sat 02 Oct 2021,1705,4046,39,3559908,3477245,237575,3797483,3714820,80.644680389738,78.8892199399988,146
-7.6926,53.28823,2021/10/02 23:00:00+00,Sun 03 Oct 2021,1202,2996,9,3561110,3480241,237584,3798694,3717825,80.6703976103159,78.9530351735551,147
-7.6926,53.28823,2021/10/03 23:00:00+00,Mon 04 Oct 2021,332,1183,17,3561442,3481424,237601,3799043,3719025,80.6778090966757,78.9785187942765,148
-7.6926,53.28823,2021/10/04 23:00:00+00,Tue 05 Oct 2021,958,2769,69,3562400,3484193,237670,3800070,3721863,80.6996188287431,79.0387875572824,149
-7.6926,53.28823,2021/10/05 23:00:00+00,Wed 06 Oct 2021,975,2511,35,3563375,3486704,237705,3801080,3724409,80.7210675428502,79.0928553059128,150
-7.6926,53.28823,2021/10/06 23:00:00+00,Thu 07 Oct 2021,1206,2648,43,3564581,3489352,237748,3802329,3727100,80.747591744751,79.1500023253804,151
-7.6926,53.28823,2021/10/07 23:00:00+00,Fri 08 Oct 2021,978,2718,45,3565559,3492070,237793,3803352,3729863,80.7693165314159,79.2086783620912,152
-7.6926,53.28823,2021/10/08 23:00:00+00,Sat 09 Oct 2021,728,2334,20,3566287,3494404,237813,3804100,3732217,80.7852013216655,79.2586687314062,153
-7.6926,53.28823,2021/10/09 23:00:00+00,Sun 10 Oct 2021,1526,3898,0,3567813,3498302,237813,3805626,3736115,80.8176079926828,79.3414480260493,154
-7.6926,53.28823,2021/10/10 23:00:00+00,Mon 11 Oct 2021,329,1080,13,3568142,3499382,237826,3805968,3737208,80.8248708245884,79.3646593572564,155
-7.6926,53.28823,2021/10/11 23:00:00+00,Tue 12 Oct 2021,559,1572,20,3568701,3500954,237846,3806547,3738800,80.8371666715864,79.3984676274133,156
-7.6926,53.28823,2021/10/12 23:00:00+00,Wed 13 Oct 2021,1031,1989,9,3569732,3502943,237855,3807587,3740798,80.8592524762116,79.4408978559143,157
-7.6926,53.28823,2021/10/13 23:00:00+00,Thu 14 Oct 2021,701,1535,7,3570433,3504478,237862,3808295,3742340,80.8742878124371,79.4736443085412,158
-7.6926,53.28823,2021/10/14 23:00:00+00,Fri 15 Oct 2021,952,2010,7,3571385,3506488,237869,3809254,3744357,80.8946534726636,79.5164780277037,159
-7.6926,53.28823,2021/10/15 23:00:00+00,Sat 16 Oct 2021,1371,2605,11,3572756,3509093,237880,3810636,3746973,80.9240021091943,79.5720323208762,160
-7.6926,53.28823,2021/10/16 23:00:00+00,Sun 17 Oct 2021,1710,2876,2,3574466,3511969,237882,3812348,3749851,80.9603587414234,79.6331505379061,161
-7.6926,53.28823,2021/10/17 23:00:00+00,Mon 18 Oct 2021,668,1178,4,3575134,3513147,237886,3813020,3751033,80.9746295690274,79.6582519043166,162
-7.6926,53.28823,2021/10/18 23:00:00+00,Tue 19 Oct 2021,1328,1740,10,3576462,3514887,237896,3814358,3752783,81.0030438061317,79.6954155178686,163
-7.6926,53.28823,2021/10/19 23:00:00+00,Wed 20 Oct 2021,2244,2271,0,3578706,3517158,237896,3816602,3755054,81.0506981768805,79.7436432700837,164
-7.6926,53.28823,2021/10/20 23:00:00+00,Thu 21 Oct 2021,1754,1773,10,3580460,3518931,237906,3818366,3756837,81.0881590993409,79.7815076832055,165
-7.6926,53.28823,2021/10/21 23:00:00+00,Fri 22 Oct 2021,1494,1882,1,3581954,3520813,237907,3819861,3758720,81.1199074434895,79.8214957313873,166
-7.6926,53.28823,2021/10/22 23:00:00+00,Sat 23 Oct 2021,2007,1666,0,3583961,3522479,237907,3821868,3760386,81.162528799146,79.8568754914888,167
-7.6926,53.28823,2021/10/23 23:00:00+00,Sun 24 Oct 2021,1943,2172,1,3585904,3524651,237908,3823812,3762559,81.2038122647145,79.903022081345,168
-7.6926,53.28823,2021/10/24 23:00:00+00,Mon 25 Oct 2021,1215,810,1,3587119,3525461,237909,3825028,3763370,81.2296356670455,79.9202447616825,169
-7.6926,53.28823,2021/10/25 23:00:00+00,Tue 26 Oct 2021,1237,1172,6,3588356,3526633,237915,3826271,3764548,81.2560324508426,79.9452611826906,170
-7.6926,53.28823,2021/10/26 23:00:00+00,Wed 27 Oct 2021,1551,1383,4,3589907,3528016,237919,3827826,3765935,81.2890549760273,79.9747160009743,171
-7.6926,53.28823,2021/10/27 23:00:00+00,Thu 28 Oct 2021,2143,1649,2,3592050,3529665,237921,3829971,3767586,81.3346069480667,80.0097772158167,172
-7.6926,53.28823,2021/10/28 23:00:00+00,Fri 29 Oct 2021,2136,1318,0,3594186,3530983,237921,3832107,3768904,81.3799677929507,80.037766725909,173
-7.6926,53.28823,2021/10/29 23:00:00+00,Sat 30 Oct 2021,2004,1423,0,3596190,3532406,237921,3834111,3770327,81.4225254395553,80.0679860528144,174
-7.6926,53.28823,2021/10/30 23:00:00+00,Sun 31 Oct 2021,1625,1311,0,3597815,3533717,237921,3835736,3771638,81.4570345092821,80.0958269084524,175
-7.6926,53.28823,2021/11/01 00:00:00+00,Mon 01 Nov 2021,257,244,1,3598072,3533961,237922,3835994,3771883,81.4625134877372,80.1010298143497,176
-7.6926,53.28823,2021/11/02 00:00:00+00,Tue 02 Nov 2021,1087,1056,9,3599159,3535017,237931,3837090,3772948,81.485788527996,80.1236465277399,177
-7.6926,53.28823,2021/11/03 00:00:00+00,Wed 03 Nov 2021,2535,1790,5,3601694,3536807,237936,3839630,3774743,81.5397288585228,80.1617657770689,178
-7.6926,53.28823,2021/11/04 00:00:00+00,Thu 04 Nov 2021,1547,1222,0,3603241,3538029,237936,3841177,3775965,81.5725814929027,80.1877165975034,179
-7.6926,53.28823,2021/11/05 00:00:00+00,Fri 05 Nov 2021,1626,1016,1,3604867,3539045,237937,3842804,3776982,81.6071330353307,80.2093139660647,180
-7.6926,53.28823,2021/11/06 00:00:00+00,Sat 06 Nov 2021,1819,1319,5,3606686,3540364,237942,3844628,3778306,81.6458681388271,80.2374308942606,181
-7.6926,53.28823,2021/11/07 00:00:00+00,Sun 07 Nov 2021,727,765,0,3607413,3541129,237942,3845355,3779071,81.6613069657141,80.2536767024704,182
-7.6926,53.28823,2021/11/08 00:00:00+00,Mon 08 Nov 2021,509,492,1,3607922,3541621,237943,3845865,3779564,81.6721375045207,80.2641462233168,183
-7.6926,53.28823,2021/11/09 00:00:00+00,Tue 09 Nov 2021,1381,998,1,3609303,3542619,237944,3847247,3780563,81.7014861410514,80.2853613375673,184
-7.6926,53.28823,2021/11/10 00:00:00+00,Wed 10 Nov 2021,1628,1299,0,3610931,3543918,237944,3848875,3781862,81.73605891983,80.3129473569981,185
-7.6926,53.28823,2021/11/11 00:00:00+00,Thu 11 Nov 2021,1404,1054,1,3612335,3544972,237945,3850280,3782917,81.7658959924246,80.3353517068823,186
-7.6926,53.28823,2021/11/12 00:00:00+00,Fri 12 Nov 2021,1159,1082,5,3613494,3546054,237950,3851444,3784004,81.7906151045242,80.3584356199857,187
-7.6926,53.28823,2021/11/13 00:00:00+00,Sat 13 Nov 2021,1417,1333,0,3614911,3547387,237950,3852861,3785337,81.820707013326,80.386743675337,188
-7.6926,53.28823,2021/11/14 00:00:00+00,Sun 14 Nov 2021,1649,1798,0,3616560,3549185,237950,3854510,3787135,81.8557257554672,80.4249266337178,189
-7.6926,53.28823,2021/11/15 00:00:00+00,Mon 15 Nov 2021,1247,548,0,3617807,3549733,237950,3855757,3787683,81.8822074846668,80.4365641538472,190
-7.6926,53.28823,2021/11/16 00:00:00+00,Tue 16 Nov 2021,1322,1026,4,3619129,3550759,237954,3857083,3788713,81.9103668855639,80.4584375949663,191
-7.6926,53.28823,2021/11/17 00:00:00+00,Wed 17 Nov 2021,1521,1059,0,3620650,3551818,237954,3858604,3789772,81.9426673748282,80.4809268902529,192
-7.6926,53.28823,2021/11/18 00:00:00+00,Thu 18 Nov 2021,1671,2429,5,3622321,3554247,237959,3860280,3792206,81.9782594984356,80.532616167616,193
-7.6926,53.28823,2021/11/19 00:00:00+00,Fri 19 Nov 2021,1182,1459,0,3623503,3555706,237959,3861462,3793665,82.0033608648461,80.563600003143,194
-7.6926,53.28823,2021/11/20 00:00:00+00,Sat 20 Nov 2021,1539,2906,10,3625042,3558612,237969,3863011,3796581,82.0362559719272,80.6255252014958,195
-7.6926,53.28823,2021/11/21 00:00:00+00,Sun 21 Nov 2021,1787,2750,0,3626829,3561362,237969,3864798,3799331,82.0742053304514,80.6839251656488,196
-7.6926,53.28823,2021/11/22 00:00:00+00,Mon 22 Nov 2021,714,468,2,3627543,3561830,237971,3865514,3799801,82.0894105574818,80.6939062504314,197
-7.6926,53.28823,2021/11/23 00:00:00+00,Tue 23 Nov 2021,2171,1538,4,3629714,3563368,237975,3867689,3801343,82.1355996200392,80.7266527030583,198
-7.6926,53.28823,2021/11/24 00:00:00+00,Wed 24 Nov 2021,1627,3086,0,3631341,3566454,237975,3869316,3804429,82.1701511624672,80.7921880810133,199
-7.6926,53.28823,2021/11/25 00:00:00+00,Thu 25 Nov 2021,1016,1114,1,3632357,3567568,237976,3870333,3805544,82.1917485310285,80.8158666119335,200
-7.6926,53.28823,2021/11/26 00:00:00+00,Fri 26 Nov 2021,1294,1060,12,3633651,3568628,237988,3871639,3806616,82.2194832049136,80.8386319797779,201
-7.6926,53.28823,2021/11/27 00:00:00+00,Sat 27 Nov 2021,1234,1528,5,3634885,3570156,237993,3872878,3808149,82.2457950433084,80.8711873052494,202
-7.6926,53.28823,2021/11/28 00:00:00+00,Sun 28 Nov 2021,1970,2248,0,3636855,3572404,237993,3874848,3810397,82.2876306539925,80.9189266214007,203
-7.6926,53.28823,2021/11/29 00:00:00+00,Mon 29 Nov 2021,547,961,1,3637402,3573365,237994,3875396,3811359,82.2992681741219,80.9393559906789,204
-7.6926,53.28823,2021/11/30 00:00:00+00,Tue 30 Nov 2021,1937,1591,6,3639339,3574956,238000,3877339,3812956,82.3405304033399,80.9732704425889,205
-7.6926,53.28823,2021/12/01 00:00:00+00,Wed 01 Dec 2021,1114,1328,1,3640453,3576284,238001,3878454,3814285,82.3642089342601,81.0014935525378,206
-7.6926,53.28823,2021/12/02 00:00:00+00,Thu 02 Dec 2021,1801,1365,0,3642254,3577649,238001,3880255,3815650,82.4024556016927,81.0304811711083,207
-7.6926,53.28823,2021/12/03 00:00:00+00,Fri 03 Dec 2021,1051,1135,3,3643305,3578784,238004,3881309,3816788,82.4248387152263,81.0546481380923,208
-7.6926,53.28823,2021/12/04 00:00:00+00,Sat 04 Dec 2021,1204,1674,0,3644509,3580458,238004,3882513,3818462,82.45040728135,81.0901977889986,209
-7.6926,53.28823,2021/12/05 00:00:00+00,Sun 05 Dec 2021,1355,1764,0,3645864,3582222,238004,3883868,3820226,82.4791825364145,81.1276587114589,210
-7.6926,53.28823,2021/12/06 00:00:00+00,Mon 06 Dec 2021,945,1254,0,3646809,3583476,238004,3884813,3821480,82.4992508877325,81.1542890951127,211
-7.6926,53.28823,2021/12/07 00:00:00+00,Tue 07 Dec 2021,486,701,1,3647295,3584177,238005,3885300,3822182,82.5095929904753,81.1691970132347,212
-7.6926,53.28823,2021/12/08 00:00:00+00,Wed 08 Dec 2021,815,1440,0,3648110,3585617,238005,3886115,3823622,82.5269006162152,81.1997773581003,213
-7.6926,53.28823,2021/12/09 00:00:00+00,Thu 09 Dec 2021,800,1151,0,3648910,3586768,238005,3886915,3824773,82.5438896966961,81.2242203976422,214
-7.6926,53.28823,2021/12/10 00:00:00+00,Fri 10 Dec 2021,892,1553,1,3649802,3588321,238006,3887808,3826327,82.5628537577829,81.2572216864763,215
-7.6926,53.28823,2021/12/11 00:00:00+00,Sat 11 Dec 2021,639,825,0,3650441,3589146,238006,3888447,3827152,82.576423785817,81.2747416757222,216
-7.6926,53.28823,2021/12/12 00:00:00+00,Sun 12 Dec 2021,692,1189,0,3651133,3590335,238006,3889139,3828341,82.5911193404329,81.2999916965869,217
-7.6926,53.28823,2021/12/13 00:00:00+00,Mon 13 Dec 2021,718,1031,0,3651851,3591366,238006,3889857,3829372,82.6063670401645,81.3218863740566,218
-7.6926,53.28823,2021/12/14 00:00:00+00,Tue 14 Dec 2021,621,1147,1,3652472,3592513,238007,3890479,3830520,82.6195760502384,81.3462657045467,219
-7.6926,53.28823,2021/12/15 00:00:00+00,Wed 15 Dec 2021,793,1175,1,3653265,3593688,238008,3891273,3831696,82.6364377126157,81.3712396528536,220
-7.6926,53.28823,2021/12/16 00:00:00+00,Thu 16 Dec 2021,1061,1435,7,3654326,3595123,238015,3892341,3833138,82.6591181350577,81.4018624704204,221
-7.6926,53.28823,2021/12/17 00:00:00+00,Fri 17 Dec 2021,1204,2374,1,3655530,3597497,238016,3893546,3835513,82.684707937532,81.452298803098,222
-7.6926,53.28823,2021/12/18 00:00:00+00,Sat 18 Dec 2021,1267,1144,0,3656797,3598641,238016,3894813,3836657,82.7116143937436,81.4765931881857,223
-7.6926,53.28823,2021/12/19 00:00:00+00,Sun 19 Dec 2021,559,863,1,3657356,3599504,238017,3895373,3837521,82.7235067500802,81.4949413951051,224
-7.6926,53.28823,2021/12/20 00:00:00+00,Mon 20 Dec 2021,542,535,0,3657898,3600039,238017,3895915,3838056,82.735016852106,81.5063028426767,225
-7.6926,53.28823,2021/12/21 00:00:00+00,Tue 21 Dec 2021,1465,1718,2,3659363,3601757,238019,3897382,3839776,82.7661705784378,81.5428293657106,226
-7.6926,53.28823,2021/12/22 00:00:00+00,Wed 22 Dec 2021,1255,1470,2,3660618,3603227,238021,3898639,3841248,82.7928646711434,81.5740892737954,227
-7.6926,53.28823,2021/12/23 00:00:00+00,Thu 23 Dec 2021,956,1262,0,3661574,3604489,238021,3899595,3842510,82.8131666223181,81.600889548254,228
-7.6926,53.28823,2021/12/24 00:00:00+00,Fri 24 Dec 2021,101,124,0,3661675,3604613,238021,3899696,3842634,82.8153114937288,81.6035228557285,229
-7.6926,53.28823,2021/12/26 00:00:00+00,Sun 26 Dec 2021,8,5,0,3661683,3604618,238021,3899704,3842639,82.8154813845336,81.6036290374815,230
-7.6926,53.28823,2021/12/27 00:00:00+00,Mon 27 Dec 2021,387,580,0,3662070,3605198,238021,3900091,3843219,82.8236998522162,81.6159461208302,231
-7.6926,53.28823,2021/12/28 00:00:00+00,Tue 28 Dec 2021,454,723,0,3662524,3605921,238021,3900545,3843942,82.8333411553891,81.6313000023148,232
-7.6926,53.28823,2021/12/29 00:00:00+00,Wed 29 Dec 2021,1082,1229,0,3663606,3607150,238021,3901627,3845171,82.8563188867395,81.6573994772035,233
-7.6926,53.28823,2021/12/30 00:00:00+00,Thu 30 Dec 2021,1055,1121,1,3664661,3608271,238022,3902683,3846293,82.8787444729743,81.681226662578,234
-7.6926,53.28823,2021/12/31 00:00:00+00,Fri 31 Dec 2021,720,1644,0,3665381,3609915,238022,3903403,3847937,82.8940346454071,81.7161392229662,235
-7.6926,53.28823,2022/01/01 00:00:00+00,Sat 01 Jan 2022,63,93,0,3665444,3610008,238022,3903466,3848030,82.895372535495,81.7181142035721,236
-7.6926,53.28823,2022/01/02 00:00:00+00,Sun 02 Jan 2022,267,618,0,3665711,3610626,238022,3903733,3848648,82.9010426411055,81.7312382682436,237
-7.6926,53.28823,2022/01/03 00:00:00+00,Mon 03 Jan 2022,3623,703,0,3669334,3611329,238022,3907356,3849351,82.9779819393333,81.7461674227161,238
-7.6926,53.28823,2022/01/04 00:00:00+00,Tue 04 Jan 2022,1183,710,0,3670517,3612039,238022,3908539,3850061,83.0031045420944,81.7612452316429,239
-7.6926,53.28823,2022/01/05 00:00:00+00,Wed 05 Jan 2022,2140,807,0,3672657,3612846,238022,3910679,3850868,83.0485503323807,81.778382966578,240
-7.6926,53.28823,2022/01/06 00:00:00+00,Thu 06 Jan 2022,2449,1578,0,3675106,3614424,238022,3913128,3852446,83.1005581550028,81.8118939278266,241
-7.6926,53.28823,2022/01/07 00:00:00+00,Fri 07 Jan 2022,4825,688,0,3679931,3615112,238022,3917953,3853134,83.2030235466532,81.8265045370401,242
-7.6926,53.28823,2022/01/08 00:00:00+00,Sat 08 Jan 2022,9777,693,1,3689708,3615805,238023,3927731,3853828,83.4106725828308,81.8412425643573,243
-7.6926,53.28823,2022/01/09 00:00:00+00,Sun 09 Jan 2022,7113,656,0,3696821,3616461,238023,3934844,3854484,83.5617267446565,81.8551736103516,244
-7.6926,53.28823,2022/01/10 00:00:00+00,Mon 10 Jan 2022,6643,430,0,3703464,3616891,238023,3941487,3854914,83.7027998216996,81.8643052411101,245
-7.6926,53.28823,2022/01/11 00:00:00+00,Tue 11 Jan 2022,4749,1254,1,3708213,3618145,238024,3946237,3856169,83.8036724870549,81.8909568611145,246
-7.6926,53.28823,2022/01/12 00:00:00+00,Wed 12 Jan 2022,7527,776,1,3715740,3618921,238025,3953765,3856946,83.96353973438,81.9074575055315,247
-7.6926,53.28823,2022/01/13 00:00:00+00,Thu 13 Jan 2022,7278,687,0,3723018,3619608,238025,3961043,3857633,84.1180978940548,81.9220468783945,248
-7.6926,53.28823,2022/01/14 00:00:00+00,Fri 14 Jan 2022,10702,711,0,3733720,3620319,238025,3971745,3858344,84.3453693181878,81.9371459236719,249
-7.6926,53.28823,2022/01/15 00:00:00+00,Sat 15 Jan 2022,8341,612,0,3742061,3620931,238025,3980086,3858956,84.5225017185517,81.9501425702398,250
-7.6926,53.28823,2022/01/16 00:00:00+00,Sun 16 Jan 2022,6967,1204,1,3749028,3622135,238026,3987054,3860161,84.6704766095402,81.9757323727141,251
-7.6926,53.28823,2022/01/17 00:00:00+00,Mon 17 Jan 2022,2543,497,0,3751571,3622632,238026,3989597,3860658,84.7244806491188,81.9862868389628,252
-7.6926,53.28823,2022/01/18 00:00:00+00,Tue 18 Jan 2022,4035,378,3,3755606,3623010,238029,3993635,3861039,84.810233032846,81.9943778885419,253
-7.6926,53.28823,2022/01/19 00:00:00+00,Wed 19 Jan 2022,3468,527,0,3759074,3623537,238029,3997103,3861566,84.8838806967307,82.0055694453087,254
-7.6926,53.28823,2022/01/20 00:00:00+00,Thu 20 Jan 2022,3675,853,0,3762749,3624390,238029,4000778,3862419,84.9619242851898,82.0236840523714,255
-7.6926,53.28823,2022/01/21 00:00:00+00,Fri 21 Jan 2022,3241,919,0,3765990,3625309,238029,4004019,3863338,85.0307512974879,82.0432002585738,256
-7.6926,53.28823,2022/01/22 00:00:00+00,Sat 22 Jan 2022,4260,602,0,3770250,3625911,238029,4008279,3863940,85.1212181510486,82.0559845416357,257
-7.6926,53.28823,2022/01/23 00:00:00+00,Sun 23 Jan 2022,3090,677,0,3773340,3626588,238029,4011369,3864617,85.1868384744061,82.0703615509926,258
-7.6926,53.28823,2022/01/24 00:00:00+00,Mon 24 Jan 2022,633,404,0,3773973,3626992,238029,4012002,3865021,85.2002810843366,82.0789410366355,259
-7.6926,53.28823,2022/01/25 00:00:00+00,Tue 25 Jan 2022,687,1786,0,3774660,3628778,238029,4012689,3866807,85.2148704571995,82.116869158809,260
-7.6926,53.28823,2022/01/26 00:00:00+00,Wed 26 Jan 2022,692,829,0,3775352,3629607,238029,4013381,3867636,85.2295660118155,82.1344740934574,261
-7.6926,53.28823,2022/01/27 00:00:00+00,Thu 27 Jan 2022,1248,1103,0,3776600,3630710,238029,4014629,3868739,85.2560689773657,82.1578977881704,262
-7.6926,53.28823,2022/01/28 00:00:00+00,Fri 28 Jan 2022,1010,3010,0,3777610,3633720,238029,4015639,3871749,85.2775176914728,82.2218192034797,263
-7.6926,53.28823,2022/01/29 00:00:00+00,Sat 29 Jan 2022,2312,3396,0,3779922,3637116,238029,4017951,3875145,85.3266161340625,82.2939378501211,264
-7.6926,53.28823,2022/01/30 00:00:00+00,Sun 30 Jan 2022,1631,7530,0,3781553,3644646,238029,4019582,3882675,85.3612526218929,82.4538475701474,265
-7.6926,53.28823,2020/12/28 00:00:00+00,Mon 28 Dec 2020,154,25,5,154,25,5,159,30,0.00337657974557578,0.000637090518033166,266
-7.6926,53.28823,2020/12/29 00:00:00+00,Tue 29 Dec 2020,71,1,0,225,26,5,230,31,0.00488436063825427,0.000658326868634271,267
-7.6926,53.28823,2020/12/30 00:00:00+00,Wed 30 Dec 2020,1052,0,0,1277,26,5,1282,31,0.0272250014706173,0.000658326868634271,268
-7.6926,53.28823,2020/12/31 00:00:00+00,Thu 31 Dec 2020,1024,1,0,2301,27,5,2306,32,0.0489710244861493,0.000679563219235377,269
-7.6926,53.28823,2021/01/01 00:00:00+00,Fri 01 Jan 2021,804,0,0,3105,27,5,3110,32,0.0660450503694382,0.000679563219235377,270
-7.6926,53.28823,2021/01/02 00:00:00+00,Sat 02 Jan 2021,1012,0,0,4117,27,5,4122,32,0.087536237177757,0.000679563219235377,271
-7.6926,53.28823,2021/01/03 00:00:00+00,Sun 03 Jan 2021,18,2,0,4135,29,5,4140,34,0.0879184914885769,0.000722035920437588,272
-7.6926,53.28823,2021/01/04 00:00:00+00,Mon 04 Jan 2021,1179,3,0,5314,32,5,5319,37,0.11295614884728,0.000785744972240904,273
-7.6926,53.28823,2021/01/05 00:00:00+00,Tue 05 Jan 2021,3506,5,0,8820,37,5,8825,42,0.187410794054756,0.000891926725246432,274
-7.6926,53.28823,2021/01/06 00:00:00+00,Wed 06 Jan 2021,6754,6,0,15574,43,5,15579,48,0.330841106014623,0.00101934482885307,275
-7.6926,53.28823,2021/01/07 00:00:00+00,Thu 07 Jan 2021,11706,6,0,27280,49,5,27285,54,0.579433826151164,0.0011467629324597,276
-7.6926,53.28823,2021/01/08 00:00:00+00,Fri 08 Jan 2021,12658,5,0,39938,54,5,39943,59,0.848243552059958,0.00125294468546523,277
-7.6926,53.28823,2021/01/09 00:00:00+00,Sat 09 Jan 2021,8066,4,0,48004,58,5,48009,63,1.01953595600848,0.00133789008786965,278
-7.6926,53.28823,2021/01/10 00:00:00+00,Sun 10 Jan 2021,4761,1,1,52765,59,6,52771,65,1.12066345757094,0.00138036278907186,279
-7.6926,53.28823,2021/01/11 00:00:00+00,Mon 11 Jan 2021,8321,6,0,61086,65,6,61092,71,1.29737113092274,0.00150778089267849,280
-7.6926,53.28823,2021/01/12 00:00:00+00,Tue 12 Jan 2021,8851,7,0,69937,72,6,69943,78,1.48533407009312,0.00165643534688623,281
-7.6926,53.28823,2021/01/13 00:00:00+00,Wed 13 Jan 2021,9858,5,0,79795,77,6,79801,83,1.69468201431882,0.00176261709989176,282
-7.6926,53.28823,2021/01/14 00:00:00+00,Thu 14 Jan 2021,8051,3,0,87846,80,6,87852,86,1.86565587300832,0.00182632615169507,283
-7.6926,53.28823,2021/01/15 00:00:00+00,Fri 15 Jan 2021,7657,2,0,95503,82,6,95509,88,2.02826260956099,0.00186879885289729,284
-7.6926,53.28823,2021/01/16 00:00:00+00,Sat 16 Jan 2021,5208,3,0,100711,85,6,100717,91,2.13886152349154,0.0019325079047006,285
-7.6926,53.28823,2021/01/17 00:00:00+00,Sun 17 Jan 2021,1103,4,0,101814,89,6,101820,95,2.16228521820456,0.00201745330710502,286
-7.6926,53.28823,2021/01/18 00:00:00+00,Mon 18 Jan 2021,8676,5,0,110490,94,6,110496,100,2.34653179601976,0.00212363506011055,287
-7.6926,53.28823,2021/01/19 00:00:00+00,Tue 19 Jan 2021,8358,16,0,118848,110,6,118854,116,2.5240252143438,0.00246341666972824,288
-7.6926,53.28823,2021/01/20 00:00:00+00,Wed 20 Jan 2021,8429,957,0,127277,1067,6,127283,1073,2.70302641356051,0.0227866041949862,289
-7.6926,53.28823,2021/01/21 00:00:00+00,Thu 21 Jan 2021,8953,957,0,136230,2024,6,136236,2030,2.89315546049221,0.0431097917202442,290
-7.6926,53.28823,2021/01/22 00:00:00+00,Fri 22 Jan 2021,6738,963,0,142968,2987,6,142974,2993,3.03624599084246,0.0635603973491088,291
-7.6926,53.28823,2021/01/23 00:00:00+00,Sat 23 Jan 2021,4160,456,0,147128,3443,6,147134,3449,3.12458920934306,0.0732441732232129,292
-7.6926,53.28823,2021/01/24 00:00:00+00,Sun 24 Jan 2021,1173,396,0,148301,3839,6,148307,3845,3.14949944859816,0.0816537680612507,293
-7.6926,53.28823,2021/01/25 00:00:00+00,Mon 25 Jan 2021,1338,1283,0,149639,5122,6,149645,5128,3.17791368570244,0.108900005882469,294
-7.6926,53.28823,2021/01/26 00:00:00+00,Tue 26 Jan 2021,988,3495,0,150627,8617,6,150633,8623,3.19889520009633,0.183121051233333,295
-7.6926,53.28823,2021/01/27 00:00:00+00,Wed 27 Jan 2021,2142,6695,0,152769,15312,6,152775,15318,3.2443834630839,0.325298418507734,296
-7.6926,53.28823,2021/01/28 00:00:00+00,Thu 28 Jan 2021,956,11534,0,153725,26846,6,153731,26852,3.26468541425855,0.570238486340885,297
-7.6926,53.28823,2021/01/29 00:00:00+00,Fri 29 Jan 2021,1544,11522,0,155269,38368,6,155275,38374,3.29747433958666,0.814923717966823,298
-7.6926,53.28823,2021/01/30 00:00:00+00,Sat 30 Jan 2021,608,7793,0,155877,46161,6,155883,46167,3.31038604075213,0.980418598201239,299
-7.6926,53.28823,2021/01/31 00:00:00+00,Sun 31 Jan 2021,205,4082,0,156082,50243,6,156088,50249,3.31473949262536,1.06710538135495,300
-7.6926,53.28823,2021/02/01 00:00:00+00,Mon 01 Feb 2021,989,8330,0,157071,58573,6,157077,58579,3.33574224336985,1.24400418186216,301
-7.6926,53.28823,2021/02/02 00:00:00+00,Tue 02 Feb 2021,809,5098,0,157880,63671,6,157886,63677,3.35292245100615,1.3522670972266,302
-7.6926,53.28823,2021/02/03 00:00:00+00,Wed 03 Feb 2021,1368,6860,0,159248,70531,6,159254,70537,3.38197377862846,1.49794846235018,303
-7.6926,53.28823,2021/02/04 00:00:00+00,Thu 04 Feb 2021,1398,10531,0,160646,81062,6,160652,81068,3.4116621967688,1.72158847053042,304
-7.6926,53.28823,2021/02/05 00:00:00+00,Fri 05 Feb 2021,3361,8604,0,164007,89666,6,164013,89672,3.48303757113912,1.90430603110233,305
-7.6926,53.28823,2021/02/06 00:00:00+00,Sat 06 Feb 2021,879,3863,0,164886,93529,6,164892,93535,3.50170432331749,1.98634205347441,306
-7.6926,53.28823,2021/02/07 00:00:00+00,Sun 07 Feb 2021,307,1295,1,165193,94824,7,165200,94831,3.50824511930263,2.01386436385344,307
-7.6926,53.28823,2021/02/08 00:00:00+00,Mon 08 Feb 2021,1138,871,0,166331,95695,7,166338,95702,3.53241208628669,2.032361225227,308
-7.6926,53.28823,2021/02/09 00:00:00+00,Tue 09 Feb 2021,4211,529,1,170542,96224,8,170550,96232,3.62185959501855,2.04361649104559,309
-7.6926,53.28823,2021/02/10 00:00:00+00,Wed 10 Feb 2021,8788,577,0,179330,96801,8,179338,96809,3.80848464410106,2.05586986534242,310
-7.6926,53.28823,2021/02/11 00:00:00+00,Thu 11 Feb 2021,6143,434,0,185473,97235,8,185481,97243,3.93893954584365,2.0650864415033,311
-7.6926,53.28823,2021/02/12 00:00:00+00,Fri 12 Feb 2021,4359,516,0,189832,97751,8,189840,97759,4.03150879811387,2.07604439841347,312
-7.6926,53.28823,2021/02/13 00:00:00+00,Sat 13 Feb 2021,1189,1910,0,191021,99661,8,191029,99669,4.05675881897859,2.11660582806159,313
-7.6926,53.28823,2021/02/14 00:00:00+00,Sun 14 Feb 2021,2679,20,0,193700,99681,8,193708,99689,4.11365100223895,2.11703055507361,314
-7.6926,53.28823,2021/02/15 00:00:00+00,Mon 15 Feb 2021,1929,7872,0,195629,107553,8,195637,107561,4.15461592254848,2.28420310700551,315
-7.6926,53.28823,2021/02/16 00:00:00+00,Tue 16 Feb 2021,5605,8149,0,201234,115702,8,201242,115710,4.27364566766768,2.45725812805392,316
-7.6926,53.28823,2021/02/17 00:00:00+00,Wed 17 Feb 2021,9704,8458,0,210938,124160,8,210946,124168,4.47972321390081,2.63687518143807,317
-7.6926,53.28823,2021/02/18 00:00:00+00,Thu 18 Feb 2021,8439,8329,0,219377,132489,8,219385,132497,4.65893677662354,2.81375274559468,318
-7.6926,53.28823,2021/02/19 00:00:00+00,Fri 19 Feb 2021,9363,6576,0,228740,139065,8,228748,139073,4.85777272730169,2.95340298714755,319
-7.6926,53.28823,2021/02/20 00:00:00+00,Sat 20 Feb 2021,5863,3564,1,234603,142629,9,234612,142638,4.98230268722657,3.02911057704049,320
-7.6926,53.28823,2021/02/21 00:00:00+00,Sun 21 Feb 2021,1091,1015,4,235694,143644,13,235707,143657,5.00555649113478,3.05075041830302,321
-7.6926,53.28823,2021/02/22 00:00:00+00,Mon 22 Feb 2021,3923,1104,1,239617,144748,14,239631,144762,5.08888793089352,3.07421658571724,322
-7.6926,53.28823,2021/02/23 00:00:00+00,Tue 23 Feb 2021,13332,1056,0,252949,145804,14,252963,145818,5.37201095710746,3.096642171952,323
-7.6926,53.28823,2021/02/24 00:00:00+00,Wed 24 Feb 2021,16901,2088,2,269850,147892,16,269866,147908,5.73096899131794,3.14102614470832,324
-7.6926,53.28823,2021/02/25 00:00:00+00,Thu 25 Feb 2021,18033,1743,2,287883,149635,18,287901,149653,6.11396657440888,3.17808357650725,325
-7.6926,53.28823,2021/02/26 00:00:00+00,Fri 26 Feb 2021,16055,2754,0,303938,152389,18,303956,152407,6.45491618330963,3.23656848606269,326
-7.6926,53.28823,2021/02/27 00:00:00+00,Sat 27 Feb 2021,8954,698,1,312892,153087,19,312911,153106,6.64508770294253,3.25141269513286,327
-7.6926,53.28823,2021/02/28 00:00:00+00,Sun 28 Feb 2021,2422,46,1,315314,153133,20,315334,153153,6.69654338044901,3.25241080361111,328
-7.6926,53.28823,2021/03/01 00:00:00+00,Mon 01 Mar 2021,5552,778,0,320866,153911,20,320886,153931,6.81444759898635,3.26893268437877,329
-7.6926,53.28823,2021/03/02 00:00:00+00,Tue 02 Mar 2021,12146,1599,0,333012,155510,20,333032,155530,7.07238431338737,3.30288960898994,330
-7.6926,53.28823,2021/03/03 00:00:00+00,Wed 03 Mar 2021,12833,1491,1,345845,157001,21,345866,157022,7.34493163700196,3.33457424408679,331
-7.6926,53.28823,2021/03/04 00:00:00+00,Thu 04 Mar 2021,18686,1679,2,364531,158680,23,364554,158703,7.74179655703542,3.37027254944725,332
-7.6926,53.28823,2021/03/05 00:00:00+00,Fri 05 Mar 2021,18396,2383,5,382927,161063,28,382955,161091,8.13256664444637,3.42098495468269,333
-7.6926,53.28823,2021/03/06 00:00:00+00,Sat 06 Mar 2021,10405,129,1,393332,161192,29,393361,161221,8.35355210880147,3.42374568026083,334
-7.6926,53.28823,2021/03/07 00:00:00+00,Sun 07 Mar 2021,1494,8,1,394826,161200,30,394856,161230,8.38530045295012,3.42393680741624,335
-7.6926,53.28823,2021/03/08 00:00:00+00,Mon 08 Mar 2021,6619,1481,2,401445,162681,32,401477,162713,8.52590633028004,3.45543031535768,336
-7.6926,53.28823,2021/03/09 00:00:00+00,Tue 09 Mar 2021,13767,3085,2,415212,165766,34,415246,165800,8.81830964170666,3.5209869296633,337
-7.6926,53.28823,2021/03/10 00:00:00+00,Wed 10 Mar 2021,13662,3969,3,428874,169735,37,428911,169772,9.10850437267077,3.60533771425089,338
-7.6926,53.28823,2021/03/11 00:00:00+00,Thu 11 Mar 2021,18401,2086,1,447275,171821,38,447313,171859,9.49929569643231,3.64965797795539,339
-7.6926,53.28823,2021/03/12 00:00:00+00,Fri 12 Mar 2021,17264,1324,2,464539,173145,40,464579,173185,9.865962525911,3.67781737885246,340
-7.6926,53.28823,2021/03/13 00:00:00+00,Sat 13 Mar 2021,8240,164,0,472779,173309,40,472819,173349,10.0409500548641,3.68130014035104,341
-7.6926,53.28823,2021/03/14 00:00:00+00,Sun 14 Mar 2021,350,14,1,473129,173323,41,473170,173364,10.0484040139251,3.68161868561006,342
-7.6926,53.28823,2021/03/15 00:00:00+00,Mon 15 Mar 2021,2590,978,0,475719,174301,41,475760,174342,10.103406161982,3.70238783649794,343
-7.6926,53.28823,2021/03/16 00:00:00+00,Tue 16 Mar 2021,8885,3801,0,484604,178102,41,484645,178143,10.2920911370728,3.78310720513274,344
-7.6926,53.28823,2021/03/17 00:00:00+00,Wed 17 Mar 2021,4846,2400,6,489450,180502,47,489497,180549,10.3951299101893,3.834201864679,345
-7.6926,53.28823,2021/03/18 00:00:00+00,Thu 18 Mar 2021,11650,4665,2,501100,185167,49,501149,185216,10.6425758673934,3.93331191293436,346
-7.6926,53.28823,2021/03/19 00:00:00+00,Fri 19 Mar 2021,10286,6102,1,511386,191269,50,511436,191319,10.861034206027,4.06291736065291,347
-7.6926,53.28823,2021/03/20 00:00:00+00,Sat 20 Mar 2021,5167,3104,2,516553,194373,52,516605,194425,10.9708049022841,4.12887746561994,348
-7.6926,53.28823,2021/03/21 00:00:00+00,Sun 21 Mar 2021,3583,42,2,520136,194415,54,520190,194469,11.0469372191891,4.12981186504639,349
-7.6926,53.28823,2021/03/22 00:00:00+00,Mon 22 Mar 2021,7339,2384,0,527475,196799,54,527529,196853,11.2027907962506,4.18043932487943,350
-7.6926,53.28823,2021/03/23 00:00:00+00,Tue 23 Mar 2021,12499,7363,3,539974,204162,57,540031,204219,11.4682876514656,4.33686628340717,351
-7.6926,53.28823,2021/03/24 00:00:00+00,Wed 24 Mar 2021,13546,9755,1,553520,213917,58,553578,213975,11.7559764930588,4.54404811987155,352
-7.6926,53.28823,2021/03/25 00:00:00+00,Thu 25 Mar 2021,20792,10198,2,574312,224115,60,574372,224175,12.1975651674582,4.76065889600283,353
-7.6926,53.28823,2021/03/26 00:00:00+00,Fri 26 Mar 2021,19632,9459,1,593944,233574,61,594005,233635,12.6144984388097,4.96155477268929,354
-7.6926,53.28823,2021/03/27 00:00:00+00,Sat 27 Mar 2021,11676,5312,0,605620,238886,61,605681,238947,12.8624540684282,5.07436226708236,355
-7.6926,53.28823,2021/03/28 00:00:00+00,Sun 28 Mar 2021,2442,472,0,608062,239358,61,608123,239419,12.9143132365961,5.08438582456608,356
-7.6926,53.28823,2021/03/28 23:00:00+00,Mon 29 Mar 2021,9197,3088,3,617259,242446,64,617323,242510,13.1096876621263,5.1500273842741,357
-7.6926,53.28823,2021/03/29 23:00:00+00,Tue 30 Mar 2021,13264,8636,2,630523,251082,66,630589,251148,13.3914090892005,5.33346698076645,358
-7.6926,53.28823,2021/03/30 23:00:00+00,Wed 31 Mar 2021,15726,10453,2,646249,261535,68,646317,261603,13.7254144114547,5.55549302630101,359
-7.6926,53.28823,2021/03/31 23:00:00+00,Thu 01 Apr 2021,19605,11590,3,665854,273125,71,665925,273196,14.1418167740412,5.80168603881962,360
-7.6926,53.28823,2021/04/01 23:00:00+00,Fri 02 Apr 2021,20062,13695,4,685916,286820,75,685991,286895,14.567945385203,6.09260280570417,361
-7.6926,53.28823,2021/04/02 23:00:00+00,Sat 03 Apr 2021,7488,4610,2,693404,291430,77,693481,291507,14.7270056512053,6.19054485467647,362
-7.6926,53.28823,2021/04/03 23:00:00+00,Sun 04 Apr 2021,2981,161,0,696385,291591,77,696462,291668,14.7903112123472,6.19396390712325,363
-7.6926,53.28823,2021/04/04 23:00:00+00,Mon 05 Apr 2021,3376,587,3,699761,292178,80,699841,292258,14.8620688410283,6.2064933539779,364
-7.6926,53.28823,2021/04/05 23:00:00+00,Tue 06 Apr 2021,11900,8131,6,711661,300309,86,711747,300395,15.1149088312851,6.37929353881909,365
-7.6926,53.28823,2021/04/06 23:00:00+00,Wed 07 Apr 2021,18257,10431,3,729918,310740,89,730007,310829,15.5026845932612,6.60087362099103,366
-7.6926,53.28823,2021/04/07 23:00:00+00,Thu 08 Apr 2021,20086,10530,9,750004,321270,98,750102,321368,15.9294290585905,6.82468351997608,367
-7.6926,53.28823,2021/04/08 23:00:00+00,Fri 09 Apr 2021,20622,9121,10,770626,330391,108,770734,330499,16.3675774441925,7.01859263731477,368
-7.6926,53.28823,2021/04/09 23:00:00+00,Sat 10 Apr 2021,11089,4135,9,781715,334526,117,781832,334643,16.6032584631635,7.10659607420576,369
-7.6926,53.28823,2021/04/10 23:00:00+00,Sun 11 Apr 2021,2805,333,2,784520,334859,119,784639,334978,16.6628688993008,7.11371025165713,370
-7.6926,53.28823,2021/04/11 23:00:00+00,Mon 12 Apr 2021,7704,2757,6,792224,337616,125,792349,337741,16.8266011624354,7.17238628836798,371
-7.6926,53.28823,2021/04/12 23:00:00+00,Tue 13 Apr 2021,11431,8551,1,803655,346167,126,803781,346293,17.0693751225072,7.35399955870863,372
-7.6926,53.28823,2021/04/13 23:00:00+00,Wed 14 Apr 2021,20268,6557,2,823923,352724,128,824051,352852,17.4998359491916,7.49328878230129,373
-7.6926,53.28823,2021/04/14 23:00:00+00,Thu 15 Apr 2021,27038,10749,1,850961,363473,129,851090,363602,18.0740456330949,7.72157955126317,374
-7.6926,53.28823,2021/04/15 23:00:00+00,Fri 16 Apr 2021,27900,9793,1,878861,373266,130,878991,373396,18.6665610512163,7.9295683690504,375
-7.6926,53.28823,2021/04/16 23:00:00+00,Sat 17 Apr 2021,15778,4517,1,894639,377783,131,894770,377914,19.0016494273512,8.02551420106619,376
-7.6926,53.28823,2021/04/17 23:00:00+00,Sun 18 Apr 2021,1027,449,0,895666,378232,131,895797,378363,19.0234591594185,8.03504932248609,377
-7.6926,53.28823,2021/04/18 23:00:00+00,Mon 19 Apr 2021,6681,2210,0,902347,380442,131,902478,380573,19.1653392177845,8.08198165731453,378
-7.6926,53.28823,2021/04/19 23:00:00+00,Tue 20 Apr 2021,14993,7259,0,917340,387701,131,917471,387832,19.4837358223469,8.23613632632796,379
-7.6926,53.28823,2021/04/20 23:00:00+00,Wed 21 Apr 2021,26608,9810,1,943948,397511,132,944080,397643,20.0488138754917,8.4444861620754,380
-7.6926,53.28823,2021/04/21 23:00:00+00,Thu 22 Apr 2021,31550,12132,0,975498,409643,132,975630,409775,20.7188207369566,8.70212556756802,381
-7.6926,53.28823,2021/04/22 23:00:00+00,Fri 23 Apr 2021,33514,12332,0,1009012,421975,132,1009144,422107,21.430535791002,8.96401224318085,382
-7.6926,53.28823,2021/04/23 23:00:00+00,Sat 24 Apr 2021,23603,6958,0,1032615,428933,132,1032747,429065,21.9317773742399,9.11177477066334,383
-7.6926,53.28823,2021/04/24 23:00:00+00,Sun 25 Apr 2021,9698,272,1,1042313,429205,133,1042446,429338,22.13774873872,9.11757229437744,384
-7.6926,53.28823,2021/04/25 23:00:00+00,Mon 26 Apr 2021,15505,3001,1,1057818,432206,134,1057952,432340,22.4670395911408,9.18132381888196,385
-7.6926,53.28823,2021/04/26 23:00:00+00,Tue 27 Apr 2021,25829,7749,5,1083647,439955,139,1083786,440094,23.0156594725697,9.34599048144293,386
-7.6926,53.28823,2021/04/27 23:00:00+00,Wed 28 Apr 2021,25946,8544,4,1109593,448499,143,1109736,448642,23.5667427706684,9.52751880638118,387
-7.6926,53.28823,2021/04/28 23:00:00+00,Thu 29 Apr 2021,31610,11280,2,1141203,459779,145,1141348,459924,24.2380662858706,9.76710731386286,388
-7.6926,53.28823,2021/04/29 23:00:00+00,Fri 30 Apr 2021,36020,13478,3,1177223,473257,148,1177371,473405,25.0030633435742,10.0533945563164,389
-7.6926,53.28823,2021/04/30 23:00:00+00,Sat 01 May 2021,16463,6640,10,1193686,479897,158,1193844,480055,25.3528897470262,10.1946162878137,390
-7.6926,53.28823,2021/05/01 23:00:00+00,Sun 02 May 2021,12364,882,6,1206050,480779,164,1206214,480943,25.6155834039619,10.2134741671475,391
-7.6926,53.28823,2021/05/02 23:00:00+00,Mon 03 May 2021,14164,886,9,1220214,481665,173,1220387,481838,25.9165662010314,10.2324807009355,392
-7.6926,53.28823,2021/05/03 23:00:00+00,Tue 04 May 2021,26534,6735,3,1246748,488400,176,1246924,488576,26.4801152369329,10.3755712312857,393
-7.6926,53.28823,2021/05/04 23:00:00+00,Wed 05 May 2021,31975,13367,66,1278723,501767,242,1278965,502009,27.1605491465429,10.6608391289104,394
-7.6926,53.28823,2021/05/05 23:00:00+00,Thu 06 May 2021,37167,14322,123,1315890,516089,365,1316255,516454,27.9524526604581,10.9675982133434,395
-7.6926,53.28823,2021/05/06 23:00:00+00,Fri 07 May 2021,40470,15013,89,1356360,531102,454,1356814,531556,28.8137778044884,11.2883095801212,396
-7.6926,53.28823,2021/05/07 23:00:00+00,Sat 08 May 2021,25493,6987,6,1381853,538089,460,1382313,538549,29.355283508466,11.4368153798748,397
-7.6926,53.28823,2021/05/08 23:00:00+00,Sun 09 May 2021,19601,890,1,1401454,538979,461,1401915,539440,29.7715584529488,11.4557369682604,398
