X,Y,VaccinationDate,VaccineText,Dose1,Dose2,SingleDose,Dose1Cum,Dose2Cum,SingleDoseCum,PartiallyVacc,FullyVacc,PartialPercent,FullyPercent,ObjectId
-7.6926,53.28823,2021/11/08 00:00:00+00,Mon 08 Nov 2021,515,523,3,3627619,3561560,240514,3868133,3802074,82.1450285597061,80.7421764753477,1
-7.6926,53.28823,2021/11/09 00:00:00+00,Tue 09 Nov 2021,1368,1048,1,3628987,3562608,240515,3869502,3803123,82.174101123679,80.7644534071282,2
-7.6926,53.28823,2021/11/10 00:00:00+00,Wed 10 Nov 2021,1616,1347,1,3630603,3563955,240516,3871119,3804471,82.208440302601,80.7930800077385,3
-7.6926,53.28823,2021/11/11 00:00:00+00,Thu 11 Nov 2021,1387,1098,2,3631990,3565053,240518,3872508,3805571,82.2379375935859,80.8164399933997,4
-7.6926,53.28823,2021/11/12 00:00:00+00,Fri 12 Nov 2021,1147,1133,6,3633137,3566186,240524,3873661,3806710,82.262423105829,80.8406281967344,5
-7.6926,53.28823,2021/11/13 00:00:00+00,Sat 13 Nov 2021,1399,1363,0,3634536,3567549,240524,3875060,3808073,82.29213276032,80.8695733426037,6
-7.6926,53.28823,2021/11/14 00:00:00+00,Sun 14 Nov 2021,1646,1801,0,3636182,3569350,240524,3876706,3809874,82.3270877934094,80.9078200100363,7
-7.6926,53.28823,2021/11/15 00:00:00+00,Mon 15 Nov 2021,1245,578,1,3637427,3569928,240525,3877952,3810453,82.3535482862584,80.9201158570343,8
-7.6926,53.28823,2021/11/16 00:00:00+00,Tue 16 Nov 2021,1318,1059,5,3638745,3570987,240530,3879275,3811517,82.3816439781036,80.9427113340739,9
-7.6926,53.28823,2021/11/17 00:00:00+00,Wed 17 Nov 2021,1507,1097,0,3640252,3572084,240530,3880782,3812614,82.4136471584595,80.9660076106833,10
-7.6926,53.28823,2021/11/18 00:00:00+00,Thu 18 Nov 2021,1653,2489,5,3641905,3574573,240535,3882440,3815108,82.4488570277561,81.0189710690825,11
-7.6926,53.28823,2021/11/19 00:00:00+00,Fri 19 Nov 2021,1166,1534,0,3643071,3576107,240535,3883606,3816642,82.473618612557,81.0515476309046,12
-7.6926,53.28823,2021/11/20 00:00:00+00,Sat 20 Nov 2021,1543,2927,12,3644614,3579034,240547,3885161,3819581,82.5066411377417,81.1139612653212,13
-7.6926,53.28823,2021/11/21 00:00:00+00,Sun 21 Nov 2021,1785,2757,0,3646399,3581791,240547,3886946,3822338,82.5445480235647,81.1725098839285,14
-7.6926,53.28823,2021/11/22 00:00:00+00,Mon 22 Nov 2021,713,501,2,3647112,3582292,240549,3887661,3822841,82.5597320142445,81.1831917682808,15
-7.6926,53.28823,2021/11/23 00:00:00+00,Tue 23 Nov 2021,2155,1573,7,3649267,3583865,240556,3889823,3824421,82.6056450042441,81.2167452022306,16
-7.6926,53.28823,2021/11/24 00:00:00+00,Wed 24 Nov 2021,1621,3126,2,3650888,3586991,240558,3891446,3827549,82.6401116012697,81.2831725069108,17
-7.6926,53.28823,2021/11/25 00:00:00+00,Thu 25 Nov 2021,988,1166,1,3651876,3588157,240559,3892435,3828716,82.6611143520142,81.3079553280623,18
-7.6926,53.28823,2021/11/26 00:00:00+00,Fri 26 Nov 2021,1286,1089,12,3653162,3589246,240571,3893733,3829817,82.6886791350944,81.3313365500742,19
-7.6926,53.28823,2021/11/27 00:00:00+00,Sat 27 Nov 2021,1201,1553,6,3654363,3590799,240577,3894940,3831376,82.7143114102699,81.3644440206613,20
-7.6926,53.28823,2021/11/28 00:00:00+00,Sun 28 Nov 2021,1963,2254,0,3656326,3593053,240577,3896903,3833630,82.7559983664999,81.4123107549162,21
-7.6926,53.28823,2021/11/29 00:00:00+00,Mon 29 Nov 2021,540,984,2,3656866,3594037,240579,3897445,3834616,82.7675084685257,81.4332497966088,22
-7.6926,53.28823,2021/11/30 00:00:00+00,Tue 30 Nov 2021,1950,1628,6,3658816,3595665,240585,3899401,3836250,82.8090467703015,81.4679499934911,23
-7.6926,53.28823,2021/12/01 00:00:00+00,Wed 01 Dec 2021,1078,1358,2,3659894,3597023,240587,3900481,3837610,82.8319820289507,81.4968314303086,24
-7.6926,53.28823,2021/12/02 00:00:00+00,Thu 02 Dec 2021,1774,1396,0,3661668,3598419,240587,3902255,3839006,82.869655314917,81.5264773757477,25
-7.6926,53.28823,2021/12/03 00:00:00+00,Fri 03 Dec 2021,1045,1166,3,3662713,3599585,240590,3903303,3840175,82.891911010347,81.5513026696004,26
-7.6926,53.28823,2021/12/04 00:00:00+00,Sat 04 Dec 2021,1203,1696,1,3663916,3601281,240591,3904507,3841872,82.9174795764707,81.5873407565705,27
-7.6926,53.28823,2021/12/05 00:00:00+00,Sun 05 Dec 2021,1345,1772,1,3665261,3603053,240592,3905853,3843645,82.9460637043798,81.6249928061862,28
-7.6926,53.28823,2021/12/06 00:00:00+00,Mon 06 Dec 2021,933,1283,0,3666194,3604336,240592,3906786,3844928,82.9658772194906,81.6522390440075,29
-7.6926,53.28823,2021/12/07 00:00:00+00,Tue 07 Dec 2021,482,737,2,3666676,3605073,240594,3907270,3845667,82.9761556131816,81.6679327071017,30
-7.6926,53.28823,2021/12/08 00:00:00+00,Wed 08 Dec 2021,802,1502,1,3667478,3606575,240595,3908073,3847170,82.9932084027143,81.6998509420551,31
-7.6926,53.28823,2021/12/09 00:00:00+00,Thu 09 Dec 2021,798,1197,0,3668276,3607772,240595,3908871,3848367,83.0101550104939,81.7252708537247,32
-7.6926,53.28823,2021/12/10 00:00:00+00,Fri 10 Dec 2021,893,1598,1,3669169,3609370,240596,3909765,3849966,83.0291403079313,81.7592277783358,33
-7.6926,53.28823,2021/12/11 00:00:00+00,Sat 11 Dec 2021,639,836,1,3669808,3610206,240597,3910405,3850803,83.042731572316,81.777002603789,34
-7.6926,53.28823,2021/12/12 00:00:00+00,Sun 12 Dec 2021,689,1190,0,3670497,3611396,240597,3911094,3851993,83.0573634178802,81.8022738610043,35
-7.6926,53.28823,2021/12/13 00:00:00+00,Mon 13 Dec 2021,726,1053,1,3671223,3612449,240598,3911821,3853047,83.0728022447672,81.8246569745378,36
-7.6926,53.28823,2021/12/14 00:00:00+00,Tue 14 Dec 2021,627,1190,1,3671850,3613639,240599,3912449,3854238,83.0861386729447,81.8499494681037,37
-7.6926,53.28823,2021/12/15 00:00:00+00,Wed 15 Dec 2021,796,1233,1,3672646,3614872,240600,3913246,3855472,83.1030640443738,81.8761551247455,38
-7.6926,53.28823,2021/12/16 00:00:00+00,Thu 16 Dec 2021,1057,1524,7,3673703,3616396,240607,3914310,3857003,83.1256595214134,81.9086679775158,39
-7.6926,53.28823,2021/12/17 00:00:00+00,Fri 17 Dec 2021,1212,2436,1,3674915,3618832,240608,3915523,3859440,83.1514192146925,81.9604209639307,40
-7.6926,53.28823,2021/12/18 00:00:00+00,Sat 18 Dec 2021,1258,1179,0,3676173,3620011,240608,3916781,3860619,83.1781345437487,81.9854586212894,41
-7.6926,53.28823,2021/12/19 00:00:00+00,Sun 19 Dec 2021,553,881,1,3676726,3620892,240609,3917335,3861501,83.1898994819817,82.0041890825196,42
-7.6926,53.28823,2021/12/20 00:00:00+00,Mon 20 Dec 2021,525,600,0,3677251,3621492,240609,3917860,3862101,83.2010485660473,82.0169308928802,43
-7.6926,53.28823,2021/12/21 00:00:00+00,Tue 21 Dec 2021,1445,1795,3,3678696,3623287,240612,3919308,3863899,83.2317988017177,82.055113851261,44
-7.6926,53.28823,2021/12/22 00:00:00+00,Wed 22 Dec 2021,1207,1571,2,3679903,3624858,240614,3920517,3865472,83.2574735495944,82.0885186307566,45
-7.6926,53.28823,2021/12/23 00:00:00+00,Thu 23 Dec 2021,951,1352,0,3680854,3626210,240614,3921468,3866824,83.2776693190161,82.1172301767693,46
-7.6926,53.28823,2021/12/24 00:00:00+00,Fri 24 Dec 2021,105,146,0,3680959,3626356,240614,3921573,3866970,83.2798991358292,82.120330683957,47
-7.6926,53.28823,2021/12/25 00:00:00+00,Sat 25 Dec 2021,2,22,0,3680961,3626378,240614,3921575,3866992,83.2799416085304,82.1207978836702,48
-7.6926,53.28823,2021/12/26 00:00:00+00,Sun 26 Dec 2021,11,8,0,3680972,3626386,240614,3921586,3867000,83.280175208387,82.120967774475,49
-7.6926,53.28823,2021/12/27 00:00:00+00,Mon 27 Dec 2021,390,585,0,3681362,3626971,240614,3921976,3867585,83.2884573851214,82.1333910395767,50
-7.6926,53.28823,2021/12/28 00:00:00+00,Tue 28 Dec 2021,470,740,1,3681832,3627711,240615,3922447,3868326,83.2984597062545,82.1491271753721,51
-7.6926,53.28823,2021/12/29 00:00:00+00,Wed 29 Dec 2021,1076,1294,0,3682908,3629005,240615,3923523,3869620,83.3213100195013,82.1766070130499,52
-7.6926,53.28823,2021/12/30 00:00:00+00,Thu 30 Dec 2021,1067,1182,1,3683975,3630187,240616,3924591,3870803,83.3439904419433,82.2017296158111,53
-7.6926,53.28823,2021/12/31 00:00:00+00,Fri 31 Dec 2021,720,1669,0,3684695,3631856,240616,3925311,3872472,83.3592806143761,82.2371730849643,54
-7.6926,53.28823,2022/01/01 00:00:00+00,Sat 01 Jan 2022,68,96,0,3684763,3631952,240616,3925379,3872568,83.360724686217,82.239211774622,55
-7.6926,53.28823,2022/01/02 00:00:00+00,Sun 02 Jan 2022,272,624,0,3685035,3632576,240616,3925651,3873192,83.3665009735805,82.2524632573971,56
-7.6926,53.28823,2022/01/03 00:00:00+00,Mon 03 Jan 2022,3631,718,1,3688666,3633294,240617,3929283,3873911,83.4436313989637,82.2677321934793,57
-7.6926,53.28823,2022/01/04 00:00:00+00,Tue 04 Jan 2022,1191,771,0,3689857,3634065,240617,3930474,3874682,83.4689238925296,82.2841054197927,58
-7.6926,53.28823,2022/01/05 00:00:00+00,Wed 05 Jan 2022,2145,888,0,3692002,3634953,240617,3932619,3875570,83.514475864569,82.3029632991265,59
-7.6926,53.28823,2022/01/06 00:00:00+00,Thu 06 Jan 2022,2464,1681,1,3694466,3636634,240618,3935084,3877252,83.5668234688007,82.3386828408376,60
-7.6926,53.28823,2022/01/07 00:00:00+00,Fri 07 Jan 2022,4855,770,0,3699321,3637404,240618,3939939,3878022,83.6699259509691,82.3550348308004,61
-7.6926,53.28823,2022/01/08 00:00:00+00,Sat 08 Jan 2022,9792,733,1,3709113,3638137,240619,3949732,3878756,83.8778935324057,82.3706223121416,62
-7.6926,53.28823,2022/01/09 00:00:00+00,Sun 09 Jan 2022,7115,663,0,3716228,3638800,240619,3956847,3879419,84.0289901669326,82.3847020125902,63
-7.6926,53.28823,2022/01/10 00:00:00+00,Mon 10 Jan 2022,6658,498,0,3722886,3639298,240619,3963505,3879917,84.1703817892347,82.3952777151895,64
-7.6926,53.28823,2022/01/11 00:00:00+00,Tue 11 Jan 2022,4777,1349,1,3727663,3640647,240620,3968283,3881267,84.2718490724068,82.423946788501,65
-7.6926,53.28823,2022/01/12 00:00:00+00,Wed 12 Jan 2022,7565,898,1,3735228,3641545,240621,3975849,3882166,84.4325233010548,82.4430382676914,66
-7.6926,53.28823,2022/01/13 00:00:00+00,Thu 13 Jan 2022,7327,797,0,3742555,3642342,240621,3983176,3882963,84.5881220419091,82.4599636391205,67
-7.6926,53.28823,2022/01/14 00:00:00+00,Fri 14 Jan 2022,10728,821,0,3753283,3643163,240621,3993904,3883784,84.8159456111577,82.477398682964,68
-7.6926,53.28823,2022/01/15 00:00:00+00,Sat 15 Jan 2022,8355,644,0,3761638,3643807,240621,4002259,3884428,84.99337532043,82.4910748927511,69
-7.6926,53.28823,2022/01/16 00:00:00+00,Sun 16 Jan 2022,6966,1214,1,3768604,3645021,240622,4009226,3885643,85.1413289750679,82.5168770587315,70
-7.6926,53.28823,2022/01/17 00:00:00+00,Mon 17 Jan 2022,2566,548,0,3771170,3645569,240622,4011792,3886191,85.1958214507103,82.5285145788609,71
-7.6926,53.28823,2022/01/18 00:00:00+00,Tue 18 Jan 2022,4061,434,3,3775231,3646003,240625,4015856,3886628,85.2821259795532,82.5377948640736,72
-7.6926,53.28823,2022/01/19 00:00:00+00,Wed 19 Jan 2022,3489,614,0,3778720,3646617,240625,4019345,3887242,85.3562196068005,82.5508339833426,73
-7.6926,53.28823,2022/01/20 00:00:00+00,Thu 20 Jan 2022,3698,929,1,3782418,3647546,240626,4023044,3888172,85.434772867674,82.5705837894017,74
-7.6926,53.28823,2022/01/21 00:00:00+00,Fri 21 Jan 2022,3254,969,0,3785672,3648515,240626,4026298,3889141,85.50387595253,82.5911618131341,75
-7.6926,53.28823,2022/01/22 00:00:00+00,Sat 22 Jan 2022,4270,639,0,3789942,3649154,240626,4030568,3889780,85.5945551695967,82.6047318411682,76
-7.6926,53.28823,2022/01/23 00:00:00+00,Sun 23 Jan 2022,3091,677,0,3793033,3649831,240626,4033659,3890457,85.6601967293047,82.6191088505252,77
-7.6926,53.28823,2022/01/24 00:00:00+00,Mon 24 Jan 2022,646,457,0,3793679,3650288,240626,4034305,3890914,85.673915411793,82.6288138627499,78
-7.6926,53.28823,2022/01/25 00:00:00+00,Tue 25 Jan 2022,699,1829,0,3794378,3652117,240626,4035004,3892743,85.6887596208632,82.6676551479993,79
-7.6926,53.28823,2022/01/26 00:00:00+00,Wed 26 Jan 2022,700,887,0,3795078,3653004,240626,4035704,3893630,85.703625066284,82.6864917909825,80
-7.6926,53.28823,2022/01/27 00:00:00+00,Thu 27 Jan 2022,1274,1165,0,3796352,3654169,240626,4036978,3894795,85.7306801769498,82.7112321394328,81
-7.6926,53.28823,2022/01/28 00:00:00+00,Fri 28 Jan 2022,1032,3091,0,3797384,3657260,240626,4038010,3897886,85.7525960907701,82.7768736991408,82
-7.6926,53.28823,2022/01/29 00:00:00+00,Sat 29 Jan 2022,2328,3442,0,3799712,3660702,240626,4040338,3901328,85.8020343149695,82.8499692179098,83
-7.6926,53.28823,2022/01/30 00:00:00+00,Sun 30 Jan 2022,1634,7538,0,3801346,3668240,240626,4041972,3908866,85.8367345118517,83.0100488287409,84
-7.6926,53.28823,2022/01/31 00:00:00+00,Mon 31 Jan 2022,480,1388,0,3801826,3669628,240626,4042452,3910254,85.8469279601402,83.0395248833753,85
-7.6926,53.28823,2022/02/01 00:00:00+00,Tue 01 Feb 2022,754,3413,1,3802580,3673041,240627,4043207,3913668,85.8629614048441,83.1120257843274,86
-7.6926,53.28823,2022/02/02 00:00:00+00,Wed 02 Feb 2022,647,2994,0,3803227,3676035,240627,4043854,3916662,85.876701323683,83.1756074180272,87
-7.6926,53.28823,2022/02/03 00:00:00+00,Thu 03 Feb 2022,909,2428,1,3804136,3678463,240628,4044764,3919091,85.89602640273,83.2271905136372,88
-7.6926,53.28823,2022/02/04 00:00:00+00,Fri 04 Feb 2022,1175,6518,0,3805311,3684981,240628,4045939,3925609,85.9209791146863,83.3656090468553,89
-7.6926,53.28823,2022/02/05 00:00:00+00,Sat 05 Feb 2022,1777,5748,0,3807088,3690729,240628,4047716,3931357,85.9587161097044,83.4876755901104,90
-7.6926,53.28823,2022/02/06 00:00:00+00,Sun 06 Feb 2022,1408,7555,0,3808496,3698284,240628,4049124,3938912,85.9886168913508,83.6481162189018,91
-7.6926,53.28823,2022/02/07 00:00:00+00,Mon 07 Feb 2022,439,1349,0,3808935,3699633,240628,4049563,3940261,85.9979396492647,83.6767640558626,92
-7.6926,53.28823,2022/02/08 00:00:00+00,Tue 08 Feb 2022,900,1234,0,3809835,3700867,240628,4050463,3941495,86.0170523648057,83.7029697125044,93
-7.6926,53.28823,2022/02/09 00:00:00+00,Wed 09 Feb 2022,1331,1782,0,3811166,3702649,240628,4051794,3943277,86.0453179474557,83.7408128892756,94
-7.6926,53.28823,2022/02/10 00:00:00+00,Thu 10 Feb 2022,687,2544,0,3811853,3705193,240628,4052481,3945821,86.0599073203187,83.7948381652048,95
-7.6926,53.28823,2022/02/11 00:00:00+00,Fri 11 Feb 2022,551,4916,0,3812404,3710109,240628,4053032,3950737,86.0716085494999,83.8992360647598,96
-7.6926,53.28823,2022/02/12 00:00:00+00,Sat 12 Feb 2022,1398,5459,0,3813802,3715568,240628,4054430,3956196,86.1012969676403,84.0151653026913,97
-7.6926,53.28823,2022/02/13 00:00:00+00,Sun 13 Feb 2022,1568,4705,0,3815370,3720273,240628,4055998,3960901,86.1345955653828,84.1150823322695,98
-7.6926,53.28823,2022/02/14 00:00:00+00,Mon 14 Feb 2022,173,952,0,3815543,3721225,240628,4056171,3961853,86.1382694540368,84.1352993380417,99
-7.6926,53.28823,2022/02/15 00:00:00+00,Tue 15 Feb 2022,649,815,1,3816192,3722040,240629,4056821,3962669,86.1520730819275,84.1526282001322,100
-7.6926,53.28823,2022/02/16 00:00:00+00,Wed 16 Feb 2022,801,1785,0,3816993,3723825,240629,4057622,3964454,86.169083398759,84.1905350859552,101
-7.6926,53.28823,2022/02/17 00:00:00+00,Thu 17 Feb 2022,795,1187,2,3817788,3725012,240631,4058419,3965643,86.1860087701881,84.2157851068199,102
-7.6926,53.28823,2022/02/18 00:00:00+00,Fri 18 Feb 2022,795,3290,0,3818583,3728302,240631,4059214,3968933,86.202891668916,84.2856527002975,103
-7.6926,53.28823,2022/02/19 00:00:00+00,Sat 19 Feb 2022,979,3553,0,3819562,3731855,240631,4060193,3972486,86.2236820561544,84.3611054539833,104
-7.6926,53.28823,2022/02/20 00:00:00+00,Sun 20 Feb 2022,1366,3587,0,3820928,3735442,240631,4061559,3976073,86.2526909110755,84.4372802435894,105
-7.6926,53.28823,2020/12/28 00:00:00+00,Mon 28 Dec 2020,219,17,0,219,17,0,219,17,0.00465076078164211,0.000361017960218794,106
-7.6926,53.28823,2020/12/29 00:00:00+00,Tue 29 Dec 2020,75,2,0,294,19,0,294,19,0.00624348707672502,0.000403490661421005,107
-7.6926,53.28823,2020/12/30 00:00:00+00,Wed 30 Dec 2020,1057,1,0,1351,20,0,1351,20,0.0286903096620936,0.00042472701202211,108
-7.6926,53.28823,2020/12/31 00:00:00+00,Thu 31 Dec 2020,1033,1,0,2384,21,0,2384,21,0.0506274598330356,0.000445963362623216,109
-7.6926,53.28823,2021/01/01 00:00:00+00,Fri 01 Jan 2021,815,0,2,3199,21,2,3201,23,0.0679775582741388,0.000488436063825427,110
-7.6926,53.28823,2021/01/02 00:00:00+00,Sat 02 Jan 2021,1016,0,0,4215,21,2,4217,23,0.089553690484862,0.000488436063825427,111
-7.6926,53.28823,2021/01/03 00:00:00+00,Sun 03 Jan 2021,20,2,1,4235,23,3,4238,26,0.0899996538474852,0.000552145115628744,112
-7.6926,53.28823,2021/01/04 00:00:00+00,Mon 04 Jan 2021,1186,3,0,5421,26,3,5424,29,0.115185965660396,0.00061585416743206,113
-7.6926,53.28823,2021/01/05 00:00:00+00,Tue 05 Jan 2021,3528,10,0,8949,36,3,8952,39,0.190107810581097,0.000828217673443115,114
-7.6926,53.28823,2021/01/06 00:00:00+00,Wed 06 Jan 2021,6776,10,0,15725,46,3,15728,49,0.334005322254188,0.00104058117945417,115
-7.6926,53.28823,2021/01/07 00:00:00+00,Thu 07 Jan 2021,11723,8,0,27448,54,3,27451,57,0.582959060350948,0.00121047198426301,116
-7.6926,53.28823,2021/01/08 00:00:00+00,Fri 08 Jan 2021,12676,5,0,40124,59,3,40127,62,0.852151040570561,0.00131665373726854,117
-7.6926,53.28823,2021/01/09 00:00:00+00,Sat 09 Jan 2021,8074,7,0,48198,66,3,48201,69,1.02361333532389,0.00146530819147628,118
-7.6926,53.28823,2021/01/10 00:00:00+00,Sun 10 Jan 2021,4780,4,1,52978,70,4,52982,74,1.12514432754777,0.00157148994448181,119
-7.6926,53.28823,2021/01/11 00:00:00+00,Mon 11 Jan 2021,8340,6,0,61318,76,4,61322,80,1.30225549156099,0.00169890804808844,120
-7.6926,53.28823,2021/01/12 00:00:00+00,Tue 12 Jan 2021,8879,10,0,70197,86,4,70201,90,1.49081304854821,0.0019112715540995,121
-7.6926,53.28823,2021/01/13 00:00:00+00,Wed 13 Jan 2021,9878,5,0,80075,91,4,80079,95,1.70058571978593,0.00201745330710502,122
-7.6926,53.28823,2021/01/14 00:00:00+00,Thu 14 Jan 2021,8081,4,0,88156,95,4,88160,99,1.87219666899346,0.00210239870950945,123
-7.6926,53.28823,2021/01/15 00:00:00+00,Fri 15 Jan 2021,7690,2,0,95846,97,4,95850,101,2.03550420511596,0.00214487141071166,124
-7.6926,53.28823,2021/01/16 00:00:00+00,Sat 16 Jan 2021,5231,3,0,101077,100,4,101081,104,2.14659155511035,0.00220858046251497,125
-7.6926,53.28823,2021/01/17 00:00:00+00,Sun 17 Jan 2021,1111,4,0,102188,104,4,102192,108,2.17018514062818,0.0022935258649194,126
-7.6926,53.28823,2021/01/18 00:00:00+00,Mon 18 Jan 2021,8712,8,1,110900,112,5,110905,117,2.35521746341561,0.00248465302032935,127
-7.6926,53.28823,2021/01/19 00:00:00+00,Tue 19 Jan 2021,8376,19,0,119276,131,5,119281,136,2.53309313605047,0.00288814368175035,128
-7.6926,53.28823,2021/01/20 00:00:00+00,Wed 20 Jan 2021,8444,962,1,127720,1093,6,127726,1099,2.7124341168768,0.023338749310615,129
-7.6926,53.28823,2021/01/21 00:00:00+00,Thu 21 Jan 2021,9003,962,0,136723,2055,6,136729,2061,2.90362498133856,0.0437681185888785,130
-7.6926,53.28823,2021/01/22 00:00:00+00,Fri 22 Jan 2021,6778,967,0,143501,3022,6,143507,3028,3.04756496571285,0.0643036696201475,131
-7.6926,53.28823,2021/01/23 00:00:00+00,Sat 23 Jan 2021,4185,460,0,147686,3482,6,147692,3488,3.13643909297848,0.0740723908966561,132
-7.6926,53.28823,2021/01/24 00:00:00+00,Sun 24 Jan 2021,1181,398,0,148867,3880,6,148873,3886,3.16151922303838,0.0825244584358961,133
-7.6926,53.28823,2021/01/25 00:00:00+00,Mon 25 Jan 2021,1355,1287,0,150222,5167,6,150228,5173,3.19029447810288,0.109855641659519,134
-7.6926,53.28823,2021/01/26 00:00:00+00,Tue 26 Jan 2021,1001,3499,0,151223,8666,6,151229,8672,3.21155206505459,0.184161632412787,135
-7.6926,53.28823,2021/01/27 00:00:00+00,Wed 27 Jan 2021,2167,6699,0,153390,15365,6,153396,15371,3.25757123680718,0.326423945089593,136
-7.6926,53.28823,2021/01/28 00:00:00+00,Thu 28 Jan 2021,1003,11538,0,154393,26903,6,154399,26909,3.27887129646009,0.571448958325149,137
-7.6926,53.28823,2021/01/29 00:00:00+00,Fri 29 Jan 2021,1575,11526,0,155968,38429,6,155974,38435,3.31231854865683,0.816219135353491,138
-7.6926,53.28823,2021/01/30 00:00:00+00,Sat 30 Jan 2021,631,7793,0,156599,46222,6,156605,46228,3.32571868588613,0.981714015587906,139
-7.6926,53.28823,2021/01/31 00:00:00+00,Sun 31 Jan 2021,225,4086,0,156824,50308,6,156830,50314,3.33049686477138,1.06848574414402,140
-7.6926,53.28823,2021/02/01 00:00:00+00,Mon 01 Feb 2021,1024,8335,0,157848,58643,6,157854,58649,3.35224288778691,1.24549072640424,141
-7.6926,53.28823,2021/02/02 00:00:00+00,Tue 02 Feb 2021,826,5108,0,158674,63751,6,158680,63757,3.36978411338342,1.35396600527468,142
-7.6926,53.28823,2021/02/03 00:00:00+00,Wed 03 Feb 2021,1396,6864,0,160070,70615,6,160076,70621,3.39943005882257,1.49973231580067,143
-7.6926,53.28823,2021/02/04 00:00:00+00,Thu 04 Feb 2021,1426,10541,1,161496,81156,7,161503,81163,3.42973433113034,1.72360592383753,144
-7.6926,53.28823,2021/02/05 00:00:00+00,Fri 05 Feb 2021,3387,8613,0,164883,89769,7,164890,89776,3.50166185061629,1.90651461156485,145
-7.6926,53.28823,2021/02/06 00:00:00+00,Sat 06 Feb 2021,893,3867,0,165776,93636,7,165783,93643,3.52062591170308,1.98863557933932,146
-7.6926,53.28823,2021/02/07 00:00:00+00,Sun 07 Feb 2021,328,1300,2,166104,94936,9,166113,94945,3.52763390740144,2.01628530782196,147
-7.6926,53.28823,2021/02/08 00:00:00+00,Mon 08 Feb 2021,1178,878,0,167282,95814,9,167291,95823,3.55265032840954,2.03493082364973,148
-7.6926,53.28823,2021/02/09 00:00:00+00,Tue 09 Feb 2021,4260,543,2,171542,96357,11,171553,96368,3.64315965467146,2.04650463472734,149
-7.6926,53.28823,2021/02/10 00:00:00+00,Wed 10 Feb 2021,8823,580,0,180365,96937,11,180376,96948,3.83052797602501,2.05882171807598,150
-7.6926,53.28823,2021/02/11 00:00:00+00,Thu 11 Feb 2021,6176,445,0,186541,97382,11,186552,97393,3.96168367733744,2.06827189409347,151
-7.6926,53.28823,2021/02/12 00:00:00+00,Fri 12 Feb 2021,4391,522,0,190932,97904,11,190943,97915,4.05493249282689,2.07935726910725,152
-7.6926,53.28823,2021/02/13 00:00:00+00,Sat 13 Feb 2021,1207,1914,0,192139,99818,11,192150,99829,4.08056476800243,2.12000364415776,153
-7.6926,53.28823,2021/02/14 00:00:00+00,Sun 14 Feb 2021,2695,27,0,194834,99845,11,194845,99856,4.13779673287241,2.12057702562399,154
-7.6926,53.28823,2021/02/15 00:00:00+00,Mon 15 Feb 2021,1961,7887,0,196795,107732,11,196806,107743,4.17944121640117,2.28806812281491,155
-7.6926,53.28823,2021/02/16 00:00:00+00,Tue 16 Feb 2021,5646,8158,0,202441,115890,11,202452,115901,4.29934165189502,2.46131427101873,156
-7.6926,53.28823,2021/02/17 00:00:00+00,Wed 17 Feb 2021,9742,8463,0,212183,124353,11,212194,124364,4.50622617945099,2.64103750615589,157
-7.6926,53.28823,2021/02/18 00:00:00+00,Thu 18 Feb 2021,8459,8350,1,220642,132703,12,220654,132715,4.68588570553634,2.81838227002572,158
-7.6926,53.28823,2021/02/19 00:00:00+00,Fri 19 Feb 2021,9384,6582,0,230026,139285,12,230038,139297,4.88516761957711,2.9581599296822,159
-7.6926,53.28823,2021/02/20 00:00:00+00,Sat 20 Feb 2021,5885,3568,2,235911,142853,14,235925,142867,5.01018601556582,3.03397370132814,160
-7.6926,53.28823,2021/02/21 00:00:00+00,Sun 21 Feb 2021,1108,1023,5,237019,143876,19,237038,143895,5.03382207378485,3.05580466974608,161
-7.6926,53.28823,2021/02/22 00:00:00+00,Mon 22 Feb 2021,3941,1123,1,240960,144999,20,240980,145019,5.11753576785441,3.07967432782172,162
-7.6926,53.28823,2021/02/23 00:00:00+00,Tue 23 Feb 2021,13358,1063,1,254318,146062,21,254339,146083,5.40123217553458,3.1022698048613,163
-7.6926,53.28823,2021/02/24 00:00:00+00,Wed 24 Feb 2021,16936,2102,3,271254,148164,24,271278,148188,5.7609547183667,3.14697232287663,164
-7.6926,53.28823,2021/02/25 00:00:00+00,Thu 25 Feb 2021,18085,1755,2,289339,149919,26,289365,149945,6.1450565916889,3.18428459088277,165
-7.6926,53.28823,2021/02/26 00:00:00+00,Fri 26 Feb 2021,16076,2767,0,305415,152686,26,305441,152712,6.48645216395227,3.24304557299603,166
-7.6926,53.28823,2021/02/27 00:00:00+00,Sat 27 Feb 2021,8991,704,1,314406,153390,27,314433,153417,6.67740942855741,3.25801720016981,167
-7.6926,53.28823,2021/02/28 00:00:00+00,Sun 28 Feb 2021,2441,57,2,316847,153447,29,316876,153476,6.72928983307591,3.25927014485527,168
-7.6926,53.28823,2021/03/01 00:00:00+00,Mon 01 Mar 2021,5590,795,0,322437,154242,29,322466,154271,6.84800103293609,3.27615304358315,169
-7.6926,53.28823,2021/03/02 00:00:00+00,Tue 02 Mar 2021,12178,1609,0,334615,155851,29,334644,155880,7.10661731055636,3.31032233170033,170
-7.6926,53.28823,2021/03/03 00:00:00+00,Wed 03 Mar 2021,12895,1503,1,347510,157354,30,347540,157384,7.38048128790821,3.34226180300439,171
-7.6926,53.28823,2021/03/04 00:00:00+00,Thu 04 Mar 2021,18736,1687,4,366246,159041,34,366280,159075,7.77845049817293,3.37817247187086,172
-7.6926,53.28823,2021/03/05 00:00:00+00,Fri 05 Mar 2021,18442,2395,6,384688,161436,40,384728,161476,8.17021869406213,3.42916094966412,173
-7.6926,53.28823,2021/03/06 00:00:00+00,Sat 06 Mar 2021,10393,139,4,395081,161575,44,395125,161619,8.39101303126182,3.43219774780007,174
-7.6926,53.28823,2021/03/07 00:00:00+00,Sun 07 Mar 2021,1519,11,3,396600,161586,47,396647,161633,8.4233347568767,3.43249505670849,175
-7.6926,53.28823,2021/03/08 00:00:00+00,Mon 08 Mar 2021,6668,1495,5,403268,163081,52,403320,163133,8.56504492443788,3.46434958261015,176
-7.6926,53.28823,2021/03/09 00:00:00+00,Tue 09 Mar 2021,13822,3103,5,417090,166184,57,417147,166241,8.85867994419937,3.53035216027838,177
-7.6926,53.28823,2021/03/10 00:00:00+00,Wed 10 Mar 2021,13731,3987,3,430821,170171,60,430881,170231,9.15033998335495,3.61508519917679,178
-7.6926,53.28823,2021/03/11 00:00:00+00,Thu 11 Mar 2021,18475,2097,3,449296,172268,63,449359,172331,9.54274526976218,3.65968153543912,179
-7.6926,53.28823,2021/03/12 00:00:00+00,Fri 12 Mar 2021,17323,1337,4,466619,173605,67,466686,173672,9.91070751662753,3.6881594815952,180
-7.6926,53.28823,2021/03/13 00:00:00+00,Sat 13 Mar 2021,8301,174,0,474920,173779,67,474987,173846,10.0869904629673,3.69185460659979,181
-7.6926,53.28823,2021/03/14 00:00:00+00,Sun 14 Mar 2021,381,19,2,475301,173798,69,475370,173867,10.0951239852475,3.69230056996241,182
-7.6926,53.28823,2021/03/15 00:00:00+00,Mon 15 Mar 2021,2653,992,0,477954,174790,69,478023,174859,10.1514640233923,3.71336702975871,183
-7.6926,53.28823,2021/03/16 00:00:00+00,Tue 16 Mar 2021,8933,3820,2,486887,178610,71,486958,178681,10.3412108160131,3.79453236175614,184
-7.6926,53.28823,2021/03/17 00:00:00+00,Wed 17 Mar 2021,4898,2415,6,491785,181025,77,491862,181102,10.445353879361,3.84594556656141,185
-7.6926,53.28823,2021/03/18 00:00:00+00,Thu 18 Mar 2021,11720,4679,5,503505,185704,82,503587,185786,10.6943500901589,3.94541663277699,186
-7.6926,53.28823,2021/03/19 00:00:00+00,Fri 19 Mar 2021,10367,6127,2,513872,191831,84,513956,191915,10.9145498095418,4.07557422561117,187
-7.6926,53.28823,2021/03/20 00:00:00+00,Sat 20 Mar 2021,5240,3118,4,519112,194949,88,519200,195037,11.025913232094,4.14187411218782,188
-7.6926,53.28823,2021/03/21 00:00:00+00,Sun 21 Mar 2021,3636,55,3,522748,195004,91,522839,195095,11.1031923119314,4.14310582052268,189
-7.6926,53.28823,2021/03/22 00:00:00+00,Mon 22 Mar 2021,7412,2403,1,530160,197407,92,530252,197499,11.2606173789374,4.19415800736774,190
-7.6926,53.28823,2021/03/23 00:00:00+00,Tue 23 Mar 2021,12560,7385,4,542720,204792,96,542816,204888,11.5274308878897,4.35107340195931,191
-7.6926,53.28823,2021/03/24 00:00:00+00,Wed 24 Mar 2021,13621,9779,2,556341,214571,98,556439,214669,11.8167336921286,4.55878614718872,192
-7.6926,53.28823,2021/03/25 00:00:00+00,Thu 25 Mar 2021,20865,10224,3,577206,224795,101,577307,224896,12.2598938564724,4.77597030478623,193
-7.6926,53.28823,2021/03/26 00:00:00+00,Fri 26 Mar 2021,19694,9494,1,596900,234289,102,597002,234391,12.6781437815612,4.97760945374372,194
-7.6926,53.28823,2021/03/27 00:00:00+00,Sat 27 Mar 2021,11747,5349,3,608647,239638,105,608752,239743,12.9276709011242,5.09126640216084,195
-7.6926,53.28823,2021/03/28 00:00:00+00,Sun 28 Mar 2021,2488,482,0,611135,240120,105,611240,240225,12.9805069414197,5.10150232315057,196
-7.6926,53.28823,2021/03/28 23:00:00+00,Mon 29 Mar 2021,9265,3119,3,620400,243239,108,620508,243347,13.1773254387908,5.16780220972723,197
-7.6926,53.28823,2021/03/29 23:00:00+00,Tue 30 Mar 2021,13321,8662,4,633721,251901,112,633833,252013,13.4602998105505,5.35183642403641,198
-7.6926,53.28823,2021/03/30 23:00:00+00,Wed 31 Mar 2021,15833,10504,4,649554,262405,116,649670,262521,13.7966198950202,5.57498799615282,199
-7.6926,53.28823,2021/03/31 23:00:00+00,Thu 01 Apr 2021,19692,11572,8,669246,273977,124,669370,274101,14.214976001862,5.82090493611362,200
-7.6926,53.28823,2021/04/01 23:00:00+00,Fri 02 Apr 2021,20137,13719,8,689383,287696,132,689515,287828,14.6427822847213,6.112416320815,201
-7.6926,53.28823,2021/04/02 23:00:00+00,Sat 03 Apr 2021,7547,4636,6,696930,292332,138,697068,292470,14.8031804408114,6.21099546030533,202
-7.6926,53.28823,2021/04/03 23:00:00+00,Sun 04 Apr 2021,3031,169,3,699961,292501,141,700102,292642,14.8676115285352,6.21464811260872,203
-7.6926,53.28823,2021/04/04 23:00:00+00,Mon 05 Apr 2021,3429,605,4,703390,293106,145,703535,293251,14.9405159201488,6.2275810501248,204
-7.6926,53.28823,2021/04/05 23:00:00+00,Tue 06 Apr 2021,11987,8157,11,715377,301263,156,715533,301419,15.1953096546608,6.40103956183462,205
-7.6926,53.28823,2021/04/06 23:00:00+00,Wed 07 Apr 2021,18357,10467,10,733734,311730,166,733900,311896,15.5853577061513,6.62353280708241,206
-7.6926,53.28823,2021/04/07 23:00:00+00,Thu 08 Apr 2021,20181,10575,15,753915,322305,181,754096,322486,16.0142470428913,6.84842575994811,207
-7.6926,53.28823,2021/04/08 23:00:00+00,Fri 09 Apr 2021,20677,9156,16,774592,331461,197,774789,331658,16.4536908458799,7.04320556766146,208
-7.6926,53.28823,2021/04/09 23:00:00+00,Sat 10 Apr 2021,11167,4166,12,785759,335627,209,785968,335836,16.6910920092497,7.13193104047287,209
-7.6926,53.28823,2021/04/10 23:00:00+00,Sun 11 Apr 2021,2859,362,8,788618,335989,217,788835,336206,16.7519766264231,7.13978849019528,210
-7.6926,53.28823,2022/02/21 00:00:00+00,Mon 21 Feb 2022,252,989,2,3821180,3736431,240633,4061813,3977064,86.2580849441282,84.4583254670351,211
-7.6926,53.28823,2022/02/22 00:00:00+00,Tue 22 Feb 2022,473,974,0,3821653,3737405,240633,4062286,3978038,86.2681297379626,84.4790096725206,212
-7.6926,53.28823,2022/02/23 00:00:00+00,Wed 23 Feb 2022,828,1270,1,3822481,3738675,240634,4063115,3979309,86.2857346726109,84.5060010741346,213
-7.6926,53.28823,2022/02/24 00:00:00+00,Thu 24 Feb 2022,660,1231,0,3823141,3739906,240634,4063775,3980540,86.2997506640076,84.5321430217246,214
-7.6926,53.28823,2022/02/25 00:00:00+00,Fri 25 Feb 2022,691,1221,0,3823832,3741127,240634,4064466,3981761,86.314424982273,84.5580726058085,215
-7.6926,53.28823,2022/02/26 00:00:00+00,Sat 26 Feb 2022,960,2087,0,3824792,3743214,240634,4065426,3983848,86.33481187885,84.602392869513,216
-7.6926,53.28823,2022/02/27 00:00:00+00,Sun 27 Feb 2022,671,1782,0,3825463,3744996,240634,4066097,3985630,86.3490614701034,84.6402360462842,217
-7.6926,53.28823,2022/02/28 00:00:00+00,Mon 28 Feb 2022,84,426,0,3825547,3745422,240634,4066181,3986056,86.3508453235539,84.6492827316403,218
-7.6926,53.28823,2022/03/01 00:00:00+00,Tue 01 Mar 2022,130,939,0,3825677,3746361,240634,4066311,3986995,86.353606049132,84.6692236648547,219
-7.6926,53.28823,2022/03/02 00:00:00+00,Wed 02 Mar 2022,206,993,2,3825883,3747354,240636,4066519,3987990,86.358023210057,84.6903538337028,220
-7.6926,53.28823,2022/03/03 00:00:00+00,Thu 03 Mar 2022,278,1273,0,3826161,3748627,240636,4066797,3989263,86.3639269155241,84.717387708018,221
-7.6926,53.28823,2022/03/04 00:00:00+00,Fri 04 Mar 2022,733,1505,2,3826894,3750132,240638,4067532,3990770,86.3795356332159,84.7493908883739,222
-7.6926,53.28823,2022/03/05 00:00:00+00,Sat 05 Mar 2022,963,3341,0,3827857,3753473,240638,4068495,3994111,86.3999862388448,84.8203415357322,223
-7.6926,53.28823,2022/03/06 00:00:00+00,Sun 06 Mar 2022,456,1915,0,3828313,3755388,240638,4068951,3996026,86.4096700147189,84.8610091471333,224
-7.6926,53.28823,2022/03/07 00:00:00+00,Mon 07 Mar 2022,112,121,0,3828425,3755509,240638,4069063,3996147,86.4120484859862,84.863578745556,225
-7.6926,53.28823,2022/03/08 00:00:00+00,Tue 08 Mar 2022,119,492,0,3828544,3756001,240638,4069182,3996639,86.4145756117078,84.8740270300518,226
-7.6926,53.28823,2022/03/09 00:00:00+00,Wed 09 Mar 2022,125,343,0,3828669,3756344,240638,4069307,3996982,86.4172301555329,84.881311098308,227
-7.6926,53.28823,2022/03/10 00:00:00+00,Thu 10 Mar 2022,257,507,0,3828926,3756851,240638,4069564,3997489,86.4226878976374,84.8920779280627,228
-7.6926,53.28823,2022/03/11 00:00:00+00,Fri 11 Mar 2022,494,2181,0,3829420,3759032,240638,4070058,3999670,86.4331786548343,84.9383944087237,229
-7.6926,53.28823,2022/03/12 00:00:00+00,Sat 12 Mar 2022,473,2387,2,3829893,3761419,240640,4070533,4002059,86.4432659213699,84.9891280503098,230
-7.6926,53.28823,2022/03/13 00:00:00+00,Sun 13 Mar 2022,359,1082,0,3830252,3762501,240640,4070892,4003141,86.4508897712357,85.0121057816602,231
-7.6926,53.28823,2022/03/14 00:00:00+00,Mon 14 Mar 2022,109,120,0,3830361,3762621,240640,4071001,4003261,86.4532045334512,85.0146541437323,232
-7.6926,53.28823,2022/03/15 00:00:00+00,Tue 15 Mar 2022,220,757,0,3830581,3763378,240640,4071221,4004018,86.4578765305834,85.0307300611373,233
-7.6926,53.28823,2022/03/16 00:00:00+00,Wed 16 Mar 2022,196,798,0,3830777,3764176,240640,4071417,4004816,86.4620388553012,85.047676668917,234
-7.6926,53.28823,2022/03/18 00:00:00+00,Fri 18 Mar 2022,2,6,0,3830779,3764182,240640,4071419,4004822,86.4620813280024,85.0478040870206,235
-7.6926,53.28823,2022/03/19 00:00:00+00,Sat 19 Mar 2022,743,2779,0,3831522,3766961,240640,4072162,4007601,86.4778599364991,85.1068199053411,236
-7.6926,53.28823,2021/07/25 23:00:00+00,Mon 26 Jul 2021,23815,18270,3419,3055174,2500051,208365,3263539,2708416,69.3056584043813,57.5168717496438,237
-7.6926,53.28823,2022/03/20 00:00:00+00,Sun 20 Mar 2022,394,1401,0,3831916,3768362,240640,4072556,4009002,86.4862270586359,85.1365720325332,238
-7.6926,53.28823,2022/03/21 00:00:00+00,Mon 21 Mar 2022,54,111,0,3831970,3768473,240640,4072610,4009113,86.4873738215684,85.13892926745,239
-7.6926,53.28823,2022/03/22 00:00:00+00,Tue 22 Mar 2022,137,573,0,3832107,3769046,240640,4072747,4009686,86.4902832016007,85.1510976963444,240
-7.6926,53.28823,2022/03/23 00:00:00+00,Wed 23 Mar 2022,98,220,0,3832205,3769266,240640,4072845,4009906,86.4923643639596,85.1557696934766,241
-7.6926,53.28823,2022/03/24 00:00:00+00,Thu 24 Mar 2022,148,239,0,3832353,3769505,240640,4072993,4010145,86.4955073438486,85.1608451812703,242
-7.6926,53.28823,2022/03/25 00:00:00+00,Fri 25 Mar 2022,435,1622,0,3832788,3771127,240640,4073428,4011767,86.5047451563601,85.1952905419453,243
-7.6926,53.28823,2022/03/26 00:00:00+00,Sat 26 Mar 2022,874,1847,0,3833662,3772974,240640,4074302,4013614,86.5233057267854,85.2345140815055,244
-7.6926,53.28823,2022/03/27 00:00:00+00,Sun 27 Mar 2022,380,802,0,3834042,3773776,240640,4074682,4014416,86.5313755400139,85.2515456346876,245
-7.6926,53.28823,2022/03/27 23:00:00+00,Mon 28 Mar 2022,40,51,0,3834082,3773827,240640,4074722,4014467,86.5322249940379,85.2526286885683,246
-7.6926,53.28823,2022/03/28 23:00:00+00,Tue 29 Mar 2022,138,192,3,3834220,3774019,240643,4074863,4014662,86.5352193194727,85.2567697769355,247
-7.6926,53.28823,2022/03/29 23:00:00+00,Wed 30 Mar 2022,110,134,0,3834330,3774153,240643,4074973,4014796,86.5375553180388,85.259615447916,248
-7.6926,53.28823,2022/03/30 23:00:00+00,Thu 31 Mar 2022,228,355,0,3834558,3774508,240643,4075201,4015151,86.5423972059758,85.2671543523794,249
-7.6926,53.28823,2022/03/31 23:00:00+00,Fri 01 Apr 2022,311,903,0,3834869,3775411,240643,4075512,4016054,86.5490017110128,85.2863307769722,250
-7.6926,53.28823,2022/04/01 23:00:00+00,Sat 02 Apr 2022,726,1538,0,3835595,3776949,240643,4076238,4017592,86.5644193015492,85.3189922841967,251
-7.6926,53.28823,2022/04/02 23:00:00+00,Sun 03 Apr 2022,536,816,0,3836131,3777765,240643,4076774,4018408,86.5758019854714,85.3363211462872,252
-7.6926,53.28823,2022/04/03 23:00:00+00,Mon 04 Apr 2022,47,50,0,3836178,3777815,240643,4076821,4018458,86.5768000939496,85.3373829638173,253
-7.6926,53.28823,2022/04/04 23:00:00+00,Tue 05 Apr 2022,130,166,0,3836308,3777981,240643,4076951,4018624,86.5795608195278,85.3409081980171,254
-7.6926,53.28823,2022/04/05 23:00:00+00,Wed 06 Apr 2022,159,209,0,3836467,3778190,240643,4077110,4018833,86.5829373992733,85.3453465952927,255
-7.6926,53.28823,2022/04/06 23:00:00+00,Thu 07 Apr 2022,120,175,0,3836587,3778365,240643,4077230,4019008,86.5854857613455,85.3490629566479,256
-7.6926,53.28823,2022/04/07 23:00:00+00,Fri 08 Apr 2022,267,417,0,3836854,3778782,240643,4077497,4019425,86.591155866956,85.3579185148486,257
-7.6926,53.28823,2022/04/08 23:00:00+00,Sat 09 Apr 2022,561,1018,0,3837415,3779800,240643,4078058,4020443,86.6030694596432,85.3795371197605,258
-7.6926,53.28823,2022/04/09 23:00:00+00,Sun 10 Apr 2022,412,719,0,3837827,3780519,240643,4078470,4021162,86.6118188360908,85.3948060558427,259
-7.6926,53.28823,2022/04/10 23:00:00+00,Mon 11 Apr 2022,71,92,0,3837898,3780611,240643,4078541,4021254,86.6133266169835,85.396759800098,260
-7.6926,53.28823,2022/04/11 23:00:00+00,Tue 12 Apr 2022,192,176,0,3838090,3780787,240643,4078733,4021430,86.6174039962989,85.4004973978038,261
-7.6926,53.28823,2022/04/12 23:00:00+00,Wed 13 Apr 2022,146,231,0,3838236,3781018,240643,4078879,4021661,86.6205045034867,85.4054029947926,262
-7.6926,53.28823,2022/04/13 23:00:00+00,Thu 14 Apr 2022,360,426,0,3838596,3781444,240643,4079239,4022087,86.6281495897031,85.4144496801487,263
-7.6926,53.28823,2022/04/14 23:00:00+00,Fri 15 Apr 2022,450,989,0,3839046,3782433,240643,4079689,4023076,86.6377059474736,85.4354524308932,264
-7.6926,53.28823,2022/04/15 23:00:00+00,Sat 16 Apr 2022,42,88,0,3839088,3782521,240643,4079731,4023164,86.6385978741988,85.4373212297461,265
-7.6926,53.28823,2022/04/16 23:00:00+00,Sun 17 Apr 2022,1,0,0,3839089,3782521,240643,4079732,4023164,86.6386191105494,85.4373212297461,266
-7.6926,53.28823,2022/04/17 23:00:00+00,Mon 18 Apr 2022,36,61,0,3839125,3782582,240643,4079768,4023225,86.6393836191711,85.4386166471328,267
-7.6926,53.28823,2022/04/18 23:00:00+00,Tue 19 Apr 2022,218,268,1,3839343,3782850,240644,4079987,4023494,86.6440343799527,85.4443292254445,268
-7.6926,53.28823,2022/04/19 23:00:00+00,Wed 20 Apr 2022,249,606,0,3839592,3783456,240644,4080236,4024100,86.6493222312524,85.4571984539087,269
-7.6926,53.28823,2022/04/20 23:00:00+00,Thu 21 Apr 2022,171,238,0,3839763,3783694,240644,4080407,4024338,86.6529536472052,85.4622527053518,270
-7.6926,53.28823,2022/04/21 23:00:00+00,Fri 22 Apr 2022,196,250,0,3839959,3783944,240644,4080603,4024588,86.657115971923,85.4675617930021,271
-7.6926,53.28823,2022/04/22 23:00:00+00,Sat 23 Apr 2022,322,1010,0,3840281,3784954,240644,4080925,4025598,86.6639540768166,85.4890105071092,272
-7.6926,53.28823,2022/04/23 23:00:00+00,Sun 24 Apr 2022,182,253,0,3840463,3785207,240644,4081107,4025851,86.6678190926259,85.4943833038113,273
-7.6926,53.28823,2022/04/24 23:00:00+00,Mon 25 Apr 2022,41,56,0,3840504,3785263,240644,4081148,4025907,86.6686897830006,85.4955725394449,274
-7.6926,53.28823,2022/04/25 23:00:00+00,Tue 26 Apr 2022,144,237,0,3840648,3785500,240644,4081292,4026144,86.6717478174872,85.5006055545374,275
-7.6926,53.28823,2022/04/26 23:00:00+00,Wed 27 Apr 2022,121,208,0,3840769,3785708,240644,4081413,4026352,86.6743174159099,85.5050227154624,276
-7.6926,53.28823,2022/04/27 23:00:00+00,Thu 28 Apr 2022,106,128,0,3840875,3785836,240644,4081519,4026480,86.6765684690736,85.5077409683394,277
-7.6926,53.28823,2022/04/28 23:00:00+00,Fri 29 Apr 2022,171,221,0,3841046,3786057,240644,4081690,4026701,86.6801998850264,85.5124342018222,278
-7.6926,53.28823,2022/04/29 23:00:00+00,Sat 30 Apr 2022,281,722,0,3841327,3786779,240644,4081971,4027423,86.6861672995453,85.5277668469562,279
-7.6926,53.28823,2022/04/30 23:00:00+00,Sun 01 May 2022,186,746,0,3841513,3787525,240644,4082157,4028169,86.6901172607571,85.5436091645046,280
-7.6926,53.28823,2022/05/01 23:00:00+00,Mon 02 May 2022,11,26,0,3841524,3787551,240644,4082168,4028195,86.6903508606137,85.5441613096203,281
-7.6926,53.28823,2022/05/02 23:00:00+00,Tue 03 May 2022,94,117,0,3841618,3787668,240644,4082262,4028312,86.6923470775702,85.5466459626406,282
-7.6926,53.28823,2022/05/03 23:00:00+00,Wed 04 May 2022,118,128,0,3841736,3787796,240644,4082380,4028440,86.6948529669412,85.5493642155175,283
-7.6926,53.28823,2022/05/04 23:00:00+00,Thu 05 May 2022,122,161,0,3841858,3787957,240644,4082502,4028601,86.6974438017145,85.5527832679643,284
-7.6926,53.28823,2022/05/05 23:00:00+00,Fri 06 May 2022,142,258,0,3842000,3788215,240644,4082644,4028859,86.7004593634998,85.5582622464194,285
-7.6926,53.28823,2022/05/06 23:00:00+00,Sat 07 May 2022,442,1083,0,3842442,3789298,240644,4083086,4029942,86.7098458304655,85.5812612141204,286
-7.6926,53.28823,2022/05/07 23:00:00+00,Sun 08 May 2022,273,436,0,3842715,3789734,240644,4083359,4030378,86.7156433541796,85.5905202629825,287
-7.6926,53.28823,2022/05/08 23:00:00+00,Mon 09 May 2022,26,31,0,3842741,3789765,240644,4083385,4030409,86.7161954992953,85.5911785898511,288
-7.6926,53.28823,2022/05/09 23:00:00+00,Tue 10 May 2022,96,103,1,3842837,3789868,240645,4083482,4030513,86.7182554253036,85.5933871703136,289
-7.6926,53.28823,2022/05/10 23:00:00+00,Wed 11 May 2022,128,131,0,3842965,3789999,240645,4083610,4030644,86.7209736781805,85.5961691322424,290
-7.6926,53.28823,2022/05/11 23:00:00+00,Thu 12 May 2022,247,396,0,3843212,3790395,240645,4083857,4031040,86.726219056779,85.6045787270804,291
-7.6926,53.28823,2022/05/12 23:00:00+00,Fri 13 May 2022,180,325,0,3843392,3790720,240645,4084037,4031365,86.7300415998872,85.6114805410258,292
-7.6926,53.28823,2022/05/13 23:00:00+00,Sat 14 May 2022,332,629,0,3843724,3791349,240645,4084369,4031994,86.7370920682868,85.6248382055539,293
-7.6926,53.28823,2022/05/14 23:00:00+00,Sun 15 May 2022,169,254,0,3843893,3791603,240645,4084538,4032248,86.7406810115383,85.6302322386065,294
-7.6926,53.28823,2022/05/15 23:00:00+00,Mon 16 May 2022,27,32,0,3843920,3791635,240645,4084565,4032280,86.7412543930046,85.6309118018258,295
-7.6926,53.28823,2022/05/16 23:00:00+00,Tue 17 May 2022,103,91,0,3844023,3791726,240645,4084668,4032371,86.7434417371165,85.6328443097305,296
-7.6926,53.28823,2022/05/17 23:00:00+00,Wed 18 May 2022,93,114,0,3844116,3791840,240645,4084761,4032485,86.7454167177224,85.635265253699,297
-7.6926,53.28823,2022/05/18 23:00:00+00,Thu 19 May 2022,76,96,0,3844192,3791936,240645,4084837,4032581,86.7470306803681,85.6373039433567,298
-7.6926,53.28823,2022/05/19 23:00:00+00,Fri 20 May 2022,124,195,0,3844316,3792131,240645,4084961,4032776,86.7496639878426,85.6414450317239,299
-7.6926,53.28823,2022/05/20 23:00:00+00,Sat 21 May 2022,392,757,0,3844708,3792888,240645,4085353,4033533,86.7579886372782,85.657520949129,300
-7.6926,53.28823,2022/05/21 23:00:00+00,Sun 22 May 2022,232,409,0,3844940,3793297,240645,4085585,4033942,86.7629154706177,85.6662066165248,301
-7.6926,53.28823,2022/05/22 23:00:00+00,Mon 23 May 2022,28,32,0,3844968,3793329,240645,4085613,4033974,86.7635100884345,85.6668861797441,302
-7.6926,53.28823,2022/05/23 23:00:00+00,Tue 24 May 2022,69,76,0,3845037,3793405,240645,4085682,4034050,86.764975396626,85.6685001423897,303
-7.6926,53.28823,2022/05/24 23:00:00+00,Wed 25 May 2022,87,120,0,3845124,3793525,240645,4085769,4034170,86.7668229591283,85.6710485044619,304
-7.6926,53.28823,2022/05/25 23:00:00+00,Thu 26 May 2022,88,143,0,3845212,3793668,240645,4085857,4034313,86.7686917579812,85.6740853025978,305
-7.6926,53.28823,2022/05/26 23:00:00+00,Fri 27 May 2022,95,147,0,3845307,3793815,240645,4085952,4034460,86.7707092112883,85.6772070461362,306
-7.6926,53.28823,2022/05/27 23:00:00+00,Sat 28 May 2022,334,573,0,3845641,3794388,240645,4086286,4035033,86.7778021523891,85.6893754750306,307
-7.6926,53.28823,2022/05/28 23:00:00+00,Sun 29 May 2022,182,347,0,3845823,3794735,240645,4086468,4035380,86.7816671681985,85.6967444886892,308
-7.6926,53.28823,2022/05/29 23:00:00+00,Mon 30 May 2022,14,15,0,3845837,3794750,240645,4086482,4035395,86.7819644771069,85.6970630339482,309
-7.6926,53.28823,2022/05/30 23:00:00+00,Tue 31 May 2022,65,65,1,3845902,3794815,240646,4086548,4035461,86.7833660762466,85.6984646330879,310
-7.6926,53.28823,2022/05/31 23:00:00+00,Wed 01 Jun 2022,58,89,0,3845960,3794904,240646,4086606,4035550,86.7845977845814,85.7003546682914,311
-7.6926,53.28823,2022/06/01 23:00:00+00,Thu 02 Jun 2022,82,113,0,3846042,3795017,240646,4086688,4035663,86.7863391653307,85.7027543759093,312
-7.6926,53.28823,2021/07/26 23:00:00+00,Tue 27 Jul 2021,25493,23881,3669,3080667,2523932,212034,3292701,2735966,69.9249528606108,58.1019332087043,313
-7.6926,53.28823,2021/07/27 23:00:00+00,Wed 28 Jul 2021,23424,25268,3259,3104091,2549200,215293,3319384,2764493,70.4916024037,58.707742582302,314
-7.6926,53.28823,2021/07/28 23:00:00+00,Thu 29 Jul 2021,19251,27848,2957,3123342,2577048,218250,3341592,2795298,70.9632192778494,59.3619283625691,315
-7.6926,53.28823,2021/07/29 23:00:00+00,Fri 30 Jul 2021,21940,22923,2115,3145282,2599971,220365,3365647,2820336,71.474059691559,59.8936441089195,316
-7.6926,53.28823,2021/07/30 23:00:00+00,Sat 31 Jul 2021,13729,12459,906,3159011,2612430,221271,3380282,2833701,71.7848536826062,60.1774679347033,317
-7.6926,53.28823,2021/07/31 23:00:00+00,Sun 01 Aug 2021,11090,9310,368,3170101,2621740,221639,3391740,2843379,72.0281797877936,60.3829933358208,318
-7.6926,53.28823,2021/08/01 23:00:00+00,Mon 02 Aug 2021,15005,15992,428,3185106,2637732,222067,3407173,2859799,72.3559203866205,60.731694212691,319
-7.6926,53.28823,2021/08/02 23:00:00+00,Tue 03 Aug 2021,17326,25431,1108,3202432,2663163,223175,3425607,2886338,72.7473912736013,61.2952857212937,320
-7.6926,53.28823,2021/08/03 23:00:00+00,Wed 04 Aug 2021,22091,17279,1574,3224523,2680442,224749,3449272,2905191,73.2499495105765,61.6956546391764,321
-7.6926,53.28823,2021/08/04 23:00:00+00,Thu 05 Aug 2021,13509,30021,1420,3238032,2710463,226169,3464201,2936632,73.5669869887004,62.3633467384257,322
-7.6926,53.28823,2021/08/05 23:00:00+00,Fri 06 Aug 2021,12191,24729,947,3250223,2735192,227116,3477339,2962308,73.8459901628977,62.9086112764597,323
-7.6926,53.28823,2021/08/06 23:00:00+00,Sat 07 Aug 2021,6322,8441,583,3256545,2743633,227699,3484244,2971332,73.9926271637983,63.1002481042841,324
-7.6926,53.28823,2021/08/07 23:00:00+00,Sun 08 Aug 2021,8618,11961,153,3265163,2755594,227852,3493015,2983446,74.1788911949206,63.3575052554659,325
-7.6926,53.28823,2021/08/08 23:00:00+00,Mon 09 Aug 2021,5523,23018,598,3270686,2778612,228450,3499136,3007062,74.30887889695,63.8590229112616,326
-7.6926,53.28823,2021/08/09 23:00:00+00,Tue 10 Aug 2021,9339,25981,713,3280025,2804593,229163,3509188,3033756,74.5223466931923,64.4259060542075,327
-7.6926,53.28823,2021/08/10 23:00:00+00,Wed 11 Aug 2021,6998,31220,662,3287023,2835813,229825,3516848,3065638,74.6850171387968,65.1029633840719,328
-7.6926,53.28823,2021/08/11 23:00:00+00,Thu 12 Aug 2021,6753,38273,861,3293776,2874086,230686,3524462,3104772,74.8467107122736,65.9340267284956,329
-7.6926,53.28823,2021/08/12 23:00:00+00,Fri 13 Aug 2021,10915,28225,869,3304691,2902311,231555,3536246,3133866,75.096959867757,66.5518771128842,330
-7.6926,53.28823,2021/08/13 23:00:00+00,Sat 14 Aug 2021,18121,5825,279,3322812,2908136,231834,3554646,3139970,75.4877087188173,66.6815037969533,331
-7.6926,53.28823,2021/08/14 23:00:00+00,Sun 15 Aug 2021,16995,3719,49,3339807,2911855,231883,3571690,3143738,75.8496610784626,66.7615223660183,332
-7.6926,53.28823,2021/08/15 23:00:00+00,Mon 16 Aug 2021,10175,23135,384,3349982,2934990,232267,3582249,3167257,76.0738957044597,67.2609800958057,333
-7.6926,53.28823,2021/08/16 23:00:00+00,Tue 17 Aug 2021,12855,26843,528,3362837,2961833,232795,3595632,3194628,76.3581017845543,67.8422402481085,334
-7.6926,53.28823,2021/08/17 23:00:00+00,Wed 18 Aug 2021,15222,25761,657,3378059,2987594,233452,3611511,3221046,76.6953137957492,68.4032621582885,335
-7.6926,53.28823,2021/08/18 23:00:00+00,Thu 19 Aug 2021,11353,25689,542,3389412,3013283,233994,3623406,3247277,76.9479201861494,68.9603128709061,336
-7.6926,53.28823,2021/08/19 23:00:00+00,Fri 20 Aug 2021,14836,22239,685,3404248,3035522,234679,3638927,3270201,77.2775295838291,69.4471349720859,337
-7.6926,53.28823,2021/08/20 23:00:00+00,Sat 21 Aug 2021,11874,7958,245,3416122,3043480,234924,3651046,3278404,77.5348929167639,69.6213367560667,338
-7.6926,53.28823,2021/08/21 23:00:00+00,Sun 22 Aug 2021,8002,12246,161,3424124,3055726,235085,3659209,3290811,77.7082452467207,69.8848161579747,339
-7.6926,53.28823,2021/08/22 23:00:00+00,Mon 23 Aug 2021,10859,15358,289,3434983,3071084,235374,3670357,3306458,77.9449880832219,70.2171013358302,340
-7.6926,53.28823,2021/08/23 23:00:00+00,Tue 24 Aug 2021,9705,22905,383,3444688,3093989,235757,3680445,3329746,78.1592203880858,70.7116534686287,341
-7.6926,53.28823,2021/08/24 23:00:00+00,Wed 25 Aug 2021,9411,19505,313,3454099,3113494,236070,3690169,3349564,78.365722661331,71.1325154648414,342
-7.6926,53.28823,2021/08/25 23:00:00+00,Thu 26 Aug 2021,8571,19419,367,3462670,3132913,236437,3699107,3369350,78.5555331630036,71.5526978978349,343
-7.6926,53.28823,2021/08/26 23:00:00+00,Fri 27 Aug 2021,9711,19189,430,3472381,3152102,236867,3709248,3388969,78.7708909944494,71.969333860278,344
-7.6926,53.28823,2021/08/27 23:00:00+00,Sat 28 Aug 2021,9914,7903,153,3482295,3160005,237020,3719315,3397025,78.9846773359508,72.1404139007205,345
-7.6926,53.28823,2021/08/28 23:00:00+00,Sun 29 Aug 2021,8793,9181,29,3491088,3169186,237049,3728137,3406235,79.1720244209537,72.3360006897567,346
-7.6926,53.28823,2021/08/29 23:00:00+00,Mon 30 Aug 2021,5054,11108,84,3496142,3180294,237133,3733275,3417427,79.2811367903422,72.5736779256842,347
-7.6926,53.28823,2021/08/30 23:00:00+00,Tue 31 Aug 2021,4057,12878,142,3500199,3193172,237275,3737474,3430447,79.3703082265163,72.8501752105106,348
-7.6926,53.28823,2021/08/31 23:00:00+00,Wed 01 Sep 2021,4954,12518,180,3505153,3205690,237455,3742608,3443145,79.4793356505023,73.1198343904435,349
-7.6926,53.28823,2021/09/01 23:00:00+00,Thu 02 Sep 2021,5005,12344,247,3510158,3218034,237702,3747860,3455736,79.5908689638593,73.387221280862,350
-7.6926,53.28823,2021/09/02 23:00:00+00,Fri 03 Sep 2021,4770,16056,165,3514928,3234090,237867,3752795,3471957,79.6956703540758,73.7316961239625,351
-7.6926,53.28823,2021/09/03 23:00:00+00,Sat 04 Sep 2021,4626,10570,133,3519554,3244660,238000,3757554,3482660,79.7967341465865,73.9589887844461,352
-7.6926,53.28823,2021/09/04 23:00:00+00,Sun 05 Sep 2021,5304,11894,1,3524858,3256554,238001,3762859,3494555,79.9093929865253,74.2115951748463,353
-7.6926,53.28823,2021/09/05 23:00:00+00,Mon 06 Sep 2021,2151,9663,75,3527009,3266217,238076,3765085,3504293,79.9566651029634,74.4183947569999,354
-7.6926,53.28823,2021/09/06 23:00:00+00,Tue 07 Sep 2021,3025,10002,158,3530034,3276219,238234,3768268,3514453,80.0242604069267,74.6341560791071,355
-7.6926,53.28823,2021/09/07 23:00:00+00,Wed 08 Sep 2021,2606,14808,186,3532640,3291027,238420,3771060,3529447,80.083552297805,74.9525739200201,356
-7.6926,53.28823,2021/09/08 23:00:00+00,Thu 09 Sep 2021,3113,14804,138,3535753,3305831,238558,3774311,3544389,80.1525916736092,75.2698874707018,357
-7.6926,53.28823,2021/09/09 23:00:00+00,Fri 10 Sep 2021,3372,13944,115,3539125,3319775,238673,3777798,3558448,80.2266428281552,75.5684493238027,358
-7.6926,53.28823,2021/09/10 23:00:00+00,Sat 11 Sep 2021,2557,11323,62,3541682,3331098,238735,3780417,3569833,80.2822608303795,75.8102251753963,359
-7.6926,53.28823,2021/09/11 23:00:00+00,Sun 12 Sep 2021,2040,12880,1,3543722,3343978,238736,3782458,3582714,80.3256042219564,76.0837706074892,360
-7.6926,53.28823,2021/09/12 23:00:00+00,Mon 13 Sep 2021,1610,7728,52,3545332,3351706,238788,3784120,3590494,80.3608990366554,76.2489894151658,361
-7.6926,53.28823,2021/09/13 23:00:00+00,Tue 14 Sep 2021,1544,10778,82,3546876,3362484,238870,3785746,3601354,80.3954293427328,76.4796161826938,362
-7.6926,53.28823,2021/09/14 23:00:00+00,Wed 15 Sep 2021,3274,12395,138,3550150,3374879,239008,3789158,3613887,80.4678877709838,76.7457713647774,363
-7.6926,53.28823,2021/09/15 23:00:00+00,Thu 16 Sep 2021,1906,10590,115,3552056,3385469,239123,3791179,3624592,80.5108064355486,76.9731064979623,364
-7.6926,53.28823,2021/09/16 23:00:00+00,Fri 17 Sep 2021,2556,14608,94,3554612,3400077,239217,3793829,3639294,80.5670827646416,77.2853233244997,365
-7.6926,53.28823,2021/09/17 23:00:00+00,Sat 18 Sep 2021,2284,11228,47,3556896,3411305,239264,3796160,3650569,80.6165846978927,77.5247631775272,366
-7.6926,53.28823,2021/09/18 23:00:00+00,Sun 19 Sep 2021,1860,8488,15,3558756,3419793,239279,3798035,3659072,80.6564028552698,77.7053358666884,367
-7.6926,53.28823,2021/09/19 23:00:00+00,Mon 20 Sep 2021,952,5607,35,3559708,3425400,239314,3799022,3664714,80.6773631333131,77.8251513567798,368
-7.6926,53.28823,2021/09/20 23:00:00+00,Tue 21 Sep 2021,1462,6664,90,3561170,3432064,239404,3800574,3671468,80.710321949446,77.9685816687397,369
-7.6926,53.28823,2021/09/21 23:00:00+00,Wed 22 Sep 2021,1893,8142,97,3563063,3440206,239501,3802564,3679707,80.7525822871422,78.1435479613422,370
-7.6926,53.28823,2021/09/22 23:00:00+00,Thu 23 Sep 2021,1698,8737,89,3564761,3448943,239590,3804351,3688533,80.7905316456664,78.3309799917476,371
-7.6926,53.28823,2021/09/23 23:00:00+00,Fri 24 Sep 2021,1908,7392,79,3566669,3456335,239669,3806338,3696004,80.8327282743108,78.4896367670884,372
-7.6926,53.28823,2021/09/24 23:00:00+00,Sat 25 Sep 2021,2414,6591,52,3569083,3462926,239721,3808804,3702647,80.8850971148931,78.6307098441316,373
-7.6926,53.28823,2021/09/25 23:00:00+00,Sun 26 Sep 2021,1548,7097,0,3570631,3470023,239721,3810352,3709744,80.9179709856236,78.7814242243476,374
-7.6926,53.28823,2021/09/26 23:00:00+00,Mon 27 Sep 2021,1176,3814,45,3571807,3473837,239766,3811573,3713603,80.9439005697076,78.8633753013173,375
-7.6926,53.28823,2021/09/27 23:00:00+00,Tue 28 Sep 2021,1447,5123,93,3573254,3478960,239859,3813113,3718819,80.9766045496333,78.9741441060526,376
-7.6926,53.28823,2021/09/28 23:00:00+00,Wed 29 Sep 2021,1651,3612,79,3574905,3482572,239938,3814843,3722510,81.0133434361732,79.0525274761213,377
-7.6926,53.28823,2021/09/29 23:00:00+00,Thu 30 Sep 2021,1281,3963,78,3576186,3486535,240016,3816202,3726551,81.0422036366401,79.1383435689004,378
-7.6926,53.28823,2021/09/30 23:00:00+00,Fri 01 Oct 2021,1845,5174,41,3578031,3491709,240057,3818088,3731766,81.0822553938738,79.2490911372851,379
-7.6926,53.28823,2021/10/01 23:00:00+00,Sat 02 Oct 2021,1712,4083,40,3579743,3495792,240097,3819840,3735889,81.1194614801269,79.3366486108135,380
-7.6926,53.28823,2021/10/02 23:00:00+00,Sun 03 Oct 2021,1196,3014,9,3580939,3498806,240106,3821045,3738912,81.1450512826012,79.4008460986806,381
-7.6926,53.28823,2021/10/03 23:00:00+00,Mon 04 Oct 2021,335,1232,18,3581274,3500038,240124,3821398,3740162,81.1525477143634,79.427391536932,382
-7.6926,53.28823,2021/10/04 23:00:00+00,Tue 05 Oct 2021,964,2816,70,3582238,3502854,240194,3822432,3743048,81.174506100885,79.4886796447668,383
-7.6926,53.28823,2021/10/05 23:00:00+00,Wed 06 Oct 2021,974,2565,38,3583212,3505419,240232,3823444,3745651,81.1959972876933,79.5439578653815,384
-7.6926,53.28823,2021/10/06 23:00:00+00,Thu 07 Oct 2021,1211,2691,44,3584423,3508110,240276,3824699,3748386,81.2226489076977,79.6020392842755,385
-7.6926,53.28823,2021/10/07 23:00:00+00,Fri 08 Oct 2021,963,2778,48,3585386,3510888,240324,3825710,3751212,81.2441188581554,79.6620532110743,386
-7.6926,53.28823,2021/10/08 23:00:00+00,Sat 09 Oct 2021,732,2376,23,3586118,3513264,240347,3826465,3753611,81.2601523028592,79.7129992161663,387
-7.6926,53.28823,2021/10/09 23:00:00+00,Sun 10 Oct 2021,1501,3915,1,3587619,3517179,240348,3827967,3757527,81.2920493014621,79.7961607651202,388
-7.6926,53.28823,2021/10/10 23:00:00+00,Mon 11 Oct 2021,331,1121,19,3587950,3518300,240367,3828317,3758667,81.2994820241725,79.8203702048055,389
-7.6926,53.28823,2021/10/11 23:00:00+00,Tue 12 Oct 2021,558,1606,20,3588508,3519906,240387,3828895,3760293,81.3117566348199,79.8549005108829,390
-7.6926,53.28823,2021/10/12 23:00:00+00,Wed 13 Oct 2021,997,2068,11,3589505,3521974,240398,3829903,3762372,81.3331628762258,79.8990508837826,391
-7.6926,53.28823,2021/10/13 23:00:00+00,Thu 14 Oct 2021,681,1590,8,3590186,3523564,240406,3830592,3763970,81.34779472179,79.9329865720431,392
-7.6926,53.28823,2021/10/14 23:00:00+00,Fri 15 Oct 2021,950,2064,8,3591136,3525628,240414,3831550,3766042,81.3681391456659,79.9769882904886,393
-7.6926,53.28823,2021/10/15 23:00:00+00,Sat 16 Oct 2021,1368,2636,14,3592504,3528264,240428,3832932,3768692,81.3974877821966,80.0332646195816,394
-7.6926,53.28823,2021/10/16 23:00:00+00,Sun 17 Oct 2021,1700,2886,2,3594204,3531150,240430,3834634,3771580,81.4336320509197,80.0945952001176,395
-7.6926,53.28823,2021/10/17 23:00:00+00,Mon 18 Oct 2021,670,1238,6,3594874,3532388,240436,3835310,3772824,81.447987823926,80.1210132202653,396
-7.6926,53.28823,2021/10/18 23:00:00+00,Tue 19 Oct 2021,1333,1791,13,3596207,3534179,240449,3836656,3774628,81.4765719518351,80.1593235967497,397
-7.6926,53.28823,2021/10/19 23:00:00+00,Wed 20 Oct 2021,2251,2315,0,3598458,3536494,240449,3838907,3776943,81.5243749770382,80.2084857483913,398
-7.6926,53.28823,2021/10/20 23:00:00+00,Thu 21 Oct 2021,1739,1824,11,3600197,3538318,240460,3840657,3778778,81.5615385905901,80.2474544517443,399
-7.6926,53.28823,2021/10/21 23:00:00+00,Fri 22 Oct 2021,1497,1919,3,3601694,3540237,240463,3842157,3780700,81.5933931164918,80.2882707175996,400
-7.6926,53.28823,2021/10/22 23:00:00+00,Sat 23 Oct 2021,2007,1692,1,3603701,3541929,240464,3844165,3782393,81.6360357084988,80.3242238591673,401
-7.6926,53.28823,2021/10/23 23:00:00+00,Sun 24 Oct 2021,1948,2184,2,3605649,3544113,240466,3846115,3784579,81.677446592171,80.3706465215813,402
-7.6926,53.28823,2021/10/24 23:00:00+00,Mon 25 Oct 2021,1217,840,2,3606866,3544953,240468,3847334,3785421,81.7033337035537,80.3885275287875,403
-7.6926,53.28823,2021/10/25 23:00:00+00,Tue 26 Oct 2021,1237,1212,6,3608103,3546165,240474,3848577,3786639,81.7297304873509,80.4143934038196,404
-7.6926,53.28823,2021/10/26 23:00:00+00,Wed 27 Oct 2021,1554,1413,5,3609657,3547578,240479,3850136,3788057,81.762837957938,80.444506548972,405
-7.6926,53.28823,2021/10/27 23:00:00+00,Thu 28 Oct 2021,2149,1683,4,3611806,3549261,240483,3852289,3789744,81.8085598207822,80.480332272436,406
-7.6926,53.28823,2021/10/28 23:00:00+00,Fri 29 Oct 2021,2131,1354,1,3613937,3550615,240484,3854421,3791099,81.8538357202637,80.5091075275005,407
-7.6926,53.28823,2021/10/29 23:00:00+00,Sat 30 Oct 2021,2011,1444,0,3615948,3552059,240484,3856432,3792543,81.8965420213226,80.5397728177685,408
-7.6926,53.28823,2021/10/30 23:00:00+00,Sun 31 Oct 2021,1594,1317,0,3617542,3553376,240484,3858026,3793860,81.9303927641807,80.5677410915102,409
-7.6926,53.28823,2021/11/01 00:00:00+00,Mon 01 Nov 2021,265,270,3,3617807,3553646,240487,3858294,3794133,81.9360841061418,80.5735386152243,410
-7.6926,53.28823,2021/11/02 00:00:00+00,Tue 02 Nov 2021,1090,1081,9,3618897,3554727,240496,3859393,3795223,81.9594228554524,80.5966862373795,411
-7.6926,53.28823,2021/11/03 00:00:00+00,Wed 03 Nov 2021,2530,1856,6,3621427,3556583,240502,3861929,3797085,82.0132782405769,80.6362283221988,412
-7.6926,53.28823,2021/11/04 00:00:00+00,Thu 04 Nov 2021,1537,1263,1,3622964,3557846,240503,3863467,3798349,82.0459397478013,80.6630710693586,413
-7.6926,53.28823,2021/11/05 00:00:00+00,Fri 05 Nov 2021,1633,1078,3,3624597,3558924,240506,3865103,3799430,82.0806824173848,80.6860275643584,414
-7.6926,53.28823,2021/11/06 00:00:00+00,Sat 06 Nov 2021,1814,1343,5,3626411,3560267,240511,3866922,3800778,82.1193113391282,80.7146541649686,415
-7.6926,53.28823,2021/11/07 00:00:00+00,Sun 07 Nov 2021,693,770,0,3627104,3561037,240511,3867615,3801548,82.1340281300947,80.7310061549315,416
-7.6926,53.28823,2021/04/11 23:00:00+00,Mon 12 Apr 2021,7773,2795,13,796391,338784,230,796621,339014,16.9173228522033,7.19942016268319,417
-7.6926,53.28823,2021/04/12 23:00:00+00,Tue 13 Apr 2021,11508,8593,1,807899,347377,231,808130,347608,17.1617320112714,7.38192535974909,418
-7.6926,53.28823,2021/04/13 23:00:00+00,Wed 14 Apr 2021,20345,6596,2,828244,353973,233,828477,354206,17.5938280369521,7.52204280101518,419
-7.6926,53.28823,2021/04/14 23:00:00+00,Thu 15 Apr 2021,27125,10799,1,855369,364772,234,855603,365006,18.1698852833577,7.75139538750712,420
-7.6926,53.28823,2021/04/15 23:00:00+00,Fri 16 Apr 2021,27966,9832,1,883335,374604,235,883570,374839,18.7638023006188,7.96021242296779,421
-7.6926,53.28823,2021/04/16 23:00:00+00,Sat 17 Apr 2021,15848,4550,3,899183,379154,238,899421,379392,19.1004196939969,8.05690152725463,422
-7.6926,53.28823,2021/04/17 23:00:00+00,Sun 18 Apr 2021,1071,485,0,900254,379639,238,900492,379877,19.1231638254907,8.06720115729616,423
-7.6926,53.28823,2021/04/18 23:00:00+00,Mon 19 Apr 2021,6738,2253,0,906992,381892,238,907230,382130,19.266254355841,8.11504665520045,424
-7.6926,53.28823,2021/04/19 23:00:00+00,Tue 20 Apr 2021,15088,7310,1,922080,389202,239,922319,389441,19.586689650061,8.27030561444514,425
-7.6926,53.28823,2021/04/20 23:00:00+00,Wed 21 Apr 2021,26711,9875,4,948791,399077,243,949034,399320,20.1540187563696,8.48009952203346,426
-7.6926,53.28823,2021/04/21 23:00:00+00,Thu 22 Apr 2021,31618,12179,1,980409,411256,244,980653,411500,20.8254909260259,8.73875827235492,427
-7.6926,53.28823,2021/04/22 23:00:00+00,Fri 23 Apr 2021,33610,12350,3,1014019,423606,247,1014266,423853,21.5393083787809,9.00109091133038,428
-7.6926,53.28823,2021/04/23 23:00:00+00,Sat 24 Apr 2021,23700,6989,2,1037719,430595,249,1037968,430844,22.0426523607283,9.14955423838271,429
-7.6926,53.28823,2021/04/24 23:00:00+00,Sun 25 Apr 2021,9747,298,2,1047466,430893,251,1047717,431144,22.2496855427385,9.15592514356304,430
-7.6926,53.28823,2021/04/25 23:00:00+00,Mon 26 Apr 2021,15579,3050,3,1063045,433943,254,1063299,434197,22.5805903578049,9.22075972194821,431
-7.6926,53.28823,2021/04/26 23:00:00+00,Tue 27 Apr 2021,25910,7807,9,1088955,441750,263,1089218,442013,23.131015329035,9.38674303824645,432
-7.6926,53.28823,2021/04/27 23:00:00+00,Wed 28 Apr 2021,26029,8593,5,1114984,450343,268,1115252,450611,23.6838824805841,9.56933318071476,433
-7.6926,53.28823,2021/04/28 23:00:00+00,Thu 29 Apr 2021,31689,11331,6,1146673,461674,274,1146947,461948,24.3569686128862,9.81008968747949,434
-7.6926,53.28823,2021/04/29 23:00:00+00,Fri 30 Apr 2021,36116,13521,8,1182789,475195,282,1183071,475477,25.1241105420005,10.0973962747619,435
-7.6926,53.28823,2021/04/30 23:00:00+00,Sat 01 May 2021,16575,6681,18,1199364,481876,300,1199664,482176,25.4764853075247,10.2396585874387,436
-7.6926,53.28823,2021/05/01 23:00:00+00,Sun 02 May 2021,12452,909,15,1211816,482785,315,1212131,483100,25.7412388904686,10.2592809753941,437
-7.6926,53.28823,2021/05/02 23:00:00+00,Mon 03 May 2021,14255,920,21,1226071,483705,336,1226407,484041,26.04440903165,10.2792643813097,438
-7.6926,53.28823,2021/05/03 23:00:00+00,Tue 04 May 2021,26656,6785,10,1252727,490490,346,1253073,490836,26.6106975567791,10.4235653836442,439
-7.6926,53.28823,2021/05/04 23:00:00+00,Wed 05 May 2021,32098,13457,69,1284825,503947,415,1285240,504362,27.2938072465649,10.7108082618748,440
-7.6926,53.28823,2021/05/05 23:00:00+00,Thu 06 May 2021,37275,14376,132,1322100,518323,547,1322647,518870,28.0881954135004,11.0189052363956,441
-7.6926,53.28823,2021/05/06 23:00:00+00,Fri 07 May 2021,40596,15066,97,1362696,533389,644,1363340,534033,28.9523662285112,11.3409120205602,442
-7.6926,53.28823,2021/05/07 23:00:00+00,Sat 08 May 2021,25612,7039,10,1388308,540428,654,1388962,541082,29.4964840036127,11.4906070559474,443
-7.6926,53.28823,2021/05/08 23:00:00+00,Sun 09 May 2021,19667,921,5,1407975,541349,659,1408634,542008,29.9142454926377,11.510271916604,444
-7.6926,53.28823,2021/05/09 23:00:00+00,Mon 10 May 2021,28841,4640,173,1436816,545989,832,1437648,546821,30.5303969689782,11.6124824720471,445
-7.6926,53.28823,2021/05/10 23:00:00+00,Tue 11 May 2021,33917,14815,153,1470733,560804,985,1471718,561789,31.2539194339578,11.9303481678445,446
-7.6926,53.28823,2021/05/11 23:00:00+00,Wed 12 May 2021,31291,20928,171,1502024,581732,1156,1503180,582888,31.9220574965698,12.3784139291772,447
-7.6926,53.28823,2021/05/12 23:00:00+00,Thu 13 May 2021,35998,25474,152,1538022,607206,1308,1539330,608514,32.6897515707998,12.9226166496811,448
-7.6926,53.28823,2021/05/13 23:00:00+00,Fri 14 May 2021,38213,27943,236,1576235,635149,1544,1577779,636693,33.5062680150617,13.5210357732697,449
-7.6926,53.28823,2021/05/14 23:00:00+00,Sat 15 May 2021,28854,12443,22,1605089,647592,1566,1606655,649158,34.1194888750192,13.7857468835125,450
-7.6926,53.28823,2021/05/15 23:00:00+00,Sun 16 May 2021,23170,1170,9,1628259,648762,1575,1629834,650337,34.6117262456022,13.8107845408712,451
-7.6926,53.28823,2021/05/16 23:00:00+00,Mon 17 May 2021,35388,3942,115,1663647,652704,1690,1665337,654394,35.3656804009933,13.8969404152598,452
-7.6926,53.28823,2021/05/17 23:00:00+00,Tue 18 May 2021,39001,12488,125,1702648,665192,1815,1704463,667007,36.1965738546121,14.1647945053916,453
-7.6926,53.28823,2021/05/18 23:00:00+00,Wed 19 May 2021,37023,17585,207,1739671,682777,2022,1741693,684799,36.9872031874913,14.5426316552865,454
-7.6926,53.28823,2021/05/19 23:00:00+00,Thu 20 May 2021,39078,19637,136,1778749,702414,2158,1780907,704572,37.819965439963,14.9625380157221,455
-7.6926,53.28823,2021/05/20 23:00:00+00,Fri 21 May 2021,25842,23242,14933,1804591,725656,17091,1821682,742747,38.6858776357231,15.7732356999193,456
-7.6926,53.28823,2021/05/21 23:00:00+00,Sat 22 May 2021,16589,10241,13522,1821180,735897,30613,1851793,766510,39.325325388673,16.2778750992534,457
-7.6926,53.28823,2021/05/22 23:00:00+00,Sun 23 May 2021,8210,5523,10204,1829390,741420,40817,1870207,782237,39.7163715486418,16.611859185157,458
-7.6926,53.28823,2021/05/23 23:00:00+00,Mon 24 May 2021,22547,8211,8450,1851937,749631,49267,1901204,798898,40.3746347082242,16.965678022522,459
-7.6926,53.28823,2021/05/24 23:00:00+00,Tue 25 May 2021,30332,16481,3222,1882269,766112,52489,1934758,818601,41.0871992162937,17.3840978384156,460
-7.6926,53.28823,2021/05/25 23:00:00+00,Wed 26 May 2021,19965,25386,3049,1902234,791498,55538,1957772,847036,41.5759325890276,17.987953467758,461
-7.6926,53.28823,2021/05/26 23:00:00+00,Thu 27 May 2021,17004,36025,551,1919238,827523,56089,1975327,883612,41.94873672383,18.7646942273441,462
-7.6926,53.28823,2021/05/27 23:00:00+00,Fri 28 May 2021,27029,31814,1558,1946267,859337,57647,2003914,916984,42.5558202784638,19.4733937196041,463
-7.6926,53.28823,2021/05/28 23:00:00+00,Sat 29 May 2021,24464,7382,534,1970731,866719,58181,2028912,924900,43.0866865707902,19.6415006709625,464
-7.6926,53.28823,2021/05/29 23:00:00+00,Sun 30 May 2021,24240,1675,209,1994971,868394,58390,2053361,926784,43.6058941066366,19.681509955495,465
-7.6926,53.28823,2021/05/30 23:00:00+00,Mon 31 May 2021,22575,7324,3443,2017546,875718,61833,2079379,937551,44.1584214765762,19.9101617424171,466
-7.6926,53.28823,2021/05/31 23:00:00+00,Tue 01 Jun 2021,27541,11508,3653,2045087,887226,65486,2110573,952712,44.8208681972271,20.2321260538804,467
-7.6926,53.28823,2021/06/01 23:00:00+00,Wed 02 Jun 2021,18684,20890,4007,2063771,908116,69493,2133264,977609,45.3027422287168,20.7608474747962,468
-7.6926,53.28823,2021/06/02 23:00:00+00,Thu 03 Jun 2021,16676,30704,1976,2080447,938820,71469,2151916,1010289,45.6988426401286,21.4548514124403,469
-7.6926,53.28823,2021/06/03 23:00:00+00,Fri 04 Jun 2021,28998,23340,153,2109445,962160,71622,2181067,1033782,46.3179034965014,21.9537569971121,470
-7.6926,53.28823,2021/06/04 23:00:00+00,Sat 05 Jun 2021,20948,11486,33,2130393,973646,71655,2202048,1045301,46.7634633684632,22.1983785196862,471
-7.6926,53.28823,2021/06/05 23:00:00+00,Sun 06 Jun 2021,19931,3898,44,2150324,977544,71699,2222023,1049243,47.1876594717203,22.2820922137558,472
-7.6926,53.28823,2021/06/06 23:00:00+00,Mon 07 Jun 2021,19801,4580,45,2170125,982124,71744,2241869,1053868,47.6091160857498,22.3803103352859,473
-7.6926,53.28823,2021/06/07 23:00:00+00,Tue 08 Jun 2021,26390,18351,44,2196515,1000475,71788,2268303,1072263,48.1704777775395,22.7709530045932,474
-7.6926,53.28823,2021/06/08 23:00:00+00,Wed 09 Jun 2021,32784,20108,173,2229299,1020583,71961,2301260,1092544,48.8703641843001,23.2016474311342,475
-7.6926,53.28823,2021/06/09 23:00:00+00,Thu 10 Jun 2021,27674,27485,270,2256973,1048068,72231,2329204,1120299,49.4637927654974,23.7910623420679,476
-7.6926,53.28823,2021/06/10 23:00:00+00,Fri 11 Jun 2021,26420,32892,40,2283393,1080960,72271,2355664,1153231,50.0257066024026,24.4904178400635,477
-7.6926,53.28823,2021/06/11 23:00:00+00,Sat 12 Jun 2021,12199,19718,103,2295592,1100678,72374,2367966,1173052,50.2869561874974,24.911343545328,478
-7.6926,53.28823,2021/06/12 23:00:00+00,Sun 13 Jun 2021,8541,18165,831,2304133,1118843,73205,2377338,1192048,50.485983265331,25.3147492613466,479
-7.6926,53.28823,2021/06/13 23:00:00+00,Mon 14 Jun 2021,16009,31299,49,2320142,1150142,73254,2393396,1223396,50.8269965832836,25.9804663799901,480
-7.6926,53.28823,2021/06/14 23:00:00+00,Tue 15 Jun 2021,14684,41577,205,2334826,1191719,73459,2408285,1265178,51.1431846073834,26.8677635808055,481
-7.6926,53.28823,2021/06/15 23:00:00+00,Wed 16 Jun 2021,13457,48383,215,2348283,1240102,73674,2421957,1313776,51.4335279928017,27.899807747318,482
-7.6926,53.28823,2021/06/16 23:00:00+00,Thu 17 Jun 2021,21564,42669,535,2369847,1282771,74209,2444056,1356980,51.9028301047356,28.8173030386882,483
-7.6926,53.28823,2021/06/17 23:00:00+00,Fri 18 Jun 2021,12006,50038,553,2381853,1332809,74762,2456615,1407571,52.1695374319348,29.8916712519487,484
-7.6926,53.28823,2021/06/18 23:00:00+00,Sat 19 Jun 2021,6305,32794,432,2388158,1365603,75194,2463352,1440797,52.3126067259345,30.597270237021,485
-7.6926,53.28823,2021/06/19 23:00:00+00,Sun 20 Jun 2021,8507,26136,177,2396665,1391739,75371,2472036,1467110,52.4970231945545,31.1560623303879,486
-7.6926,53.28823,2021/06/20 23:00:00+00,Mon 21 Jun 2021,15460,32336,572,2412125,1424075,75943,2488068,1500018,52.8374843673914,31.8549081559691,487
-7.6926,53.28823,2021/06/21 23:00:00+00,Tue 22 Jun 2021,15128,43537,722,2427253,1467612,76665,2503918,1544277,53.1740805244189,32.7948077972234,488
-7.6926,53.28823,2021/06/22 23:00:00+00,Wed 23 Jun 2021,20074,39380,882,2447327,1506992,77547,2524874,1584539,53.6191094876157,33.6498257451251,489
-7.6926,53.28823,2021/06/23 23:00:00+00,Thu 24 Jun 2021,19011,44263,1031,2466338,1551255,78578,2544916,1629833,54.0447284263631,34.6117050092516,490
-7.6926,53.28823,2021/06/24 23:00:00+00,Fri 25 Jun 2021,15198,50116,842,2481536,1601371,79420,2560956,1680791,54.3853594900048,35.6938669631827,491
-7.6926,53.28823,2021/06/25 23:00:00+00,Sat 26 Jun 2021,9053,30542,509,2490589,1631913,79929,2570518,1711842,54.5884214744526,36.3532768856977,492
-7.6926,53.28823,2021/06/26 23:00:00+00,Sun 27 Jun 2021,8718,30471,58,2499307,1662384,79987,2579294,1742371,54.7747916873279,37.0016014331988,493
-7.6926,53.28823,2021/06/27 23:00:00+00,Mon 28 Jun 2021,24218,24630,522,2523525,1687014,80509,2604034,1767523,55.3001790011992,37.5357381235178,494
-7.6926,53.28823,2021/06/28 23:00:00+00,Tue 29 Jun 2021,28143,31016,808,2551668,1718030,81317,2632985,1799347,55.9149925874518,38.2115637450474,495
-7.6926,53.28823,2021/06/29 23:00:00+00,Wed 30 Jun 2021,22553,36854,588,2574221,1754884,81905,2656126,1836789,56.406422976712,39.006695184254,496
-7.6926,53.28823,2021/06/30 23:00:00+00,Thu 01 Jul 2021,14993,48310,639,2589214,1803194,82544,2671758,1885738,56.7383896093085,40.0461933098275,497
-7.6926,53.28823,2021/07/01 23:00:00+00,Fri 02 Jul 2021,13649,47253,815,2602863,1850447,83359,2686222,1933806,57.0455521844029,41.0669822105215,498
-7.6926,53.28823,2021/07/02 23:00:00+00,Sat 03 Jul 2021,9302,30463,505,2612165,1880910,83864,2696029,1964774,57.2538170747479,41.7246295159365,499
-7.6926,53.28823,2021/07/03 23:00:00+00,Sun 04 Jul 2021,6445,27773,232,2618610,1908683,84096,2702706,1992779,57.3956121877115,42.3193535145205,500
-7.6926,53.28823,2021/07/04 23:00:00+00,Mon 05 Jul 2021,15589,33442,5338,2634199,1942125,89434,2723633,2031559,57.8400252967408,43.1428991908313,501
-7.6926,53.28823,2021/07/05 23:00:00+00,Tue 06 Jul 2021,12402,48286,5483,2646601,1990411,94917,2741518,2085328,58.2198374272416,44.2847565263022,502
-7.6926,53.28823,2021/07/06 23:00:00+00,Wed 07 Jul 2021,19696,43748,5054,2666297,2034159,99971,2766268,2134130,58.745437104619,45.3211329083373,503
-7.6926,53.28823,2021/07/07 23:00:00+00,Thu 08 Jul 2021,17754,45579,5993,2684051,2079738,105964,2790015,2185702,59.2497367223434,46.4163339815375,504
-7.6926,53.28823,2021/07/08 23:00:00+00,Fri 09 Jul 2021,13510,45080,6528,2697561,2124818,112492,2810053,2237310,59.6752707156884,47.5122995633594,505
-7.6926,53.28823,2021/07/09 23:00:00+00,Sat 10 Jul 2021,8620,23859,4362,2706181,2148677,116854,2823035,2265531,59.9509610191919,48.1116106136732,506
-7.6926,53.28823,2021/07/10 23:00:00+00,Sun 11 Jul 2021,15223,16104,2153,2721404,2164781,119007,2840411,2283788,60.3199638472367,48.4993226665976,507
-7.6926,53.28823,2021/07/11 23:00:00+00,Mon 12 Jul 2021,17096,31742,6091,2738500,2196523,125098,2863598,2321621,60.8123711086246,49.3027575188892,508
-7.6926,53.28823,2021/07/12 23:00:00+00,Tue 13 Jul 2021,20096,36552,8485,2758596,2233075,133583,2892179,2366658,61.4193272451548,50.2591790409112,509
-7.6926,53.28823,2021/07/13 23:00:00+00,Wed 14 Jul 2021,20784,35688,9331,2779380,2268763,142914,2922294,2411677,62.0588599435071,51.2152183086224,510
-7.6926,53.28823,2021/07/14 23:00:00+00,Thu 15 Jul 2021,23617,28817,9581,2802997,2297580,152495,2955492,2450075,62.7638643107626,52.0306516990036,511
-7.6926,53.28823,2021/07/15 23:00:00+00,Fri 16 Jul 2021,23522,27406,9162,2826519,2324986,161657,2988176,2486643,63.4579531938091,52.8072225677848,512
-7.6926,53.28823,2021/07/16 23:00:00+00,Sat 17 Jul 2021,11488,19415,4676,2838007,2344401,166333,3004340,2510734,63.8012175649254,53.3188274901161,513
-7.6926,53.28823,2021/07/17 23:00:00+00,Sun 18 Jul 2021,16849,15806,1929,2854856,2360207,168262,3023118,2528469,64.1999937565129,53.6954541680267,514
-7.6926,53.28823,2021/07/18 23:00:00+00,Mon 19 Jul 2021,24873,18412,6248,2879729,2378619,174510,3054239,2553129,64.8608902235699,54.2191425738499,515
-7.6926,53.28823,2021/07/19 23:00:00+00,Tue 20 Jul 2021,30560,18161,7693,2910289,2396780,182203,3092492,2578983,65.673244343114,54.7681871822909,516
-7.6926,53.28823,2021/07/20 23:00:00+00,Wed 21 Jul 2021,30339,19827,6886,2940628,2416607,189089,3129717,2605696,66.4637674942402,55.3354738158983,517
-7.6926,53.28823,2021/07/21 23:00:00+00,Thu 22 Jul 2021,33520,15917,6932,2974148,2432524,196021,3170169,2628545,67.3228203487561,55.8207031907829,518
-7.6926,53.28823,2021/07/22 23:00:00+00,Fri 23 Jul 2021,27077,20815,5612,3001225,2453339,201633,3202858,2654972,68.0170154135556,56.3819162281183,519
-7.6926,53.28823,2021/07/23 23:00:00+00,Sat 24 Jul 2021,15423,14804,2271,3016648,2468143,203904,3220552,2672047,68.3927714010916,56.7445269146322,520
-7.6926,53.28823,2021/07/24 23:00:00+00,Sun 25 Jul 2021,14711,13638,1042,3031359,2481781,204946,3236305,2686727,68.7273076321108,57.0562765414564,521
