X,Y,VaccinationDate,VaccineText,Dose1,Dose2,SingleDose,Dose1Cum,Dose2Cum,SingleDoseCum,PartiallyVacc,FullyVacc,PartialPercent,FullyPercent,ObjectId
-7.6926,53.28823,2021/11/29 00:00:00+00,Mon 29 Nov 2021,553,976,1,3650390,3587381,239739,3890129,3827120,82.612143327528,81.274062112503,1
-7.6926,53.28823,2021/11/30 00:00:00+00,Tue 30 Nov 2021,1929,1620,6,3652319,3589001,239745,3892064,3828746,82.6532356659412,81.3085924185804,2
-7.6926,53.28823,2021/12/01 00:00:00+00,Wed 01 Dec 2021,1081,1352,1,3653400,3590353,239746,3893146,3830099,82.6762133972915,81.3373252009437,3
-7.6926,53.28823,2021/12/02 00:00:00+00,Thu 02 Dec 2021,1775,1398,0,3655175,3591751,239746,3894921,3831497,82.7139079196085,81.367013619084,4
-7.6926,53.28823,2021/12/03 00:00:00+00,Fri 03 Dec 2021,1044,1164,3,3656219,3592915,239749,3895968,3832664,82.7361423786879,81.3917964402355,5
-7.6926,53.28823,2021/12/04 00:00:00+00,Sat 04 Dec 2021,1201,1695,0,3657420,3594610,239749,3897169,3834359,82.7616472357598,81.4277920545044,6
-7.6926,53.28823,2021/12/05 00:00:00+00,Sun 05 Dec 2021,1348,1770,0,3658768,3596380,239749,3898517,3836129,82.7902738363701,81.4653803950683,7
-7.6926,53.28823,2021/12/06 00:00:00+00,Mon 06 Dec 2021,936,1276,0,3659704,3597656,239749,3899453,3837405,82.8101510605327,81.4924779784353,8
-7.6926,53.28823,2021/12/07 00:00:00+00,Tue 07 Dec 2021,485,730,1,3660189,3598386,239750,3899939,3838136,82.8204719269249,81.5080017507247,9
-7.6926,53.28823,2021/12/08 00:00:00+00,Wed 08 Dec 2021,812,1488,0,3661001,3599874,239750,3900751,3839624,82.837715843613,81.5396014404192,10
-7.6926,53.28823,2021/12/09 00:00:00+00,Thu 09 Dec 2021,796,1185,0,3661797,3601059,239750,3901547,3840809,82.8546199786914,81.5647665158815,11
-7.6926,53.28823,2021/12/10 00:00:00+00,Fri 10 Dec 2021,893,1591,1,3662690,3602650,239751,3902441,3842401,82.8736052761288,81.5985747860385,12
-7.6926,53.28823,2021/12/11 00:00:00+00,Sat 11 Dec 2021,636,835,0,3663326,3603485,239751,3903077,3843236,82.8871115951111,81.6163071387904,13
-7.6926,53.28823,2021/12/12 00:00:00+00,Sun 12 Dec 2021,690,1188,0,3664016,3604673,239751,3903767,3844424,82.9017646770259,81.6415359233045,14
-7.6926,53.28823,2021/12/13 00:00:00+00,Mon 13 Dec 2021,722,1045,0,3664738,3605718,239751,3904489,3845469,82.9170973221599,81.6637279096826,15
-7.6926,53.28823,2021/12/14 00:00:00+00,Tue 14 Dec 2021,631,1180,1,3665369,3606898,239752,3905121,3846650,82.9305186957398,81.6888080397426,16
-7.6926,53.28823,2021/12/15 00:00:00+00,Wed 15 Dec 2021,797,1228,1,3666166,3608126,239753,3905919,3847879,82.9474653035195,81.7149075146313,17
-7.6926,53.28823,2021/12/16 00:00:00+00,Thu 16 Dec 2021,1064,1516,7,3667230,3609642,239760,3906990,3849402,82.9702094350133,81.7472504765968,18
-7.6926,53.28823,2021/12/17 00:00:00+00,Fri 17 Dec 2021,1210,2432,1,3668440,3612074,239761,3908201,3851835,82.9959266555912,81.7989185176093,19
-7.6926,53.28823,2021/12/18 00:00:00+00,Sat 18 Dec 2021,1266,1168,0,3669706,3613242,239761,3909467,3853003,83.0228118754522,81.8237225751114,20
-7.6926,53.28823,2021/12/19 00:00:00+00,Sun 19 Dec 2021,558,877,0,3670264,3614119,239761,3910025,3853880,83.0346617590876,81.8423468545885,21
-7.6926,53.28823,2021/12/20 00:00:00+00,Mon 20 Dec 2021,541,590,0,3670805,3614709,239761,3910566,3854470,83.0461506247628,81.8548763014432,22
-7.6926,53.28823,2021/12/21 00:00:00+00,Tue 21 Dec 2021,1467,1774,3,3672272,3616483,239764,3912036,3856247,83.0773680601464,81.8926132964614,23
-7.6926,53.28823,2021/12/22 00:00:00+00,Wed 22 Dec 2021,1238,1548,2,3673510,3618031,239766,3913276,3857797,83.1037011348918,81.9255296398931,24
-7.6926,53.28823,2021/12/23 00:00:00+00,Thu 23 Dec 2021,965,1338,0,3674475,3619369,239766,3914241,3859135,83.1241942132219,81.9539438769974,25
-7.6926,53.28823,2021/12/24 00:00:00+00,Fri 24 Dec 2021,102,137,0,3674577,3619506,239766,3914343,3859272,83.1263603209832,81.9568532570297,26
-7.6926,53.28823,2021/12/25 00:00:00+00,Sat 25 Dec 2021,1,0,0,3674578,3619506,239766,3914344,3859272,83.1263815573338,81.9568532570297,27
-7.6926,53.28823,2021/12/26 00:00:00+00,Sun 26 Dec 2021,10,6,0,3674588,3619512,239766,3914354,3859278,83.1265939208398,81.9569806751333,28
-7.6926,53.28823,2021/12/27 00:00:00+00,Mon 27 Dec 2021,388,581,0,3674976,3620093,239766,3914742,3859859,83.134833624873,81.9693189948326,29
-7.6926,53.28823,2021/12/28 00:00:00+00,Tue 28 Dec 2021,468,736,0,3675444,3620829,239766,3915210,3860595,83.1447722369543,81.984948948875,30
-7.6926,53.28823,2021/12/29 00:00:00+00,Wed 29 Dec 2021,1086,1277,0,3676530,3622106,239766,3916296,3861872,83.1678349137072,82.0120677685926,31
-7.6926,53.28823,2021/12/30 00:00:00+00,Thu 30 Dec 2021,1072,1170,1,3677602,3623276,239767,3917369,3863043,83.1906215179021,82.0369355351465,32
-7.6926,53.28823,2021/12/31 00:00:00+00,Fri 31 Dec 2021,721,1666,0,3678323,3624942,239767,3918090,3864709,83.2059329266855,82.0723152952479,33
-7.6926,53.28823,2022/01/01 00:00:00+00,Sat 01 Jan 2022,66,95,0,3678389,3625037,239767,3918156,3864804,83.2073345258252,82.074332748555,34
-7.6926,53.28823,2022/01/02 00:00:00+00,Sun 02 Jan 2022,270,621,0,3678659,3625658,239767,3918426,3865425,83.2130683404875,82.0875205222783,35
-7.6926,53.28823,2022/01/03 00:00:00+00,Mon 03 Jan 2022,3631,714,0,3682290,3626372,239767,3922057,3866139,83.2901775295201,82.1026832766075,36
-7.6926,53.28823,2022/01/04 00:00:00+00,Tue 04 Jan 2022,1193,758,0,3683483,3627130,239767,3923250,3866897,83.3155124957872,82.1187804303631,37
-7.6926,53.28823,2022/01/05 00:00:00+00,Wed 05 Jan 2022,2143,878,0,3685626,3628008,239767,3925393,3867775,83.3610219951254,82.1374259461909,38
-7.6926,53.28823,2022/01/06 00:00:00+00,Thu 06 Jan 2022,2464,1660,0,3688090,3629668,239767,3927857,3869435,83.4133483630065,82.1726782881887,39
-7.6926,53.28823,2022/01/07 00:00:00+00,Fri 07 Jan 2022,4853,760,0,3692943,3630428,239767,3932710,3870195,83.5164083724737,82.1888179146456,40
-7.6926,53.28823,2022/01/08 00:00:00+00,Sat 08 Jan 2022,9789,730,1,3702732,3631158,239768,3942500,3870926,83.7243122448585,82.204341686935,41
-7.6926,53.28823,2022/01/09 00:00:00+00,Sun 09 Jan 2022,7115,664,0,3709847,3631822,239768,3949615,3871590,83.8754088793854,82.2184426237341,42
-7.6926,53.28823,2022/01/10 00:00:00+00,Mon 10 Jan 2022,6654,487,0,3716501,3632309,239768,3956269,3872077,84.0167155562851,82.2287847264769,43
-7.6926,53.28823,2022/01/11 00:00:00+00,Tue 11 Jan 2022,4769,1338,1,3721270,3633647,239769,3961039,3873416,84.1180129486524,82.2572201999318,44
-7.6926,53.28823,2022/01/12 00:00:00+00,Wed 12 Jan 2022,7555,884,1,3728825,3634531,239770,3968595,3874301,84.2784748137944,82.2760143702137,45
-7.6926,53.28823,2022/01/13 00:00:00+00,Thu 13 Jan 2022,7322,788,0,3736147,3635319,239770,3975917,3875089,84.4339673728957,82.2927486144874,46
-7.6926,53.28823,2022/01/14 00:00:00+00,Fri 14 Jan 2022,10728,813,0,3746875,3636132,239770,3986645,3875902,84.6617909421443,82.3100137675261,47
-7.6926,53.28823,2022/01/15 00:00:00+00,Sat 15 Jan 2022,8353,636,0,3755228,3636768,239770,3994998,3876538,84.8391781787154,82.3235200865084,48
-7.6926,53.28823,2022/01/16 00:00:00+00,Sun 16 Jan 2022,6966,1212,1,3762194,3637980,239771,4001965,3877751,84.9871318333533,82.3492797797875,49
-7.6926,53.28823,2022/01/17 00:00:00+00,Mon 17 Jan 2022,2561,543,0,3764755,3638523,239771,4004526,3878294,85.0415181272427,82.3608111181639,50
-7.6926,53.28823,2022/01/18 00:00:00+00,Tue 18 Jan 2022,4059,427,3,3768814,3638950,239774,4008588,3878724,85.1277801833844,82.3699427489224,51
-7.6926,53.28823,2022/01/19 00:00:00+00,Wed 19 Jan 2022,3480,606,0,3772294,3639556,239774,4012068,3879330,85.2016826834762,82.3828119773867,52
-7.6926,53.28823,2022/01/20 00:00:00+00,Thu 20 Jan 2022,3688,919,0,3775982,3640475,239774,4015756,3880249,85.2800023444931,82.4023281835891,53
-7.6926,53.28823,2022/01/21 00:00:00+00,Fri 21 Jan 2022,3250,960,0,3779232,3641435,239774,4019006,3881209,85.3490204839467,82.4227150801662,54
-7.6926,53.28823,2022/01/22 00:00:00+00,Sat 22 Jan 2022,4272,634,0,3783504,3642069,239774,4023278,3881843,85.4397421737146,82.4361789264473,55
-7.6926,53.28823,2022/01/23 00:00:00+00,Sun 23 Jan 2022,3092,677,0,3786596,3642746,239774,4026370,3882520,85.5054049697732,82.4505559358042,56
-7.6926,53.28823,2022/01/24 00:00:00+00,Mon 24 Jan 2022,645,455,0,3787241,3643201,239774,4027015,3882975,85.519102415911,82.4602184753277,57
-7.6926,53.28823,2022/01/25 00:00:00+00,Tue 25 Jan 2022,697,1824,0,3787938,3645025,239774,4027712,3884799,85.5339041522799,82.4989535788241,58
-7.6926,53.28823,2022/01/26 00:00:00+00,Wed 26 Jan 2022,699,879,0,3788637,3645904,239774,4028411,3885678,85.5487483613501,82.5176203310025,59
-7.6926,53.28823,2022/01/27 00:00:00+00,Thu 27 Jan 2022,1272,1153,0,3789909,3647057,239774,4029683,3886831,85.5757609993147,82.5421058432456,60
-7.6926,53.28823,2022/01/28 00:00:00+00,Fri 28 Jan 2022,1026,3078,0,3790935,3650135,239774,4030709,3889909,85.5975494950314,82.6074713303958,61
-7.6926,53.28823,2022/01/29 00:00:00+00,Sat 29 Jan 2022,2325,3441,0,3793260,3653576,239774,4033034,3893350,85.646924010179,82.6805456128142,62
-7.6926,53.28823,2022/01/30 00:00:00+00,Sun 30 Jan 2022,1634,7535,0,3794894,3661111,239774,4034668,3900885,85.6816242070612,82.8405615145935,63
-7.6926,53.28823,2022/01/31 00:00:00+00,Mon 31 Jan 2022,479,1377,1,3795373,3662488,239775,4035148,3902263,85.6918176553498,82.8698252057218,64
-7.6926,53.28823,2022/02/01 00:00:00+00,Tue 01 Feb 2022,749,3405,1,3796122,3665893,239776,4035898,3905669,85.7077449183006,82.9421562158692,65
-7.6926,53.28823,2022/02/02 00:00:00+00,Wed 02 Feb 2022,643,2982,0,3796765,3668875,239776,4036541,3908651,85.7213998917371,83.0054830133617,66
-7.6926,53.28823,2022/02/03 00:00:00+00,Thu 03 Feb 2022,909,2419,1,3797674,3671294,239777,4037451,3911071,85.7407249707841,83.0568749818164,67
-7.6926,53.28823,2022/02/04 00:00:00+00,Fri 04 Feb 2022,1169,6499,0,3798843,3677793,239777,4038620,3917570,85.7655502646368,83.194890024373,68
-7.6926,53.28823,2022/02/05 00:00:00+00,Sat 05 Feb 2022,1777,5744,0,3800620,3683537,239777,4040397,3923314,85.803287259655,83.3168716222257,69
-7.6926,53.28823,2022/02/06 00:00:00+00,Sun 06 Feb 2022,1408,7555,0,3802028,3691092,239777,4041805,3930869,85.8331880413013,83.4773122510171,70
-7.6926,53.28823,2022/02/07 00:00:00+00,Mon 07 Feb 2022,433,1343,0,3802461,3692435,239777,4042238,3932212,85.8423833811116,83.5058326698744,71
-7.6926,53.28823,2022/02/08 00:00:00+00,Tue 08 Feb 2022,898,1217,0,3803359,3693652,239777,4043136,3933429,85.8614536239514,83.5316773085559,72
-7.6926,53.28823,2022/02/09 00:00:00+00,Wed 09 Feb 2022,1332,1758,0,3804691,3695410,239777,4044468,3935187,85.889740442952,83.5690108129126,73
-7.6926,53.28823,2022/02/10 00:00:00+00,Thu 10 Feb 2022,687,2535,0,3805378,3697945,239777,4045155,3937722,85.904329815815,83.6228449616864,74
-7.6926,53.28823,2022/02/11 00:00:00+00,Fri 11 Feb 2022,556,4903,0,3805934,3702848,239777,4045711,3942625,85.9161372267492,83.7269667886837,75
-7.6926,53.28823,2022/02/12 00:00:00+00,Sat 12 Feb 2022,1396,5458,0,3807330,3708306,239777,4047107,3948083,85.9457831721884,83.8428747902645,76
-7.6926,53.28823,2022/02/13 00:00:00+00,Sun 13 Feb 2022,1567,4706,0,3808897,3713012,239777,4048674,3952789,85.9790605335803,83.9428130561933,77
-7.6926,53.28823,2022/02/14 00:00:00+00,Mon 14 Feb 2022,173,945,1,3809070,3713957,239778,4048848,3953735,85.9827556585849,83.9629026438619,78
-7.6926,53.28823,2022/02/15 00:00:00+00,Tue 15 Feb 2022,646,801,1,3809716,3714758,239779,4049495,3954537,85.9964955774238,83.979934197044,79
-7.6926,53.28823,2022/02/16 00:00:00+00,Wed 16 Feb 2022,791,1776,0,3810507,3716534,239779,4050286,3956313,86.0132935307493,84.0176499557116,80
-7.6926,53.28823,2022/02/17 00:00:00+00,Thu 17 Feb 2022,789,1179,2,3811296,3717713,239781,4051077,3957494,86.0300914840748,84.0427300857715,81
-7.6926,53.28823,2022/02/18 00:00:00+00,Fri 18 Feb 2022,793,3272,0,3812089,3720985,239781,4051870,3960766,86.0469319101014,84.1122154249383,82
-7.6926,53.28823,2022/02/19 00:00:00+00,Sat 19 Feb 2022,976,3545,0,3813065,3724530,239781,4052846,3964311,86.0676585882881,84.1874982878192,83
-7.6926,53.28823,2022/02/20 00:00:00+00,Sun 20 Feb 2022,1366,3587,0,3814431,3728117,239781,4054212,3967898,86.0966674432092,84.2636730774254,84
-7.6926,53.28823,2022/02/21 00:00:00+00,Mon 21 Feb 2022,251,989,1,3814682,3729106,239782,4054464,3968888,86.1020190035607,84.2846970645205,85
-7.6926,53.28823,2022/02/22 00:00:00+00,Tue 22 Feb 2022,473,961,0,3815155,3730067,239782,4054937,3969849,86.112063797395,84.3051051974482,86
-7.6926,53.28823,2022/02/23 00:00:00+00,Wed 23 Feb 2022,822,1260,1,3815977,3731327,239783,4055760,3971110,86.1295413139397,84.3318842355562,87
-7.6926,53.28823,2022/02/24 00:00:00+00,Thu 24 Feb 2022,658,1211,0,3816635,3732538,239783,4056418,3972321,86.1435148326353,84.3576014561341,88
-7.6926,53.28823,2022/02/25 00:00:00+00,Fri 25 Feb 2022,688,1212,0,3817323,3733750,239783,4057106,3973533,86.1581254418488,84.3833399130626,89
-7.6926,53.28823,2022/02/26 00:00:00+00,Sat 26 Feb 2022,956,2084,0,3818279,3735834,239783,4058062,3975617,86.1784273930235,84.4275964677153,90
-7.6926,53.28823,2022/02/27 00:00:00+00,Sun 27 Feb 2022,670,1780,0,3818949,3737614,239783,4058732,3977397,86.1926557479262,84.4653971717853,91
-7.6926,53.28823,2022/02/28 00:00:00+00,Mon 28 Feb 2022,82,422,0,3819031,3738036,239783,4058814,3977819,86.1943971286755,84.474358911739,92
-7.6926,53.28823,2022/03/01 00:00:00+00,Tue 01 Mar 2022,122,929,0,3819153,3738965,239783,4058936,3978748,86.1969879634488,84.4940874814474,93
-7.6926,53.28823,2022/03/02 00:00:00+00,Wed 02 Mar 2022,199,984,2,3819352,3739949,239785,4059137,3979734,86.2012564699197,84.5150265231401,94
-7.6926,53.28823,2022/03/03 00:00:00+00,Thu 03 Mar 2022,266,1263,0,3819618,3741212,239785,4059403,3980997,86.2069053391796,84.5418480339493,95
-7.6926,53.28823,2022/03/04 00:00:00+00,Fri 04 Mar 2022,725,1483,2,3820343,3742695,239787,4060130,3982482,86.2223441660666,84.5733840145919,96
-7.6926,53.28823,2022/03/05 00:00:00+00,Sat 05 Mar 2022,961,3331,0,3821304,3746026,239787,4061091,3985813,86.2427522989942,84.6441222984442,97
-7.6926,53.28823,2022/03/06 00:00:00+00,Sun 06 Mar 2022,455,1915,0,3821759,3747941,239787,4061546,3987728,86.2524148385177,84.6847899098453,98
-7.6926,53.28823,2022/03/07 00:00:00+00,Mon 07 Mar 2022,112,105,0,3821871,3748046,239787,4061658,3987833,86.254793309785,84.6870197266584,99
-7.6926,53.28823,2022/03/08 00:00:00+00,Tue 08 Mar 2022,117,477,0,3821988,3748523,239787,4061775,3988310,86.2572779628054,84.6971494658952,100
-7.6926,53.28823,2022/03/09 00:00:00+00,Wed 09 Mar 2022,114,316,0,3822102,3748839,239787,4061889,3988626,86.2596989067739,84.7038601526851,101
-7.6926,53.28823,2022/03/10 00:00:00+00,Thu 10 Mar 2022,252,494,0,3822354,3749333,239787,4062141,3989120,86.2650504671254,84.7143509098821,102
-7.6926,53.28823,2022/03/11 00:00:00+00,Fri 11 Mar 2022,492,2149,0,3822846,3751482,239787,4062633,3991269,86.2754987516211,84.7599878273238,103
-7.6926,53.28823,2022/03/12 00:00:00+00,Sat 12 Mar 2022,474,2376,2,3823320,3753858,239789,4063109,3993647,86.2856072545073,84.8104878690533,104
-7.6926,53.28823,2022/03/13 00:00:00+00,Sun 13 Mar 2022,363,1077,0,3823683,3754935,239789,4063472,3994724,86.2933160497755,84.8333594186507,105
-7.6926,53.28823,2022/03/14 00:00:00+00,Mon 14 Mar 2022,99,105,0,3823782,3755040,239789,4063571,3994829,86.295418448485,84.8355892354638,106
-7.6926,53.28823,2022/03/15 00:00:00+00,Tue 15 Mar 2022,214,737,0,3823996,3755777,239789,4063785,3995566,86.2999630275136,84.8512404258568,107
-7.6926,53.28823,2022/03/16 00:00:00+00,Wed 16 Mar 2022,183,771,1,3824179,3756548,239790,4063969,3996338,86.3038705160242,84.8676348885208,108
-7.6926,53.28823,2022/03/17 00:00:00+00,Thu 17 Mar 2022,1,0,0,3824180,3756548,239790,4063970,3996338,86.3038917523748,84.8676348885208,109
-7.6926,53.28823,2022/03/18 00:00:00+00,Fri 18 Mar 2022,1,6,0,3824181,3756554,239790,4063971,3996344,86.3039129887254,84.8677623066245,110
-7.6926,53.28823,2022/03/19 00:00:00+00,Sat 19 Mar 2022,737,2761,0,3824918,3759315,239790,4064708,3999105,86.3195641791184,84.9263958706341,111
-7.6926,53.28823,2022/03/20 00:00:00+00,Sun 20 Mar 2022,387,1390,0,3825305,3760705,239790,4065095,4000495,86.3277826468011,84.9559143979696,112
-7.6926,53.28823,2021/08/08 23:00:00+00,Mon 09 Aug 2021,5503,22935,597,3264733,2774656,227769,3492502,3002425,74.1679969470622,63.7605499535242,113
-7.6926,53.28823,2021/08/09 23:00:00+00,Tue 10 Aug 2021,9292,25911,706,3274025,2800567,228475,3502500,3029042,74.3803179803721,64.3257978974739,114
-7.6926,53.28823,2021/08/10 23:00:00+00,Wed 11 Aug 2021,6968,31140,652,3280993,2831707,229127,3510120,3060834,74.5421389719525,65.0009439557842,115
-7.6926,53.28823,2021/08/11 23:00:00+00,Thu 12 Aug 2021,6722,38207,857,3287715,2869914,229984,3517699,3099898,74.7030892731583,65.8305207556658,116
-7.6926,53.28823,2021/08/12 23:00:00+00,Fri 13 Aug 2021,10874,28158,860,3298589,2898072,230844,3529433,3128916,74.9522766111117,66.4467571774087,117
-7.6926,53.28823,2021/08/13 23:00:00+00,Sat 14 Aug 2021,18094,5796,276,3316683,2903868,231120,3547803,3134988,75.342388371654,66.5757042982586,118
-7.6926,53.28823,2021/08/14 23:00:00+00,Sun 15 Aug 2021,16976,3690,46,3333659,2907558,231166,3564825,3138724,75.703873531586,66.6550433041043,119
-7.6926,53.28823,2021/08/15 23:00:00+00,Mon 16 Aug 2021,10149,23065,379,3343808,2930623,231545,3575353,3162168,75.9274498307144,67.1529083075966,120
-7.6926,53.28823,2021/08/16 23:00:00+00,Tue 17 Aug 2021,12853,26803,522,3356661,2957426,232067,3588728,3189493,76.2114860200042,67.7331915877719,121
-7.6926,53.28823,2021/08/17 23:00:00+00,Wed 18 Aug 2021,15188,25711,654,3371849,2983137,232721,3604570,3215858,76.5479122862269,68.29308797137,122
-7.6926,53.28823,2021/08/18 23:00:00+00,Thu 19 Aug 2021,11336,25627,537,3383185,3008764,233258,3616443,3242022,76.8000514769139,68.8487158484973,123
-7.6926,53.28823,2021/08/19 23:00:00+00,Fri 20 Aug 2021,14813,22174,683,3397998,3030938,233941,3631939,3264879,77.1291299658286,69.3341151141868,124
-7.6926,53.28823,2021/08/20 23:00:00+00,Sat 21 Aug 2021,11847,7922,240,3409845,3038860,234181,3644026,3273041,77.3858137355441,69.507446207793,125
-7.6926,53.28823,2021/08/21 23:00:00+00,Sun 22 Aug 2021,7993,12216,160,3417838,3051076,234341,3652179,3285417,77.558953701995,69.7702672828323,126
-7.6926,53.28823,2021/08/22 23:00:00+00,Mon 23 Aug 2021,10839,15312,284,3428677,3066388,234625,3663302,3301013,77.7951656297311,70.1014694068071,127
-7.6926,53.28823,2021/08/23 23:00:00+00,Tue 24 Aug 2021,9724,22865,382,3438401,3089253,235007,3673408,3324260,78.0097801889058,70.595150849231,128
-7.6926,53.28823,2021/08/24 23:00:00+00,Wed 25 Aug 2021,9394,19454,310,3447795,3108707,235317,3683112,3344024,78.215857735139,71.0148660825113,129
-7.6926,53.28823,2021/08/25 23:00:00+00,Thu 26 Aug 2021,8554,19369,363,3456349,3128076,235680,3692029,3363756,78.405222273449,71.4339017525723,130
-7.6926,53.28823,2021/08/26 23:00:00+00,Fri 27 Aug 2021,9695,19143,430,3466044,3147219,236110,3702154,3383329,78.6202403232852,71.8495608428878,131
-7.6926,53.28823,2021/08/27 23:00:00+00,Sat 28 Aug 2021,9906,7865,152,3475950,3155084,236262,3712212,3391346,78.8338355376311,72.0198126656568,132
-7.6926,53.28823,2021/08/28 23:00:00+00,Sun 29 Aug 2021,8789,9164,28,3484739,3164248,236290,3721029,3400538,79.0210764408811,72.2150172003822,133
-7.6926,53.28823,2021/08/29 23:00:00+00,Mon 30 Aug 2021,5038,11062,80,3489777,3175310,236370,3726147,3411680,79.1297640832575,72.4516326187797,134
-7.6926,53.28823,2021/08/30 23:00:00+00,Tue 31 Aug 2021,4045,12814,140,3493822,3188124,236510,3730332,3424634,79.2186382105232,72.7267283044664,135
-7.6926,53.28823,2021/08/31 23:00:00+00,Wed 01 Sep 2021,4922,12485,179,3498744,3200609,236689,3735433,3437298,79.3269648349394,72.9956654484788,136
-7.6926,53.28823,2021/09/01 23:00:00+00,Thu 02 Sep 2021,4993,12313,246,3503737,3212922,236935,3740672,3449857,79.4382220757386,73.2623727756781,137
-7.6926,53.28823,2021/09/02 23:00:00+00,Fri 03 Sep 2021,4749,16012,163,3508486,3228934,237098,3745584,3466032,79.5425350298912,73.605870746651,138
-7.6926,53.28823,2021/09/03 23:00:00+00,Sat 04 Sep 2021,4615,10544,132,3513101,3239478,237230,3750331,3476708,79.6433439861947,73.8325900256684,139
-7.6926,53.28823,2021/09/04 23:00:00+00,Sun 05 Sep 2021,5303,11877,1,3518404,3251355,237231,3755635,3488586,79.7559815897829,74.0848353981083,140
-7.6926,53.28823,2021/09/05 23:00:00+00,Mon 06 Sep 2021,2135,9641,74,3520539,3260996,237305,3757844,3498301,79.8028926882608,74.2911465441981,141
-7.6926,53.28823,2021/09/06 23:00:00+00,Tue 07 Sep 2021,3019,9964,153,3523558,3270960,237458,3761016,3508418,79.8702543923675,74.5059947032294,142
-7.6926,53.28823,2020/12/28 00:00:00+00,Mon 28 Dec 2020,195,20,0,195,20,0,195,20,0.00414108836721558,0.00042472701202211,143
-7.6926,53.28823,2021/09/07 23:00:00+00,Wed 08 Sep 2021,2587,14767,185,3526145,3285727,237643,3763788,3523370,79.9291215562338,74.8235206174172,144
-7.6926,53.28823,2021/09/08 23:00:00+00,Thu 09 Sep 2021,3104,14760,137,3529249,3300487,237780,3767029,3538267,79.9979485685319,75.1398785323218,145
-7.6926,53.28823,2021/09/09 23:00:00+00,Fri 10 Sep 2021,3362,13914,115,3532611,3314401,237895,3770506,3552296,80.071787359572,75.4378032949047,146
-7.6926,53.28823,2021/09/10 23:00:00+00,Sat 11 Sep 2021,2547,11298,62,3535158,3325699,237957,3773115,3563656,80.1271929982903,75.6790482377333,147
-7.6926,53.28823,2021/09/11 23:00:00+00,Sun 12 Sep 2021,2030,12864,1,3537188,3338563,237958,3775146,3576521,80.1703240263611,75.9522538882165,148
-7.6926,53.28823,2021/09/12 23:00:00+00,Mon 13 Sep 2021,1597,7704,50,3538785,3346267,238008,3776793,3584275,80.2053002958011,76.1169205507775,149
-7.6926,53.28823,2021/09/13 23:00:00+00,Tue 14 Sep 2021,1535,10750,81,3540320,3357017,238089,3778409,3595106,80.2396182383725,76.3469314641381,150
-7.6926,53.28823,2021/09/14 23:00:00+00,Wed 15 Sep 2021,3266,12371,136,3543586,3369388,238225,3781811,3607613,80.3118643031175,76.6125345011061,151
-7.6926,53.28823,2021/09/15 23:00:00+00,Thu 16 Sep 2021,1894,10570,113,3545480,3379958,238338,3783818,3618296,80.3544856587739,76.8394024345777,152
-7.6926,53.28823,2021/09/16 23:00:00+00,Fri 17 Sep 2021,2554,14585,92,3548034,3394543,238430,3786464,3632973,80.4106770424644,77.1510883523501,153
-7.6926,53.28823,2021/09/17 23:00:00+00,Sat 18 Sep 2021,2277,11210,43,3550311,3405753,238473,3788784,3644226,80.459945375859,77.3900610056644,154
-7.6926,53.28823,2021/09/18 23:00:00+00,Sun 19 Sep 2021,1856,8483,13,3552167,3414236,238486,3790653,3652722,80.4996361151324,77.5704850403714,155
-7.6926,53.28823,2021/09/19 23:00:00+00,Mon 20 Sep 2021,945,5594,33,3553112,3419830,238519,3791631,3658349,80.5204052660203,77.6899819852038,156
-7.6926,53.28823,2021/09/20 23:00:00+00,Tue 21 Sep 2021,1458,6645,90,3554570,3426475,238609,3793179,3665084,80.5532791367508,77.8330088065022,157
-7.6926,53.28823,2021/09/21 23:00:00+00,Wed 22 Sep 2021,1889,8119,96,3556459,3434594,238705,3795164,3673299,80.595433292694,78.0074654266903,158
-7.6926,53.28823,2021/09/22 23:00:00+00,Thu 23 Sep 2021,1689,8739,88,3558148,3443333,238793,3796941,3682126,80.6331702877122,78.1949186934463,159
-7.6926,53.28823,2021/09/23 23:00:00+00,Fri 24 Sep 2021,1904,7366,79,3560052,3450699,238872,3798924,3689571,80.6752819709542,78.3530233236715,160
-7.6926,53.28823,2021/09/24 23:00:00+00,Sat 25 Sep 2021,2410,6571,51,3562462,3457270,238923,3801385,3696193,80.7275446297835,78.493650437352,161
-7.6926,53.28823,2021/09/25 23:00:00+00,Sun 26 Sep 2021,1537,7089,0,3563999,3464359,238923,3802922,3703282,80.7601849006574,78.6441949267633,162
-7.6926,53.28823,2021/09/26 23:00:00+00,Mon 27 Sep 2021,1168,3773,45,3565167,3468132,238968,3804135,3707100,80.7859445939365,78.7252753133583,163
-7.6926,53.28823,2021/09/27 23:00:00+00,Tue 28 Sep 2021,1440,5103,91,3566607,3473235,239059,3805666,3712294,80.8184574467068,78.8355769183804,164
-7.6926,53.28823,2021/09/28 23:00:00+00,Wed 29 Sep 2021,1643,3593,77,3568250,3476828,239136,3807386,3715964,80.8549839697407,78.9135143250865,165
-7.6926,53.28823,2021/09/29 23:00:00+00,Thu 30 Sep 2021,1279,3933,77,3569529,3480761,239213,3808742,3719974,80.8837804611559,78.9986720909969,166
-7.6926,53.28823,2021/09/30 23:00:00+00,Fri 01 Oct 2021,1834,5144,41,3571363,3485905,239254,3810617,3725159,80.9235986185329,79.1087825688636,167
-7.6926,53.28823,2021/10/01 23:00:00+00,Sat 02 Oct 2021,1705,4070,40,3573068,3489975,239294,3812362,3729269,80.9606560503318,79.1960639698342,168
-7.6926,53.28823,2021/10/02 23:00:00+00,Sun 03 Oct 2021,1194,3004,9,3574262,3492979,239303,3813565,3732282,80.986203380105,79.2600490941953,169
-7.6926,53.28823,2021/10/03 23:00:00+00,Mon 04 Oct 2021,334,1212,17,3574596,3494191,239320,3813916,3733511,80.993657339166,79.2861485690841,170
-7.6926,53.28823,2021/10/04 23:00:00+00,Tue 05 Oct 2021,958,2803,69,3575554,3496994,239389,3814943,3736383,81.0154670712333,79.3471393680105,171
-7.6926,53.28823,2021/10/05 23:00:00+00,Wed 06 Oct 2021,970,2539,35,3576524,3499533,239424,3815948,3738957,81.0368096035874,79.4018017344577,172
-7.6926,53.28823,2021/10/06 23:00:00+00,Thu 07 Oct 2021,1200,2669,44,3577724,3502202,239468,3817192,3741670,81.0632276237352,79.4594159536385,173
-7.6926,53.28823,2021/10/07 23:00:00+00,Fri 08 Oct 2021,974,2762,45,3578698,3504964,239513,3818211,3744477,81.0848674649977,79.5190263897758,174
-7.6926,53.28823,2021/10/08 23:00:00+00,Sat 09 Oct 2021,728,2355,23,3579426,3507319,239536,3818962,3746855,81.1008159642991,79.5695264315052,175
-7.6926,53.28823,2021/10/09 23:00:00+00,Sun 10 Oct 2021,1499,3904,1,3580925,3511223,239537,3820462,3750760,81.1326704902008,79.6524543806025,176
-7.6926,53.28823,2021/10/10 23:00:00+00,Mon 11 Oct 2021,330,1097,15,3581255,3512320,239552,3820807,3751872,81.1399970311582,79.676069202471,177
-7.6926,53.28823,2021/10/11 23:00:00+00,Tue 12 Oct 2021,562,1586,20,3581817,3513906,239572,3821389,3753478,81.152356587208,79.7101747815364,178
-7.6926,53.28823,2021/10/12 23:00:00+00,Wed 13 Oct 2021,1019,2028,9,3582836,3515934,239581,3822417,3755515,81.174187555626,79.7534332277108,179
-7.6926,53.28823,2021/10/13 23:00:00+00,Thu 14 Oct 2021,689,1561,7,3583525,3517495,239588,3823113,3757083,81.1889680556443,79.7867318254533,180
-7.6926,53.28823,2021/10/14 23:00:00+00,Fri 15 Oct 2021,953,2044,7,3584478,3519539,239595,3824073,3759134,81.2093549522214,79.8302875805362,181
-7.6926,53.28823,2021/10/15 23:00:00+00,Sat 16 Oct 2021,1373,2615,13,3585851,3522154,239608,3825459,3761762,81.2387885341545,79.8860967099159,182
-7.6926,53.28823,2021/10/16 23:00:00+00,Sun 17 Oct 2021,1697,2882,2,3587548,3525036,239610,3827158,3764646,81.2748690938258,79.9473423450495,183
-7.6926,53.28823,2021/10/17 23:00:00+00,Mon 18 Oct 2021,667,1213,4,3588215,3526249,239614,3827829,3765863,81.2891186850792,79.9731869837311,184
-7.6926,53.28823,2021/10/18 23:00:00+00,Tue 19 Oct 2021,1330,1768,12,3589545,3528017,239626,3829171,3767643,81.3176178675858,80.010987687801,185
-7.6926,53.28823,2021/10/19 23:00:00+00,Wed 20 Oct 2021,2244,2287,0,3591789,3530304,239626,3831415,3769930,81.3652722383347,80.0595552216257,186
-7.6926,53.28823,2021/10/20 23:00:00+00,Thu 21 Oct 2021,1749,1799,10,3593538,3532103,239636,3833174,3771739,81.4026269790421,80.0979717798631,187
-7.6926,53.28823,2021/10/21 23:00:00+00,Fri 22 Oct 2021,1491,1899,2,3595029,3534002,239638,3834667,3773640,81.4343328504895,80.1383420823558,188
-7.6926,53.28823,2021/10/22 23:00:00+00,Sat 23 Oct 2021,2008,1674,1,3597037,3535676,239639,3836676,3775315,81.4769966788471,80.1739129696127,189
-7.6926,53.28823,2021/10/23 23:00:00+00,Sun 24 Oct 2021,1943,2178,2,3598980,3537854,239641,3838621,3777495,81.5183013807663,80.2202082139231,190
-7.6926,53.28823,2021/10/24 23:00:00+00,Mon 25 Oct 2021,1215,823,2,3600195,3538677,239643,3839838,3778320,81.5441460194478,80.237728203169,191
-7.6926,53.28823,2021/10/25 23:00:00+00,Tue 26 Oct 2021,1235,1191,6,3601430,3539868,239649,3841079,3779517,81.5705003305438,80.2631481148385,192
-7.6926,53.28823,2021/10/26 23:00:00+00,Wed 27 Oct 2021,1549,1397,5,3602979,3541265,239654,3842633,3780919,81.6035016193779,80.2929214783813,193
-7.6926,53.28823,2021/10/27 23:00:00+00,Thu 28 Oct 2021,2145,1665,3,3605124,3542930,239657,3844781,3782587,81.6491173004691,80.3283437111839,194
-7.6926,53.28823,2021/10/28 23:00:00+00,Fri 29 Oct 2021,2131,1339,0,3607255,3544269,239657,3846912,3783926,81.6943719636,80.3567791846388,195
-7.6926,53.28823,2021/10/29 23:00:00+00,Sat 30 Oct 2021,2008,1431,0,3609263,3545700,239657,3848920,3785357,81.7370145556071,80.387168402349,196
-7.6926,53.28823,2021/10/30 23:00:00+00,Sun 31 Oct 2021,1624,1314,0,3610887,3547014,239657,3850544,3786671,81.7715023889833,80.4150729670389,197
-7.6926,53.28823,2021/11/01 00:00:00+00,Mon 01 Nov 2021,260,259,1,3611147,3547273,239658,3850805,3786931,81.7770450764902,80.4205944181951,198
-7.6926,53.28823,2021/11/02 00:00:00+00,Tue 02 Nov 2021,1087,1073,9,3612234,3548346,239667,3851901,3788013,81.800320116749,80.4435721495455,199
-7.6926,53.28823,2021/11/03 00:00:00+00,Wed 03 Nov 2021,2533,1836,5,3614767,3550182,239672,3854439,3789854,81.8542179745746,80.4826682710022,200
-7.6926,53.28823,2021/11/04 00:00:00+00,Thu 04 Nov 2021,1542,1250,1,3616309,3551432,239673,3855982,3791105,81.8869856635521,80.5092349456041,201
-7.6926,53.28823,2021/11/05 00:00:00+00,Fri 05 Nov 2021,1627,1060,2,3617936,3552492,239675,3857611,3792167,81.9215796786813,80.5317879499425,202
-7.6926,53.28823,2021/11/06 00:00:00+00,Sat 06 Nov 2021,1818,1337,5,3619754,3553829,239680,3859434,3793509,81.9602935458271,80.5602871324492,203
-7.6926,53.28823,2021/11/07 00:00:00+00,Sun 07 Nov 2021,725,765,0,3620479,3554594,239680,3860159,3794274,81.9756899000129,80.576532940659,204
-7.6926,53.28823,2021/11/08 00:00:00+00,Mon 08 Nov 2021,513,513,2,3620992,3555107,239682,3860674,3794789,81.9866266205725,80.5874696612186,205
-7.6926,53.28823,2021/11/09 00:00:00+00,Tue 09 Nov 2021,1374,1037,1,3622366,3556144,239683,3862049,3795827,82.015826602649,80.6095129931426,206
-7.6926,53.28823,2021/11/10 00:00:00+00,Wed 10 Nov 2021,1624,1323,0,3623990,3557467,239683,3863673,3797150,82.0503144360252,80.6376086849878,207
-7.6926,53.28823,2021/11/11 00:00:00+00,Thu 11 Nov 2021,1397,1084,1,3625387,3558551,239684,3865071,3798235,82.0800028541655,80.66065012539,208
-7.6926,53.28823,2021/11/12 00:00:00+00,Fri 12 Nov 2021,1152,1116,5,3626539,3559667,239689,3866228,3799356,82.104573311811,80.6844560744139,209
-7.6926,53.28823,2021/11/13 00:00:00+00,Sat 13 Nov 2021,1411,1358,0,3627950,3561025,239689,3867639,3800714,82.1345378025092,80.7132950385302,210
-7.6926,53.28823,2021/11/14 00:00:00+00,Sun 14 Nov 2021,1648,1800,0,3629598,3562825,239689,3869287,3802514,82.1695353082998,80.7515204696122,211
-7.6926,53.28823,2021/11/15 00:00:00+00,Mon 15 Nov 2021,1245,568,0,3630843,3563393,239689,3870532,3803082,82.1959745647982,80.7635827167536,212
-7.6926,53.28823,2021/11/16 00:00:00+00,Tue 16 Nov 2021,1319,1049,5,3632162,3564442,239694,3871856,3804136,82.224091492994,80.7859658302872,213
-7.6926,53.28823,2021/11/17 00:00:00+00,Wed 17 Nov 2021,1518,1088,0,3633680,3565530,239694,3873374,3805224,82.2563282732065,80.8090709797412,214
-7.6926,53.28823,2021/11/18 00:00:00+00,Thu 18 Nov 2021,1665,2473,5,3635345,3568003,239699,3875044,3807702,82.2917929787103,80.8616946565307,215
-7.6926,53.28823,2021/11/19 00:00:00+00,Fri 19 Nov 2021,1183,1525,0,3636528,3569528,239699,3876227,3809227,82.3169155814714,80.8940800911974,216
-7.6926,53.28823,2021/11/20 00:00:00+00,Sat 20 Nov 2021,1540,2922,11,3638068,3572450,239710,3877778,3812160,82.3498531612538,80.9563663075104,217
-7.6926,53.28823,2021/11/21 00:00:00+00,Sun 21 Nov 2021,1788,2752,0,3639856,3575202,239710,3879566,3814912,82.3878237561285,81.0148087443647,218
-7.6926,53.28823,2021/11/22 00:00:00+00,Mon 22 Nov 2021,710,490,2,3640566,3575692,239712,3880278,3815404,82.4029440377565,81.0252570288604,219
-7.6926,53.28823,2021/11/23 00:00:00+00,Tue 23 Nov 2021,2162,1556,6,3642728,3577248,239718,3882446,3816966,82.4489844458597,81.0584282084994,220
-7.6926,53.28823,2021/11/24 00:00:00+00,Wed 24 Nov 2021,1626,3119,2,3644354,3580367,239720,3884074,3820087,82.4835572246383,81.1247068587254,221
-7.6926,53.28823,2021/11/25 00:00:00+00,Thu 25 Nov 2021,1001,1160,1,3645355,3581527,239721,3885076,3821248,82.5048360479406,81.1493622617733,222
-7.6926,53.28823,2021/11/26 00:00:00+00,Fri 26 Nov 2021,1290,1076,12,3646645,3582603,239733,3886378,3822336,82.5324857764233,81.1724674112273,223
-7.6926,53.28823,2021/11/27 00:00:00+00,Sat 27 Nov 2021,1226,1551,5,3647871,3584154,239738,3887609,3823892,82.5586277240132,81.2055111727626,224
-7.6926,53.28823,2021/11/28 00:00:00+00,Sun 28 Nov 2021,1966,2251,0,3649837,3586405,239738,3889575,3826143,82.600378389295,81.2533141979657,225
-7.6926,53.28823,2020/12/29 00:00:00+00,Tue 29 Dec 2020,74,2,0,269,22,0,269,22,0.00571257831169739,0.000467199713224322,226
-7.6926,53.28823,2020/12/30 00:00:00+00,Wed 30 Dec 2020,1055,1,0,1324,23,0,1324,23,0.0281169281958637,0.000488436063825427,227
-7.6926,53.28823,2020/12/31 00:00:00+00,Thu 31 Dec 2020,1031,1,0,2355,24,0,2355,24,0.0500116056656035,0.000509672414426533,228
-7.6926,53.28823,2021/01/01 00:00:00+00,Fri 01 Jan 2021,806,0,0,3161,24,0,3161,24,0.0671281042500946,0.000509672414426533,229
-7.6926,53.28823,2021/01/02 00:00:00+00,Sat 02 Jan 2021,1014,0,0,4175,24,0,4175,24,0.0886617637596156,0.000509672414426533,230
-7.6926,53.28823,2021/01/03 00:00:00+00,Sun 03 Jan 2021,19,2,0,4194,26,0,4194,26,0.0890652544210366,0.000552145115628744,231
-7.6926,53.28823,2021/01/04 00:00:00+00,Mon 04 Jan 2021,1187,3,0,5381,29,0,5381,29,0.114272802584549,0.00061585416743206,232
-7.6926,53.28823,2021/01/05 00:00:00+00,Tue 05 Jan 2021,3522,9,0,8903,38,0,8903,38,0.189067229401642,0.00080698132284201,233
-7.6926,53.28823,2021/01/06 00:00:00+00,Wed 06 Jan 2021,6769,8,0,15672,46,0,15672,46,0.332816086620526,0.000976872127650854,234
-7.6926,53.28823,2021/01/07 00:00:00+00,Thu 07 Jan 2021,11716,8,0,27388,54,0,27388,54,0.581621170263078,0.0011467629324597,235
-7.6926,53.28823,2021/01/08 00:00:00+00,Fri 08 Jan 2021,12674,5,0,40062,59,0,40062,59,0.850770677781489,0.00125294468546523,236
-7.6926,53.28823,2021/01/09 00:00:00+00,Sat 09 Jan 2021,8073,6,0,48135,65,0,48135,65,1.02221173618421,0.00138036278907186,237
-7.6926,53.28823,2021/01/10 00:00:00+00,Sun 10 Jan 2021,4776,3,1,52911,68,1,52912,69,1.1236577830057,0.00146530819147628,238
-7.6926,53.28823,2021/01/11 00:00:00+00,Mon 11 Jan 2021,8337,7,0,61248,75,1,61249,76,1.30070523796711,0.00161396264568402,239
-7.6926,53.28823,2021/01/12 00:00:00+00,Tue 12 Jan 2021,8875,9,0,70123,84,1,70124,85,1.48917784955192,0.00180508980109397,240
-7.6926,53.28823,2021/01/13 00:00:00+00,Wed 13 Jan 2021,9873,5,0,79996,89,1,79997,90,1.69884433903664,0.0019112715540995,241
-7.6926,53.28823,2021/01/14 00:00:00+00,Thu 14 Jan 2021,8070,4,0,88066,93,1,88067,94,1.87022168838756,0.00199621695650392,242
-7.6926,53.28823,2021/01/15 00:00:00+00,Fri 15 Jan 2021,7680,2,0,95746,95,1,95747,96,2.03331686100405,0.00203868965770613,243
-7.6926,53.28823,2021/01/16 00:00:00+00,Sat 16 Jan 2021,5220,2,0,100966,97,1,100967,98,2.14417061114182,0.00208116235890834,244
-7.6926,53.28823,2021/01/17 00:00:00+00,Sun 17 Jan 2021,1108,4,0,102074,101,1,102075,102,2.16770048760785,0.00216610776131276,245
-7.6926,53.28823,2021/01/18 00:00:00+00,Mon 18 Jan 2021,8702,7,0,110776,108,1,110777,109,2.35249921053867,0.0023147622155205,246
-7.6926,53.28823,2021/01/19 00:00:00+00,Tue 19 Jan 2021,8370,18,0,119146,126,1,119147,127,2.53024746506992,0.0026970165263404,247
-7.6926,53.28823,2021/01/20 00:00:00+00,Wed 20 Jan 2021,8441,961,0,127587,1087,1,127588,1088,2.70950350049385,0.0231051494540028,248
-7.6926,53.28823,2021/01/21 00:00:00+00,Thu 21 Jan 2021,8985,962,0,136572,2049,1,136573,2050,2.90031211064478,0.0435345187322663,249
-7.6926,53.28823,2021/01/22 00:00:00+00,Fri 22 Jan 2021,6767,967,0,143339,3016,1,143340,3017,3.04401849516247,0.0640700697635354,250
-7.6926,53.28823,2021/01/23 00:00:00+00,Sat 23 Jan 2021,4177,459,0,147516,3475,1,147517,3476,3.13272273162328,0.0738175546894428,251
-7.6926,53.28823,2021/01/24 00:00:00+00,Sun 24 Jan 2021,1181,397,0,148697,3872,1,148698,3873,3.15780286168319,0.0822483858780817,252
-7.6926,53.28823,2021/01/25 00:00:00+00,Mon 25 Jan 2021,1346,1286,0,150043,5158,1,150044,5159,3.18638698959228,0.109558332751103,253
-7.6926,53.28823,2021/01/26 00:00:00+00,Tue 26 Jan 2021,998,3496,0,151041,8654,1,151042,8655,3.20758086749218,0.183800614452568,254
-7.6926,53.28823,2021/01/27 00:00:00+00,Wed 27 Jan 2021,2161,6698,0,153202,15352,1,153203,15353,3.25347262114117,0.326041690778773,255
-7.6926,53.28823,2021/01/28 00:00:00+00,Thu 28 Jan 2021,984,11537,0,154186,26889,1,154187,26890,3.27436919013266,0.571045467663728,256
-7.6926,53.28823,2021/01/29 00:00:00+00,Fri 29 Jan 2021,1565,11525,0,155751,38414,1,155752,38415,3.30760407882339,0.815794408341469,257
-7.6926,53.28823,2021/01/30 00:00:00+00,Sat 30 Jan 2021,622,7793,0,156373,46207,1,156374,46208,3.32081308889728,0.981289288575884,258
-7.6926,53.28823,2021/01/31 00:00:00+00,Sun 31 Jan 2021,216,4086,0,156589,50293,1,156590,50294,3.32540014062711,1.068061017132,259
-7.6926,53.28823,2021/02/01 00:00:00+00,Mon 01 Feb 2021,1008,8336,0,157597,58629,1,157598,58630,3.34680638203303,1.24508723574282,260
-7.6926,53.28823,2021/02/02 00:00:00+00,Tue 02 Feb 2021,822,5107,0,158419,63736,1,158420,63737,3.36426266222714,1.35354127826266,261
-7.6926,53.28823,2021/02/03 00:00:00+00,Wed 03 Feb 2021,1390,6861,0,159809,70597,1,159810,70598,3.39378118956267,1.49924387973685,262
-7.6926,53.28823,2021/02/04 00:00:00+00,Thu 04 Feb 2021,1413,10540,1,161222,81137,2,161224,81139,3.42380938931264,1.7230962514231,263
-7.6926,53.28823,2021/02/05 00:00:00+00,Fri 05 Feb 2021,3375,8611,0,164597,89748,2,164599,89750,3.49548207259137,1.90596246644922,264
-7.6926,53.28823,2021/02/06 00:00:00+00,Sat 06 Feb 2021,890,3866,0,165487,93614,2,165489,93616,3.51438242462635,1.98806219787309,265
-7.6926,53.28823,2021/02/07 00:00:00+00,Sun 07 Feb 2021,320,1298,1,165807,94912,3,165810,94915,3.52119929316931,2.01564821730393,266
-7.6926,53.28823,2021/02/08 00:00:00+00,Mon 08 Feb 2021,1158,878,0,166965,95790,3,166968,95793,3.54579098716539,2.0342937331317,267
-7.6926,53.28823,2021/02/09 00:00:00+00,Tue 09 Feb 2021,4242,537,2,171207,96327,5,171212,96332,3.63591805911648,2.0457401261057,268
-7.6926,53.28823,2021/02/10 00:00:00+00,Wed 10 Feb 2021,8812,579,0,180019,96906,5,180024,96911,3.82305278061342,2.05803597310374,269
-7.6926,53.28823,2021/02/11 00:00:00+00,Thu 11 Feb 2021,6172,442,0,186191,97348,5,186196,97353,3.95412353652344,2.06742244006943,270
-7.6926,53.28823,2021/02/12 00:00:00+00,Fri 12 Feb 2021,4384,522,0,190575,97870,5,190580,97875,4.04722369755869,2.0785078150832,271
-7.6926,53.28823,2021/02/13 00:00:00+00,Sat 13 Feb 2021,1202,1913,0,191777,99783,5,191782,99788,4.07274979098122,2.11913295378312,272
-7.6926,53.28823,2021/02/14 00:00:00+00,Sun 14 Feb 2021,2691,25,0,194468,99808,5,194473,99813,4.12989681044879,2.11966386254815,273
-7.6926,53.28823,2021/02/15 00:00:00+00,Mon 15 Feb 2021,1955,7882,0,196423,107690,5,196428,107695,4.17141387587396,2.28704877798606,274
-7.6926,53.28823,2021/02/16 00:00:00+00,Tue 16 Feb 2021,5633,8158,0,202056,115848,5,202061,115853,4.29103823880998,2.46029492618988,275
-7.6926,53.28823,2021/02/17 00:00:00+00,Wed 17 Feb 2021,9729,8462,0,211785,124310,5,211790,124315,4.49764669380814,2.63999692497643,276
-7.6926,53.28823,2021/02/18 00:00:00+00,Thu 18 Feb 2021,8452,8348,0,220237,132658,5,220242,132663,4.67713632908868,2.81727797979446,277
-7.6926,53.28823,2021/02/19 00:00:00+00,Fri 19 Feb 2021,9384,6581,0,229621,139239,5,229626,139244,4.87641824312946,2.95703440310034,278
-7.6926,53.28823,2021/02/20 00:00:00+00,Sat 20 Feb 2021,5883,3567,2,235504,142806,7,235511,142813,5.00139416641696,3.03282693839568,279
-7.6926,53.28823,2021/02/21 00:00:00+00,Sun 21 Feb 2021,1105,1021,4,236609,143827,11,236620,143838,5.02494527923359,3.05459419776182,280
-7.6926,53.28823,2021/02/22 00:00:00+00,Mon 22 Feb 2021,3936,1118,1,240545,144945,12,240557,144957,5.10855279155014,3.07835767408445,281
-7.6926,53.28823,2021/02/23 00:00:00+00,Tue 23 Feb 2021,13352,1061,0,253897,146006,12,253909,146018,5.3921005447761,3.10088944207223,282
-7.6926,53.28823,2021/02/24 00:00:00+00,Wed 24 Feb 2021,16926,2100,3,270823,148106,15,270838,148121,5.75161072410222,3.14554948738635,283
-7.6926,53.28823,2021/02/25 00:00:00+00,Thu 25 Feb 2021,18076,1748,2,288899,149854,17,288916,149871,6.135521470269,3.18271310093829,284
-7.6926,53.28823,2021/02/26 00:00:00+00,Fri 26 Feb 2021,16082,2764,0,304981,152618,17,304998,152635,6.47704446063598,3.24141037399974,285
-7.6926,53.28823,2021/02/27 00:00:00+00,Sat 27 Feb 2021,8985,702,1,313966,153320,18,313984,153338,6.66787430713752,3.25633952847232,286
-7.6926,53.28823,2021/02/28 00:00:00+00,Sun 28 Feb 2021,2440,51,1,316406,153371,19,316425,153390,6.71971223895481,3.25744381870358,287
-7.6926,53.28823,2021/03/01 00:00:00+00,Mon 01 Mar 2021,5580,784,0,321986,154155,19,322005,154174,6.83821107530898,3.27409311757484,288
-7.6926,53.28823,2021/03/02 00:00:00+00,Tue 02 Mar 2021,12169,1604,0,334155,155759,19,334174,155778,7.09663622577384,3.30815622393902,289
-7.6926,53.28823,2021/03/03 00:00:00+00,Wed 03 Mar 2021,12883,1501,1,347038,157260,20,347058,157280,7.37024536691848,3.34005322254188,290
-7.6926,53.28823,2021/03/04 00:00:00+00,Thu 04 Mar 2021,18722,1685,3,365760,158945,23,365783,158968,7.76789603192418,3.37590018235654,291
-7.6926,53.28823,2021/03/05 00:00:00+00,Fri 05 Mar 2021,18431,2391,6,384191,161336,29,384220,161365,8.15943062795676,3.42680371474739,292
-7.6926,53.28823,2021/03/06 00:00:00+00,Sat 06 Mar 2021,10444,135,4,394635,161471,33,394668,161504,8.38130801903711,3.42975556748095,293
-7.6926,53.28823,2021/03/07 00:00:00+00,Sun 07 Mar 2021,1513,10,2,396148,161481,35,396183,161516,8.41348109019779,3.43001040368816,294
-7.6926,53.28823,2021/03/08 00:00:00+00,Mon 08 Mar 2021,6655,1493,4,402803,162974,39,402842,163013,8.55489394885055,3.46180122053801,295
-7.6926,53.28823,2021/03/09 00:00:00+00,Tue 09 Mar 2021,13809,3100,3,416612,166074,42,416654,166116,8.84821042335302,3.52769761645325,296
-7.6926,53.28823,2021/03/10 00:00:00+00,Wed 10 Mar 2021,13716,3979,3,430328,170053,45,430373,170098,9.13955191724959,3.61226076454685,297
-7.6926,53.28823,2021/03/11 00:00:00+00,Thu 11 Mar 2021,18459,2096,3,448787,172149,48,448835,172197,9.5316174220472,3.65683586445857,298
-7.6926,53.28823,2021/03/12 00:00:00+00,Fri 12 Mar 2021,17312,1332,3,466099,173481,51,466150,173532,9.89932483270534,3.68518639251104,299
-7.6926,53.28823,2021/03/13 00:00:00+00,Sat 13 Mar 2021,8289,172,0,474388,173653,51,474439,173704,10.0753529428379,3.68883904481443,300
-7.6926,53.28823,2021/03/14 00:00:00+00,Sun 14 Mar 2021,374,17,1,474762,173670,52,474814,173722,10.0833165743133,3.68922129912525,301
-7.6926,53.28823,2021/03/15 00:00:00+00,Mon 15 Mar 2021,2639,987,0,477401,174657,52,477453,174709,10.1393593035496,3.71018157716854,302
-7.6926,53.28823,2021/03/16 00:00:00+00,Tue 16 Mar 2021,8925,3813,2,486326,178470,54,486380,178524,10.3289362053657,3.79119825471176,303
-7.6926,53.28823,2021/03/17 00:00:00+00,Wed 17 Mar 2021,4878,2415,6,491204,180885,60,491264,180945,10.4326545417015,3.84261145951704,304
-7.6926,53.28823,2021/03/18 00:00:00+00,Thu 18 Mar 2021,11705,4677,3,502909,185562,63,502972,185625,10.6812897345392,3.94199758033021,305
-7.6926,53.28823,2021/03/19 00:00:00+00,Fri 19 Mar 2021,10347,6119,2,513256,191681,65,513321,191746,10.9010647269101,4.07198528235958,306
-7.6926,53.28823,2021/03/20 00:00:00+00,Sat 20 Mar 2021,5221,3116,2,518477,194797,67,518544,194864,11.0119821860997,4.13820022353383,307
-7.6926,53.28823,2021/03/21 00:00:00+00,Sun 21 Mar 2021,3625,53,3,522102,194850,70,522172,194920,11.0890276660805,4.13938945916749,308
-7.6926,53.28823,2021/03/22 00:00:00+00,Mon 22 Mar 2021,7388,2396,1,529490,197246,71,529561,197317,11.245943060672,4.19029299155834,309
-7.6926,53.28823,2021/03/23 00:00:00+00,Tue 23 Mar 2021,12556,7382,3,542046,204628,74,542120,204702,11.5126503878713,4.3471234407475,310
-7.6926,53.28823,2021/03/24 00:00:00+00,Wed 24 Mar 2021,13600,9779,1,555646,214407,75,555721,214482,11.801485992397,4.55481494962631,311
-7.6926,53.28823,2021/03/25 00:00:00+00,Thu 25 Mar 2021,20846,10218,3,576492,224625,78,576570,224703,12.2442426660794,4.77187168912021,312
-7.6926,53.28823,2021/03/26 00:00:00+00,Fri 26 Mar 2021,19688,9493,1,596180,234118,79,596259,234197,12.6623651730646,4.97348960172711,313
-7.6926,53.28823,2021/03/27 00:00:00+00,Sat 27 Mar 2021,11723,5338,2,607903,239456,81,607984,239537,12.9113613838625,5.08689171393701,314
-7.6926,53.28823,2021/03/28 00:00:00+00,Sun 28 Mar 2021,2478,480,0,610381,239936,81,610462,240017,12.9639850606521,5.09708516222554,315
-7.6926,53.28823,2021/03/28 23:00:00+00,Mon 29 Mar 2021,9243,3110,3,619624,243046,84,619708,243130,13.1603363583099,5.16319392164679,316
-7.6926,53.28823,2021/03/29 23:00:00+00,Tue 30 Mar 2021,13313,8658,4,632937,251704,88,633025,251792,13.4431408392648,5.34714319055356,317
-7.6926,53.28823,2021/03/30 23:00:00+00,Wed 31 Mar 2021,15804,10502,3,648741,262206,91,648832,262297,13.7788238332165,5.57023105361818,318
-7.6926,53.28823,2021/03/31 23:00:00+00,Thu 01 Apr 2021,19665,11620,7,668406,273826,98,668504,273924,14.1965853222414,5.81714610205723,319
-7.6926,53.28823,2021/04/01 23:00:00+00,Fri 02 Apr 2021,20113,13717,7,688519,287543,105,688624,287648,14.6238606963357,6.1085937777068,320
-7.6926,53.28823,2021/04/02 23:00:00+00,Sat 03 Apr 2021,7530,4646,5,696049,292189,110,696159,292299,14.783876598115,6.20736404435254,321
-7.6926,53.28823,2021/04/03 23:00:00+00,Sun 04 Apr 2021,3013,167,3,699062,292356,113,699175,292469,14.847925431528,6.21097422395473,322
-7.6926,53.28823,2021/04/04 23:00:00+00,Mon 05 Apr 2021,3414,599,4,702476,292955,117,702593,293072,14.9205112778825,6.2237797433672,323
-7.6926,53.28823,2021/04/05 23:00:00+00,Tue 06 Apr 2021,11962,8157,10,714438,301112,127,714565,301239,15.174752867279,6.39721701872643,324
-7.6926,53.28823,2021/04/06 23:00:00+00,Wed 07 Apr 2021,18328,10456,7,732766,311568,134,732900,311702,15.5641213555502,6.61941295506579,325
-7.6926,53.28823,2021/04/07 23:00:00+00,Thu 08 Apr 2021,20160,10564,14,752926,322132,148,753074,322280,15.9925434925769,6.84405107172429,326
-7.6926,53.28823,2021/04/08 23:00:00+00,Fri 09 Apr 2021,20674,9153,16,773600,331285,164,773764,331449,16.4319235865138,7.03876717038582,327
-7.6926,53.28823,2021/04/09 23:00:00+00,Sat 10 Apr 2021,11144,4155,12,784744,335440,176,784920,335616,16.6688363138197,7.12725904334063,328
-7.6926,53.28823,2021/04/10 23:00:00+00,Sun 11 Apr 2021,2846,352,6,787590,335792,182,787772,335974,16.7294023857341,7.13486165685583,329
-7.6926,53.28823,2021/04/11 23:00:00+00,Mon 12 Apr 2021,7751,2777,10,795341,338569,192,795533,338761,16.8942177027493,7.19404736598111,330
-7.6926,53.28823,2021/04/12 23:00:00+00,Tue 13 Apr 2021,11481,8586,1,806822,347155,193,807015,347348,17.1380534803512,7.3764039085928,331
-7.6926,53.28823,2021/04/13 23:00:00+00,Wed 14 Apr 2021,20327,6586,2,827149,353741,195,827344,353936,17.569767251721,7.51630898635288,332
-7.6926,53.28823,2021/04/14 23:00:00+00,Thu 15 Apr 2021,27108,10781,1,854257,364522,196,854453,364718,18.1454634801664,7.745279318534,333
-7.6926,53.28823,2021/04/15 23:00:00+00,Fri 16 Apr 2021,27960,9825,1,882217,374347,197,882414,374544,18.7392530793239,7.95394769954047,334
-7.6926,53.28823,2021/04/16 23:00:00+00,Sat 17 Apr 2021,15837,4542,2,898054,378889,199,898253,379088,19.0756156364948,8.05044567667189,335
-7.6926,53.28823,2021/04/17 23:00:00+00,Sun 18 Apr 2021,1059,473,0,899113,379362,199,899312,379561,19.0981049317814,8.06049047050621,336
-7.6926,53.28823,2021/04/18 23:00:00+00,Mon 19 Apr 2021,6726,2242,0,905839,381604,199,906038,381803,19.2409406259244,8.10810236855389,337
-7.6926,53.28823,2021/04/19 23:00:00+00,Tue 20 Apr 2021,15061,7296,1,920900,388900,200,921100,389100,19.5608025386783,8.26306401889016,338
-7.6926,53.28823,2021/04/20 23:00:00+00,Wed 21 Apr 2021,26688,9862,3,947588,398762,203,947791,398965,20.1276219725724,8.47256061757006,339
-7.6926,53.28823,2021/04/21 23:00:00+00,Thu 22 Apr 2021,31608,12174,1,979196,410936,204,979400,411140,20.7988817787227,8.73111318613852,340
-7.6926,53.28823,2021/04/22 23:00:00+00,Fri 23 Apr 2021,33572,12358,1,1012768,423294,205,1012973,423499,21.5118497774537,8.99357324321759,341
-7.6926,53.28823,2021/04/23 23:00:00+00,Sat 24 Apr 2021,23685,6979,2,1036453,430273,207,1036660,430480,22.0148752141421,9.1418242067639,342
-7.6926,53.28823,2021/04/24 23:00:00+00,Sun 25 Apr 2021,9729,293,2,1046182,430566,209,1046391,430775,22.2215261418414,9.14808893019123,343
-7.6926,53.28823,2021/04/25 23:00:00+00,Mon 26 Apr 2021,15550,3037,3,1061732,433603,212,1061944,433815,22.5518151027404,9.21264743601859,344
-7.6926,53.28823,2021/04/26 23:00:00+00,Tue 27 Apr 2021,25893,7798,8,1087625,441401,220,1087845,441621,23.1018578196596,9.37841838881082,345
-7.6926,53.28823,2021/04/27 23:00:00+00,Wed 28 Apr 2021,26011,8584,5,1113636,449985,225,1113861,450210,23.654342716898,9.56081740412372,346
-7.6926,53.28823,2021/04/28 23:00:00+00,Thu 29 Apr 2021,31666,11327,4,1145302,461312,229,1145531,461541,24.326897940435,9.80144649278484,347
-7.6926,53.28823,2021/04/29 23:00:00+00,Fri 30 Apr 2021,36100,13510,8,1181402,474822,237,1181639,475059,25.0937000879397,10.0885194802106,348
-7.6926,53.28823,2021/04/30 23:00:00+00,Sat 01 May 2021,16533,6678,17,1197935,481500,254,1198189,481754,25.445161690388,10.230696847485,349
-7.6926,53.28823,2021/05/01 23:00:00+00,Sun 02 May 2021,12418,900,13,1210353,482400,267,1210620,482667,25.7091507647104,10.2500856355838,350
-7.6926,53.28823,2021/05/02 23:00:00+00,Mon 03 May 2021,14235,910,17,1224588,483310,284,1224872,483594,26.0118112334773,10.269771732591,351
-7.6926,53.28823,2021/05/03 23:00:00+00,Tue 04 May 2021,26620,6766,9,1251208,490076,293,1251501,490369,26.5773140136342,10.4136480079135,352
-7.6926,53.28823,2021/05/04 23:00:00+00,Wed 05 May 2021,32067,13436,68,1283275,503512,361,1283636,503873,27.2597441402007,10.7004236864308,353
-7.6926,53.28823,2021/05/05 23:00:00+00,Thu 06 May 2021,37247,14367,132,1320522,517879,493,1321015,518372,28.0535376893194,11.0083295337963,354
-7.6926,53.28823,2021/05/06 23:00:00+00,Fri 07 May 2021,40564,15057,93,1361086,532936,586,1361672,533522,28.9169439957086,11.330060245403,355
-7.6926,53.28823,2021/05/07 23:00:00+00,Sat 08 May 2021,25577,7029,10,1386663,539965,596,1387259,540561,29.460318498539,11.4795429172842,356
-7.6926,53.28823,2021/05/08 23:00:00+00,Sun 09 May 2021,19637,914,2,1406300,540879,598,1406898,541477,29.8773791879942,11.4989954144348,357
-7.6926,53.28823,2021/05/09 23:00:00+00,Mon 10 May 2021,28792,4625,170,1435092,545504,768,1435860,546272,30.4924263741034,11.6008237155671,358
-7.6926,53.28823,2021/05/10 23:00:00+00,Tue 11 May 2021,33901,14801,150,1468993,560305,918,1469911,561223,31.2155453484216,11.9183283934042,359
-7.6926,53.28823,2021/05/11 23:00:00+00,Wed 12 May 2021,31255,20922,167,1500248,581227,1085,1501333,582312,31.8828339570096,12.366181791231,360
-7.6926,53.28823,2021/05/12 23:00:00+00,Thu 13 May 2021,35957,25473,150,1536205,606700,1235,1537440,607935,32.6496148681637,12.9103208026831,361
-7.6926,53.28823,2021/05/13 23:00:00+00,Fri 14 May 2021,38171,27959,234,1574376,634659,1469,1575845,636128,33.4651969129991,13.5090372351801,362
-7.6926,53.28823,2021/05/14 23:00:00+00,Sat 15 May 2021,28817,12429,19,1603193,647088,1488,1604681,648576,34.0775683189326,13.7733873274626,363
-7.6926,53.28823,2021/05/15 23:00:00+00,Sun 16 May 2021,23140,1156,9,1626333,648244,1497,1627830,649741,34.5691685989976,13.7981276759129,364
-7.6926,53.28823,2021/05/16 23:00:00+00,Mon 17 May 2021,35354,3930,112,1661687,652174,1609,1663296,653783,35.3223370094164,13.8839650050426,365
-7.6926,53.28823,2021/05/17 23:00:00+00,Tue 18 May 2021,39003,12476,122,1700690,664650,1731,1702421,666381,36.1532092266847,14.1515005499153,366
-7.6926,53.28823,2021/05/18 23:00:00+00,Wed 19 May 2021,36980,17582,203,1737670,682232,1934,1739604,684166,36.9428404510856,14.529189045356,367
-7.6926,53.28823,2021/05/19 23:00:00+00,Thu 20 May 2021,39044,19657,131,1776714,701889,2065,1778779,703954,37.7747744858839,14.9494139510506,368
-7.6926,53.28823,2021/05/20 23:00:00+00,Fri 21 May 2021,25786,23233,14930,1802500,725122,16995,1819495,742117,38.6394337369585,15.7598567990406,369
-7.6926,53.28823,2021/05/21 23:00:00+00,Sat 22 May 2021,16549,10242,13519,1819049,735364,30514,1849563,765878,39.2779683268325,16.2644537256735,370
-7.6926,53.28823,2021/05/22 23:00:00+00,Sun 23 May 2021,8188,5514,10202,1827237,740878,40716,1867953,781594,39.6685048143869,16.5982042117205,371
-7.6926,53.28823,2021/05/23 23:00:00+00,Mon 24 May 2021,22494,8197,8445,1849731,749075,49161,1898892,798236,40.3255362656345,16.9516195584241,372
-7.6926,53.28823,2021/05/24 23:00:00+00,Tue 25 May 2021,30267,16499,3220,1879998,765574,52381,1932379,817955,41.0366779382137,17.3703791559273,373
-7.6926,53.28823,2021/05/25 23:00:00+00,Wed 26 May 2021,19916,25418,3048,1899914,790992,55429,1955343,846421,41.5243494934175,17.9748931121383,374
-7.6926,53.28823,2021/05/26 23:00:00+00,Thu 27 May 2021,16961,35995,550,1916875,826987,55979,1972854,882966,41.8962192287934,18.7509755448557,375
-7.6926,53.28823,2021/05/27 23:00:00+00,Fri 28 May 2021,26968,31802,1553,1943843,858789,57532,2001375,916321,42.5019011842876,19.4593140191556,376
-7.6926,53.28823,2021/05/28 23:00:00+00,Sat 29 May 2021,24417,7372,530,1968260,866161,58062,2026322,924223,43.0316844227333,19.6271236616056,377
-7.6926,53.28823,2021/05/29 23:00:00+00,Sun 30 May 2021,24195,1662,207,1992455,867823,58269,2050724,926092,43.5498938501015,19.666814400879,378
-7.6926,53.28823,2021/05/30 23:00:00+00,Mon 31 May 2021,22513,7310,3436,2014968,875133,61705,2076673,936838,44.1009559118496,19.8950202244385,379
-7.6926,53.28823,2021/05/31 23:00:00+00,Tue 01 Jun 2021,27457,11490,3643,2042425,886623,65348,2107773,951971,44.761406415544,20.216389918085,380
-7.6926,53.28823,2021/06/01 23:00:00+00,Wed 02 Jun 2021,18619,20873,3996,2061044,907496,69344,2130388,976840,45.241666484388,20.7445167211839,381
-7.6926,53.28823,2021/06/02 23:00:00+00,Thu 03 Jun 2021,16612,30689,1970,2077656,938185,71314,2148970,1009499,45.6362803512577,21.4380746954654,382
-7.6926,53.28823,2021/06/03 23:00:00+00,Fri 04 Jun 2021,28956,23330,148,2106612,961515,71462,2178074,1032977,46.2543430991523,21.9366617348782,383
-7.6926,53.28823,2021/06/04 23:00:00+00,Sat 05 Jun 2021,20897,11468,32,2127509,972983,71494,2199003,1044477,46.6987986808828,22.1808797667909,384
-7.6926,53.28823,2021/06/05 23:00:00+00,Sun 06 Jun 2021,19891,3883,37,2147400,976866,71531,2218931,1048397,47.1219966756617,22.2641262611472,385
-7.6926,53.28823,2021/06/06 23:00:00+00,Mon 07 Jun 2021,19742,4552,36,2167142,981418,71567,2238709,1052985,47.5420092178503,22.3615586377051,386
-7.6926,53.28823,2021/06/07 23:00:00+00,Tue 08 Jun 2021,26365,18323,39,2193507,999741,71606,2265113,1071347,48.1027338191219,22.7515005074426,387
-7.6926,53.28823,2021/06/08 23:00:00+00,Wed 09 Jun 2021,32717,20074,168,2226224,1019815,71774,2297998,1091589,48.8010912086393,23.1813667163102,388
-7.6926,53.28823,2021/06/09 23:00:00+00,Thu 10 Jun 2021,27612,27456,265,2253836,1047271,72039,2325875,1119310,49.3930969543463,23.7700595913234,389
-7.6926,53.28823,2021/06/10 23:00:00+00,Fri 11 Jun 2021,26377,32865,35,2280213,1080136,72074,2352287,1152210,49.9539914464227,24.4687355260998,390
-7.6926,53.28823,2021/06/11 23:00:00+00,Sat 12 Jun 2021,12151,19694,101,2292364,1099830,72175,2364539,1172005,50.2141792139874,24.8891090862487,391
-7.6926,53.28823,2021/06/12 23:00:00+00,Sun 13 Jun 2021,8513,18152,829,2300877,1117982,73004,2373881,1190986,50.412569201303,25.2921962570083,392
-7.6926,53.28823,2021/06/13 23:00:00+00,Mon 14 Jun 2021,15965,31271,43,2316842,1149253,73047,2389889,1222300,50.7525207017255,25.9571913397313,393
-7.6926,53.28823,2021/06/14 23:00:00+00,Tue 15 Jun 2021,14637,41527,200,2331479,1190780,73247,2404726,1264027,51.0676044355941,26.8433205412636,394
-7.6926,53.28823,2021/06/15 23:00:00+00,Wed 16 Jun 2021,13388,48354,209,2344867,1239134,73456,2418323,1312590,51.3563550947173,27.8746214355051,395
-7.6926,53.28823,2021/06/16 23:00:00+00,Thu 17 Jun 2021,21521,42632,532,2366388,1281766,73988,2440376,1355754,51.8246803345235,28.7912672728512,396
-7.6926,53.28823,2021/06/17 23:00:00+00,Fri 18 Jun 2021,11964,50014,545,2378352,1331780,74533,2452885,1406313,52.0903258441927,29.8649559228925,397
-7.6926,53.28823,2021/06/18 23:00:00+00,Sat 19 Jun 2021,6262,32759,429,2384614,1364539,74962,2459576,1439501,52.2324182660647,30.569747926642,398
-7.6926,53.28823,2021/06/19 23:00:00+00,Sun 20 Jun 2021,8473,26115,172,2393087,1390654,75134,2468221,1465788,52.4160065170113,31.1279878748933,399
-7.6926,53.28823,2021/06/20 23:00:00+00,Mon 21 Jun 2021,15412,32287,561,2408499,1422941,75695,2484194,1498636,52.7552147451627,31.8255595194384,400
-7.6926,53.28823,2021/06/21 23:00:00+00,Tue 22 Jun 2021,15081,43497,713,2423580,1466438,76408,2499988,1542846,53.0906216665566,32.7644185795132,401
-7.6926,53.28823,2021/06/22 23:00:00+00,Wed 23 Jun 2021,20025,39342,876,2443605,1505780,77284,2520889,1583064,53.5344826304703,33.6185021279885,402
-7.6926,53.28823,2021/06/23 23:00:00+00,Thu 24 Jun 2021,18965,44213,1028,2462570,1549993,78312,2540882,1628305,53.9590609880382,34.5792558655331,403
-7.6926,53.28823,2021/06/24 23:00:00+00,Fri 25 Jun 2021,15145,50088,826,2477715,1600081,79138,2556853,1679219,54.2982267434885,35.6604834200378,404
-7.6926,53.28823,2021/06/25 23:00:00+00,Sat 26 Jun 2021,8995,30508,490,2486710,1630589,79628,2566338,1710217,54.4996535289399,36.3187678159709,405
-7.6926,53.28823,2021/06/26 23:00:00+00,Sun 27 Jun 2021,8691,30438,51,2495401,1661027,79679,2575080,1740706,54.6853017058948,36.966242909448,406
-7.6926,53.28823,2021/06/27 23:00:00+00,Mon 28 Jun 2021,24168,24592,510,2519569,1685619,80189,2599758,1765808,55.2093723660289,37.4993177822369,407
-7.6926,53.28823,2021/06/28 23:00:00+00,Tue 29 Jun 2021,28091,30960,802,2547660,1716579,80991,2628651,1797570,55.8229542439466,38.1738267500293,408
-7.6926,53.28823,2021/06/29 23:00:00+00,Wed 30 Jun 2021,22490,36812,568,2570150,1753391,81559,2651709,1834950,56.3126220161069,38.9676415354986,409
-7.6926,53.28823,2021/06/30 23:00:00+00,Thu 01 Jul 2021,14899,48265,628,2585049,1801656,82187,2667236,1883843,56.6423588318903,40.0059504254384,410
-7.6926,53.28823,2021/07/01 23:00:00+00,Fri 02 Jul 2021,13585,47194,811,2598634,1848850,82998,2681632,1931848,56.9480773351438,41.0254014360445,411
-7.6926,53.28823,2021/07/02 23:00:00+00,Sat 03 Jul 2021,9256,30422,497,2607890,1879272,83495,2691385,1962767,57.1551954625564,41.6820081602801,412
-7.6926,53.28823,2021/07/03 23:00:00+00,Sun 04 Jul 2021,6398,27742,226,2614288,1907014,83721,2698009,1990735,57.2958650489381,42.2759464138918,413
-7.6926,53.28823,2021/07/04 23:00:00+00,Mon 05 Jul 2021,15509,33374,5328,2629797,1940388,89049,2718846,2029437,57.7383668864133,43.0978356548558,414
-7.6926,53.28823,2021/07/05 23:00:00+00,Tue 06 Jul 2021,12329,48286,5477,2642126,1988674,94526,2736652,2083200,58.1165013452166,44.239565572223,415
-7.6926,53.28823,2021/07/06 23:00:00+00,Wed 07 Jul 2021,19630,43693,5043,2661756,2032367,99569,2761325,2131936,58.6404658235977,45.2745403551185,416
-7.6926,53.28823,2021/07/07 23:00:00+00,Thu 08 Jul 2021,17691,45523,5983,2679447,2077890,105552,2784999,2183442,59.1432151877283,46.368339829179,417
-7.6926,53.28823,2021/07/08 23:00:00+00,Fri 09 Jul 2021,13463,45037,6517,2692910,2122927,112069,2804979,2234996,59.5675174727384,47.4631586480684,418
-7.6926,53.28823,2021/07/09 23:00:00+00,Sat 10 Jul 2021,8571,23801,4354,2701481,2146728,116423,2817904,2263151,59.8419973042577,48.0610680992426,419
-7.6926,53.28823,2021/07/10 23:00:00+00,Sun 11 Jul 2021,15190,16075,2148,2716671,2162803,118571,2835242,2281374,60.2101931509796,48.4480581162465,420
-7.6926,53.28823,2021/07/11 23:00:00+00,Mon 12 Jul 2021,17050,31674,6078,2733721,2194477,124649,2858370,2319126,60.701347467682,49.2497728241394,421
-7.6926,53.28823,2021/07/12 23:00:00+00,Tue 13 Jul 2021,20036,36485,8476,2753757,2230962,133125,2886882,2364087,61.3068382960207,50.2045803835158,422
-7.6926,53.28823,2021/07/13 23:00:00+00,Wed 14 Jul 2021,20731,35621,9320,2774488,2266583,142445,2916933,2409028,61.9450118679345,51.15896321588,423
-7.6926,53.28823,2021/07/14 23:00:00+00,Thu 15 Jul 2021,23558,28765,9561,2798046,2295348,152006,2950052,2447354,62.6483385634925,51.972867589018,424
-7.6926,53.28823,2021/07/15 23:00:00+00,Fri 16 Jul 2021,23486,27343,9155,2821532,2322691,161161,2982693,2483852,63.3415142834632,52.7479519132572,425
-7.6926,53.28823,2021/07/16 23:00:00+00,Sat 17 Jul 2021,11452,19371,4669,2832984,2342062,165830,2998814,2507892,63.6838654915037,53.2584737817077,426
-7.6926,53.28823,2021/07/17 23:00:00+00,Sun 18 Jul 2021,16818,15760,1922,2849802,2357822,167752,3017554,2525574,64.0818347017684,53.6339749330365,427
-7.6926,53.28823,2021/07/18 23:00:00+00,Mon 19 Jul 2021,24821,18335,6232,2874623,2376157,173984,3048607,2550141,64.7412870969845,54.1556883582538,428
-7.6926,53.28823,2021/07/19 23:00:00+00,Tue 20 Jul 2021,30512,18085,7687,2905135,2394242,181671,3086806,2575913,65.5524944535961,54.7029915859455,429
-7.6926,53.28823,2021/07/20 23:00:00+00,Wed 21 Jul 2021,30282,19751,6875,2935417,2413993,188546,3123963,2602539,66.3415735328814,55.2684306570506,430
-7.6926,53.28823,2021/07/21 23:00:00+00,Thu 22 Jul 2021,33471,15846,6922,2968888,2429839,195468,3164356,2625307,67.1993734427119,55.7519398875365,431
-7.6926,53.28823,2021/07/22 23:00:00+00,Fri 23 Jul 2021,27032,20736,5600,2995920,2450575,201068,3196988,2651643,67.8923580355271,56.3112204169672,432
-7.6926,53.28823,2021/07/23 23:00:00+00,Sat 24 Jul 2021,15395,14734,2260,3011315,2465309,203328,3214643,2668637,68.2672858053897,56.6721109590824,433
-7.6926,53.28823,2021/07/24 23:00:00+00,Sun 25 Jul 2021,14678,13591,1031,3025993,2478900,204359,3230352,2683259,68.6008876369824,56.9826288775718,434
-7.6926,53.28823,2021/07/25 23:00:00+00,Mon 26 Jul 2021,23775,18189,3404,3049768,2497089,207763,3257531,2704852,69.1780704099699,57.4411853961015,435
-7.6926,53.28823,2021/07/26 23:00:00+00,Tue 27 Jul 2021,25429,23785,3656,3075197,2520874,211419,3286616,2732293,69.795729667203,58.0239320929464,436
-7.6926,53.28823,2021/07/27 23:00:00+00,Wed 28 Jul 2021,23380,25188,3249,3098577,2546062,214668,3313245,2760730,70.3612324473599,58.62783019499,437
-7.6926,53.28823,2021/07/28 23:00:00+00,Thu 29 Jul 2021,19204,27780,2950,3117781,2573842,217618,3335399,2791460,70.8317025585768,59.280423248962,438
-7.6926,53.28823,2021/07/29 23:00:00+00,Fri 30 Jul 2021,21885,22844,2109,3139666,2596686,219727,3359393,2816413,71.3412475548997,59.8103339055114,439
-7.6926,53.28823,2021/07/30 23:00:00+00,Sat 31 Jul 2021,13696,12399,900,3153362,2609085,220627,3373989,2829712,71.6512133282734,60.0927561321555,440
-7.6926,53.28823,2021/07/31 23:00:00+00,Sun 01 Aug 2021,11056,9257,364,3164418,2618342,220991,3385409,2839333,71.8937324521381,60.2970710612887,441
-7.6926,53.28823,2021/08/01 23:00:00+00,Mon 02 Aug 2021,14961,15917,420,3179379,2634259,221411,3400790,2855670,72.2203687607336,60.644009321059,442
-7.6926,53.28823,2021/08/02 23:00:00+00,Tue 03 Aug 2021,17286,25353,1103,3196665,2659612,222514,3419179,2882126,72.6108840119374,61.2058382125619,443
-7.6926,53.28823,2021/08/03 23:00:00+00,Wed 04 Aug 2021,22055,17197,1569,3218720,2676809,224083,3442803,2900892,73.1125715585379,61.6043595679422,444
-7.6926,53.28823,2021/08/04 23:00:00+00,Thu 05 Aug 2021,13474,29948,1417,3232194,2706757,225500,3457694,2932257,73.428802055339,62.2704377045459,445
-7.6926,53.28823,2021/08/05 23:00:00+00,Fri 06 Aug 2021,12138,24664,941,3244332,2731421,226441,3470773,2957862,73.7065522848508,62.8141944616872,446
-7.6926,53.28823,2021/08/06 23:00:00+00,Sat 07 Aug 2021,6308,8385,578,3250640,2739806,227019,3477659,2966825,73.85278579509,63.0045358721249,447
-7.6926,53.28823,2021/08/07 23:00:00+00,Sun 08 Aug 2021,8590,11915,153,3259230,2751721,227172,3486402,2978893,74.0384552083955,63.260816151179,448
