X,Y,VaccinationDate,VaccineText,Dose1,Dose2,SingleDose,Dose1Cum,Dose2Cum,SingleDoseCum,PartiallyVacc,FullyVacc,PartialPercent,FullyPercent,ObjectId
-7.6926,53.28823,2021/12/02 00:00:00+00,Thu 02 Dec 2021,1775,1398,0,3655591,3592155,239789,3895380,3831944,82.7236554045344,81.3765062678027,1
-7.6926,53.28823,2021/12/03 00:00:00+00,Fri 03 Dec 2021,1044,1165,3,3656635,3593320,239792,3896427,3833112,82.7458898636138,81.4013103253048,2
-7.6926,53.28823,2021/12/04 00:00:00+00,Sat 04 Dec 2021,1201,1695,0,3657836,3595015,239792,3897628,3834807,82.7713947206857,81.4373059395737,3
-7.6926,53.28823,2021/12/05 00:00:00+00,Sun 05 Dec 2021,1348,1770,0,3659184,3596785,239792,3898976,3836577,82.800021321296,81.4748942801376,4
-7.6926,53.28823,2021/12/06 00:00:00+00,Mon 06 Dec 2021,936,1275,0,3660120,3598060,239792,3899912,3837852,82.8198985454586,81.501970627154,5
-7.6926,53.28823,2021/12/07 00:00:00+00,Tue 07 Dec 2021,485,730,1,3660605,3598790,239793,3900398,3838583,82.8302194118508,81.5174943994434,6
-7.6926,53.28823,2021/12/08 00:00:00+00,Wed 08 Dec 2021,812,1488,0,3661417,3600278,239793,3901210,3840071,82.8474633285389,81.5490940891379,7
-7.6926,53.28823,2021/12/09 00:00:00+00,Thu 09 Dec 2021,796,1186,0,3662213,3601464,239793,3902006,3841257,82.8643674636174,81.5742804009508,8
-7.6926,53.28823,2021/12/10 00:00:00+00,Fri 10 Dec 2021,893,1592,1,3663106,3603056,239794,3902900,3842850,82.8833527610547,81.6081099074584,9
-7.6926,53.28823,2021/12/11 00:00:00+00,Sat 11 Dec 2021,636,835,0,3663742,3603891,239794,3903536,3843685,82.896859080037,81.6258422602103,10
-7.6926,53.28823,2021/12/12 00:00:00+00,Sun 12 Dec 2021,691,1188,0,3664433,3605079,239794,3904227,3844873,82.9115333983024,81.6510710447244,11
-7.6926,53.28823,2021/12/13 00:00:00+00,Mon 13 Dec 2021,722,1045,0,3665155,3606124,239794,3904949,3845918,82.9268660434364,81.6732630311026,12
-7.6926,53.28823,2021/12/14 00:00:00+00,Tue 14 Dec 2021,631,1180,1,3665786,3607304,239795,3905581,3847099,82.9402874170163,81.6983431611625,13
-7.6926,53.28823,2021/12/15 00:00:00+00,Wed 15 Dec 2021,796,1228,1,3666582,3608532,239796,3906378,3848328,82.9572127884454,81.7244426360512,14
-7.6926,53.28823,2021/12/16 00:00:00+00,Thu 16 Dec 2021,1065,1516,7,3667647,3610048,239803,3907450,3849851,82.9799781562898,81.7567855980167,15
-7.6926,53.28823,2021/12/17 00:00:00+00,Fri 17 Dec 2021,1212,2434,1,3668859,3612482,239804,3908663,3852286,83.0057378495689,81.8084961117304,16
-7.6926,53.28823,2021/12/18 00:00:00+00,Sat 18 Dec 2021,1266,1168,0,3670125,3613650,239804,3909929,3853454,83.0326230694299,81.8333001692325,17
-7.6926,53.28823,2021/12/19 00:00:00+00,Sun 19 Dec 2021,558,877,0,3670683,3614527,239804,3910487,3854331,83.0444729530653,81.8519244487096,18
-7.6926,53.28823,2021/12/20 00:00:00+00,Mon 20 Dec 2021,541,589,0,3671224,3615116,239804,3911028,3854920,83.0559618187405,81.8644326592137,19
-7.6926,53.28823,2021/12/21 00:00:00+00,Tue 21 Dec 2021,1468,1775,3,3672692,3616891,239807,3912499,3856698,83.0872004904748,81.9021908905825,20
-7.6926,53.28823,2021/12/22 00:00:00+00,Wed 22 Dec 2021,1239,1549,2,3673931,3618440,239809,3913740,3858249,83.1135548015707,81.9351284703648,21
-7.6926,53.28823,2021/12/23 00:00:00+00,Thu 23 Dec 2021,965,1340,0,3674896,3619780,239809,3914705,3859589,83.1340478799008,81.9635851801703,22
-7.6926,53.28823,2021/12/24 00:00:00+00,Fri 24 Dec 2021,102,137,0,3674998,3619917,239809,3914807,3859726,83.1362139876621,81.9664945602026,23
-7.6926,53.28823,2021/12/25 00:00:00+00,Sat 25 Dec 2021,1,0,0,3674999,3619917,239809,3914808,3859726,83.1362352240127,81.9664945602026,24
-7.6926,53.28823,2021/12/26 00:00:00+00,Sun 26 Dec 2021,10,6,0,3675009,3619923,239809,3914818,3859732,83.1364475875187,81.9666219783062,25
-7.6926,53.28823,2021/12/27 00:00:00+00,Mon 27 Dec 2021,388,581,0,3675397,3620504,239809,3915206,3860313,83.1446872915519,81.9789602980055,26
-7.6926,53.28823,2021/12/28 00:00:00+00,Tue 28 Dec 2021,468,737,0,3675865,3621241,239809,3915674,3861050,83.1546259036333,81.9946114883985,27
-7.6926,53.28823,2021/12/29 00:00:00+00,Wed 29 Dec 2021,1087,1277,0,3676952,3622518,239809,3916761,3862327,83.1777098167367,82.0217303081161,28
-7.6926,53.28823,2021/12/30 00:00:00+00,Thu 30 Dec 2021,1073,1170,1,3678025,3623688,239810,3917835,3863498,83.2005176572823,82.04659807467,29
-7.6926,53.28823,2021/12/31 00:00:00+00,Fri 31 Dec 2021,721,1666,0,3678746,3625354,239810,3918556,3865164,83.2158290660657,82.0819778347714,30
-7.6926,53.28823,2022/01/01 00:00:00+00,Sat 01 Jan 2022,69,96,0,3678815,3625450,239810,3918625,3865260,83.2172943742571,82.0840165244291,31
-7.6926,53.28823,2022/01/02 00:00:00+00,Sun 02 Jan 2022,270,622,0,3679085,3626072,239810,3918895,3865882,83.2230281889194,82.097225534503,32
-7.6926,53.28823,2022/01/03 00:00:00+00,Mon 03 Jan 2022,3632,714,0,3682717,3626786,239810,3922527,3866596,83.3001586143026,82.1123882888322,33
-7.6926,53.28823,2022/01/04 00:00:00+00,Tue 04 Jan 2022,1195,758,0,3683912,3627544,239810,3923722,3867354,83.325536053271,82.1284854425878,34
-7.6926,53.28823,2022/01/05 00:00:00+00,Wed 05 Jan 2022,2146,879,0,3686058,3628423,239810,3925868,3868233,83.3711092616609,82.1471521947662,35
-7.6926,53.28823,2022/01/06 00:00:00+00,Thu 06 Jan 2022,2463,1660,1,3688521,3630083,239811,3928332,3869894,83.4234356295421,82.1824257731147,36
-7.6926,53.28823,2022/01/07 00:00:00+00,Fri 07 Jan 2022,4850,761,0,3693371,3630844,239811,3933182,3870655,83.5264319299574,82.1985866359221,37
-7.6926,53.28823,2022/01/08 00:00:00+00,Sat 08 Jan 2022,9791,730,1,3703162,3631574,239812,3942974,3871386,83.7343782750434,82.2141104082115,38
-7.6926,53.28823,2022/01/09 00:00:00+00,Sun 09 Jan 2022,7115,664,0,3710277,3632238,239812,3950089,3872050,83.8854749095703,82.2282113450106,39
-7.6926,53.28823,2022/01/10 00:00:00+00,Mon 10 Jan 2022,6654,487,0,3716931,3632725,239812,3956743,3872537,84.0267815864701,82.2385534477534,40
-7.6926,53.28823,2022/01/11 00:00:00+00,Tue 11 Jan 2022,4772,1338,1,3721703,3634063,239813,3961516,3873876,84.1281426878891,82.2669889212083,41
-7.6926,53.28823,2022/01/12 00:00:00+00,Wed 12 Jan 2022,7556,885,1,3729259,3634948,239814,3969073,3874762,84.2886257893817,82.2858043278408,42
-7.6926,53.28823,2022/01/13 00:00:00+00,Thu 13 Jan 2022,7323,788,0,3736582,3635736,239814,3976396,3875550,84.4441395848336,82.3025385721145,43
-7.6926,53.28823,2022/01/14 00:00:00+00,Fri 14 Jan 2022,10729,813,0,3747311,3636549,239814,3987125,3876363,84.6719843904329,82.3198037251532,44
-7.6926,53.28823,2022/01/15 00:00:00+00,Sat 15 Jan 2022,8354,636,0,3755665,3637185,239814,3995479,3876999,84.8493928633545,82.3333100441355,45
-7.6926,53.28823,2022/01/16 00:00:00+00,Sun 16 Jan 2022,6966,1212,1,3762631,3638397,239815,4002446,3878212,84.9973465179924,82.3590697374146,46
-7.6926,53.28823,2022/01/17 00:00:00+00,Mon 17 Jan 2022,2562,545,0,3765193,3638942,239815,4005008,3878757,85.0517540482324,82.3706435484923,47
-7.6926,53.28823,2022/01/18 00:00:00+00,Tue 18 Jan 2022,4060,427,3,3769253,3639369,239818,4009071,3879187,85.1380373407247,82.3797751792507,48
-7.6926,53.28823,2022/01/19 00:00:00+00,Wed 19 Jan 2022,3481,607,0,3772734,3639976,239818,4012552,3879794,85.2119610771672,82.3926656440656,49
-7.6926,53.28823,2022/01/20 00:00:00+00,Thu 20 Jan 2022,3689,919,1,3776423,3640895,239819,4016242,3880714,85.2903232108852,82.4122030866186,50
-7.6926,53.28823,2022/01/21 00:00:00+00,Fri 21 Jan 2022,3251,961,0,3779674,3641856,239819,4019493,3881675,85.3593625866894,82.4326112195463,51
-7.6926,53.28823,2022/01/22 00:00:00+00,Sat 22 Jan 2022,4271,636,0,3783945,3642492,239819,4023764,3882311,85.4500630401068,82.4461175385286,52
-7.6926,53.28823,2022/01/23 00:00:00+00,Sun 23 Jan 2022,3092,677,0,3787037,3643169,239819,4026856,3882988,85.5157258361654,82.4604945478855,53
-7.6926,53.28823,2022/01/24 00:00:00+00,Mon 24 Jan 2022,645,456,0,3787682,3643625,239819,4027501,3883444,85.5294232823031,82.4701783237596,54
-7.6926,53.28823,2022/01/25 00:00:00+00,Tue 25 Jan 2022,697,1828,0,3788379,3645453,239819,4028198,3885272,85.5442250186721,82.5089983726585,55
-7.6926,53.28823,2022/01/26 00:00:00+00,Wed 26 Jan 2022,699,880,0,3789078,3646333,239819,4028897,3886152,85.5590692277422,82.5276863611874,56
-7.6926,53.28823,2022/01/27 00:00:00+00,Thu 27 Jan 2022,1273,1156,0,3790351,3647489,239819,4030170,3887308,85.5861031020574,82.5522355824823,57
-7.6926,53.28823,2022/01/28 00:00:00+00,Fri 28 Jan 2022,1027,3083,0,3791378,3650572,239819,4031197,3890391,85.6079128341248,82.6177072513855,58
-7.6926,53.28823,2022/01/29 00:00:00+00,Sat 29 Jan 2022,2325,3438,0,3793703,3654010,239819,4033522,3893829,85.6572873492724,82.6907178247521,59
-7.6926,53.28823,2022/01/30 00:00:00+00,Sun 30 Jan 2022,1634,7535,0,3795337,3661545,239819,4035156,3901364,85.6919875461546,82.8507337265314,60
-7.6926,53.28823,2022/01/31 00:00:00+00,Mon 31 Jan 2022,479,1373,0,3795816,3662918,239819,4035635,3902737,85.7021597580925,82.8798912359068,61
-7.6926,53.28823,2022/02/01 00:00:00+00,Tue 01 Feb 2022,751,3401,1,3796567,3666319,239820,4036387,3906139,85.7181294937445,82.9521373006517,62
-7.6926,53.28823,2022/02/02 00:00:00+00,Wed 02 Feb 2022,643,2980,0,3797210,3669299,239820,4037030,3909119,85.731784467181,83.015421625443,63
-7.6926,53.28823,2022/02/03 00:00:00+00,Thu 03 Feb 2022,909,2418,1,3798119,3671717,239821,4037940,3911538,85.751109546228,83.0667923575471,64
-7.6926,53.28823,2022/02/04 00:00:00+00,Fri 04 Feb 2022,1167,6496,0,3799286,3678213,239821,4039107,3918034,85.7758923673795,83.2047436910519,65
-7.6926,53.28823,2022/02/05 00:00:00+00,Sat 05 Feb 2022,1777,5743,0,3801063,3683956,239821,4040884,3923777,85.8136293623977,83.326704052554,66
-7.6926,53.28823,2022/02/06 00:00:00+00,Sun 06 Feb 2022,1408,7555,0,3802471,3691511,239821,4042292,3931332,85.843530144044,83.4871446813454,67
-7.6926,53.28823,2022/02/07 00:00:00+00,Mon 07 Feb 2022,433,1339,0,3802904,3692850,239821,4042725,3932671,85.8527254838543,83.5155801548002,68
-7.6926,53.28823,2022/02/08 00:00:00+00,Tue 08 Feb 2022,898,1218,0,3803802,3694068,239821,4043623,3933889,85.8717957266941,83.5414460298324,69
-7.6926,53.28823,2022/02/09 00:00:00+00,Wed 09 Feb 2022,1332,1755,0,3805134,3695823,239821,4044955,3935644,85.9000825456948,83.5787158251373,70
-7.6926,53.28823,2022/02/10 00:00:00+00,Thu 10 Feb 2022,687,2530,0,3805821,3698353,239821,4045642,3938174,85.9146719185577,83.6324437921581,71
-7.6926,53.28823,2022/02/11 00:00:00+00,Fri 11 Feb 2022,555,4905,0,3806376,3703258,239821,4046197,3943079,85.9264580931413,83.7366080918566,72
-7.6926,53.28823,2022/02/12 00:00:00+00,Sat 12 Feb 2022,1396,5458,0,3807772,3708716,239821,4047593,3948537,85.9561040385805,83.8525160934374,73
-7.6926,53.28823,2022/02/13 00:00:00+00,Sun 13 Feb 2022,1567,4706,0,3809339,3713422,239821,4049160,3953243,85.9893813999724,83.9524543593662,74
-7.6926,53.28823,2022/02/14 00:00:00+00,Mon 14 Feb 2022,173,945,1,3809512,3714367,239822,4049334,3954189,85.993076524977,83.9725439470348,75
-7.6926,53.28823,2022/02/15 00:00:00+00,Tue 15 Feb 2022,645,802,1,3810157,3715169,239823,4049980,3954992,86.0067952074653,83.9895967365675,76
-7.6926,53.28823,2022/02/16 00:00:00+00,Wed 16 Feb 2022,792,1777,0,3810949,3716946,239823,4050772,3956769,86.0236143971414,84.0273337315857,77
-7.6926,53.28823,2022/02/17 00:00:00+00,Thu 17 Feb 2022,789,1181,2,3811738,3718127,239825,4051563,3957952,86.0404123504669,84.0524563343468,78
-7.6926,53.28823,2022/02/18 00:00:00+00,Fri 18 Feb 2022,793,3272,0,3812531,3721399,239825,4052356,3961224,86.0572527764936,84.1219416735136,79
-7.6926,53.28823,2022/02/19 00:00:00+00,Sat 19 Feb 2022,976,3545,0,3813507,3724944,239825,4053332,3964769,86.0779794546802,84.1972245363945,80
-7.6926,53.28823,2022/02/20 00:00:00+00,Sun 20 Feb 2022,1366,3587,0,3814873,3728531,239825,4054698,3968356,86.1069883096014,84.2733993260007,81
-7.6926,53.28823,2022/02/21 00:00:00+00,Mon 21 Feb 2022,250,989,1,3815123,3729520,239826,4054949,3969346,86.1123186336022,84.2944233130958,82
-7.6926,53.28823,2022/02/22 00:00:00+00,Tue 22 Feb 2022,476,961,0,3815599,3730481,239826,4055425,3970307,86.1224271364884,84.3148314460235,83
-7.6926,53.28823,2022/02/23 00:00:00+00,Wed 23 Feb 2022,824,1260,1,3816423,3731741,239827,4056250,3971568,86.1399471257343,84.3416104841315,84
-7.6926,53.28823,2022/02/24 00:00:00+00,Thu 24 Feb 2022,658,1216,0,3817081,3732957,239827,4056908,3972784,86.1539206444298,84.3674338864624,85
-7.6926,53.28823,2022/02/25 00:00:00+00,Fri 25 Feb 2022,688,1212,0,3817769,3734169,239827,4057596,3973996,86.1685312536434,84.3931723433909,86
-7.6926,53.28823,2022/02/26 00:00:00+00,Sat 26 Feb 2022,956,2084,0,3818725,3736253,239827,4058552,3976080,86.188833204818,84.4374288980436,87
-7.6926,53.28823,2022/02/27 00:00:00+00,Sun 27 Feb 2022,670,1780,0,3819395,3738033,239827,4059222,3977860,86.2030615597208,84.4752296021136,88
-7.6926,53.28823,2022/02/28 00:00:00+00,Mon 28 Feb 2022,82,422,0,3819477,3738455,239827,4059304,3978282,86.20480294047,84.4841913420673,89
-7.6926,53.28823,2022/03/01 00:00:00+00,Tue 01 Mar 2022,122,932,1,3819599,3739387,239828,4059427,3979215,86.207415011594,84.5040048571781,90
-7.6926,53.28823,2022/03/02 00:00:00+00,Wed 02 Mar 2022,200,985,2,3819799,3740372,239830,4059629,3980202,86.2117047544154,84.5249651352214,91
-7.6926,53.28823,2022/03/03 00:00:00+00,Thu 03 Mar 2022,266,1264,0,3820065,3741636,239830,4059895,3981466,86.2173536236753,84.5518078823812,92
-7.6926,53.28823,2022/03/04 00:00:00+00,Fri 04 Mar 2022,726,1484,2,3820791,3743120,239832,4060623,3982952,86.2328136869129,84.5833650993744,93
-7.6926,53.28823,2022/03/05 00:00:00+00,Sat 05 Mar 2022,961,3331,0,3821752,3746451,239832,4061584,3986283,86.2532218198406,84.6541033832267,94
-7.6926,53.28823,2022/03/06 00:00:00+00,Sun 06 Mar 2022,455,1915,0,3822207,3748366,239832,4062039,3988198,86.2628843593641,84.6947709946278,95
-7.6926,53.28823,2022/03/07 00:00:00+00,Mon 07 Mar 2022,112,108,0,3822319,3748474,239832,4062151,3988306,86.2652628306314,84.6970645204928,96
-7.6926,53.28823,2022/03/08 00:00:00+00,Tue 08 Mar 2022,117,479,0,3822436,3748953,239832,4062268,3988785,86.2677474836517,84.7072367324307,97
-7.6926,53.28823,2022/03/09 00:00:00+00,Wed 09 Mar 2022,114,317,0,3822550,3749270,239832,4062382,3989102,86.2701684276202,84.7139686555712,98
-7.6926,53.28823,2022/03/10 00:00:00+00,Thu 10 Mar 2022,252,495,0,3822802,3749765,239832,4062634,3989597,86.2755199879717,84.7244806491188,99
-7.6926,53.28823,2022/03/11 00:00:00+00,Fri 11 Mar 2022,492,2153,0,3823294,3751918,239832,4063126,3991750,86.2859682724675,84.770202511963,100
-7.6926,53.28823,2022/03/12 00:00:00+00,Sat 12 Mar 2022,474,2377,2,3823768,3754295,239834,4063602,3994129,86.2960767753536,84.820723790043,101
-7.6926,53.28823,2022/03/13 00:00:00+00,Sun 13 Mar 2022,362,1078,0,3824130,3755373,239834,4063964,3995207,86.3037643342712,84.843616575991,102
-7.6926,53.28823,2022/03/14 00:00:00+00,Mon 14 Mar 2022,99,107,0,3824229,3755480,239834,4064063,3995314,86.3058667329807,84.8458888655053,103
-7.6926,53.28823,2022/03/15 00:00:00+00,Tue 15 Mar 2022,217,741,1,3824446,3756221,239835,4064281,3996056,86.3104962574118,84.8616462376513,104
-7.6926,53.28823,2022/03/16 00:00:00+00,Wed 16 Mar 2022,187,779,1,3824633,3757000,239836,4064469,3996836,86.3144886913248,84.8782105911202,105
-7.6926,53.28823,2022/03/17 00:00:00+00,Thu 17 Mar 2022,1,0,0,3824634,3757000,239836,4064470,3996836,86.3145099276754,84.8782105911202,106
-7.6926,53.28823,2022/03/18 00:00:00+00,Fri 18 Mar 2022,2,6,0,3824636,3757006,239836,4064472,3996842,86.3145524003766,84.8783380092238,107
-7.6926,53.28823,2022/03/19 00:00:00+00,Sat 19 Mar 2022,741,2774,0,3825377,3759780,239836,4065213,3999616,86.330288536172,84.9372476457913,108
-7.6926,53.28823,2022/03/20 00:00:00+00,Sun 20 Mar 2022,387,1390,0,3825764,3761170,239836,4065600,4001006,86.3385070038546,84.9667661731268,109
-7.6926,53.28823,2022/03/21 00:00:00+00,Mon 21 Mar 2022,58,94,0,3825822,3761264,239836,4065658,4001100,86.3397387121895,84.9687623900833,110
-7.6926,53.28823,2022/03/22 00:00:00+00,Tue 22 Mar 2022,161,560,3,3825983,3761824,239839,4065822,4001663,86.3432214736881,84.9807184554717,111
-7.6926,53.28823,2021/04/19 23:00:00+00,Tue 20 Apr 2021,15064,7296,1,921020,388933,206,921226,389139,19.563478318854,8.2638922365636,112
-7.6926,53.28823,2021/04/20 23:00:00+00,Wed 21 Apr 2021,26692,9866,3,947712,398799,209,947921,399008,20.1303826981505,8.47347378064591,113
-7.6926,53.28823,2021/04/21 23:00:00+00,Thu 22 Apr 2021,31611,12177,1,979323,410976,210,979533,411186,20.8017062133527,8.73209005826618,114
-7.6926,53.28823,2021/04/22 23:00:00+00,Fri 23 Apr 2021,33574,12359,1,1012897,423335,211,1013108,423546,21.5147166847848,8.99457135169584,115
-7.6926,53.28823,2021/04/23 23:00:00+00,Sat 24 Apr 2021,23687,6979,2,1036584,430314,213,1036797,430527,22.0177845941744,9.14282231524216,116
-7.6926,53.28823,2021/04/24 23:00:00+00,Sun 25 Apr 2021,9731,295,2,1046315,430609,215,1046530,430824,22.224477994575,9.14912951137068,117
-7.6926,53.28823,2021/04/25 23:00:00+00,Mon 26 Apr 2021,15551,3037,3,1061866,433646,218,1062084,433864,22.5547881918246,9.21368801719805,118
-7.6926,53.28823,2021/04/26 23:00:00+00,Tue 27 Apr 2021,25894,7800,8,1087760,441446,226,1087986,441672,23.1048521450944,9.37950144269148,119
-7.6926,53.28823,2021/04/27 23:00:00+00,Wed 28 Apr 2021,26013,8584,5,1113773,450030,231,1114004,450261,23.657379515034,9.56190045800437,120
-7.6926,53.28823,2021/04/28 23:00:00+00,Thu 29 Apr 2021,31669,11331,5,1145442,461361,236,1145678,461597,24.3300196839734,9.80263572841851,121
-7.6926,53.28823,2021/04/29 23:00:00+00,Fri 30 Apr 2021,36105,13511,8,1181547,474872,244,1181791,475116,25.0969280132311,10.0897299521949,122
-7.6926,53.28823,2021/04/30 23:00:00+00,Sat 01 May 2021,16535,6679,17,1198082,481551,261,1198343,481812,25.4484320883806,10.2319285558199,123
-7.6926,53.28823,2021/05/01 23:00:00+00,Sun 02 May 2021,12419,901,13,1210501,482452,274,1210775,482726,25.7124423990535,10.2513385802693,124
-7.6926,53.28823,2021/05/02 23:00:00+00,Mon 03 May 2021,14238,911,17,1224739,483363,291,1225030,483654,26.0151665768723,10.2710459136271,125
-7.6926,53.28823,2021/05/03 23:00:00+00,Tue 04 May 2021,26620,6768,9,1251359,490131,300,1251659,490431,26.5806693570291,10.4149646616508,126
-7.6926,53.28823,2021/05/04 23:00:00+00,Wed 05 May 2021,32069,13437,68,1283428,503568,368,1283796,503936,27.2631419562969,10.7017615765187,127
-7.6926,53.28823,2021/05/05 23:00:00+00,Thu 06 May 2021,37250,14368,132,1320678,517936,500,1321178,518436,28.0569992144674,11.0096886602347,128
-7.6926,53.28823,2021/05/06 23:00:00+00,Fri 07 May 2021,40570,15060,94,1361248,532996,594,1361842,533590,28.9205541753107,11.3315043172439,129
-7.6926,53.28823,2021/05/07 23:00:00+00,Sat 08 May 2021,25580,7029,10,1386828,540025,604,1387432,540629,29.463992387193,11.4809869891251,130
-7.6926,53.28823,2021/05/08 23:00:00+00,Sun 09 May 2021,19641,914,2,1406469,540939,606,1407075,541545,29.8811380220506,11.5004394862757,131
-7.6926,53.28823,2021/05/09 23:00:00+00,Mon 10 May 2021,28794,4625,171,1435263,545564,777,1436040,546341,30.4962489172116,11.6022890237586,132
-7.6926,53.28823,2021/05/10 23:00:00+00,Tue 11 May 2021,33902,14805,150,1469165,560369,927,1470092,561296,31.2193891278804,11.9198786469981,133
-7.6926,53.28823,2021/05/11 23:00:00+00,Wed 12 May 2021,31256,20925,167,1500421,581294,1094,1501515,582388,31.886698972819,12.3677957538766,134
-7.6926,53.28823,2021/05/12 23:00:00+00,Thu 13 May 2021,35958,25477,150,1536379,606771,1244,1537623,608015,32.6535011203237,12.9120197107312,135
-7.6926,53.28823,2021/05/13 23:00:00+00,Fri 14 May 2021,38173,27959,234,1574552,634730,1478,1576030,636208,33.4691256378603,13.5107361432281,136
-7.6926,53.28823,2021/05/14 23:00:00+00,Sat 15 May 2021,28819,12431,19,1603371,647161,1497,1604868,648658,34.081539516495,13.7751287082119,137
-7.6926,53.28823,2021/05/15 23:00:00+00,Sun 16 May 2021,23142,1156,9,1626513,648317,1506,1628019,649823,34.5731822692612,13.7998690566622,138
-7.6926,53.28823,2021/05/16 23:00:00+00,Mon 17 May 2021,35357,3930,112,1661870,652247,1618,1663488,653865,35.3264143887318,13.8857063857919,139
-7.6926,53.28823,2021/05/17 23:00:00+00,Tue 18 May 2021,39006,12477,122,1700876,664724,1740,1702616,666464,36.1573503150519,14.1532631670152,140
-7.6926,53.28823,2021/05/18 23:00:00+00,Wed 19 May 2021,36986,17582,203,1737862,682306,1943,1739805,684249,36.9471089575564,14.5309516624559,141
-7.6926,53.28823,2021/05/19 23:00:00+00,Thu 20 May 2021,39047,19657,131,1776909,701963,2074,1778983,704037,37.7791067014065,14.9511765681505,142
-7.6926,53.28823,2021/05/20 23:00:00+00,Fri 21 May 2021,25789,23233,14930,1802698,725196,17004,1819702,742200,38.6438296615329,15.7616194161405,143
-7.6926,53.28823,2021/05/21 23:00:00+00,Sat 22 May 2021,16551,10244,13519,1819249,735440,30523,1849772,765963,39.2824067241082,16.2662588154746,144
-7.6926,53.28823,2021/05/22 23:00:00+00,Sun 23 May 2021,8188,5514,10202,1827437,740954,40725,1868162,781679,39.6729432116625,16.6000093015216,145
-7.6926,53.28823,2021/05/23 23:00:00+00,Mon 24 May 2021,22497,8199,8446,1849934,749153,49171,1899105,798324,40.3300596083125,16.953488357277,146
-7.6926,53.28823,2021/05/24 23:00:00+00,Tue 25 May 2021,30273,16502,3220,1880207,765655,52391,1932598,818046,41.0413286989953,17.372311663832,147
-7.6926,53.28823,2021/05/25 23:00:00+00,Wed 26 May 2021,19922,25419,3048,1900129,791074,55439,1955568,846513,41.5291276723027,17.9768468563936,148
-7.6926,53.28823,2021/05/26 23:00:00+00,Thu 27 May 2021,16961,35998,550,1917090,827072,55989,1973079,883061,41.9009974076787,18.7529929981628,149
-7.6926,53.28823,2021/05/27 23:00:00+00,Fri 28 May 2021,26973,31806,1553,1944063,858878,57542,2001605,916420,42.5067855449258,19.4614164178651,150
-7.6926,53.28823,2021/05/28 23:00:00+00,Sat 29 May 2021,24418,7374,532,1968481,866252,58074,2026555,924326,43.0366324924234,19.6293110057175,151
-7.6926,53.28823,2021/05/29 23:00:00+00,Sun 30 May 2021,24196,1663,207,1992677,867915,58281,2050958,926196,43.5548631561422,19.6690229813415,152
-7.6926,53.28823,2021/05/30 23:00:00+00,Mon 31 May 2021,22517,7310,3436,2015194,875225,61717,2076911,936942,44.1060101632927,19.897228804901,153
-7.6926,53.28823,2021/05/31 23:00:00+00,Tue 01 Jun 2021,27460,11491,3644,2042654,886716,65361,2108015,952077,44.7665456123895,20.2186409712487,154
-7.6926,53.28823,2021/06/01 23:00:00+00,Wed 02 Jun 2021,18623,20874,3997,2061277,907590,69358,2130635,976948,45.2469118629865,20.7468102470488,155
-7.6926,53.28823,2021/06/02 23:00:00+00,Thu 03 Jun 2021,16618,30693,1970,2077895,938283,71328,2149223,1009611,45.6416531479598,21.4404531667327,156
-7.6926,53.28823,2021/06/03 23:00:00+00,Fri 04 Jun 2021,28957,23333,148,2106852,961616,71476,2178328,1033092,46.259737132205,21.9391039151973,157
-7.6926,53.28823,2021/06/04 23:00:00+00,Sat 05 Jun 2021,20901,11469,32,2127753,973085,71508,2199261,1044593,46.7042776593379,22.1833431834606,158
-7.6926,53.28823,2021/06/05 23:00:00+00,Sun 06 Jun 2021,19891,3885,38,2147644,976970,71546,2219190,1048516,47.1274968904674,22.2666533868688,159
-7.6926,53.28823,2021/06/06 23:00:00+00,Mon 07 Jun 2021,19743,4552,36,2167387,981522,71582,2238969,1053104,47.5475306690066,22.3640857634266,160
-7.6926,53.28823,2021/06/07 23:00:00+00,Tue 08 Jun 2021,26367,18327,39,2193754,999849,71621,2265375,1071470,48.1082977429794,22.7541125785665,161
-7.6926,53.28823,2021/06/08 23:00:00+00,Wed 09 Jun 2021,32721,20079,168,2226475,1019928,71789,2298264,1091717,48.8067400778992,23.1840849691871,162
-7.6926,53.28823,2021/06/09 23:00:00+00,Thu 10 Jun 2021,27614,27458,266,2254089,1047386,72055,2326144,1119441,49.398809532658,23.7728415532522,163
-7.6926,53.28823,2021/06/10 23:00:00+00,Fri 11 Jun 2021,26376,32868,36,2280465,1080254,72091,2352556,1152345,49.9597040247344,24.4716024334309,164
-7.6926,53.28823,2021/06/11 23:00:00+00,Sat 12 Jun 2021,12156,19695,101,2292621,1099949,72192,2364813,1172141,50.2199979740522,24.8919972299304,165
-7.6926,53.28823,2021/06/12 23:00:00+00,Sun 13 Jun 2021,8516,18154,829,2301137,1118103,73021,2374158,1191124,50.4184516704195,25.2951268733912,166
-7.6926,53.28823,2021/06/13 23:00:00+00,Mon 14 Jun 2021,15967,31272,43,2317104,1149375,73064,2390168,1222439,50.7584456435432,25.9601431924648,167
-7.6926,53.28823,2021/06/14 23:00:00+00,Tue 15 Jun 2021,14640,41532,200,2331744,1190907,73264,2405008,1264171,51.0735930864636,26.8463785757502,168
-7.6926,53.28823,2021/06/15 23:00:00+00,Wed 16 Jun 2021,13393,48357,209,2345137,1239264,73473,2418610,1312737,51.3624499273398,27.8777431790435,169
-7.6926,53.28823,2021/06/16 23:00:00+00,Thu 17 Jun 2021,21525,42637,532,2366662,1281901,74005,2440667,1355906,51.8308601125484,28.7944951981426,170
-7.6926,53.28823,2021/06/17 23:00:00+00,Fri 18 Jun 2021,11966,50016,545,2378628,1331917,74550,2453178,1406467,52.0965480949188,29.8682263208851,171
-7.6926,53.28823,2021/06/18 23:00:00+00,Sat 19 Jun 2021,6263,32760,430,2384891,1364677,74980,2459871,1439657,52.238682989492,30.5730607973358,172
-7.6926,53.28823,2021/06/19 23:00:00+00,Sun 20 Jun 2021,8474,26116,172,2393365,1390793,75152,2468517,1465945,52.4222924767892,31.1313219819376,173
-7.6926,53.28823,2021/06/20 23:00:00+00,Mon 21 Jun 2021,15414,32288,563,2408779,1423081,75715,2484494,1498796,52.7615856503431,31.8289573355346,174
-7.6926,53.28823,2021/06/21 23:00:00+00,Tue 22 Jun 2021,15084,43500,713,2423863,1466581,76428,2500291,1543009,53.0970562807887,32.7678801046612,175
-7.6926,53.28823,2021/06/22 23:00:00+00,Wed 23 Jun 2021,20027,39345,876,2443890,1505926,77304,2521194,1583230,53.5409597174036,33.6220273621883,176
-7.6926,53.28823,2021/06/23 23:00:00+00,Thu 24 Jun 2021,18965,44219,1028,2462855,1550145,78332,2541187,1628477,53.9655380749715,34.5829085178365,177
-7.6926,53.28823,2021/06/24 23:00:00+00,Fri 25 Jun 2021,15149,50091,826,2478004,1600236,79158,2557162,1679394,54.3047887758242,35.664199781393,178
-7.6926,53.28823,2021/06/25 23:00:00+00,Sat 26 Jun 2021,9000,30511,490,2487004,1630747,79648,2566652,1710395,54.5063217430287,36.3225478863779,179
-7.6926,53.28823,2021/06/26 23:00:00+00,Sun 27 Jun 2021,8691,30441,51,2495695,1661188,79699,2575394,1740887,54.6919699199835,36.9700866889068,180
-7.6926,53.28823,2021/06/27 23:00:00+00,Mon 28 Jun 2021,24169,24593,511,2519864,1685781,80210,2600074,1765991,55.2160830528188,37.5032040343969,181
-7.6926,53.28823,2021/06/28 23:00:00+00,Tue 29 Jun 2021,28093,30962,802,2547957,1716743,81012,2628969,1797755,55.8297074034378,38.1777554748905,182
-7.6926,53.28823,2021/06/29 23:00:00+00,Wed 30 Jun 2021,22494,36816,568,2570451,1753559,81580,2652031,1835139,56.3194601210005,38.9716552057622,183
-7.6926,53.28823,2021/06/30 23:00:00+00,Thu 01 Jul 2021,14902,48267,628,2585353,1801826,82208,2667561,1884034,56.6492606458356,40.0100065684032,184
-7.6926,53.28823,2021/07/01 23:00:00+00,Fri 02 Jul 2021,13589,47200,811,2598942,1849026,83019,2681961,1932045,56.9550640944916,41.0295849971129,185
-7.6926,53.28823,2021/07/02 23:00:00+00,Sat 03 Jul 2021,9261,30424,497,2608203,1879450,83516,2691719,1962966,57.1622884036572,41.6862341940497,186
-7.6926,53.28823,2021/07/03 23:00:00+00,Sun 04 Jul 2021,6400,27746,227,2614603,1907196,83743,2698346,1990939,57.3030216990907,42.2802786294144,187
-7.6926,53.28823,2021/07/04 23:00:00+00,Mon 05 Jul 2021,15513,33374,5328,2630116,1940570,89071,2719187,2029641,57.7456084819683,43.1021678703784,188
-7.6926,53.28823,2021/07/05 23:00:00+00,Tue 06 Jul 2021,12330,48293,5477,2642446,1988863,94548,2736994,2083411,58.1237641771222,44.2440464421999,189
-7.6926,53.28823,2021/07/06 23:00:00+00,Wed 07 Jul 2021,19630,43699,5044,2662076,2032562,99592,2761668,2132154,58.6477498918539,45.2791698795495,190
-7.6926,53.28823,2021/07/07 23:00:00+00,Thu 08 Jul 2021,17692,45532,5984,2679768,2078094,105576,2785344,2183670,59.1505417286857,46.3731817171161,191
-7.6926,53.28823,2021/07/08 23:00:00+00,Fri 09 Jul 2021,13464,45042,6517,2693232,2123136,112093,2805325,2235229,59.5748652500464,47.4681067177585,192
-7.6926,53.28823,2021/07/09 23:00:00+00,Sat 10 Jul 2021,8572,23805,4354,2701804,2146941,116447,2818251,2263388,59.8493663179162,48.066101114335,193
-7.6926,53.28823,2021/07/10 23:00:00+00,Sun 11 Jul 2021,15191,16075,2148,2716995,2163016,118595,2835590,2281611,60.2175834009888,48.453091131339,194
-7.6926,53.28823,2021/07/11 23:00:00+00,Mon 12 Jul 2021,17052,31676,6079,2734047,2194692,124674,2858721,2319366,60.708801426743,49.2548695482837,195
-7.6926,53.28823,2021/07/12 23:00:00+00,Tue 13 Jul 2021,20038,36491,8477,2754085,2231183,133151,2887236,2364334,61.3143559641335,50.2098257621142,196
-7.6926,53.28823,2021/07/13 23:00:00+00,Wed 14 Jul 2021,20732,35622,9319,2774817,2266805,142470,2917287,2409275,61.9525295360473,51.1642085944785,197
-7.6926,53.28823,2021/07/14 23:00:00+00,Thu 15 Jul 2021,23558,28768,9562,2798375,2295573,152032,2950407,2447605,62.6558774679559,51.9781979130189,198
-7.6926,53.28823,2021/07/15 23:00:00+00,Fri 16 Jul 2021,23486,27346,9155,2821861,2322919,161187,2983048,2484106,63.3490531879266,52.7533459463098,199
-7.6926,53.28823,2021/07/16 23:00:00+00,Sat 17 Jul 2021,11452,19375,4669,2833313,2342294,165856,2999169,2508150,63.691404395967,53.2639527601628,200
-7.6926,53.28823,2021/07/17 23:00:00+00,Sun 18 Jul 2021,16819,15761,1922,2850132,2358055,167778,3017910,2525833,64.0893948425824,53.6394751478422,201
-7.6926,53.28823,2021/07/18 23:00:00+00,Mon 19 Jul 2021,24822,18338,6232,2874954,2376393,174010,3048964,2550403,64.7488684741491,54.1612522821113,202
-7.6926,53.28823,2021/07/19 23:00:00+00,Tue 20 Jul 2021,30512,18088,7687,2905466,2394481,181697,3087163,2576178,65.5600758307607,54.7086192188548,203
-7.6926,53.28823,2021/07/20 23:00:00+00,Wed 21 Jul 2021,30285,19756,6875,2935751,2414237,188572,3124323,2602809,66.3492186190978,55.2741644717129,204
-7.6926,53.28823,2021/07/21 23:00:00+00,Thu 22 Jul 2021,33474,15847,6924,2969225,2430084,195496,3164721,2625580,67.2071247106813,55.7577374112506,205
-7.6926,53.28823,2021/07/22 23:00:00+00,Fri 23 Jul 2021,27033,20741,5602,2996258,2450825,201098,3197356,2651923,67.9001730125484,56.3171665951356,206
-7.6926,53.28823,2021/07/23 23:00:00+00,Sat 24 Jul 2021,15396,14742,2261,3011654,2465567,203359,3215013,2668926,68.2751432551121,56.6782482644062,207
-7.6926,53.28823,2021/07/24 23:00:00+00,Sun 25 Jul 2021,14679,13592,1031,3026333,2479159,204390,3230723,2683549,68.6087663230554,56.9887874192461,208
-7.6926,53.28823,2021/07/25 23:00:00+00,Mon 26 Jul 2021,23775,18190,3404,3050108,2497349,207794,3257902,2705143,69.1859490960429,57.4473651741264,209
-7.6926,53.28823,2021/07/26 23:00:00+00,Tue 27 Jul 2021,25430,23787,3657,3075538,2521136,211451,3286989,2732587,69.8036508259772,58.0301755800231,210
-7.6926,53.28823,2021/07/27 23:00:00+00,Wed 28 Jul 2021,23381,25194,3249,3098919,2546330,214700,3313619,2761030,70.3691748424847,58.6342011001704,211
-7.6926,53.28823,2021/07/28 23:00:00+00,Thu 29 Jul 2021,19204,27783,2950,3118123,2574113,217650,3335773,2791763,70.8396449537016,59.2868578631942,212
-7.6926,53.28823,2021/07/29 23:00:00+00,Fri 30 Jul 2021,21885,22846,2109,3140008,2596959,219759,3359767,2816718,71.3491899500245,59.8168109924447,213
-7.6926,53.28823,2021/07/30 23:00:00+00,Sat 31 Jul 2021,13697,12402,900,3153705,2609361,220659,3374364,2830020,71.6591769597488,60.0992969281406,214
-7.6926,53.28823,2021/07/31 23:00:00+00,Sun 01 Aug 2021,11058,9259,364,3164763,2618620,221023,3385786,2839643,71.9017385563147,60.3036543299751,215
-7.6926,53.28823,2021/08/01 23:00:00+00,Mon 02 Aug 2021,14962,15920,420,3179725,2634540,221443,3401168,2855983,72.2283961012609,60.6506562987972,216
-7.6926,53.28823,2021/08/02 23:00:00+00,Tue 03 Aug 2021,17289,25361,1103,3197014,2659901,222546,3419560,2882447,72.6189750615164,61.2126550811048,217
-7.6926,53.28823,2021/08/03 23:00:00+00,Wed 04 Aug 2021,22056,17199,1570,3219070,2677100,224116,3443186,2901216,73.1207050808181,61.611240145537,218
-7.6926,53.28823,2021/08/04 23:00:00+00,Thu 05 Aug 2021,13476,29948,1417,3232546,2707048,225533,3458079,2932581,73.4369780503204,62.2773182821406,219
-7.6926,53.28823,2021/08/05 23:00:00+00,Fri 06 Aug 2021,12141,24667,941,3244687,2731715,226474,3471161,2958189,73.714791988884,62.8211387483337,220
-7.6926,53.28823,2021/08/06 23:00:00+00,Sat 07 Aug 2021,6308,8387,578,3250995,2740102,227052,3478047,2967154,73.8610254991233,63.0115226314727,221
-7.6926,53.28823,2021/08/07 23:00:00+00,Sun 08 Aug 2021,8591,11916,153,3259586,2752018,227205,3486791,2979223,74.0467161487793,63.2678241468774,222
-7.6926,53.28823,2021/08/08 23:00:00+00,Mon 09 Aug 2021,5503,22938,597,3265089,2774956,227802,3492891,3002758,74.1762578874461,63.7676216582744,223
-7.6926,53.28823,2021/08/09 23:00:00+00,Tue 10 Aug 2021,9295,25912,707,3274384,2800868,228509,3502893,3029377,74.3886638661583,64.3329120749252,224
-7.6926,53.28823,2021/08/10 23:00:00+00,Wed 11 Aug 2021,6970,31144,653,3281354,2832012,229162,3510516,3061174,74.5505485667906,65.0081643149886,225
-7.6926,53.28823,2021/08/11 23:00:00+00,Thu 12 Aug 2021,6723,38210,857,3288077,2870222,230019,3518096,3100241,74.7115201043469,65.837804823922,226
-7.6926,53.28823,2021/08/12 23:00:00+00,Fri 13 Aug 2021,10875,28167,860,3298952,2898389,230879,3529831,3129268,74.9607286786509,66.4542323728203,227
-7.6926,53.28823,2021/08/13 23:00:00+00,Sat 14 Aug 2021,18095,5796,277,3317047,2904185,231156,3548203,3135341,75.3508829118944,66.5832007300208,228
-7.6926,53.28823,2021/08/14 23:00:00+00,Sun 15 Aug 2021,16977,3691,46,3334024,2907876,231202,3565226,3139078,75.712389308177,66.6625609722171,229
-7.6926,53.28823,2021/08/15 23:00:00+00,Mon 16 Aug 2021,10151,23067,379,3344175,2930943,231581,3575756,3162524,75.9360080800067,67.1604684484106,230
-7.6926,53.28823,2021/08/16 23:00:00+00,Tue 17 Aug 2021,12853,26807,523,3357028,2957750,232104,3589132,3189854,76.2200655056471,67.7408579103389,231
-7.6926,53.28823,2021/08/17 23:00:00+00,Wed 18 Aug 2021,15189,25713,654,3372217,2983463,232758,3604975,3216221,76.5565130082204,68.3007967666382,232
-7.6926,53.28823,2021/08/18 23:00:00+00,Thu 19 Aug 2021,11337,25627,537,3383554,3009090,233295,3616849,3242385,76.8086734352579,68.8564246437655,233
-7.6926,53.28823,2021/08/19 23:00:00+00,Fri 20 Aug 2021,14814,22176,683,3398368,3031266,233978,3632346,3265244,77.1377731605232,69.3418663821562,234
-7.6926,53.28823,2021/08/20 23:00:00+00,Sat 21 Aug 2021,11847,7924,240,3410215,3039190,234218,3644433,3273408,77.3944569302388,69.5152399484636,235
-7.6926,53.28823,2021/08/21 23:00:00+00,Sun 22 Aug 2021,7994,12218,160,3418209,3051408,234378,3652587,3285786,77.5676181330402,69.7781034962041,236
-7.6926,53.28823,2021/08/22 23:00:00+00,Mon 23 Aug 2021,10841,15313,284,3429050,3066721,234662,3663712,3301383,77.8038725334775,70.1093268565295,237
-7.6926,53.28823,2021/08/23 23:00:00+00,Tue 24 Aug 2021,9724,22869,382,3438774,3089590,235044,3673818,3324634,78.0184870926523,70.6030932443558,238
-7.6926,53.28823,2021/08/24 23:00:00+00,Wed 25 Aug 2021,9394,19453,310,3448168,3109043,235354,3683522,3344397,78.2245646388854,71.0227872412855,239
-7.6926,53.28823,2021/08/25 23:00:00+00,Thu 26 Aug 2021,8555,19369,363,3456723,3128412,235717,3692440,3364129,78.4139504135461,71.4418229113465,240
-7.6926,53.28823,2021/08/26 23:00:00+00,Fri 27 Aug 2021,9695,19145,430,3466418,3147557,236147,3702565,3383704,78.6289684633823,71.8575244743632,241
-7.6926,53.28823,2021/08/27 23:00:00+00,Sat 28 Aug 2021,9906,7866,152,3476324,3155423,236299,3712623,3391722,78.8425636777282,72.0277975334828,242
-7.6926,53.28823,2021/08/28 23:00:00+00,Sun 29 Aug 2021,8789,9165,28,3485113,3164588,236327,3721440,3400915,79.0298045809781,72.2230233045588,243
-7.6926,53.28823,2021/08/29 23:00:00+00,Mon 30 Aug 2021,5038,11064,80,3490151,3175652,236407,3726558,3412059,79.1384922233546,72.4596811956575,244
-7.6926,53.28823,2021/08/30 23:00:00+00,Tue 31 Aug 2021,4045,12816,140,3494196,3188468,236547,3730743,3425015,79.2273663506202,72.7348193540454,245
-7.6926,53.28823,2021/08/31 23:00:00+00,Wed 01 Sep 2021,4928,12487,179,3499124,3200955,236726,3735850,3437681,79.3358203931401,73.003798970759,246
-7.6926,53.28823,2021/09/01 23:00:00+00,Thu 02 Sep 2021,4995,12313,246,3504119,3213268,236972,3741091,3450240,79.4471201066405,73.2705062979583,247
-7.6926,53.28823,2021/09/02 23:00:00+00,Fri 03 Sep 2021,4749,16012,163,3508868,3229280,237135,3746003,3466415,79.5514330607931,73.6140042689312,248
-7.6926,53.28823,2021/09/03 23:00:00+00,Sat 04 Sep 2021,4617,10544,132,3513485,3239824,237267,3750752,3477091,79.6522844897977,73.8407235479486,249
-7.6926,53.28823,2021/09/04 23:00:00+00,Sun 05 Sep 2021,5303,11877,1,3518788,3251701,237268,3756056,3488969,79.764922093386,74.0929689203885,250
-7.6926,53.28823,2021/09/05 23:00:00+00,Mon 06 Sep 2021,2142,9641,77,3520930,3261342,237345,3758275,3498687,79.8120455553699,74.2993437755301,251
-7.6926,53.28823,2021/09/06 23:00:00+00,Tue 07 Sep 2021,3022,9967,153,3523952,3271309,237498,3761450,3508807,79.8794709685284,74.5142556436133,252
-7.6926,53.28823,2021/09/07 23:00:00+00,Wed 08 Sep 2021,2587,14768,185,3526539,3286077,237683,3764222,3523760,79.9383381323946,74.8318027941516,253
-7.6926,53.28823,2021/09/08 23:00:00+00,Thu 09 Sep 2021,3104,14761,137,3529643,3300838,237820,3767463,3538658,80.0071651446928,75.1481819454069,254
-7.6926,53.28823,2021/09/09 23:00:00+00,Fri 10 Sep 2021,3362,13917,115,3533005,3314755,237935,3770940,3552690,80.0810039357329,75.4461704170416,255
-7.6926,53.28823,2021/09/10 23:00:00+00,Sat 11 Sep 2021,2547,11298,62,3535552,3326053,237997,3773549,3564050,80.1364095744511,75.6874153598701,256
-7.6926,53.28823,2021/09/11 23:00:00+00,Sun 12 Sep 2021,2031,12864,1,3537583,3338917,237998,3775581,3576915,80.1795618388726,75.9606210103534,257
-7.6926,53.28823,2021/09/12 23:00:00+00,Mon 13 Sep 2021,1597,7704,50,3539180,3346621,238048,3777228,3584669,80.2145381083126,76.1252876729143,258
-7.6926,53.28823,2021/09/13 23:00:00+00,Tue 14 Sep 2021,1535,10750,81,3540715,3357371,238129,3778844,3595500,80.248856050884,76.3552985862749,259
-7.6926,53.28823,2021/09/14 23:00:00+00,Wed 15 Sep 2021,3267,12372,136,3543982,3369743,238265,3782247,3608008,80.3211233519796,76.6209228595935,260
-7.6926,53.28823,2021/09/15 23:00:00+00,Thu 16 Sep 2021,1894,10572,113,3545876,3380315,238378,3784254,3618693,80.363744707636,76.8478332657663,261
-7.6926,53.28823,2021/09/16 23:00:00+00,Fri 17 Sep 2021,2554,14589,92,3548430,3394904,238470,3786900,3633374,80.4199360913265,77.1596041289412,262
-7.6926,53.28823,2021/09/17 23:00:00+00,Sat 18 Sep 2021,2277,11210,43,3550707,3406114,238513,3789220,3644627,80.4692044247211,77.3985767822554,263
-7.6926,53.28823,2021/09/18 23:00:00+00,Sun 19 Sep 2021,1856,8483,13,3552563,3414597,238526,3791089,3653123,80.5088951639945,77.5790008169624,264
-7.6926,53.28823,2021/09/19 23:00:00+00,Mon 20 Sep 2021,945,5594,33,3553508,3420191,238559,3792067,3658750,80.5296643148824,77.6984977617948,265
-7.6926,53.28823,2021/09/20 23:00:00+00,Tue 21 Sep 2021,1458,6645,90,3554966,3426836,238649,3793615,3665485,80.5625381856129,77.8415245830933,266
-7.6926,53.28823,2021/09/21 23:00:00+00,Wed 22 Sep 2021,1890,8119,96,3556856,3434955,238745,3795601,3673700,80.6047135779067,78.0159812032814,267
-7.6926,53.28823,2021/09/22 23:00:00+00,Thu 23 Sep 2021,1690,8740,88,3558546,3443695,238833,3797379,3682528,80.6424718092755,78.2034557063879,268
-7.6926,53.28823,2021/09/23 23:00:00+00,Fri 24 Sep 2021,1904,7366,79,3560450,3451061,238912,3799362,3689973,80.6845834925175,78.3615603366131,269
-7.6926,53.28823,2021/09/24 23:00:00+00,Sat 25 Sep 2021,2410,6571,51,3562860,3457632,238963,3801823,3696595,80.7368461513468,78.5021874502937,270
-7.6926,53.28823,2021/09/25 23:00:00+00,Sun 26 Sep 2021,1537,7089,0,3564397,3464721,238963,3803360,3703684,80.7694864222207,78.6527319397049,271
-7.6926,53.28823,2021/09/26 23:00:00+00,Mon 27 Sep 2021,1168,3773,45,3565565,3468494,239008,3804573,3707502,80.7952461154998,78.7338123262999,272
-7.6926,53.28823,2021/09/27 23:00:00+00,Tue 28 Sep 2021,1441,5103,91,3567006,3473597,239099,3806105,3712696,80.8277802046207,78.8441139313221,273
-7.6926,53.28823,2021/09/28 23:00:00+00,Wed 29 Sep 2021,1643,3593,77,3568649,3477190,239176,3807825,3716366,80.8643067276546,78.9220513380281,274
-7.6926,53.28823,2021/09/29 23:00:00+00,Thu 30 Sep 2021,1279,3935,77,3569928,3481125,239253,3809181,3720378,80.8931032190697,79.0072515766398,275
-7.6926,53.28823,2021/09/30 23:00:00+00,Fri 01 Oct 2021,1838,5147,41,3571766,3486272,239294,3811060,3725566,80.9330063218492,79.1174257635583,276
-7.6926,53.28823,2021/10/01 23:00:00+00,Sat 02 Oct 2021,1705,4070,40,3573471,3490342,239334,3812805,3729676,80.9700637536481,79.2047071645288,277
-7.6926,53.28823,2021/10/02 23:00:00+00,Sun 03 Oct 2021,1194,3005,9,3574665,3493347,239343,3814008,3732690,80.9956110834213,79.2687135252406,278
-7.6926,53.28823,2021/10/03 23:00:00+00,Mon 04 Oct 2021,334,1214,19,3574999,3494561,239362,3814361,3733923,81.0031075151835,79.2948979455317,279
-7.6926,53.28823,2021/10/04 23:00:00+00,Tue 05 Oct 2021,960,2804,69,3575959,3497365,239431,3815390,3736796,81.024959719952,79.3559099808087,280
-7.6926,53.28823,2021/10/05 23:00:00+00,Wed 06 Oct 2021,970,2541,35,3576929,3499906,239466,3816395,3739372,81.0463022523061,79.4106148199572,281
-7.6926,53.28823,2021/10/06 23:00:00+00,Thu 07 Oct 2021,1202,2669,44,3578131,3502575,239510,3817641,3742085,81.0727627451551,79.468229039138,282
-7.6926,53.28823,2021/10/07 23:00:00+00,Fri 08 Oct 2021,974,2762,45,3579105,3505337,239555,3818660,3744892,81.0944025864176,79.5278394752753,283
-7.6926,53.28823,2021/10/08 23:00:00+00,Sat 09 Oct 2021,728,2358,23,3579833,3507695,239578,3819411,3747273,81.110351085719,79.5784032260565,284
-7.6926,53.28823,2021/10/09 23:00:00+00,Sun 10 Oct 2021,1499,3904,1,3581332,3511599,239579,3820911,3751178,81.1422056116207,79.6613311751538,285
-7.6926,53.28823,2021/10/10 23:00:00+00,Mon 11 Oct 2021,330,1099,15,3581662,3512698,239594,3821256,3752292,81.1495321525781,79.6849884697234,286
-7.6926,53.28823,2021/10/11 23:00:00+00,Tue 12 Oct 2021,562,1586,20,3582224,3514284,239614,3821838,3753898,81.1618917086279,79.7190940487888,287
-7.6926,53.28823,2021/10/12 23:00:00+00,Wed 13 Oct 2021,1019,2031,9,3583243,3516315,239623,3822866,3755938,81.1837226770459,79.7624162040151,288
-7.6926,53.28823,2021/10/13 23:00:00+00,Thu 14 Oct 2021,689,1562,7,3583932,3517877,239630,3823562,3757507,81.1985031770642,79.7957360381082,289
-7.6926,53.28823,2021/10/14 23:00:00+00,Fri 15 Oct 2021,954,2045,7,3584886,3519922,239637,3824523,3759559,81.2189113099919,79.8393130295417,290
-7.6926,53.28823,2021/10/15 23:00:00+00,Sat 16 Oct 2021,1373,2615,13,3586259,3522537,239650,3825909,3762187,81.248344891925,79.8951221589214,291
-7.6926,53.28823,2021/10/16 23:00:00+00,Sun 17 Oct 2021,1697,2882,2,3587956,3525419,239652,3827608,3765071,81.2844254515963,79.956367794055,292
-7.6926,53.28823,2021/10/17 23:00:00+00,Mon 18 Oct 2021,667,1214,4,3588623,3526633,239656,3828279,3766289,81.2986750428496,79.9822336690871,293
-7.6926,53.28823,2021/10/18 23:00:00+00,Tue 19 Oct 2021,1330,1770,12,3589953,3528403,239668,3829621,3768071,81.3271742253563,80.0200768458583,294
-7.6926,53.28823,2021/10/19 23:00:00+00,Wed 20 Oct 2021,2243,2287,0,3592196,3530690,239668,3831864,3770358,81.3748073597546,80.068644379683,295
-7.6926,53.28823,2021/10/20 23:00:00+00,Thu 21 Oct 2021,1750,1799,10,3593946,3532489,239678,3833624,3772167,81.4121833368126,80.1070609379204,296
-7.6926,53.28823,2021/10/21 23:00:00+00,Fri 22 Oct 2021,1491,1899,2,3595437,3534388,239680,3835117,3774068,81.44388920826,80.1474312404131,297
-7.6926,53.28823,2021/10/22 23:00:00+00,Sat 23 Oct 2021,2008,1674,1,3597445,3536062,239681,3837126,3775743,81.4865530366176,80.18300212767,298
-7.6926,53.28823,2021/10/23 23:00:00+00,Sun 24 Oct 2021,1943,2179,2,3599388,3538241,239683,3839071,3777924,81.5278577385368,80.229318608331,299
-7.6926,53.28823,2021/10/24 23:00:00+00,Mon 25 Oct 2021,1215,824,2,3600603,3539065,239685,3840288,3778750,81.5537023772183,80.2468598339275,300
-7.6926,53.28823,2021/10/25 23:00:00+00,Tue 26 Oct 2021,1235,1192,6,3601838,3540257,239691,3841529,3779948,81.5800566883143,80.2723009819476,301
-7.6926,53.28823,2021/10/26 23:00:00+00,Wed 27 Oct 2021,1550,1398,5,3603388,3541655,239696,3843084,3781351,81.613079213499,80.302095581841,302
-7.6926,53.28823,2021/10/27 23:00:00+00,Thu 28 Oct 2021,2145,1668,3,3605533,3543323,239699,3845232,3783022,81.6586948945902,80.3375815236954,303
-7.6926,53.28823,2021/10/28 23:00:00+00,Fri 29 Oct 2021,2132,1340,0,3607665,3544663,239699,3847364,3784362,81.7039707940718,80.3660382335009,304
-7.6926,53.28823,2021/10/29 23:00:00+00,Sat 30 Oct 2021,2008,1431,0,3609673,3546094,239699,3849372,3785793,81.7466133860788,80.3964274512111,305
-7.6926,53.28823,2021/10/30 23:00:00+00,Sun 31 Oct 2021,1624,1314,0,3611297,3547408,239699,3850996,3787107,81.781101219455,80.4243320159009,306
-7.6926,53.28823,2021/11/01 00:00:00+00,Mon 01 Nov 2021,262,262,2,3611559,3547670,239701,3851260,3787371,81.7867076160137,80.4299384124596,307
-7.6926,53.28823,2021/11/02 00:00:00+00,Tue 02 Nov 2021,1089,1074,9,3612648,3548744,239710,3852358,3788454,81.8100251289737,80.4529373801606,308
-7.6926,53.28823,2021/11/03 00:00:00+00,Wed 03 Nov 2021,2532,1836,5,3615180,3550580,239715,3854895,3790295,81.8639017504487,80.4920335016173,309
-7.6926,53.28823,2021/11/04 00:00:00+00,Thu 04 Nov 2021,1542,1250,1,3616722,3551830,239716,3856438,3791546,81.8966694394262,80.5186001762192,310
-7.6926,53.28823,2021/11/05 00:00:00+00,Fri 05 Nov 2021,1627,1060,2,3618349,3552890,239718,3858067,3792608,81.9312634545554,80.5411531805576,311
-7.6926,53.28823,2021/11/06 00:00:00+00,Sat 06 Nov 2021,1818,1337,5,3620167,3554227,239723,3859890,3793950,81.9699773217012,80.5696523630643,312
-7.6926,53.28823,2021/11/07 00:00:00+00,Sun 07 Nov 2021,725,765,0,3620892,3554992,239723,3860615,3794715,81.985373675887,80.5858981712741,313
-7.6926,53.28823,2021/11/08 00:00:00+00,Mon 08 Nov 2021,514,513,2,3621406,3555505,239725,3861131,3795230,81.9963316327972,80.5968348918337,314
-7.6926,53.28823,2021/11/09 00:00:00+00,Tue 09 Nov 2021,1373,1038,1,3622779,3556543,239726,3862505,3796269,82.0255103785231,80.6188994601083,315
-7.6926,53.28823,2021/11/10 00:00:00+00,Wed 10 Nov 2021,1625,1323,0,3624404,3557866,239726,3864130,3797592,82.0600194482499,80.6469951519535,316
-7.6926,53.28823,2021/11/11 00:00:00+00,Thu 11 Nov 2021,1397,1085,1,3625801,3558951,239727,3865528,3798678,82.0897078663902,80.6700578287063,317
-7.6926,53.28823,2021/11/12 00:00:00+00,Fri 12 Nov 2021,1152,1117,5,3626953,3560068,239732,3866685,3799800,82.1142783240357,80.6938850140808,318
-7.6926,53.28823,2021/11/13 00:00:00+00,Sat 13 Nov 2021,1411,1358,0,3628364,3561426,239732,3868096,3801158,82.1442428147339,80.7227239781971,319
-7.6926,53.28823,2021/11/14 00:00:00+00,Sun 14 Nov 2021,1648,1800,0,3630012,3563226,239732,3869744,3802958,82.1792403205245,80.760949409279,320
-7.6926,53.28823,2021/11/15 00:00:00+00,Mon 15 Nov 2021,1245,568,0,3631257,3563794,239732,3870989,3803526,82.2056795770229,80.7730116564205,321
-7.6926,53.28823,2021/11/16 00:00:00+00,Tue 16 Nov 2021,1319,1050,5,3632576,3564844,239737,3872313,3804581,82.2337965052187,80.7954160063046,322
-7.6926,53.28823,2021/11/17 00:00:00+00,Wed 17 Nov 2021,1518,1088,0,3634094,3565932,239737,3873831,3805669,82.2660332854312,80.8185211557586,323
-7.6926,53.28823,2021/11/18 00:00:00+00,Thu 18 Nov 2021,1665,2474,5,3635759,3568406,239742,3875501,3808148,82.301497990935,80.8711660688988,324
-7.6926,53.28823,2021/11/19 00:00:00+00,Fri 19 Nov 2021,1183,1525,0,3636942,3569931,239742,3876684,3809673,82.3266205936961,80.9035515035655,325
-7.6926,53.28823,2021/11/20 00:00:00+00,Sat 20 Nov 2021,1540,2922,11,3638482,3572853,239753,3878235,3812606,82.3595581734785,80.9658377198785,326
-7.6926,53.28823,2021/11/21 00:00:00+00,Sun 21 Nov 2021,1788,2752,0,3640270,3575605,239753,3880023,3815358,82.3975287683532,81.0242801567328,327
-7.6926,53.28823,2021/11/22 00:00:00+00,Mon 22 Nov 2021,710,491,2,3640980,3576096,239755,3880735,3815851,82.4126490499812,81.0347496775791,328
-7.6926,53.28823,2021/11/23 00:00:00+00,Tue 23 Nov 2021,2162,1556,6,3643142,3577652,239761,3882903,3817413,82.4586894580844,81.067920857218,329
-7.6926,53.28823,2021/11/24 00:00:00+00,Wed 24 Nov 2021,1626,3119,2,3644768,3580771,239763,3884531,3820534,82.493262236863,81.1341995074441,330
-7.6926,53.28823,2021/11/25 00:00:00+00,Thu 25 Nov 2021,1002,1160,1,3645770,3581931,239764,3885534,3821695,82.5145622965159,81.158854910492,331
-7.6926,53.28823,2021/11/26 00:00:00+00,Fri 26 Nov 2021,1290,1076,12,3647060,3583007,239776,3886836,3822783,82.5422120249986,81.181960059946,332
-7.6926,53.28823,2021/11/27 00:00:00+00,Sat 27 Nov 2021,1226,1551,5,3648286,3584558,239781,3888067,3824339,82.5683539725886,81.2150038214813,333
-7.6926,53.28823,2021/11/28 00:00:00+00,Sun 28 Nov 2021,1966,2251,0,3650252,3586809,239781,3890033,3826590,82.6101046378703,81.2628068466844,334
-7.6926,53.28823,2021/11/29 00:00:00+00,Mon 29 Nov 2021,553,976,1,3650805,3587785,239782,3890587,3827567,82.6218695761033,81.2835547612217,335
-7.6926,53.28823,2021/11/30 00:00:00+00,Tue 30 Nov 2021,1928,1620,6,3652733,3589405,239788,3892521,3829193,82.6629406781659,81.3180850672991,336
-7.6926,53.28823,2021/12/01 00:00:00+00,Wed 01 Dec 2021,1083,1352,1,3653816,3590757,239789,3893605,3830546,82.6859608822175,81.3468178496624,337
-7.6926,53.28823,2020/12/28 00:00:00+00,Mon 28 Dec 2020,195,20,0,195,20,0,195,20,0.00414108836721558,0.00042472701202211,338
-7.6926,53.28823,2020/12/29 00:00:00+00,Tue 29 Dec 2020,74,2,0,269,22,0,269,22,0.00571257831169739,0.000467199713224322,339
-7.6926,53.28823,2020/12/30 00:00:00+00,Wed 30 Dec 2020,1056,1,0,1325,23,0,1325,23,0.0281381645464648,0.000488436063825427,340
-7.6926,53.28823,2020/12/31 00:00:00+00,Thu 31 Dec 2020,1031,1,0,2356,24,0,2356,24,0.0500328420162046,0.000509672414426533,341
-7.6926,53.28823,2021/01/01 00:00:00+00,Fri 01 Jan 2021,812,0,1,3168,24,1,3169,25,0.0672979950549034,0.000530908765027638,342
-7.6926,53.28823,2021/01/02 00:00:00+00,Sat 02 Jan 2021,1014,0,0,4182,24,1,4183,25,0.0888316545644244,0.000530908765027638,343
-7.6926,53.28823,2021/01/03 00:00:00+00,Sun 03 Jan 2021,19,2,1,4201,26,2,4203,28,0.0892563815764465,0.000594617816830955,344
-7.6926,53.28823,2021/01/04 00:00:00+00,Mon 04 Jan 2021,1187,3,0,5388,29,2,5390,31,0.114463929739959,0.000658326868634271,345
-7.6926,53.28823,2021/01/05 00:00:00+00,Tue 05 Jan 2021,3522,9,0,8910,38,2,8912,40,0.189258356557052,0.000849454024044221,346
-7.6926,53.28823,2021/01/06 00:00:00+00,Wed 06 Jan 2021,6769,8,0,15679,46,2,15681,48,0.333007213775936,0.00101934482885307,347
-7.6926,53.28823,2021/01/07 00:00:00+00,Thu 07 Jan 2021,11716,8,0,27395,54,2,27397,56,0.581812297418488,0.00118923563366191,348
-7.6926,53.28823,2021/01/08 00:00:00+00,Fri 08 Jan 2021,12674,5,0,40069,59,2,40071,61,0.850961804936899,0.00129541738666744,349
-7.6926,53.28823,2021/01/09 00:00:00+00,Sat 09 Jan 2021,8073,6,0,48142,65,2,48144,67,1.02240286333962,0.00142283549027407,350
-7.6926,53.28823,2021/01/10 00:00:00+00,Sun 10 Jan 2021,4776,3,1,52918,68,3,52921,71,1.12384891016111,0.00150778089267849,351
-7.6926,53.28823,2021/01/11 00:00:00+00,Mon 11 Jan 2021,8337,7,0,61255,75,3,61258,78,1.30089636512252,0.00165643534688623,352
-7.6926,53.28823,2021/01/12 00:00:00+00,Tue 12 Jan 2021,8876,9,0,70131,84,3,70134,87,1.48939021305793,0.00184756250229618,353
-7.6926,53.28823,2021/01/13 00:00:00+00,Wed 13 Jan 2021,9874,5,0,80005,89,3,80008,92,1.69907793889325,0.00195374425530171,354
-7.6926,53.28823,2021/01/14 00:00:00+00,Thu 14 Jan 2021,8073,4,0,88078,93,3,88081,96,1.87051899729598,0.00203868965770613,355
-7.6926,53.28823,2021/01/15 00:00:00+00,Fri 15 Jan 2021,7680,2,0,95758,95,3,95761,98,2.03361416991247,0.00208116235890834,356
-7.6926,53.28823,2021/01/16 00:00:00+00,Sat 16 Jan 2021,5224,3,0,100982,98,3,100985,101,2.14455286545264,0.00214487141071166,357
-7.6926,53.28823,2021/01/17 00:00:00+00,Sun 17 Jan 2021,1108,4,0,102090,102,3,102093,105,2.16808274191867,0.00222981681311608,358
-7.6926,53.28823,2021/01/18 00:00:00+00,Mon 18 Jan 2021,8703,7,0,110793,109,3,110796,112,2.35290270120009,0.00237847126732382,359
-7.6926,53.28823,2021/01/19 00:00:00+00,Tue 19 Jan 2021,8370,18,0,119163,127,3,119166,130,2.53065095573134,0.00276072557814372,360
-7.6926,53.28823,2021/01/20 00:00:00+00,Wed 20 Jan 2021,8441,961,0,127604,1088,3,127607,1091,2.70990699115527,0.0231688585058061,361
-7.6926,53.28823,2021/01/21 00:00:00+00,Thu 21 Jan 2021,8985,962,0,136589,2050,3,136592,2053,2.90071560130621,0.0435982277840696,362
-7.6926,53.28823,2021/01/22 00:00:00+00,Fri 22 Jan 2021,6767,967,0,143356,3017,3,143359,3020,3.04442198582389,0.0641337788153387,363
-7.6926,53.28823,2021/01/23 00:00:00+00,Sat 23 Jan 2021,4177,459,0,147533,3476,3,147536,3479,3.1331262222847,0.0738812637412461,364
-7.6926,53.28823,2021/01/24 00:00:00+00,Sun 24 Jan 2021,1181,397,0,148714,3873,3,148717,3876,3.15820635234461,0.082312094929885,365
-7.6926,53.28823,2021/01/25 00:00:00+00,Mon 25 Jan 2021,1347,1286,0,150061,5159,3,150064,5162,3.1868117166043,0.109622041802907,366
-7.6926,53.28823,2021/01/26 00:00:00+00,Tue 26 Jan 2021,998,3496,0,151059,8655,3,151062,8658,3.2080055945042,0.183864323504372,367
-7.6926,53.28823,2021/01/27 00:00:00+00,Wed 27 Jan 2021,2161,6698,0,153220,15353,3,153223,15356,3.25389734815319,0.326105399830576,368
-7.6926,53.28823,2021/01/28 00:00:00+00,Thu 28 Jan 2021,984,11537,0,154204,26890,3,154207,26893,3.27479391714468,0.571109176715531,369
-7.6926,53.28823,2021/01/29 00:00:00+00,Fri 29 Jan 2021,1566,11525,0,155770,38415,3,155773,38418,3.30805004218601,0.815858117393272,370
-7.6926,53.28823,2021/01/30 00:00:00+00,Sat 30 Jan 2021,622,7793,0,156392,46208,3,156395,46211,3.3212590522599,0.981352997627687,371
-7.6926,53.28823,2021/01/31 00:00:00+00,Sun 31 Jan 2021,216,4088,0,156608,50296,3,156611,50299,3.32584610398974,1.06816719888501,372
-7.6926,53.28823,2021/02/01 00:00:00+00,Mon 01 Feb 2021,1009,8336,0,157617,58632,3,157620,58635,3.34727358174625,1.24519341749582,373
-7.6926,53.28823,2021/02/02 00:00:00+00,Tue 02 Feb 2021,823,5107,0,158440,63739,3,158443,63742,3.36475109829096,1.35364746001567,374
-7.6926,53.28823,2021/02/03 00:00:00+00,Wed 03 Feb 2021,1390,6861,0,159830,70600,3,159833,70603,3.3942696256265,1.49935006148985,375
-7.6926,53.28823,2021/02/04 00:00:00+00,Thu 04 Feb 2021,1414,10541,1,161244,81141,4,161248,81145,3.42431906172706,1.72322366952671,376
-7.6926,53.28823,2021/02/05 00:00:00+00,Fri 05 Feb 2021,3377,8611,0,164621,89752,4,164625,89756,3.496034217707,1.90608988455283,377
-7.6926,53.28823,2021/02/06 00:00:00+00,Sat 06 Feb 2021,890,3866,0,165511,93618,4,165515,93622,3.51493456974198,1.9881896159767,378
-7.6926,53.28823,2021/02/07 00:00:00+00,Sun 07 Feb 2021,322,1298,1,165833,94916,5,165838,94921,3.52179391098614,2.01577563540754,379
-7.6926,53.28823,2021/02/08 00:00:00+00,Mon 08 Feb 2021,1158,878,0,166991,95794,5,166996,95799,3.54638560498222,2.03442115123531,380
-7.6926,53.28823,2021/02/09 00:00:00+00,Tue 09 Feb 2021,4242,537,2,171233,96331,7,171240,96338,3.63651267693331,2.0458675442093,381
-7.6926,53.28823,2021/02/10 00:00:00+00,Wed 10 Feb 2021,8814,579,0,180047,96910,7,180054,96917,3.82368987113145,2.05816339120734,382
-7.6926,53.28823,2021/02/11 00:00:00+00,Thu 11 Feb 2021,6173,442,0,186220,97352,7,186227,97359,3.95478186339208,2.06754985817303,383
-7.6926,53.28823,2021/02/12 00:00:00+00,Fri 12 Feb 2021,4384,522,0,190604,97874,7,190611,97881,4.04788202442732,2.07863523318681,384
-7.6926,53.28823,2021/02/13 00:00:00+00,Sat 13 Feb 2021,1203,1913,0,191807,99787,7,191814,99794,4.07342935420045,2.11926037188672,385
-7.6926,53.28823,2021/02/14 00:00:00+00,Sun 14 Feb 2021,2691,25,0,194498,99812,7,194505,99819,4.13057637366803,2.11979128065175,386
-7.6926,53.28823,2021/02/15 00:00:00+00,Mon 15 Feb 2021,1955,7883,0,196453,107695,7,196460,107702,4.17209343909319,2.28719743244027,387
-7.6926,53.28823,2021/02/16 00:00:00+00,Tue 16 Feb 2021,5633,8159,0,202086,115854,7,202093,115861,4.29171780202922,2.46046481699469,388
-7.6926,53.28823,2021/02/17 00:00:00+00,Wed 17 Feb 2021,9729,8462,0,211815,124316,7,211822,124323,4.49832625702737,2.64016681578124,389
-7.6926,53.28823,2021/02/18 00:00:00+00,Thu 18 Feb 2021,8452,8348,0,220267,132664,7,220274,132671,4.67781589230792,2.81744787059927,390
-7.6926,53.28823,2021/02/19 00:00:00+00,Fri 19 Feb 2021,9384,6582,0,229651,139246,7,229658,139253,4.87709780634869,2.95722553025575,391
-7.6926,53.28823,2021/02/20 00:00:00+00,Sat 20 Feb 2021,5884,3567,2,235535,142813,9,235544,142822,5.0020949659868,3.03301806555109,392
-7.6926,53.28823,2021/02/21 00:00:00+00,Sun 21 Feb 2021,1106,1021,4,236641,143834,13,236654,143847,5.02566731515403,3.05478532491723,393
-7.6926,53.28823,2021/02/22 00:00:00+00,Mon 22 Feb 2021,3936,1118,1,240577,144952,14,240591,144966,5.10927482747058,3.07854880123986,394
-7.6926,53.28823,2021/02/23 00:00:00+00,Tue 23 Feb 2021,13353,1061,0,253930,146013,14,253944,146027,5.39284381704714,3.10108056922764,395
-7.6926,53.28823,2021/02/24 00:00:00+00,Wed 24 Feb 2021,16927,2101,3,270857,148114,17,270874,148131,5.75237523272386,3.14576185089236,396
-7.6926,53.28823,2021/02/25 00:00:00+00,Thu 25 Feb 2021,18079,1748,2,288936,149862,19,288955,149881,6.13634968794245,3.1829254644443,397
-7.6926,53.28823,2021/02/26 00:00:00+00,Fri 26 Feb 2021,16083,2764,0,305019,152626,19,305038,152645,6.47789391466003,3.24162273750575,398
-7.6926,53.28823,2021/02/27 00:00:00+00,Sat 27 Feb 2021,8986,703,1,314005,153329,20,314025,153349,6.66874499751216,3.25657312832893,399
-7.6926,53.28823,2021/02/28 00:00:00+00,Sun 28 Feb 2021,2440,51,1,316445,153380,21,316466,153401,6.72058292932946,3.25767741856019,400
-7.6926,53.28823,2021/03/01 00:00:00+00,Mon 01 Mar 2021,5580,785,0,322025,154165,21,322046,154186,6.83908176568363,3.27434795378206,401
-7.6926,53.28823,2021/03/02 00:00:00+00,Tue 02 Mar 2021,12172,1604,0,334197,155769,21,334218,155790,7.09757062520028,3.30841106014623,402
-7.6926,53.28823,2021/03/03 00:00:00+00,Wed 03 Mar 2021,12884,1501,1,347081,157270,22,347103,157292,7.37120100269553,3.34030805874909,403
-7.6926,53.28823,2021/03/04 00:00:00+00,Thu 04 Mar 2021,18722,1686,3,365803,158956,25,365828,158981,7.76885166770123,3.37617625491436,404
-7.6926,53.28823,2021/03/05 00:00:00+00,Fri 05 Mar 2021,18432,2391,6,384235,161347,31,384266,161378,8.16040750008441,3.42707978730521,405
-7.6926,53.28823,2021/03/06 00:00:00+00,Sat 06 Mar 2021,10446,135,4,394681,161482,35,394716,161517,8.38232736386597,3.43003164003876,406
-7.6926,53.28823,2021/03/07 00:00:00+00,Sun 07 Mar 2021,1513,10,2,396194,161492,37,396231,161529,8.41450043502664,3.43028647624597,407
-7.6926,53.28823,2021/03/08 00:00:00+00,Mon 08 Mar 2021,6656,1493,4,402850,162985,41,402891,163026,8.55593453003,3.46207729309583,408
-7.6926,53.28823,2021/03/09 00:00:00+00,Tue 09 Mar 2021,13810,3100,5,416660,166085,46,416706,166131,8.84931471358428,3.52801616171226,409
-7.6926,53.28823,2021/03/10 00:00:00+00,Wed 10 Mar 2021,13716,3979,3,430376,170064,49,430425,170113,9.14065620748084,3.61257930980586,410
-7.6926,53.28823,2021/03/11 00:00:00+00,Thu 11 Mar 2021,18462,2096,3,448838,172160,52,448890,172212,9.53278542133026,3.65715440971758,411
-7.6926,53.28823,2021/03/12 00:00:00+00,Fri 12 Mar 2021,17314,1332,3,466152,173492,55,466207,173547,9.9005353046896,3.68550493777006,412
-7.6926,53.28823,2021/03/13 00:00:00+00,Sat 13 Mar 2021,8290,172,0,474442,173664,55,474497,173719,10.0765846511728,3.68915759007345,413
-7.6926,53.28823,2021/03/14 00:00:00+00,Sun 14 Mar 2021,374,17,1,474816,173681,56,474872,173737,10.0845482826482,3.68953984438427,414
-7.6926,53.28823,2021/03/15 00:00:00+00,Mon 15 Mar 2021,2639,987,0,477455,174668,56,477511,174724,10.1405910118845,3.71050012242756,415
-7.6926,53.28823,2021/03/16 00:00:00+00,Tue 16 Mar 2021,8925,3814,2,486380,178482,58,486438,178540,10.3301679137006,3.79153803632138,416
-7.6926,53.28823,2021/03/17 00:00:00+00,Wed 17 Mar 2021,4878,2415,6,491258,180897,64,491322,180961,10.4338862500364,3.84295124112666,417
-7.6926,53.28823,2021/03/18 00:00:00+00,Thu 18 Mar 2021,11707,4678,3,502965,185575,67,503032,185642,10.6825639155753,3.94235859829043,418
-7.6926,53.28823,2021/03/19 00:00:00+00,Fri 19 Mar 2021,10350,6120,2,513315,191695,69,513384,191764,10.902402616998,4.0723675366704,419
-7.6926,53.28823,2021/03/20 00:00:00+00,Sat 20 Mar 2021,5224,3116,2,518539,194811,71,518610,194882,11.0133837852393,4.13858247784465,420
-7.6926,53.28823,2021/03/21 00:00:00+00,Sun 21 Mar 2021,3628,53,3,522167,194864,74,522241,194938,11.0904929742719,4.13977171347831,421
-7.6926,53.28823,2021/03/22 00:00:00+00,Mon 22 Mar 2021,7390,2397,1,529557,197261,75,529632,197336,11.2474508415647,4.19069648221976,422
-7.6926,53.28823,2021/03/23 00:00:00+00,Tue 23 Mar 2021,12559,7382,3,542116,204643,78,542194,204721,11.5142218778158,4.34752693140892,423
-7.6926,53.28823,2021/03/24 00:00:00+00,Wed 24 Mar 2021,13606,9779,1,555722,214422,79,555801,214501,11.803184900445,4.55521844028774,424
-7.6926,53.28823,2021/03/25 00:00:00+00,Thu 25 Mar 2021,20849,10218,3,576571,224640,82,576653,224722,12.2460052831793,4.77227517978163,425
-7.6926,53.28823,2021/03/26 00:00:00+00,Fri 26 Mar 2021,19688,9493,1,596259,234133,83,596342,234216,12.6641277901645,4.97389309238853,426
-7.6926,53.28823,2021/03/27 00:00:00+00,Sat 27 Mar 2021,11723,5341,2,607982,239474,85,608067,239559,12.9131240009624,5.08735891365024,427
-7.6926,53.28823,2021/03/28 00:00:00+00,Sun 28 Mar 2021,2479,480,0,610461,239954,85,610546,240039,12.9657689141026,5.09755236193877,428
-7.6926,53.28823,2021/03/28 23:00:00+00,Mon 29 Mar 2021,9244,3112,3,619705,243066,88,619793,243154,13.162141448111,5.16370359406121,429
-7.6926,53.28823,2021/03/29 23:00:00+00,Tue 30 Mar 2021,13313,8658,4,633018,251724,92,633110,251816,13.4449459290659,5.34765286296799,430
-7.6926,53.28823,2021/03/30 23:00:00+00,Wed 31 Mar 2021,15806,10502,3,648824,262226,95,648919,262321,13.7806713957188,5.5707407260326,431
-7.6926,53.28823,2021/03/31 23:00:00+00,Thu 01 Apr 2021,19666,11621,7,668490,273847,102,668592,273949,14.1984541210943,5.81767701082226,432
-7.6926,53.28823,2021/04/01 23:00:00+00,Fri 02 Apr 2021,20114,13717,7,688604,287564,109,688713,287673,14.6257507315392,6.10912468647183,433
-7.6926,53.28823,2021/04/02 23:00:00+00,Sat 03 Apr 2021,7532,4648,5,696136,292212,114,696250,292326,14.7858091060197,6.20793742581877,434
-7.6926,53.28823,2021/04/03 23:00:00+00,Sun 04 Apr 2021,3016,167,3,699152,292379,117,699269,292496,14.8499216484845,6.21154760542096,435
-7.6926,53.28823,2021/04/04 23:00:00+00,Mon 05 Apr 2021,3415,600,4,702567,292979,121,702688,293100,14.9225287311896,6.22437436118403,436
-7.6926,53.28823,2021/04/05 23:00:00+00,Tue 06 Apr 2021,11967,8157,10,714534,301136,131,714665,301267,15.1768765023391,6.39781163654326,437
-7.6926,53.28823,2021/04/06 23:00:00+00,Wed 07 Apr 2021,18329,10456,8,732863,311592,139,733002,311731,15.5662874633116,6.62002880923322,438
-7.6926,53.28823,2021/04/07 23:00:00+00,Thu 08 Apr 2021,20160,10566,14,753023,322158,153,753176,322311,15.9947096003383,6.84470939859292,439
-7.6926,53.28823,2021/04/08 23:00:00+00,Fri 09 Apr 2021,20676,9153,16,773699,331311,169,773868,331480,16.4341321669763,7.03942549725446,440
-7.6926,53.28823,2021/04/09 23:00:00+00,Sat 10 Apr 2021,11146,4155,12,784845,335466,181,785026,335647,16.6710873669835,7.12791737020927,441
-7.6926,53.28823,2021/04/10 23:00:00+00,Sun 11 Apr 2021,2847,352,6,787692,335818,187,787879,336005,16.7316746752484,7.13551998372446,442
-7.6926,53.28823,2021/04/11 23:00:00+00,Mon 12 Apr 2021,7753,2777,11,795445,338595,198,795643,338793,16.8965537013154,7.19472692920034,443
-7.6926,53.28823,2021/04/12 23:00:00+00,Tue 13 Apr 2021,11485,8588,1,806930,347183,199,807129,347382,17.1404744243197,7.37712594451324,444
-7.6926,53.28823,2021/04/13 23:00:00+00,Wed 14 Apr 2021,20328,6586,2,827258,353769,201,827459,353970,17.5722094320402,7.51703102227332,445
-7.6926,53.28823,2021/04/14 23:00:00+00,Thu 15 Apr 2021,27110,10784,1,854368,364553,202,854570,364755,18.1479481331867,7.74606506350625,446
-7.6926,53.28823,2021/04/15 23:00:00+00,Fri 16 Apr 2021,27963,9825,1,882331,374378,203,882534,374581,18.7418014413961,7.95473344451271,447
-7.6926,53.28823,2021/04/16 23:00:00+00,Sat 17 Apr 2021,15838,4542,2,898169,378920,205,898374,379125,19.0781852349176,8.05123142164413,448
-7.6926,53.28823,2021/04/17 23:00:00+00,Sun 18 Apr 2021,1061,474,0,899230,379394,205,899435,379599,19.1007170029053,8.06129745182906,449
-7.6926,53.28823,2021/04/18 23:00:00+00,Mon 19 Apr 2021,6726,2243,0,905956,381637,205,906161,381842,19.2435526970484,8.10893058622733,450
