X,Y,VaccinationDate,VaccineText,Dose1,Dose2,SingleDose,Dose1Cum,Dose2Cum,SingleDoseCum,PartiallyVacc,FullyVacc,PartialPercent,FullyPercent,ObjectId
-7.6926,53.28823,2021/08/22 23:00:00+00,Mon 23 Aug 2021,10800,15155,271,3404510,3044571,231704,3636214,3276275,86.0028845694456,77.4896913775593,1
-7.6926,53.28823,2021/08/23 23:00:00+00,Tue 24 Aug 2021,9642,22709,368,3414152,3067280,232072,3646224,3299352,86.2396387523788,78.035503193698,2
-7.6926,53.28823,2021/08/24 23:00:00+00,Wed 25 Aug 2021,9346,19268,305,3423498,3086548,232377,3655875,3318925,86.4679019511288,78.4984392199269,3
-7.6926,53.28823,2021/08/25 23:00:00+00,Thu 26 Aug 2021,8511,19226,358,3432009,3105774,232735,3664744,3338509,86.6776694684549,78.9616354155876,4
-7.6926,53.28823,2021/08/26 23:00:00+00,Fri 27 Aug 2021,9654,19016,424,3441663,3124790,233159,3674822,3357949,86.9160319715119,79.4214257568684,5
-7.6926,53.28823,2021/08/27 23:00:00+00,Sat 28 Aug 2021,9878,7767,145,3451541,3132557,233304,3684845,3365861,87.1530936274099,79.6085585336283,6
-7.6926,53.28823,2021/08/28 23:00:00+00,Sun 29 Aug 2021,8781,9123,23,3460322,3141680,233327,3693649,3375007,87.3613237799118,79.8248775902823,7
-7.6926,53.28823,2021/08/29 23:00:00+00,Mon 30 Aug 2021,5017,10951,78,3465339,3152631,233405,3698744,3386036,87.4818295303658,80.0857329233063,8
-7.6926,53.28823,2021/08/30 23:00:00+00,Tue 31 Aug 2021,4011,12670,134,3469350,3165301,233539,3702889,3398840,87.5798661026193,80.3885701419153,9
-7.6926,53.28823,2021/08/31 23:00:00+00,Wed 01 Sep 2021,4894,12364,171,3474244,3177665,233710,3707954,3411375,87.6996623000775,80.6850450353286,10
-7.6926,53.28823,2021/09/01 23:00:00+00,Thu 02 Sep 2021,4961,12227,243,3479205,3189892,233953,3713158,3423845,87.822746093083,80.9799825639177,11
-7.6926,53.28823,2021/09/02 23:00:00+00,Fri 03 Sep 2021,4717,15890,159,3483922,3205782,234112,3718034,3439894,87.9380721066676,81.3595697649062,12
-7.6926,53.28823,2021/09/03 23:00:00+00,Sat 04 Sep 2021,4601,10500,128,3488523,3216282,234240,3722763,3450522,88.0499213105728,81.6109407395529,13
-7.6926,53.28823,2021/09/04 23:00:00+00,Sun 05 Sep 2021,5291,11833,0,3493814,3228115,234240,3728054,3462355,88.175062807266,81.8908120928644,14
-7.6926,53.28823,2021/09/05 23:00:00+00,Mon 06 Sep 2021,2107,9564,68,3495921,3237679,234308,3730229,3471987,88.2265053994618,82.1186259080504,15
-7.6926,53.28823,2021/09/06 23:00:00+00,Tue 07 Sep 2021,2997,9889,136,3498918,3247568,234444,3733362,3482012,88.3006063839902,82.3557348674815,16
-7.6926,53.28823,2021/09/07 23:00:00+00,Wed 08 Sep 2021,2572,14678,178,3501490,3262246,234622,3736112,3496868,88.3656487419389,82.7071055110035,17
-7.6926,53.28823,2021/09/08 23:00:00+00,Thu 09 Sep 2021,3076,14677,135,3504566,3276923,234757,3739323,3511680,88.4415945642564,83.0574354767983,18
-7.6926,53.28823,2021/09/09 23:00:00+00,Fri 10 Sep 2021,3350,13840,108,3507916,3290763,234865,3742781,3525628,88.523382372906,83.387330316314,19
-7.6926,53.28823,2021/09/10 23:00:00+00,Sat 11 Sep 2021,2537,11228,57,3510453,3301991,234922,3745375,3536913,88.5847350552765,83.6542405015688,20
-7.6926,53.28823,2021/09/11 23:00:00+00,Sun 12 Sep 2021,2023,12842,0,3512476,3314833,234922,3747398,3549755,88.6325825789602,83.9579764873059,21
-7.6926,53.28823,2021/09/12 23:00:00+00,Mon 13 Sep 2021,1572,7637,46,3514048,3322470,234968,3749016,3557438,88.6708511372006,84.1396930095312,22
-7.6926,53.28823,2021/09/13 23:00:00+00,Tue 14 Sep 2021,1516,10673,79,3515564,3333143,235047,3750611,3568190,88.7085757048108,84.3939968032272,23
-7.6926,53.28823,2021/09/14 23:00:00+00,Wed 15 Sep 2021,3245,12308,130,3518809,3345451,235177,3753986,3580628,88.7884004168387,84.6881774752874,24
-7.6926,53.28823,2021/09/15 23:00:00+00,Thu 16 Sep 2021,1881,10502,109,3520690,3355953,235286,3755976,3591239,88.835467432227,84.9391463699032,25
-7.6926,53.28823,2021/09/16 23:00:00+00,Fri 17 Sep 2021,2538,14515,89,3523228,3370468,235375,3758603,3605843,88.8976006228929,85.2845567682605,26
-7.6926,53.28823,2021/09/17 23:00:00+00,Sat 18 Sep 2021,2273,11165,40,3525501,3381633,235415,3760916,3617048,88.9523071588694,85.5495748121932,27
-7.6926,53.28823,2021/09/18 23:00:00+00,Sun 19 Sep 2021,1854,8455,11,3527355,3390088,235426,3762781,3625514,88.9964177034418,85.749810667609,28
-7.6926,53.28823,2021/09/19 23:00:00+00,Mon 20 Sep 2021,946,5550,29,3528301,3395638,235455,3763756,3631093,89.0194781758055,85.8817638730619,29
-7.6926,53.28823,2021/09/20 23:00:00+00,Tue 21 Sep 2021,1441,6589,89,3529742,3402227,235544,3765286,3637771,89.0556653785915,86.0397103699278,30
-7.6926,53.28823,2021/09/21 23:00:00+00,Wed 22 Sep 2021,1883,8067,94,3531625,3410294,235638,3767263,3645932,89.1024249210149,86.232732436553,31
-7.6926,53.28823,2021/09/22 23:00:00+00,Thu 23 Sep 2021,1680,8681,85,3533305,3418975,235723,3769028,3654698,89.1441702889347,86.4400638219268,32
-7.6926,53.28823,2021/09/23 23:00:00+00,Fri 24 Sep 2021,1897,7303,79,3535202,3426278,235802,3771004,3662080,89.1909061795917,86.6146611624276,33
-7.6926,53.28823,2021/09/24 23:00:00+00,Sat 25 Sep 2021,2400,6532,50,3537602,3432810,235852,3773454,3668662,89.2488530075823,86.7703370897069,34
-7.6926,53.28823,2021/09/25 23:00:00+00,Sun 26 Sep 2021,1536,7079,0,3539138,3439889,235852,3774990,3675741,89.2851821209674,86.93776794495,35
-7.6926,53.28823,2021/09/26 23:00:00+00,Mon 27 Sep 2021,1166,3699,45,3540304,3443588,235897,3776201,3679485,89.3138244102314,87.0263201588263,36
-7.6926,53.28823,2021/09/27 23:00:00+00,Tue 28 Sep 2021,1436,5043,89,3541740,3448631,235986,3777726,3684617,89.3498933541847,87.1477010246418,37
-7.6926,53.28823,2021/09/28 23:00:00+00,Wed 29 Sep 2021,1634,3533,72,3543374,3452164,236058,3779432,3688222,89.3902432678794,87.2329656429709,38
-7.6926,53.28823,2021/09/29 23:00:00+00,Thu 30 Sep 2021,1266,3877,77,3544640,3456041,236135,3780775,3692176,89.4220075903249,87.3264847278178,39
-7.6926,53.28823,2021/09/30 23:00:00+00,Fri 01 Oct 2021,1830,5089,38,3546470,3461130,236173,3782643,3697303,89.466189090197,87.4477473348007,40
-7.6926,53.28823,2021/10/01 23:00:00+00,Sat 02 Oct 2021,1703,4035,39,3548173,3465165,236212,3784385,3701377,89.5073904674866,87.5441046316308,41
-7.6926,53.28823,2021/10/02 23:00:00+00,Sun 03 Oct 2021,1203,2989,9,3549376,3468154,236221,3785597,3704375,89.5360564085171,87.6150126276781,42
-7.6926,53.28823,2021/10/03 23:00:00+00,Mon 04 Oct 2021,330,1158,16,3549706,3469312,236237,3785943,3705549,89.5442399197354,87.6427798015806,43
-7.6926,53.28823,2021/10/04 23:00:00+00,Tue 05 Oct 2021,969,2749,68,3550675,3472061,236305,3786980,3708366,89.5687668016236,87.7094068278866,44
-7.6926,53.28823,2021/10/05 23:00:00+00,Wed 06 Oct 2021,979,2495,34,3551654,3474556,236339,3787993,3710895,89.5927260411153,87.7692221454328,45
-7.6926,53.28823,2021/10/06 23:00:00+00,Thu 07 Oct 2021,1204,2626,41,3552858,3477182,236380,3789238,3713562,89.6221724904411,87.8323014067598,46
-7.6926,53.28823,2021/10/07 23:00:00+00,Fri 08 Oct 2021,981,2686,42,3553839,3479868,236422,3790261,3716290,89.646368247598,87.8968234258448,47
-7.6926,53.28823,2021/10/08 23:00:00+00,Sat 09 Oct 2021,729,2317,18,3554568,3482185,236440,3791008,3718625,89.6640361171936,87.9520503006849,48
-7.6926,53.28823,2021/10/09 23:00:00+00,Sun 10 Oct 2021,1528,3889,0,3556096,3486074,236440,3792536,3722514,89.7001760164465,88.0440320207076,49
-7.6926,53.28823,2021/10/10 23:00:00+00,Mon 11 Oct 2021,326,1064,12,3556422,3487138,236452,3792874,3723590,89.7081703135325,88.0694813214904,50
-7.6926,53.28823,2021/10/11 23:00:00+00,Tue 12 Oct 2021,548,1561,20,3556970,3488699,236472,3793442,3725171,89.7216045169198,88.1068747643693,51
-7.6926,53.28823,2021/10/12 23:00:00+00,Wed 13 Oct 2021,1004,1975,9,3557974,3490674,236481,3794455,3727155,89.7455637564114,88.1537998691584,52
-7.6926,53.28823,2021/10/13 23:00:00+00,Thu 14 Oct 2021,696,1513,7,3558670,3492187,236488,3795158,3728675,89.7621909482797,88.1897505542791,53
-7.6926,53.28823,2021/10/14 23:00:00+00,Fri 15 Oct 2021,952,1998,5,3559622,3494185,236493,3796115,3730678,89.7848256888459,88.2371250426323,54
-7.6926,53.28823,2021/10/15 23:00:00+00,Sat 16 Oct 2021,1374,2589,11,3560996,3496774,236504,3797500,3733278,89.8175833854855,88.298619635602,55
-7.6926,53.28823,2021/10/16 23:00:00+00,Sun 17 Oct 2021,1709,2873,1,3562705,3499647,236505,3799210,3736152,89.8580279062463,88.3665948126,56
-7.6926,53.28823,2021/10/17 23:00:00+00,Mon 18 Oct 2021,668,1169,3,3563373,3500816,236508,3799881,3737324,89.8738982415858,88.3943146829694,57
-7.6926,53.28823,2021/10/18 23:00:00+00,Tue 19 Oct 2021,1333,1729,10,3564706,3502545,236518,3801224,3739063,89.9056625640312,88.4354451049594,58
-7.6926,53.28823,2021/10/19 23:00:00+00,Wed 20 Oct 2021,2242,2254,0,3566948,3504799,236518,3803466,3741317,89.9586898245843,88.4887561867108,59
-7.6926,53.28823,2021/10/20 23:00:00+00,Thu 21 Oct 2021,1752,1763,8,3568700,3506562,236526,3805226,3743088,90.0003169336715,88.5306434652298,60
-7.6926,53.28823,2021/10/21 23:00:00+00,Fri 22 Oct 2021,1485,1899,1,3570185,3508461,236527,3806712,3744988,90.0354634587303,88.5755818216307,61
-7.6926,53.28823,2021/10/22 23:00:00+00,Sat 23 Oct 2021,2005,1661,0,3572190,3510122,236527,3808717,3746649,90.0828852506165,88.6148674058317,62
-7.6926,53.28823,2021/10/23 23:00:00+00,Sun 24 Oct 2021,1943,2171,0,3574133,3512293,236527,3810660,3748820,90.128840632978,88.6662153909613,63
-7.6926,53.28823,2021/10/24 23:00:00+00,Mon 25 Oct 2021,1213,806,0,3575346,3513099,236527,3811873,3749626,90.157530225775,88.6852787147819,64
-7.6926,53.28823,2021/10/25 23:00:00+00,Tue 26 Oct 2021,1232,1160,5,3576578,3514259,236532,3813110,3750791,90.1867874609687,88.7128330227856,65
-7.6926,53.28823,2021/10/26 23:00:00+00,Wed 27 Oct 2021,1552,1383,4,3578130,3515642,236536,3814666,3752178,90.2235896096844,88.7456380229583,66
-7.6926,53.28823,2021/10/27 23:00:00+00,Thu 28 Oct 2021,2140,1640,2,3580270,3517282,236538,3816808,3753820,90.2742516935847,88.7844742235953,67
-7.6926,53.28823,2021/10/28 23:00:00+00,Fri 29 Oct 2021,2129,1314,0,3582399,3518596,236538,3818937,3755134,90.3246063045203,88.8155526448115,68
-7.6926,53.28823,2021/10/29 23:00:00+00,Sat 30 Oct 2021,2000,1420,0,3584399,3520016,236538,3820937,3756554,90.3719098375739,88.8491381532795,69
-7.6926,53.28823,2021/10/30 23:00:00+00,Sun 31 Oct 2021,1625,1309,0,3586024,3521325,236538,3822562,3757863,90.4103439581799,88.8800983156631,70
-7.6926,53.28823,2021/11/01 00:00:00+00,Mon 01 Nov 2021,254,242,0,3586278,3521567,236538,3822816,3758105,90.4163515068777,88.8858220431626,71
-7.6926,53.28823,2021/11/02 00:00:00+00,Tue 02 Nov 2021,1083,1048,9,3587361,3522615,236547,3823908,3759162,90.442179235925,88.9108219603814,72
-7.6926,53.28823,2021/11/03 00:00:00+00,Wed 03 Nov 2021,2535,1785,5,3589896,3524400,236552,3826448,3760952,90.502254722903,88.9531586224644,73
-7.6926,53.28823,2021/11/04 00:00:00+00,Thu 04 Nov 2021,1548,1207,0,3591444,3525607,236552,3827996,3762159,90.5388676574865,88.9817063046622,74
-7.6926,53.28823,2021/11/05 00:00:00+00,Fri 05 Nov 2021,1630,1010,0,3593074,3526617,236552,3829626,3763169,90.5774200369251,89.0055945888542,75
-7.6926,53.28823,2021/11/06 00:00:00+00,Sat 06 Nov 2021,1822,1314,5,3594896,3527931,236557,3831453,3764488,90.6206318143696,89.0367912689031,76
-7.6926,53.28823,2021/11/07 00:00:00+00,Sun 07 Nov 2021,728,764,0,3595624,3528695,236557,3832181,3765252,90.6378503004011,89.0548612185296,77
-7.6926,53.28823,2021/11/08 00:00:00+00,Mon 08 Nov 2021,508,486,1,3596132,3529181,236558,3832690,3765739,90.6498890495632,89.0663796288281,78
-7.6926,53.28823,2021/11/09 00:00:00+00,Tue 09 Nov 2021,1374,987,1,3597506,3530168,236559,3834065,3766727,90.6824102285376,89.0897475741566,79
-7.6926,53.28823,2021/11/10 00:00:00+00,Wed 10 Nov 2021,1602,1277,0,3599108,3531445,236559,3835667,3768004,90.7203003585135,89.1199508800113,80
-7.6926,53.28823,2021/11/11 00:00:00+00,Thu 11 Nov 2021,1399,1041,1,3600507,3532486,236560,3837067,3769046,90.753412831651,89.1445960207322,81
-7.6926,53.28823,2021/11/12 00:00:00+00,Fri 12 Nov 2021,1153,1069,5,3601660,3533555,236565,3838225,3770120,90.780801577289,89.169998017982,82
-7.6926,53.28823,2021/11/13 00:00:00+00,Sat 13 Nov 2021,1411,1328,0,3603071,3534883,236565,3839636,3771448,90.8141742198583,89.2014075639295,83
-7.6926,53.28823,2021/11/14 00:00:00+00,Sun 14 Nov 2021,1648,1798,0,3604719,3536681,236565,3841284,3773246,90.8531523310944,89.2439334401447,84
-7.6926,53.28823,2021/11/15 00:00:00+00,Mon 15 Nov 2021,1249,549,0,3605968,3537230,236565,3842533,3773795,90.8826933874864,89.2569182599679,85
-7.6926,53.28823,2021/11/16 00:00:00+00,Tue 16 Nov 2021,1323,1016,4,3607291,3538246,236569,3843860,3774815,90.9140792816675,89.2810430618252,86
-7.6926,53.28823,2021/11/17 00:00:00+00,Wed 17 Nov 2021,1503,1043,0,3608794,3539289,236569,3845363,3775858,90.9496278867572,89.3057118543127,87
-7.6926,53.28823,2021/11/18 00:00:00+00,Thu 18 Nov 2021,1654,2424,5,3610448,3541713,236574,3847022,3778287,90.9888661674252,89.3631619952063,88
-7.6926,53.28823,2021/11/19 00:00:00+00,Fri 19 Nov 2021,1167,1449,0,3611615,3543162,236574,3848189,3779736,91.0164677789619,89.3974334049036,89
-7.6926,53.28823,2021/11/20 00:00:00+00,Sat 20 Nov 2021,1527,2891,10,3613142,3546053,236584,3849726,3782637,91.0528205441136,89.4660471795978,90
-7.6926,53.28823,2021/11/21 00:00:00+00,Sun 21 Nov 2021,1784,2748,0,3614926,3548801,236584,3851510,3785385,91.0950152955974,89.5310422340134,91
-7.6926,53.28823,2021/11/22 00:00:00+00,Mon 22 Nov 2021,708,459,2,3615634,3549260,236586,3852220,3785846,91.1118080498314,89.5419456983823,92
-7.6926,53.28823,2021/11/23 00:00:00+00,Tue 23 Nov 2021,2166,1524,4,3617800,3550784,236590,3854390,3787374,91.1631323831946,89.5780855976352,93
-7.6926,53.28823,2021/11/24 00:00:00+00,Wed 24 Nov 2021,1613,3066,0,3619413,3553850,236590,3856003,3790440,91.2012826826023,89.6506019138063,94
-7.6926,53.28823,2021/11/25 00:00:00+00,Thu 25 Nov 2021,996,1099,0,3620409,3554949,236590,3856999,3791539,91.224839842063,89.6765952052193,95
-7.6926,53.28823,2021/11/26 00:00:00+00,Fri 26 Nov 2021,1284,1043,13,3621693,3555992,236603,3858296,3792595,91.2555161832482,89.7015714706716,96
-7.6926,53.28823,2021/11/27 00:00:00+00,Sat 27 Nov 2021,1227,1510,5,3622920,3557502,236608,3859528,3794110,91.2846551596092,89.7374038969596,97
-7.6926,53.28823,2021/11/28 00:00:00+00,Sun 28 Nov 2021,1972,2242,0,3624892,3559744,236608,3861500,3796352,91.3312964432,89.7904311575127,98
-7.6926,53.28823,2021/11/29 00:00:00+00,Mon 29 Nov 2021,537,949,1,3625429,3560693,236609,3862038,3797302,91.3440210935915,89.8129003357132,99
-7.6926,53.28823,2021/11/30 00:00:00+00,Tue 30 Nov 2021,1928,1574,6,3627357,3562267,236615,3863972,3798882,91.3897636100543,89.8502701268255,100
-7.6926,53.28823,2021/12/01 00:00:00+00,Wed 01 Dec 2021,1119,1298,1,3628476,3563565,236616,3865092,3800181,91.4162535885643,89.8809937715438,101
-7.6926,53.28823,2021/12/02 00:00:00+00,Thu 02 Dec 2021,1766,1339,1,3630242,3564904,236617,3866859,3801521,91.4580462600171,89.9126871386897,102
-7.6926,53.28823,2021/12/03 00:00:00+00,Fri 03 Dec 2021,1012,1110,4,3631254,3566014,236621,3867875,3802635,91.4820764548083,89.9390352066006,103
-7.6926,53.28823,2021/12/04 00:00:00+00,Sat 04 Dec 2021,1195,1657,0,3632449,3567671,236621,3869070,3804292,91.5103403158079,89.9782261837354,104
-7.6926,53.28823,2021/12/05 00:00:00+00,Sun 05 Dec 2021,1352,1760,0,3633801,3569431,236621,3870422,3806052,91.5423175041521,90.0198532928226,105
-7.6926,53.28823,2021/12/06 00:00:00+00,Mon 06 Dec 2021,915,1229,0,3634716,3570660,236621,3871337,3807281,91.5639588705241,90.048921313884,106
-7.6926,53.28823,2021/12/07 00:00:00+00,Tue 07 Dec 2021,467,675,1,3635183,3571335,236622,3871805,3807957,91.5750278972586,90.0649099080561,107
-7.6926,53.28823,2021/12/08 00:00:00+00,Wed 08 Dec 2021,797,1384,0,3635980,3572719,236622,3872602,3809341,91.5938783551805,90.0976439529292,108
-7.6926,53.28823,2021/12/09 00:00:00+00,Thu 09 Dec 2021,747,1099,0,3636727,3573818,236622,3873349,3810440,91.611546224776,90.1236372443421,109
-7.6926,53.28823,2021/12/10 00:00:00+00,Fri 10 Dec 2021,842,1479,1,3637569,3575297,236623,3874192,3811920,91.6314846639581,90.1586418588018,110
-7.6926,53.28823,2021/12/11 00:00:00+00,Sat 11 Dec 2021,610,803,0,3638179,3576100,236623,3874802,3812723,91.6459122415394,90.1776342273228,111
-7.6926,53.28823,2021/12/12 00:00:00+00,Sun 12 Dec 2021,682,1179,0,3638861,3577279,236623,3875484,3813902,91.6620427463107,90.2055196600579,112
-7.6926,53.28823,2021/12/13 00:00:00+00,Mon 13 Dec 2021,687,951,0,3639548,3578230,236623,3876171,3814853,91.6782915099146,90.2280124900249,113
-7.6926,53.28823,2021/12/14 00:00:00+00,Tue 14 Dec 2021,578,1070,1,3640126,3579300,236624,3876750,3815924,91.6919858827336,90.2533435319751,114
-7.6926,53.28823,2021/12/15 00:00:00+00,Wed 15 Dec 2021,721,1091,1,3640847,3580391,236625,3877472,3817016,91.7090624581659,90.2791712610223,115
-7.6926,53.28823,2021/12/16 00:00:00+00,Thu 16 Dec 2021,949,1276,7,3641796,3581667,236632,3878428,3818299,91.7316735469656,90.3095164774762,116
-7.6926,53.28823,2021/12/17 00:00:00+00,Fri 17 Dec 2021,1075,2151,0,3642871,3583818,236632,3879503,3820450,91.7570991959819,90.3603914272753,117
-7.6926,53.28823,2021/04/25 23:00:00+00,Mon 26 Apr 2021,15444,2972,1,1054709,431153,70,1054779,431223,24.9473866453612,10.199185716982,118
-7.6926,53.28823,2021/04/26 23:00:00+00,Tue 27 Apr 2021,25767,7729,2,1080476,438882,72,1080548,438954,25.55686901699,10.3820375240006,119
-7.6926,53.28823,2021/04/27 23:00:00+00,Wed 28 Apr 2021,25893,8512,1,1106369,447394,73,1106442,447467,26.1693078594347,10.5833850124432,120
-7.6926,53.28823,2021/04/28 23:00:00+00,Thu 29 Apr 2021,31565,11243,0,1137934,458637,73,1138007,458710,26.9158758698528,10.8493018235039,121
-7.6926,53.28823,2021/04/29 23:00:00+00,Fri 30 Apr 2021,35944,13455,0,1173878,472092,73,1173951,472165,27.7660149658918,11.1675363421219,122
-7.6926,53.28823,2021/04/30 23:00:00+00,Sat 01 May 2021,16395,6615,0,1190273,478707,73,1190346,478780,28.1537856780985,11.3239927776966,123
-7.6926,53.28823,2021/05/01 23:00:00+00,Sun 02 May 2021,12318,866,1,1202591,479573,74,1202665,479647,28.445151789942,11.3444988592753,124
-7.6926,53.28823,2021/05/02 23:00:00+00,Mon 03 May 2021,14113,853,3,1216704,480426,77,1216781,480503,28.7790201262342,11.3647447714222,125
-7.6926,53.28823,2021/05/03 23:00:00+00,Tue 04 May 2021,26459,6700,1,1243163,487126,78,1243241,487204,29.4048458685331,11.5232352589183,126
-7.6926,53.28823,2021/05/04 23:00:00+00,Wed 05 May 2021,31878,13339,63,1275041,500465,141,1275182,500606,30.1603069431653,11.8402162339103,127
-7.6926,53.28823,2021/05/05 23:00:00+00,Thu 06 May 2021,37084,14280,120,1312125,514745,261,1312386,515006,31.040247265028,12.1808016718961,128
-7.6926,53.28823,2021/05/06 23:00:00+00,Fri 07 May 2021,40379,14976,81,1352504,529721,342,1352846,530063,31.9971977387019,12.53692632049,129
-7.6926,53.28823,2021/05/07 23:00:00+00,Sat 08 May 2021,25417,6968,2,1377921,536689,344,1378265,537033,32.5984019920464,12.7017791331817,130
-7.6926,53.28823,2021/05/08 23:00:00+00,Sun 09 May 2021,19551,872,0,1397472,537561,344,1397816,537905,33.0608176794117,12.722403473593,131
-7.6926,53.28823,2021/05/09 23:00:00+00,Mon 10 May 2021,28613,4537,159,1426085,542098,503,1426588,542601,33.7413263059205,12.8334721692028,132
-7.6926,53.28823,2021/05/10 23:00:00+00,Tue 11 May 2021,34134,14730,145,1460219,556828,648,1460867,557476,34.5520852106923,13.1852921962888,133
-7.6926,53.28823,2021/05/11 23:00:00+00,Wed 12 May 2021,31044,20825,148,1491263,577653,796,1492059,578449,35.2898311121959,13.6813406956552,134
-7.6926,53.28823,2021/05/12 23:00:00+00,Thu 13 May 2021,35778,25393,135,1527041,603046,931,1527972,603977,36.1392370034726,14.2851229915511,135
-7.6926,53.28823,2021/05/13 23:00:00+00,Fri 14 May 2021,37984,27873,221,1565025,630919,1152,1566177,632071,37.0428527436286,14.9495957203548,136
-7.6926,53.28823,2021/05/14 23:00:00+00,Sat 15 May 2021,28628,12355,3,1593653,643274,1155,1594808,644429,37.7200264710571,15.2418842510928,137
-7.6926,53.28823,2021/05/15 23:00:00+00,Sun 16 May 2021,23014,1115,1,1616667,644389,1156,1617823,645545,38.2643718776712,15.2682796225367,138
-7.6926,53.28823,2021/05/16 23:00:00+00,Mon 17 May 2021,35196,3869,103,1651863,648258,1259,1653122,649517,39.0992555843003,15.3622244391811,139
-7.6926,53.28823,2021/05/17 23:00:00+00,Tue 18 May 2021,38812,12380,111,1690675,660638,1370,1692045,662008,40.0198532928226,15.6576586548673,140
-7.6926,53.28823,2021/05/18 23:00:00+00,Wed 19 May 2021,36781,17494,194,1727456,678132,1564,1729020,679696,40.8943773601506,16.0760111011931,141
-7.6926,53.28823,2021/05/19 23:00:00+00,Thu 20 May 2021,38852,19555,108,1766308,697687,1672,1767980,699359,41.8158501840344,16.5410757864094,142
-7.6926,53.28823,2021/05/20 23:00:00+00,Fri 21 May 2021,25591,23119,14909,1791899,720806,16581,1808480,737387,42.7737467283694,17.4405051638902,143
-7.6926,53.28823,2021/05/21 23:00:00+00,Sat 22 May 2021,16389,10170,13490,1808288,730976,30071,1838359,761047,43.4804378604234,18.000105959914,144
-7.6926,53.28823,2021/05/22 23:00:00+00,Sun 23 May 2021,8071,5477,10191,1816359,736453,40262,1856621,776715,43.9123664207356,18.3706818378558,145
-7.6926,53.28823,2021/05/23 23:00:00+00,Mon 24 May 2021,22311,8104,8427,1838670,744557,48689,1887359,793246,44.6393744202361,18.7616691903102,146
-7.6926,53.28823,2021/05/24 23:00:00+00,Tue 25 May 2021,30059,16379,3206,1868729,760936,51895,1920624,812831,45.4261504337497,19.2248890377373,147
-7.6926,53.28823,2021/05/25 23:00:00+00,Wed 26 May 2021,19682,25308,3029,1888411,786244,54924,1943335,841168,45.9633057033397,19.895109145807,148
-7.6926,53.28823,2021/05/26 23:00:00+00,Thu 27 May 2021,16740,35868,540,1905151,822112,55464,1960615,877576,46.3720082289226,20.7562226615144,149
-7.6926,53.28823,2021/05/27 23:00:00+00,Fri 28 May 2021,26755,31715,1514,1931906,853827,56978,1988884,910805,47.0406200168684,21.5421472114331,150
-7.6926,53.28823,2021/05/28 23:00:00+00,Sat 29 May 2021,24258,7317,495,1956164,861144,57473,2013637,918617,47.6260721937061,21.7269148115404,151
-7.6926,53.28823,2021/05/29 23:00:00+00,Sun 30 May 2021,24076,1612,184,1980240,862756,57657,2037897,920413,48.199864049646,21.7693933842225,152
-7.6926,53.28823,2021/05/30 23:00:00+00,Mon 31 May 2021,22282,7228,3411,2002522,869984,61068,2063590,931052,48.8075488870188,22.021024528301,153
-7.6926,53.28823,2021/05/31 23:00:00+00,Tue 01 Jun 2021,27177,11373,3618,2029699,881357,64686,2094385,946043,49.5359050372113,22.3755881603041,154
-7.6926,53.28823,2021/06/01 23:00:00+00,Wed 02 Jun 2021,18372,20766,3971,2048071,902123,68657,2116728,970780,50.0643564567194,22.9606619088773,155
-7.6926,53.28823,2021/06/02 23:00:00+00,Thu 03 Jun 2021,16438,30557,1951,2064509,932680,70608,2135117,1003288,50.4992887913805,23.7295335351302,156
-7.6926,53.28823,2021/06/03 23:00:00+00,Fri 04 Jun 2021,28758,23210,118,2093267,955890,70726,2163993,1026616,51.1822572016081,24.2812819446672,157
-7.6926,53.28823,2021/06/04 23:00:00+00,Sat 05 Jun 2021,20685,11367,2,2113952,967257,70728,2184680,1037985,51.6715412957478,24.5501788783102,158
-7.6926,53.28823,2021/06/05 23:00:00+00,Sun 06 Jun 2021,19735,3810,8,2133687,971067,70736,2204423,1041803,52.1384981222863,24.6404813229095,159
-7.6926,53.28823,2021/06/06 23:00:00+00,Mon 07 Jun 2021,19532,4415,2,2153219,975482,70738,2223957,1046220,52.6005117296206,24.7449511756584,160
-7.6926,53.28823,2021/06/07 23:00:00+00,Tue 08 Jun 2021,26268,18382,13,2179487,993864,70751,2250238,1064615,53.2221038057111,25.1800254209187,161
-7.6926,53.28823,2021/06/08 23:00:00+00,Wed 09 Jun 2021,32582,19948,143,2212069,1013812,70894,2282963,1084706,53.9961078653003,25.6552130622084,162
-7.6926,53.28823,2021/06/09 23:00:00+00,Thu 10 Jun 2021,27410,27320,235,2239479,1041132,71129,2310608,1112261,54.6499609509335,26.3069374888541,163
-7.6926,53.28823,2021/06/10 23:00:00+00,Fri 11 Jun 2021,26188,32732,5,2265667,1073864,71134,2336801,1144998,55.2694716715697,27.0812253696416,164
-7.6926,53.28823,2021/06/11 23:00:00+00,Sat 12 Jun 2021,11956,19569,75,2277623,1093433,71209,2348832,1164642,55.5540260746535,27.5458406712939,165
-7.6926,53.28823,2021/06/12 23:00:00+00,Sun 13 Jun 2021,8399,18078,808,2286022,1111511,72017,2358039,1183528,55.7717878890656,27.9925279339189,166
-7.6926,53.28823,2021/06/13 23:00:00+00,Mon 14 Jun 2021,15775,31111,11,2301797,1142622,72028,2373825,1214650,56.1451546754576,28.7286182117656,167
-7.6926,53.28823,2021/06/14 23:00:00+00,Tue 15 Jun 2021,14424,41304,178,2316221,1183926,72206,2388427,1256132,56.4905177702817,29.7097407908299,168
-7.6926,53.28823,2021/06/15 23:00:00+00,Wed 16 Jun 2021,13150,48115,190,2329371,1232041,72396,2401767,1304437,56.8060323357491,30.8522393729065,169
-7.6926,53.28823,2021/06/16 23:00:00+00,Thu 17 Jun 2021,21286,42444,497,2350657,1274485,72893,2423550,1347378,57.3212387660022,31.8678698793334,170
-7.6926,53.28823,2021/06/17 23:00:00+00,Fri 18 Jun 2021,11806,49829,521,2362463,1324314,73414,2435877,1397728,57.6127940919779,33.0587363239573,171
-7.6926,53.28823,2021/06/18 23:00:00+00,Sat 19 Jun 2021,6078,32618,400,2368541,1356932,73814,2442355,1430746,57.7660102355385,33.8396703511389,172
-7.6926,53.28823,2021/06/19 23:00:00+00,Sun 20 Jun 2021,8346,26014,158,2376887,1382946,73972,2450859,1456918,57.9671448580823,34.458684384678,173
-7.6926,53.28823,2021/06/20 23:00:00+00,Mon 21 Jun 2021,15215,32117,533,2392102,1415063,74505,2466607,1489568,58.3396128773462,35.2309145617777,174
-7.6926,53.28823,2021/06/21 23:00:00+00,Tue 22 Jun 2021,14885,43321,686,2406987,1458384,75191,2482178,1533575,58.7078945339348,36.2717578513222,175
-7.6926,53.28823,2021/06/22 23:00:00+00,Wed 23 Jun 2021,19800,39128,850,2426787,1497512,76041,2502828,1573553,59.1963035127131,37.2173081735302,176
-7.6926,53.28823,2021/06/23 23:00:00+00,Thu 24 Jun 2021,18786,44008,999,2445573,1541520,77040,2522613,1618560,59.6642537134456,38.2818032296014,177
-7.6926,53.28823,2021/06/24 23:00:00+00,Fri 25 Jun 2021,14928,49880,786,2460501,1591400,77826,2538327,1669226,60.0359175726476,39.4801436324478,178
-7.6926,53.28823,2021/06/25 23:00:00+00,Sat 26 Jun 2021,8803,30311,452,2469304,1621711,78278,2547582,1699989,60.254814671853,40.2077429261114,179
-7.6926,53.28823,2021/06/26 23:00:00+00,Sun 27 Jun 2021,8570,30295,32,2477874,1652006,78310,2556184,1730316,60.4582671675165,40.9250300495694,180
-7.6926,53.28823,2021/06/27 23:00:00+00,Mon 28 Jun 2021,23994,24381,455,2501868,1676387,78765,2580633,1755152,61.03652920733,41.5124453230287,181
-7.6926,53.28823,2021/06/28 23:00:00+00,Tue 29 Jun 2021,27861,30729,755,2529729,1707116,79520,2609249,1786636,61.7133481582606,42.2570975403582,182
-7.6926,53.28823,2021/06/29 23:00:00+00,Wed 30 Jun 2021,22256,36531,530,2551985,1743647,80050,2632035,1823697,62.25227731034,43.1336556596076,183
-7.6926,53.28823,2021/06/30 23:00:00+00,Thu 01 Jul 2021,14592,48071,584,2566577,1791718,80634,2647211,1872352,62.6112165191506,44.2844323599685,184
-7.6926,53.28823,2021/07/01 23:00:00+00,Fri 02 Jul 2021,13350,46991,769,2579927,1838709,81403,2661330,1920112,62.9451558107423,45.414040729288,185
-7.6926,53.28823,2021/07/02 23:00:00+00,Sat 03 Jul 2021,9097,30195,457,2589024,1868904,81860,2670884,1950764,63.1711247881393,46.1390146768672,186
-7.6926,53.28823,2021/07/03 23:00:00+00,Sun 04 Jul 2021,6282,27638,196,2595306,1896542,82056,2677362,1978598,63.3243409316999,46.7973379463739,187
-7.6926,53.28823,2021/07/04 23:00:00+00,Mon 05 Jul 2021,15237,33086,5301,2610543,1929628,87357,2697900,2016985,63.8101009126271,47.7052583080378,188
-7.6926,53.28823,2021/07/05 23:00:00+00,Tue 06 Jul 2021,12117,48094,5436,2622660,1977722,92793,2715453,2070515,64.2252603704718,48.9713373702168,189
-7.6926,53.28823,2021/07/06 23:00:00+00,Wed 07 Jul 2021,19417,43407,4989,2642077,2021129,97782,2739859,2118911,64.8025053843246,50.1159882630474,190
-7.6926,53.28823,2021/07/07 23:00:00+00,Thu 08 Jul 2021,17532,45294,5942,2659609,2066423,103724,2763333,2170147,65.3577069517745,51.327810172814,191
-7.6926,53.28823,2021/07/08 23:00:00+00,Fri 09 Jul 2021,13287,44784,6491,2672896,2111207,110215,2783111,2221422,65.8254915901414,52.5405545014752,192
-7.6926,53.28823,2021/07/09 23:00:00+00,Sat 10 Jul 2021,8420,23575,4316,2681316,2134782,114531,2795847,2249313,66.1267204886266,53.2002259216739,193
-7.6926,53.28823,2021/07/10 23:00:00+00,Sun 11 Jul 2021,15094,15944,2129,2696410,2150726,116660,2813070,2267386,66.5340748635175,53.6276842981125,194
-7.6926,53.28823,2021/07/11 23:00:00+00,Mon 12 Jul 2021,16919,31422,6036,2713329,2182148,122696,2836025,2304844,67.0770011641399,54.513632168673,195
-7.6926,53.28823,2021/07/12 23:00:00+00,Tue 13 Jul 2021,19884,36202,8444,2733213,2218350,131140,2864353,2349490,67.7470084063109,55.5695889370281,196
-7.6926,53.28823,2021/07/13 23:00:00+00,Wed 14 Jul 2021,20584,35325,9283,2753797,2253675,140423,2894220,2394098,68.4534157171665,56.6246469382552,197
-7.6926,53.28823,2021/07/14 23:00:00+00,Thu 15 Jul 2021,23398,28475,9523,2777195,2282150,149946,2927141,2432096,69.232055522995,57.5233667627401,198
-7.6926,53.28823,2021/07/15 23:00:00+00,Fri 16 Jul 2021,23346,27034,9117,2800541,2309184,159063,2959604,2468247,69.9998628197541,58.3784017744501,199
-7.6926,53.28823,2021/07/16 23:00:00+00,Sat 17 Jul 2021,11355,19127,4631,2811896,2328311,163694,2975590,2492005,70.3779599594514,58.9403204435936,200
-7.6926,53.28823,2021/07/17 23:00:00+00,Sun 18 Jul 2021,16738,15601,1908,2828634,2343912,165602,2994236,2509514,70.8189707981099,59.3544392237112,201
-7.6926,53.28823,2021/07/18 23:00:00+00,Mon 19 Jul 2021,24664,18063,6191,2853298,2361975,171793,3025091,2533768,71.5487460542941,59.9280891690519,202
-7.6926,53.28823,2021/07/19 23:00:00+00,Tue 20 Jul 2021,30376,17762,7652,2883674,2379737,179445,3063119,2559182,72.4481754317748,60.5291751635638,203
-7.6926,53.28823,2021/07/20 23:00:00+00,Wed 21 Jul 2021,30095,19474,6831,2913769,2399211,186276,3100045,2585487,73.3215405625431,61.151334882051,204
-7.6926,53.28823,2021/07/21 23:00:00+00,Thu 22 Jul 2021,33323,15553,6880,2947092,2414764,193156,3140248,2607920,74.2724125322196,61.6819149605465,205
-7.6926,53.28823,2021/07/22 23:00:00+00,Fri 23 Jul 2021,26906,20451,5548,2973998,2435215,198704,3172702,2633919,75.0400069630801,62.2968372384765,206
-7.6926,53.28823,2021/07/23 23:00:00+00,Sat 24 Jul 2021,15309,14498,2232,2989307,2449713,200936,3190243,2650649,75.4548825997265,62.6925312924697,207
-7.6926,53.28823,2021/07/24 23:00:00+00,Sun 25 Jul 2021,14628,13461,1016,3003935,2463174,201952,3205887,2665126,75.8248908352716,63.034937916478,208
-7.6926,53.28823,2021/07/25 23:00:00+00,Mon 26 Jul 2021,23674,17819,3371,3027609,2480993,205323,3232932,2686316,76.4645528609886,63.5361188491807,209
-7.6926,53.28823,2021/07/26 23:00:00+00,Tue 27 Jul 2021,25297,23450,3609,3052906,2504443,208932,3261838,2713375,77.148230824212,64.1761119996291,210
-7.6926,53.28823,2021/07/27 23:00:00+00,Wed 28 Jul 2021,23259,24915,3225,3076165,2529358,212157,3288322,2741515,77.7746242089075,64.841672709693,211
-7.6926,53.28823,2021/07/28 23:00:00+00,Thu 29 Jul 2021,19117,27506,2920,3095282,2556864,215077,3310359,2771941,78.2958381878584,65.5613013580371,212
-7.6926,53.28823,2021/07/29 23:00:00+00,Fri 30 Jul 2021,21769,22550,2080,3117051,2579414,217157,3334208,2796571,78.8599091677558,66.143844367592,213
-7.6926,53.28823,2021/07/30 23:00:00+00,Sat 31 Jul 2021,13623,12186,883,3130674,2591600,218040,3348714,2809640,79.2030016929935,66.4529493043306,214
-7.6926,53.28823,2021/07/31 23:00:00+00,Sun 01 Aug 2021,10978,9137,355,3141652,2600737,218395,3360047,2819132,79.4710471630416,66.6774518722029,215
-7.6926,53.28823,2021/08/01 23:00:00+00,Mon 02 Aug 2021,14875,15632,394,3156527,2616369,218789,3375316,2835158,79.8321859861391,67.0564950825612,216
-7.6926,53.28823,2021/08/02 23:00:00+00,Tue 03 Aug 2021,17193,25096,1084,3173720,2641465,219873,3393593,2861338,80.2644693229493,67.6756983302326,217
-7.6926,53.28823,2021/08/03 23:00:00+00,Wed 04 Aug 2021,21948,16929,1555,3195668,2658394,221428,3417096,2879822,80.8203567916284,68.1128775827138,218
-7.6926,53.28823,2021/08/04 23:00:00+00,Thu 05 Aug 2021,13372,29708,1402,3209040,2688102,222830,3431870,2910932,81.1697879902952,68.8486840393622,219
-7.6926,53.28823,2021/08/05 23:00:00+00,Fri 06 Aug 2021,12032,24425,923,3221072,2712527,223753,3444825,2936280,81.4761966256498,69.4482090172833,220
-7.6926,53.28823,2021/08/06 23:00:00+00,Sat 07 Aug 2021,6252,8198,560,3227324,2720725,224313,3451637,2945038,81.6373124592303,69.6553511885249,221
-7.6926,53.28823,2021/08/07 23:00:00+00,Sun 08 Aug 2021,8547,11789,142,3235871,2732514,224455,3460326,2956969,81.8428226585816,69.9375404149561,222
-7.6926,53.28823,2021/08/08 23:00:00+00,Mon 09 Aug 2021,5439,22702,584,3241310,2755216,225039,3466349,2980255,81.9852772483724,70.4882954502989,223
-7.6926,53.28823,2021/08/09 23:00:00+00,Tue 10 Aug 2021,9209,25664,688,3250519,2780880,225727,3476246,3006607,82.219358781688,71.1115668018129,224
-7.6926,53.28823,2021/08/10 23:00:00+00,Wed 11 Aug 2021,6907,30905,633,3257426,2811785,226360,3483786,3038145,82.3976931013,71.8574962145348,225
-7.6926,53.28823,2021/08/11 23:00:00+00,Thu 12 Aug 2021,6637,37985,849,3264063,2849770,227209,3491272,3076979,82.5747502255196,72.7759889158361,226
-7.6926,53.28823,2021/08/12 23:00:00+00,Fri 13 Aug 2021,10804,27937,843,3274867,2877707,228052,3502919,3105759,82.8502223502571,73.4566867564772,227
-7.6926,53.28823,2021/08/13 23:00:00+00,Sat 14 Aug 2021,18043,5645,267,3292910,2883352,228319,3521229,3111671,83.2832861953626,73.5965160001835,228
-7.6926,53.28823,2021/08/14 23:00:00+00,Sun 15 Aug 2021,16955,3606,39,3309865,2886958,228358,3538223,3115316,83.6852243157189,73.6827266891737,229
-7.6926,53.28823,2021/08/15 23:00:00+00,Mon 16 Aug 2021,10103,22875,350,3319968,2909833,228708,3548676,3138541,83.9324562312235,74.2320389667584,230
-7.6926,53.28823,2021/08/16 23:00:00+00,Tue 17 Aug 2021,12778,26612,512,3332746,2936445,229220,3561966,3165665,84.2467882083645,74.873569482031,231
-7.6926,53.28823,2021/08/17 23:00:00+00,Wed 18 Aug 2021,15139,25519,645,3347885,2961964,229865,3577750,3191829,84.6201076912233,75.492394301438,232
-7.6926,53.28823,2021/08/18 23:00:00+00,Thu 19 Aug 2021,11295,25453,523,3359180,2987417,230388,3589568,3217805,84.899624268037,76.1067725887379,233
-7.6926,53.28823,2021/08/19 23:00:00+00,Fri 20 Aug 2021,14745,22022,664,3373925,3009439,231052,3604977,3240491,85.2640743384483,76.6433365641646,234
-7.6926,53.28823,2021/08/20 23:00:00+00,Sat 21 Aug 2021,11801,7815,225,3385726,3017254,231277,3617003,3248531,85.5485104826994,76.83349676704,235
-7.6926,53.28823,2021/08/21 23:00:00+00,Sun 22 Aug 2021,7984,12162,156,3393710,3029416,231433,3625143,3260849,85.7410358622275,77.124839227117,236
-7.6926,53.28823,2020/12/28 00:00:00+00,Mon 28 Dec 2020,125,9,5,125,9,5,130,14,0.00307472964848272,0.000331124731375062,237
-7.6926,53.28823,2020/12/29 00:00:00+00,Tue 29 Dec 2020,69,1,0,194,10,5,199,15,0.00470670153883123,0.000354776497901852,238
-7.6926,53.28823,2020/12/30 00:00:00+00,Wed 30 Dec 2020,1048,0,0,1242,10,5,1247,15,0.0294937528589073,0.000354776497901852,239
-7.6926,53.28823,2020/12/31 00:00:00+00,Thu 31 Dec 2020,1022,1,0,2264,11,5,2269,16,0.0536658582492868,0.000378428264428642,240
-7.6926,53.28823,2021/01/01 00:00:00+00,Fri 01 Jan 2021,794,0,0,3058,11,5,3063,16,0.0724453608715581,0.000378428264428642,241
-7.6926,53.28823,2021/01/02 00:00:00+00,Sat 02 Jan 2021,1010,0,0,4068,11,5,4073,16,0.0963336450636162,0.000378428264428642,242
-7.6926,53.28823,2021/01/03 00:00:00+00,Sun 03 Jan 2021,16,0,0,4084,11,5,4089,16,0.0967120733280448,0.000378428264428642,243
-7.6926,53.28823,2021/01/04 00:00:00+00,Mon 04 Jan 2021,1171,1,0,5255,12,5,5260,17,0.124408291930916,0.000402080030955432,244
-7.6926,53.28823,2021/01/05 00:00:00+00,Tue 05 Jan 2021,3496,3,0,8751,15,5,8756,20,0.207094867708574,0.000473035330535802,245
-7.6926,53.28823,2021/01/06 00:00:00+00,Wed 06 Jan 2021,6742,3,0,15493,18,5,15498,23,0.366555077632193,0.000543990630116173,246
-7.6926,53.28823,2021/01/07 00:00:00+00,Thu 07 Jan 2021,11701,3,0,27194,21,5,27199,26,0.643304397762164,0.000614945929696543,247
-7.6926,53.28823,2021/01/08 00:00:00+00,Fri 08 Jan 2021,12651,3,0,39845,24,5,39850,29,0.942522896092586,0.000685901229276913,248
-7.6926,53.28823,2021/01/09 00:00:00+00,Sat 09 Jan 2021,8060,3,0,47905,27,5,47910,32,1.13315613429851,0.000756856528857284,249
-7.6926,53.28823,2021/01/10 00:00:00+00,Sun 10 Jan 2021,4755,1,1,52660,28,6,52666,34,1.24564393589993,0.000804160061910864,250
-7.6926,53.28823,2021/01/11 00:00:00+00,Mon 11 Jan 2021,8315,3,0,60975,31,6,60981,37,1.44230837457019,0.000875115361491235,251
-7.6926,53.28823,2021/01/12 00:00:00+00,Tue 12 Jan 2021,8842,4,0,69817,35,6,69823,41,1.65143729420007,0.000969722427598395,252
-7.6926,53.28823,2021/01/13 00:00:00+00,Wed 13 Jan 2021,9846,2,0,79663,37,6,79669,43,1.88431258742284,0.00101702596065198,253
-7.6926,53.28823,2021/01/14 00:00:00+00,Thu 14 Jan 2021,8039,2,0,87702,39,6,87708,45,2.07444913853171,0.00106432949370556,254
-7.6926,53.28823,2021/01/15 00:00:00+00,Fri 15 Jan 2021,7641,2,0,95343,41,6,95349,47,2.25517228656291,0.00111163302675914,255
-7.6926,53.28823,2021/01/16 00:00:00+00,Sat 16 Jan 2021,5202,2,0,100545,43,6,100551,49,2.37820877603527,0.00115893655981272,256
-7.6926,53.28823,2021/01/17 00:00:00+00,Sun 17 Jan 2021,1097,3,0,101642,46,6,101648,52,2.40415476391516,0.00122989185939309,257
-7.6926,53.28823,2021/01/18 00:00:00+00,Mon 18 Jan 2021,8668,4,0,110310,50,6,110316,56,2.60916827616938,0.00132449892550025,258
-7.6926,53.28823,2021/01/19 00:00:00+00,Tue 19 Jan 2021,8348,15,0,118658,65,6,118664,71,2.80661322313502,0.0016792754234021,259
-7.6926,53.28823,2021/01/20 00:00:00+00,Wed 20 Jan 2021,8417,955,0,127075,1020,6,127081,1026,3.00569014199102,0.0242667124564867,260
-7.6926,53.28823,2021/01/21 00:00:00+00,Thu 21 Jan 2021,8947,955,0,136022,1975,6,136028,1981,3.21730249710621,0.0468541494895712,261
-7.6926,53.28823,2021/01/22 00:00:00+00,Fri 22 Jan 2021,6725,961,0,142747,2936,6,142753,2942,3.37636062699887,0.0695834971218165,262
-7.6926,53.28823,2021/01/23 00:00:00+00,Sat 23 Jan 2021,4150,456,0,146897,3392,6,146903,3398,3.47451545808505,0.0803687026580328,263
-7.6926,53.28823,2021/01/24 00:00:00+00,Sun 24 Jan 2021,1164,393,0,148061,3785,6,148067,3791,3.50204611432223,0.0896638469030613,264
-7.6926,53.28823,2021/01/25 00:00:00+00,Mon 25 Jan 2021,1323,1281,0,149384,5066,6,149390,5072,3.53333740143718,0.119961759823879,265
-7.6926,53.28823,2021/01/26 00:00:00+00,Tue 26 Jan 2021,978,3492,0,150362,8558,6,150368,8564,3.55646882910038,0.202553728535431,266
-7.6926,53.28823,2021/01/27 00:00:00+00,Wed 27 Jan 2021,2137,6691,0,152499,15249,6,152505,15255,3.60701265416813,0.360807698366183,267
-7.6926,53.28823,2021/01/28 00:00:00+00,Thu 28 Jan 2021,943,11537,0,153442,26786,6,153448,26792,3.62931627000289,0.633678128785761,268
-7.6926,53.28823,2021/01/29 00:00:00+00,Fri 29 Jan 2021,1531,11517,0,154973,38303,6,154979,38309,3.66552712455541,0.906075523874803,269
-7.6926,53.28823,2021/01/30 00:00:00+00,Sat 30 Jan 2021,598,7792,0,155571,46095,6,155577,46101,3.67967088093843,1.09037008865155,270
-7.6926,53.28823,2021/01/31 00:00:00+00,Sun 31 Jan 2021,204,4079,0,155775,50174,6,155781,50180,3.68449584130989,1.18684564431433,271
-7.6926,53.28823,2021/02/01 00:00:00+00,Mon 01 Feb 2021,970,8328,0,156745,58502,6,156751,58508,3.70743805484088,1.38381755594944,272
-7.6926,53.28823,2021/02/02 00:00:00+00,Tue 02 Feb 2021,786,5094,0,157531,63596,6,157537,63602,3.72602834333094,1.50429965463691,273
-7.6926,53.28823,2021/02/03 00:00:00+00,Wed 03 Feb 2021,1357,6855,0,158888,70451,6,158894,70457,3.75812379050779,1.66643251417805,274
-7.6926,53.28823,2021/02/04 00:00:00+00,Thu 04 Feb 2021,1382,10528,0,160270,80979,6,160276,80985,3.79081053184781,1.9154383121721,275
-7.6926,53.28823,2021/02/05 00:00:00+00,Fri 05 Feb 2021,3354,8597,0,163624,89576,6,163630,89582,3.87013855677867,2.11877254900291,276
-7.6926,53.28823,2021/02/06 00:00:00+00,Sat 06 Feb 2021,871,3859,0,164495,93435,6,164501,93441,3.8907392454235,2.2100447160298,277
-7.6926,53.28823,2021/02/07 00:00:00+00,Sun 07 Feb 2021,303,1292,0,164798,94727,6,164804,94733,3.89790573068112,2.24060279838241,278
-7.6926,53.28823,2021/02/08 00:00:00+00,Mon 08 Feb 2021,1122,868,0,165920,95595,6,165926,95601,3.92444301272418,2.26113253172766,279
-7.6926,53.28823,2021/02/09 00:00:00+00,Tue 09 Feb 2021,4193,527,0,170113,96122,6,170119,96128,4.02361486977101,2.27359701268728,280
-7.6926,53.28823,2021/02/10 00:00:00+00,Wed 10 Feb 2021,8786,573,0,178899,96695,6,178905,96701,4.23141929047539,2.28714947490713,281
-7.6926,53.28823,2021/02/11 00:00:00+00,Thu 11 Feb 2021,6127,429,0,185026,97124,6,185032,97130,4.37633366398503,2.29729608274712,282
-7.6926,53.28823,2021/02/12 00:00:00+00,Fri 12 Feb 2021,4353,514,0,189379,97638,6,189385,97644,4.47928980367615,2.30945309074189,283
-7.6926,53.28823,2021/02/13 00:00:00+00,Sat 13 Feb 2021,1178,1907,0,190557,99545,6,190563,99551,4.50715158464471,2.35455700950848,284
-7.6926,53.28823,2021/02/14 00:00:00+00,Sun 14 Feb 2021,2670,17,0,193227,99562,6,193233,99568,4.57030180127123,2.35495908953944,285
-7.6926,53.28823,2021/02/15 00:00:00+00,Mon 15 Feb 2021,1921,7863,0,195148,107425,6,195154,107431,4.6157368447692,2.54093292973959,286
-7.6926,53.28823,2021/02/16 00:00:00+00,Tue 16 Feb 2021,5592,8140,0,200740,115565,6,200746,115571,4.74799752318701,2.73345830926766,287
-7.6926,53.28823,2021/02/17 00:00:00+00,Wed 17 Feb 2021,9696,8456,0,210436,124021,6,210442,124027,4.97732505143077,2.9334576470182,288
-7.6926,53.28823,2021/02/18 00:00:00+00,Thu 18 Feb 2021,8424,8323,0,218860,132344,6,218866,132350,5.17656753265245,3.13031129982067,289
-7.6926,53.28823,2021/02/19 00:00:00+00,Fri 19 Feb 2021,9358,6561,0,228218,138905,6,228224,138911,5.39790076381015,3.28549054000294,290
-7.6926,53.28823,2021/02/20 00:00:00+00,Sat 20 Feb 2021,5852,3558,1,234070,142463,7,234077,142470,5.53633455329145,3.36966717707179,291
-7.6926,53.28823,2021/02/21 00:00:00+00,Sun 21 Feb 2021,1081,1016,4,235151,143479,11,235162,143490,5.56199671997302,3.39379197892911,292
-7.6926,53.28823,2021/02/22 00:00:00+00,Mon 22 Feb 2021,3904,1097,1,239055,144576,12,239067,144588,5.65435686826013,3.41976161857553,293
-7.6926,53.28823,2021/02/23 00:00:00+00,Tue 23 Feb 2021,13317,1051,0,252372,145627,12,252384,145639,5.9693274430974,3.44461962519519,294
-7.6926,53.28823,2021/02/24 00:00:00+00,Wed 24 Feb 2021,16877,2078,2,269249,147705,14,269263,147719,6.36854561030309,3.49381529957091,295
-7.6926,53.28823,2021/02/25 00:00:00+00,Thu 25 Feb 2021,18002,1733,1,287251,149438,15,287266,149453,6.79434836308489,3.53482746272836,296
-7.6926,53.28823,2021/02/26 00:00:00+00,Fri 26 Feb 2021,16031,2740,0,303282,152178,15,303297,152193,7.17350983227586,3.59963330301177,297
-7.6926,53.28823,2021/02/27 00:00:00+00,Sat 27 Feb 2021,8935,697,1,312217,152875,16,312233,152891,7.38486201795926,3.61614223604747,298
-7.6926,53.28823,2021/02/28 00:00:00+00,Sun 28 Feb 2021,2415,46,1,314632,152921,17,314649,152938,7.44200468588798,3.61725386907423,299
-7.6926,53.28823,2021/03/01 00:00:00+00,Mon 01 Mar 2021,5528,773,0,320160,153694,17,320177,153711,7.57275165124808,3.63553668459944,300
-7.6926,53.28823,2021/03/02 00:00:00+00,Tue 02 Mar 2021,12116,1587,0,332276,155281,17,332293,155298,7.85931645448667,3.67307203807745,301
-7.6926,53.28823,2021/03/03 00:00:00+00,Wed 03 Mar 2021,12798,1483,1,345074,156764,18,345092,156782,8.16203541426306,3.70817125960321,302
-7.6926,53.28823,2021/03/04 00:00:00+00,Thu 04 Mar 2021,18644,1669,1,363718,158433,19,363737,158452,8.60302260115506,3.74766970970295,303
-7.6926,53.28823,2021/03/05 00:00:00+00,Fri 05 Mar 2021,18361,2375,2,382079,160808,21,382100,160829,9.0373399898865,3.80388995873713,304
-7.6926,53.28823,2021/03/06 00:00:00+00,Sat 06 Mar 2021,10360,124,0,392439,160932,21,392460,160953,9.28237229110405,3.80682277778645,305
-7.6926,53.28823,2021/03/07 00:00:00+00,Sun 07 Mar 2021,1477,6,0,393916,160938,21,393937,160959,9.31730595026412,3.80696468838561,306
-7.6926,53.28823,2021/03/08 00:00:00+00,Mon 08 Mar 2021,6583,1477,1,400499,162415,22,400521,162437,9.47302918107651,3.84192199931221,307
-7.6926,53.28823,2021/03/09 00:00:00+00,Tue 09 Mar 2021,13722,3080,2,414221,165495,24,414245,165519,9.79762602489017,3.91481674374777,308
-7.6926,53.28823,2021/03/10 00:00:00+00,Wed 10 Mar 2021,13627,3963,0,427848,169458,24,427872,169482,10.1199286473507,4.00854869449344,309
-7.6926,53.28823,2021/03/11 00:00:00+00,Thu 11 Mar 2021,18360,2077,0,446208,171535,24,446232,171559,10.5541750807826,4.05767341356959,310
-7.6926,53.28823,2021/03/12 00:00:00+00,Fri 12 Mar 2021,17224,1317,2,463432,172852,26,463458,172878,10.9616004109731,4.08887009361842,311
-7.6926,53.28823,2021/03/13 00:00:00+00,Sat 13 Mar 2021,8214,158,0,471646,173010,26,471672,173036,11.1558760212241,4.09260707272966,312
-7.6926,53.28823,2021/03/14 00:00:00+00,Sun 14 Mar 2021,329,9,1,471975,173019,27,472002,173046,11.163681104178,4.09284359039492,313
-7.6926,53.28823,2021/03/15 00:00:00+00,Mon 15 Mar 2021,2549,968,0,474524,173987,27,474551,174014,11.2239694570548,4.11573850039286,314
-7.6926,53.28823,2021/03/16 00:00:00+00,Tue 16 Mar 2021,8847,3786,0,483371,177773,27,483398,177800,11.4332166355173,4.20528408846328,315
-7.6926,53.28823,2021/03/17 00:00:00+00,Wed 17 Mar 2021,4816,2387,5,488187,180160,32,488219,180192,11.5472418019429,4.26185911399537,316
-7.6926,53.28823,2021/03/18 00:00:00+00,Thu 18 Mar 2021,11617,4657,1,499804,184817,33,499837,184850,11.8220280254512,4.37202904247715,317
-7.6926,53.28823,2021/03/19 00:00:00+00,Fri 19 Mar 2021,10237,6091,1,510041,190908,34,510075,190942,12.0641748111525,4.51611560415836,318
-7.6926,53.28823,2021/03/20 00:00:00+00,Sat 20 Mar 2021,5124,3090,2,515165,193998,36,515201,194034,12.1854137663688,4.58924686625919,319
-7.6926,53.28823,2021/03/21 00:00:00+00,Sun 21 Mar 2021,3558,40,0,518723,194038,36,518759,194074,12.2695667516711,4.59019293692027,320
-7.6926,53.28823,2021/03/22 00:00:00+00,Mon 22 Mar 2021,7301,2370,0,526024,196408,36,526060,196444,12.4422482990832,4.64624762358876,321
-7.6926,53.28823,2021/03/23 00:00:00+00,Tue 23 Mar 2021,12438,7353,1,538462,203761,37,538499,203798,12.73645262291,4.82018271462677,322
-7.6926,53.28823,2021/03/24 00:00:00+00,Wed 24 Mar 2021,13503,9742,0,551965,213503,37,552002,213540,13.0558224263212,5.05059822413076,323
-7.6926,53.28823,2021/03/25 00:00:00+00,Thu 25 Mar 2021,20744,10180,2,572709,223683,39,572748,223722,13.546501974686,5.29142051090654,324
-7.6926,53.28823,2021/03/26 00:00:00+00,Fri 26 Mar 2021,19577,9441,1,592286,233124,40,592326,233164,14.0095562597475,5.51474049045249,325
-7.6926,53.28823,2021/03/27 00:00:00+00,Sat 27 Mar 2021,11628,5299,1,603914,238423,41,603955,238464,14.2846026526875,5.64009485304448,326
-7.6926,53.28823,2021/03/28 00:00:00+00,Sun 28 Mar 2021,2422,463,0,606336,238886,41,606377,238927,14.3418872312154,5.65104562094638,327
-7.6926,53.28823,2021/03/28 23:00:00+00,Mon 29 Mar 2021,9154,3070,1,615490,241956,42,615532,241998,14.5584191537682,5.72368019595016,328
-7.6926,53.28823,2021/03/29 23:00:00+00,Tue 30 Mar 2021,13217,8616,1,628707,250572,43,628750,250615,14.8710482037193,5.92748746811151,329
-7.6926,53.28823,2021/03/30 23:00:00+00,Wed 31 Mar 2021,15669,10430,0,644376,261002,43,644419,261045,15.2416477334276,6.17417539298593,330
-7.6926,53.28823,2021/03/31 23:00:00+00,Thu 01 Apr 2021,19560,11575,0,663936,272577,43,663979,272620,15.7042762866916,6.44794459053352,331
-7.6926,53.28823,2021/04/01 23:00:00+00,Fri 02 Apr 2021,20022,13672,4,683958,286249,47,684005,286296,16.1779265631571,6.7714061495539,332
-7.6926,53.28823,2021/04/02 23:00:00+00,Sat 03 Apr 2021,7441,4602,0,691399,290851,47,691446,290898,16.3539193578829,6.88025157911019,333
-7.6926,53.28823,2021/04/03 23:00:00+00,Sun 04 Apr 2021,2946,154,0,694345,291005,47,694392,291052,16.4235974620708,6.88389395115532,334
-7.6926,53.28823,2021/04/04 23:00:00+00,Mon 05 Apr 2021,3343,572,1,697688,291577,48,697736,291625,16.5026889693364,6.89744641337517,335
-7.6926,53.28823,2021/04/05 23:00:00+00,Tue 06 Apr 2021,11849,8113,3,709537,299690,51,709588,299741,16.7830097062119,7.0894041505066,336
-7.6926,53.28823,2021/04/06 23:00:00+00,Wed 07 Apr 2021,18203,10417,1,727740,310107,52,727792,310159,17.2135664640656,7.3358082541827,337
-7.6926,53.28823,2021/04/07 23:00:00+00,Thu 08 Apr 2021,20036,10513,1,747776,320620,53,747829,320673,17.6874769099629,7.58448292744537,338
-7.6926,53.28823,2021/04/08 23:00:00+00,Fri 09 Apr 2021,20578,9099,2,768354,329719,55,768409,329774,18.1742302650843,7.79973765460568,339
-7.6926,53.28823,2021/04/09 23:00:00+00,Sat 10 Apr 2021,11045,4130,3,779399,333849,58,779457,333907,18.4355349816722,7.89749040566091,340
-7.6926,53.28823,2021/04/10 23:00:00+00,Sun 11 Apr 2021,2786,323,0,782185,334172,58,782243,334230,18.5014288032159,7.90512992624906,341
-7.6926,53.28823,2021/04/11 23:00:00+00,Mon 12 Apr 2021,7664,2719,5,789849,336891,63,789912,336954,18.6828142007098,7.96955733826804,342
-7.6926,53.28823,2021/04/12 23:00:00+00,Tue 13 Apr 2021,11391,8524,0,801240,345415,63,801303,345478,18.9522314732165,8.1711649961424,343
-7.6926,53.28823,2021/04/13 23:00:00+00,Wed 14 Apr 2021,20215,6539,2,821455,351954,65,821520,352019,19.4303992370886,8.32587120099413,344
-7.6926,53.28823,2021/04/14 23:00:00+00,Thu 15 Apr 2021,26979,10727,1,848434,362681,66,848500,362747,20.0685238979814,8.57960735229353,345
-7.6926,53.28823,2021/04/15 23:00:00+00,Fri 16 Apr 2021,27840,9765,1,876274,372446,67,876341,372513,20.7270127298538,8.81059050419417,346
-7.6926,53.28823,2021/04/16 23:00:00+00,Sat 17 Apr 2021,15720,4491,1,891994,376937,68,892062,377005,21.0988421514214,8.91683423943251,347
-7.6926,53.28823,2021/04/17 23:00:00+00,Sun 18 Apr 2021,999,438,0,892993,377375,68,893061,377443,21.1224702661817,8.92719371317124,348
-7.6926,53.28823,2021/04/18 23:00:00+00,Mon 19 Apr 2021,6636,2186,0,899629,379561,68,899697,379629,21.2794233888535,8.97889647479881,349
-7.6926,53.28823,2021/04/19 23:00:00+00,Tue 20 Apr 2021,14947,7240,0,914576,386801,68,914644,386869,21.6329463431294,9.15013526445277,350
-7.6926,53.28823,2021/04/20 23:00:00+00,Wed 21 Apr 2021,26543,9781,0,941119,396582,68,941187,396650,22.26073518205,9.3814731928513,351
-7.6926,53.28823,2021/04/21 23:00:00+00,Thu 22 Apr 2021,31483,12103,0,972602,408685,68,972670,408753,23.0053637476129,9.66773052312504,352
-7.6926,53.28823,2021/04/22 23:00:00+00,Fri 23 Apr 2021,33448,12316,0,1006050,421001,68,1006118,421069,23.796468034401,9.95902567966899,353
-7.6926,53.28823,2021/04/23 23:00:00+00,Sat 24 Apr 2021,23545,6933,0,1029595,427934,68,1029663,428002,24.3533488772743,10.1230033769992,354
-7.6926,53.28823,2021/04/24 23:00:00+00,Sun 25 Apr 2021,9670,247,1,1039265,428181,69,1039334,428250,24.5820851113549,10.1288690150979,355
