X,Y,VaccinationDate,VaccineText,Dose1,Dose2,SingleDose,Dose1Cum,Dose2Cum,SingleDoseCum,PartiallyVacc,FullyVacc,PartialPercent,FullyPercent,ObjectId
-7.6926,53.28823,2021/11/23 00:00:00+00,Tue 23 Nov 2021,2163,1556,6,3640398,3574863,239456,3879854,3814319,82.3939398251017,81.0022155884582,1
-7.6926,53.28823,2021/11/24 00:00:00+00,Wed 24 Nov 2021,1626,3117,2,3642024,3577980,239458,3881482,3817438,82.4285126038803,81.0684517659831,2
-7.6926,53.28823,2021/11/25 00:00:00+00,Thu 25 Nov 2021,1001,1159,1,3643025,3579139,239459,3882484,3818598,82.4497914271826,81.0930859326803,3
-7.6926,53.28823,2021/11/26 00:00:00+00,Fri 26 Nov 2021,1289,1076,12,3644314,3580215,239471,3883785,3819686,82.4774199193146,81.1161910821343,4
-7.6926,53.28823,2021/11/27 00:00:00+00,Sat 27 Nov 2021,1227,1550,5,3645541,3581765,239476,3885017,3821241,82.5035831032552,81.1492136073191,5
-7.6926,53.28823,2021/11/28 00:00:00+00,Sun 28 Nov 2021,1967,2251,0,3647508,3584016,239476,3886984,3823492,82.5453550048875,81.1970166325221,6
-7.6926,53.28823,2021/11/29 00:00:00+00,Mon 29 Nov 2021,553,975,1,3648061,3584991,239477,3887538,3824468,82.5571199431206,81.2177433107088,7
-7.6926,53.28823,2021/11/30 00:00:00+00,Tue 30 Nov 2021,1930,1619,6,3649991,3586610,239483,3889474,3826093,82.5982335178843,81.2522523804356,8
-7.6926,53.28823,2021/12/01 00:00:00+00,Wed 01 Dec 2021,1084,1354,1,3651075,3587964,239484,3890559,3827448,82.6212749582865,81.2810276355001,9
-7.6926,53.28823,2021/12/02 00:00:00+00,Thu 02 Dec 2021,1775,1399,0,3652850,3589363,239484,3892334,3828847,82.6589694806035,81.3107372899911,10
-7.6926,53.28823,2021/12/03 00:00:00+00,Fri 03 Dec 2021,1042,1164,3,3653892,3590527,239487,3893379,3830014,82.6811614669816,81.3355201111426,11
-7.6926,53.28823,2021/12/04 00:00:00+00,Sat 04 Dec 2021,1201,1694,0,3655093,3592221,239487,3894580,3831708,82.7066663240535,81.3714944890608,12
-7.6926,53.28823,2021/12/05 00:00:00+00,Sun 05 Dec 2021,1348,1770,0,3656441,3593991,239487,3895928,3833478,82.7352929246638,81.4090828296248,13
-7.6926,53.28823,2021/12/06 00:00:00+00,Mon 06 Dec 2021,934,1275,0,3657375,3595266,239487,3896862,3834753,82.7551276761253,81.4361591766412,14
-7.6926,53.28823,2021/12/07 00:00:00+00,Tue 07 Dec 2021,484,729,1,3657859,3595995,239488,3897347,3835483,82.7654273061668,81.45166171258,15
-7.6926,53.28823,2021/12/08 00:00:00+00,Wed 08 Dec 2021,813,1490,0,3658672,3597485,239488,3898160,3836973,82.7826924592055,81.4833038749757,16
-7.6926,53.28823,2021/12/09 00:00:00+00,Thu 09 Dec 2021,792,1185,0,3659464,3598670,239488,3898952,3838158,82.7995116488816,81.508468950438,17
-7.6926,53.28823,2021/12/10 00:00:00+00,Fri 10 Dec 2021,889,1590,1,3660353,3600260,239489,3899842,3839749,82.8184120009166,81.5422559842443,18
-7.6926,53.28823,2021/12/11 00:00:00+00,Sat 11 Dec 2021,636,834,0,3660989,3601094,239489,3900478,3840583,82.8319183198989,81.5599671006457,19
-7.6926,53.28823,2021/12/12 00:00:00+00,Sun 12 Dec 2021,689,1188,0,3661678,3602282,239489,3901167,3841771,82.846550165463,81.5851958851598,20
-7.6926,53.28823,2021/12/13 00:00:00+00,Mon 13 Dec 2021,720,1041,0,3662398,3603323,239489,3901887,3842812,82.8618403378958,81.6073029261355,21
-7.6926,53.28823,2021/12/14 00:00:00+00,Tue 14 Dec 2021,627,1179,1,3663025,3604502,239490,3902515,3843992,82.8751767660733,81.6323618198448,22
-7.6926,53.28823,2021/12/15 00:00:00+00,Wed 15 Dec 2021,790,1224,1,3663815,3605726,239491,3903306,3845217,82.8919747193988,81.6583763493312,23
-7.6926,53.28823,2021/12/16 00:00:00+00,Thu 16 Dec 2021,1058,1516,7,3664873,3607242,239498,3904371,3846740,82.914591432789,81.6907193112967,24
-7.6926,53.28823,2021/12/17 00:00:00+00,Fri 17 Dec 2021,1205,2430,1,3666078,3609672,239499,3905577,3849171,82.9402024716139,81.7423448796079,25
-7.6926,53.28823,2021/12/18 00:00:00+00,Sat 18 Dec 2021,1265,1166,0,3667343,3610838,239499,3906842,3850337,82.9670664551243,81.7671064644088,26
-7.6926,53.28823,2021/12/19 00:00:00+00,Sun 19 Dec 2021,567,877,0,3667910,3611715,239499,3907409,3851214,82.9791074659151,81.785730743886,27
-7.6926,53.28823,2021/12/20 00:00:00+00,Mon 20 Dec 2021,536,588,0,3668446,3612303,239499,3907945,3851802,82.9904901498373,81.7982177180395,28
-7.6926,53.28823,2021/12/21 00:00:00+00,Tue 21 Dec 2021,1468,1772,3,3669914,3614075,239502,3909416,3853577,83.0217288215715,81.8359122403564,29
-7.6926,53.28823,2021/12/22 00:00:00+00,Wed 22 Dec 2021,1237,1532,2,3671151,3615607,239504,3910655,3855111,83.0480406599663,81.8684888021785,30
-7.6926,53.28823,2021/12/23 00:00:00+00,Thu 23 Dec 2021,959,1326,0,3672110,3616933,239504,3911614,3856437,83.0684063201928,81.8966482030756,31
-7.6926,53.28823,2021/12/24 00:00:00+00,Fri 24 Dec 2021,102,134,0,3672212,3617067,239504,3911716,3856571,83.0705724279541,81.8994938740561,32
-7.6926,53.28823,2021/12/25 00:00:00+00,Sat 25 Dec 2021,1,0,0,3672213,3617067,239504,3911717,3856571,83.0705936643047,81.8994938740561,33
-7.6926,53.28823,2021/12/26 00:00:00+00,Sun 26 Dec 2021,10,6,0,3672223,3617073,239504,3911727,3856577,83.0708060278107,81.8996212921597,34
-7.6926,53.28823,2021/12/27 00:00:00+00,Mon 27 Dec 2021,386,581,0,3672609,3617654,239504,3912113,3857158,83.0790032591427,81.911959611859,35
-7.6926,53.28823,2021/12/28 00:00:00+00,Tue 28 Dec 2021,464,734,0,3673073,3618388,239504,3912577,3857892,83.0888569258216,81.9275470932002,36
-7.6926,53.28823,2021/12/29 00:00:00+00,Wed 29 Dec 2021,1079,1273,0,3674152,3619661,239504,3913656,3859165,83.1117709481202,81.9545809675154,37
-7.6926,53.28823,2021/12/30 00:00:00+00,Thu 30 Dec 2021,1064,1165,1,3675216,3620826,239505,3914721,3860331,83.1343876615104,81.9793425523163,38
-7.6926,53.28823,2021/12/31 00:00:00+00,Fri 31 Dec 2021,720,1664,0,3675936,3622490,239505,3915441,3861995,83.1496778339432,82.0146798397165,39
-7.6926,53.28823,2022/01/01 00:00:00+00,Sat 01 Jan 2022,65,95,0,3676001,3622585,239505,3915506,3862090,83.1510581967323,82.0166972930236,40
-7.6926,53.28823,2022/01/02 00:00:00+00,Sun 02 Jan 2022,270,620,0,3676271,3623205,239505,3915776,3862710,83.1567920113946,82.0298638303963,41
-7.6926,53.28823,2022/01/03 00:00:00+00,Mon 03 Jan 2022,3631,715,0,3679902,3623920,239505,3919407,3863425,83.2339012004272,82.0450478210761,42
-7.6926,53.28823,2022/01/04 00:00:00+00,Tue 04 Jan 2022,1190,756,0,3681092,3624676,239505,3920597,3864181,83.2591724576425,82.0611025021305,43
-7.6926,53.28823,2022/01/05 00:00:00+00,Wed 05 Jan 2022,2142,866,0,3683234,3625542,239505,3922739,3865047,83.3046607206301,82.0794931817511,44
-7.6926,53.28823,2022/01/06 00:00:00+00,Thu 06 Jan 2022,2462,1647,0,3685696,3627189,239505,3925201,3866694,83.35694461581,82.1144694511911,45
-7.6926,53.28823,2022/01/07 00:00:00+00,Fri 07 Jan 2022,4843,750,0,3690539,3627939,239505,3930044,3867444,83.4597922617711,82.1303967141419,46
-7.6926,53.28823,2022/01/08 00:00:00+00,Sat 08 Jan 2022,9789,726,1,3700328,3628665,239506,3939834,3868171,83.667696134156,82.1458355410289,47
-7.6926,53.28823,2022/01/09 00:00:00+00,Sun 09 Jan 2022,7116,663,0,3707444,3629328,239506,3946950,3868834,83.8188140050334,82.1599152414775,48
-7.6926,53.28823,2022/01/10 00:00:00+00,Mon 10 Jan 2022,6653,480,0,3714097,3629808,239506,3953603,3869314,83.9600994455826,82.170108689766,49
-7.6926,53.28823,2022/01/11 00:00:00+00,Tue 11 Jan 2022,4767,1322,1,3718864,3631130,239507,3958371,3870637,84.0613543652487,82.1982043816113,50
-7.6926,53.28823,2022/01/12 00:00:00+00,Wed 12 Jan 2022,7554,865,1,3726418,3631995,239508,3965926,3871503,84.22179499404,82.2165950612318,51
-7.6926,53.28823,2022/01/13 00:00:00+00,Thu 13 Jan 2022,7322,772,0,3733740,3632767,239508,3973248,3872275,84.3772875531413,82.2329895238959,52
-7.6926,53.28823,2022/01/14 00:00:00+00,Fri 14 Jan 2022,10722,800,0,3744462,3633567,239508,3983970,3873075,84.6049837042864,82.2499786043768,53
-7.6926,53.28823,2022/01/15 00:00:00+00,Sat 15 Jan 2022,8352,635,0,3752814,3634202,239508,3992322,3873710,84.7823497045068,82.2634636870085,54
-7.6926,53.28823,2022/01/16 00:00:00+00,Sun 16 Jan 2022,6966,1211,1,3759780,3635413,239509,3999289,3874922,84.9303033591447,82.289202143937,55
-7.6926,53.28823,2022/01/17 00:00:00+00,Mon 17 Jan 2022,2558,542,0,3762338,3635955,239509,4001847,3875464,84.9846259439823,82.3007122459628,56
-7.6926,53.28823,2022/01/18 00:00:00+00,Tue 18 Jan 2022,4059,419,3,3766397,3636374,239512,4005909,3875886,85.070888000124,82.3096739859165,57
-7.6926,53.28823,2022/01/19 00:00:00+00,Wed 19 Jan 2022,3477,594,0,3769874,3636968,239512,4009386,3876480,85.1447267911641,82.3222883781735,58
-7.6926,53.28823,2022/01/20 00:00:00+00,Thu 20 Jan 2022,3686,914,0,3773560,3637882,239512,4013072,3877394,85.2230039794797,82.3416984026229,59
-7.6926,53.28823,2022/01/21 00:00:00+00,Fri 21 Jan 2022,3249,954,0,3776809,3638836,239512,4016321,3878348,85.2920008825827,82.3619578810964,60
-7.6926,53.28823,2022/01/22 00:00:00+00,Sat 22 Jan 2022,4271,631,0,3781080,3639467,239512,4020592,3878979,85.3827013360001,82.3753580183257,61
-7.6926,53.28823,2022/01/23 00:00:00+00,Sun 23 Jan 2022,3092,678,0,3784172,3640145,239512,4023684,3879657,85.4483641320587,82.3897562640332,62
-7.6926,53.28823,2022/01/24 00:00:00+00,Mon 24 Jan 2022,645,454,0,3784817,3640599,239512,4024329,3880111,85.4620615781964,82.3993975672062,63
-7.6926,53.28823,2022/01/25 00:00:00+00,Tue 25 Jan 2022,697,1825,0,3785514,3642424,239512,4025026,3881936,85.4768633145653,82.4381539070532,64
-7.6926,53.28823,2022/01/26 00:00:00+00,Wed 26 Jan 2022,699,878,0,3786213,3643302,239512,4025725,3882814,85.4917075236355,82.4567994228809,65
-7.6926,53.28823,2022/01/27 00:00:00+00,Thu 27 Jan 2022,1274,1153,0,3787487,3644455,239512,4026999,3883967,85.5187626343013,82.481284935124,66
-7.6926,53.28823,2022/01/28 00:00:00+00,Fri 28 Jan 2022,1025,3077,0,3788512,3647532,239512,4028024,3887044,85.5405298936675,82.5466291859236,67
-7.6926,53.28823,2022/01/29 00:00:00+00,Sat 29 Jan 2022,2325,3441,0,3790837,3650973,239512,4030349,3890485,85.589904408815,82.619703468342,68
-7.6926,53.28823,2022/01/30 00:00:00+00,Sun 30 Jan 2022,1634,7535,0,3792471,3658508,239512,4031983,3898020,85.6246046056972,82.7797193701214,69
-7.6926,53.28823,2022/01/31 00:00:00+00,Mon 31 Jan 2022,478,1377,1,3792949,3659885,239513,4032462,3899398,85.6347768176352,82.8089830612497,70
-7.6926,53.28823,2022/02/01 00:00:00+00,Tue 01 Feb 2022,750,3404,1,3793699,3663289,239514,4033213,3902803,85.6507253169366,82.8812928350464,71
-7.6926,53.28823,2022/02/02 00:00:00+00,Wed 02 Feb 2022,643,2982,0,3794342,3666271,239514,4033856,3905785,85.6643802903731,82.9446196325389,72
-7.6926,53.28823,2022/02/03 00:00:00+00,Thu 03 Feb 2022,907,2418,1,3795249,3668689,239515,4034764,3908204,85.6836628967189,82.995990364643,73
-7.6926,53.28823,2022/02/04 00:00:00+00,Fri 04 Feb 2022,1168,6499,0,3796417,3675188,239515,4035932,3914703,85.708466954221,83.1340054071996,74
-7.6926,53.28823,2022/02/05 00:00:00+00,Sat 05 Feb 2022,1777,5743,0,3798194,3680931,239515,4037709,3920446,85.7462039492392,83.2559657687017,75
-7.6926,53.28823,2022/02/06 00:00:00+00,Sun 06 Feb 2022,1408,7556,0,3799602,3688487,239515,4039117,3928002,85.7761047308855,83.4164276338437,76
-7.6926,53.28823,2022/02/07 00:00:00+00,Mon 07 Feb 2022,432,1338,0,3800034,3689825,239515,4039549,3929340,85.7852788343452,83.444841870948,77
-7.6926,53.28823,2022/02/08 00:00:00+00,Tue 08 Feb 2022,895,1216,0,3800929,3691041,239515,4040444,3930556,85.8042853681332,83.4706652732789,78
-7.6926,53.28823,2022/02/09 00:00:00+00,Wed 09 Feb 2022,1334,1752,0,3802263,3692793,239515,4041778,3932308,85.8326146598351,83.507871359532,79
-7.6926,53.28823,2022/02/10 00:00:00+00,Thu 10 Feb 2022,689,2532,0,3802952,3695325,239515,4042467,3934840,85.8472465053992,83.561641799254,80
-7.6926,53.28823,2022/02/11 00:00:00+00,Fri 11 Feb 2022,552,4898,0,3803504,3700223,239515,4043019,3939738,85.858968970931,83.6656574444983,81
-7.6926,53.28823,2022/02/12 00:00:00+00,Sat 12 Feb 2022,1396,5458,0,3804900,3705681,239515,4044415,3945196,85.8886149163702,83.7815654460791,82
-7.6926,53.28823,2022/02/13 00:00:00+00,Sun 13 Feb 2022,1567,4705,0,3806467,3710386,239515,4045982,3949901,85.9218922777621,83.8814824756573,83
-7.6926,53.28823,2022/02/14 00:00:00+00,Mon 14 Feb 2022,170,943,1,3806637,3711329,239516,4046153,3950845,85.9255236937149,83.9015295906247,84
-7.6926,53.28823,2022/02/15 00:00:00+00,Tue 15 Feb 2022,644,800,1,3807281,3712129,239517,4046798,3951646,85.9392211398526,83.9185399074562,85
-7.6926,53.28823,2022/02/16 00:00:00+00,Wed 16 Feb 2022,791,1771,0,3808072,3713900,239517,4047589,3953417,85.9560190931781,83.9561494843708,86
-7.6926,53.28823,2022/02/17 00:00:00+00,Thu 17 Feb 2022,785,1176,2,3808857,3715076,239519,4048376,3954595,85.9727321011012,83.9811659053789,87
-7.6926,53.28823,2022/02/18 00:00:00+00,Fri 18 Feb 2022,791,3270,0,3809648,3718346,239519,4049167,3957865,85.9895300544266,84.0506087718445,88
-7.6926,53.28823,2022/02/19 00:00:00+00,Sat 19 Feb 2022,975,3542,0,3810623,3721888,239519,4050142,3961407,86.0102354962627,84.1258279256736,89
-7.6926,53.28823,2022/02/20 00:00:00+00,Sun 20 Feb 2022,1366,3587,0,3811989,3725475,239519,4051508,3964994,86.0392443511838,84.2020027152798,90
-7.6926,53.28823,2022/02/21 00:00:00+00,Mon 21 Feb 2022,250,989,1,3812239,3726464,239520,4051759,3965984,86.0445746751847,84.2230267023749,91
-7.6926,53.28823,2022/02/22 00:00:00+00,Tue 22 Feb 2022,470,957,0,3812709,3727421,239520,4052229,3966941,86.0545557599672,84.2433498899001,92
-7.6926,53.28823,2022/02/23 00:00:00+00,Wed 23 Feb 2022,822,1259,1,3813531,3728680,239521,4053052,3968201,86.0720332765119,84.2701076916575,93
-7.6926,53.28823,2022/02/24 00:00:00+00,Thu 24 Feb 2022,657,1206,0,3814188,3729886,239521,4053709,3969407,86.0859855588569,84.2957187304825,94
-7.6926,53.28823,2022/02/25 00:00:00+00,Fri 25 Feb 2022,687,1210,0,3814875,3731096,239521,4054396,3970617,86.1005749317198,84.3214147147098,95
-7.6926,53.28823,2022/02/26 00:00:00+00,Sat 26 Feb 2022,956,2081,0,3815831,3733177,239521,4055352,3972698,86.1208768828945,84.3656075603107,96
-7.6926,53.28823,2022/02/27 00:00:00+00,Sun 27 Feb 2022,668,1782,0,3816499,3734959,239521,4056020,3974480,86.135062765096,84.4034507370819,97
-7.6926,53.28823,2022/02/28 00:00:00+00,Mon 28 Feb 2022,82,417,0,3816581,3735376,239521,4056102,3974897,86.1368041458453,84.4123062952825,98
-7.6926,53.28823,2022/03/01 00:00:00+00,Tue 01 Mar 2022,120,925,0,3816701,3736301,239521,4056222,3975822,86.1393525079174,84.4319499195886,99
-7.6926,53.28823,2022/03/02 00:00:00+00,Wed 02 Mar 2022,199,980,2,3816900,3737281,239523,4056423,3976804,86.1436210143883,84.4528040158788,100
-7.6926,53.28823,2022/03/03 00:00:00+00,Thu 03 Mar 2022,265,1262,0,3817165,3738543,239523,4056688,3978066,86.1492486472976,84.4796042903374,101
-7.6926,53.28823,2022/03/04 00:00:00+00,Fri 04 Mar 2022,725,1479,2,3817890,3740022,239525,4057415,3979547,86.1646874741846,84.5110553255777,102
-7.6926,53.28823,2022/03/05 00:00:00+00,Sat 05 Mar 2022,961,3327,0,3818851,3743349,239525,4058376,3982874,86.1850956071122,84.5817086640276,103
-7.6926,53.28823,2022/03/06 00:00:00+00,Sun 06 Mar 2022,456,1913,0,3819307,3745262,239525,4058832,3984787,86.1947793829863,84.6223338027275,104
-7.6926,53.28823,2022/03/07 00:00:00+00,Mon 07 Mar 2022,110,105,0,3819417,3745367,239525,4058942,3984892,86.1971153815525,84.6245636195406,105
-7.6926,53.28823,2022/03/08 00:00:00+00,Tue 08 Mar 2022,117,475,0,3819534,3745842,239525,4059059,3985367,86.1996000345728,84.6346508860761,106
-7.6926,53.28823,2022/03/09 00:00:00+00,Wed 09 Mar 2022,107,297,0,3819641,3746139,239525,4059166,3985664,86.2018723240871,84.6409580822046,107
-7.6926,53.28823,2021/08/04 23:00:00+00,Thu 05 Aug 2021,13469,29925,1416,3230020,2705058,225281,3455301,2930339,73.3779834683505,62.2297063840929,108
-7.6926,53.28823,2021/08/05 23:00:00+00,Fri 06 Aug 2021,12134,24642,940,3242154,2729700,226221,3468375,2955921,73.6556275161094,62.7729747051704,109
-7.6926,53.28823,2021/08/06 23:00:00+00,Sat 07 Aug 2021,6303,8367,575,3248457,2738067,226796,3475253,2964863,73.8016911355438,62.9628701522455,110
-7.6926,53.28823,2021/08/07 23:00:00+00,Sun 08 Aug 2021,8588,11907,152,3257045,2749974,226948,3483993,2976922,73.9872968397974,63.2189593041442,111
-7.6926,53.28823,2021/08/08 23:00:00+00,Mon 09 Aug 2021,5500,22907,596,3262545,2772881,227544,3490089,3000425,74.1167536330618,63.718077252322,112
-7.6926,53.28823,2021/08/09 23:00:00+00,Tue 10 Aug 2021,9287,25892,700,3271832,2798773,228244,3500076,3027017,74.328841066515,64.2827942875066,113
-7.6926,53.28823,2021/08/10 23:00:00+00,Wed 11 Aug 2021,6958,31116,652,3278790,2829889,228896,3507686,3058785,74.4904496945894,64.9574306734026,114
-7.6926,53.28823,2021/08/11 23:00:00+00,Thu 12 Aug 2021,6714,38194,856,3285504,2868083,229752,3515256,3097835,74.6512088686398,65.7867101643757,115
-7.6926,53.28823,2021/08/12 23:00:00+00,Fri 13 Aug 2021,10866,28140,856,3296370,2896223,230608,3526978,3126831,74.900141370386,66.4024793864054,116
-7.6926,53.28823,2021/08/13 23:00:00+00,Sat 14 Aug 2021,18091,5777,275,3314461,2902000,230883,3545344,3132883,75.2901681855259,66.5310017802433,117
-7.6926,53.28823,2021/08/14 23:00:00+00,Sun 15 Aug 2021,16974,3683,44,3331435,2905683,230927,3562362,3136610,75.6515684000555,66.6101496589336,118
-7.6926,53.28823,2021/08/15 23:00:00+00,Mon 16 Aug 2021,10145,23049,377,3341580,2928732,231304,3572884,3160036,75.8750172810803,67.1076324081151,119
-7.6926,53.28823,2021/08/16 23:00:00+00,Tue 17 Aug 2021,12849,26784,522,3354429,2955516,231826,3586255,3187342,76.1589685249677,67.6875121976289,120
-7.6926,53.28823,2021/08/17 23:00:00+00,Wed 18 Aug 2021,15185,25690,653,3369614,2981206,232479,3602093,3213685,76.495309845788,68.2469413815138,121
-7.6926,53.28823,2021/08/18 23:00:00+00,Thu 19 Aug 2021,11332,25613,537,3380946,3006819,233016,3613962,3239835,76.7473640910725,68.8022719497327,122
-7.6926,53.28823,2021/08/19 23:00:00+00,Fri 20 Aug 2021,14804,22160,683,3395750,3028979,233699,3629449,3262678,77.0762514528318,69.2873739065138,123
-7.6926,53.28823,2021/08/20 23:00:00+00,Sat 21 Aug 2021,11843,7915,240,3407593,3036894,233939,3641532,3270833,77.332850277145,69.4605563456658,124
-7.6926,53.28823,2021/08/21 23:00:00+00,Sun 22 Aug 2021,7991,12212,160,3415584,3049106,234099,3649683,3283205,77.5059477708946,69.7232924753027,125
-7.6926,53.28823,2021/08/22 23:00:00+00,Mon 23 Aug 2021,10833,15295,283,3426417,3064401,234382,3660799,3298783,77.7420110441765,70.0541123449667,126
-7.6926,53.28823,2021/08/23 23:00:00+00,Tue 24 Aug 2021,9722,22849,382,3436139,3087250,234764,3670903,3322014,77.9565831306501,70.547454005781,127
-7.6926,53.28823,2021/08/24 23:00:00+00,Wed 25 Aug 2021,9389,19435,309,3445528,3106685,235073,3680601,3341758,78.1625332587796,70.9667445120492,128
-7.6926,53.28823,2021/08/25 23:00:00+00,Thu 26 Aug 2021,8548,19352,363,3454076,3126037,235436,3689512,3361473,78.351770378986,71.38541916415,129
-7.6926,53.28823,2021/08/26 23:00:00+00,Fri 27 Aug 2021,9689,19130,430,3463765,3145167,235866,3699631,3381033,78.5666610107186,71.8008021819076,130
-7.6926,53.28823,2021/08/27 23:00:00+00,Sat 28 Aug 2021,9905,7859,151,3473670,3153026,236017,3709687,3389043,78.7802137523633,71.9709053502225,131
-7.6926,53.28823,2021/08/28 23:00:00+00,Sun 29 Aug 2021,8786,9159,27,3482456,3162185,236044,3718500,3398229,78.9673697102109,72.1659824668442,132
-7.6926,53.28823,2021/08/29 23:00:00+00,Mon 30 Aug 2021,5037,11051,80,3487493,3173236,236124,3723617,3409360,79.0760361162367,72.4023642853851,133
-7.6926,53.28823,2021/08/30 23:00:00+00,Tue 31 Aug 2021,4041,12804,140,3491534,3186040,236264,3727798,3422304,79.1648252981,72.6772476075658,134
-7.6926,53.28823,2021/08/31 23:00:00+00,Wed 01 Sep 2021,4918,12474,179,3496452,3198514,236443,3732895,3434957,79.2730669771138,72.9459511517216,135
-7.6926,53.28823,2021/09/01 23:00:00+00,Thu 02 Sep 2021,4991,12306,246,3501443,3210820,236689,3738132,3447509,79.3842817452118,73.2125098244667,136
-7.6926,53.28823,2021/09/02 23:00:00+00,Fri 03 Sep 2021,4747,16000,163,3506190,3226820,236852,3743042,3463672,79.4885522266632,73.5557529592324,137
-7.6926,53.28823,2021/09/03 23:00:00+00,Sat 04 Sep 2021,4612,10540,132,3510802,3237360,236984,3747786,3474344,79.5892974739149,73.7823872928474,138
-7.6926,53.28823,2021/09/04 23:00:00+00,Sun 05 Sep 2021,5302,11873,1,3516104,3249233,236985,3753089,3486218,79.7019138411525,74.0345477198849,139
-7.6926,53.28823,2021/09/05 23:00:00+00,Mon 06 Sep 2021,2133,9637,73,3518237,3258870,237058,3755295,3495928,79.7487612305786,74.2407526842216,140
-7.6926,53.28823,2021/09/06 23:00:00+00,Tue 07 Sep 2021,3019,9952,153,3521256,3268822,237211,3758467,3506033,79.8161229346853,74.4553460070458,141
-7.6926,53.28823,2021/09/07 23:00:00+00,Wed 08 Sep 2021,2584,14757,184,3523840,3283579,237395,3761235,3520974,79.8749051531491,74.7726383213769,142
-7.6926,53.28823,2021/09/08 23:00:00+00,Thu 09 Sep 2021,3100,14754,137,3526940,3298333,237532,3764472,3535865,79.9436472200449,75.088868818178,143
-7.6926,53.28823,2021/09/09 23:00:00+00,Fri 10 Sep 2021,3360,13906,115,3530300,3312239,237647,3767947,3549886,80.0174435383837,75.3866236899561,144
-7.6926,53.28823,2021/09/10 23:00:00+00,Sat 11 Sep 2021,2543,11295,60,3532843,3323534,237707,3770550,3561241,80.0727217589984,75.6277624510316,145
-7.6926,53.28823,2021/09/11 23:00:00+00,Sun 12 Sep 2021,2029,12862,1,3534872,3336396,237708,3772580,3574104,80.1158315507187,75.9009256288137,146
-7.6926,53.28823,2021/09/12 23:00:00+00,Mon 13 Sep 2021,1597,7698,50,3536469,3344094,237758,3774227,3581852,80.1508078201587,76.065464873271,147
-7.6926,53.28823,2021/09/13 23:00:00+00,Tue 14 Sep 2021,1533,10740,81,3538002,3354834,237839,3775841,3592673,80.1850832900289,76.2952634231256,148
-7.6926,53.28823,2021/09/14 23:00:00+00,Wed 15 Sep 2021,3264,12367,134,3541266,3367201,237973,3779239,3605174,80.2572444093714,76.56073904199,149
-7.6926,53.28823,2021/09/15 23:00:00+00,Thu 16 Sep 2021,1894,10566,113,3543160,3377767,238086,3781246,3615853,80.2998657650279,76.7875220300592,150
-7.6926,53.28823,2021/09/16 23:00:00+00,Fri 17 Sep 2021,2552,14581,90,3545712,3392348,238176,3783888,3630524,80.355972203316,77.099080529728,151
-7.6926,53.28823,2021/09/17 23:00:00+00,Sat 18 Sep 2021,2277,11207,43,3547989,3403555,238219,3786208,3641774,80.4052405367105,77.3379894739905,152
-7.6926,53.28823,2021/09/18 23:00:00+00,Sun 19 Sep 2021,1856,8480,12,3549845,3412035,238231,3788076,3650266,80.4449100396334,77.518328563295,153
-7.6926,53.28823,2021/09/19 23:00:00+00,Mon 20 Sep 2021,944,5591,32,3550789,3417626,238263,3789052,3655889,80.4656367178201,77.6377405627251,154
-7.6926,53.28823,2021/09/20 23:00:00+00,Tue 21 Sep 2021,1457,6637,90,3552246,3424263,238353,3790599,3662616,80.4984893522,77.7805974932187,155
-7.6926,53.28823,2021/09/21 23:00:00+00,Wed 22 Sep 2021,1886,8115,96,3554132,3432378,238449,3792581,3670827,80.5405797990914,77.9549691680044,156
-7.6926,53.28823,2021/09/22 23:00:00+00,Thu 23 Sep 2021,1688,8734,87,3555820,3441112,238536,3794356,3679648,80.5782743214083,78.1422950166567,157
-7.6926,53.28823,2021/09/23 23:00:00+00,Fri 24 Sep 2021,1904,7362,79,3557724,3448474,238615,3796339,3687089,80.6203860046503,78.3003147014796,158
-7.6926,53.28823,2021/09/24 23:00:00+00,Sat 25 Sep 2021,2409,6567,51,3560133,3455041,238666,3798799,3693707,80.6726274271291,78.4408568697577,159
-7.6926,53.28823,2021/09/25 23:00:00+00,Sun 26 Sep 2021,1537,7089,0,3561670,3462130,238666,3800336,3700796,80.705267698003,78.5914013591689,160
-7.6926,53.28823,2021/09/26 23:00:00+00,Mon 27 Sep 2021,1169,3771,45,3562839,3465901,238711,3801550,3704612,80.7310486276327,78.6724392730627,161
-7.6926,53.28823,2021/09/27 23:00:00+00,Tue 28 Sep 2021,1439,5098,91,3564278,3470999,238802,3803080,3709801,80.7635402440524,78.7826346963319,162
-7.6926,53.28823,2021/09/28 23:00:00+00,Wed 29 Sep 2021,1641,3584,77,3565919,3474583,238879,3804798,3713462,80.8000242943851,78.8603809758825,163
-7.6926,53.28823,2021/09/29 23:00:00+00,Thu 30 Sep 2021,1280,3930,77,3567199,3478513,238956,3806155,3717469,80.8288420221508,78.9454750327411,164
-7.6926,53.28823,2021/09/30 23:00:00+00,Fri 01 Oct 2021,1834,5138,41,3569033,3483651,238997,3808030,3722648,80.8686601795279,79.0554580925043,165
-7.6926,53.28823,2021/10/01 23:00:00+00,Sat 02 Oct 2021,1704,4067,39,3570737,3487718,239036,3809773,3726754,80.9056751386256,79.1426545480724,166
-7.6926,53.28823,2021/10/02 23:00:00+00,Sun 03 Oct 2021,1194,3002,9,3571931,3490720,239045,3810976,3729765,80.9312224683987,79.2065971997323,167
-7.6926,53.28823,2021/10/03 23:00:00+00,Mon 04 Oct 2021,334,1207,17,3572265,3491927,239062,3811327,3730989,80.9386764274597,79.2325904928681,168
-7.6926,53.28823,2021/10/04 23:00:00+00,Tue 05 Oct 2021,958,2796,69,3573223,3494723,239131,3812354,3733854,80.9604861595271,79.2934326373403,169
-7.6926,53.28823,2021/10/05 23:00:00+00,Wed 06 Oct 2021,970,2533,35,3574193,3497256,239166,3813359,3736422,80.9818286918811,79.3479675856839,170
-7.6926,53.28823,2021/10/06 23:00:00+00,Thu 07 Oct 2021,1199,2667,44,3575392,3499923,239210,3814602,3739133,81.0082254756783,79.4055393321635,171
-7.6926,53.28823,2021/10/07 23:00:00+00,Fri 08 Oct 2021,973,2753,45,3576365,3502676,239255,3815620,3741931,81.0298440805903,79.4649586411454,172
-7.6926,53.28823,2021/10/08 23:00:00+00,Sat 09 Oct 2021,727,2349,22,3577092,3505025,239277,3816369,3744302,81.0457501071905,79.5153100284206,173
-7.6926,53.28823,2021/10/09 23:00:00+00,Sun 10 Oct 2021,1499,3904,0,3578591,3508929,239277,3817868,3748206,81.0775833967415,79.5982167411673,174
-7.6926,53.28823,2021/10/10 23:00:00+00,Mon 11 Oct 2021,330,1092,15,3578921,3510021,239292,3818213,3749313,81.0849099376989,79.6217253812827,175
-7.6926,53.28823,2021/10/11 23:00:00+00,Tue 12 Oct 2021,562,1580,20,3579483,3511601,239312,3818795,3750913,81.0972694937488,79.6557035422445,176
-7.6926,53.28823,2021/10/12 23:00:00+00,Wed 13 Oct 2021,1026,2019,9,3580509,3513620,239321,3819830,3752941,81.1192491166209,79.6987708612636,177
-7.6926,53.28823,2021/10/13 23:00:00+00,Thu 14 Oct 2021,687,1558,7,3581196,3515178,239328,3820524,3754506,81.1339871439381,79.7320057499543,178
-7.6926,53.28823,2021/10/14 23:00:00+00,Fri 15 Oct 2021,952,2039,7,3582148,3517217,239335,3821483,3756552,81.1543528041645,79.7754553232841,179
-7.6926,53.28823,2021/10/15 23:00:00+00,Sat 16 Oct 2021,1373,2611,12,3583521,3519828,239347,3822868,3759175,81.1837651497471,79.8311582709108,180
-7.6926,53.28823,2021/10/16 23:00:00+00,Sun 17 Oct 2021,1698,2882,2,3585219,3522710,239349,3824568,3762059,81.2198669457689,79.8924039060444,181
-7.6926,53.28823,2021/10/17 23:00:00+00,Mon 18 Oct 2021,666,1206,4,3585885,3523916,239353,3825238,3763269,81.2340953006717,79.9180998902718,182
-7.6926,53.28823,2021/10/18 23:00:00+00,Tue 19 Oct 2021,1330,1765,12,3587215,3525681,239365,3826580,3765046,81.2625944831784,79.9558368852899,183
-7.6926,53.28823,2021/10/19 23:00:00+00,Wed 20 Oct 2021,2244,2283,0,3589459,3527964,239365,3828824,3767329,81.3102488539272,80.0043194737123,184
-7.6926,53.28823,2021/10/20 23:00:00+00,Thu 21 Oct 2021,1745,1795,10,3591204,3529759,239375,3830579,3769134,81.3475186492322,80.0426510865473,185
-7.6926,53.28823,2021/10/21 23:00:00+00,Fri 22 Oct 2021,1491,1898,2,3592695,3531657,239377,3832072,3771034,81.3792245206796,80.0830001526894,186
-7.6926,53.28823,2021/10/22 23:00:00+00,Sat 23 Oct 2021,2008,1673,1,3594703,3533330,239378,3834081,3772708,81.4218883490373,80.1185498035956,187
-7.6926,53.28823,2021/10/23 23:00:00+00,Sun 24 Oct 2021,1943,2177,2,3596646,3535507,239380,3836026,3774887,81.4631930509564,80.1648238115554,188
-7.6926,53.28823,2021/10/24 23:00:00+00,Mon 25 Oct 2021,1215,820,2,3597861,3536327,239382,3837243,3775709,81.489037689638,80.1822800917495,189
-7.6926,53.28823,2021/10/25 23:00:00+00,Tue 26 Oct 2021,1235,1189,6,3599096,3537516,239388,3838484,3776904,81.5153920007339,80.2076575307179,190
-7.6926,53.28823,2021/10/26 23:00:00+00,Wed 27 Oct 2021,1549,1393,5,3600645,3538909,239393,3840038,3778302,81.548393289568,80.2373459488582,191
-7.6926,53.28823,2021/10/27 23:00:00+00,Thu 28 Oct 2021,2145,1663,3,3602790,3540572,239396,3842186,3779968,81.5940089706592,80.2727257089596,192
-7.6926,53.28823,2021/10/28 23:00:00+00,Fri 29 Oct 2021,2131,1335,0,3604921,3541907,239396,3844317,3781303,81.6392636337902,80.3010762370121,193
-7.6926,53.28823,2021/10/29 23:00:00+00,Sat 30 Oct 2021,2007,1430,0,3606928,3543337,239396,3846324,3782733,81.6818849894466,80.3314442183717,194
-7.6926,53.28823,2021/10/30 23:00:00+00,Sun 31 Oct 2021,1624,1314,0,3608552,3544651,239396,3847948,3784047,81.7163728228228,80.3593487830615,195
-7.6926,53.28823,2021/11/01 00:00:00+00,Mon 01 Nov 2021,260,259,1,3608812,3544910,239397,3848209,3784307,81.7219155103297,80.3648702342178,196
-7.6926,53.28823,2021/11/02 00:00:00+00,Tue 02 Nov 2021,1087,1073,9,3609899,3545983,239406,3849305,3785389,81.7451905505885,80.3878479655682,197
-7.6926,53.28823,2021/11/03 00:00:00+00,Wed 03 Nov 2021,2534,1835,5,3612433,3547818,239411,3851844,3787229,81.7991096447647,80.4269228506743,198
-7.6926,53.28823,2021/11/04 00:00:00+00,Thu 04 Nov 2021,1542,1249,1,3613975,3549067,239412,3853387,3788479,81.8318773337422,80.4534682889256,199
-7.6926,53.28823,2021/11/05 00:00:00+00,Fri 05 Nov 2021,1626,1058,2,3615601,3550125,239414,3855015,3789539,81.8664501125208,80.4759788205628,200
-7.6926,53.28823,2021/11/06 00:00:00+00,Sat 06 Nov 2021,1818,1337,5,3617419,3551462,239419,3856838,3790881,81.9051639796666,80.5044780030695,201
-7.6926,53.28823,2021/11/07 00:00:00+00,Sun 07 Nov 2021,725,765,0,3618144,3552227,239419,3857563,3791646,81.9205603338524,80.5207238112794,202
-7.6926,53.28823,2021/11/08 00:00:00+00,Mon 08 Nov 2021,512,512,1,3618656,3552739,239420,3858076,3792159,81.9314545817108,80.5316180591377,203
-7.6926,53.28823,2021/11/09 00:00:00+00,Tue 09 Nov 2021,1377,1034,1,3620033,3553773,239421,3859454,3793194,81.9607182728391,80.5535976820099,204
-7.6926,53.28823,2021/11/10 00:00:00+00,Wed 10 Nov 2021,1625,1322,0,3621658,3555095,239421,3861079,3794516,81.9952273425659,80.5816721375045,205
-7.6926,53.28823,2021/11/11 00:00:00+00,Thu 11 Nov 2021,1398,1086,1,3623056,3556181,239422,3862478,3795603,82.0249369970569,80.6047560506079,206
-7.6926,53.28823,2021/11/12 00:00:00+00,Fri 12 Nov 2021,1152,1114,5,3624208,3557295,239427,3863635,3796722,82.0495074547023,80.6285195269306,207
-7.6926,53.28823,2021/11/13 00:00:00+00,Sat 13 Nov 2021,1410,1358,0,3625618,3558653,239427,3865045,3798080,82.0794507090499,80.6573584910469,208
-7.6926,53.28823,2021/11/14 00:00:00+00,Sun 14 Nov 2021,1648,1800,0,3627266,3560453,239427,3866693,3799880,82.1144482148405,80.6955839221289,209
-7.6926,53.28823,2021/11/15 00:00:00+00,Mon 15 Nov 2021,1245,566,0,3628511,3561019,239427,3867938,3800446,82.1408874713389,80.7076036965691,210
-7.6926,53.28823,2021/11/16 00:00:00+00,Tue 16 Nov 2021,1319,1048,5,3629830,3562067,239432,3869262,3801499,82.1690043995348,80.729965573752,211
-7.6926,53.28823,2021/11/17 00:00:00+00,Wed 17 Nov 2021,1518,1084,0,3631348,3563151,239432,3870780,3802583,82.2012411797472,80.7529857778036,212
-7.6926,53.28823,2021/11/18 00:00:00+00,Thu 18 Nov 2021,1666,2470,5,3633014,3565621,239437,3872451,3805058,82.2367271216017,80.8055457455414,213
-7.6926,53.28823,2021/11/19 00:00:00+00,Fri 19 Nov 2021,1184,1524,0,3634198,3567145,239437,3873635,3806582,82.2618709607134,80.8379099438575,214
-7.6926,53.28823,2021/11/20 00:00:00+00,Sat 20 Nov 2021,1541,2922,11,3635739,3570067,239448,3875187,3809515,82.2948297768463,80.9001961601705,215
-7.6926,53.28823,2021/11/21 00:00:00+00,Sun 21 Nov 2021,1785,2752,0,3637524,3572819,239448,3876972,3812267,82.3327366626693,80.9586385970247,216
-7.6926,53.28823,2021/11/22 00:00:00+00,Mon 22 Nov 2021,711,488,2,3638235,3573307,239450,3877685,3812757,82.3478781806479,80.9690444088193,217
-7.6926,53.28823,2020/12/28 00:00:00+00,Mon 28 Dec 2020,186,22,0,186,22,0,186,22,0.00394996121180563,0.000467199713224322,218
-7.6926,53.28823,2020/12/29 00:00:00+00,Tue 29 Dec 2020,73,1,0,259,23,0,259,23,0.00550021480568633,0.000488436063825427,219
-7.6926,53.28823,2020/12/30 00:00:00+00,Wed 30 Dec 2020,1055,1,0,1314,24,0,1314,24,0.0279045646898527,0.000509672414426533,220
-7.6926,53.28823,2020/12/31 00:00:00+00,Thu 31 Dec 2020,1029,1,0,2343,25,0,2343,25,0.0497567694583902,0.000530908765027638,221
-7.6926,53.28823,2021/01/01 00:00:00+00,Fri 01 Jan 2021,807,0,0,3150,25,0,3150,25,0.0668945043934824,0.000530908765027638,222
-7.6926,53.28823,2021/01/02 00:00:00+00,Sat 02 Jan 2021,1014,0,0,4164,25,0,4164,25,0.0884281639030034,0.000530908765027638,223
-7.6926,53.28823,2021/01/03 00:00:00+00,Sun 03 Jan 2021,18,2,0,4182,27,0,4182,27,0.0888104182138233,0.000573381466229849,224
-7.6926,53.28823,2021/01/04 00:00:00+00,Mon 04 Jan 2021,1188,3,0,5370,30,0,5370,30,0.114039202727937,0.000637090518033166,225
-7.6926,53.28823,2021/01/05 00:00:00+00,Tue 05 Jan 2021,3519,8,0,8889,38,0,8889,38,0.188769920493227,0.00080698132284201,226
-7.6926,53.28823,2021/01/06 00:00:00+00,Wed 06 Jan 2021,6767,8,0,15656,46,0,15656,46,0.332476305010908,0.000976872127650854,227
-7.6926,53.28823,2021/01/07 00:00:00+00,Thu 07 Jan 2021,11715,8,0,27371,54,0,27371,54,0.581260152302859,0.0011467629324597,228
-7.6926,53.28823,2021/01/08 00:00:00+00,Fri 08 Jan 2021,12673,5,0,40044,59,0,40044,59,0.850388423470669,0.00125294468546523,229
-7.6926,53.28823,2021/01/09 00:00:00+00,Sat 09 Jan 2021,8073,6,0,48117,65,0,48117,65,1.02182948187339,0.00138036278907186,230
-7.6926,53.28823,2021/01/10 00:00:00+00,Sun 10 Jan 2021,4772,3,1,52889,68,1,52890,69,1.12319058329247,0.00146530819147628,231
-7.6926,53.28823,2021/01/11 00:00:00+00,Mon 11 Jan 2021,8336,7,0,61225,75,1,61226,76,1.30021680190329,0.00161396264568402,232
-7.6926,53.28823,2021/01/12 00:00:00+00,Tue 12 Jan 2021,8872,8,0,70097,83,1,70098,84,1.48862570443629,0.00178385345049286,233
-7.6926,53.28823,2021/01/13 00:00:00+00,Wed 13 Jan 2021,9873,5,0,79970,88,1,79971,89,1.69829219392101,0.00189003520349839,234
-7.6926,53.28823,2021/01/14 00:00:00+00,Thu 14 Jan 2021,8066,6,0,88036,94,1,88037,95,1.86958459786953,0.00201745330710502,235
-7.6926,53.28823,2021/01/15 00:00:00+00,Fri 15 Jan 2021,7679,2,0,95715,96,1,95716,97,2.03265853413542,0.00205992600830724,236
-7.6926,53.28823,2021/01/16 00:00:00+00,Sat 16 Jan 2021,5218,2,0,100933,98,1,100934,99,2.14346981157198,0.00210239870950945,237
-7.6926,53.28823,2021/01/17 00:00:00+00,Sun 17 Jan 2021,1107,4,0,102040,102,1,102041,103,2.16697845168741,0.00218734411191387,238
-7.6926,53.28823,2021/01/18 00:00:00+00,Mon 18 Jan 2021,8697,8,0,110737,110,1,110738,111,2.35167099286522,0.00235723491672271,239
-7.6926,53.28823,2021/01/19 00:00:00+00,Tue 19 Jan 2021,8367,18,0,119104,128,1,119105,129,2.52935553834467,0.00273948922754261,240
-7.6926,53.28823,2021/01/20 00:00:00+00,Wed 20 Jan 2021,8438,961,0,127542,1089,1,127543,1090,2.7085478647168,0.023147622155205,241
-7.6926,53.28823,2021/01/21 00:00:00+00,Thu 21 Jan 2021,8983,959,0,136525,2048,1,136526,2049,2.89931400216653,0.0435132823816652,242
-7.6926,53.28823,2021/01/22 00:00:00+00,Fri 22 Jan 2021,6761,967,0,143286,3015,1,143287,3016,3.04289296858061,0.0640488334129343,243
-7.6926,53.28823,2021/01/23 00:00:00+00,Sat 23 Jan 2021,4175,459,0,147461,3474,1,147462,3475,3.13155473234022,0.0737963183388417,244
-7.6926,53.28823,2021/01/24 00:00:00+00,Sun 24 Jan 2021,1178,397,0,148639,3871,1,148640,3872,3.15657115334832,0.0822271495274806,245
-7.6926,53.28823,2021/01/25 00:00:00+00,Mon 25 Jan 2021,1345,1286,0,149984,5157,1,149985,5158,3.18513404490681,0.109537096400502,246
-7.6926,53.28823,2021/01/26 00:00:00+00,Tue 26 Jan 2021,996,3495,0,150980,8652,1,150981,8653,3.20628545010551,0.183758141751366,247
-7.6926,53.28823,2021/01/27 00:00:00+00,Wed 27 Jan 2021,2156,6698,0,153136,15350,1,153137,15351,3.2520710220015,0.325999218077571,248
-7.6926,53.28823,2021/01/28 00:00:00+00,Thu 28 Jan 2021,981,11537,0,154117,26887,1,154118,26888,3.27290388194118,0.571002994962525,249
-7.6926,53.28823,2021/01/29 00:00:00+00,Fri 29 Jan 2021,1557,11525,0,155674,38412,1,155675,38413,3.3059688798271,0.815751935640266,250
-7.6926,53.28823,2021/01/30 00:00:00+00,Sat 30 Jan 2021,619,7793,0,156293,46205,1,156294,46206,3.31911418084919,0.981246815874682,251
-7.6926,53.28823,2021/01/31 00:00:00+00,Sun 31 Jan 2021,213,4085,0,156506,50290,1,156507,50291,3.32363752352722,1.0679973080802,252
-7.6926,53.28823,2021/02/01 00:00:00+00,Mon 01 Feb 2021,1004,8336,0,157510,58626,1,157511,58627,3.34495881953073,1.24502352669101,253
-7.6926,53.28823,2021/02/02 00:00:00+00,Tue 02 Feb 2021,819,5106,0,158329,63732,1,158330,63733,3.36235139067304,1.35345633286026,254
-7.6926,53.28823,2021/02/03 00:00:00+00,Wed 03 Feb 2021,1386,6861,0,159715,70593,1,159716,70594,3.39178497260617,1.49915893433444,255
-7.6926,53.28823,2021/02/04 00:00:00+00,Thu 04 Feb 2021,1413,10539,1,161128,81132,2,161130,81134,3.42181317235613,1.7229900696701,256
-7.6926,53.28823,2021/02/05 00:00:00+00,Fri 05 Feb 2021,3374,8611,0,164502,89743,2,164504,89745,3.49346461928426,1.90585628469622,257
-7.6926,53.28823,2021/02/06 00:00:00+00,Sat 06 Feb 2021,887,3866,0,165389,93609,2,165391,93611,3.51230126226744,1.98795601612009,258
-7.6926,53.28823,2021/02/07 00:00:00+00,Sun 07 Feb 2021,320,1297,1,165709,94906,3,165712,94909,3.5191181308104,2.01552079920032,259
-7.6926,53.28823,2021/02/08 00:00:00+00,Mon 08 Feb 2021,1156,876,0,166865,95782,3,166868,95785,3.54366735210528,2.03412384232689,260
-7.6926,53.28823,2021/02/09 00:00:00+00,Tue 09 Feb 2021,4235,533,2,171100,96315,5,171105,96320,3.63364576960216,2.04548528989848,261
-7.6926,53.28823,2021/02/10 00:00:00+00,Wed 10 Feb 2021,8808,578,0,179908,96893,5,179913,96898,3.8206955456967,2.05775990054592,262
-7.6926,53.28823,2021/02/11 00:00:00+00,Thu 11 Feb 2021,6164,441,0,186072,97334,5,186077,97339,3.95159641080191,2.06712513116101,263
-7.6926,53.28823,2021/02/12 00:00:00+00,Fri 12 Feb 2021,4379,521,0,190451,97855,5,190456,97860,4.04459039008415,2.07818926982419,264
-7.6926,53.28823,2021/02/13 00:00:00+00,Sat 13 Feb 2021,1201,1912,0,191652,99767,5,191657,99772,4.07009524715608,2.1187931721735,265
-7.6926,53.28823,2021/02/14 00:00:00+00,Sun 14 Feb 2021,2688,25,0,194340,99792,5,194345,99797,4.12717855757185,2.11932408093853,266
-7.6926,53.28823,2021/02/15 00:00:00+00,Mon 15 Feb 2021,1951,7881,0,196291,107673,5,196296,107678,4.16861067759461,2.28668776002584,267
-7.6926,53.28823,2021/02/16 00:00:00+00,Tue 16 Feb 2021,5625,8158,0,201916,115831,5,201921,115836,4.28806514972583,2.45993390822966,268
-7.6926,53.28823,2021/02/17 00:00:00+00,Wed 17 Feb 2021,9725,8462,0,211641,124293,5,211646,124298,4.49458865932158,2.63963590701621,269
-7.6926,53.28823,2021/02/18 00:00:00+00,Thu 18 Feb 2021,8451,8345,0,220092,132638,5,220097,132643,4.67405705825152,2.81685325278244,270
-7.6926,53.28823,2021/02/19 00:00:00+00,Fri 19 Feb 2021,9378,6579,0,229470,139217,5,229475,139222,4.87321155418869,2.95656720338711,271
-7.6926,53.28823,2021/02/20 00:00:00+00,Sat 20 Feb 2021,5880,3567,2,235350,142784,7,235357,142791,4.99812376842439,3.03235973868246,272
-7.6926,53.28823,2021/02/21 00:00:00+00,Sun 21 Feb 2021,1103,1021,4,236453,143805,11,236464,143816,5.02163240853982,3.05412699804859,273
-7.6926,53.28823,2021/02/22 00:00:00+00,Mon 22 Feb 2021,3934,1117,1,240387,144922,12,240399,144934,5.10519744815517,3.07786923802063,274
-7.6926,53.28823,2021/02/23 00:00:00+00,Tue 23 Feb 2021,13346,1059,0,253733,145981,12,253745,145993,5.38861778327752,3.1003585333072,275
-7.6926,53.28823,2021/02/24 00:00:00+00,Wed 24 Feb 2021,16923,2097,2,270656,148078,14,270670,148092,5.74804301720123,3.14493363321892,276
-7.6926,53.28823,2021/02/25 00:00:00+00,Thu 25 Feb 2021,18072,1748,2,288728,149826,16,288744,149842,6.13186881796561,3.18209724677085,277
-7.6926,53.28823,2021/02/26 00:00:00+00,Fri 26 Feb 2021,16075,2760,0,304803,152586,16,304819,152602,6.47324315387838,3.2407095744299,278
-7.6926,53.28823,2021/02/27 00:00:00+00,Sat 27 Feb 2021,8983,702,1,313786,153288,17,313803,153305,6.66403052767872,3.25563872890248,279
-7.6926,53.28823,2021/02/28 00:00:00+00,Sun 28 Feb 2021,2436,50,1,316222,153338,18,316240,153356,6.71578351409361,3.25672178278314,280
-7.6926,53.28823,2021/03/01 00:00:00+00,Mon 01 Mar 2021,5578,783,0,321800,154121,18,321818,154139,6.83423987774658,3.2733498453038,281
-7.6926,53.28823,2021/03/02 00:00:00+00,Tue 02 Mar 2021,12166,1603,0,333966,155724,18,333984,155742,7.09260131915963,3.30739171531738,282
-7.6926,53.28823,2021/03/03 00:00:00+00,Wed 03 Mar 2021,12875,1498,1,346841,157222,19,346860,157241,7.36604056949946,3.33922500486843,283
-7.6926,53.28823,2021/03/04 00:00:00+00,Thu 04 Mar 2021,18717,1683,3,365558,158905,22,365580,158927,7.76358505275216,3.3750294919819,284
-7.6926,53.28823,2021/03/05 00:00:00+00,Fri 05 Mar 2021,18426,2388,6,383984,161293,28,384012,161321,8.15501346703173,3.42586931532094,285
-7.6926,53.28823,2021/03/06 00:00:00+00,Sat 06 Mar 2021,10433,135,4,394417,161428,32,394449,161460,8.37665725825547,3.4288211680545,286
-7.6926,53.28823,2021/03/07 00:00:00+00,Sun 07 Mar 2021,1509,10,2,395926,161438,34,395960,161472,8.40874538401374,3.42907600426171,287
-7.6926,53.28823,2021/03/08 00:00:00+00,Mon 08 Mar 2021,6646,1491,3,402572,162929,37,402609,162966,8.54994587916049,3.46080311205976,288
-7.6926,53.28823,2021/03/09 00:00:00+00,Tue 09 Mar 2021,13800,3093,3,416372,166022,40,416412,166062,8.84307122650755,3.52655085352079,289
-7.6926,53.28823,2021/03/10 00:00:00+00,Wed 10 Mar 2021,13709,3975,3,430081,169997,43,430124,170040,9.13426406594991,3.61102905621198,290
-7.6926,53.28823,2021/03/11 00:00:00+00,Thu 11 Mar 2021,18445,2096,3,448526,172093,46,448572,172139,9.52603226183911,3.6556041561237,291
-7.6926,53.28823,2021/03/12 00:00:00+00,Fri 12 Mar 2021,17304,1330,3,465830,173423,49,465879,173472,9.89356978169244,3.68391221147498,292
-7.6926,53.28823,2021/03/13 00:00:00+00,Sat 13 Mar 2021,8273,169,0,474103,173592,49,474152,173641,10.0692581102154,3.68750115472656,293
-7.6926,53.28823,2021/03/14 00:00:00+00,Sun 14 Mar 2021,370,16,1,474473,173608,50,474523,173658,10.0771367962884,3.68786217268678,294
-7.6926,53.28823,2021/03/15 00:00:00+00,Mon 15 Mar 2021,2626,985,0,477099,174593,50,477149,174643,10.1329034529669,3.70877997802887,295
-7.6926,53.28823,2021/03/16 00:00:00+00,Tue 16 Mar 2021,8921,3810,2,486020,178403,52,486072,178455,10.3223954093806,3.78973294652029,296
-7.6926,53.28823,2021/03/17 00:00:00+00,Wed 17 Mar 2021,4870,2413,6,490890,180816,58,490948,180874,10.4259438549116,3.84110367862436,297
-7.6926,53.28823,2021/03/18 00:00:00+00,Thu 18 Mar 2021,11697,4676,2,502587,185492,60,502647,185552,10.6743879205939,3.94044732673633,298
-7.6926,53.28823,2021/03/19 00:00:00+00,Fri 19 Mar 2021,10334,6114,2,512921,191606,62,512983,191668,10.8938868404069,4.07032884701269,299
-7.6926,53.28823,2021/03/20 00:00:00+00,Sat 20 Mar 2021,5215,3114,2,518136,194720,64,518200,194784,11.0046768814929,4.13650131548574,300
-7.6926,53.28823,2021/03/21 00:00:00+00,Sun 21 Mar 2021,3621,53,3,521757,194773,67,521824,194840,11.0816374160713,4.1376905511194,301
-7.6926,53.28823,2021/03/22 00:00:00+00,Mon 22 Mar 2021,7379,2395,1,529136,197168,68,529204,197236,11.2383616835074,4.18857284715965,302
-7.6926,53.28823,2021/03/23 00:00:00+00,Tue 23 Mar 2021,12548,7380,3,541684,204548,71,541755,204619,11.5048991199019,4.34536082364761,303
-7.6926,53.28823,2021/03/24 00:00:00+00,Wed 24 Mar 2021,13593,9776,1,555277,214324,72,555349,214396,11.7935860699734,4.55298862347462,304
-7.6926,53.28823,2021/03/25 00:00:00+00,Thu 25 Mar 2021,20835,10214,3,576112,224538,75,576187,224613,12.2361091437992,4.76996041756611,305
-7.6926,53.28823,2021/03/26 00:00:00+00,Fri 26 Mar 2021,19681,9487,1,595793,234025,76,595869,234101,12.6540829963301,4.9714509120694,306
-7.6926,53.28823,2021/03/27 00:00:00+00,Sat 27 Mar 2021,11717,5336,2,607510,239361,78,607588,239439,12.9029517890245,5.08481055157811,307
-7.6926,53.28823,2021/03/28 00:00:00+00,Sun 28 Mar 2021,2475,479,0,609985,239840,78,610063,239918,12.9555117567622,5.09498276351603,308
-7.6926,53.28823,2021/03/28 23:00:00+00,Mon 29 Mar 2021,9233,3105,3,619218,242945,81,619299,243026,13.151650690914,5.16098534118427,309
-7.6926,53.28823,2021/03/29 23:00:00+00,Tue 30 Mar 2021,13307,8657,4,632525,251602,85,632610,251687,13.4343277537654,5.34491337374044,310
-7.6926,53.28823,2021/03/30 23:00:00+00,Wed 31 Mar 2021,15788,10501,3,648313,262103,88,648401,262191,13.7696709661074,5.56798000045446,311
-7.6926,53.28823,2021/03/31 23:00:00+00,Thu 01 Apr 2021,19655,11614,7,667968,273717,95,668063,273812,14.1872200916264,5.8147676307899,312
-7.6926,53.28823,2021/04/01 23:00:00+00,Fri 02 Apr 2021,20108,13715,7,688076,287432,102,688178,287534,14.6143892839676,6.10617283373827,313
-7.6926,53.28823,2021/04/02 23:00:00+00,Sat 03 Apr 2021,7526,4638,5,695602,292070,107,695709,292177,14.7743202403445,6.20477320957921,314
-7.6926,53.28823,2021/04/03 23:00:00+00,Sun 04 Apr 2021,3011,166,2,698613,292236,109,698722,292345,14.8383053647057,6.20834091648019,315
-7.6926,53.28823,2021/04/04 23:00:00+00,Mon 05 Apr 2021,3407,596,3,702020,292832,112,702132,292944,14.9107213202554,6.22106149049026,316
-7.6926,53.28823,2021/04/05 23:00:00+00,Tue 06 Apr 2021,11951,8152,8,713971,300984,120,714091,301104,15.164686837094,6.39435011139528,317
-7.6926,53.28823,2021/04/06 23:00:00+00,Wed 07 Apr 2021,18322,10450,6,732293,311434,126,732419,311560,15.5539066709111,6.61639739328044,318
-7.6926,53.28823,2021/04/07 23:00:00+00,Thu 08 Apr 2021,20150,10555,13,752443,321989,139,752582,322128,15.9820952080812,6.84082314643292,319
-7.6926,53.28823,2021/04/08 23:00:00+00,Fri 09 Apr 2021,20668,9149,16,773111,331138,155,773266,331293,16.4213478839145,7.03545429969205,320
-7.6926,53.28823,2021/04/09 23:00:00+00,Sat 10 Apr 2021,11136,4149,12,784247,335287,167,784414,335454,16.6580907204156,7.12381875454325,321
-7.6926,53.28823,2021/04/10 23:00:00+00,Sun 11 Apr 2021,2838,346,6,787085,335633,173,787258,335806,16.7184869015251,7.13129394995484,322
-7.6926,53.28823,2021/04/11 23:00:00+00,Mon 12 Apr 2021,7743,2775,8,794828,338408,181,795009,338589,16.8830898550343,7.19039471367772,323
-7.6926,53.28823,2021/04/12 23:00:00+00,Tue 13 Apr 2021,11470,8580,1,806298,346988,182,806480,347170,17.1266920327796,7.3726238381858,324
-7.6926,53.28823,2021/04/13 23:00:00+00,Wed 14 Apr 2021,20321,6581,2,826619,353569,184,826803,353753,17.5582783860458,7.51242273419288,325
-7.6926,53.28823,2021/04/14 23:00:00+00,Thu 15 Apr 2021,27103,10778,1,853722,364347,185,853907,364532,18.1338684327382,7.7413293573222,326
-7.6926,53.28823,2021/04/15 23:00:00+00,Fri 16 Apr 2021,27952,9820,1,881674,374167,186,881860,374353,18.7274881410909,7.94989155657566,327
-7.6926,53.28823,2021/04/16 23:00:00+00,Sat 17 Apr 2021,15831,4539,2,897505,378706,188,897693,378894,19.0637232801582,8.04632582465528,328
-7.6926,53.28823,2021/04/17 23:00:00+00,Sun 18 Apr 2021,1050,469,0,898555,379175,188,898743,379363,19.0860214482894,8.05628567308719,329
-7.6926,53.28823,2021/04/18 23:00:00+00,Mon 19 Apr 2021,6719,2236,0,905274,381411,188,905462,381599,19.2287084879782,8.10377015303127,330
-7.6926,53.28823,2021/04/19 23:00:00+00,Tue 20 Apr 2021,15049,7290,1,920323,388701,189,920512,388890,19.5483155645248,8.25860438526393,331
-7.6926,53.28823,2021/04/20 23:00:00+00,Wed 21 Apr 2021,26679,9847,2,947002,398548,191,947193,398739,20.1149226349129,8.46776120233421,332
-7.6926,53.28823,2021/04/21 23:00:00+00,Thu 22 Apr 2021,31593,12166,1,978595,410714,192,978787,410906,20.7858638958043,8.72614388009787,333
-7.6926,53.28823,2021/04/22 23:00:00+00,Fri 23 Apr 2021,33565,12355,1,1012160,423069,193,1012353,423262,21.498683240081,8.98854022812512,334
-7.6926,53.28823,2021/04/23 23:00:00+00,Sat 24 Apr 2021,23666,6977,2,1035826,430046,195,1036021,430241,22.0013051861079,9.13674871897024,335
-7.6926,53.28823,2021/04/24 23:00:00+00,Sun 25 Apr 2021,9727,288,2,1045553,430334,197,1045750,430531,22.2079136411061,9.14290726064456,336
-7.6926,53.28823,2021/04/25 23:00:00+00,Mon 26 Apr 2021,15544,3033,2,1061097,433367,199,1061296,433566,22.5380539475509,9.20735958471892,337
-7.6926,53.28823,2021/04/26 23:00:00+00,Tue 27 Apr 2021,25888,7793,6,1086985,441160,205,1087190,441365,23.0879480100159,9.37298188305694,338
-7.6926,53.28823,2021/04/27 23:00:00+00,Wed 28 Apr 2021,26001,8578,5,1112986,449738,210,1113196,449948,23.6402205437483,9.55525348026623,339
-7.6926,53.28823,2021/04/28 23:00:00+00,Thu 29 Apr 2021,31659,11322,4,1144645,461060,214,1144859,461274,24.3126271128311,9.79577638717435,340
-7.6926,53.28823,2021/04/29 23:00:00+00,Fri 30 Apr 2021,36086,13505,7,1180731,474565,221,1180952,474786,25.0791107150768,10.0827219564965,341
-7.6926,53.28823,2021/04/30 23:00:00+00,Sat 01 May 2021,16519,6673,16,1197250,481238,237,1197487,481475,25.430253772266,10.2247719056673,342
-7.6926,53.28823,2021/05/01 23:00:00+00,Sun 02 May 2021,12415,898,12,1209665,482136,249,1209914,482385,25.694157901186,10.2440969847143,343
-7.6926,53.28823,2021/05/02 23:00:00+00,Mon 03 May 2021,14219,904,16,1223884,483040,265,1224149,483305,25.9964573519927,10.2636344272673,344
-7.6926,53.28823,2021/05/03 23:00:00+00,Tue 04 May 2021,26599,6759,7,1250483,489799,272,1250755,490071,26.5614716960857,10.4073195754344,345
-7.6926,53.28823,2021/05/04 23:00:00+00,Wed 05 May 2021,32043,13428,68,1282526,503227,340,1282866,503567,27.2433921502378,10.6939253631469,346
-7.6926,53.28823,2021/05/05 23:00:00+00,Thu 06 May 2021,37231,14362,132,1319757,517589,472,1320229,518061,28.0368459177469,11.0017250287593,347
-7.6926,53.28823,2021/05/06 23:00:00+00,Fri 07 May 2021,40551,15050,93,1360308,532639,565,1360873,533204,28.8999761515783,11.3233070859119,348
-7.6926,53.28823,2021/05/07 23:00:00+00,Sat 08 May 2021,25559,7023,9,1385867,539662,574,1386441,540236,29.4429471637473,11.4726411033388,349
-7.6926,53.28823,2021/05/08 23:00:00+00,Sun 09 May 2021,19630,907,2,1405497,540569,576,1406073,541145,29.8598591987482,11.4919449460352,350
-7.6926,53.28823,2021/05/09 23:00:00+00,Mon 10 May 2021,28775,4618,169,1434272,545187,745,1435017,545932,30.4745241305466,11.5936033563627,351
-7.6926,53.28823,2021/05/10 23:00:00+00,Tue 11 May 2021,33882,14795,150,1468154,559982,895,1469049,560877,31.1972396142035,11.9109806160963,352
-7.6926,53.28823,2021/05/11 23:00:00+00,Wed 12 May 2021,31230,20918,165,1499384,580900,1060,1500444,581960,31.8639548413252,12.3587065958194,353
-7.6926,53.28823,2021/05/12 23:00:00+00,Thu 13 May 2021,35940,25470,149,1535324,606370,1209,1536533,607579,32.6303534981685,12.9027606618691,354
-7.6926,53.28823,2021/05/13 23:00:00+00,Fri 14 May 2021,38153,27950,233,1573477,634320,1442,1574919,635762,33.4455320523425,13.50126473086,355
-7.6926,53.28823,2021/05/14 23:00:00+00,Sat 15 May 2021,28807,12423,18,1602284,646743,1460,1603744,648203,34.0576698584194,13.7654661686884,356
-7.6926,53.28823,2021/05/15 23:00:00+00,Sun 16 May 2021,23123,1154,9,1625407,647897,1469,1626876,649366,34.5489091205241,13.7901640444375,357
-7.6926,53.28823,2021/05/16 23:00:00+00,Mon 17 May 2021,35344,3927,112,1660751,651824,1581,1662332,653405,35.3018651674369,13.8759376645154,358
-7.6926,53.28823,2021/05/17 23:00:00+00,Tue 18 May 2021,38990,12470,121,1699741,664294,1702,1701443,665996,36.1324400757968,14.1433245549339,359
-7.6926,53.28823,2021/05/18 23:00:00+00,Wed 19 May 2021,36962,17576,203,1736703,681870,1905,1738608,683775,36.9216890458869,14.5208856322709,360
-7.6926,53.28823,2021/05/19 23:00:00+00,Thu 20 May 2021,39023,19648,129,1775726,701518,2034,1777760,703552,37.7531346446213,14.940876938109,361
-7.6926,53.28823,2021/05/20 23:00:00+00,Fri 21 May 2021,25772,23228,14930,1801498,724746,16964,1818462,741710,38.6174965867875,15.751213604346,362
-7.6926,53.28823,2021/05/21 23:00:00+00,Sat 22 May 2021,16531,10237,13516,1818029,734983,30480,1848509,765463,39.255585213299,16.255640640174,363
-7.6926,53.28823,2021/05/22 23:00:00+00,Sun 23 May 2021,8176,5514,10202,1826205,740497,40682,1866887,781179,39.6458668646461,16.589391126221,364
-7.6926,53.28823,2021/05/23 23:00:00+00,Mon 24 May 2021,22479,8185,8444,1848684,748682,49126,1897810,797808,40.3025585342841,16.9425304003668,365
-7.6926,53.28823,2021/05/24 23:00:00+00,Tue 25 May 2021,30244,16488,3219,1878928,765170,52345,1931273,817515,41.0131905344489,17.3610351616628,366
-7.6926,53.28823,2021/05/25 23:00:00+00,Wed 26 May 2021,19887,25408,3044,1898815,790578,55389,1954204,845967,41.5001612900828,17.9652518089654,367
-7.6926,53.28823,2021/05/26 23:00:00+00,Thu 27 May 2021,16946,35982,550,1915761,826560,55939,1971700,882499,41.8717124801998,18.741058169125,368
-7.6926,53.28823,2021/05/27 23:00:00+00,Fri 28 May 2021,26939,31790,1551,1942700,858350,57490,2000190,915840,42.4767361088252,19.4490993345165,369
-7.6926,53.28823,2021/05/28 23:00:00+00,Sat 29 May 2021,24409,7368,529,1967109,865718,58019,2025128,923737,43.0063282201156,19.6168027952134,370
-7.6926,53.28823,2021/05/29 23:00:00+00,Sun 30 May 2021,24184,1657,205,1991293,867375,58224,2049517,925599,43.524261574926,19.6563448800327,371
-7.6926,53.28823,2021/05/30 23:00:00+00,Mon 31 May 2021,22485,7304,3435,2013778,874679,61659,2075437,936338,44.0747077825066,19.8844020491379,372
-7.6926,53.28823,2021/05/31 23:00:00+00,Tue 01 Jun 2021,27434,11479,3640,2041212,886158,65299,2106511,951457,44.7346061410854,20.2054744338761,373
-7.6926,53.28823,2021/06/01 23:00:00+00,Wed 02 Jun 2021,18603,20857,3995,2059815,907015,69294,2129109,976309,45.2145051919692,20.7332402190147,374
-7.6926,53.28823,2021/06/02 23:00:00+00,Thu 03 Jun 2021,16591,30672,1970,2076406,937687,71264,2147670,1008951,45.6086730954763,21.426437175336,375
-7.6926,53.28823,2021/06/03 23:00:00+00,Fri 04 Jun 2021,28940,23323,145,2105346,961010,71409,2176755,1032419,46.2263323527094,21.9248118512428,376
-7.6926,53.28823,2021/06/04 23:00:00+00,Sat 05 Jun 2021,20879,11454,27,2126225,972464,71436,2197661,1043900,46.6702994983762,22.1686263924941,377
-7.6926,53.28823,2021/06/05 23:00:00+00,Sun 06 Jun 2021,19876,3875,35,2146101,976339,71471,2217572,1047810,47.0931364751948,22.2516605233444,378
-7.6926,53.28823,2021/06/06 23:00:00+00,Mon 07 Jun 2021,19721,4535,36,2165822,980874,71507,2237329,1052381,47.5127030540208,22.348731881942,379
-7.6926,53.28823,2021/06/07 23:00:00+00,Tue 08 Jun 2021,26338,18303,39,2192160,999177,71546,2263706,1070723,48.0728542738262,22.7382490246675,380
-7.6926,53.28823,2021/06/08 23:00:00+00,Wed 09 Jun 2021,32696,20060,166,2224856,1019237,71712,2296568,1090949,48.7707232272797,23.1677754519255,381
-7.6926,53.28823,2021/06/09 23:00:00+00,Thu 10 Jun 2021,27592,27442,261,2252448,1046679,71973,2324421,1118652,49.3622193005723,23.7560860726279,382
-7.6926,53.28823,2021/06/10 23:00:00+00,Fri 11 Jun 2021,26351,32851,29,2278799,1079530,72002,2350801,1151532,49.9224342294295,24.4543372803922,383
-7.6926,53.28823,2021/06/11 23:00:00+00,Sat 12 Jun 2021,12132,19688,98,2290931,1099218,72100,2363031,1171318,50.182154797281,24.8745197133857,384
-7.6926,53.28823,2021/06/12 23:00:00+00,Sun 13 Jun 2021,8504,18145,827,2299435,1117363,72927,2372362,1190290,50.3803111847399,25.2774157569899,385
-7.6926,53.28823,2021/06/13 23:00:00+00,Mon 14 Jun 2021,15951,31260,42,2315386,1148623,72969,2388355,1221592,50.7199441399034,25.9421560035057,386
-7.6926,53.28823,2021/06/14 23:00:00+00,Tue 15 Jun 2021,14618,41489,196,2330004,1190112,73165,2403169,1263277,51.0345394377082,26.8273932783128,387
-7.6926,53.28823,2021/06/15 23:00:00+00,Wed 16 Jun 2021,13354,48337,208,2343358,1238449,73373,2416731,1311822,51.3225468245603,27.8583119182435,388
-7.6926,53.28823,2021/06/16 23:00:00+00,Thu 17 Jun 2021,21503,42611,526,2364861,1281060,73899,2438760,1354959,51.7903623919521,28.7743843741233,389
-7.6926,53.28823,2021/06/17 23:00:00+00,Fri 18 Jun 2021,11950,50003,542,2376811,1331063,74441,2451252,1405504,52.0556468836611,29.8477757152562,390
-7.6926,53.28823,2021/06/18 23:00:00+00,Sat 19 Jun 2021,6246,32746,425,2383057,1363809,74866,2457923,1438675,52.1973145785211,30.5522067010455,391
-7.6926,53.28823,2021/06/19 23:00:00+00,Sun 20 Jun 2021,8465,26108,172,2391522,1389917,75038,2466560,1464955,52.3807329386628,31.1102979948425,392
-7.6926,53.28823,2021/06/20 23:00:00+00,Mon 21 Jun 2021,15402,32268,560,2406924,1422185,75598,2482522,1497783,52.7197075669577,31.8074449123756,393
-7.6926,53.28823,2021/06/21 23:00:00+00,Tue 22 Jun 2021,15068,43480,711,2421992,1465665,76309,2498301,1541974,53.0547959430925,32.7459004817891,394
-7.6926,53.28823,2021/06/22 23:00:00+00,Wed 23 Jun 2021,20009,39326,874,2442001,1504991,77183,2519184,1582174,53.4982746526954,33.5996017759535,395
-7.6926,53.28823,2021/06/23 23:00:00+00,Thu 24 Jun 2021,18950,44195,1026,2460951,1549186,78209,2539160,1627395,53.9224919923031,34.5599307864861,396
-7.6926,53.28823,2021/06/24 23:00:00+00,Fri 25 Jun 2021,15123,50076,820,2476074,1599262,79029,2555103,1678291,54.2610631299365,35.64077608668,397
-7.6926,53.28823,2021/06/25 23:00:00+00,Sat 26 Jun 2021,8988,30491,488,2485062,1629753,79517,2564579,1709270,54.4622987882326,36.2986569919516,398
-7.6926,53.28823,2021/06/26 23:00:00+00,Sun 27 Jun 2021,8684,30430,49,2493746,1660183,79566,2573312,1739749,54.6477558380321,36.9459197219227,399
-7.6926,53.28823,2021/06/27 23:00:00+00,Mon 28 Jun 2021,24156,24571,503,2517902,1684754,80069,2597971,1764823,55.1714230075047,37.4783999768948,400
-7.6926,53.28823,2021/06/28 23:00:00+00,Tue 29 Jun 2021,28075,30936,796,2545977,1715690,80865,2626842,1796555,55.7845376857092,38.1522718541691,401
-7.6926,53.28823,2021/06/29 23:00:00+00,Wed 30 Jun 2021,22473,36780,566,2568450,1752470,81431,2649881,1833901,56.2738019672081,38.945364603718,402
-7.6926,53.28823,2021/06/30 23:00:00+00,Thu 01 Jul 2021,14862,48243,624,2583312,1800713,82055,2665367,1882768,56.6026680926168,39.9831213485422,403
-7.6926,53.28823,2021/07/01 23:00:00+00,Fri 02 Jul 2021,13571,47173,807,2596883,1847886,82862,2679745,1930748,56.9080043415595,41.0020414503833,404
-7.6926,53.28823,2021/07/02 23:00:00+00,Sat 03 Jul 2021,9244,30406,494,2606127,1878292,83356,2689483,1961648,57.1148039237131,41.6582446839574,405
-7.6926,53.28823,2021/07/03 23:00:00+00,Sun 04 Jul 2021,6390,27736,224,2612517,1906028,83580,2696097,1989608,57.2552611465888,42.2520130467644,406
-7.6926,53.28823,2021/07/04 23:00:00+00,Mon 05 Jul 2021,15482,33343,5326,2627999,1939371,88906,2716905,2028277,57.6971471298966,43.0732014881585,407
-7.6926,53.28823,2021/07/05 23:00:00+00,Tue 06 Jul 2021,12307,48272,5471,2640306,1987643,94377,2734683,2082020,58.0746869708831,44.2145066785137,408
-7.6926,53.28823,2021/07/06 23:00:00+00,Wed 07 Jul 2021,19607,43666,5042,2659913,2031309,99419,2759332,2130728,58.5981417768497,45.2488868435924,409
-7.6926,53.28823,2021/07/07 23:00:00+00,Thu 08 Jul 2021,17679,45500,5980,2677592,2076809,105399,2782991,2182208,59.1005725957213,46.3421341725373,410
-7.6926,53.28823,2021/07/08 23:00:00+00,Fri 09 Jul 2021,13443,45018,6517,2691035,2121827,111916,2802951,2233743,59.5244501537193,47.4365495007653,411
-7.6926,53.28823,2021/07/09 23:00:00+00,Sat 10 Jul 2021,8555,23776,4353,2699590,2145603,116269,2815859,2261872,59.7985689672784,48.0339068068238,412
-7.6926,53.28823,2021/07/10 23:00:00+00,Sun 11 Jul 2021,15183,16061,2146,2714773,2161664,118415,2833188,2280079,60.1665736868449,48.4205570422181,413
-7.6926,53.28823,2021/07/11 23:00:00+00,Mon 12 Jul 2021,17037,31647,6074,2731810,2193311,124489,2856299,2317800,60.6573669855871,49.2216134232424,414
-7.6926,53.28823,2021/07/12 23:00:00+00,Tue 13 Jul 2021,20024,36456,8474,2751834,2229767,132963,2884797,2362730,61.2625605050174,50.17576265575,415
-7.6926,53.28823,2021/07/13 23:00:00+00,Wed 14 Jul 2021,20717,35602,9317,2772551,2265369,142280,2914831,2407649,61.900373058971,51.1296782884011,416
-7.6926,53.28823,2021/07/14 23:00:00+00,Thu 15 Jul 2021,23545,28735,9555,2796096,2294104,151835,2947931,2445939,62.6032962638676,51.9428181529174,417
-7.6926,53.28823,2021/07/15 23:00:00+00,Fri 16 Jul 2021,23472,27311,9154,2819568,2321415,160989,2980557,2482404,63.2961534385793,52.7172016775868,418
-7.6926,53.28823,2021/07/16 23:00:00+00,Sat 17 Jul 2021,11440,19350,4666,2831008,2340765,165655,2996663,2506420,63.6381861013607,53.2272138736229,419
-7.6926,53.28823,2021/07/17 23:00:00+00,Sun 18 Jul 2021,16815,15750,1921,2847823,2356515,167576,3015399,2524091,64.036070366223,53.602481425095,420
-7.6926,53.28823,2021/07/18 23:00:00+00,Mon 19 Jul 2021,24802,18310,6229,2872625,2374825,173805,3046430,2548630,64.6950555617259,54.1236002324956,421
-7.6926,53.28823,2021/07/19 23:00:00+00,Tue 20 Jul 2021,30501,18062,7685,2903126,2392887,181490,3084616,2574377,65.5059868457797,54.6703725514222,422
-7.6926,53.28823,2021/07/20 23:00:00+00,Wed 21 Jul 2021,30261,19728,6873,2933387,2412615,188363,3121750,2600978,66.2945774890012,55.2352807137622,423
-7.6926,53.28823,2021/07/21 23:00:00+00,Thu 22 Jul 2021,33459,15828,6918,2966846,2428443,195281,3162127,2623724,67.152037617222,55.718322744535,424
-7.6926,53.28823,2021/07/22 23:00:00+00,Fri 23 Jul 2021,27016,20710,5594,2993862,2449153,200875,3194737,2650028,67.844555010324,56.2769237107465,425
-7.6926,53.28823,2021/07/23 23:00:00+00,Sat 24 Jul 2021,15383,14718,2257,3009245,2463871,203132,3212377,2667003,68.2191642349275,56.6374107622002,426
-7.6926,53.28823,2021/07/24 23:00:00+00,Sun 25 Jul 2021,14676,13582,1029,3023921,2477453,204161,3228082,2681614,68.5526811211179,56.947695080833,427
-7.6926,53.28823,2021/07/25 23:00:00+00,Mon 26 Jul 2021,23761,18165,3400,3047682,2495618,207561,3255243,2703179,69.1294816397945,57.4056569815458,428
-7.6926,53.28823,2021/07/26 23:00:00+00,Tue 27 Jul 2021,25415,23770,3653,3073097,2519388,211214,3284311,2730602,69.7467798790675,57.9880214240799,429
-7.6926,53.28823,2021/07/27 23:00:00+00,Wed 28 Jul 2021,23374,25153,3246,3096471,2544541,214460,3310931,2759001,70.3120915320689,58.5911125448007,430
-7.6926,53.28823,2021/07/28 23:00:00+00,Thu 29 Jul 2021,19195,27758,2947,3115666,2572299,217407,3333073,2789706,70.7823068070786,59.2431746900077,431
-7.6926,53.28823,2021/07/29 23:00:00+00,Fri 30 Jul 2021,21873,22805,2108,3137539,2595104,219515,3357054,2814619,71.2915757308437,59.772235892533,432
-7.6926,53.28823,2021/07/30 23:00:00+00,Sat 31 Jul 2021,13691,12377,900,3151230,2607481,220415,3371645,2827896,71.6014353224644,60.0541909194639,433
-7.6926,53.28823,2021/07/31 23:00:00+00,Sun 01 Aug 2021,11044,9248,361,3162274,2616729,220776,3383050,2837505,71.84363590107,60.2582510123899,434
-7.6926,53.28823,2021/08/01 23:00:00+00,Mon 02 Aug 2021,14955,15897,419,3177229,2632626,221195,3398424,2853821,72.1701235552114,60.6047433087976,435
-7.6926,53.28823,2021/08/02 23:00:00+00,Tue 03 Aug 2021,17279,25331,1101,3194508,2657957,222296,3416804,2880253,72.5604476792598,61.166062527886,436
-7.6926,53.28823,2021/08/03 23:00:00+00,Wed 04 Aug 2021,22043,17176,1569,3216551,2675133,223865,3440416,2898998,73.0618803896531,61.5641379199037,437
