X,Y,VaccinationDate,VaccineText,Dose1,Dose2,SingleDose,Dose1Cum,Dose2Cum,SingleDoseCum,PartiallyVacc,FullyVacc,PartialPercent,FullyPercent,ObjectId
-7.6926,53.28823,2021/05/03 23:00:00+00,Tue 04 May 2021,26504,6718,2,1245495,487876,153,1245648,488029,29.4617756705631,11.5427479663029,1
-7.6926,53.28823,2021/05/04 23:00:00+00,Wed 05 May 2021,31943,13355,64,1277438,501231,217,1277655,501448,30.218797761786,11.8601310213259,2
-7.6926,53.28823,2021/05/05 23:00:00+00,Thu 06 May 2021,37132,14304,121,1314570,515535,338,1314908,515873,31.0998970202085,12.2013077534748,3
-7.6926,53.28823,2021/05/06 23:00:00+00,Fri 07 May 2021,40439,14999,85,1355009,530534,423,1355432,530957,32.0583612069402,12.5580709997649,4
-7.6926,53.28823,2021/05/07 23:00:00+00,Sat 08 May 2021,25461,6979,4,1380470,537513,427,1380897,537940,32.6606534415449,12.7232312854215,5
-7.6926,53.28823,2021/05/08 23:00:00+00,Sun 09 May 2021,19582,878,1,1400052,538391,428,1400480,538819,33.123825985439,12.7440211881985,6
-7.6926,53.28823,2021/05/09 23:00:00+00,Mon 10 May 2021,28663,4557,165,1428715,542948,593,1429308,543541,33.8056591108733,12.855704829738,7
-7.6926,53.28823,2021/05/10 23:00:00+00,Tue 11 May 2021,33777,14740,145,1462492,557688,738,1463230,558426,34.6079743349951,13.2077613744893,8
-7.6926,53.28823,2021/05/11 23:00:00+00,Wed 12 May 2021,31124,20852,148,1493616,578540,886,1494502,579426,35.3476123778209,13.7044484715519,9
-7.6926,53.28823,2021/05/12 23:00:00+00,Thu 13 May 2021,35841,25406,137,1529457,603946,1023,1530480,604969,36.1985556339217,14.3085855439457,10
-7.6926,53.28823,2021/05/13 23:00:00+00,Fri 14 May 2021,38043,27893,225,1567500,631839,1248,1568748,633087,37.1036614353689,14.973625915146,11
-7.6926,53.28823,2021/05/14 23:00:00+00,Sat 15 May 2021,28696,12377,5,1596196,644216,1253,1597449,645469,37.7824907864543,15.2664820882807,12
-7.6926,53.28823,2021/05/15 23:00:00+00,Sun 16 May 2021,23061,1126,4,1619257,645342,1257,1620514,646599,38.3280187813948,15.293208584456,13
-7.6926,53.28823,2021/05/16 23:00:00+00,Mon 17 May 2021,35253,3886,109,1654510,649228,1366,1655876,650594,39.1643925493151,15.3876973917305,14
-7.6926,53.28823,2021/05/17 23:00:00+00,Tue 18 May 2021,38880,12402,112,1693390,661630,1478,1694868,663108,40.0866222297277,15.6836755980467,15
-7.6926,53.28823,2021/05/18 23:00:00+00,Wed 19 May 2021,36853,17513,195,1730243,679143,1673,1731916,680816,40.9628728760122,16.1025010797031,16
-7.6926,53.28823,2021/05/19 23:00:00+00,Thu 20 May 2021,38905,19595,113,1769148,698738,1786,1770934,700524,41.8857175023545,16.5686300944131,17
-7.6926,53.28823,2021/05/20 23:00:00+00,Fri 21 May 2021,25651,23152,14913,1794799,721890,16699,1811498,738589,42.8451277597472,17.4689345872554,18
-7.6926,53.28823,2021/05/21 23:00:00+00,Sat 22 May 2021,16437,10191,13493,1811236,732081,30192,1841428,762273,43.5530251318941,18.0291030256759,19
-7.6926,53.28823,2021/05/22 23:00:00+00,Sun 23 May 2021,8114,5484,10198,1819350,737565,40390,1859740,777955,43.9861362805327,18.400010028349,20
-7.6926,53.28823,2021/05/23 23:00:00+00,Mon 24 May 2021,22355,8133,8431,1841705,745698,48821,1890526,794519,44.7142795648264,18.7917778890988,21
-7.6926,53.28823,2021/05/24 23:00:00+00,Tue 25 May 2021,30116,16416,3210,1871821,762114,52031,1923852,814145,45.5024983360982,19.2559674589535,22
-7.6926,53.28823,2021/05/25 23:00:00+00,Wed 26 May 2021,19759,25330,3031,1891580,787444,55062,1946642,842506,46.0415220952438,19.9267552094198,23
-7.6926,53.28823,2021/05/26 23:00:00+00,Thu 27 May 2021,16815,35905,542,1908395,823349,55604,1963999,878953,46.4520458068493,20.7887911440218,24
-7.6926,53.28823,2021/05/27 23:00:00+00,Fri 28 May 2021,26827,31737,1523,1935222,855086,57127,1992349,912213,47.1225733878838,21.5754488987028,25
-7.6926,53.28823,2021/05/28 23:00:00+00,Sat 29 May 2021,24310,7337,504,1959532,862423,57631,2017163,920054,47.7094683224795,21.7609024000394,26
-7.6926,53.28823,2021/05/29 23:00:00+00,Sun 30 May 2021,24116,1624,195,1983648,864047,57826,2041474,921873,48.2844664185123,21.8039249633516,27
-7.6926,53.28823,2021/05/30 23:00:00+00,Mon 31 May 2021,22345,7255,3416,2005993,871302,61242,2067235,932544,48.893759576009,22.056312963959,28
-7.6926,53.28823,2021/05/31 23:00:00+00,Tue 01 Jun 2021,27285,11405,3621,2033278,882707,64863,2098141,947570,49.6247410722859,22.4117044077905,29
-7.6926,53.28823,2021/06/01 23:00:00+00,Wed 02 Jun 2021,18442,20797,3973,2051720,903504,68836,2120556,972340,50.1548954189839,22.9975586646591,30
-7.6926,53.28823,2021/06/02 23:00:00+00,Thu 03 Jun 2021,16472,30586,1958,2068192,934090,70794,2138986,1004884,50.5907974760727,23.767281754507,31
-7.6926,53.28823,2021/06/03 23:00:00+00,Fri 04 Jun 2021,28831,23245,123,2097023,957335,70917,2167940,1028252,51.2756107240894,24.319976234705,32
-7.6926,53.28823,2021/06/04 23:00:00+00,Sat 05 Jun 2021,20756,11400,10,2117779,968735,70927,2188706,1039662,51.7667633077847,24.5898428907757,33
-7.6926,53.28823,2021/06/05 23:00:00+00,Sun 06 Jun 2021,19775,3835,12,2137554,972570,70939,2208493,1043509,52.2347608120503,24.6808312366042,34
-7.6926,53.28823,2021/06/06 23:00:00+00,Mon 07 Jun 2021,19596,4458,8,2157150,977028,70947,2228097,1047975,52.6984300430415,24.7864600259129,35
-7.6926,53.28823,2021/06/07 23:00:00+00,Tue 08 Jun 2021,26225,18214,21,2183375,995242,70968,2254343,1066210,53.3191943073036,25.2177499885289,36
-7.6926,53.28823,2021/06/08 23:00:00+00,Wed 09 Jun 2021,32572,19994,149,2215947,1015236,71117,2287064,1086353,54.0931037598267,25.694167521678,37
-7.6926,53.28823,2021/06/09 23:00:00+00,Thu 10 Jun 2021,27471,27356,239,2243418,1042592,71356,2314774,1113948,54.7484942102841,26.3468380189848,38
-7.6926,53.28823,2021/06/10 23:00:00+00,Fri 11 Jun 2021,26244,32772,10,2269662,1075364,71366,2341028,1146730,55.3694476886784,27.122190229266,39
-7.6926,53.28823,2021/06/11 23:00:00+00,Sat 12 Jun 2021,12027,19607,84,2281689,1094971,71450,2353139,1166421,55.6558942330844,27.5879171639451,40
-7.6926,53.28823,2021/06/12 23:00:00+00,Sun 13 Jun 2021,8432,18099,812,2290121,1113070,72262,2362383,1185332,55.874531162858,28.0351957207332,41
-7.6926,53.28823,2021/06/13 23:00:00+00,Mon 14 Jun 2021,15842,31161,15,2305963,1144231,72277,2378240,1216508,56.2495772246733,28.7725631939724,42
-7.6926,53.28823,2021/06/14 23:00:00+00,Tue 15 Jun 2021,14482,41361,185,2320445,1185592,72462,2392907,1258054,56.5964776843218,29.7551994860944,43
-7.6926,53.28823,2021/06/15 23:00:00+00,Wed 16 Jun 2021,13227,48182,195,2333672,1233774,72657,2406329,1306431,56.9139316946443,30.8994009953609,44
-7.6926,53.28823,2021/06/16 23:00:00+00,Thu 17 Jun 2021,21355,42491,502,2355027,1276265,73159,2428186,1349424,57.4308883556204,31.9162613936472,45
-7.6926,53.28823,2021/06/17 23:00:00+00,Fri 18 Jun 2021,11833,49898,530,2366860,1326163,73689,2440549,1399852,57.7232951451911,33.1089726760602,46
-7.6926,53.28823,2021/06/18 23:00:00+00,Sat 19 Jun 2021,6136,32652,407,2372996,1358815,74096,2447092,1432911,57.8780486535759,33.8908764256694,47
-7.6926,53.28823,2021/06/19 23:00:00+00,Sun 20 Jun 2021,8384,26057,163,2381380,1384872,74259,2455639,1459131,58.0802003020804,34.5110257440018,48
-7.6926,53.28823,2021/06/20 23:00:00+00,Mon 21 Jun 2021,15276,32175,540,2396656,1417047,74799,2471455,1491846,58.4542766414681,35.2847932859257,49
-7.6926,53.28823,2021/06/21 23:00:00+00,Tue 22 Jun 2021,14945,43379,687,2411601,1460426,75486,2487087,1535912,58.8240010558149,36.3270320296953,50
-7.6926,53.28823,2021/06/22 23:00:00+00,Wed 23 Jun 2021,19855,39194,857,2431456,1499620,76343,2507799,1575963,59.3138764441177,37.2743089308597,51
-7.6926,53.28823,2021/06/23 23:00:00+00,Thu 24 Jun 2021,18826,44089,1008,2450282,1543709,77351,2527633,1621060,59.7829855814101,38.3409326459184,52
-7.6926,53.28823,2021/06/24 23:00:00+00,Fri 25 Jun 2021,14984,49979,798,2465266,1593688,78149,2543415,1671837,60.1562577607359,39.5418983948492,53
-7.6926,53.28823,2021/06/25 23:00:00+00,Sat 26 Jun 2021,8848,30388,467,2474114,1624076,78616,2552730,1702692,60.3765739659329,40.2716736510333,54
-7.6926,53.28823,2021/06/26 23:00:00+00,Sun 27 Jun 2021,8603,30338,38,2482717,1654414,78654,2561371,1733068,60.5809488804909,40.9901197110511,55
-7.6926,53.28823,2021/06/27 23:00:00+00,Mon 28 Jun 2021,24046,24455,473,2506763,1678869,79127,2585890,1757996,61.1608665439613,41.5797109470309,56
-7.6926,53.28823,2021/06/28 23:00:00+00,Tue 29 Jun 2021,27928,30799,761,2534691,1709668,79888,2614579,1789556,61.8394120738484,42.3261606986164,57
-7.6926,53.28823,2021/06/29 23:00:00+00,Wed 30 Jun 2021,22330,36634,541,2557021,1746302,80429,2637450,1826731,62.3803516260826,43.2054151192498,58
-7.6926,53.28823,2021/06/30 23:00:00+00,Thu 01 Jul 2021,14664,48112,594,2571685,1794414,81023,2652708,1875437,62.7412302797484,44.3573980597037,59
-7.6926,53.28823,2021/07/01 23:00:00+00,Fri 02 Jul 2021,13430,47060,782,2585115,1841474,81805,2666920,1923279,63.0773691856271,45.4889458738784,60
-7.6926,53.28823,2021/07/02 23:00:00+00,Sat 03 Jul 2021,9144,30267,470,2594259,1871741,82275,2676534,1954016,63.3047572690157,46.2159302216123,61
-7.6926,53.28823,2021/07/03 23:00:00+00,Sun 04 Jul 2021,6324,27676,206,2600583,1899417,82481,2683064,1981898,63.4592033044356,46.8753887759123,62
-7.6926,53.28823,2021/07/04 23:00:00+00,Mon 05 Jul 2021,15323,33183,5306,2615906,1932600,87787,2703693,2020387,63.9471155961168,47.7857216177619,63
-7.6926,53.28823,2021/07/05 23:00:00+00,Tue 06 Jul 2021,12170,48110,5449,2628076,1980710,93236,2721312,2073946,64.3638360705523,49.0524865811703,64
-7.6926,53.28823,2021/07/06 23:00:00+00,Wed 07 Jul 2021,19465,43494,5016,2647541,2024204,98252,2745793,2122456,64.9428549668946,50.1998337753849,65
-7.6926,53.28823,2021/07/07 23:00:00+00,Thu 08 Jul 2021,17576,45376,5954,2665117,2069580,104206,2769323,2173786,65.49938103327,51.413878951205,66
-7.6926,53.28823,2021/07/08 23:00:00+00,Fri 09 Jul 2021,13325,44867,6505,2678442,2114447,110711,2789153,2225158,65.9683955634962,52.6289175012192,67
-7.6926,53.28823,2021/07/09 23:00:00+00,Sat 10 Jul 2021,8452,23656,4326,2686894,2138103,115037,2801931,2253140,66.2706178361756,53.2907412321719,68
-7.6926,53.28823,2021/07/10 23:00:00+00,Sun 11 Jul 2021,15124,15986,2136,2702018,2154089,117173,2819191,2271262,66.678847326428,53.7193585451704,69
-7.6926,53.28823,2021/07/11 23:00:00+00,Mon 12 Jul 2021,16954,31514,6046,2718972,2185603,123219,2842191,2308822,67.2228379565441,54.6077188959166,70
-7.6926,53.28823,2021/07/12 23:00:00+00,Tue 13 Jul 2021,19926,36289,8453,2738898,2221892,131672,2870570,2353564,67.8940514388079,55.6659462338583,71
-7.6926,53.28823,2021/07/13 23:00:00+00,Wed 14 Jul 2021,20622,35436,9300,2759520,2257328,140972,2900492,2398300,68.6017595968225,56.7240316612007,72
-7.6926,53.28823,2021/07/14 23:00:00+00,Thu 15 Jul 2021,23436,28587,9534,2782956,2285915,150506,2933462,2436421,69.3815583392108,57.6256606529685,73
-7.6926,53.28823,2021/07/15 23:00:00+00,Fri 16 Jul 2021,23402,27117,9129,2806358,2313032,159635,2965993,2472667,70.1509739560938,58.4829425824985,74
-7.6926,53.28823,2021/07/16 23:00:00+00,Sat 17 Jul 2021,11381,19204,4640,2817739,2332236,164275,2982014,2496511,70.5298989076195,59.0468953035633,75
-7.6926,53.28823,2021/07/17 23:00:00+00,Sun 18 Jul 2021,16763,15647,1911,2834502,2347883,166186,3000688,2514069,70.9715719957408,59.4621730202407,76
-7.6926,53.28823,2021/07/18 23:00:00+00,Mon 19 Jul 2021,24697,18166,6202,2859199,2366049,172388,3031587,2538437,71.7023879296521,60.0385192669655,77
-7.6926,53.28823,2021/07/19 23:00:00+00,Tue 20 Jul 2021,30397,17877,7658,2889596,2383926,180046,3069642,2563972,72.6024559048291,60.6424671252271,78
-7.6926,53.28823,2021/07/20 23:00:00+00,Wed 21 Jul 2021,30130,19562,6840,2919726,2403488,186886,3106612,2590374,73.4768617133245,61.2669210650674,79
-7.6926,53.28823,2021/07/21 23:00:00+00,Thu 22 Jul 2021,33354,15657,6892,2953080,2419145,193778,3146858,2612923,74.4287507089617,61.80024474848,80
-7.6926,53.28823,2021/07/22 23:00:00+00,Fri 23 Jul 2021,26927,20541,5563,2980007,2439686,199341,3179348,2639027,75.1971966034171,62.4176504618953,81
-7.6926,53.28823,2021/07/23 23:00:00+00,Sat 24 Jul 2021,15322,14575,2238,2995329,2454261,201579,3196908,2655840,75.6125216236275,62.8153076125103,82
-7.6926,53.28823,2021/07/24 23:00:00+00,Sun 25 Jul 2021,14639,13504,1020,3009968,2467765,202599,3212567,2670364,75.9828846356706,63.1588258695454,83
-7.6926,53.28823,2021/07/25 23:00:00+00,Mon 26 Jul 2021,23691,17924,3378,3033659,2485689,205977,3239636,2691666,76.6231143037842,63.6626558000991,84
-7.6926,53.28823,2021/07/26 23:00:00+00,Tue 27 Jul 2021,25326,23534,3628,3058985,2509223,209605,3268590,2718828,77.3079275518009,64.3050850824997,85
-7.6926,53.28823,2021/07/27 23:00:00+00,Wed 28 Jul 2021,23285,24992,3228,3082270,2534215,212833,3295103,2747048,77.9350068377257,64.9725379338857,86
-7.6926,53.28823,2021/07/28 23:00:00+00,Thu 29 Jul 2021,19142,27572,2928,3101412,2561787,215761,3317173,2777548,78.457001324972,65.6939168129528,87
-7.6926,53.28823,2021/07/29 23:00:00+00,Fri 30 Jul 2021,21802,22632,2083,3123214,2584419,217844,3341058,2802263,79.0219237684643,66.2784702226624,88
-7.6926,53.28823,2021/07/30 23:00:00+00,Sat 31 Jul 2021,13639,12240,889,3136853,2596659,218733,3355586,2815392,79.3655366325656,66.5889942653927,89
-7.6926,53.28823,2021/07/31 23:00:00+00,Sun 01 Aug 2021,10995,9168,355,3147848,2605827,219088,3366936,2824915,79.6339841826446,66.8142300380273,90
-7.6926,53.28823,2021/08/01 23:00:00+00,Mon 02 Aug 2021,14891,15715,401,3162739,2621542,219489,3382228,2841031,79.9956669963723,67.1954019073731,91
-7.6926,53.28823,2021/08/02 23:00:00+00,Tue 03 Aug 2021,17216,25173,1086,3179955,2646715,220575,3400530,2867290,80.4285416273456,67.8164736446,92
-7.6926,53.28823,2021/08/03 23:00:00+00,Wed 04 Aug 2021,21975,17006,1556,3201930,2663721,222131,3424061,2885852,80.9850913454875,68.2554977348703,93
-7.6926,53.28823,2021/08/04 23:00:00+00,Thu 05 Aug 2021,13392,29788,1405,3215322,2693509,223536,3438858,2917045,81.3350665347844,68.9932672881405,94
-7.6926,53.28823,2021/08/05 23:00:00+00,Fri 06 Aug 2021,12056,24495,926,3227378,2718004,224462,3451840,2942466,81.6421137678352,69.594518845018,95
-7.6926,53.28823,2021/08/06 23:00:00+00,Sat 07 Aug 2021,6266,8255,564,3233644,2726259,225026,3458670,2951285,81.8036553332132,69.8031037740178,96
-7.6926,53.28823,2021/08/07 23:00:00+00,Sun 08 Aug 2021,8556,11826,144,3242200,2738085,225170,3467370,2963255,82.0094257019962,70.0862154193435,97
-7.6926,53.28823,2021/08/08 23:00:00+00,Mon 09 Aug 2021,5450,22772,587,3247650,2760857,225757,3473407,2986614,82.1522114165185,70.6386970336428,98
-7.6926,53.28823,2021/08/09 23:00:00+00,Tue 10 Aug 2021,9230,25720,692,3256880,2786577,226449,3483329,3013026,82.3868842439973,71.2633874911483,99
-7.6926,53.28823,2021/08/10 23:00:00+00,Wed 11 Aug 2021,6909,30955,637,3263789,2817532,227086,3490875,3044618,82.5653604742085,72.0105940992627,100
-7.6926,53.28823,2021/08/11 23:00:00+00,Thu 12 Aug 2021,6659,38051,852,3270448,2855583,227938,3498386,3083521,82.7430088925912,72.9307187724544,101
-7.6926,53.28823,2021/08/12 23:00:00+00,Fri 13 Aug 2021,10817,28007,847,3281265,2883590,228785,3510050,3112375,83.0188830973597,73.6131668438184,102
-7.6926,53.28823,2021/08/13 23:00:00+00,Sat 14 Aug 2021,18051,5682,269,3299316,2889272,229054,3528370,3118326,83.4521834601305,73.7539185064193,103
-7.6926,53.28823,2021/08/14 23:00:00+00,Sun 15 Aug 2021,16959,3634,39,3316275,2892906,229093,3545368,3121999,83.8542161875528,73.8407914448722,104
-7.6926,53.28823,2021/08/15 23:00:00+00,Mon 16 Aug 2021,10116,22932,359,3326391,2915838,229452,3555843,3145290,84.101968441921,74.3916647390477,105
-7.6926,53.28823,2021/08/16 23:00:00+00,Tue 17 Aug 2021,12791,26660,515,3339182,2942498,229967,3569149,3172465,84.4166788473264,75.0344014944132,106
-7.6926,53.28823,2021/08/17 23:00:00+00,Wed 18 Aug 2021,15151,25551,647,3354333,2968049,230614,3584947,3198663,84.7903294549167,75.6540304738821,107
-7.6926,53.28823,2021/08/18 23:00:00+00,Thu 19 Aug 2021,11303,25504,527,3365636,2993553,231141,3596777,3224694,85.0701298529286,76.2697096083409,108
-7.6926,53.28823,2021/08/19 23:00:00+00,Fri 20 Aug 2021,14763,22059,671,3380399,3015612,231812,3612211,3247424,85.4351712175031,76.8073142614949,109
-7.6926,53.28823,2021/08/20 23:00:00+00,Sat 21 Aug 2021,11808,7844,231,3392207,3023456,232043,3624250,3255499,85.7199148347191,76.9983022761987,110
-7.6926,53.28823,2021/08/21 23:00:00+00,Sun 22 Aug 2021,7987,12175,156,3400194,3035631,232199,3632393,3267830,85.9125111695467,77.2899522092406,111
-7.6926,53.28823,2021/08/22 23:00:00+00,Mon 23 Aug 2021,10810,15187,274,3411004,3050818,232473,3643477,3283291,86.1746673497297,77.6556321715113,112
-7.6926,53.28823,2021/08/23 23:00:00+00,Tue 24 Aug 2021,9652,22737,372,3420656,3073555,232845,3653501,3306400,86.4117526573942,78.2022008441788,113
-7.6926,53.28823,2021/08/24 23:00:00+00,Wed 25 Aug 2021,9353,19310,306,3430009,3092865,233151,3663160,3326016,86.6402050702765,78.6661538963684,114
-7.6926,53.28823,2021/08/25 23:00:00+00,Thu 26 Aug 2021,8521,19262,358,3438530,3112127,233509,3672039,3345636,86.8502091052679,79.130201555624,115
-7.6926,53.28823,2021/08/26 23:00:00+00,Fri 27 Aug 2021,9660,19059,427,3448190,3131186,233936,3682126,3365122,87.0887844742236,79.591079878165,116
-7.6926,53.28823,2021/08/27 23:00:00+00,Sat 28 Aug 2021,9883,7802,146,3458073,3138988,234082,3692155,3373070,87.3259880407208,79.77906411852,117
-7.6926,53.28823,2021/08/28 23:00:00+00,Sun 29 Aug 2021,8784,9139,24,3466857,3148127,234106,3700963,3382233,87.5343128002887,79.9957852552049,118
-7.6926,53.28823,2021/08/29 23:00:00+00,Mon 30 Aug 2021,5023,10983,79,3471880,3159110,234185,3706065,3393295,87.6549841131084,80.2574210965243,119
-7.6926,53.28823,2021/08/30 23:00:00+00,Tue 31 Aug 2021,4017,12716,136,3475897,3171826,234321,3710218,3406147,87.7532098994942,80.5613935999266,120
-7.6926,53.28823,2021/08/31 23:00:00+00,Wed 01 Sep 2021,4900,12402,173,3480797,3184228,234494,3715291,3418722,87.8731953110846,80.858814564001,121
-7.6926,53.28823,2021/09/01 23:00:00+00,Thu 02 Sep 2021,4969,12256,243,3485766,3196484,234737,3720503,3431221,87.9964683182222,81.1544379938193,122
-7.6926,53.28823,2021/09/02 23:00:00+00,Fri 03 Sep 2021,4727,15912,159,3490493,3212396,234896,3725389,3447292,88.1120308494721,81.5345455336714,123
-7.6926,53.28823,2021/09/03 23:00:00+00,Sat 04 Sep 2021,4601,10519,130,3495094,3222915,235026,3730120,3457941,88.2239273569104,81.7864131954152,124
-7.6926,53.28823,2021/09/04 23:00:00+00,Sun 05 Sep 2021,5293,11843,1,3500387,3234758,235027,3735414,3469785,88.3491398089032,82.0665447181585,125
-7.6926,53.28823,2021/09/05 23:00:00+00,Mon 06 Sep 2021,2117,9584,69,3502504,3244342,235096,3737600,3479438,88.4008425705307,82.2948552204416,126
-7.6926,53.28823,2021/09/06 23:00:00+00,Tue 07 Sep 2021,2999,9906,139,3505503,3254248,235235,3740738,3489483,88.4750618138918,82.5324372152032,127
-7.6926,53.28823,2021/09/07 23:00:00+00,Wed 08 Sep 2021,2574,14699,181,3508077,3268947,235416,3743493,3504363,88.5402224306731,82.8843755011218,128
-7.6926,53.28823,2021/09/08 23:00:00+00,Thu 09 Sep 2021,3080,14710,135,3511157,3283657,235551,3746708,3519208,88.6162628600568,83.235485975212,129
-7.6926,53.28823,2021/09/09 23:00:00+00,Fri 10 Sep 2021,3356,13865,109,3514513,3297522,235660,3750173,3533182,88.6982162310721,83.5659957606574,130
-7.6926,53.28823,2021/09/10 23:00:00+00,Sat 11 Sep 2021,2538,11248,57,3517051,3308770,235717,3752768,3544487,88.7595925652091,83.8333789812427,131
-7.6926,53.28823,2021/09/11 23:00:00+00,Sun 12 Sep 2021,2023,12848,0,3519074,3321618,235717,3754791,3557335,88.8074400888928,84.1372568775789,132
-7.6926,53.28823,2021/09/12 23:00:00+00,Mon 13 Sep 2021,1576,7659,46,3520650,3329277,235763,3756413,3565040,88.8458032541993,84.3194937386678,133
-7.6926,53.28823,2021/09/13 23:00:00+00,Tue 14 Sep 2021,1520,10696,79,3522170,3339973,235842,3758012,3575815,88.8836224288756,84.574341522994,134
-7.6926,53.28823,2021/09/14 23:00:00+00,Wed 15 Sep 2021,3247,12335,131,3525417,3352308,235973,3761390,3588281,88.9635180962031,84.869184444517,135
-7.6926,53.28823,2021/09/15 23:00:00+00,Thu 16 Sep 2021,1884,10530,110,3527301,3362838,236083,3763384,3598921,89.0106797186575,85.120839240362,136
-7.6926,53.28823,2021/09/16 23:00:00+00,Fri 17 Sep 2021,2537,14528,89,3529838,3377366,236172,3766010,3613538,89.0727892575569,85.4665571116841,137
-7.6926,53.28823,2021/09/17 23:00:00+00,Sat 18 Sep 2021,2273,11178,41,3532111,3388544,236213,3768324,3624757,89.1275194452999,85.7319062803482,138
-7.6926,53.28823,2021/09/18 23:00:00+00,Sun 19 Sep 2021,1854,8462,11,3533965,3397006,236224,3770189,3633230,89.1716299898723,85.9323076981297,139
-7.6926,53.28823,2021/09/19 23:00:00+00,Mon 20 Sep 2021,948,5560,32,3534913,3402566,236256,3771169,3638822,89.1948087210686,86.0645683765475,140
-7.6926,53.28823,2021/09/20 23:00:00+00,Tue 21 Sep 2021,1443,6599,89,3536356,3409165,236345,3772701,3645510,89.2310432273876,86.2227513910786,141
-7.6926,53.28823,2021/09/21 23:00:00+00,Wed 22 Sep 2021,1884,8079,94,3538240,3417244,236439,3774679,3653683,89.2778264215776,86.4160572789021,142
-7.6926,53.28823,2020/12/28 00:00:00+00,Mon 28 Dec 2020,137,18,6,137,18,6,143,24,0.00338220261333099,0.000567642396642963,143
-7.6926,53.28823,2021/09/22 23:00:00+00,Thu 23 Sep 2021,1679,8699,85,3539919,3425943,236524,3776443,3662467,89.3195481377309,86.6238143960734,144
-7.6926,53.28823,2021/09/23 23:00:00+00,Fri 24 Sep 2021,1900,7323,79,3541819,3433266,236603,3778422,3669869,89.3663549836874,86.7988847719047,145
-7.6926,53.28823,2021/09/24 23:00:00+00,Sat 25 Sep 2021,2400,6547,50,3544219,3439813,236653,3780872,3676466,89.424301811678,86.954915475682,146
-7.6926,53.28823,2021/09/25 23:00:00+00,Sun 26 Sep 2021,1536,7082,0,3545755,3446895,236653,3782408,3683548,89.4606309250632,87.1224172862247,147
-7.6926,53.28823,2021/09/26 23:00:00+00,Mon 27 Sep 2021,1165,3715,45,3546920,3450610,236698,3783618,3687308,89.4892495625606,87.2113479283654,148
-7.6926,53.28823,2021/09/27 23:00:00+00,Tue 28 Sep 2021,1434,5057,91,3548354,3455667,236789,3785143,3692456,89.5253185065139,87.3331072224453,149
-7.6926,53.28823,2021/09/28 23:00:00+00,Wed 29 Sep 2021,1637,3544,73,3549991,3459211,236862,3786853,3696073,89.5657630272747,87.4186556619727,150
-7.6926,53.28823,2021/09/29 23:00:00+00,Thu 30 Sep 2021,1267,3896,77,3551258,3463107,236939,3788197,3700046,89.5975510014867,87.5126241303837,151
-7.6926,53.28823,2021/09/30 23:00:00+00,Fri 01 Oct 2021,1832,5108,38,3553090,3468215,236977,3790067,3705192,89.6417798048919,87.6343361209305,152
-7.6926,53.28823,2021/10/01 23:00:00+00,Sat 02 Oct 2021,1705,4036,39,3554795,3472251,237016,3791811,3709267,89.6830284857146,87.7307170695272,153
-7.6926,53.28823,2021/10/02 23:00:00+00,Sun 03 Oct 2021,1204,2991,9,3555999,3475242,237025,3793024,3712267,89.7117180785116,87.8016723691076,154
-7.6926,53.28823,2021/10/03 23:00:00+00,Mon 04 Oct 2021,331,1167,17,3556330,3476409,237042,3793372,3713451,89.7199488932629,87.8296760606753,155
-7.6926,53.28823,2021/10/04 23:00:00+00,Tue 05 Oct 2021,955,2757,68,3557285,3479166,237110,3794395,3716276,89.7441446504198,87.8964923011135,156
-7.6926,53.28823,2021/10/05 23:00:00+00,Wed 06 Oct 2021,976,2503,34,3558261,3481669,237144,3795405,3718813,89.7680329346119,87.9564968327919,157
-7.6926,53.28823,2021/10/06 23:00:00+00,Thu 07 Oct 2021,1205,2635,42,3559466,3484304,237186,3796652,3721490,89.7975266874708,88.0198126117842,158
-7.6926,53.28823,2021/10/07 23:00:00+00,Fri 08 Oct 2021,977,2698,43,3560443,3487002,237229,3797672,3724231,89.8216514893281,88.0846421038341,159
-7.6926,53.28823,2021/10/08 23:00:00+00,Sat 09 Oct 2021,729,2319,19,3561172,3489321,237248,3798420,3726569,89.8393430106901,88.1399399339737,160
-7.6926,53.28823,2021/10/09 23:00:00+00,Sun 10 Oct 2021,1529,3890,0,3562701,3493211,237248,3799949,3730459,89.8755065617096,88.2319453057629,161
-7.6926,53.28823,2021/10/10 23:00:00+00,Mon 11 Oct 2021,329,1066,12,3563030,3494277,237260,3800290,3731537,89.8835718140952,88.2574419100788,162
-7.6926,53.28823,2021/10/11 23:00:00+00,Tue 12 Oct 2021,561,1564,20,3563591,3495841,237280,3800871,3733121,89.8973134904473,88.2949063082573,163
-7.6926,53.28823,2021/10/12 23:00:00+00,Wed 13 Oct 2021,1027,1980,9,3564618,3497821,237289,3801907,3735110,89.921816720569,88.341949671879,164
-7.6926,53.28823,2021/10/13 23:00:00+00,Thu 14 Oct 2021,696,1518,7,3565314,3499339,237296,3802610,3736635,89.9384439124374,88.3780186158324,165
-7.6926,53.28823,2021/10/14 23:00:00+00,Fri 15 Oct 2021,950,1999,5,3566264,3501338,237301,3803565,3738639,89.9610313494705,88.4254167559521,166
-7.6926,53.28823,2021/10/15 23:00:00+00,Sat 16 Oct 2021,1377,2590,11,3567641,3503928,237312,3804953,3741240,89.9938600014096,88.4869350006883,167
-7.6926,53.28823,2021/10/16 23:00:00+00,Sun 17 Oct 2021,1709,2875,2,3569350,3506803,237314,3806664,3744117,90.034328173937,88.5549811329858,168
-7.6926,53.28823,2021/10/17 23:00:00+00,Mon 18 Oct 2021,668,1171,3,3570018,3507974,237317,3807335,3745291,90.0501985092765,88.5827483068883,169
-7.6926,53.28823,2021/10/18 23:00:00+00,Tue 19 Oct 2021,1328,1730,10,3571346,3509704,237327,3808673,3747031,90.0818445728893,88.6239023806449,170
-7.6926,53.28823,2021/10/19 23:00:00+00,Wed 20 Oct 2021,2246,2255,0,3573592,3511959,237327,3810919,3749286,90.1349664405085,88.6772371141628,171
-7.6926,53.28823,2021/10/20 23:00:00+00,Thu 21 Oct 2021,1754,1769,8,3575346,3513728,237335,3812681,3751063,90.1766408531287,88.7192663032809,172
-7.6926,53.28823,2021/10/21 23:00:00+00,Fri 22 Oct 2021,1493,1878,1,3576839,3515606,237336,3814175,3752942,90.2119765923197,88.7637079725848,173
-7.6926,53.28823,2021/10/22 23:00:00+00,Sat 23 Oct 2021,2006,1662,0,3578845,3517268,237336,3816181,3754604,90.2594220359724,88.8030172085523,174
-7.6926,53.28823,2021/10/23 23:00:00+00,Sun 24 Oct 2021,1943,2171,0,3580788,3519439,237336,3818124,3756775,90.305377418334,88.854365193682,175
-7.6926,53.28823,2021/10/24 23:00:00+00,Mon 25 Oct 2021,1214,807,0,3582002,3520246,237336,3819338,3757582,90.3340906628975,88.8734521692691,176
-7.6926,53.28823,2021/10/25 23:00:00+00,Tue 26 Oct 2021,1238,1165,5,3583240,3521411,237341,3820581,3758752,90.3634898086903,88.9011247361054,177
-7.6926,53.28823,2021/10/26 23:00:00+00,Wed 27 Oct 2021,1553,1384,4,3584793,3522795,237345,3822138,3760140,90.4003156091725,88.9339533880446,178
-7.6926,53.28823,2021/10/27 23:00:00+00,Thu 28 Oct 2021,2141,1643,2,3586934,3524438,237347,3824281,3761785,90.4510013448394,88.9728605439812,179
-7.6926,53.28823,2021/10/28 23:00:00+00,Fri 29 Oct 2021,2133,1316,0,3589067,3525754,237347,3826414,3763101,90.5014505628411,89.0039862687304,180
-7.6926,53.28823,2021/10/29 23:00:00+00,Sat 30 Oct 2021,2001,1420,0,3591068,3527174,237347,3828415,3764521,90.5487777476612,89.0375717771985,181
-7.6926,53.28823,2021/10/30 23:00:00+00,Sun 31 Oct 2021,1628,1310,0,3592696,3528484,237347,3830043,3765831,90.5872828235668,89.0685555913486,182
-7.6926,53.28823,2021/11/01 00:00:00+00,Mon 01 Nov 2021,256,243,0,3592952,3528727,237347,3830299,3766074,90.5933376757977,89.0743029706146,183
-7.6926,53.28823,2021/11/02 00:00:00+00,Tue 02 Nov 2021,1087,1055,9,3594039,3529782,237356,3831395,3767138,90.619260011911,89.0994684501991,184
-7.6926,53.28823,2021/11/03 00:00:00+00,Wed 03 Nov 2021,2535,1788,5,3596574,3531570,237361,3833935,3768931,90.6793354988891,89.1418760675816,185
-7.6926,53.28823,2021/11/04 00:00:00+00,Thu 04 Nov 2021,1554,1221,0,3598128,3532791,237361,3835489,3770152,90.7160903440717,89.1707548745108,186
-7.6926,53.28823,2021/11/05 00:00:00+00,Fri 05 Nov 2021,1633,1016,1,3599761,3533807,237362,3837123,3771169,90.7547373305765,89.1948087210686,187
-7.6926,53.28823,2021/11/06 00:00:00+00,Sat 06 Nov 2021,1822,1318,5,3601583,3535125,237367,3838950,3772492,90.7979491080209,89.2261000081835,188
-7.6926,53.28823,2021/11/07 00:00:00+00,Sun 07 Nov 2021,730,765,0,3602313,3535890,237367,3839680,3773257,90.8152148975855,89.2441936095765,189
-7.6926,53.28823,2021/11/08 00:00:00+00,Mon 08 Nov 2021,509,489,1,3602822,3536379,237368,3840190,3773747,90.8272772985141,89.2557829751746,190
-7.6926,53.28823,2021/11/09 00:00:00+00,Tue 09 Nov 2021,1379,993,1,3604201,3537372,237369,3841570,3774741,90.8599167363211,89.2792928311023,191
-7.6926,53.28823,2021/11/10 00:00:00+00,Wed 10 Nov 2021,1624,1298,0,3605825,3538670,237369,3843194,3776039,90.8983272051606,89.309992824054,192
-7.6926,53.28823,2021/11/11 00:00:00+00,Thu 11 Nov 2021,1403,1051,1,3607228,3539721,237370,3844598,3777091,90.9315342853642,89.3348744824402,193
-7.6926,53.28823,2021/11/12 00:00:00+00,Fri 12 Nov 2021,1158,1079,5,3608386,3540800,237375,3845761,3778175,90.9590412898349,89.3605129973553,194
-7.6926,53.28823,2021/11/13 00:00:00+00,Sat 13 Nov 2021,1411,1332,0,3609797,3542132,237375,3847172,3779507,90.9924139324042,89.3920171503689,195
-7.6926,53.28823,2021/11/14 00:00:00+00,Sun 14 Nov 2021,1648,1799,0,3611445,3543931,237375,3848820,3781306,91.0313920436404,89.4345666783506,196
-7.6926,53.28823,2021/11/15 00:00:00+00,Mon 15 Nov 2021,1252,546,0,3612697,3544477,237375,3850072,3781852,91.0610040553319,89.4474805428743,197
-7.6926,53.28823,2021/11/16 00:00:00+00,Tue 16 Nov 2021,1323,1021,4,3614020,3545498,237379,3851399,3782877,91.0923899495129,89.4717236035642,198
-7.6926,53.28823,2021/11/17 00:00:00+00,Wed 17 Nov 2021,1513,1055,0,3615533,3546553,237379,3852912,3783932,91.128175072268,89.49667621725,199
-7.6926,53.28823,2021/11/18 00:00:00+00,Thu 18 Nov 2021,1672,2427,5,3617205,3548980,237384,3854589,3786364,91.1678390847334,89.5541973134431,200
-7.6926,53.28823,2021/11/19 00:00:00+00,Fri 19 Nov 2021,1180,1459,0,3618385,3550439,237384,3855769,3787823,91.195748169235,89.5887052408057,201
-7.6926,53.28823,2021/11/20 00:00:00+00,Sat 20 Nov 2021,1537,2902,10,3619922,3553341,237394,3857316,3790735,91.232337452052,89.6575791849317,202
-7.6926,53.28823,2021/11/21 00:00:00+00,Sun 21 Nov 2021,1787,2749,0,3621709,3556090,237394,3859103,3793484,91.2746031588353,89.7225978911139,203
-7.6926,53.28823,2021/11/22 00:00:00+00,Mon 22 Nov 2021,717,464,2,3622426,3556554,237396,3859822,3793950,91.2916087789681,89.7336196143154,204
-7.6926,53.28823,2021/11/23 00:00:00+00,Tue 23 Nov 2021,2170,1534,4,3624596,3558088,237400,3861996,3795488,91.3430277193973,89.7699960312336,205
-7.6926,53.28823,2021/11/24 00:00:00+00,Wed 24 Nov 2021,1627,3080,0,3626223,3561168,237400,3863623,3798568,91.3815091435364,89.8428434721361,206
-7.6926,53.28823,2021/11/25 00:00:00+00,Thu 25 Nov 2021,1010,1110,0,3627233,3562278,237400,3864633,3799678,91.4053974277285,89.8690969329808,207
-7.6926,53.28823,2021/11/26 00:00:00+00,Fri 26 Nov 2021,1294,1058,12,3628527,3563336,237412,3865939,3800748,91.4362866348125,89.8944043231645,208
-7.6926,53.28823,2021/11/27 00:00:00+00,Sat 27 Nov 2021,1234,1526,5,3629761,3564862,237417,3867178,3802279,91.4655911735392,89.930615177717,209
-7.6926,53.28823,2021/11/28 00:00:00+00,Sun 28 Nov 2021,1971,2247,0,3631732,3567109,237417,3869149,3804526,91.5122088053635,89.9837606971027,210
-7.6926,53.28823,2021/11/29 00:00:00+00,Mon 29 Nov 2021,545,962,1,3632277,3568071,237418,3869695,3805489,91.5251226698871,90.006537348268,211
-7.6926,53.28823,2021/11/30 00:00:00+00,Tue 30 Nov 2021,1940,1590,6,3634217,3569661,237424,3871641,3807085,91.5711490075482,90.0442855676448,212
-7.6926,53.28823,2021/12/01 00:00:00+00,Wed 01 Dec 2021,1129,1321,1,3635346,3570982,237425,3872771,3808407,91.5978755037235,90.0755532029932,213
-7.6926,53.28823,2021/12/02 00:00:00+00,Thu 02 Dec 2021,1808,1360,1,3637154,3572342,237426,3874580,3809768,91.6406615493705,90.1077432572361,214
-7.6926,53.28823,2021/12/03 00:00:00+00,Fri 03 Dec 2021,1047,1132,3,3638201,3573474,237429,3875630,3810903,91.6654959042236,90.134588012244,215
-7.6926,53.28823,2021/12/04 00:00:00+00,Sat 04 Dec 2021,1198,1673,0,3639399,3575147,237429,3876828,3812576,91.6938307205227,90.1741574176434,216
-7.6926,53.28823,2021/12/05 00:00:00+00,Sun 05 Dec 2021,1352,1764,0,3640751,3576911,237429,3878180,3814340,91.7258079088669,90.2158791337966,217
-7.6926,53.28823,2021/12/06 00:00:00+00,Mon 06 Dec 2021,942,1249,0,3641693,3578160,237429,3879122,3815589,91.7480878729351,90.2454201901886,218
-7.6926,53.28823,2021/12/07 00:00:00+00,Tue 07 Dec 2021,485,694,1,3642178,3578854,237430,3879608,3816284,91.7595826314672,90.2618581679247,219
-7.6926,53.28823,2021/12/08 00:00:00+00,Wed 08 Dec 2021,811,1433,0,3642989,3580287,237430,3880419,3817717,91.7787642141204,90.2957511493576,220
-7.6926,53.28823,2021/12/09 00:00:00+00,Thu 09 Dec 2021,798,1140,0,3643787,3581427,237430,3881217,3818857,91.7976383238088,90.3227141631981,221
-7.6926,53.28823,2021/12/10 00:00:00+00,Fri 10 Dec 2021,879,1531,1,3644666,3582958,237431,3882097,3820389,91.8184518783523,90.3589486695172,222
-7.6926,53.28823,2021/12/11 00:00:00+00,Sat 11 Dec 2021,632,822,0,3645298,3583780,237431,3882729,3821211,91.8333997947973,90.3783904216022,223
-7.6926,53.28823,2021/12/12 00:00:00+00,Sun 12 Dec 2021,688,1188,0,3645986,3584968,237431,3883417,3822399,91.8496722101677,90.406488720236,224
-7.6926,53.28823,2021/12/13 00:00:00+00,Mon 13 Dec 2021,713,1019,0,3646699,3585987,237431,3884130,3823418,91.8665359197013,90.4305898703268,225
-7.6926,53.28823,2021/12/14 00:00:00+00,Tue 14 Dec 2021,621,1130,1,3647320,3587117,237432,3884752,3824549,91.881247318481,90.4573400182686,226
-7.6926,53.28823,2021/12/15 00:00:00+00,Wed 15 Dec 2021,783,1157,1,3648103,3588274,237433,3885536,3825707,91.899790303438,90.4847287639066,227
-7.6926,53.28823,2021/12/16 00:00:00+00,Thu 16 Dec 2021,1036,1404,7,3649139,3589678,237440,3886579,3827118,91.9244590959254,90.5181014064759,228
-7.6926,53.28823,2021/12/17 00:00:00+00,Fri 17 Dec 2021,1184,2343,1,3650323,3592021,237441,3887764,3829462,91.9524864392597,90.5735411472147,229
-7.6926,53.28823,2021/12/18 00:00:00+00,Sat 18 Dec 2021,1252,1130,0,3651575,3593151,237441,3889016,3830592,91.9820984509512,90.60026764339,230
-7.6926,53.28823,2021/12/19 00:00:00+00,Sun 19 Dec 2021,552,862,1,3652127,3594013,237442,3889569,3831455,91.9951778778405,90.6206791179026,231
-7.6926,53.28823,2021/12/20 00:00:00+00,Mon 20 Dec 2021,536,517,0,3652663,3594530,237442,3890105,3831972,92.0078552246989,90.632907081197,232
-7.6926,53.28823,2021/12/21 00:00:00+00,Tue 21 Dec 2021,1426,1681,2,3654089,3596211,237444,3891533,3833655,92.0416299472991,90.6727130042616,233
-7.6926,53.28823,2021/12/22 00:00:00+00,Wed 22 Dec 2021,1227,1432,2,3655316,3597643,237446,3892762,3835089,92.0706979683606,90.706629637461,234
-7.6926,53.28823,2021/12/23 00:00:00+00,Thu 23 Dec 2021,924,1240,0,3656240,3598883,237446,3893686,3836329,92.0925522006313,90.7359578279542,235
-7.6926,53.28823,2021/12/24 00:00:00+00,Fri 24 Dec 2021,97,115,0,3656337,3598998,237446,3893783,3836444,92.0948464219844,90.7386777811048,236
-7.6926,53.28823,2021/12/26 00:00:00+00,Sun 26 Dec 2021,3,4,0,3656340,3599002,237446,3893786,3836448,92.094917377284,90.7387723881709,237
-7.6926,53.28823,2021/12/27 00:00:00+00,Mon 27 Dec 2021,378,573,0,3656718,3599575,237446,3894164,3837021,92.1038577450311,90.7523248503907,238
-7.6926,53.28823,2021/12/28 00:00:00+00,Tue 28 Dec 2021,443,713,0,3657161,3600288,237446,3894607,3837734,92.1143354776025,90.7691885599243,239
-7.6926,53.28823,2021/12/29 00:00:00+00,Wed 29 Dec 2021,1044,1198,0,3658205,3601486,237446,3895651,3838932,92.1390279218565,90.7975233762234,240
-7.6926,53.28823,2021/12/30 00:00:00+00,Thu 30 Dec 2021,1020,1095,1,3659225,3602581,237447,3896672,3840028,92.1631763754803,90.8234457123368,241
-7.6926,53.28823,2021/12/31 00:00:00+00,Fri 31 Dec 2021,709,1632,0,3659934,3604213,237447,3897381,3841660,92.1799454779478,90.8620453953085,242
-7.6926,53.28823,2022/01/01 00:00:00+00,Sat 01 Jan 2022,64,91,1,3659998,3604304,237448,3897446,3841752,92.181482842772,90.864221357829,243
-7.6926,53.28823,2022/01/02 00:00:00+00,Sun 02 Jan 2022,267,611,0,3660265,3604915,237448,3897713,3842363,92.1877978644347,90.8786725871769,244
-7.6926,53.28823,2022/01/03 00:00:00+00,Mon 03 Jan 2022,3617,694,0,3663882,3605609,237448,3901330,3843057,92.2733463039621,90.8950869131465,245
-7.6926,53.28823,2022/01/04 00:00:00+00,Tue 04 Jan 2022,1163,690,0,3665045,3606299,237448,3902493,3843747,92.3008533084327,90.9114066320499,246
-7.6926,53.28823,2022/01/05 00:00:00+00,Wed 05 Jan 2022,2111,762,0,3667156,3607061,237448,3904604,3844509,92.3507821875708,90.9294292781434,247
-7.6926,53.28823,2022/01/06 00:00:00+00,Thu 06 Jan 2022,2410,1524,0,3669566,3608585,237448,3907014,3846033,92.4077829449004,90.9654745703302,248
-7.6926,53.28823,2022/01/07 00:00:00+00,Fri 07 Jan 2022,4770,641,0,3674336,3609226,237448,3911784,3846674,92.5206018712332,90.9806353526739,249
-7.6926,53.28823,2022/01/08 00:00:00+00,Sat 08 Jan 2022,9760,675,0,3684096,3609901,237448,3921544,3847349,92.7514431125346,90.9966002950794,250
-7.6926,53.28823,2022/01/09 00:00:00+00,Sun 09 Jan 2022,7092,647,0,3691188,3610548,237448,3928636,3847996,92.9191814407426,91.0119029880223,251
-7.6926,53.28823,2022/01/10 00:00:00+00,Mon 10 Jan 2022,6580,380,0,3697768,3610928,237448,3935216,3848376,93.0748100644889,91.0208906593025,252
-7.6926,53.28823,2022/01/11 00:00:00+00,Tue 11 Jan 2022,4655,1182,1,3702423,3612110,237449,3939872,3849559,93.1849326894376,91.0488706991036,253
-7.6926,53.28823,2020/12/29 00:00:00+00,Tue 29 Dec 2020,71,1,0,208,19,6,214,25,0.00506147803673309,0.000591294163169753,254
-7.6926,53.28823,2020/12/30 00:00:00+00,Wed 30 Dec 2020,1050,0,0,1258,19,6,1264,25,0.0298958328898627,0.000591294163169753,255
-7.6926,53.28823,2020/12/31 00:00:00+00,Thu 31 Dec 2020,1023,1,0,2281,20,6,2287,26,0.054091590046769,0.000614945929696543,256
-7.6926,53.28823,2021/01/01 00:00:00+00,Fri 01 Jan 2021,801,0,0,3082,20,6,3088,26,0.0730366550347279,0.000614945929696543,257
-7.6926,53.28823,2021/01/02 00:00:00+00,Sat 02 Jan 2021,1011,0,0,4093,20,6,4099,26,0.0969485909933127,0.000614945929696543,258
-7.6926,53.28823,2021/01/03 00:00:00+00,Sun 03 Jan 2021,16,2,0,4109,22,6,4115,28,0.0973270192577413,0.000662249462750123,259
-7.6926,53.28823,2021/01/04 00:00:00+00,Mon 04 Jan 2021,1177,1,0,5286,23,6,5292,29,0.125165148459773,0.000685901229276913,260
-7.6926,53.28823,2021/01/05 00:00:00+00,Tue 05 Jan 2021,3504,3,0,8790,26,6,8796,32,0.208040938369646,0.000756856528857284,261
-7.6926,53.28823,2021/01/06 00:00:00+00,Wed 06 Jan 2021,6752,5,0,15542,31,6,15548,37,0.367737665958533,0.000875115361491235,262
-7.6926,53.28823,2021/01/07 00:00:00+00,Thu 07 Jan 2021,11709,4,0,27251,35,6,27257,41,0.644676200220718,0.000969722427598395,263
-7.6926,53.28823,2021/01/08 00:00:00+00,Fri 08 Jan 2021,12658,5,0,39909,40,6,39915,46,0.944060260916828,0.00108798126023235,264
-7.6926,53.28823,2021/01/09 00:00:00+00,Sat 09 Jan 2021,8065,3,0,47974,43,6,47980,49,1.13481175795539,0.00115893655981272,265
-7.6926,53.28823,2021/01/10 00:00:00+00,Sun 10 Jan 2021,4757,1,1,52731,44,7,52738,51,1.24734686308986,0.0012062400928663,266
-7.6926,53.28823,2021/01/11 00:00:00+00,Mon 11 Jan 2021,8321,4,0,61052,48,7,61059,55,1.44415321235928,0.00130084715897346,267
-7.6926,53.28823,2021/01/12 00:00:00+00,Tue 12 Jan 2021,8849,5,0,69901,53,7,69908,60,1.65344769435484,0.00141910599160741,268
-7.6926,53.28823,2021/01/13 00:00:00+00,Wed 13 Jan 2021,9855,3,0,79756,56,7,79763,63,1.88653585347636,0.00149006129118778,269
-7.6926,53.28823,2021/01/14 00:00:00+00,Thu 14 Jan 2021,8046,2,0,87802,58,7,87809,65,2.07683796695091,0.00153736482424136,270
-7.6926,53.28823,2021/01/15 00:00:00+00,Fri 15 Jan 2021,7648,2,0,95450,60,7,95457,67,2.2577266773478,0.00158466835729494,271
-7.6926,53.28823,2021/01/16 00:00:00+00,Sat 16 Jan 2021,5204,3,0,100654,63,7,100661,70,2.38081047035322,0.00165562365687531,272
-7.6926,53.28823,2021/01/17 00:00:00+00,Sun 17 Jan 2021,1101,4,0,101755,67,7,101762,74,2.40685106529922,0.00175023072298247,273
-7.6926,53.28823,2021/01/18 00:00:00+00,Mon 18 Jan 2021,8674,4,0,110429,71,7,110436,78,2.61200648815259,0.00184483778908963,274
-7.6926,53.28823,2021/01/19 00:00:00+00,Tue 19 Jan 2021,8351,15,0,118780,86,7,118787,93,2.80952239041782,0.00219961428699148,275
-7.6926,53.28823,2021/01/20 00:00:00+00,Wed 20 Jan 2021,8426,956,0,127206,1042,7,127213,1049,3.00881217517255,0.0248107030866028,276
-7.6926,53.28823,2021/01/21 00:00:00+00,Thu 21 Jan 2021,8950,956,0,136156,1998,7,136163,2005,3.22049548558732,0.0474217918862142,277
-7.6926,53.28823,2021/01/22 00:00:00+00,Fri 22 Jan 2021,6735,962,0,142891,2960,7,142898,2967,3.37979013314525,0.0701747912849863,278
-7.6926,53.28823,2021/01/23 00:00:00+00,Sat 23 Jan 2021,4155,456,0,147046,3416,7,147053,3423,3.47806322306407,0.0809599968212026,279
-7.6926,53.28823,2021/01/24 00:00:00+00,Sun 24 Jan 2021,1170,395,0,148216,3811,7,148223,3818,3.50573578990041,0.0903024445992847,280
-7.6926,53.28823,2021/01/25 00:00:00+00,Mon 25 Jan 2021,1332,1282,0,149548,5093,7,149555,5100,3.5372399429141,0.12062400928663,281
-7.6926,53.28823,2021/01/26 00:00:00+00,Tue 26 Jan 2021,981,3495,0,150529,8588,7,150536,8595,3.56044232587688,0.203286933297761,282
-7.6926,53.28823,2021/01/27 00:00:00+00,Wed 27 Jan 2021,2140,6693,0,152669,15281,7,152676,15288,3.61105710624421,0.361588206661567,283
-7.6926,53.28823,2021/01/28 00:00:00+00,Thu 28 Jan 2021,950,11536,0,153619,26817,7,153626,26824,3.63352628444466,0.634434985314618,284
-7.6926,53.28823,2021/01/29 00:00:00+00,Fri 29 Jan 2021,1537,11523,0,155156,38340,7,155163,38347,3.66987904959634,0.906974291002821,285
-7.6926,53.28823,2021/01/30 00:00:00+00,Sat 30 Jan 2021,606,7793,0,155762,46133,7,155769,46140,3.68421202011157,1.0912925075461,286
-7.6926,53.28823,2021/01/31 00:00:00+00,Sun 31 Jan 2021,204,4080,0,155966,50213,7,155973,50220,3.68903698048304,1.1877917149754,287
-7.6926,53.28823,2021/02/01 00:00:00+00,Mon 01 Feb 2021,980,8331,0,156946,58544,7,156953,58551,3.71221571167929,1.38483458191009,288
-7.6926,53.28823,2021/02/02 00:00:00+00,Tue 02 Feb 2021,803,5097,0,157749,63641,7,157756,63648,3.7312080802003,1.50538763589714,289
-7.6926,53.28823,2021/02/03 00:00:00+00,Wed 03 Feb 2021,1362,6859,0,159111,70500,7,159118,70507,3.76342178620979,1.66761510250439,290
-7.6926,53.28823,2021/02/04 00:00:00+00,Thu 04 Feb 2021,1388,10530,0,160499,81030,7,160506,81037,3.79625043814898,1.91666820403149,291
-7.6926,53.28823,2021/02/05 00:00:00+00,Fri 05 Feb 2021,3358,8602,0,163857,89632,7,163864,89639,3.87567307014594,2.12012069969494,292
-7.6926,53.28823,2021/02/06 00:00:00+00,Sat 06 Feb 2021,875,3861,0,164732,93493,7,164739,93500,3.89636836585688,2.21144017025488,293
-7.6926,53.28823,2021/02/07 00:00:00+00,Sun 07 Feb 2021,305,1295,1,165037,94788,8,165045,94796,3.90360580641408,2.2420928596736,294
-7.6926,53.28823,2021/02/08 00:00:00+00,Mon 08 Feb 2021,1125,869,0,166162,95657,8,166170,95665,3.93021404375671,2.26264624478538,295
-7.6926,53.28823,2021/02/09 00:00:00+00,Tue 09 Feb 2021,4206,528,1,170368,96185,9,170377,96194,4.02971702553492,2.27515802927805,296
-7.6926,53.28823,2021/02/10 00:00:00+00,Wed 10 Feb 2021,8791,575,0,179159,96760,9,179168,96769,4.23763970507193,2.28875779503095,297
-7.6926,53.28823,2021/02/11 00:00:00+00,Thu 11 Feb 2021,6138,433,0,185297,97193,9,185306,97202,4.38281424801337,2.29899900993705,298
-7.6926,53.28823,2021/02/12 00:00:00+00,Fri 12 Feb 2021,4354,515,0,189651,97708,9,189660,97717,4.48579403947101,2.31117966969835,299
-7.6926,53.28823,2021/02/13 00:00:00+00,Sat 13 Feb 2021,1185,1908,0,190836,99616,9,190845,99625,4.51382138280526,2.35630724023147,300
-7.6926,53.28823,2021/02/14 00:00:00+00,Sun 14 Feb 2021,2673,19,0,193509,99635,9,193518,99644,4.57704255473137,2.35675662379547,301
-7.6926,53.28823,2021/02/15 00:00:00+00,Mon 15 Feb 2021,1928,7867,0,195437,107502,9,195446,107511,4.62264316059502,2.54282507106173,302
-7.6926,53.28823,2021/02/16 00:00:00+00,Tue 16 Feb 2021,5601,8146,0,201038,115648,9,201047,115657,4.75511670491157,2.73549236118896,303
-7.6926,53.28823,2021/02/17 00:00:00+00,Wed 17 Feb 2021,9701,8458,0,210739,124106,9,210748,124115,4.98456249198796,2.93553900247256,304
-7.6926,53.28823,2021/02/18 00:00:00+00,Thu 18 Feb 2021,8433,8325,0,219172,132431,9,219181,132440,5.18401783910839,3.13243995880808,305
-7.6926,53.28823,2021/02/19 00:00:00+00,Fri 19 Feb 2021,9362,6569,0,228534,139000,9,228543,139009,5.40544567733219,3.28780841312257,306
-7.6926,53.28823,2021/02/20 00:00:00+00,Sat 20 Feb 2021,5857,3564,1,234391,142564,10,234401,142574,5.54399772564613,3.37212696079057,307
-7.6926,53.28823,2021/02/21 00:00:00+00,Sun 21 Feb 2021,1089,1015,4,235480,143579,14,235494,143593,5.56984910645991,3.39622811088137,308
-7.6926,53.28823,2021/02/22 00:00:00+00,Mon 22 Feb 2021,3915,1099,1,239395,144678,15,239410,144693,5.66246942417882,3.42224505406084,309
-7.6926,53.28823,2021/02/23 00:00:00+00,Tue 23 Feb 2021,13326,1054,0,252721,145732,15,252736,145747,5.97765286491483,3.44717401598008,310
-7.6926,53.28823,2021/02/24 00:00:00+00,Wed 24 Feb 2021,16887,2085,2,269608,147817,17,269625,147834,6.37710754978579,3.49653525272149,311
-7.6926,53.28823,2021/02/25 00:00:00+00,Thu 25 Feb 2021,18018,1737,1,287626,149554,18,287644,149572,6.80328873083202,3.53764202294505,312
-7.6926,53.28823,2021/02/26 00:00:00+00,Fri 26 Feb 2021,16048,2748,0,303674,152302,18,303692,152320,7.18285228005394,3.60263707736067,313
-7.6926,53.28823,2021/02/27 00:00:00+00,Sat 27 Feb 2021,8945,697,1,312619,152999,19,312638,153018,7.39444098340261,3.61914601039637,314
-7.6926,53.28823,2021/02/28 00:00:00+00,Sun 28 Feb 2021,2421,46,1,315040,153045,20,315060,153065,7.45172556193049,3.62025764342313,315
-7.6926,53.28823,2021/03/01 00:00:00+00,Mon 01 Mar 2021,5541,776,0,320581,153821,20,320601,153841,7.58278000025544,3.63861141424792,316
-7.6926,53.28823,2021/03/02 00:00:00+00,Tue 02 Mar 2021,12130,1590,0,332711,155411,20,332731,155431,7.8696759282254,3.67621772302551,317
-7.6926,53.28823,2021/03/03 00:00:00+00,Wed 03 Mar 2021,12815,1491,1,345526,156902,21,345547,156923,8.17279696803275,3.71150615868349,318
-7.6926,53.28823,2021/03/04 00:00:00+00,Thu 04 Mar 2021,18670,1676,2,364196,158578,23,364219,158601,8.61442275262097,3.75119382291544,319
-7.6926,53.28823,2021/03/05 00:00:00+00,Fri 05 Mar 2021,18376,2378,5,382572,160956,28,382600,160984,9.0491658731499,3.80755598254878,320
-7.6926,53.28823,2021/03/06 00:00:00+00,Sat 06 Mar 2021,10383,124,1,392955,161080,29,392984,161109,9.29476581676409,3.81051245336463,321
-7.6926,53.28823,2021/03/07 00:00:00+00,Sun 07 Mar 2021,1488,7,1,394443,161087,30,394473,161117,9.32998329712248,3.81070166749684,322
-7.6926,53.28823,2021/03/08 00:00:00+00,Mon 08 Mar 2021,6601,1480,1,401044,162567,31,401075,162598,9.48613225973235,3.84572993372302,323
-7.6926,53.28823,2021/03/09 00:00:00+00,Tue 09 Mar 2021,13744,3084,2,414788,165651,33,414821,165684,9.8112494424096,3.91871928522469,324
-7.6926,53.28823,2021/03/10 00:00:00+00,Wed 10 Mar 2021,13651,3967,3,428439,169618,36,428475,169654,10.1341906625664,4.01261679833605,325
-7.6926,53.28823,2021/03/11 00:00:00+00,Thu 11 Mar 2021,18390,2080,1,446829,171698,37,446866,171735,10.5691703007606,4.0618361244783,326
-7.6926,53.28823,2021/03/12 00:00:00+00,Fri 12 Mar 2021,17249,1321,2,464078,173019,39,464117,173058,10.9771869251142,4.09312741159324,327
-7.6926,53.28823,2021/03/13 00:00:00+00,Sat 13 Mar 2021,8237,163,0,472315,173182,39,472354,173221,11.1720065259954,4.09698264953711,328
-7.6926,53.28823,2021/03/14 00:00:00+00,Sun 14 Mar 2021,344,13,1,472659,173195,40,472699,173235,11.1801663854472,4.09731377426849,329
-7.6926,53.28823,2021/03/15 00:00:00+00,Mon 15 Mar 2021,2574,976,0,475233,174171,40,475273,174211,11.2410460324871,4.12039789839863,330
-7.6926,53.28823,2021/03/16 00:00:00+00,Tue 16 Mar 2021,8871,3793,0,484104,177964,40,484144,178004,11.4508608533463,4.21010904883475,331
-7.6926,53.28823,2021/03/17 00:00:00+00,Wed 17 Mar 2021,4835,2396,6,488939,180360,46,488985,180406,11.5653590551025,4.2669205920321,332
-7.6926,53.28823,2021/03/18 00:00:00+00,Thu 18 Mar 2021,11637,4662,2,500576,185022,48,500624,185070,11.8406419657078,4.37723243111305,333
-7.6926,53.28823,2021/03/19 00:00:00+00,Fri 19 Mar 2021,10264,6099,1,510840,191121,49,510889,191170,12.0834273491053,4.52150820692647,334
-7.6926,53.28823,2021/03/20 00:00:00+00,Sat 20 Mar 2021,5157,3095,2,515997,194216,51,516048,194267,12.205446812617,4.59475772785994,335
-7.6926,53.28823,2021/03/21 00:00:00+00,Sun 21 Mar 2021,3577,42,1,519574,194258,52,519626,194310,12.2900728332498,4.59577475382059,336
-7.6926,53.28823,2021/03/22 00:00:00+00,Mon 22 Mar 2021,7325,2377,0,526899,196635,52,526951,196687,12.4633220230586,4.65199500285477,337
-7.6926,53.28823,2021/03/23 00:00:00+00,Tue 23 Mar 2021,12482,7361,2,539381,203996,54,539435,204050,12.758590676379,4.82614295979152,338
-7.6926,53.28823,2021/03/24 00:00:00+00,Wed 24 Mar 2021,13529,9746,0,552910,213742,54,552964,213796,13.07857542572,5.05665307636162,339
-7.6926,53.28823,2021/03/25 00:00:00+00,Thu 25 Mar 2021,20774,10193,2,573684,223935,56,573740,223991,13.5699645270806,5.29778283610225,340
-7.6926,53.28823,2021/03/26 00:00:00+00,Fri 26 Mar 2021,19616,9451,1,593300,233386,57,593357,233443,14.0339412310366,5.52133933331347,341
-7.6926,53.28823,2021/03/27 00:00:00+00,Sat 27 Mar 2021,11662,5310,0,604962,238696,57,605019,238753,14.309768132272,5.64693021357072,342
-7.6926,53.28823,2021/03/28 00:00:00+00,Sun 28 Mar 2021,2434,470,0,607396,239166,57,607453,239223,14.3673365319982,5.65804654383831,343
-7.6926,53.28823,2021/03/28 23:00:00+00,Mon 29 Mar 2021,9189,3080,3,616585,242246,60,616645,242306,14.5847435699125,5.73096494004041,344
-7.6926,53.28823,2021/03/29 23:00:00+00,Tue 30 Mar 2021,13249,8629,1,629834,250875,61,629895,250936,14.8981294763925,5.93507968516661,345
-7.6926,53.28823,2021/03/30 23:00:00+00,Wed 31 Mar 2021,15704,10439,1,645538,261314,62,645600,261376,15.2695804696957,6.18200412770629,346
-7.6926,53.28823,2021/03/31 23:00:00+00,Thu 01 Apr 2021,19590,11579,4,665128,272893,66,665194,272959,15.7330131830216,6.4559625393861,347
-7.6926,53.28823,2021/04/01 23:00:00+00,Fri 02 Apr 2021,20052,13681,4,685180,286574,70,685250,286644,16.2073730124829,6.77963696430523,348
-7.6926,53.28823,2021/04/02 23:00:00+00,Sat 03 Apr 2021,7474,4607,0,692654,291181,70,692724,291251,16.3841463155042,6.88860065269415,349
-7.6926,53.28823,2021/04/03 23:00:00+00,Sun 04 Apr 2021,2970,160,0,695624,291341,70,695694,291411,16.4543920620887,6.89238493533844,350
-7.6926,53.28823,2021/04/04 23:00:00+00,Mon 05 Apr 2021,3367,581,3,698991,291922,73,699064,291995,16.534098515284,6.90619756699008,351
-7.6926,53.28823,2021/04/05 23:00:00+00,Tue 06 Apr 2021,11881,8121,5,710872,300043,78,710950,300121,16.8152234122214,7.09839182178678,352
-7.6926,53.28823,2021/04/06 23:00:00+00,Wed 07 Apr 2021,18237,10426,3,729109,310469,81,729190,310550,17.2466316336701,7.34505609489467,353
-7.6926,53.28823,2021/04/07 23:00:00+00,Thu 08 Apr 2021,20071,10526,7,749180,320995,88,749268,321083,17.721511801995,7.59418015172135,354
-7.6926,53.28823,2021/04/08 23:00:00+00,Fri 09 Apr 2021,20612,9114,9,769792,330109,97,769889,330206,18.2092348795439,7.80995521774526,355
-7.6926,53.28823,2021/04/09 23:00:00+00,Sat 10 Apr 2021,11074,4134,7,780866,334243,104,780970,334347,18.4713201044273,7.9078971829327,356
-7.6926,53.28823,2021/04/10 23:00:00+00,Sun 11 Apr 2021,2799,332,1,783665,334575,105,783770,334680,18.5375450507023,7.91577322118612,357
-7.6926,53.28823,2021/04/11 23:00:00+00,Mon 12 Apr 2021,7693,2740,6,791358,337315,111,791469,337426,18.719640001192,7.98072097206868,358
-7.6926,53.28823,2021/04/12 23:00:00+00,Tue 13 Apr 2021,11412,8539,0,802770,345854,111,802881,345965,18.9895539607958,8.18268340644094,359
-7.6926,53.28823,2021/04/13 23:00:00+00,Wed 14 Apr 2021,20253,6547,2,823023,352401,113,823136,352514,19.4686204917959,8.33757882542489,360
-7.6926,53.28823,2021/04/14 23:00:00+00,Thu 15 Apr 2021,27020,10738,1,850043,363139,114,850157,363253,20.1077148751163,8.59157514615609,361
-7.6926,53.28823,2021/04/15 23:00:00+00,Fri 16 Apr 2021,27878,9781,1,877921,372920,115,878036,373035,20.7671024741167,8.82293672632115,362
-7.6926,53.28823,2021/04/16 23:00:00+00,Sat 17 Apr 2021,15762,4507,1,893683,377427,116,893799,377543,21.1399252698785,8.92955888982392,363
-7.6926,53.28823,2021/04/17 23:00:00+00,Sun 18 Apr 2021,1017,443,0,894700,377870,116,894816,377986,21.1639791164362,8.94003662239529,364
-7.6926,53.28823,2021/04/18 23:00:00+00,Mon 19 Apr 2021,6669,2200,0,901369,380070,116,901485,380186,21.3217127474034,8.99207050875423,365
-7.6926,53.28823,2021/04/19 23:00:00+00,Tue 20 Apr 2021,14977,7252,0,916346,387322,116,916462,387438,21.6759452546751,9.16359311960651,366
-7.6926,53.28823,2021/04/20 23:00:00+00,Wed 21 Apr 2021,26588,9795,1,942934,397117,117,943051,397234,22.3048220748559,9.39528582450295,367
-7.6926,53.28823,2021/04/21 23:00:00+00,Thu 22 Apr 2021,31530,12124,0,974464,409241,117,974581,409358,23.0505622734456,9.68203984187375,368
-7.6926,53.28823,2021/04/22 23:00:00+00,Fri 23 Apr 2021,33495,12325,0,1007959,421566,117,1008076,421683,23.8427781932605,9.97354786431644,369
-7.6926,53.28823,2021/04/23 23:00:00+00,Sat 24 Apr 2021,23584,6950,0,1031543,428516,117,1031660,428633,24.4005814550283,10.1379276416776,370
-7.6926,53.28823,2021/04/24 23:00:00+00,Sun 25 Apr 2021,9693,260,1,1041236,428776,118,1041354,428894,24.629861679739,10.1441007527411,371
-7.6926,53.28823,2021/04/25 23:00:00+00,Mon 26 Apr 2021,15490,2991,1,1056726,431767,119,1056845,431886,24.9962511950055,10.2148668381893,372
-7.6926,53.28823,2021/04/26 23:00:00+00,Tue 27 Apr 2021,25808,7743,4,1082534,439510,123,1082657,439633,25.606750592595,10.3980970734723,373
-7.6926,53.28823,2021/04/27 23:00:00+00,Wed 28 Apr 2021,25928,8529,4,1108462,448039,127,1108589,448166,26.2200882021677,10.5999175972454,374
-7.6926,53.28823,2021/04/28 23:00:00+00,Thu 29 Apr 2021,31598,11263,1,1140060,459302,128,1140188,459430,26.9674603726478,10.8663310954032,375
-7.6926,53.28823,2021/04/29 23:00:00+00,Fri 30 Apr 2021,35996,13468,1,1176056,472770,129,1176185,472899,27.8188530123126,11.1848967387525,376
-7.6926,53.28823,2021/04/30 23:00:00+00,Sat 01 May 2021,16444,6636,8,1192500,479406,137,1192637,479543,28.2079718752114,11.3420390755565,377
-7.6926,53.28823,2021/05/01 23:00:00+00,Sun 02 May 2021,12344,871,6,1204844,480277,143,1204987,480420,28.5000711918172,11.3627816748005,378
-7.6926,53.28823,2021/05/02 23:00:00+00,Mon 03 May 2021,14147,881,8,1218991,481158,151,1219142,481309,28.834861947004,11.3838080952428,379
