X,Y,VaccinationDate,VaccineText,Dose1,Dose2,SingleDose,Dose1Cum,Dose2Cum,SingleDoseCum,PartiallyVacc,FullyVacc,PartialPercent,FullyPercent,ObjectId
-7.6926,53.28823,2021/04/22 23:00:00+00,Fri 23 Apr 2021,33433,12300,0,1005247,420723,58,1005305,420781,23.7772391482147,9.95221397090927,1
-7.6926,53.28823,2021/04/23 23:00:00+00,Sat 24 Apr 2021,23532,6929,0,1028779,427652,58,1028837,427710,24.3338125181232,10.1160970611734,2
-7.6926,53.28823,2021/04/24 23:00:00+00,Sun 25 Apr 2021,9660,244,0,1038439,427896,58,1038497,427954,24.562288582772,10.1218680922059,3
-7.6926,53.28823,2021/04/25 23:00:00+00,Mon 26 Apr 2021,15439,2968,1,1053878,430864,59,1053937,430923,24.9274718579456,10.192090187024,4
-7.6926,53.28823,2021/04/26 23:00:00+00,Tue 27 Apr 2021,25754,7724,2,1079632,438588,61,1079693,438649,25.5366467566096,10.37482373521,5
-7.6926,53.28823,2021/04/27 23:00:00+00,Wed 28 Apr 2021,25889,8505,1,1105521,447093,62,1105583,447155,26.1489909919882,10.5760056612868,6
-7.6926,53.28823,2021/04/28 23:00:00+00,Thu 29 Apr 2021,31547,11235,0,1137068,458328,62,1137130,458390,26.8951332706089,10.8417332582153,7
-7.6926,53.28823,2021/04/29 23:00:00+00,Fri 30 Apr 2021,35929,13450,0,1172997,471778,62,1173059,471840,27.7449175901499,11.1598495180006,8
-7.6926,53.28823,2021/04/30 23:00:00+00,Sat 01 May 2021,16392,6609,0,1189389,478387,62,1189451,478449,28.132617347057,11.3161640429762,9
-7.6926,53.28823,2021/05/01 23:00:00+00,Sun 02 May 2021,12313,860,1,1201702,479247,63,1201765,479310,28.4238652000679,11.3365282139558,10
-7.6926,53.28823,2021/05/02 23:00:00+00,Mon 03 May 2021,14105,851,3,1215807,480098,66,1215873,480164,28.7575443222279,11.3567268225696,11
-7.6926,53.28823,2021/05/03 23:00:00+00,Tue 04 May 2021,26449,6695,1,1242256,486793,67,1242323,486860,29.3831335468615,11.515099051233,12
-7.6926,53.28823,2021/05/04 23:00:00+00,Wed 05 May 2021,31866,13327,63,1274122,500120,130,1274252,500250,30.1383108002954,11.8317962050268,13
-7.6926,53.28823,2021/05/05 23:00:00+00,Thu 06 May 2021,37079,14270,119,1311201,514390,249,1311450,514639,31.0181092115589,12.1721214735807,14
-7.6926,53.28823,2021/05/06 23:00:00+00,Fri 07 May 2021,40370,14959,81,1351571,529349,330,1351901,529679,31.9748468193341,12.5278440421437,15
-7.6926,53.28823,2021/05/07 23:00:00+00,Sat 08 May 2021,25403,6963,2,1376974,536312,332,1377306,536644,32.5757199479472,12.6925785960028,16
-7.6926,53.28823,2021/05/08 23:00:00+00,Sun 09 May 2021,19549,871,0,1396523,537183,332,1396855,537515,33.0380883317794,12.7131792846476,17
-7.6926,53.28823,2021/05/09 23:00:00+00,Mon 10 May 2021,28606,4530,156,1425129,541713,488,1425617,542201,33.718360440623,12.8240114625921,18
-7.6926,53.28823,2021/05/10 23:00:00+00,Tue 11 May 2021,34123,14723,145,1459252,556436,633,1459885,557069,34.528859175963,13.1756659273124,19
-7.6926,53.28823,2021/05/11 23:00:00+00,Wed 12 May 2021,31033,20815,146,1490285,577251,779,1491064,578030,35.2662976045018,13.6714306054805,20
-7.6926,53.28823,2021/05/12 23:00:00+00,Thu 13 May 2021,35769,25377,134,1526054,602628,913,1526967,603541,36.1154669781131,14.2748108213454,21
-7.6926,53.28823,2021/05/13 23:00:00+00,Fri 14 May 2021,37975,27859,221,1564029,630487,1134,1565163,631621,37.0188698523704,14.9389524254177,22
-7.6926,53.28823,2021/05/14 23:00:00+00,Sat 15 May 2021,28620,12347,2,1592649,642834,1136,1593785,643970,37.6958307139002,15.231028090257,23
-7.6926,53.28823,2021/05/15 23:00:00+00,Sun 16 May 2021,23008,1112,1,1615657,643946,1137,1616794,645083,38.2400342099151,15.2573525064014,24
-7.6926,53.28823,2021/05/16 23:00:00+00,Mon 17 May 2021,35186,3863,102,1650843,647809,1239,1652082,649048,39.0746577471125,15.3511317606801,25
-7.6926,53.28823,2021/05/17 23:00:00+00,Tue 18 May 2021,38799,12371,111,1689642,660180,1350,1690992,661530,39.9949479826699,15.6463531104675,26
-7.6926,53.28823,2021/05/18 23:00:00+00,Wed 19 May 2021,36770,17483,194,1726412,677663,1544,1727956,679207,40.8692118805661,16.0644453873615,27
-7.6926,53.28823,2021/05/19 23:00:00+00,Thu 20 May 2021,38838,19525,108,1765250,697188,1652,1766902,698840,41.7903535797185,16.528800519582,28
-7.6926,53.28823,2021/05/20 23:00:00+00,Fri 21 May 2021,25581,23083,14908,1790831,720271,16560,1807391,736831,42.7479899546217,17.4273547817013,29
-7.6926,53.28823,2021/05/21 23:00:00+00,Sat 22 May 2021,16382,10153,13490,1807213,730424,30050,1837263,760474,43.45451552431,17.9865534976942,30
-7.6926,53.28823,2021/05/22 23:00:00+00,Sun 23 May 2021,8064,5474,10190,1815277,735898,40240,1855517,776138,43.88625487049,18.3570347685698,31
-7.6926,53.28823,2021/05/23 23:00:00+00,Mon 24 May 2021,22304,8092,8426,1837581,743990,48666,1886247,792656,44.6130736558583,18.7477146480594,32
-7.6926,53.28823,2021/05/24 23:00:00+00,Tue 25 May 2021,30051,16365,3205,1867632,760355,51871,1919503,812226,45.3996368034732,19.2105797189886,33
-7.6926,53.28823,2021/05/25 23:00:00+00,Wed 26 May 2021,19672,25301,3029,1887304,785656,54900,1942204,840556,45.9365555553979,19.8806342646926,34
-7.6926,53.28823,2021/05/26 23:00:00+00,Thu 27 May 2021,16725,35855,540,1904029,821511,55440,1959469,876951,46.3449033044829,20.7414403074351,35
-7.6926,53.28823,2021/05/27 23:00:00+00,Fri 28 May 2021,26750,31704,1515,1930779,853215,56955,1987734,910170,47.0134204853626,21.5271283396886,36
-7.6926,53.28823,2021/05/28 23:00:00+00,Sat 29 May 2021,24249,7310,494,1955028,860525,57449,2012477,917974,47.598636144535,21.7117067256636,37
-7.6926,53.28823,2021/05/29 23:00:00+00,Sun 30 May 2021,24072,1608,183,1979100,862133,57632,2036732,919765,48.1723097416423,21.7540670395131,38
-7.6926,53.28823,2021/05/30 23:00:00+00,Mon 31 May 2021,22277,7220,3410,2001377,869353,61042,2062419,930395,48.7798526684159,22.0054853176929,39
-7.6926,53.28823,2021/05/31 23:00:00+00,Tue 01 Jun 2021,27166,11359,3617,2028543,880712,64659,2093202,945371,49.5079249974101,22.3596941731981,40
-7.6926,53.28823,2021/06/01 23:00:00+00,Wed 02 Jun 2021,18366,20753,3971,2046909,901465,68630,2115539,970095,50.036234506319,22.9444604488065,41
-7.6926,53.28823,2021/06/02 23:00:00+00,Thu 03 Jun 2021,16428,30541,1951,2063337,932006,70581,2133918,1002587,50.4709303233149,23.7129536467949,42
-7.6926,53.28823,2021/06/03 23:00:00+00,Fri 04 Jun 2021,28748,23169,116,2092085,955175,70697,2162782,1025872,51.1536149123442,24.2636850303712,43
-7.6926,53.28823,2021/06/04 23:00:00+00,Sat 05 Jun 2021,20682,11358,2,2112767,966533,70699,2183466,1037232,51.6428280511843,24.5323690981156,44
-7.6926,53.28823,2021/06/05 23:00:00+00,Sun 06 Jun 2021,19733,3798,8,2132500,970331,70707,2203207,1041038,52.1097375741897,24.6223877215165,45
-7.6926,53.28823,2021/06/06 23:00:00+00,Mon 07 Jun 2021,19526,4398,2,2152026,974729,70709,2222735,1045438,52.5716092709248,24.7264554942344,46
-7.6926,53.28823,2021/06/07 23:00:00+00,Tue 08 Jun 2021,26264,18361,12,2178290,993090,70721,2249011,1063811,53.1930830881828,25.1610094006311,47
-7.6926,53.28823,2021/06/08 23:00:00+00,Wed 09 Jun 2021,32581,19923,141,2210871,1013013,70862,2281733,1083875,53.9670161924724,25.6355584442246,48
-7.6926,53.28823,2021/06/09 23:00:00+00,Thu 10 Jun 2021,27407,27307,234,2238278,1040320,71096,2309374,1111416,54.6207746710394,26.286951746139,49
-7.6926,53.28823,2021/06/10 23:00:00+00,Fri 11 Jun 2021,26186,32711,4,2264464,1073031,71100,2335564,1144131,55.240214436376,27.0607192880629,50
-7.6926,53.28823,2021/06/11 23:00:00+00,Sat 12 Jun 2021,11949,19549,75,2276413,1092580,71175,2347588,1163755,55.5246032770942,27.5248615543846,51
-7.6926,53.28823,2021/06/12 23:00:00+00,Sun 13 Jun 2021,8397,18065,807,2284810,1110645,71982,2356792,1182627,55.7422941362067,27.9712176922782,52
-7.6926,53.28823,2021/06/13 23:00:00+00,Mon 14 Jun 2021,15771,31082,10,2300581,1141727,71992,2372573,1213719,56.115542663766,28.7065984171292,53
-7.6926,53.28823,2021/06/14 23:00:00+00,Tue 15 Jun 2021,14419,41282,177,2315000,1183009,72169,2387169,1255178,56.460763847991,29.6871770055634,54
-7.6926,53.28823,2021/06/15 23:00:00+00,Wed 16 Jun 2021,13150,48092,190,2328150,1231101,72359,2400509,1303460,56.7762784134584,30.8291315970099,55
-7.6926,53.28823,2021/06/16 23:00:00+00,Thu 17 Jun 2021,21280,42403,497,2349430,1273504,72856,2422286,1346360,57.2913429331123,31.8437923810091,56
-7.6926,53.28823,2021/06/17 23:00:00+00,Fri 18 Jun 2021,11804,49804,521,2361234,1323308,73377,2434611,1396685,57.582850955555,33.0340675314699,57
-7.6926,53.28823,2021/06/18 23:00:00+00,Sat 19 Jun 2021,6071,32602,400,2367305,1355910,73777,2441082,1429687,57.7359015367499,33.814623130387,58
-7.6926,53.28823,2021/06/19 23:00:00+00,Sun 20 Jun 2021,8339,26005,158,2375644,1381915,73935,2449579,1455850,57.936870596928,34.4334242980274,59
-7.6926,53.28823,2021/06/20 23:00:00+00,Mon 21 Jun 2021,15213,32107,533,2390857,1414022,74468,2465325,1488490,58.3092913126588,35.2054179574618,60
-7.6926,53.28823,2021/06/21 23:00:00+00,Tue 22 Jun 2021,14880,43302,686,2405737,1457324,75154,2480891,1532478,58.6774547104149,36.2458118634423,61
-7.6926,53.28823,2021/06/22 23:00:00+00,Wed 23 Jun 2021,19795,39108,849,2425532,1496432,76003,2501535,1572435,59.1657217785939,37.1908654985532,62
-7.6926,53.28823,2021/06/23 23:00:00+00,Thu 24 Jun 2021,18783,43990,999,2444315,1540422,77002,2521317,1617424,59.6336010240269,38.254934822827,63
-7.6926,53.28823,2021/06/24 23:00:00+00,Fri 25 Jun 2021,14923,49866,786,2459238,1590288,77788,2537026,1668076,60.0051466243962,39.452944100942,64
-7.6926,53.28823,2021/06/25 23:00:00+00,Sat 26 Jun 2021,8800,30300,451,2468038,1620588,78239,2546277,1698827,60.2239491165356,40.1802595734073,65
-7.6926,53.28823,2021/06/26 23:00:00+00,Sun 27 Jun 2021,8567,30281,32,2476605,1650869,78271,2554876,1729140,60.4273306568994,40.8972155721339,66
-7.6926,53.28823,2021/06/27 23:00:00+00,Mon 28 Jun 2021,23992,24372,450,2500597,1675241,78721,2579318,1753962,61.0054271343472,41.4842997208618,67
-7.6926,53.28823,2021/06/28 23:00:00+00,Tue 29 Jun 2021,27855,30715,755,2528452,1705956,79476,2607928,1785432,61.6821041746787,42.2286208134599,68
-7.6926,53.28823,2021/06/29 23:00:00+00,Wed 30 Jun 2021,22252,36520,530,2550704,1742476,80006,2630710,1822482,62.220938719692,43.1049187632775,69
-7.6926,53.28823,2021/06/30 23:00:00+00,Thu 01 Jul 2021,14590,48046,584,2565294,1790522,80590,2645884,1871112,62.5798306249695,44.2551041694753,70
-7.6926,53.28823,2021/07/01 23:00:00+00,Fri 02 Jul 2021,13346,46953,768,2578640,1837475,81358,2659998,1918833,62.9136516577287,45.3837901199003,71
-7.6926,53.28823,2021/07/02 23:00:00+00,Sat 03 Jul 2021,9095,30172,455,2587735,1867647,81813,2669548,1949460,63.1395260280595,46.1081727733163,72
-7.6926,53.28823,2021/07/03 23:00:00+00,Sun 04 Jul 2021,6280,27629,196,2594015,1895276,82009,2676024,1977285,63.292694868087,46.7662831769242,73
-7.6926,53.28823,2021/07/04 23:00:00+00,Mon 05 Jul 2021,15230,33064,5302,2609245,1928340,87311,2696556,2015651,63.7783129384151,47.673706851491,74
-7.6926,53.28823,2021/07/05 23:00:00+00,Tue 06 Jul 2021,12115,48078,5435,2621360,1976418,92746,2714106,2069164,64.1934014409602,48.9393838336391,75
-7.6926,53.28823,2021/07/06 23:00:00+00,Wed 07 Jul 2021,19415,43397,4987,2640775,2019815,97733,2738508,2117548,64.770551847747,50.0837509052714,76
-7.6926,53.28823,2021/07/07 23:00:00+00,Thu 08 Jul 2021,17528,45283,5942,2658303,2065098,103675,2761978,2168773,65.3256588081307,51.2953126456062,77
-7.6926,53.28823,2021/07/08 23:00:00+00,Fri 09 Jul 2021,13284,44771,6491,2671587,2109869,110166,2781753,2220035,65.793372491198,52.5077495013025,78
-7.6926,53.28823,2021/07/09 23:00:00+00,Sat 10 Jul 2021,8416,23568,4316,2680003,2133437,114482,2794485,2247919,66.0945067826171,53.1672553591355,79
-7.6926,53.28823,2021/07/10 23:00:00+00,Sun 11 Jul 2021,15094,15938,2129,2695097,2149375,116611,2811708,2265986,66.501861157508,53.594571824975,80
-7.6926,53.28823,2021/07/11 23:00:00+00,Mon 12 Jul 2021,16918,31410,6035,2712015,2180785,122646,2834661,2303431,67.0447401545974,54.4802122225707,81
-7.6926,53.28823,2021/07/12 23:00:00+00,Tue 13 Jul 2021,19885,36193,8444,2731900,2216978,131090,2862990,2348068,67.7147710485348,55.535956125027,82
-7.6926,53.28823,2021/07/13 23:00:00+00,Wed 14 Jul 2021,20582,35312,9282,2752482,2252290,140372,2892854,2392662,68.4211074040909,56.5906830015227,83
-7.6926,53.28823,2021/07/14 23:00:00+00,Thu 15 Jul 2021,23396,28457,9523,2775878,2280747,149895,2925773,2430642,69.1996999063863,57.4889770942102,84
-7.6926,53.28823,2021/07/15 23:00:00+00,Fri 16 Jul 2021,23345,27026,9116,2799223,2307773,159011,2958234,2466784,69.9674598996124,58.3437992400214,85
-7.6926,53.28823,2021/07/16 23:00:00+00,Sat 17 Jul 2021,11355,19119,4630,2810578,2326892,163641,2974219,2490533,70.3455333875432,58.9055050432662,86
-7.6926,53.28823,2021/07/17 23:00:00+00,Sun 18 Jul 2021,16737,15594,1908,2827315,2342486,165549,2992864,2508035,70.7865205744352,59.3194582610181,87
-7.6926,53.28823,2021/07/18 23:00:00+00,Mon 19 Jul 2021,24663,18061,6189,2851978,2360547,171738,3023716,2532285,71.5162248753197,59.8930135992927,88
-7.6926,53.28823,2021/07/19 23:00:00+00,Tue 20 Jul 2021,30375,17752,7652,2882353,2378299,179390,3061743,2557689,72.415630601034,60.4938630761393,89
-7.6926,53.28823,2021/07/20 23:00:00+00,Wed 21 Jul 2021,30095,19463,6831,2912448,2397762,186221,3098669,2583983,73.2889957318022,61.1157626251947,90
-7.6926,53.28823,2021/07/21 23:00:00+00,Thu 22 Jul 2021,33322,15549,6877,2945770,2413311,193098,3138868,2606409,74.2397730944127,61.6461771413245,91
-7.6926,53.28823,2021/07/22 23:00:00+00,Fri 23 Jul 2021,26906,20443,5548,2972676,2433754,198646,3171322,2632400,75.0073675252731,62.2609102051223,92
-7.6926,53.28823,2021/07/23 23:00:00+00,Sat 24 Jul 2021,15308,14494,2232,2987984,2448248,200878,3188862,2649126,75.422219510153,62.6565096520494,93
-7.6926,53.28823,2021/07/24 23:00:00+00,Sun 25 Jul 2021,14626,13454,1016,3002610,2461702,201894,3204504,2663596,75.792180442165,62.9987507136921,94
-7.6926,53.28823,2021/07/25 23:00:00+00,Mon 26 Jul 2021,23673,17816,3370,3026283,2479518,205264,3231547,2684782,76.431795164349,63.4998370393286,95
-7.6926,53.28823,2021/07/26 23:00:00+00,Tue 27 Jul 2021,25292,23443,3608,3051575,2502961,208872,3260447,2711833,77.1153312169733,64.1396409756448,96
-7.6926,53.28823,2021/07/27 23:00:00+00,Wed 28 Jul 2021,23260,24906,3225,3074835,2527867,212097,3286932,2739964,77.7417482534353,64.80498881981,97
-7.6926,53.28823,2021/07/28 23:00:00+00,Thu 29 Jul 2021,19115,27495,2920,3093950,2555362,215017,3308967,2770379,78.2629149288531,65.5243572987223,98
-7.6926,53.28823,2021/07/29 23:00:00+00,Fri 30 Jul 2021,21769,22545,2080,3115719,2577907,217097,3332816,2795004,78.8269859087505,66.1067820494445,99
-7.6926,53.28823,2021/07/30 23:00:00+00,Sat 31 Jul 2021,13624,12184,883,3129343,2590091,217980,3347323,2808071,79.1701020857547,66.4158396826501,100
-7.6926,53.28823,2021/07/31 23:00:00+00,Sun 01 Aug 2021,10977,9135,355,3140320,2599226,218335,3358655,2817561,79.4381239040363,66.6402949469893,101
-7.6926,53.28823,2021/08/01 23:00:00+00,Mon 02 Aug 2021,14874,15629,394,3155194,2614855,218729,3373923,2833584,79.7992390753673,67.0192672020481,102
-7.6926,53.28823,2021/08/02 23:00:00+00,Tue 03 Aug 2021,17191,25091,1084,3172385,2639946,219813,3392198,2859759,80.2314751086444,67.6383521908868,103
-7.6926,53.28823,2021/08/03 23:00:00+00,Wed 04 Aug 2021,21944,16929,1555,3194329,2656875,221368,3415697,2878243,80.7872679702574,68.075531443368,104
-7.6926,53.28823,2021/08/04 23:00:00+00,Thu 05 Aug 2021,13372,29704,1401,3207701,2686579,222769,3430470,2909348,81.1366755171577,68.8112196411838,105
-7.6926,53.28823,2021/08/05 23:00:00+00,Fri 06 Aug 2021,12032,24419,923,3219733,2710998,223692,3443425,2934690,81.4430841525123,69.4106027085057,106
-7.6926,53.28823,2021/08/06 23:00:00+00,Sat 07 Aug 2021,6252,8196,560,3225985,2719194,224252,3450237,2943446,81.6041999860928,69.6176975762143,107
-7.6926,53.28823,2021/08/07 23:00:00+00,Sun 08 Aug 2021,8546,11786,140,3234531,2730980,224392,3458923,2955372,81.8096392301445,69.8997685438128,108
-7.6926,53.28823,2021/08/08 23:00:00+00,Mon 09 Aug 2021,5439,22697,584,3239970,2753677,224976,3464946,2978653,81.9520938199353,70.450405320323,109
-7.6926,53.28823,2021/08/09 23:00:00+00,Tue 10 Aug 2021,9204,25663,686,3249174,2779340,225662,3474836,3005002,82.1860097908853,71.0736057165374,110
-7.6926,53.28823,2021/08/10 23:00:00+00,Wed 11 Aug 2021,6906,30903,633,3256080,2810243,226295,3482375,3036538,82.3643204587307,71.8194878257262,111
-7.6926,53.28823,2021/08/11 23:00:00+00,Thu 12 Aug 2021,6636,37975,849,3262716,2848218,227144,3489860,3075362,82.5413539311838,72.7377440093623,112
-7.6926,53.28823,2021/08/12 23:00:00+00,Fri 13 Aug 2021,10804,27918,843,3273520,2876136,227987,3501507,3104123,82.8168260559213,73.4179924664393,113
-7.6926,53.28823,2021/08/13 23:00:00+00,Sat 14 Aug 2021,18043,5643,267,3291563,2881779,228254,3519817,3110033,83.2498899010268,73.5577744066127,114
-7.6926,53.28823,2021/08/14 23:00:00+00,Sun 15 Aug 2021,16955,3606,39,3308518,2885385,228293,3536811,3113678,83.6518280213831,73.6439850956028,115
-7.6926,53.28823,2021/08/15 23:00:00+00,Mon 16 Aug 2021,10101,22874,350,3318619,2908259,228643,3547262,3136902,83.8990126333546,74.193273721421,116
-7.6926,53.28823,2021/08/16 23:00:00+00,Tue 17 Aug 2021,12774,26610,511,3331393,2934869,229154,3560547,3164023,84.213226351663,74.8347332813941,117
-7.6926,53.28823,2021/08/17 23:00:00+00,Wed 18 Aug 2021,15139,25516,645,3346532,2960385,229799,3576331,3190184,84.5865458345218,75.4534871455014,118
-7.6926,53.28823,2021/08/18 23:00:00+00,Thu 19 Aug 2021,11293,25454,522,3357825,2985839,230321,3588146,3216160,84.8659914560359,76.0678654328013,119
-7.6926,53.28823,2021/08/19 23:00:00+00,Fri 20 Aug 2021,14743,22021,664,3372568,3007860,230985,3603553,3238845,85.2303942229141,76.6044057564615,120
-7.6926,53.28823,2021/08/20 23:00:00+00,Sat 21 Aug 2021,11801,7815,224,3384369,3015675,231209,3615578,3246884,85.5148067153988,76.7945423075704,121
-7.6926,53.28823,2021/08/21 23:00:00+00,Sun 22 Aug 2021,7984,12161,156,3392353,3027836,231365,3623718,3259201,85.7073320949268,77.0858611158809,122
-7.6926,53.28823,2021/08/22 23:00:00+00,Mon 23 Aug 2021,10797,15152,271,3403150,3042988,231636,3634786,3274624,85.9691098468453,77.4506423110236,123
-7.6926,53.28823,2021/08/23 23:00:00+00,Tue 24 Aug 2021,9638,22708,368,3412788,3065696,232004,3644792,3297700,86.2057694227124,77.9964304753958,124
-7.6926,53.28823,2021/08/24 23:00:00+00,Wed 25 Aug 2021,9342,19268,305,3422130,3084964,232309,3654439,3317273,86.4339380143964,78.4593665016246,125
-7.6926,53.28823,2021/08/25 23:00:00+00,Thu 26 Aug 2021,8508,19222,358,3430638,3104186,232667,3663305,3336853,86.6436345764229,78.9224680902192,126
-7.6926,53.28823,2021/08/26 23:00:00+00,Fri 27 Aug 2021,9653,19017,424,3440291,3123203,233091,3673382,3356294,86.8819734277133,79.3822820832665,127
-7.6926,53.28823,2021/08/27 23:00:00+00,Sat 28 Aug 2021,9878,7766,145,3450169,3130969,233236,3683405,3364205,87.1190350836114,79.56939120826,128
-7.6926,53.28823,2021/08/28 23:00:00+00,Sun 29 Aug 2021,8781,9123,23,3458950,3140092,233259,3692209,3373351,87.3272652361132,79.785710264914,129
-7.6926,53.28823,2021/08/29 23:00:00+00,Mon 30 Aug 2021,5015,10951,78,3463965,3151043,233337,3697302,3384380,87.4477236830342,80.0465655979379,130
-7.6926,53.28823,2021/08/30 23:00:00+00,Tue 31 Aug 2021,4010,12668,134,3467975,3163711,233471,3701446,3397182,87.5457366035212,80.3493555130139,131
-7.6926,53.28823,2021/08/31 23:00:00+00,Wed 01 Sep 2021,4894,12362,171,3472869,3176073,233642,3706511,3409715,87.6655328009794,80.6457831028942,132
-7.6926,53.28823,2021/09/01 23:00:00+00,Thu 02 Sep 2021,4960,12227,243,3477829,3188300,233885,3711714,3422185,87.7885929422183,80.9407206314832,133
-7.6926,53.28823,2021/09/02 23:00:00+00,Fri 03 Sep 2021,4718,15882,159,3482547,3204182,234044,3716591,3438226,87.9039426075694,81.3201186183395,134
-7.6926,53.28823,2021/09/03 23:00:00+00,Sat 04 Sep 2021,4601,10497,128,3487148,3214679,234172,3721320,3448851,88.0157918114746,81.5714186376866,135
-7.6926,53.28823,2021/09/04 23:00:00+00,Sun 05 Sep 2021,5291,11833,0,3492439,3226512,234172,3726611,3460684,88.1409333081679,81.8512899909981,136
-7.6926,53.28823,2021/09/05 23:00:00+00,Mon 06 Sep 2021,2107,9564,68,3494546,3236076,234240,3728786,3470316,88.1923759003636,82.0791038061842,137
-7.6926,53.28823,2021/09/06 23:00:00+00,Tue 07 Sep 2021,2995,9888,134,3497541,3245964,234374,3731915,3480338,88.266382277826,82.3161418103157,138
-7.6926,53.28823,2021/09/07 23:00:00+00,Wed 08 Sep 2021,2571,14678,178,3500112,3260642,234552,3734664,3495194,88.3314009840081,82.6675124538377,139
-7.6926,53.28823,2021/09/08 23:00:00+00,Thu 09 Sep 2021,3074,14677,135,3503186,3275319,234687,3737873,3510006,88.4072995027926,83.0178424196325,140
-7.6926,53.28823,2021/09/09 23:00:00+00,Fri 10 Sep 2021,3349,13839,108,3506535,3289158,234795,3741330,3523953,88.4890636596757,83.3477136073816,141
-7.6926,53.28823,2021/09/10 23:00:00+00,Sat 11 Sep 2021,2538,11228,57,3509073,3300386,234852,3743925,3535238,88.5504399938127,83.6146237926365,142
-7.6926,53.28823,2021/09/11 23:00:00+00,Sun 12 Sep 2021,2023,12842,0,3511096,3313228,234852,3745948,3548080,88.5982875174964,83.9183597783735,143
-7.6926,53.28823,2021/09/12 23:00:00+00,Mon 13 Sep 2021,1572,7637,46,3512668,3320865,234898,3747566,3555763,88.6365560757367,84.1000763005988,144
-7.6926,53.28823,2021/09/13 23:00:00+00,Tue 14 Sep 2021,1516,10672,79,3514184,3331537,234977,3749161,3566514,88.674280643347,84.3543564425283,145
-7.6926,53.28823,2021/09/14 23:00:00+00,Wed 15 Sep 2021,3245,12307,130,3517429,3343844,235107,3752536,3578951,88.7541053553749,84.648513462822,146
-7.6926,53.28823,2021/09/15 23:00:00+00,Thu 16 Sep 2021,1881,10500,109,3519310,3354344,235216,3754526,3589560,88.8011723707632,84.8994350539047,147
-7.6926,53.28823,2021/09/16 23:00:00+00,Fri 17 Sep 2021,2539,14514,89,3521849,3368858,235305,3757154,3604163,88.8633292131956,85.2448218004955,148
-7.6926,53.28823,2021/09/17 23:00:00+00,Sat 18 Sep 2021,2271,11165,40,3524120,3380023,235345,3759465,3615368,88.917988445639,85.5098398444281,149
-7.6926,53.28823,2021/09/18 23:00:00+00,Sun 19 Sep 2021,1854,8455,11,3525974,3388478,235356,3761330,3623834,88.9620989902115,85.7100756998439,150
-7.6926,53.28823,2021/09/19 23:00:00+00,Mon 20 Sep 2021,946,5549,29,3526920,3394027,235385,3762305,3629412,88.9851594625751,85.8420052535304,151
-7.6926,53.28823,2021/09/20 23:00:00+00,Tue 21 Sep 2021,1440,6589,89,3528360,3400616,235474,3763834,3636090,89.0213230135946,85.9999517503963,152
-7.6926,53.28823,2021/09/21 23:00:00+00,Wed 22 Sep 2021,1883,8064,94,3530243,3408680,235568,3765811,3644248,89.068082556018,86.1929028617218,153
-7.6926,53.28823,2021/09/22 23:00:00+00,Thu 23 Sep 2021,1679,8680,85,3531922,3417360,235653,3767575,3653013,89.1098042721713,86.4002105953292,154
-7.6926,53.28823,2021/09/23 23:00:00+00,Fri 24 Sep 2021,1897,7299,79,3533819,3424659,235732,3769551,3660391,89.1565401628282,86.5747133287638,155
-7.6926,53.28823,2021/09/24 23:00:00+00,Sat 25 Sep 2021,2399,6532,50,3536218,3431191,235782,3772000,3666973,89.2144633390523,86.7303892560432,156
-7.6926,53.28823,2021/09/25 23:00:00+00,Sun 26 Sep 2021,1536,7079,0,3537754,3438270,235782,3773536,3674052,89.2507924524375,86.8978201112863,157
-7.6926,53.28823,2021/09/26 23:00:00+00,Mon 27 Sep 2021,1165,3699,45,3538919,3441969,235827,3774746,3677796,89.2794110899349,86.9863723251626,158
-7.6926,53.28823,2021/09/27 23:00:00+00,Tue 28 Sep 2021,1435,5041,89,3540354,3447010,235916,3776270,3682926,89.3154563821217,87.107705887445,159
-7.6926,53.28823,2021/09/28 23:00:00+00,Wed 29 Sep 2021,1631,3532,72,3541985,3450542,235988,3777973,3686530,89.3557353405168,87.1929468540076,160
-7.6926,53.28823,2021/09/29 23:00:00+00,Thu 30 Sep 2021,1266,3876,77,3543251,3454418,236065,3779316,3690483,89.3874996629623,87.286442287088,161
-7.6926,53.28823,2021/09/30 23:00:00+00,Fri 01 Oct 2021,1830,5089,37,3545081,3459507,236102,3781183,3695609,89.4316575110678,87.4076812423043,162
-7.6926,53.28823,2021/10/01 23:00:00+00,Sat 02 Oct 2021,1702,4035,39,3546783,3463542,236141,3782924,3699683,89.472835236591,87.5040385391345,163
-7.6926,53.28823,2021/10/02 23:00:00+00,Sun 03 Oct 2021,1203,2989,9,3547986,3466531,236150,3784136,3702681,89.5015011776215,87.5749465351818,164
-7.6926,53.28823,2021/10/03 23:00:00+00,Mon 04 Oct 2021,328,1157,16,3548314,3467688,236166,3784480,3703854,89.5096373853067,87.6026900573177,165
-7.6926,53.28823,2021/10/04 23:00:00+00,Tue 05 Oct 2021,969,2749,68,3549283,3470437,236234,3785517,3706671,89.534164267195,87.6693170836237,166
-7.6926,53.28823,2021/10/05 23:00:00+00,Wed 06 Oct 2021,974,2491,34,3550257,3472928,236268,3786525,3709196,89.558005247854,87.7290377941038,167
-7.6926,53.28823,2021/10/06 23:00:00+00,Thu 07 Oct 2021,1202,2626,41,3551459,3475554,236309,3787768,3711863,89.5874043936468,87.7921170554308,168
-7.6926,53.28823,2021/10/07 23:00:00+00,Fri 08 Oct 2021,981,2683,42,3552440,3478237,236351,3788791,3714588,89.6116001508037,87.8565681192163,169
-7.6926,53.28823,2021/10/08 23:00:00+00,Sat 09 Oct 2021,729,2317,18,3553169,3480554,236369,3789538,3716923,89.6292680203992,87.9117949940563,170
-7.6926,53.28823,2021/10/09 23:00:00+00,Sun 10 Oct 2021,1527,3889,0,3554696,3484443,236369,3791065,3720812,89.6653842678856,88.003776714079,171
-7.6926,53.28823,2021/10/10 23:00:00+00,Mon 11 Oct 2021,324,1064,12,3555020,3485507,236381,3791401,3721888,89.6733312614386,88.0292260148618,172
-7.6926,53.28823,2021/10/11 23:00:00+00,Tue 12 Oct 2021,548,1561,20,3555568,3487068,236401,3791969,3723469,89.6867654648258,88.0666194577407,173
-7.6926,53.28823,2021/10/12 23:00:00+00,Wed 13 Oct 2021,1000,1975,9,3556568,3489043,236410,3792978,3725453,89.7106300972513,88.1135445625298,174
-7.6926,53.28823,2021/10/13 23:00:00+00,Thu 14 Oct 2021,697,1510,7,3557265,3490553,236417,3793682,3726970,89.7272809408862,88.149424292351,175
-7.6926,53.28823,2021/10/14 23:00:00+00,Fri 15 Oct 2021,951,1998,5,3558216,3492551,236422,3794638,3728973,89.7498920296858,88.1967987807041,176
-7.6926,53.28823,2021/10/15 23:00:00+00,Sat 16 Oct 2021,1375,2589,11,3559591,3495140,236433,3796024,3731573,89.7826733780919,88.2582933736738,177
-7.6926,53.28823,2021/10/16 23:00:00+00,Sun 17 Oct 2021,1709,2872,1,3561300,3498012,236434,3797734,3734446,89.8231178988527,88.3262448989053,178
-7.6926,53.28823,2021/10/17 23:00:00+00,Mon 18 Oct 2021,669,1169,3,3561969,3499181,236437,3798406,3735618,89.8390118859588,88.3539647692747,179
-7.6926,53.28823,2021/10/18 23:00:00+00,Tue 19 Oct 2021,1333,1727,10,3563302,3500908,236447,3799749,3737355,89.8707762084042,88.3950478877317,180
-7.6926,53.28823,2021/10/19 23:00:00+00,Wed 20 Oct 2021,2243,2253,0,3565545,3503161,236447,3801992,3739608,89.9238271207238,88.4483353177165,181
-7.6926,53.28823,2021/10/20 23:00:00+00,Thu 21 Oct 2021,1749,1763,8,3567294,3504924,236455,3803749,3741379,89.9653832745114,88.4902225962355,182
-7.6926,53.28823,2021/10/21 23:00:00+00,Fri 22 Oct 2021,1483,1897,1,3568777,3506821,236456,3805233,3743277,90.0004824960372,88.5351136491033,183
-7.6926,53.28823,2021/10/22 23:00:00+00,Sat 23 Oct 2021,2003,1662,0,3570780,3508483,236456,3807236,3744939,90.0478569843903,88.5744228850709,184
-7.6926,53.28823,2021/10/23 23:00:00+00,Sun 24 Oct 2021,1943,2170,0,3572723,3510653,236456,3809179,3747109,90.0938123667519,88.625747218434,185
-7.6926,53.28823,2021/10/24 23:00:00+00,Mon 25 Oct 2021,1212,806,0,3573935,3511459,236456,3810391,3747915,90.1224783077823,88.6448105422546,186
-7.6926,53.28823,2021/10/25 23:00:00+00,Tue 26 Oct 2021,1231,1161,5,3575166,3512620,236461,3811627,3749081,90.1517118912094,88.6723885020248,187
-7.6926,53.28823,2021/10/26 23:00:00+00,Wed 27 Oct 2021,1550,1381,4,3576716,3514001,236465,3813181,3750466,90.1884667363921,88.7051461986644,188
-7.6926,53.28823,2021/10/27 23:00:00+00,Thu 28 Oct 2021,2139,1639,2,3578855,3515640,236467,3815322,3752107,90.2391051685259,88.7439587475349,189
-7.6926,53.28823,2021/10/28 23:00:00+00,Fri 29 Oct 2021,2127,1316,0,3580982,3516956,236467,3817449,3753423,90.2894124759284,88.7750844722841,190
-7.6926,53.28823,2021/10/29 23:00:00+00,Sat 30 Oct 2021,1999,1420,0,3582981,3518376,236467,3819448,3754843,90.3366923572155,88.8086699807522,191
-7.6926,53.28823,2021/10/30 23:00:00+00,Sun 31 Oct 2021,1624,1309,0,3584605,3519685,236467,3821072,3756152,90.375102826055,88.8396301431358,192
-7.6926,53.28823,2021/11/01 00:00:00+00,Mon 01 Nov 2021,252,242,0,3584857,3519927,236467,3821324,3756394,90.3810630712197,88.8453538706353,193
-7.6926,53.28823,2021/11/02 00:00:00+00,Tue 02 Nov 2021,1083,1049,9,3585940,3520976,236476,3822416,3757452,90.406890800267,88.8703774396206,194
-7.6926,53.28823,2021/11/03 00:00:00+00,Wed 03 Nov 2021,2529,1784,5,3588469,3522760,236481,3824950,3759241,90.4668243766459,88.912690449937,195
-7.6926,53.28823,2021/11/04 00:00:00+00,Thu 04 Nov 2021,1546,1212,0,3590015,3523972,236481,3826496,3760453,90.5033900076963,88.9413563909675,196
-7.6926,53.28823,2021/11/05 00:00:00+00,Fri 05 Nov 2021,1621,1008,0,3591636,3524980,236481,3828117,3761461,90.5417295212362,88.9651973716265,197
-7.6926,53.28823,2021/11/06 00:00:00+00,Sat 06 Nov 2021,1821,1312,5,3593457,3526292,236486,3829943,3762778,90.5849176469141,88.9963467481423,198
-7.6926,53.28823,2021/11/07 00:00:00+00,Sun 07 Nov 2021,728,764,0,3594185,3527056,236486,3830671,3763542,90.6021361329456,89.0144166977687,199
-7.6926,53.28823,2021/11/08 00:00:00+00,Mon 08 Nov 2021,501,485,1,3594686,3527541,236487,3831173,3764028,90.6140093197421,89.0259114563008,200
-7.6926,53.28823,2021/11/09 00:00:00+00,Tue 09 Nov 2021,1375,987,1,3596061,3528528,236488,3832549,3765016,90.646554150483,89.0492794016292,201
-7.6926,53.28823,2021/11/10 00:00:00+00,Wed 10 Nov 2021,1592,1276,0,3597653,3529804,236488,3834141,3766292,90.6842077627936,89.0794590557174,202
-7.6926,53.28823,2021/11/11 00:00:00+00,Thu 11 Nov 2021,1396,1041,1,3599049,3530845,236489,3835538,3767334,90.7172492806315,89.1041041964383,203
-7.6926,53.28823,2021/11/12 00:00:00+00,Fri 12 Nov 2021,1143,1062,5,3600192,3531907,236494,3836686,3768401,90.7444015086043,89.1293406313224,204
-7.6926,53.28823,2021/11/13 00:00:00+00,Sat 13 Nov 2021,1409,1325,0,3601601,3533232,236494,3838095,3769726,90.7777268476405,89.1606792219704,205
-7.6926,53.28823,2021/11/14 00:00:00+00,Sun 14 Nov 2021,1642,1797,0,3603243,3535029,236494,3839737,3771523,90.8165630482775,89.2031814464191,206
-7.6926,53.28823,2021/11/15 00:00:00+00,Mon 15 Nov 2021,1245,544,0,3604488,3535573,236494,3840982,3772067,90.8460094976034,89.2160480074096,207
-7.6926,53.28823,2021/11/16 00:00:00+00,Tue 16 Nov 2021,1315,1010,4,3605803,3536583,236498,3842301,3773081,90.8772061776522,89.2400308986678,208
-7.6926,53.28823,2021/11/17 00:00:00+00,Wed 17 Nov 2021,1492,1029,0,3607295,3537612,236498,3843793,3774110,90.9124946133102,89.2643685664239,209
-7.6926,53.28823,2021/11/18 00:00:00+00,Thu 18 Nov 2021,1625,2406,5,3608920,3540018,236503,3845423,3776521,90.9510469927488,89.32139297552,210
-7.6926,53.28823,2021/11/19 00:00:00+00,Fri 19 Nov 2021,1137,1432,0,3610057,3541450,236503,3846560,3777953,90.9779390512898,89.3552623051863,211
-7.6926,53.28823,2021/11/20 00:00:00+00,Sat 20 Nov 2021,1513,2882,10,3611570,3544332,236513,3848083,3780845,91.0139606917101,89.4236632139818,212
-7.6926,53.28823,2021/11/21 00:00:00+00,Sun 21 Nov 2021,1780,2742,0,3613350,3547074,236513,3849863,3783587,91.0560608361278,89.4885163577982,213
-7.6926,53.28823,2021/11/22 00:00:00+00,Mon 22 Nov 2021,692,448,2,3614042,3547522,236515,3850557,3784037,91.0724751620974,89.4991596527353,214
-7.6926,53.28823,2021/11/23 00:00:00+00,Tue 23 Nov 2021,2154,1516,4,3616196,3549038,236519,3852715,3785557,91.1235156742622,89.535110337856,215
-7.6926,53.28823,2021/11/24 00:00:00+00,Wed 24 Nov 2021,1605,3046,0,3617801,3552084,236519,3854320,3788603,91.1614767595377,89.6071536186966,216
-7.6926,53.28823,2021/11/25 00:00:00+00,Thu 25 Nov 2021,977,1082,0,3618778,3553166,236519,3855297,3789685,91.1845845354344,89.6327448300786,217
-7.6926,53.28823,2021/11/26 00:00:00+00,Fri 26 Nov 2021,1259,1026,13,3620037,3554192,236532,3856569,3790724,91.2146695824564,89.6573190155,218
-7.6926,53.28823,2021/11/27 00:00:00+00,Sat 27 Nov 2021,1224,1496,5,3621261,3555688,236537,3857798,3792225,91.2437376035179,89.6928203170567,219
-7.6926,53.28823,2021/11/28 00:00:00+00,Sun 28 Nov 2021,1974,2238,0,3623235,3557926,236537,3859772,3794463,91.2904261906418,89.7457529705436,220
-7.6926,53.28823,2021/11/29 00:00:00+00,Mon 29 Nov 2021,532,933,1,3623767,3558859,236538,3860305,3795397,91.3030325822005,89.7678437204796,221
-7.6926,53.28823,2021/11/30 00:00:00+00,Tue 30 Nov 2021,1916,1553,6,3625683,3560412,236544,3862227,3796956,91.348491277465,89.8047168244949,222
-7.6926,53.28823,2021/12/01 00:00:00+00,Wed 01 Dec 2021,1112,1282,1,3626795,3561694,236545,3863340,3798239,91.3748156936093,89.8350620409488,223
-7.6926,53.28823,2021/12/02 00:00:00+00,Thu 02 Dec 2021,1745,1305,1,3628540,3562999,236546,3865086,3799545,91.4161116779651,89.8659512480328,224
-7.6926,53.28823,2021/12/03 00:00:00+00,Fri 03 Dec 2021,991,1071,4,3629531,3564070,236550,3866081,3800620,91.4396451856593,89.8913768970491,225
-7.6926,53.28823,2021/12/04 00:00:00+00,Sat 04 Dec 2021,1171,1631,0,3630702,3565701,236550,3867252,3802251,91.4673414042621,89.9299529282543,226
-7.6926,53.28823,2021/12/05 00:00:00+00,Sun 05 Dec 2021,1351,1760,0,3632053,3567461,236550,3868603,3804011,91.4992949408398,89.9715800373414,227
-7.6926,53.28823,2021/12/06 00:00:00+00,Mon 06 Dec 2021,906,1209,0,3632959,3568670,236550,3869509,3805220,91.5207234413131,90.0001750230723,228
-7.6926,53.28823,2021/12/07 00:00:00+00,Tue 07 Dec 2021,426,640,1,3633385,3569310,236551,3869936,3805861,91.53082274562,90.015335805416,229
-7.6926,53.28823,2021/12/08 00:00:00+00,Wed 08 Dec 2021,764,1302,0,3634149,3570612,236551,3870700,3807163,91.5488926952465,90.0461304054339,230
-7.6926,53.28823,2021/12/09 00:00:00+00,Thu 09 Dec 2021,691,1030,0,3634840,3571642,236551,3871391,3808193,91.5652360659165,90.0704917249564,231
-7.6926,53.28823,2020/12/28 00:00:00+00,Mon 28 Dec 2020,118,8,5,118,8,5,123,13,0.00290916728279518,0.000307472964848272,232
-7.6926,53.28823,2020/12/29 00:00:00+00,Tue 29 Dec 2020,68,1,0,186,9,5,191,14,0.00451748740661691,0.000331124731375062,233
-7.6926,53.28823,2020/12/30 00:00:00+00,Wed 30 Dec 2020,1045,0,0,1231,9,5,1236,14,0.0292335834271126,0.000331124731375062,234
-7.6926,53.28823,2020/12/31 00:00:00+00,Thu 31 Dec 2020,1022,1,0,2253,10,5,2258,15,0.0534056888174921,0.000354776497901852,235
-7.6926,53.28823,2021/01/01 00:00:00+00,Fri 01 Jan 2021,794,0,0,3047,10,5,3052,15,0.0721851914397634,0.000354776497901852,236
-7.6926,53.28823,2021/01/02 00:00:00+00,Sat 02 Jan 2021,1009,0,0,4056,10,5,4061,15,0.0960498238652947,0.000354776497901852,237
-7.6926,53.28823,2021/01/03 00:00:00+00,Sun 03 Jan 2021,14,0,0,4070,10,5,4075,15,0.0963809485966697,0.000354776497901852,238
-7.6926,53.28823,2021/01/04 00:00:00+00,Mon 04 Jan 2021,1170,2,0,5240,12,5,5245,17,0.124053515433014,0.000402080030955432,239
-7.6926,53.28823,2021/01/05 00:00:00+00,Tue 05 Jan 2021,3494,3,0,8734,15,5,8739,20,0.206692787677619,0.000473035330535802,240
-7.6926,53.28823,2021/01/06 00:00:00+00,Wed 06 Jan 2021,6739,2,0,15473,17,5,15478,22,0.366082042301657,0.000520338863589383,241
-7.6926,53.28823,2021/01/07 00:00:00+00,Thu 07 Jan 2021,11701,2,0,27174,19,5,27179,24,0.642831362431629,0.000567642396642963,242
-7.6926,53.28823,2021/01/08 00:00:00+00,Fri 08 Jan 2021,12653,2,0,39827,21,5,39832,26,0.942097164295104,0.000614945929696543,243
-7.6926,53.28823,2021/01/09 00:00:00+00,Sat 09 Jan 2021,8057,2,0,47884,23,5,47889,28,1.13265944720145,0.000662249462750123,244
-7.6926,53.28823,2021/01/10 00:00:00+00,Sun 10 Jan 2021,4754,1,1,52638,24,6,52644,30,1.24512359703634,0.000709552995803704,245
-7.6926,53.28823,2021/01/11 00:00:00+00,Mon 11 Jan 2021,8313,3,0,60951,27,6,60957,33,1.44174073217355,0.000780508295384074,246
-7.6926,53.28823,2021/01/12 00:00:00+00,Tue 12 Jan 2021,8841,4,0,69792,31,6,69798,37,1.6508460000369,0.000875115361491235,247
-7.6926,53.28823,2021/01/13 00:00:00+00,Wed 13 Jan 2021,9844,2,0,79636,33,6,79642,39,1.88367398972662,0.000922418894544815,248
-7.6926,53.28823,2021/01/14 00:00:00+00,Thu 14 Jan 2021,8037,2,0,87673,35,6,87679,41,2.07376323730243,0.000969722427598395,249
-7.6926,53.28823,2021/01/15 00:00:00+00,Fri 15 Jan 2021,7638,2,0,95311,37,6,95317,43,2.25441543003405,0.00101702596065198,250
-7.6926,53.28823,2021/01/16 00:00:00+00,Sat 16 Jan 2021,5202,2,0,100513,39,6,100519,45,2.37745191950642,0.00106432949370556,251
-7.6926,53.28823,2021/01/17 00:00:00+00,Sun 17 Jan 2021,1094,3,0,101607,42,6,101613,48,2.40332695208672,0.00113528479328593,252
-7.6926,53.28823,2021/01/18 00:00:00+00,Mon 18 Jan 2021,8663,4,0,110270,46,6,110276,52,2.60822220550831,0.00122989185939309,253
-7.6926,53.28823,2021/01/19 00:00:00+00,Tue 19 Jan 2021,8344,15,0,118614,61,6,118620,67,2.80557254540784,0.00158466835729494,254
-7.6926,53.28823,2021/01/20 00:00:00+00,Wed 20 Jan 2021,8415,954,0,127029,1015,6,127035,1021,3.00460216073078,0.0241484536238527,255
-7.6926,53.28823,2021/01/21 00:00:00+00,Thu 21 Jan 2021,8943,955,0,135972,1970,6,135978,1976,3.21611990877987,0.0467358906569373,256
-7.6926,53.28823,2021/01/22 00:00:00+00,Fri 22 Jan 2021,6720,961,0,142692,2931,6,142698,2937,3.3750597798399,0.0694652382891826,257
-7.6926,53.28823,2021/01/23 00:00:00+00,Sat 23 Jan 2021,4148,456,0,146840,3387,6,146846,3393,3.47316730739302,0.0802504438253989,258
-7.6926,53.28823,2021/01/24 00:00:00+00,Sun 24 Jan 2021,1162,393,0,148002,3780,6,148008,3786,3.50065066009715,0.0895455880704274,259
-7.6926,53.28823,2021/01/25 00:00:00+00,Mon 25 Jan 2021,1323,1281,0,149325,5061,6,149331,5067,3.5319419472121,0.119843500991246,260
-7.6926,53.28823,2021/01/26 00:00:00+00,Tue 26 Jan 2021,975,3492,0,150300,8553,6,150306,8559,3.55500241957572,0.202435469702797,261
-7.6926,53.28823,2021/01/27 00:00:00+00,Wed 27 Jan 2021,2135,6690,0,152435,15243,6,152441,15249,3.60549894111041,0.360665787767023,262
-7.6926,53.28823,2021/01/28 00:00:00+00,Thu 28 Jan 2021,941,11538,0,153376,26781,6,153382,26787,3.62775525341212,0.633559869953127,263
-7.6926,53.28823,2021/01/29 00:00:00+00,Fri 29 Jan 2021,1530,11517,0,154906,38298,6,154912,38304,3.66394245619811,0.905957265042169,264
-7.6926,53.28823,2021/01/30 00:00:00+00,Sat 30 Jan 2021,593,7791,0,155499,46089,6,155505,46095,3.6779679537485,1.09022817805239,265
-7.6926,53.28823,2021/01/31 00:00:00+00,Sun 31 Jan 2021,203,4079,0,155702,50168,6,155708,50174,3.68276926235344,1.18670373371517,266
-7.6926,53.28823,2021/02/01 00:00:00+00,Mon 01 Feb 2021,969,8327,0,156671,58495,6,156677,58501,3.7056878241179,1.38365199358375,267
-7.6926,53.28823,2021/02/02 00:00:00+00,Tue 02 Feb 2021,785,5091,0,157456,63586,6,157462,63592,3.72425446084143,1.50406313697164,268
-7.6926,53.28823,2021/02/03 00:00:00+00,Wed 03 Feb 2021,1356,6855,0,158812,70441,6,158818,70447,3.75632625625175,1.66619599651278,269
-7.6926,53.28823,2021/02/04 00:00:00+00,Thu 04 Feb 2021,1379,10527,0,160191,80968,6,160197,80974,3.7889420422922,1.9151781427403,270
-7.6926,53.28823,2021/02/05 00:00:00+00,Fri 05 Feb 2021,3353,8596,0,163544,89564,6,163550,89570,3.86824641545652,2.11848872780459,271
-7.6926,53.28823,2021/02/06 00:00:00+00,Sat 06 Feb 2021,869,3860,0,164413,93424,6,164419,93430,3.8887998005683,2.209784546598,272
-7.6926,53.28823,2021/02/07 00:00:00+00,Sun 07 Feb 2021,302,1289,0,164715,94713,6,164721,94719,3.8959426340594,2.24027167365103,273
-7.6926,53.28823,2021/02/08 00:00:00+00,Mon 08 Feb 2021,1122,868,0,165837,95581,6,165843,95587,3.92247991610245,2.26080140699629,274
-7.6926,53.28823,2021/02/09 00:00:00+00,Tue 09 Feb 2021,4189,524,0,170026,96105,6,170032,96111,4.02155716608318,2.27319493265632,275
-7.6926,53.28823,2021/02/10 00:00:00+00,Wed 10 Feb 2021,8783,571,0,178809,96676,6,178815,96682,4.22929063148798,2.28670009134312,276
-7.6926,53.28823,2021/02/11 00:00:00+00,Thu 11 Feb 2021,6123,428,0,184932,97104,6,184938,97110,4.37411039793151,2.29682304741659,277
-7.6926,53.28823,2021/02/12 00:00:00+00,Fri 12 Feb 2021,4351,513,0,189283,97617,6,189289,97623,4.47701923408957,2.30895640364483,278
-7.6926,53.28823,2021/02/13 00:00:00+00,Sat 13 Feb 2021,1177,1908,0,190460,99525,6,190466,99531,4.50485736329161,2.35408397417795,279
-7.6926,53.28823,2021/02/14 00:00:00+00,Sun 14 Feb 2021,2669,16,0,193129,99541,6,193135,99547,4.56798392815161,2.35446240244238,280
-7.6926,53.28823,2021/02/15 00:00:00+00,Mon 15 Feb 2021,1919,7860,0,195048,107401,6,195054,107407,4.61337166811652,2.54036528734295,281
-7.6926,53.28823,2021/02/16 00:00:00+00,Tue 16 Feb 2021,5590,8137,0,200638,115538,6,200644,115544,4.74558504300128,2.73281971157144,282
-7.6926,53.28823,2021/02/17 00:00:00+00,Wed 17 Feb 2021,9693,8453,0,210331,123991,6,210337,123997,4.97484161594545,2.93274809402239,283
-7.6926,53.28823,2021/02/18 00:00:00+00,Thu 18 Feb 2021,8419,8321,0,218750,132312,6,218756,132318,5.1739658383345,3.12955444329181,284
-7.6926,53.28823,2021/02/19 00:00:00+00,Fri 19 Feb 2021,9357,6561,0,228107,138873,6,228113,138879,5.39527541772567,3.28473368347409,285
-7.6926,53.28823,2021/02/20 00:00:00+00,Sat 20 Feb 2021,5849,3557,1,233956,142430,7,233963,142437,5.5336382519074,3.3688866687764,286
-7.6926,53.28823,2021/02/21 00:00:00+00,Sun 21 Feb 2021,1076,1015,4,235032,143445,11,235043,143456,5.55918215975633,3.3929878188672,287
-7.6926,53.28823,2021/02/22 00:00:00+00,Mon 22 Feb 2021,3902,1096,1,238934,144541,12,238946,144553,5.65149500451039,3.41893380674709,288
-7.6926,53.28823,2021/02/23 00:00:00+00,Tue 23 Feb 2021,13313,1050,0,252247,145591,12,252259,145603,5.96637097228155,3.44376816160022,289
-7.6926,53.28823,2021/02/24 00:00:00+00,Wed 24 Feb 2021,16868,2078,2,269115,147669,14,269129,147683,6.3653762735885,3.49296383597594,290
-7.6926,53.28823,2021/02/25 00:00:00+00,Thu 25 Feb 2021,17994,1732,1,287109,149401,15,287124,149416,6.79098981223809,3.53395234736687,291
-7.6926,53.28823,2021/02/26 00:00:00+00,Fri 26 Feb 2021,16021,2740,0,303130,152141,15,303145,152156,7.16991476376379,3.59875818765028,292
-7.6926,53.28823,2021/02/27 00:00:00+00,Sat 27 Feb 2021,8931,696,1,312061,152837,16,312077,152853,7.38117234238108,3.61524346891945,293
-7.6926,53.28823,2021/02/28 00:00:00+00,Sun 28 Feb 2021,2412,45,1,314473,152882,17,314490,152899,7.43824405501022,3.61633145017968,294
-7.6926,53.28823,2021/03/01 00:00:00+00,Mon 01 Mar 2021,5523,773,0,319996,153655,17,320013,153672,7.56887276153769,3.63461426570489,295
-7.6926,53.28823,2021/03/02 00:00:00+00,Tue 02 Mar 2021,12114,1589,0,332110,155244,17,332127,155261,7.85539026124322,3.67219692271596,296
-7.6926,53.28823,2021/03/03 00:00:00+00,Wed 03 Mar 2021,12768,1482,1,344878,156726,18,344896,156744,8.15739966802381,3.70727249247519,297
-7.6926,53.28823,2021/03/04 00:00:00+00,Thu 04 Mar 2021,18637,1669,0,363515,158395,18,363533,158413,8.59819764078359,3.7467472908084,298
-7.6926,53.28823,2021/03/05 00:00:00+00,Fri 05 Mar 2021,18350,2374,1,381865,160769,19,381884,160788,9.03223120831672,3.80292023630953,299
-7.6926,53.28823,2021/03/06 00:00:00+00,Sat 06 Mar 2021,10357,124,0,392222,160893,19,392241,160912,9.27719255423468,3.80585305535885,300
-7.6926,53.28823,2021/03/07 00:00:00+00,Sun 07 Mar 2021,1475,6,0,393697,160899,19,393716,160918,9.3120789098617,3.80599496595801,301
-7.6926,53.28823,2021/03/08 00:00:00+00,Mon 08 Mar 2021,6576,1476,1,400273,162375,20,400293,162395,9.4676365783084,3.84092862511808,302
-7.6926,53.28823,2021/03/09 00:00:00+00,Tue 09 Mar 2021,13716,3079,2,413989,165454,22,414011,165476,9.79209151152291,3.91379971778712,303
-7.6926,53.28823,2021/03/10 00:00:00+00,Wed 10 Mar 2021,13621,3961,0,427610,169415,22,427632,169437,10.1142522233843,4.00748436499974,304
-7.6926,53.28823,2021/03/11 00:00:00+00,Thu 11 Mar 2021,18354,2075,0,445964,171490,22,445986,171512,10.548356746217,4.05656178054283,305
-7.6926,53.28823,2021/03/12 00:00:00+00,Fri 12 Mar 2021,17212,1313,2,463176,172803,24,463200,172827,10.9554982552092,4.08766385352556,306
-7.6926,53.28823,2021/03/13 00:00:00+00,Sat 13 Mar 2021,8209,158,0,471385,172961,24,471409,172985,11.1496556066276,4.09140083263679,307
-7.6926,53.28823,2021/03/14 00:00:00+00,Sun 14 Mar 2021,324,9,1,471709,172970,25,471734,172995,11.1573424307488,4.09163735030206,308
-7.6926,53.28823,2021/03/15 00:00:00+00,Mon 15 Mar 2021,2534,967,0,474243,173937,25,474268,173962,11.2172760071277,4.11450860853346,309
-7.6926,53.28823,2021/03/16 00:00:00+00,Tue 16 Mar 2021,8841,3784,0,483084,177721,25,483109,177746,11.426381274991,4.20400689307084,310
-7.6926,53.28823,2021/03/17 00:00:00+00,Wed 17 Mar 2021,4808,2383,4,487892,180104,29,487921,180133,11.540193575518,4.26046365977028,311
-7.6926,53.28823,2021/03/18 00:00:00+00,Thu 18 Mar 2021,11601,4654,1,499493,184758,30,499523,184788,11.8146013707618,4.37056263295249,312
-7.6926,53.28823,2021/03/19 00:00:00+00,Fri 19 Mar 2021,10224,6092,1,509717,190850,31,509748,190881,12.0564406834982,4.51467284640023,313
-7.6926,53.28823,2021/03/20 00:00:00+00,Sat 20 Mar 2021,5115,3089,0,514832,193939,31,514863,193970,12.1774194692827,4.58773315320148,314
-7.6926,53.28823,2021/03/21 00:00:00+00,Sun 21 Mar 2021,3547,40,0,518379,193979,31,518410,194010,12.2613122851533,4.58867922386255,315
-7.6926,53.28823,2021/03/22 00:00:00+00,Mon 22 Mar 2021,7289,2368,0,525668,196347,31,525699,196378,12.433710011367,4.64468660699799,316
-7.6926,53.28823,2021/03/23 00:00:00+00,Tue 23 Mar 2021,12428,7353,1,538096,203700,32,538128,203732,12.7276778175285,4.818621698036,317
-7.6926,53.28823,2021/03/24 00:00:00+00,Wed 24 Mar 2021,13492,9738,0,551588,213438,32,551620,213470,13.046787451508,5.04894260047389,318
-7.6926,53.28823,2021/03/25 00:00:00+00,Thu 25 Mar 2021,20729,10178,2,572317,223616,34,572351,223650,13.5371122233748,5.28971758371661,319
-7.6926,53.28823,2021/03/26 00:00:00+00,Fri 26 Mar 2021,19560,9426,1,591877,233042,35,591912,233077,13.9997644284054,5.51268278676466,320
-7.6926,53.28823,2021/03/27 00:00:00+00,Sat 27 Mar 2021,11605,5297,1,603482,238339,36,603518,238375,14.2742668307153,5.63798984582359,321
-7.6926,53.28823,2021/03/28 00:00:00+00,Sun 28 Mar 2021,2410,461,0,605892,238800,36,605928,238836,14.3312675880449,5.64889331019244,322
-7.6926,53.28823,2021/03/28 23:00:00+00,Mon 29 Mar 2021,9146,3065,1,615038,241865,37,615075,241902,14.5476102964654,5.72140962636358,323
-7.6926,53.28823,2021/03/29 23:00:00+00,Tue 30 Mar 2021,13199,8612,1,628237,250477,38,628275,250515,14.8598136146191,5.92512229145883,324
-7.6926,53.28823,2021/03/30 23:00:00+00,Wed 31 Mar 2021,15643,10425,0,643880,260902,38,643918,260940,15.2297981983976,6.17169195750061,325
-7.6926,53.28823,2021/03/31 23:00:00+00,Thu 01 Apr 2021,19546,11540,0,663426,272442,38,663464,272480,15.6920956269303,6.44463334321977,326
-7.6926,53.28823,2021/04/01 23:00:00+00,Fri 02 Apr 2021,20011,13672,2,683437,286114,40,683477,286154,16.1654384304309,6.7680475987071,327
-7.6926,53.28823,2021/04/02 23:00:00+00,Sat 03 Apr 2021,7432,4588,0,690869,290702,40,690909,290742,16.341218359258,6.87656190353201,328
-7.6926,53.28823,2021/04/03 23:00:00+00,Sun 04 Apr 2021,2935,151,0,693804,290853,40,693844,290893,16.4106362940142,6.88013332027756,329
-7.6926,53.28823,2021/04/04 23:00:00+00,Mon 05 Apr 2021,3327,571,1,697131,291424,41,697172,291465,16.4893493730153,6.89366213073088,330
-7.6926,53.28823,2021/04/05 23:00:00+00,Tue 06 Apr 2021,11834,8108,2,708965,299532,43,709008,299575,16.7692916816264,7.08547795726315,331
-7.6926,53.28823,2021/04/06 23:00:00+00,Wed 07 Apr 2021,18185,10415,1,727150,309947,44,727194,309991,17.1994227076826,7.3318347574062,332
-7.6926,53.28823,2021/04/07 23:00:00+00,Thu 08 Apr 2021,20022,10493,1,747172,320440,45,747217,320485,17.6730020288485,7.58003639533833,333
-7.6926,53.28823,2021/04/08 23:00:00+00,Fri 09 Apr 2021,20564,9091,2,767736,329531,47,767783,329578,18.1594242592385,7.79510190836643,334
-7.6926,53.28823,2021/04/09 23:00:00+00,Sat 10 Apr 2021,11030,4130,3,778766,333661,50,778816,333711,18.4203741993286,7.89285465942166,335
-7.6926,53.28823,2021/04/10 23:00:00+00,Sun 11 Apr 2021,2781,316,0,781547,333977,50,781597,334027,18.4861497620396,7.90032861764412,336
-7.6926,53.28823,2021/04/11 23:00:00+00,Mon 12 Apr 2021,7651,2716,3,789198,336693,53,789251,336746,18.6671803830356,7.96463777083047,337
-7.6926,53.28823,2021/04/12 23:00:00+00,Tue 13 Apr 2021,11380,8522,0,800578,345215,53,800631,345268,18.9363374861105,8.16619812517177,338
-7.6926,53.28823,2021/04/13 23:00:00+00,Wed 14 Apr 2021,20202,6533,2,820780,351748,55,820835,351803,19.4141977770178,8.32076241942434,339
-7.6926,53.28823,2021/04/14 23:00:00+00,Thu 15 Apr 2021,26967,10718,1,847747,362466,56,847803,362522,20.0520386167122,8.57428570482501,340
-7.6926,53.28823,2021/04/15 23:00:00+00,Fri 16 Apr 2021,27815,9757,1,875562,372223,57,875619,372280,20.7099361544214,8.80507964259343,341
-7.6926,53.28823,2021/04/16 23:00:00+00,Sat 17 Apr 2021,15706,4487,1,891268,376710,58,891326,376768,21.0814344512577,8.91122877076566,342
-7.6926,53.28823,2021/04/17 23:00:00+00,Sun 18 Apr 2021,989,437,0,892257,377147,58,892315,377205,21.1048260483527,8.92156459273787,343
-7.6926,53.28823,2021/04/18 23:00:00+00,Mon 19 Apr 2021,6624,2180,0,898881,379327,58,898939,379385,21.2614953498262,8.97312544376627,344
-7.6926,53.28823,2021/04/19 23:00:00+00,Tue 20 Apr 2021,14934,7236,0,913815,386563,58,913873,386621,21.6147108311373,9.14426962635412,345
-7.6926,53.28823,2021/04/20 23:00:00+00,Wed 21 Apr 2021,26529,9772,0,940344,396335,58,940402,396393,22.2421685453265,9.37539468885392,346
-7.6926,53.28823,2021/04/21 23:00:00+00,Thu 22 Apr 2021,31470,12088,0,971814,408423,58,971872,408481,22.9864896379246,9.66129724262975,347
