X,Y,VaccinationDate,VaccineText,Dose1,Dose2,SingleDose,Dose1Cum,Dose2Cum,SingleDoseCum,PartiallyVacc,FullyVacc,PartialPercent,FullyPercent,ObjectId
-7.6926,53.28823,2020/12/28 00:00:00+00,Mon 28 Dec 2020,297,23,4,297,23,4,301,27,0.00590169578660095,0.000529387994146929,1
-7.6926,53.28823,2020/12/29 00:00:00+00,Tue 29 Dec 2020,81,3,0,378,26,4,382,30,0.00748985976904174,0.000588208882385477,2
-7.6926,53.28823,2020/12/30 00:00:00+00,Wed 30 Dec 2020,1066,2,0,1444,28,4,1448,32,0.0283908820564724,0.000627422807877842,3
-7.6926,53.28823,2020/12/31 00:00:00+00,Thu 31 Dec 2020,1042,2,0,2486,30,4,2490,34,0.0488213372379946,0.000666636733370208,4
-7.6926,53.28823,2021/01/01 00:00:00+00,Fri 01 Jan 2021,835,1,0,3321,31,4,3325,35,0.0651931511310571,0.00068624369611639,5
-7.6926,53.28823,2021/01/02 00:00:00+00,Sat 02 Jan 2021,1021,0,0,4342,31,4,4346,35,0.0852118600949095,0.00068624369611639,6
-7.6926,53.28823,2021/01/03 00:00:00+00,Sun 03 Jan 2021,26,3,1,4368,34,5,4373,39,0.0857412480890564,0.00076467154710112,7
-7.6926,53.28823,2021/01/04 00:00:00+00,Mon 04 Jan 2021,1198,5,0,5566,39,5,5571,44,0.109230389458983,0.000862706360832033,8
-7.6926,53.28823,2021/01/05 00:00:00+00,Tue 05 Jan 2021,3546,14,0,9112,53,5,9117,58,0.178756679356947,0.00113720383927859,9
-7.6926,53.28823,2021/01/06 00:00:00+00,Wed 06 Jan 2021,6798,14,0,15910,67,5,15915,72,0.312044812105496,0.00141170131772515,10
-7.6926,53.28823,2021/01/07 00:00:00+00,Thu 07 Jan 2021,11743,9,0,27653,76,5,27658,81,0.542289375633918,0.00158816398244079,11
-7.6926,53.28823,2021/01/08 00:00:00+00,Fri 08 Jan 2021,12692,8,0,40345,84,5,40350,89,0.791140946808467,0.00174501968441025,12
-7.6926,53.28823,2021/01/09 00:00:00+00,Sat 09 Jan 2021,8083,7,0,48428,91,5,48433,96,0.949624026685861,0.00188226842363353,13
-7.6926,53.28823,2021/01/10 00:00:00+00,Sun 10 Jan 2021,4790,6,1,53218,97,6,53224,103,1.04356098520282,0.00201951716285681,14
-7.6926,53.28823,2021/01/11 00:00:00+00,Mon 11 Jan 2021,8356,8,0,61574,105,6,61580,111,1.20739676590992,0.00217637286482627,15
-7.6926,53.28823,2021/01/12 00:00:00+00,Tue 12 Jan 2021,8902,15,0,70476,120,6,70482,126,1.38193794827644,0.002470477306019,16
-7.6926,53.28823,2021/01/13 00:00:00+00,Wed 13 Jan 2021,9909,6,0,80385,126,6,80391,132,1.57622334212836,0.0025881190824961,17
-7.6926,53.28823,2021/01/14 00:00:00+00,Thu 14 Jan 2021,8102,6,0,88487,132,6,88493,138,1.73507895429793,0.00270576085897319,18
-7.6926,53.28823,2021/01/15 00:00:00+00,Fri 15 Jan 2021,7708,5,0,96195,137,6,96201,143,1.88620942314551,0.00280379567270411,19
-7.6926,53.28823,2021/01/16 00:00:00+00,Sat 16 Jan 2021,5249,3,0,101444,140,6,101450,146,1.98912637060022,0.00286261656094266,20
-7.6926,53.28823,2021/01/17 00:00:00+00,Sun 17 Jan 2021,1117,5,0,102561,145,6,102567,151,2.01102734798771,0.00296065137467357,21
-7.6926,53.28823,2021/01/18 00:00:00+00,Mon 18 Jan 2021,8733,9,1,111294,154,7,111301,161,2.18227456061287,0.00315672100213539,22
-7.6926,53.28823,2021/01/19 00:00:00+00,Tue 19 Jan 2021,8401,21,0,119695,175,7,119702,182,2.34699265464355,0.00356846721980523,23
-7.6926,53.28823,2021/01/20 00:00:00+00,Wed 20 Jan 2021,8460,966,0,128155,1141,7,128162,1148,2.51286755947625,0.0225087932326176,24
-7.6926,53.28823,2021/01/21 00:00:00+00,Thu 21 Jan 2021,9026,967,0,137181,2108,7,137188,2115,2.68984000522329,0.0414687262081761,25
-7.6926,53.28823,2021/01/22 00:00:00+00,Fri 22 Jan 2021,6802,972,0,143983,3080,7,143990,3087,2.82320656582283,0.0605266939974656,26
-7.6926,53.28823,2021/01/23 00:00:00+00,Sat 23 Jan 2021,4201,461,0,148184,3541,7,148191,3548,2.90557541631954,0.0695655038234558,27
-7.6926,53.28823,2021/01/24 00:00:00+00,Sun 24 Jan 2021,1191,400,0,149375,3941,7,149382,3948,2.92892730895025,0.0774082889219288,28
-7.6926,53.28823,2021/01/25 00:00:00+00,Mon 25 Jan 2021,1378,1296,0,150753,5237,7,150760,5244,2.95594570361448,0.102818912640981,29
-7.6926,53.28823,2021/01/26 00:00:00+00,Tue 26 Jan 2021,1013,3508,0,151766,8745,7,151773,8752,2.97580755687637,0.17160013795459,30
-7.6926,53.28823,2021/01/27 00:00:00+00,Wed 27 Jan 2021,2195,6712,0,153961,15457,7,153968,15464,3.01884484010424,0.303202071906967,31
-7.6926,53.28823,2021/01/28 00:00:00+00,Thu 28 Jan 2021,1028,11545,0,154989,27002,7,154996,27009,3.03900079780731,0.529564456811645,32
-7.6926,53.28823,2021/01/29 00:00:00+00,Fri 29 Jan 2021,1598,11527,0,156587,38529,7,156594,38536,3.07033272427571,0.755573916386892,33
-7.6926,53.28823,2021/01/30 00:00:00+00,Sat 30 Jan 2021,660,7796,0,157247,46325,7,157254,46332,3.08327331968819,0.908429797956131,34
-7.6926,53.28823,2021/01/31 00:00:00+00,Sun 31 Jan 2021,241,4088,0,157488,50413,7,157495,50420,3.08799859771002,0.988583061662525,35
-7.6926,53.28823,2021/02/01 00:00:00+00,Mon 01 Feb 2021,1047,8339,1,158535,58752,8,158543,58760,3.10854669466802,1.15210513096569,36
-7.6926,53.28823,2021/02/02 00:00:00+00,Tue 02 Feb 2021,854,5113,1,159389,63865,9,159398,63874,3.12531064781601,1.25237513844967,37
-7.6926,53.28823,2021/02/03 00:00:00+00,Wed 03 Feb 2021,1416,6874,0,160805,70739,9,160814,70748,3.1530741070646,1.38715340036692,38
-7.6926,53.28823,2021/02/04 00:00:00+00,Thu 04 Feb 2021,1460,10543,1,162265,81282,10,162275,81292,3.18171987963678,1.59388921556267,39
-7.6926,53.28823,2021/02/05 00:00:00+00,Fri 05 Feb 2021,3411,8616,0,165676,89898,10,165686,89908,3.24859922956401,1.76282280658378,40
-7.6926,53.28823,2021/02/06 00:00:00+00,Sat 06 Feb 2021,916,3871,0,166592,93769,10,166602,93779,3.26655920743951,1.83872135937426,41
-7.6926,53.28823,2021/02/07 00:00:00+00,Sun 07 Feb 2021,341,1300,2,166933,95069,12,166945,95081,3.27328439566145,1.86424962486979,42
-7.6926,53.28823,2021/02/08 00:00:00+00,Mon 08 Feb 2021,1197,883,0,168130,95952,12,168142,95964,3.29675393006863,1.88156257297466,43
-7.6926,53.28823,2021/02/09 00:00:00+00,Tue 09 Feb 2021,4279,556,3,172409,96508,15,172424,96523,3.38071094454778,1.89252286514978,44
-7.6926,53.28823,2021/02/10 00:00:00+00,Wed 10 Feb 2021,8839,587,0,181248,97095,15,181263,97110,3.55401688826129,1.90403215228179,45
-7.6926,53.28823,2021/02/11 00:00:00+00,Thu 11 Feb 2021,6209,453,0,187457,97548,15,187472,97563,3.67575651995234,1.91291410640581,46
-7.6926,53.28823,2021/02/12 00:00:00+00,Fri 12 Feb 2021,4409,528,0,191866,98076,15,191881,98091,3.76220361870026,1.92326658273579,47
-7.6926,53.28823,2021/02/13 00:00:00+00,Sat 13 Feb 2021,1227,1919,0,193093,99995,15,193108,100010,3.78626136198982,1.96089234424572,48
-7.6926,53.28823,2021/02/14 00:00:00+00,Sun 14 Feb 2021,2712,29,0,195805,100024,15,195820,100039,3.83943544495747,1.96146094616536,49
-7.6926,53.28823,2021/02/15 00:00:00+00,Mon 15 Feb 2021,1979,7898,0,197784,107922,15,197799,107937,3.87823762423217,2.11631673793471,50
-7.6926,53.28823,2021/02/16 00:00:00+00,Tue 16 Feb 2021,5665,8171,0,203449,116093,15,203464,116108,3.98931106818929,2.27652523053377,51
-7.6926,53.28823,2021/02/17 00:00:00+00,Wed 17 Feb 2021,9765,8467,0,213214,124560,15,213229,124575,4.18077305940576,2.44253738410569,52
-7.6926,53.28823,2021/02/18 00:00:00+00,Thu 18 Feb 2021,8478,8362,1,221692,132922,16,221708,132938,4.34702049653065,2.60651041355202,53
-7.6926,53.28823,2021/02/19 00:00:00+00,Fri 19 Feb 2021,9406,6595,3,231098,139517,19,231117,139536,4.53150240900948,2.73587715375133,54
-7.6926,53.28823,2021/02/20 00:00:00+00,Sat 20 Feb 2021,5899,3581,2,236997,143098,21,237018,143119,4.6472030961747,2.8061289012709,55
-7.6926,53.28823,2021/02/21 00:00:00+00,Sun 21 Feb 2021,1121,1026,7,238118,144124,28,238146,144152,4.6693197501524,2.82638289378771,56
-7.6926,53.28823,2021/02/22 00:00:00+00,Mon 22 Feb 2021,3958,1131,3,242076,145255,31,242107,145286,4.74698292959002,2.84861718954188,57
-7.6926,53.28823,2021/02/23 00:00:00+00,Tue 23 Feb 2021,13381,1074,1,255457,146329,32,255489,146361,5.00936330505944,2.86969467449403,58
-7.6926,53.28823,2021/02/24 00:00:00+00,Wed 24 Feb 2021,16959,2113,6,272416,148442,38,272454,148480,5.34199542804843,2.91124182855319,59
-7.6926,53.28823,2021/02/25 00:00:00+00,Thu 25 Feb 2021,18112,1770,3,290528,150212,41,290569,150253,5.69717555819552,2.94600497350217,60
-7.6926,53.28823,2021/02/26 00:00:00+00,Fri 26 Feb 2021,16101,2783,1,306629,152995,42,306671,153037,6.01288687233456,3.00059075778754,61
-7.6926,53.28823,2021/02/27 00:00:00+00,Sat 27 Feb 2021,9012,707,1,315641,153702,43,315684,153745,6.1896044275659,3.01447248741184,62
-7.6926,53.28823,2021/02/28 00:00:00+00,Sun 28 Feb 2021,2455,61,2,318096,153763,45,318141,153808,6.23777873503327,3.01570772606485,63
-7.6926,53.28823,2021/03/01 00:00:00+00,Mon 01 Mar 2021,5645,812,0,323741,154575,45,323786,154620,6.34846003973547,3.03162857981475,64
-7.6926,53.28823,2021/03/02 00:00:00+00,Tue 02 Mar 2021,12219,1623,0,335960,156198,45,336005,156243,6.58803751753108,3.0634506803518,65
-7.6926,53.28823,2021/03/03 00:00:00+00,Wed 03 Mar 2021,12930,1517,1,348890,157715,46,348936,157761,6.84157515280196,3.09321404980051,66
-7.6926,53.28823,2021/03/04 00:00:00+00,Thu 04 Mar 2021,18746,1701,5,367636,159416,51,367687,159467,7.20922531125563,3.1266635282455,67
-7.6926,53.28823,2021/03/05 00:00:00+00,Fri 05 Mar 2021,18481,2409,6,386117,161825,57,386174,161882,7.57169923154431,3.17401434327753,68
-7.6926,53.28823,2021/03/06 00:00:00+00,Sat 06 Mar 2021,10418,153,5,396535,161978,62,396597,162040,7.77606260424777,3.17711224339142,69
-7.6926,53.28823,2021/03/07 00:00:00+00,Sun 07 Mar 2021,1541,19,5,398076,161997,67,398143,162064,7.80637496865337,3.17758281049733,70
-7.6926,53.28823,2021/03/08 00:00:00+00,Mon 08 Mar 2021,6688,1513,6,404764,163510,73,404837,163583,7.93762397727631,3.20736578690878,71
-7.6926,53.28823,2021/03/09 00:00:00+00,Tue 09 Mar 2021,13868,3116,7,418632,166626,80,418712,166706,8.2096705853796,3.26859833156511,72
-7.6926,53.28823,2021/03/10 00:00:00+00,Wed 10 Mar 2021,13767,4009,3,432399,170635,83,432482,170718,8.47965846239453,3.3472614661028,73
-7.6926,53.28823,2021/03/11 00:00:00+00,Thu 11 Mar 2021,18516,2110,4,450915,172745,87,451002,172832,8.84277941245383,3.38871058534823,74
-7.6926,53.28823,2021/03/12 00:00:00+00,Fri 12 Mar 2021,17366,1353,4,468281,174098,91,468372,174189,9.18335235535502,3.4153172337948,75
-7.6926,53.28823,2021/03/13 00:00:00+00,Sat 13 Mar 2021,8342,181,0,476623,174279,91,476714,174370,9.34691363858368,3.41886609405186,76
-7.6926,53.28823,2021/03/14 00:00:00+00,Sun 14 Mar 2021,400,23,3,477023,174302,94,477117,174396,9.35481524457039,3.41937587508326,77
-7.6926,53.28823,2021/03/15 00:00:00+00,Mon 15 Mar 2021,2683,1007,0,479706,175309,94,479800,175403,9.4074207256184,3.43912008656866,78
-7.6926,53.28823,2021/03/16 00:00:00+00,Tue 16 Mar 2021,8980,3834,2,488686,179143,96,488782,179239,9.58353046500461,3.51433239566302,79
-7.6926,53.28823,2021/03/17 00:00:00+00,Wed 17 Mar 2021,4918,2430,8,493604,181573,104,493708,181677,9.68011436349231,3.56213417083821,80
-7.6926,53.28823,2021/03/18 00:00:00+00,Thu 18 Mar 2021,11761,4695,8,505365,186268,112,505477,186380,9.91086870805213,3.65434571663351,81
-7.6926,53.28823,2021/03/19 00:00:00+00,Fri 19 Mar 2021,10401,6146,2,515766,192414,114,515880,192528,10.1148399415007,3.77488932359704,82
-7.6926,53.28823,2021/03/20 00:00:00+00,Sat 20 Mar 2021,5268,3131,4,521034,195545,118,521152,195663,10.2182078490985,3.83635715180632,83
-7.6926,53.28823,2021/03/21 00:00:00+00,Sun 21 Mar 2021,3661,59,3,524695,195604,121,524816,195725,10.2900477606006,3.83757278349658,84
-7.6926,53.28823,2021/03/22 00:00:00+00,Mon 22 Mar 2021,7438,2425,1,532133,198029,122,532255,198151,10.4359039564694,3.88513927511882,85
-7.6926,53.28823,2021/03/23 00:00:00+00,Tue 23 Mar 2021,12584,7414,6,544717,205443,128,544845,205571,10.6827556174438,4.0306229386955,86
-7.6926,53.28823,2021/03/24 00:00:00+00,Wed 24 Mar 2021,13655,9792,2,558372,215235,130,558502,215365,10.9505279076685,4.22265353183161,87
-7.6926,53.28823,2021/03/25 00:00:00+00,Thu 25 Mar 2021,20901,10235,3,579273,225470,133,579406,225603,11.3603918569147,4.42338961642703,88
-7.6926,53.28823,2021/03/26 00:00:00+00,Fri 26 Mar 2021,19725,9516,1,598998,234986,134,599132,235120,11.7471588040459,4.60998908088245,89
-7.6926,53.28823,2021/03/27 00:00:00+00,Sat 27 Mar 2021,11777,5365,3,610775,240351,137,610912,240488,11.9781288251959,4.71523925690395,90
-7.6926,53.28823,2021/03/28 00:00:00+00,Sun 28 Mar 2021,2505,490,0,613280,240841,137,613417,240978,12.0272442668751,4.72484666864958,91
-7.6926,53.28823,2021/03/28 23:00:00+00,Mon 29 Mar 2021,9298,3133,3,622578,243974,140,622718,244114,12.2096086273773,4.78633410382161,92
-7.6926,53.28823,2021/03/29 23:00:00+00,Tue 30 Mar 2021,13356,8685,4,635934,252659,144,636078,252803,12.4715576496663,4.95669900312319,93
-7.6926,53.28823,2021/03/30 23:00:00+00,Wed 31 Mar 2021,15863,10521,4,651797,263180,148,651945,263328,12.78266132756,5.16306228602676,94
-7.6926,53.28823,2021/03/31 23:00:00+00,Thu 01 Apr 2021,19742,11598,9,671539,274778,157,671696,274935,13.1699184487598,5.39064030262171,95
-7.6926,53.28823,2021/04/01 23:00:00+00,Fri 02 Apr 2021,20169,13731,9,691708,288509,166,691874,288675,13.5655477430523,5.66003997075425,96
-7.6926,53.28823,2021/04/02 23:00:00+00,Sat 03 Apr 2021,7565,4644,7,699273,293153,173,699446,293326,13.7140116649664,5.75123195448675,97
-7.6926,53.28823,2021/04/03 23:00:00+00,Sun 04 Apr 2021,3051,176,3,702324,293329,176,702500,293505,13.7738913291933,5.75474160081832,98
-7.6926,53.28823,2021/04/04 23:00:00+00,Mon 05 Apr 2021,3459,619,6,705783,293948,182,705965,294130,13.8418294551088,5.76699595253468,99
-7.6926,53.28823,2021/04/05 23:00:00+00,Tue 06 Apr 2021,12023,8162,14,717806,302110,196,718002,302306,14.0778384656846,5.92730247994747,100
-7.6926,53.28823,2021/04/06 23:00:00+00,Wed 07 Apr 2021,18390,10500,12,736196,312610,208,736404,312818,14.4386457941398,6.13341087233534,101
-7.6926,53.28823,2021/04/07 23:00:00+00,Thu 08 Apr 2021,20208,10588,18,756404,323198,226,756630,323424,14.8352162226441,6.34136231922135,102
-7.6926,53.28823,2021/04/08 23:00:00+00,Fri 09 Apr 2021,20690,9174,16,777094,332372,242,777336,332614,15.2411979932666,6.52155030685877,103
-7.6926,53.28823,2021/04/09 23:00:00+00,Sat 10 Apr 2021,11195,4192,12,788289,336564,254,788543,336818,15.460933224763,6.60397797824372,104
-7.6926,53.28823,2021/04/10 23:00:00+00,Sun 11 Apr 2021,2878,371,9,791167,336935,263,791430,337198,15.5175385262113,6.61142862408727,105
-7.6926,53.28823,2021/04/11 23:00:00+00,Mon 12 Apr 2021,7800,2811,14,798967,339746,277,799244,340023,15.6707473331099,6.66681829384524,106
-7.6926,53.28823,2021/07/27 23:00:00+00,Wed 28 Jul 2021,23461,25332,3265,3111104,2553814,215655,3326759,2769469,65.2276397785276,54.3008755097075,107
-7.6926,53.28823,2021/07/28 23:00:00+00,Thu 29 Jul 2021,19307,27905,2966,3130411,2581719,218621,3349032,2800340,65.6643456597733,54.9061620566449,108
-7.6926,53.28823,2021/07/29 23:00:00+00,Fri 30 Jul 2021,21983,22984,2125,3152394,2604703,220746,3373140,2825449,66.1370303176583,55.3984732842388,109
-7.6926,53.28823,2021/07/30 23:00:00+00,Sat 31 Jul 2021,13773,12517,907,3166167,2617220,221653,3387820,2838873,66.4248605307722,55.6616771521436,110
-7.6926,53.28823,2021/07/31 23:00:00+00,Sun 01 Aug 2021,11168,9373,370,3177335,2626593,222023,3399358,2848616,66.6510856669377,55.8527077901796,111
-7.6926,53.28823,2021/08/01 23:00:00+00,Mon 02 Aug 2021,15050,16078,431,3192385,2642671,222454,3414839,2865125,66.9546210572114,56.1763991381563,112
-7.6926,53.28823,2021/08/02 23:00:00+00,Tue 03 Aug 2021,17367,25473,1111,3209752,2668144,223565,3433317,2891709,67.3169185148353,56.6976306358009,113
-7.6926,53.28823,2021/08/03 23:00:00+00,Wed 04 Aug 2021,22152,17350,1576,3231904,2685494,225141,3457045,2910635,67.7821525268767,57.0687120127351,114
-7.6926,53.28823,2021/08/04 23:00:00+00,Thu 05 Aug 2021,13566,30088,1421,3245470,2715582,226562,3472032,2942144,68.0760020775538,57.6865078019046,115
-7.6926,53.28823,2021/08/05 23:00:00+00,Fri 06 Aug 2021,12243,24781,949,3257713,2740363,227511,3485224,2967874,68.3346571301014,58.1909949533639,116
-7.6926,53.28823,2021/08/06 23:00:00+00,Sat 07 Aug 2021,6353,8495,585,3264066,2748858,228096,3492162,2976954,68.4706902376344,58.3690261750992,117
-7.6926,53.28823,2021/08/07 23:00:00+00,Sun 08 Aug 2021,8638,12009,153,3272704,2760867,228249,3500953,2989116,68.6430550471361,58.6074860560183,118
-7.6926,53.28823,2021/08/08 23:00:00+00,Mon 09 Aug 2021,5573,23062,601,3278277,2783929,228850,3507127,3012779,68.764108435131,59.0714456154812,119
-7.6926,53.28823,2021/08/09 23:00:00+00,Tue 10 Aug 2021,9387,26047,718,3287664,2809976,229568,3517232,3039544,68.9622367936812,59.5962259733828,120
-7.6926,53.28823,2021/08/10 23:00:00+00,Wed 11 Aug 2021,7047,31262,668,3294711,2841238,230236,3524947,3071474,69.113504511268,60.2222762938684,121
-7.6926,53.28823,2021/08/11 23:00:00+00,Thu 12 Aug 2021,6799,38324,865,3301510,2879562,231101,3532611,3110663,69.2637722737548,60.9906535569285,122
-7.6926,53.28823,2021/08/12 23:00:00+00,Fri 13 Aug 2021,10958,28254,875,3312468,2907816,231976,3544444,3139792,69.4957814639304,61.5617847747621,123
-7.6926,53.28823,2021/08/13 23:00:00+00,Sat 14 Aug 2021,18156,5868,281,3330624,2913684,232257,3562881,3145941,69.8572750360817,61.6823479886883,124
-7.6926,53.28823,2021/08/14 23:00:00+00,Sun 15 Aug 2021,17009,3745,54,3347633,2917429,232311,3579944,3149740,70.1918286414198,61.7568348401611,125
-7.6926,53.28823,2021/08/15 23:00:00+00,Mon 16 Aug 2021,10210,23188,386,3357843,2940617,232697,3590540,3173314,70.3995840186784,62.2190493799396,126
-7.6926,53.28823,2021/08/16 23:00:00+00,Tue 17 Aug 2021,12887,26891,532,3370730,2967508,233229,3603959,3200737,70.6626898517694,62.7567311193282,127
-7.6926,53.28823,2021/08/17 23:00:00+00,Wed 18 Aug 2021,15253,25805,659,3385983,2993313,233888,3619871,3227201,70.9746758429867,63.2756097814431,128
-7.6926,53.28823,2021/08/18 23:00:00+00,Thu 19 Aug 2021,11384,25751,545,3397367,3019064,234433,3631800,3253497,71.2085673015859,63.7911944738168,129
-7.6926,53.28823,2021/08/19 23:00:00+00,Fri 20 Aug 2021,14873,22299,686,3412240,3041363,235119,3647359,3276482,71.5136320349537,64.2418605125378,130
-7.6926,53.28823,2021/08/20 23:00:00+00,Sat 21 Aug 2021,11920,8009,246,3424160,3049372,235365,3659525,3284737,71.7521703437238,64.4037159900075,131
-7.6926,53.28823,2021/08/21 23:00:00+00,Sun 22 Aug 2021,8011,12269,162,3432171,3061641,235527,3667698,3297168,71.9124180502483,64.6474501439053,132
-7.6926,53.28823,2021/08/22 23:00:00+00,Mon 23 Aug 2021,10894,15426,294,3443065,3077067,235821,3678886,3312888,72.1317807494526,64.9556715982753,133
-7.6926,53.28823,2021/08/23 23:00:00+00,Tue 24 Aug 2021,9728,22949,384,3452793,3100016,236205,3688998,3336221,72.330046356742,65.413160860032,134
-7.6926,53.28823,2021/08/24 23:00:00+00,Wed 25 Aug 2021,9426,19564,318,3462219,3119580,236523,3698742,3356103,72.5210966017408,65.8029864933516,135
-7.6926,53.28823,2021/08/25 23:00:00+00,Thu 26 Aug 2021,8608,19471,370,3470827,3139051,236893,3707720,3375944,72.697127913276,66.1920082411986,136
-7.6926,53.28823,2021/08/26 23:00:00+00,Fri 27 Aug 2021,9740,19255,432,3480567,3158306,237325,3717892,3395631,72.8965699383302,66.5780105167827,137
-7.6926,53.28823,2021/08/27 23:00:00+00,Sat 28 Aug 2021,9939,7953,155,3490506,3166259,237480,3727986,3403739,73.0944826202902,66.7369837707287,138
-7.6926,53.28823,2021/08/28 23:00:00+00,Sun 29 Aug 2021,8808,9208,30,3499314,3175467,237510,3736824,3412977,73.2677689570409,66.918112892578,139
-7.6926,53.28823,2021/08/29 23:00:00+00,Mon 30 Aug 2021,5077,11182,85,3504391,3186649,237595,3741986,3424244,73.3689800987367,67.1390245418392,140
-7.6926,53.28823,2021/08/30 23:00:00+00,Tue 31 Aug 2021,4088,12927,146,3508479,3199576,237741,3746220,3437317,73.4519959790041,67.39534636582,141
-7.6926,53.28823,2021/08/31 23:00:00+00,Wed 01 Sep 2021,5011,12585,184,3513490,3212161,237925,3751415,3450086,73.5538541504705,67.6457076731261,142
-7.6926,53.28823,2021/09/01 23:00:00+00,Thu 02 Sep 2021,5017,12399,249,3518507,3224560,238174,3756681,3462734,73.6571044162919,67.8936965379398,143
-7.6926,53.28823,2021/09/02 23:00:00+00,Fri 03 Sep 2021,4790,16126,167,3523297,3240686,238341,3761638,3479027,73.7542961306247,68.2131527819633,144
-7.6926,53.28823,2021/09/03 23:00:00+00,Sat 04 Sep 2021,4635,10601,136,3527932,3251287,238477,3766409,3489764,73.8478409498868,68.4236727409691,145
-7.6926,53.28823,2021/09/04 23:00:00+00,Sun 05 Sep 2021,5310,11916,1,3533242,3263203,238478,3771720,3501681,73.9519735290317,68.6573289160153,146
-7.6926,53.28823,2021/09/05 23:00:00+00,Mon 06 Sep 2021,2175,9715,76,3535417,3272918,238554,3773971,3511472,73.9961088021734,68.8493006882632,147
-7.6926,53.28823,2021/09/06 23:00:00+00,Tue 07 Sep 2021,3044,10053,162,3538461,3282971,238716,3777177,3521687,74.0589687247377,69.0495858127155,148
-7.6926,53.28823,2021/09/07 23:00:00+00,Wed 08 Sep 2021,2617,14829,191,3541078,3297800,238907,3779985,3536707,74.1140250761289,69.3440823931631,149
-7.6926,53.28823,2021/09/08 23:00:00+00,Thu 09 Sep 2021,3133,14851,138,3544211,3312651,239045,3783256,3551696,74.1781594512717,69.6379711577657,150
-7.6926,53.28823,2021/09/09 23:00:00+00,Fri 10 Sep 2021,3399,13965,116,3547610,3326616,239161,3786771,3565777,74.2470779253245,69.9140568001947,151
-7.6926,53.28823,2021/09/10 23:00:00+00,Sat 11 Sep 2021,2571,11356,62,3550181,3337972,239223,3789404,3577195,74.2987030582352,70.1379291008306,152
-7.6926,53.28823,2021/09/11 23:00:00+00,Sun 12 Sep 2021,2045,12891,1,3552226,3350863,239224,3791450,3590087,74.3388189040139,70.3907020645544,153
-7.6926,53.28823,2021/09/12 23:00:00+00,Mon 13 Sep 2021,1628,7766,52,3553854,3358629,239276,3793130,3597905,74.3717586014275,70.543989299304,154
-7.6926,53.28823,2021/09/13 23:00:00+00,Tue 14 Sep 2021,1562,10809,82,3555416,3369438,239358,3794774,3608796,74.4039924481822,70.7575287305727,155
-7.6926,53.28823,2021/09/14 23:00:00+00,Wed 15 Sep 2021,3295,12393,138,3558711,3381831,239496,3798207,3621327,74.4713031512899,71.0032235807451,156
-7.6926,53.28823,2021/09/15 23:00:00+00,Thu 16 Sep 2021,1923,10592,116,3560634,3392423,239612,3800246,3632035,74.5112817483293,71.2131749378312,157
-7.6926,53.28823,2021/09/16 23:00:00+00,Fri 17 Sep 2021,2567,14636,96,3563201,3407059,239708,3802909,3646767,74.5634950901224,71.502024713008,158
-7.6926,53.28823,2021/09/17 23:00:00+00,Sat 18 Sep 2021,2292,11250,48,3565493,3418309,239756,3805249,3658065,74.6093753829485,71.7235441781144,159
-7.6926,53.28823,2021/09/18 23:00:00+00,Sun 19 Sep 2021,1866,8500,16,3567359,3426809,239772,3807131,3666581,74.6462756868368,71.8905170728608,160
-7.6926,53.28823,2021/09/19 23:00:00+00,Mon 20 Sep 2021,969,5652,35,3568328,3432461,239807,3808135,3672268,74.665961077434,72.0020218699984,161
-7.6926,53.28823,2021/09/20 23:00:00+00,Tue 21 Sep 2021,1480,6697,90,3569808,3439158,239897,3809705,3679055,74.6967440089455,72.1350943261567,162
-7.6926,53.28823,2021/09/21 23:00:00+00,Wed 22 Sep 2021,1904,8178,97,3571712,3447336,239994,3811706,3687330,74.7359775414006,72.2973419428814,163
-7.6926,53.28823,2021/09/22 23:00:00+00,Thu 23 Sep 2021,1693,8747,89,3573405,3456083,240083,3813488,3696166,74.7709171490143,72.4705890657067,164
-7.6926,53.28823,2021/09/23 23:00:00+00,Fri 24 Sep 2021,1917,7414,81,3575322,3463497,240164,3815486,3703661,74.8100918605812,72.6175432514893,165
-7.6926,53.28823,2021/09/24 23:00:00+00,Sat 25 Sep 2021,2428,6625,53,3577750,3470122,240217,3817967,3710339,74.8587367351544,72.7484785487083,166
-7.6926,53.28823,2021/09/25 23:00:00+00,Sun 26 Sep 2021,1549,7105,0,3579299,3477227,240217,3819516,3717444,74.8891079204483,72.8877860190199,167
-7.6926,53.28823,2021/09/26 23:00:00+00,Mon 27 Sep 2021,1181,3851,45,3580480,3481078,240262,3820742,3721340,74.9131460567751,72.9641747458791,168
-7.6926,53.28823,2021/09/27 23:00:00+00,Tue 28 Sep 2021,1459,5165,94,3581939,3486243,240356,3822295,3726599,74.9435956699199,73.0672877629612,169
-7.6926,53.28823,2021/09/28 23:00:00+00,Wed 29 Sep 2021,1657,3646,80,3583596,3489889,240436,3824032,3730325,74.97765296421,73.1403433061535,170
-7.6926,53.28823,2021/09/29 23:00:00+00,Thu 30 Sep 2021,1279,4006,79,3584875,3493895,240515,3825390,3734410,75.0042792196193,73.2204377489717,171
-7.6926,53.28823,2021/09/30 23:00:00+00,Fri 01 Oct 2021,1878,5219,42,3586753,3499114,240557,3827310,3739671,75.041924588092,73.3235899799793,172
-7.6926,53.28823,2021/10/01 23:00:00+00,Sat 02 Oct 2021,1686,4115,41,3588439,3503229,240598,3829037,3743827,75.0757858127547,73.4050765171525,173
-7.6926,53.28823,2021/10/02 23:00:00+00,Sun 03 Oct 2021,1198,3027,9,3589637,3506256,240607,3830244,3746863,75.0994514167893,73.4646032560499,174
-7.6926,53.28823,2021/10/03 23:00:00+00,Mon 04 Oct 2021,353,1249,18,3589990,3507505,240625,3830615,3748130,75.1067255999682,73.4894452778493,175
-7.6926,53.28823,2021/10/04 23:00:00+00,Tue 05 Oct 2021,961,2848,70,3590951,3510353,240695,3831646,3751048,75.1269403785595,73.5466583951427,176
-7.6926,53.28823,2021/10/05 23:00:00+00,Wed 06 Oct 2021,974,2587,40,3591925,3512940,240735,3832660,3753675,75.1468218387841,73.5981658862769,177
-7.6926,53.28823,2021/10/06 23:00:00+00,Thu 07 Oct 2021,1214,2728,44,3593139,3515668,240779,3833918,3756447,75.1714873979188,73.6525163870093,178
-7.6926,53.28823,2021/10/07 23:00:00+00,Fri 08 Oct 2021,917,2767,48,3594056,3518435,240827,3834883,3759262,75.1904081169689,73.7077099871398,179
-7.6926,53.28823,2021/10/08 23:00:00+00,Sat 09 Oct 2021,724,2375,24,3594780,3520810,240851,3835631,3761661,75.205074125103,73.7547470907679,180
-7.6926,53.28823,2021/10/09 23:00:00+00,Sun 10 Oct 2021,1521,3931,3,3596301,3524741,240854,3837155,3765595,75.2349551363282,73.8318808822114,181
-7.6926,53.28823,2021/10/10 23:00:00+00,Mon 11 Oct 2021,336,1153,20,3596637,3525894,240874,3837511,3766768,75.2419352150658,73.8548798495126,182
-7.6926,53.28823,2021/10/11 23:00:00+00,Tue 12 Oct 2021,564,1635,21,3597201,3527529,240895,3838096,3768424,75.2534052882723,73.8873489798203,183
-7.6926,53.28823,2021/10/12 23:00:00+00,Wed 13 Oct 2021,990,2092,11,3598191,3529621,240906,3839097,3770527,75.2730318579813,73.9285824224755,184
-7.6926,53.28823,2021/10/13 23:00:00+00,Thu 14 Oct 2021,656,1626,9,3598847,3531247,240915,3839762,3772162,75.2860704882075,73.9606398065656,185
-7.6926,53.28823,2021/10/14 23:00:00+00,Fri 15 Oct 2021,958,2098,10,3599805,3533345,240925,3840730,3774270,75.3050500281458,74.0019712840345,186
-7.6926,53.28823,2021/10/15 23:00:00+00,Sat 16 Oct 2021,1384,2671,14,3601189,3536016,240939,3842128,3776955,75.332460562065,74.054615979008,187
-7.6926,53.28823,2021/10/16 23:00:00+00,Sun 17 Oct 2021,1709,2895,3,3602898,3538911,240942,3843840,3779853,75.3660276822864,74.1114369570464,188
-7.6926,53.28823,2021/10/17 23:00:00+00,Mon 18 Oct 2021,682,1269,6,3603580,3540180,240948,3844528,3781128,75.3795172726558,74.1364358345478,189
-7.6926,53.28823,2021/10/18 23:00:00+00,Tue 19 Oct 2021,1342,1821,13,3604922,3542001,240961,3845883,3782962,75.4060847071769,74.1723950042243,190
-7.6926,53.28823,2021/10/19 23:00:00+00,Wed 20 Oct 2021,2265,2357,1,3607187,3544358,240962,3848149,3785320,75.4505140847597,74.2186282223798,191
-7.6926,53.28823,2021/10/20 23:00:00+00,Thu 21 Oct 2021,1732,1870,11,3608919,3546228,240973,3849892,3787201,75.4846890208263,74.2555089193054,192
-7.6926,53.28823,2021/10/21 23:00:00+00,Fri 22 Oct 2021,1511,1948,3,3610430,3548176,240976,3851406,3789152,75.514373962424,74.2937621036232,193
-7.6926,53.28823,2021/10/22 23:00:00+00,Sat 23 Oct 2021,2019,1717,1,3612449,3549893,240977,3853426,3790870,75.5539800271713,74.3274468656211,194
-7.6926,53.28823,2021/10/23 23:00:00+00,Sun 24 Oct 2021,1960,2194,2,3614409,3552087,240979,3855388,3793066,75.5924488880793,74.3705037558117,195
-7.6926,53.28823,2021/10/24 23:00:00+00,Mon 25 Oct 2021,1245,872,2,3615654,3552959,240981,3856635,3793940,75.6168987706238,74.3876402412519,196
-7.6926,53.28823,2021/10/25 23:00:00+00,Tue 26 Oct 2021,1246,1249,6,3616900,3554208,240987,3857887,3795195,75.6414466879821,74.4122469794984,197
-7.6926,53.28823,2021/10/26 23:00:00+00,Wed 27 Oct 2021,1570,1442,6,3618470,3555650,240993,3859463,3796643,75.67234726127,74.4406378615548,198
-7.6926,53.28823,2021/10/27 23:00:00+00,Thu 28 Oct 2021,2163,1716,5,3620633,3557366,240998,3861631,3798364,75.7148551565038,74.474381444441,199
-7.6926,53.28823,2021/10/28 23:00:00+00,Fri 29 Oct 2021,2150,1391,3,3622783,3558757,241001,3863784,3799758,75.7570689472963,74.5017135505092,200
-7.6926,53.28823,2021/10/29 23:00:00+00,Sat 30 Oct 2021,2022,1468,1,3624805,3560225,241002,3865807,3801227,75.7967338329318,74.5305161787833,201
-7.6926,53.28823,2021/10/30 23:00:00+00,Sun 31 Oct 2021,1601,1321,0,3626406,3561546,241002,3867408,3802548,75.8281245802885,74.556416976571,202
-7.6926,53.28823,2021/11/01 00:00:00+00,Mon 01 Nov 2021,299,309,2,3626705,3561855,241004,3867709,3802859,75.8340262760751,74.5625147419851,203
-7.6926,53.28823,2021/11/02 00:00:00+00,Tue 02 Nov 2021,1100,1104,10,3627805,3562959,241014,3868819,3803973,75.8557900047233,74.5843568984844,204
-7.6926,53.28823,2021/11/03 00:00:00+00,Wed 03 Nov 2021,2539,1892,7,3630344,3564851,241021,3871365,3805872,75.9057093318751,74.6215905207394,205
-7.6926,53.28823,2021/11/04 00:00:00+00,Thu 04 Nov 2021,1537,1299,2,3631881,3566150,241023,3872904,3807173,75.9358844475415,74.6470991792721,206
-7.6926,53.28823,2021/11/05 00:00:00+00,Fri 05 Nov 2021,1629,1113,5,3633510,3567263,241028,3874538,3808291,75.9679222246687,74.6690197636224,207
-7.6926,53.28823,2021/11/06 00:00:00+00,Sat 06 Nov 2021,1826,1366,6,3635336,3568629,241034,3876370,3809663,76.0038421804197,74.6959205165101,208
-7.6926,53.28823,2021/11/07 00:00:00+00,Sun 07 Nov 2021,700,775,0,3636036,3569404,241034,3877070,3810438,76.0175670543421,74.7111159126384,209
-7.6926,53.28823,2021/11/08 00:00:00+00,Mon 08 Nov 2021,521,541,4,3636557,3569945,241038,3877595,3810983,76.0278607097838,74.7218017073351,210
-7.6926,53.28823,2021/11/09 00:00:00+00,Tue 09 Nov 2021,1375,1077,4,3637932,3571022,241042,3878974,3812064,76.0548987114108,74.7429968340637,211
-7.6926,53.28823,2021/11/10 00:00:00+00,Wed 10 Nov 2021,1602,1373,2,3639534,3572395,241044,3880578,3813439,76.0863482796557,74.7699564078397,212
-7.6926,53.28823,2022/09/24 23:00:00+00,Sun 25 Sep 2022,42,75,0,3861589,3816443,241239,4102828,4057682,80.4439957499948,79.5588198098556,213
-7.6926,53.28823,2022/09/25 23:00:00+00,Mon 26 Sep 2022,20,10,0,3861609,3816453,241239,4102848,4057692,80.4443878892497,79.5590158794831,214
-7.6926,53.28823,2022/09/26 23:00:00+00,Tue 27 Sep 2022,25,33,2,3861634,3816486,241241,4102875,4057727,80.4449172772438,79.5597021231792,215
-7.6926,53.28823,2022/09/27 23:00:00+00,Wed 28 Sep 2022,27,29,0,3861661,3816515,241241,4102902,4057756,80.445446665238,79.5602707250988,216
-7.6926,53.28823,2022/09/28 23:00:00+00,Thu 29 Sep 2022,21,23,0,3861682,3816538,241241,4102923,4057779,80.4458584114556,79.560721685242,217
-7.6926,53.28823,2022/09/29 23:00:00+00,Fri 30 Sep 2022,33,59,0,3861715,3816597,241241,4102956,4057838,80.4465054412263,79.561878496044,218
-7.6926,53.28823,2022/09/30 23:00:00+00,Sat 01 Oct 2022,51,106,0,3861766,3816703,241241,4103007,4057944,80.4475053963263,79.5639568340951,219
-7.6926,53.28823,2022/10/01 23:00:00+00,Sun 02 Oct 2022,26,47,0,3861792,3816750,241241,4103033,4057991,80.4480151773577,79.5648783613442,220
-7.6926,53.28823,2022/10/02 23:00:00+00,Mon 03 Oct 2022,7,1,0,3861799,3816751,241241,4103040,4057992,80.4481524260969,79.5648979683069,221
-7.6926,53.28823,2022/10/03 23:00:00+00,Tue 04 Oct 2022,15,17,0,3861814,3816768,241241,4103055,4058009,80.4484465305381,79.5652312866736,222
-7.6926,53.28823,2022/10/04 23:00:00+00,Wed 05 Oct 2022,33,37,0,3861847,3816805,241241,4103088,4058046,80.4490935603088,79.5659567442952,223
-7.6926,53.28823,2022/10/05 23:00:00+00,Thu 06 Oct 2022,37,28,0,3861884,3816833,241241,4103125,4058074,80.4498190179304,79.5665057392521,224
-7.6926,53.28823,2022/10/06 23:00:00+00,Fri 07 Oct 2022,35,40,0,3861919,3816873,241241,4103160,4058114,80.4505052616265,79.5672900177619,225
-7.6926,53.28823,2022/10/07 23:00:00+00,Sat 08 Oct 2022,94,102,0,3862013,3816975,241241,4103254,4058216,80.4523483161246,79.5692899279621,226
-7.6926,53.28823,2022/10/08 23:00:00+00,Sun 09 Oct 2022,37,29,0,3862050,3817004,241241,4103291,4058245,80.4530737737462,79.5698585298817,227
-7.6926,53.28823,2022/10/09 23:00:00+00,Mon 10 Oct 2022,2,3,0,3862052,3817007,241241,4103293,4058248,80.4531129876717,79.5699173507699,228
-7.6926,53.28823,2022/10/10 23:00:00+00,Tue 11 Oct 2022,38,16,0,3862090,3817023,241241,4103331,4058264,80.4538580522561,79.5702310621739,229
-7.6926,53.28823,2022/10/11 23:00:00+00,Wed 12 Oct 2022,38,36,0,3862128,3817059,241241,4103369,4058300,80.4546031168404,79.5709369128327,230
-7.6926,53.28823,2022/10/12 23:00:00+00,Thu 13 Oct 2022,51,29,0,3862179,3817088,241241,4103420,4058329,80.4556030719405,79.5715055147524,231
-7.6926,53.28823,2022/10/13 23:00:00+00,Fri 14 Oct 2022,69,23,0,3862248,3817111,241241,4103489,4058352,80.45695595237,79.5719564748955,232
-7.6926,53.28823,2022/10/14 23:00:00+00,Sat 15 Oct 2022,89,121,0,3862337,3817232,241241,4103578,4058473,80.4587009720544,79.5743289173878,233
-7.6926,53.28823,2022/10/15 23:00:00+00,Sun 16 Oct 2022,26,37,1,3862363,3817269,241242,4103605,4058511,80.4592303600485,79.5750739819722,234
-7.6926,53.28823,2022/10/16 23:00:00+00,Mon 17 Oct 2022,20,3,0,3862383,3817272,241242,4103625,4058514,80.4596224993035,79.5751328028604,235
-7.6926,53.28823,2022/10/17 23:00:00+00,Tue 18 Oct 2022,49,17,0,3862432,3817289,241242,4103674,4058531,80.460583240478,79.5754661212271,236
-7.6926,53.28823,2022/10/18 23:00:00+00,Wed 19 Oct 2022,45,41,0,3862477,3817330,241242,4103719,4058572,80.4614655538016,79.5762700066997,237
-7.6926,53.28823,2022/10/19 23:00:00+00,Thu 20 Oct 2022,56,10,0,3862533,3817340,241242,4103775,4058582,80.4625635437154,79.5764660763272,238
-7.6926,53.28823,2022/10/20 23:00:00+00,Fri 21 Oct 2022,41,21,0,3862574,3817361,241242,4103816,4058603,80.463367429188,79.5768778225448,239
-7.6926,53.28823,2022/10/21 23:00:00+00,Sat 22 Oct 2022,87,58,0,3862661,3817419,241242,4103903,4058661,80.4650732349469,79.5780150263841,240
-7.6926,53.28823,2022/10/22 23:00:00+00,Sun 23 Oct 2022,79,48,0,3862740,3817467,241242,4103982,4058709,80.4666221850038,79.5789561605959,241
-7.6926,53.28823,2022/10/23 23:00:00+00,Mon 24 Oct 2022,25,4,0,3862765,3817471,241242,4104007,4058713,80.4671123590725,79.5790345884469,242
-7.6926,53.28823,2022/10/24 23:00:00+00,Tue 25 Oct 2022,35,22,0,3862800,3817493,241242,4104042,4058735,80.4677986027686,79.5794659416273,243
-7.6926,53.28823,2022/10/25 23:00:00+00,Wed 26 Oct 2022,25,23,0,3862825,3817516,241242,4104067,4058758,80.4682887768373,79.5799169017705,244
-7.6926,53.28823,2022/10/26 23:00:00+00,Thu 27 Oct 2022,41,35,0,3862866,3817551,241242,4104108,4058793,80.4690926623099,79.5806031454666,245
-7.6926,53.28823,2022/10/27 23:00:00+00,Fri 28 Oct 2022,23,19,0,3862889,3817570,241242,4104131,4058812,80.469543622453,79.5809756777588,246
-7.6926,53.28823,2022/10/28 23:00:00+00,Sat 29 Oct 2022,87,64,0,3862976,3817634,241242,4104218,4058876,80.4712494282119,79.5822305233745,247
-7.6926,53.28823,2022/10/29 23:00:00+00,Sun 30 Oct 2022,11,6,0,3862987,3817640,241242,4104229,4058882,80.4714651048021,79.582348165151,248
-7.6926,53.28823,2022/11/01 00:00:00+00,Tue 01 Nov 2022,45,25,0,3863032,3817665,241242,4104274,4058907,80.4723474181257,79.5828383392197,249
-7.6926,53.28823,2022/11/02 00:00:00+00,Wed 02 Nov 2022,61,14,0,3863093,3817679,241242,4104335,4058921,80.4735434428533,79.5831128366981,250
-7.6926,53.28823,2022/11/03 00:00:00+00,Thu 03 Nov 2022,45,28,0,3863138,3817707,241242,4104380,4058949,80.4744257561768,79.583661831655,251
-7.6926,53.28823,2022/11/04 00:00:00+00,Fri 04 Nov 2022,33,22,0,3863171,3817729,241242,4104413,4058971,80.4750727859475,79.5840931848354,252
-7.6926,53.28823,2022/11/05 00:00:00+00,Sat 05 Nov 2022,34,54,0,3863205,3817783,241242,4104447,4059025,80.4757394226808,79.5851519608237,253
-7.6926,53.28823,2022/11/06 00:00:00+00,Sun 06 Nov 2022,57,78,0,3863262,3817861,241242,4104504,4059103,80.4768570195574,79.5866813039179,254
-7.6926,53.28823,2022/11/07 00:00:00+00,Mon 07 Nov 2022,14,3,0,3863276,3817864,241242,4104518,4059106,80.4771315170358,79.5867401248062,255
-7.6926,53.28823,2022/11/08 00:00:00+00,Tue 08 Nov 2022,17,32,0,3863293,3817896,241242,4104535,4059138,80.4774648354025,79.587367547614,256
-7.6926,53.28823,2022/11/09 00:00:00+00,Wed 09 Nov 2022,35,32,0,3863328,3817928,241242,4104570,4059170,80.4781510790986,79.5879949704219,257
-7.6926,53.28823,2022/11/10 00:00:00+00,Thu 10 Nov 2022,23,15,0,3863351,3817943,241242,4104593,4059185,80.4786020392418,79.5882890748631,258
-7.6926,53.28823,2022/11/11 00:00:00+00,Fri 11 Nov 2022,25,15,0,3863376,3817958,241242,4104618,4059200,80.4790922133104,79.5885831793043,259
-7.6926,53.28823,2022/11/12 00:00:00+00,Sat 12 Nov 2022,69,87,0,3863445,3818045,241242,4104687,4059287,80.4804450937399,79.5902889850632,260
-7.6926,53.28823,2022/11/13 00:00:00+00,Sun 13 Nov 2022,38,62,1,3863483,3818107,241243,4104726,4059350,80.481209765287,79.5915242237162,261
-7.6926,53.28823,2022/11/14 00:00:00+00,Mon 14 Nov 2022,4,2,0,3863487,3818109,241243,4104730,4059352,80.481288193138,79.5915634376417,262
-7.6926,53.28823,2022/11/15 00:00:00+00,Tue 15 Nov 2022,17,8,0,3863504,3818117,241243,4104747,4059360,80.4816215115047,79.5917202933437,263
-7.6926,53.28823,2022/11/16 00:00:00+00,Wed 16 Nov 2022,28,20,0,3863532,3818137,241243,4104775,4059380,80.4821705064616,79.5921124325986,264
-7.6926,53.28823,2022/11/17 00:00:00+00,Thu 17 Nov 2022,29,9,1,3863561,3818146,241244,4104805,4059390,80.482758715344,79.5923085022261,265
-7.6926,53.28823,2022/11/18 00:00:00+00,Fri 18 Nov 2022,15,22,0,3863576,3818168,241244,4104820,4059412,80.4830528197851,79.5927398554065,266
-7.6926,53.28823,2022/11/19 00:00:00+00,Sat 19 Nov 2022,52,57,0,3863628,3818225,241244,4104872,4059469,80.484072381848,79.593857452283,267
-7.6926,53.28823,2022/11/20 00:00:00+00,Sun 20 Nov 2022,39,56,0,3863667,3818281,241244,4104911,4059525,80.4848370533951,79.5949554421968,268
-7.6926,53.28823,2022/11/21 00:00:00+00,Mon 21 Nov 2022,5,3,0,3863672,3818284,241244,4104916,4059528,80.4849350882088,79.595014263085,269
-7.6926,53.28823,2022/11/22 00:00:00+00,Tue 22 Nov 2022,31,22,0,3863703,3818306,241244,4104947,4059550,80.4855429040539,79.5954456162655,270
-7.6926,53.28823,2022/11/23 00:00:00+00,Wed 23 Nov 2022,13,16,0,3863716,3818322,241244,4104960,4059566,80.4857977945696,79.5957593276694,271
-7.6926,53.28823,2022/11/24 00:00:00+00,Thu 24 Nov 2022,17,18,0,3863733,3818340,241244,4104977,4059584,80.4861311129363,79.5961122529988,272
-7.6926,53.28823,2022/11/25 00:00:00+00,Fri 25 Nov 2022,7,11,0,3863740,3818351,241244,4104984,4059595,80.4862683616755,79.596327929589,273
-7.6926,53.28823,2022/11/26 00:00:00+00,Sat 26 Nov 2022,64,63,0,3863804,3818414,241244,4105048,4059658,80.4875232072913,79.5975631682421,274
-7.6926,53.28823,2022/11/27 00:00:00+00,Sun 27 Nov 2022,36,42,0,3863840,3818456,241244,4105084,4059700,80.4882290579502,79.5983866606774,275
-7.6926,53.28823,2022/11/28 00:00:00+00,Mon 28 Nov 2022,4,1,0,3863844,3818457,241244,4105088,4059701,80.4883074858011,79.5984062676401,276
-7.6926,53.28823,2022/11/29 00:00:00+00,Tue 29 Nov 2022,21,18,0,3863865,3818475,241244,4105109,4059719,80.4887192320188,79.5987591929696,277
-7.6926,53.28823,2022/11/30 00:00:00+00,Wed 30 Nov 2022,27,13,0,3863892,3818488,241244,4105136,4059732,80.4892486200129,79.5990140834853,278
-7.6926,53.28823,2022/12/01 00:00:00+00,Thu 01 Dec 2022,17,11,0,3863909,3818499,241244,4105153,4059743,80.4895819383796,79.5992297600755,279
-7.6926,53.28823,2022/12/02 00:00:00+00,Fri 02 Dec 2022,8,18,0,3863917,3818517,241244,4105161,4059761,80.4897387940816,79.5995826854049,280
-7.6926,53.28823,2022/12/03 00:00:00+00,Sat 03 Dec 2022,40,71,0,3863957,3818588,241244,4105201,4059832,80.4905230725914,79.6009747797599,281
-7.6926,53.28823,2022/12/04 00:00:00+00,Sun 04 Dec 2022,41,47,0,3863998,3818635,241244,4105242,4059879,80.491326958064,79.601896307009,282
-7.6926,53.28823,2022/12/05 00:00:00+00,Mon 05 Dec 2022,9,6,0,3864007,3818641,241244,4105251,4059885,80.4915034207288,79.6020139487854,283
-7.6926,53.28823,2022/02/25 00:00:00+00,Fri 25 Feb 2022,693,1229,0,3832448,3751242,241196,4073644,3992438,79.8717861492102,78.2795831324437,284
-7.6926,53.28823,2021/04/12 23:00:00+00,Tue 13 Apr 2021,11538,8600,1,810505,348346,278,810783,348624,15.8969920762381,6.83545778042515,285
-7.6926,53.28823,2022/12/06 00:00:00+00,Tue 06 Dec 2022,25,30,0,3864032,3818671,241244,4105276,4059915,80.4919935947974,79.6026021576678,286
-7.6926,53.28823,2022/12/07 00:00:00+00,Wed 07 Dec 2022,18,24,0,3864050,3818695,241244,4105294,4059939,80.4923465201268,79.6030727247737,287
-7.6926,53.28823,2022/12/08 00:00:00+00,Thu 08 Dec 2022,11,13,1,3864061,3818708,241245,4105306,4059953,80.4925818036798,79.6033472222522,288
-7.6926,53.28823,2022/12/09 00:00:00+00,Fri 09 Dec 2022,12,17,0,3864073,3818725,241245,4105318,4059970,80.4928170872328,79.6036805406189,289
-7.6926,53.28823,2022/12/10 00:00:00+00,Sat 10 Dec 2022,45,44,0,3864118,3818769,241245,4105363,4060014,80.4936994005563,79.6045432469797,290
-7.6926,53.28823,2022/12/11 00:00:00+00,Sun 11 Dec 2022,28,42,0,3864146,3818811,241245,4105391,4060056,80.4942483955132,79.605366739415,291
-7.6926,53.28823,2022/12/12 00:00:00+00,Mon 12 Dec 2022,4,2,0,3864150,3818813,241245,4105395,4060058,80.4943268233642,79.6054059533405,292
-7.6926,53.28823,2022/12/13 00:00:00+00,Tue 13 Dec 2022,18,15,0,3864168,3818828,241245,4105413,4060073,80.4946797486936,79.6057000577817,293
-7.6926,53.28823,2022/12/14 00:00:00+00,Wed 14 Dec 2022,13,20,0,3864181,3818848,241245,4105426,4060093,80.4949346392093,79.6060921970366,294
-7.6926,53.28823,2022/12/15 00:00:00+00,Thu 15 Dec 2022,12,9,0,3864193,3818857,241245,4105438,4060102,80.4951699227623,79.6062686597014,295
-7.6926,53.28823,2022/12/16 00:00:00+00,Fri 16 Dec 2022,10,4,0,3864203,3818861,241245,4105448,4060106,80.4953659923898,79.6063470875523,296
-7.6926,53.28823,2022/12/17 00:00:00+00,Sat 17 Dec 2022,19,43,0,3864222,3818904,241245,4105467,4060149,80.4957385246819,79.6071901869504,297
-7.6926,53.28823,2022/12/18 00:00:00+00,Sun 18 Dec 2022,29,35,0,3864251,3818939,241245,4105496,4060184,80.4963071266016,79.6078764306465,298
-7.6926,53.28823,2022/12/19 00:00:00+00,Mon 19 Dec 2022,4,1,0,3864255,3818940,241245,4105500,4060185,80.4963855544526,79.6078960376093,299
-7.6926,53.28823,2022/12/20 00:00:00+00,Tue 20 Dec 2022,17,18,0,3864272,3818958,241245,4105517,4060203,80.4967188728192,79.6082489629387,300
-7.6926,53.28823,2022/12/21 00:00:00+00,Wed 21 Dec 2022,17,28,0,3864289,3818986,241245,4105534,4060231,80.4970521911859,79.6087979578956,301
-7.6926,53.28823,2022/12/22 00:00:00+00,Thu 22 Dec 2022,6,15,0,3864295,3819001,241245,4105540,4060246,80.4971698329624,79.6090920623368,302
-7.6926,53.28823,2022/12/23 00:00:00+00,Fri 23 Dec 2022,19,6,0,3864314,3819007,241245,4105559,4060252,80.4975423652546,79.6092097041133,303
-7.6926,53.28823,2022/12/28 00:00:00+00,Wed 28 Dec 2022,19,24,0,3864333,3819031,241245,4105578,4060276,80.4979148975467,79.6096802712192,304
-7.6926,53.28823,2022/12/29 00:00:00+00,Thu 29 Dec 2022,15,12,0,3864348,3819043,241245,4105593,4060288,80.498209001988,79.6099155547721,305
-7.6926,53.28823,2022/12/30 00:00:00+00,Fri 30 Dec 2022,66,31,0,3864414,3819074,241245,4105659,4060319,80.4995030615292,79.6105233706173,306
-7.6926,53.28823,2022/12/31 00:00:00+00,Sat 31 Dec 2022,34,26,0,3864448,3819100,241245,4105693,4060345,80.5001696982626,79.6110331516487,307
-7.6926,53.28823,2023/01/01 00:00:00+00,Sun 01 Jan 2023,3,0,0,3864451,3819100,241245,4105696,4060345,80.5002285191508,79.6110331516487,308
-7.6926,53.28823,2023/01/03 00:00:00+00,Tue 03 Jan 2023,8,14,0,3864459,3819114,241245,4105704,4060359,80.5003853748528,79.6113076491271,309
-7.6926,53.28823,2023/01/04 00:00:00+00,Wed 04 Jan 2023,52,28,0,3864511,3819142,241245,4105756,4060387,80.5014049369156,79.611856644084,310
-7.6926,53.28823,2023/01/05 00:00:00+00,Thu 05 Jan 2023,22,16,0,3864533,3819158,241245,4105778,4060403,80.501836290096,79.612170355488,311
-7.6926,53.28823,2023/01/06 00:00:00+00,Fri 06 Jan 2023,34,21,0,3864567,3819179,241245,4105812,4060424,80.5025029268294,79.6125821017056,312
-7.6926,53.28823,2023/01/07 00:00:00+00,Sat 07 Jan 2023,136,74,0,3864703,3819253,241245,4105948,4060498,80.5051694737628,79.6140330169489,313
-7.6926,53.28823,2023/01/08 00:00:00+00,Sun 08 Jan 2023,51,45,0,3864754,3819298,241245,4105999,4060543,80.5061694288629,79.6149153302724,314
-7.6926,53.28823,2023/01/09 00:00:00+00,Mon 09 Jan 2023,1,2,0,3864755,3819300,241245,4106000,4060545,80.5061890358256,79.6149545441979,315
-7.6926,53.28823,2023/01/10 00:00:00+00,Tue 10 Jan 2023,41,14,0,3864796,3819314,241245,4106041,4060559,80.5069929212982,79.6152290416764,316
-7.6926,53.28823,2023/01/11 00:00:00+00,Wed 11 Jan 2023,58,31,0,3864854,3819345,241245,4106099,4060590,80.5081301251375,79.6158368575215,317
-7.6926,53.28823,2023/01/12 00:00:00+00,Thu 12 Jan 2023,14,12,0,3864868,3819357,241245,4106113,4060602,80.508404622616,79.6160721410744,318
-7.6926,53.28823,2023/01/13 00:00:00+00,Fri 13 Jan 2023,27,13,0,3864895,3819370,241245,4106140,4060615,80.5089340106101,79.6163270315901,319
-7.6926,53.28823,2023/01/14 00:00:00+00,Sat 14 Jan 2023,72,40,0,3864967,3819410,241245,4106212,4060655,80.5103457119278,79.6171113101,320
-7.6926,53.28823,2022/02/26 00:00:00+00,Sat 26 Feb 2022,960,2094,0,3833408,3753336,241196,4074604,3994532,79.8906088334465,78.3206401124342,321
-7.6926,53.28823,2022/02/27 00:00:00+00,Sun 27 Feb 2022,671,1783,0,3834079,3755119,241196,4075275,3996315,79.9037651054492,78.3555993270106,322
-7.6926,53.28823,2022/02/28 00:00:00+00,Mon 28 Feb 2022,80,437,0,3834159,3755556,241196,4075355,3996752,79.9053336624689,78.3641675697307,323
-7.6926,53.28823,2022/03/01 00:00:00+00,Tue 01 Mar 2022,131,939,1,3834290,3756495,241197,4075487,3997692,79.9079217815514,78.3825981147121,324
-7.6926,53.28823,2022/03/02 00:00:00+00,Wed 02 Mar 2022,207,997,2,3834497,3757492,241199,4075696,3998691,79.9120196367653,78.4021854704955,325
-7.6926,53.28823,2022/03/03 00:00:00+00,Thu 03 Mar 2022,279,1278,0,3834776,3758770,241199,4075975,3999969,79.9174899793715,78.4272431688852,326
-7.6926,53.28823,2022/03/04 00:00:00+00,Fri 04 Mar 2022,735,1509,1,3835511,3760279,241200,4076711,4001479,79.9319207039527,78.4568496826319,327
-7.6926,53.28823,2022/03/05 00:00:00+00,Sat 05 Mar 2022,963,3343,0,3836474,3763622,241200,4077674,4004822,79.9508022090773,78.5223957590924,328
-7.6926,53.28823,2022/03/06 00:00:00+00,Sun 06 Mar 2022,455,1916,0,3836929,3765538,241200,4078129,4006738,79.9597233771268,78.5599626997141,329
-7.6926,53.28823,2022/03/07 00:00:00+00,Mon 07 Mar 2022,116,125,1,3837045,3765663,241201,4078246,4006864,79.9620173917681,78.5624331770201,330
-7.6926,53.28823,2022/03/08 00:00:00+00,Tue 08 Mar 2022,120,493,0,3837165,3766156,241201,4078366,4007357,79.9643702272976,78.572099409654,331
-7.6926,53.28823,2022/03/09 00:00:00+00,Wed 09 Mar 2022,128,344,1,3837293,3766500,241202,4078495,4007702,79.9668995254919,78.5788638118014,332
-7.6926,53.28823,2022/03/10 00:00:00+00,Thu 10 Mar 2022,257,508,0,3837550,3767008,241202,4078752,4008210,79.9719385149177,78.5888241488765,333
-7.6926,53.28823,2022/03/11 00:00:00+00,Fri 11 Mar 2022,493,2184,0,3838043,3769192,241202,4079245,4010394,79.9816047475515,78.6316457555141,334
-7.6926,53.28823,2022/03/12 00:00:00+00,Sat 12 Mar 2022,473,2393,2,3838516,3771585,241204,4079720,4012789,79.990918054856,78.6786044312912,335
-7.6926,53.28823,2022/03/13 00:00:00+00,Sun 13 Mar 2022,358,1082,0,3838874,3772667,241204,4080078,4013871,79.9979373475191,78.6998191649826,336
-7.6926,53.28823,2022/03/14 00:00:00+00,Mon 14 Mar 2022,106,123,0,3838980,3772790,241204,4080184,4013994,80.0000156855702,78.7022308214004,337
-7.6926,53.28823,2022/03/15 00:00:00+00,Tue 15 Mar 2022,220,756,1,3839200,3773546,241205,4080405,4014751,80.0043488243371,78.7170732921992,338
-7.6926,53.28823,2022/03/16 00:00:00+00,Wed 16 Mar 2022,194,799,0,3839394,3774345,241205,4080599,4015550,80.0081525751099,78.7327392554334,339
-7.6926,53.28823,2022/03/17 00:00:00+00,Thu 17 Mar 2022,1,4,0,3839395,3774349,241205,4080600,4015554,80.0081721820726,78.7328176832844,340
-7.6926,53.28823,2022/03/18 00:00:00+00,Fri 18 Mar 2022,4,8,0,3839399,3774357,241205,4080604,4015562,80.0082506099236,78.7329745389864,341
-7.6926,53.28823,2022/03/19 00:00:00+00,Sat 19 Mar 2022,740,2781,0,3840139,3777138,241205,4081344,4018343,80.0227597623558,78.7875015023835,342
-7.6926,53.28823,2022/03/20 00:00:00+00,Sun 20 Mar 2022,395,1402,0,3840534,3778540,241205,4081739,4019745,80.0305045126405,78.8149904641537,343
-7.6926,53.28823,2022/03/21 00:00:00+00,Mon 21 Mar 2022,56,112,0,3840590,3778652,241205,4081795,4019857,80.0316025025543,78.8171864439812,344
-7.6926,53.28823,2022/03/22 00:00:00+00,Tue 22 Mar 2022,140,575,0,3840730,3779227,241205,4081935,4020432,80.0343474773388,78.8284604475603,345
-7.6926,53.28823,2022/03/23 00:00:00+00,Wed 23 Mar 2022,99,221,0,3840829,3779448,241205,4082034,4020653,80.0362885666506,78.8327935863272,346
-7.6926,53.28823,2022/03/24 00:00:00+00,Thu 24 Mar 2022,141,245,0,3840970,3779693,241205,4082175,4020898,80.0390531483978,78.8375972922,347
-7.6926,53.28823,2022/03/25 00:00:00+00,Fri 25 Mar 2022,433,1625,0,3841403,3781318,241205,4082608,4022523,80.0475429632669,78.8694586066626,348
-7.6926,53.28823,2022/03/26 00:00:00+00,Sat 26 Mar 2022,874,1848,1,3842277,3783166,241206,4083483,4024372,80.0646990556698,78.9057118807803,349
-7.6926,53.28823,2022/03/27 00:00:00+00,Sun 27 Mar 2022,380,804,0,3842657,3783970,241206,4083863,4025176,80.0721497015134,78.9214758788282,350
-7.6926,53.28823,2022/03/27 23:00:00+00,Mon 28 Mar 2022,43,54,1,3842700,3784024,241207,4083907,4025231,80.0730124078742,78.9225542617792,351
-7.6926,53.28823,2022/03/28 23:00:00+00,Tue 29 Mar 2022,136,193,3,3842836,3784217,241210,4084046,4025427,80.075737775696,78.9263972264775,352
-7.6926,53.28823,2022/03/29 23:00:00+00,Wed 30 Mar 2022,109,138,0,3842945,3784355,241210,4084155,4025565,80.0778749346353,78.9291029873364,353
-7.6926,53.28823,2022/03/30 23:00:00+00,Thu 31 Mar 2022,226,361,0,3843171,3784716,241210,4084381,4025926,80.0823061082159,78.9361811008878,354
-7.6926,53.28823,2022/03/31 23:00:00+00,Fri 01 Apr 2022,307,906,0,3843478,3785622,241210,4084688,4026832,80.088325445779,78.9539450091359,355
-7.6926,53.28823,2022/04/01 23:00:00+00,Sat 02 Apr 2022,726,1538,1,3844204,3787160,241211,4085415,4028371,80.1025797076955,78.9841201248022,356
-7.6926,53.28823,2022/04/02 23:00:00+00,Sun 03 Apr 2022,538,817,0,3844742,3787977,241211,4085953,4029188,80.1131282536529,79.0001390133659,357
-7.6926,53.28823,2022/04/03 23:00:00+00,Mon 04 Apr 2022,47,53,0,3844789,3788030,241211,4086000,4029241,80.114049780902,79.0011781823914,358
-7.6926,53.28823,2022/04/04 23:00:00+00,Tue 05 Apr 2022,130,170,0,3844919,3788200,241211,4086130,4029411,80.116598686059,79.0045113660583,359
-7.6926,53.28823,2022/04/05 23:00:00+00,Wed 06 Apr 2022,157,211,0,3845076,3788411,241211,4086287,4029622,80.1196769792102,79.0086484351977,360
-7.6926,53.28823,2022/04/06 23:00:00+00,Thu 07 Apr 2022,116,181,0,3845192,3788592,241211,4086403,4029803,80.1219513868887,79.0121972954548,361
-7.6926,53.28823,2022/04/07 23:00:00+00,Fri 08 Apr 2022,252,422,2,3845444,3789014,241213,4086657,4030227,80.1269315554262,79.0205106476592,362
-7.6926,53.28823,2022/04/08 23:00:00+00,Sat 09 Apr 2022,559,1019,0,3846003,3790033,241213,4087216,4031246,80.1378918476014,79.0404901426975,363
-7.6926,53.28823,2022/04/09 23:00:00+00,Sun 10 Apr 2022,413,720,0,3846416,3790753,241213,4087629,4031966,80.1459895232155,79.0546071558748,364
-7.6926,53.28823,2022/04/10 23:00:00+00,Mon 11 Apr 2022,69,93,1,3846485,3790846,241214,4087699,4032060,80.1473620106078,79.0564502103729,365
-7.6926,53.28823,2022/04/11 23:00:00+00,Tue 12 Apr 2022,193,179,0,3846678,3791025,241214,4087892,4032239,80.1511461544178,79.0599598567045,366
-7.6926,53.28823,2022/04/12 23:00:00+00,Wed 13 Apr 2022,141,235,0,3846819,3791260,241214,4088033,4032474,80.153910736165,79.0645674929498,367
-7.6926,53.28823,2022/04/13 23:00:00+00,Thu 14 Apr 2022,357,431,0,3847176,3791691,241214,4088390,4032905,80.1609104218654,79.0730180938934,368
-7.6926,53.28823,2022/04/14 23:00:00+00,Fri 15 Apr 2022,446,990,0,3847622,3792681,241214,4088836,4033895,80.1696551272502,79.0924289870122,369
-7.6926,53.28823,2022/04/15 23:00:00+00,Sat 16 Apr 2022,43,88,0,3847665,3792769,241214,4088879,4033983,80.1704982266483,79.0941543997338,370
-7.6926,53.28823,2022/04/16 23:00:00+00,Sun 17 Apr 2022,1,1,0,3847666,3792770,241214,4088880,4033984,80.170517833611,79.0941740066966,371
-7.6926,53.28823,2022/04/17 23:00:00+00,Mon 18 Apr 2022,36,62,1,3847702,3792832,241215,4088917,4034047,80.1712432912326,79.0954092453496,372
-7.6926,53.28823,2022/04/18 23:00:00+00,Tue 19 Apr 2022,218,271,1,3847920,3793103,241216,4089136,4034319,80.175537216074,79.1007423392165,373
-7.6926,53.28823,2022/04/19 23:00:00+00,Wed 20 Apr 2022,253,607,0,3848173,3793710,241216,4089389,4034926,80.1804977776488,79.1126437656035,374
-7.6926,53.28823,2022/04/20 23:00:00+00,Thu 21 Apr 2022,169,236,0,3848342,3793946,241216,4089558,4035162,80.1838113543529,79.1172710088116,375
-7.6926,53.28823,2022/04/21 23:00:00+00,Fri 22 Apr 2022,194,254,0,3848536,3794200,241216,4089752,4035416,80.1876151051257,79.1222511773491,376
-7.6926,53.28823,2022/04/22 23:00:00+00,Sat 23 Apr 2022,323,1010,0,3848859,3795210,241216,4090075,4036426,80.1939481540927,79.1420542097227,377
-7.6926,53.28823,2022/04/23 23:00:00+00,Sun 24 Apr 2022,181,252,0,3849040,3795462,241216,4090256,4036678,80.1974970143498,79.1469951643348,378
-7.6926,53.28823,2022/04/24 23:00:00+00,Mon 25 Apr 2022,42,62,1,3849082,3795524,241217,4090299,4036741,80.1983401137478,79.1482304029878,379
-7.6926,53.28823,2022/04/25 23:00:00+00,Tue 26 Apr 2022,144,238,0,3849226,3795762,241217,4090443,4036979,80.2011635163833,79.1528968601214,380
-7.6926,53.28823,2022/04/26 23:00:00+00,Wed 27 Apr 2022,123,207,0,3849349,3795969,241217,4090566,4037186,80.2035751728011,79.1569555014098,381
-7.6926,53.28823,2022/04/27 23:00:00+00,Thu 28 Apr 2022,100,130,0,3849449,3796099,241217,4090666,4037316,80.2055358690757,79.1595044065668,382
-7.6926,53.28823,2022/04/28 23:00:00+00,Fri 29 Apr 2022,169,222,0,3849618,3796321,241217,4090835,4037538,80.2088494457798,79.1638571522965,383
-7.6926,53.28823,2022/04/29 23:00:00+00,Sat 30 Apr 2022,281,726,0,3849899,3797047,241217,4091116,4038264,80.2143590023115,79.1780918072502,384
-7.6926,53.28823,2022/04/30 23:00:00+00,Sun 01 May 2022,188,748,0,3850087,3797795,241217,4091304,4039012,80.2180451113077,79.1927578153844,385
-7.6926,53.28823,2022/05/01 23:00:00+00,Mon 02 May 2022,12,26,0,3850099,3797821,241217,4091316,4039038,80.2182803948607,79.1932675964158,386
-7.6926,53.28823,2022/05/02 23:00:00+00,Tue 03 May 2022,94,117,0,3850193,3797938,241217,4091410,4039155,80.2201234493588,79.1955616110571,387
-7.6926,53.28823,2022/05/03 23:00:00+00,Wed 04 May 2022,112,129,0,3850305,3798067,241217,4091522,4039284,80.2223194291864,79.1980909092513,388
-7.6926,53.28823,2022/05/04 23:00:00+00,Thu 05 May 2022,112,166,0,3850417,3798233,241217,4091634,4039450,80.224515409014,79.2013456650672,389
-7.6926,53.28823,2022/05/05 23:00:00+00,Fri 06 May 2022,135,257,0,3850552,3798490,241217,4091769,4039707,80.2271623489847,79.206384654493,390
-7.6926,53.28823,2022/05/06 23:00:00+00,Sat 07 May 2022,441,1088,0,3850993,3799578,241217,4092210,4040795,80.2358090195558,79.2277170299608,391
-7.6926,53.28823,2022/05/07 23:00:00+00,Sun 08 May 2022,274,437,0,3851267,3800015,241217,4092484,4041232,80.2411813273482,79.2362852726809,392
-7.6926,53.28823,2022/05/08 23:00:00+00,Mon 09 May 2022,23,32,0,3851290,3800047,241217,4092507,4041264,80.2416322874914,79.2369126954888,393
-7.6926,53.28823,2022/05/09 23:00:00+00,Tue 10 May 2022,80,99,1,3851370,3800146,241218,4092588,4041364,80.2432204514738,79.2388733917634,394
-7.6926,53.28823,2022/05/10 23:00:00+00,Wed 11 May 2022,110,132,0,3851480,3800278,241218,4092698,4041496,80.2453772173759,79.2414615108459,395
-7.6926,53.28823,2022/05/11 23:00:00+00,Thu 12 May 2022,207,398,0,3851687,3800676,241218,4092905,4041894,80.2494358586644,79.2492650820189,396
-7.6926,53.28823,2022/05/12 23:00:00+00,Fri 13 May 2022,173,327,0,3851860,3801003,241218,4093078,4042221,80.2528278632195,79.2556765588369,397
-7.6926,53.28823,2022/05/13 23:00:00+00,Sat 14 May 2022,333,634,0,3852193,3801637,241218,4093411,4042855,80.259356981814,79.2681073732179,398
-7.6926,53.28823,2022/05/14 23:00:00+00,Sun 15 May 2022,168,254,0,3852361,3801891,241218,4093579,4043109,80.2626509515553,79.2730875417555,399
-7.6926,53.28823,2022/05/15 23:00:00+00,Mon 16 May 2022,29,41,0,3852390,3801932,241218,4093608,4043150,80.263219553475,79.2738914272281,400
-7.6926,53.28823,2022/05/16 23:00:00+00,Tue 17 May 2022,94,101,0,3852484,3802033,241218,4093702,4043251,80.2650626079731,79.2758717304654,401
-7.6926,53.28823,2022/05/17 23:00:00+00,Wed 18 May 2022,97,123,0,3852581,3802156,241218,4093799,4043374,80.2669644833595,79.2782833868832,402
-7.6926,53.28823,2022/05/18 23:00:00+00,Thu 19 May 2022,70,107,0,3852651,3802263,241218,4093869,4043481,80.2683369707517,79.280381331897,403
-7.6926,53.28823,2022/05/19 23:00:00+00,Fri 20 May 2022,126,210,0,3852777,3802473,241218,4093995,4043691,80.2708074480577,79.2844987940738,404
-7.6926,53.28823,2022/05/20 23:00:00+00,Sat 21 May 2022,392,763,0,3853169,3803236,241218,4094387,4044454,80.2784933774542,79.2994589066491,405
-7.6926,53.28823,2022/05/21 23:00:00+00,Sun 22 May 2022,234,410,0,3853403,3803646,241218,4094621,4044864,80.2830814067368,79.307497761375,406
-7.6926,53.28823,2022/05/22 23:00:00+00,Mon 23 May 2022,25,35,0,3853428,3803681,241218,4094646,4044899,80.2835715808055,79.3081840050711,407
-7.6926,53.28823,2022/05/23 23:00:00+00,Tue 24 May 2022,62,84,0,3853490,3803765,241218,4094708,4044983,80.2847872124958,79.3098309899418,408
-7.6926,53.28823,2022/05/24 23:00:00+00,Wed 25 May 2022,84,133,1,3853574,3803898,241219,4094793,4045117,80.2864538043292,79.3124583229498,409
-7.6926,53.28823,2022/05/25 23:00:00+00,Thu 26 May 2022,97,155,0,3853671,3804053,241219,4094890,4045272,80.2883556797156,79.3154974021755,410
-7.6926,53.28823,2022/05/26 23:00:00+00,Fri 27 May 2022,95,152,2,3853766,3804205,241221,4094987,4045426,80.2902575551019,79.3185168744384,411
-7.6926,53.28823,2022/05/27 23:00:00+00,Sat 28 May 2022,335,580,0,3854101,3804785,241221,4095322,4046006,80.2968258876219,79.3298889128312,412
-7.6926,53.28823,2022/05/28 23:00:00+00,Sun 29 May 2022,181,349,0,3854282,3805134,241221,4095503,4046355,80.300374747879,79.3367317428296,413
-7.6926,53.28823,2022/05/29 23:00:00+00,Mon 30 May 2022,9,24,0,3854291,3805158,241221,4095512,4046379,80.3005512105437,79.3372023099355,414
-7.6926,53.28823,2022/05/30 23:00:00+00,Tue 31 May 2022,62,80,2,3854353,3805238,241223,4095576,4046461,80.3018060561594,79.3388100808807,415
-7.6926,53.28823,2022/05/31 23:00:00+00,Wed 01 Jun 2022,75,102,0,3854428,3805340,241223,4095651,4046563,80.3032765783654,79.3408099910808,416
-7.6926,53.28823,2022/06/01 23:00:00+00,Thu 02 Jun 2022,90,142,0,3854518,3805482,241223,4095741,4046705,80.3050412050126,79.3435941797908,417
-7.6926,53.28823,2022/06/02 23:00:00+00,Fri 03 Jun 2022,57,143,0,3854575,3805625,241223,4095798,4046848,80.3061588018891,79.3463979754635,418
-7.6926,53.28823,2022/06/03 23:00:00+00,Sat 04 Jun 2022,305,607,0,3854880,3806232,241223,4096103,4047455,80.3121389255267,79.3582994018504,419
-7.6926,53.28823,2022/06/04 23:00:00+00,Sun 05 Jun 2022,143,273,0,3855023,3806505,241223,4096246,4047728,80.3149427211994,79.3636521026801,420
-7.6926,53.28823,2022/06/05 23:00:00+00,Mon 06 Jun 2022,5,7,1,3855028,3806512,241224,4096252,4047736,80.3150603629759,79.3638089583821,421
-7.6926,53.28823,2022/06/06 23:00:00+00,Tue 07 Jun 2022,29,54,0,3855057,3806566,241224,4096281,4047790,80.3156289648955,79.3648677343704,422
-7.6926,53.28823,2022/06/07 23:00:00+00,Wed 08 Jun 2022,36,76,0,3855093,3806642,241224,4096317,4047866,80.3163348155544,79.3663578635391,423
-7.6926,53.28823,2022/06/08 23:00:00+00,Thu 09 Jun 2022,73,122,0,3855166,3806764,241224,4096390,4047988,80.3177661238348,79.3687499129941,424
-7.6926,53.28823,2022/06/09 23:00:00+00,Fri 10 Jun 2022,55,108,0,3855221,3806872,241224,4096445,4048096,80.3188445067859,79.3708674649707,425
-7.6926,53.28823,2021/04/13 23:00:00+00,Wed 14 Apr 2021,20365,6607,2,830870,354953,280,831150,355233,16.2963270864896,6.96504019721467,426
-7.6926,53.28823,2022/06/10 23:00:00+00,Sat 11 Jun 2022,190,562,0,3855411,3807434,241224,4096635,4048658,80.3225698297076,79.381886578034,427
-7.6926,53.28823,2021/11/11 00:00:00+00,Thu 11 Nov 2021,1397,1131,2,3640931,3573526,241046,3881977,3814572,76.1137784205376,74.7921710966312,428
-7.6926,53.28823,2021/11/12 00:00:00+00,Fri 12 Nov 2021,1145,1163,6,3642076,3574689,241052,3883128,3815741,76.1363460346584,74.8150916360814,429
-7.6926,53.28823,2021/11/13 00:00:00+00,Sat 13 Nov 2021,1397,1386,0,3643473,3576075,241052,3884525,3817127,76.1637369616149,74.8422668864476,430
-7.6926,53.28823,2021/11/14 00:00:00+00,Sun 14 Nov 2021,1647,1808,1,3645120,3577883,241053,3886173,3818936,76.1960492362206,74.8777358820555,431
-7.6926,53.28823,2021/11/15 00:00:00+00,Mon 15 Nov 2021,1244,601,1,3646364,3578484,241054,3887418,3819538,76.2204599048396,74.8895392736287,432
-7.6926,53.28823,2021/11/16 00:00:00+00,Tue 16 Nov 2021,1320,1086,5,3647684,3579570,241059,3888743,3820629,76.2464391304783,74.9109304699848,433
-7.6926,53.28823,2021/11/17 00:00:00+00,Wed 17 Nov 2021,1504,1130,3,3649188,3580700,241062,3890250,3821762,76.2759868233368,74.9331451587762,434
-7.6926,53.28823,2021/11/18 00:00:00+00,Thu 18 Nov 2021,1641,2522,5,3650829,3583222,241067,3891896,3824289,76.308259884017,74.9826919536358,435
-7.6926,53.28823,2021/11/19 00:00:00+00,Fri 19 Nov 2021,1166,1570,0,3651995,3584792,241067,3893062,3825859,76.331121602579,75.0134748851473,436
-7.6926,53.28823,2021/11/20 00:00:00+00,Sat 20 Nov 2021,1549,2955,12,3653544,3587747,241079,3894623,3828826,76.3617280714258,75.0716487436152,437
-7.6926,53.28823,2021/11/21 00:00:00+00,Sun 21 Nov 2021,1790,2773,0,3655334,3590520,241079,3896413,3831599,76.3968245347415,75.1260188513104,438
-7.6926,53.28823,2021/11/22 00:00:00+00,Mon 22 Nov 2021,725,522,3,3656059,3591042,241082,3897141,3832124,76.4110984036207,75.1363125067521,439
-7.6926,53.28823,2021/11/23 00:00:00+00,Tue 23 Nov 2021,2159,1605,8,3658218,3592647,241090,3899308,3833737,76.4535866918917,75.1679385376617,440
-7.6926,53.28823,2021/11/24 00:00:00+00,Wed 24 Nov 2021,1615,3155,2,3659833,3595802,241092,3900925,3836894,76.4852911506523,75.2298377190514,441
-7.6926,53.28823,2021/11/25 00:00:00+00,Thu 25 Nov 2021,981,1193,2,3660814,3596995,241094,3901908,3838089,76.5045647950318,75.2532680395331,442
-7.6926,53.28823,2021/11/26 00:00:00+00,Fri 26 Nov 2021,1279,1117,12,3662093,3598112,241106,3903199,3839218,76.5298773839371,75.2754043004736,443
-7.6926,53.28823,2021/11/27 00:00:00+00,Sat 27 Nov 2021,1200,1569,6,3663293,3599681,241112,3904405,3840793,76.553523381009,75.3062852667988,444
-7.6926,53.28823,2021/11/28 00:00:00+00,Sun 28 Nov 2021,1961,2267,1,3665254,3601948,241113,3906367,3843061,76.591992241917,75.3507538583072,445
-7.6926,53.28823,2021/11/29 00:00:00+00,Mon 29 Nov 2021,535,1006,2,3665789,3602954,241115,3906904,3844069,76.6025211809117,75.3705176767553,446
-7.6926,53.28823,2021/11/30 00:00:00+00,Tue 30 Nov 2021,1898,1660,6,3667687,3604614,241121,3908808,3845735,76.6398528379804,75.4031828766904,447
-7.6926,53.28823,2021/12/01 00:00:00+00,Wed 01 Dec 2021,1075,1393,4,3668762,3606007,241125,3909887,3847132,76.6610087507835,75.4305738036469,448
-7.6926,53.28823,2021/12/02 00:00:00+00,Thu 02 Dec 2021,1736,1420,0,3670498,3607427,241125,3911623,3848552,76.6950464381109,75.4584156907464,449
-7.6926,53.28823,2021/12/03 00:00:00+00,Fri 03 Dec 2021,1016,1209,3,3671514,3608636,241128,3912642,3849764,76.7150259331493,75.4821793295948,450
-7.6926,53.28823,2021/12/04 00:00:00+00,Sat 04 Dec 2021,1206,1707,3,3672720,3610343,241131,3913851,3851474,76.7387307511094,75.5157072358908,451
-7.6926,53.28823,2021/12/05 00:00:00+00,Sun 05 Dec 2021,1349,1779,2,3674069,3612122,241133,3915202,3853255,76.7652197577795,75.5506272365417,452
-7.6926,53.28823,2021/12/06 00:00:00+00,Mon 06 Dec 2021,942,1307,0,3675011,3613429,241133,3916144,3854562,76.7836895166864,75.576253536851,453
-7.6926,53.28823,2021/12/07 00:00:00+00,Tue 07 Dec 2021,488,753,2,3675499,3614182,241135,3916634,3855317,76.793296928432,75.5910567937244,454
-7.6926,53.28823,2021/12/08 00:00:00+00,Wed 08 Dec 2021,799,1528,2,3676298,3615710,241137,3917435,3856847,76.8090021055917,75.621055446726,455
-7.6926,53.28823,2021/12/09 00:00:00+00,Thu 09 Dec 2021,788,1218,1,3677086,3616928,241138,3918224,3858066,76.8244719991985,75.6449563343136,456
-7.6926,53.28823,2021/12/10 00:00:00+00,Fri 10 Dec 2021,894,1623,1,3677980,3618551,241139,3919119,3859690,76.8420202308563,75.6767980418134,457
-7.6926,53.28823,2021/12/11 00:00:00+00,Sat 11 Dec 2021,644,851,2,3678624,3619402,241141,3919765,3860543,76.8546863287903,75.6935227810359,458
-7.6926,53.28823,2021/12/12 00:00:00+00,Sun 12 Dec 2021,686,1193,0,3679310,3620595,241141,3920451,3861736,76.8681367052342,75.7169138875921,459
-7.6926,53.28823,2021/12/13 00:00:00+00,Mon 13 Dec 2021,725,1075,1,3680035,3621670,241142,3921177,3862812,76.8823713601879,75.738010979507,460
-7.6926,53.28823,2021/12/14 00:00:00+00,Tue 14 Dec 2021,630,1206,3,3680665,3622876,241145,3921810,3864021,76.8947825676063,75.7617157974671,461
-7.6926,53.28823,2021/12/15 00:00:00+00,Wed 15 Dec 2021,790,1260,1,3681455,3624136,241146,3922601,3865282,76.9102916751385,75.7864401774901,462
-7.6926,53.28823,2021/12/16 00:00:00+00,Thu 16 Dec 2021,1049,1553,8,3682504,3625689,241154,3923658,3866843,76.9310162347612,75.8170466463369,463
-7.6926,53.28823,2021/12/17 00:00:00+00,Fri 17 Dec 2021,1197,2462,2,3683701,3628151,241156,3924857,3869307,76.9545249830939,75.8653582025434,464
-7.6926,53.28823,2021/12/18 00:00:00+00,Sat 18 Dec 2021,1251,1186,0,3684952,3629337,241156,3926108,3870493,76.9790532934894,75.8886120603604,465
-7.6926,53.28823,2021/12/19 00:00:00+00,Sun 19 Dec 2021,553,894,3,3685505,3630231,241159,3926664,3871390,76.9899547647762,75.9061995059437,466
-7.6926,53.28823,2021/12/20 00:00:00+00,Mon 20 Dec 2021,515,624,1,3686020,3630855,241160,3927180,3872015,77.0000719575533,75.9184538576601,467
-7.6926,53.28823,2021/12/21 00:00:00+00,Tue 21 Dec 2021,1401,1825,3,3687421,3632680,241163,3928584,3873843,77.0276001332489,75.9542953855601,468
-7.6926,53.28823,2021/12/22 00:00:00+00,Wed 22 Dec 2021,1161,1607,2,3688582,3634287,241165,3929747,3875452,77.0504030309227,75.9858429886187,469
-7.6926,53.28823,2021/12/23 00:00:00+00,Thu 23 Dec 2021,930,1406,0,3689512,3635693,241165,3930677,3876858,77.0686375062767,76.0134103782399,470
-7.6926,53.28823,2021/12/24 00:00:00+00,Fri 24 Dec 2021,101,166,0,3689613,3635859,241165,3930778,3877024,77.070617809514,76.0166651340558,471
-7.6926,53.28823,2021/12/25 00:00:00+00,Sat 25 Dec 2021,2,7,0,3689615,3635866,241165,3930780,3877031,77.0706570234395,76.016802382795,472
-7.6926,53.28823,2021/12/26 00:00:00+00,Sun 26 Dec 2021,12,14,0,3689627,3635880,241165,3930792,3877045,77.0708923069925,76.0170768802734,473
-7.6926,53.28823,2021/12/27 00:00:00+00,Mon 27 Dec 2021,393,591,0,3690020,3636471,241165,3931185,3877636,77.0785978433517,76.0286645952564,474
-7.6926,53.28823,2021/12/28 00:00:00+00,Tue 28 Dec 2021,469,752,0,3690489,3637223,241165,3931654,3878388,77.0877935088797,76.0434090312415,475
-7.6926,53.28823,2021/12/29 00:00:00+00,Wed 29 Dec 2021,1060,1318,0,3691549,3638541,241165,3932714,3879706,77.1085768893907,76.069251008141,476
-7.6926,53.28823,2021/12/30 00:00:00+00,Thu 30 Dec 2021,1050,1206,1,3692599,3639747,241166,3933765,3880913,77.1291838072369,76.0929166121757,477
-7.6926,53.28823,2021/12/31 00:00:00+00,Fri 31 Dec 2021,716,1682,0,3693315,3641429,241166,3934481,3882595,77.1432223925632,76.1258955235147,478
-7.6926,53.28823,2022/01/01 00:00:00+00,Sat 01 Jan 2022,71,101,1,3693386,3641530,241167,3934553,3882697,77.1446340938809,76.1278954337148,479
-7.6926,53.28823,2022/01/02 00:00:00+00,Sun 02 Jan 2022,271,629,0,3693657,3642159,241167,3934824,3883326,77.1499475807851,76.1402282132822,480
-7.6926,53.28823,2022/01/03 00:00:00+00,Mon 03 Jan 2022,3635,731,1,3697292,3642890,241168,3938460,3884058,77.2212384973302,76.1545805100124,481
-7.6926,53.28823,2022/01/04 00:00:00+00,Tue 04 Jan 2022,1190,793,1,3698482,3643683,241169,3939651,3884852,77.2445903899609,76.1701484384329,482
-7.6926,53.28823,2022/01/05 00:00:00+00,Wed 05 Jan 2022,2140,918,0,3700622,3644601,241169,3941791,3885770,77.2865492902377,76.1881476302339,483
-7.6926,53.28823,2022/01/06 00:00:00+00,Thu 06 Jan 2022,2454,1700,1,3703076,3646301,241170,3944246,3887471,77.3346843837796,76.2214990738651,484
-7.6926,53.28823,2022/01/07 00:00:00+00,Fri 07 Jan 2022,4856,785,2,3707932,3647086,241172,3949104,3888258,77.4299350088006,76.2369297535464,485
-7.6926,53.28823,2022/01/08 00:00:00+00,Sat 08 Jan 2022,9789,747,2,3717721,3647833,241174,3958895,3889007,77.6219067810485,76.2516153686433,486
-7.6926,53.28823,2022/01/09 00:00:00+00,Sun 09 Jan 2022,7116,667,0,3724837,3648500,241174,3966011,3889674,77.7614299279503,76.264693212795,487
-7.6926,53.28823,2022/01/10 00:00:00+00,Mon 10 Jan 2022,6668,512,1,3731505,3649012,241175,3972680,3890187,77.8921887625046,76.2747515846837,488
-7.6926,53.28823,2022/01/11 00:00:00+00,Tue 11 Jan 2022,4779,1374,1,3736284,3650386,241176,3977460,3891562,77.9859100444313,76.3017111584598,489
-7.6926,53.28823,2022/01/12 00:00:00+00,Wed 12 Jan 2022,7561,929,1,3743845,3651315,241177,3985022,3892492,78.134177896718,76.3199456338137,490
-7.6926,53.28823,2022/01/13 00:00:00+00,Thu 13 Jan 2022,7322,822,0,3751167,3652137,241177,3992344,3893314,78.2777400779455,76.3360625571911,491
-7.6926,53.28823,2022/01/14 00:00:00+00,Fri 14 Jan 2022,10723,840,0,3761890,3652977,241177,4003067,3894154,78.4879855394728,76.3525324058979,492
-7.6926,53.28823,2022/01/15 00:00:00+00,Sat 15 Jan 2022,8362,655,2,3770252,3653632,241179,4011431,3894811,78.6519781758819,76.3654141804221,493
-7.6926,53.28823,2022/01/16 00:00:00+00,Sun 16 Jan 2022,6965,1216,1,3777217,3654848,241180,4018397,3896028,78.7885602783718,76.3892758540842,494
-7.6926,53.28823,2022/01/17 00:00:00+00,Mon 17 Jan 2022,2565,564,0,3779782,3655412,241180,4020962,3896592,78.8388521378158,76.400334181073,495
-7.6926,53.28823,2022/01/18 00:00:00+00,Tue 18 Jan 2022,4056,456,3,3783838,3655868,241183,4025021,3897051,78.9184367996025,76.4093337769735,496
-7.6926,53.28823,2022/01/19 00:00:00+00,Wed 19 Jan 2022,3487,627,0,3787325,3656495,241183,4028508,3897678,78.9868062786985,76.4216273426154,497
-7.6926,53.28823,2022/01/20 00:00:00+00,Thu 20 Jan 2022,3699,940,2,3791024,3657435,241185,4032209,3898620,79.0593716478221,76.4400971015223,498
-7.6926,53.28823,2022/01/21 00:00:00+00,Fri 21 Jan 2022,3253,978,0,3794277,3658413,241185,4035462,3899598,79.1231530976354,76.4592727110881,499
-7.6926,53.28823,2022/01/22 00:00:00+00,Sat 22 Jan 2022,4273,645,0,3798550,3659058,241185,4039735,3900243,79.2069336494499,76.4719192020594,500
-7.6926,53.28823,2022/01/23 00:00:00+00,Sun 23 Jan 2022,3094,680,0,3801644,3659738,241185,4042829,3900923,79.2675975921865,76.4852519367268,501
-7.6926,53.28823,2022/01/24 00:00:00+00,Mon 24 Jan 2022,646,469,0,3802290,3660207,241185,4043475,3901392,79.2802636901206,76.4944476022547,502
-7.6926,53.28823,2022/01/25 00:00:00+00,Tue 25 Jan 2022,692,1838,1,3802982,3662045,241186,4044168,3903231,79.2938513153037,76.5305048067449,503
-7.6926,53.28823,2022/01/26 00:00:00+00,Wed 26 Jan 2022,700,898,0,3803682,3662943,241186,4044868,3904129,79.307576189226,76.548111859291,504
-7.6926,53.28823,2022/01/27 00:00:00+00,Thu 27 Jan 2022,1279,1180,0,3804961,3664123,241186,4046147,3905309,79.3326534945784,76.5712480753315,505
-7.6926,53.28823,2022/01/28 00:00:00+00,Fri 28 Jan 2022,1032,3096,1,3805993,3667219,241187,4047180,3908406,79.3529074870952,76.6319708389564,506
-7.6926,53.28823,2022/01/29 00:00:00+00,Sat 29 Jan 2022,2330,3446,0,3808323,3670665,241187,4049510,3911852,79.3985917102938,76.6995364325798,507
-7.6926,53.28823,2022/01/30 00:00:00+00,Sun 30 Jan 2022,1639,7539,0,3809962,3678204,241187,4051149,3919391,79.4307275222348,76.8473533247233,508
-7.6926,53.28823,2022/01/31 00:00:00+00,Mon 31 Jan 2022,484,1397,0,3810446,3679601,241187,4051633,3920788,79.4402172922039,76.8747442516797,509
-7.6926,53.28823,2022/02/01 00:00:00+00,Tue 01 Feb 2022,752,3422,1,3811198,3683023,241188,4052386,3924211,79.4549813351518,76.9418588851599,510
-7.6926,53.28823,2022/02/02 00:00:00+00,Wed 02 Feb 2022,652,3000,0,3811850,3686023,241188,4053038,3927211,79.4677650748623,77.0006797733984,511
-7.6926,53.28823,2022/02/03 00:00:00+00,Thu 03 Feb 2022,908,2438,1,3812758,3688461,241189,4053947,3929650,79.4855878039986,77.0485011555364,512
-7.6926,53.28823,2022/02/04 00:00:00+00,Fri 04 Feb 2022,1174,6524,0,3813932,3694985,241189,4055121,3936174,79.5086063782626,77.1764169804924,513
-7.6926,53.28823,2022/02/05 00:00:00+00,Sat 05 Feb 2022,1777,5751,0,3815709,3700736,241189,4056898,3941925,79.5434479510626,77.2891766232457,514
-7.6926,53.28823,2022/02/06 00:00:00+00,Sun 06 Feb 2022,1407,7556,0,3817116,3708292,241189,4058305,3949481,79.5710349476465,77.4373268337559,515
-7.6926,53.28823,2022/02/07 00:00:00+00,Mon 07 Feb 2022,443,1354,0,3817559,3709646,241189,4058748,3950835,79.579720832143,77.4638746613142,516
-7.6926,53.28823,2022/02/08 00:00:00+00,Tue 08 Feb 2022,900,1239,0,3818459,3710885,241189,4059648,3952074,79.5973670986146,77.4881676881568,517
-7.6926,53.28823,2022/02/09 00:00:00+00,Wed 09 Feb 2022,1335,1785,0,3819794,3712670,241189,4060983,3953859,79.6235423938807,77.5231661166587,518
-7.6926,53.28823,2022/02/10 00:00:00+00,Thu 10 Feb 2022,688,2555,1,3820482,3715225,241190,4061672,3956415,79.6370515912129,77.5732815134379,519
-7.6926,53.28823,2022/02/11 00:00:00+00,Fri 11 Feb 2022,546,4927,0,3821028,3720152,241190,4062218,3961342,79.6477569928723,77.6698850188884,520
-7.6926,53.28823,2022/02/12 00:00:00+00,Sat 12 Feb 2022,1397,5463,0,3822425,3725615,241190,4063615,3966805,79.6751479198287,77.7769978563708,521
-7.6926,53.28823,2022/02/13 00:00:00+00,Sun 13 Feb 2022,1566,4706,0,3823991,3730321,241190,4065181,3971511,79.7058524234892,77.8692682230543,522
-7.6926,53.28823,2022/02/14 00:00:00+00,Mon 14 Feb 2022,175,954,0,3824166,3731275,241190,4065356,3972465,79.7092836419698,77.8879732655141,523
-7.6926,53.28823,2022/02/15 00:00:00+00,Tue 15 Feb 2022,649,819,1,3824815,3732094,241191,4066006,3973285,79.7220281677548,77.904050974966,524
-7.6926,53.28823,2022/02/16 00:00:00+00,Wed 16 Feb 2022,799,1787,0,3825614,3733881,241191,4066805,3975072,79.737694130989,77.9390886173935,525
-7.6926,53.28823,2022/02/17 00:00:00+00,Thu 17 Feb 2022,791,1194,2,3826405,3735075,241193,4067598,3976268,79.7532424524467,77.9625385448379,526
-7.6926,53.28823,2022/02/18 00:00:00+00,Fri 18 Feb 2022,792,3296,0,3827197,3738371,241193,4068390,3979564,79.7687711669417,78.0271630940493,527
-7.6926,53.28823,2022/02/19 00:00:00+00,Sat 19 Feb 2022,980,3557,0,3828177,3741928,241193,4069370,3983121,79.787985990433,78.0969050605375,528
-7.6926,53.28823,2022/02/20 00:00:00+00,Sun 20 Feb 2022,1365,3588,0,3829542,3745516,241193,4070735,3986709,79.8147494945815,78.1672548428708,529
-7.6926,53.28823,2022/02/21 00:00:00+00,Mon 21 Feb 2022,254,997,1,3829796,3746513,241194,4070990,3987707,79.8197492700818,78.1868225916915,530
-7.6926,53.28823,2022/02/22 00:00:00+00,Tue 22 Feb 2022,477,989,1,3830273,3747502,241195,4071468,3988697,79.8291213982745,78.2062334848102,531
-7.6926,53.28823,2022/02/23 00:00:00+00,Wed 23 Feb 2022,829,1274,1,3831102,3748776,241196,4072298,3989972,79.8453951773538,78.2312323623116,532
-7.6926,53.28823,2022/02/24 00:00:00+00,Thu 24 Feb 2022,653,1237,0,3831755,3750013,241196,4072951,3991209,79.8581985240271,78.2554861752286,533
-7.6926,53.28823,2022/06/11 23:00:00+00,Sun 12 Jun 2022,143,288,0,3855554,3807722,241224,4096778,4048946,80.3253736253804,79.3875333833049,534
-7.6926,53.28823,2021/04/14 23:00:00+00,Thu 15 Apr 2021,27127,10827,1,857997,365780,281,858278,366061,16.8282247718681,7.17734438983034,535
-7.6926,53.28823,2021/04/15 23:00:00+00,Fri 16 Apr 2021,27982,9853,1,885979,375633,282,886261,375915,17.3768864103945,7.37055140073122,536
-7.6926,53.28823,2021/04/16 23:00:00+00,Sat 17 Apr 2021,15864,4570,3,901843,380203,285,902128,380488,17.6879900882882,7.46021404136951,537
-7.6926,53.28823,2021/04/17 23:00:00+00,Sun 18 Apr 2021,1082,490,0,902925,380693,285,903210,380978,17.7092048219796,7.46982145311514,538
-7.6926,53.28823,2021/04/18 23:00:00+00,Mon 19 Apr 2021,6775,2271,0,909700,382964,285,909985,383249,17.8420419945849,7.51434886551172,539
-7.6926,53.28823,2021/04/19 23:00:00+00,Tue 20 Apr 2021,15107,7337,1,924807,390301,286,925093,390587,18.1382639877543,7.65822475814321,540
-7.6926,53.28823,2021/04/20 23:00:00+00,Wed 21 Apr 2021,26757,9913,4,951564,400214,290,951854,400504,18.6629659178049,7.8526670076971,541
-7.6926,53.28823,2021/04/21 23:00:00+00,Thu 22 Apr 2021,31650,12200,1,983214,412414,291,983505,412705,19.2835458956843,8.09189156016328,542
-7.6926,53.28823,2021/04/22 23:00:00+00,Fri 23 Apr 2021,33628,12369,3,1016842,424783,294,1017136,425077,19.9429476598012,8.33446890325905,543
-7.6926,53.28823,2021/04/23 23:00:00+00,Sat 24 Apr 2021,23714,7020,2,1040556,431803,296,1040852,432099,20.4079463882896,8.47214899566274,544
-7.6926,53.28823,2021/04/24 23:00:00+00,Sun 25 Apr 2021,9766,312,3,1050322,432115,299,1050621,432414,20.5994868073571,8.47832518892779,545
-7.6926,53.28823,2021/04/25 23:00:00+00,Mon 26 Apr 2021,15610,3064,4,1065932,435179,303,1066235,435482,20.905629923676,8.53847935063308,546
-7.6926,53.28823,2021/04/26 23:00:00+00,Tue 27 Apr 2021,25938,7830,9,1091870,443009,312,1092182,443321,21.4143717860512,8.6921783316004,547
-7.6926,53.28823,2021/04/27 23:00:00+00,Wed 28 Apr 2021,26062,8636,7,1117932,451645,319,1118251,451964,21.9255056978814,8.86164131061566,548
-7.6926,53.28823,2021/04/28 23:00:00+00,Thu 29 Apr 2021,31711,11340,7,1149643,462985,326,1149969,463311,22.5473993422648,9.08412151689659,549
-7.6926,53.28823,2021/04/29 23:00:00+00,Fri 30 Apr 2021,36121,13548,9,1185764,476533,335,1186099,476868,23.2557989062844,9.34993311084659,550
-7.6926,53.28823,2021/04/30 23:00:00+00,Sat 01 May 2021,16650,6706,21,1202414,483239,356,1202770,483595,23.582666582226,9.48182914924016,551
-7.6926,53.28823,2021/05/01 23:00:00+00,Sun 02 May 2021,12487,915,16,1214901,484154,372,1215273,484526,23.8278124374415,9.50008323155686,552
-7.6926,53.28823,2021/05/02 23:00:00+00,Mon 03 May 2021,14288,944,21,1229189,485098,393,1229582,485491,24.1083684673767,9.51900395060692,553
-7.6926,53.28823,2021/05/03 23:00:00+00,Tue 04 May 2021,26685,6815,11,1255874,491913,404,1256278,492317,24.6317959448488,9.65284107831237,554
-7.6926,53.28823,2021/05/04 23:00:00+00,Wed 05 May 2021,32158,13478,70,1288032,505391,474,1288506,505865,25.2636891402327,9.91847620959765,555
-7.6926,53.28823,2021/05/05 23:00:00+00,Thu 06 May 2021,37319,14389,133,1325351,519780,607,1325958,520387,25.9980091090028,10.2032085225977,556
-7.6926,53.28823,2021/05/06 23:00:00+00,Fri 07 May 2021,40622,15104,99,1365973,534884,706,1366679,535590,26.7964242389901,10.5012931772279,557
-7.6926,53.28823,2021/05/07 23:00:00+00,Sat 08 May 2021,25649,7072,10,1391622,541956,716,1392338,542672,27.2995192960944,10.6401496873964,558
-7.6926,53.28823,2021/05/08 23:00:00+00,Sun 09 May 2021,19688,936,5,1411310,542892,721,1412031,543613,27.6856392134549,10.6585998393405,559
-7.6926,53.28823,2021/05/09 23:00:00+00,Mon 10 May 2021,28878,4670,172,1440188,547562,893,1441081,548455,28.2552214812315,10.7535367529576,560
-7.6926,53.28823,2021/05/10 23:00:00+00,Tue 11 May 2021,33938,14831,153,1474126,562393,1046,1475172,563439,28.9236424482116,11.0473274827464,561
-7.6926,53.28823,2021/05/11 23:00:00+00,Wed 12 May 2021,31327,20941,176,1505453,583334,1222,1506675,584556,29.5413205956046,11.4613677150575,562
-7.6926,53.28823,2021/05/12 23:00:00+00,Thu 13 May 2021,36026,25492,153,1541479,608826,1375,1542854,610201,30.2506809007988,11.9641882746834,563
-7.6926,53.28823,2021/05/13 23:00:00+00,Fri 14 May 2021,38251,27962,237,1579730,636788,1612,1581342,638400,31.0053136829738,12.517085017163,564
-7.6926,53.28823,2021/05/14 23:00:00+00,Sat 15 May 2021,28897,12471,22,1608627,649259,1634,1610261,650893,31.5723274386307,12.762034802751,565
-7.6926,53.28823,2021/05/15 23:00:00+00,Sun 16 May 2021,23202,1188,11,1631829,650447,1645,1633474,652092,32.0274638648578,12.7855435510837,566
-7.6926,53.28823,2021/05/16 23:00:00+00,Mon 17 May 2021,35415,3968,120,1667244,654415,1765,1669009,656180,32.7241972860434,12.8656968147901,567
-7.6926,53.28823,2021/05/17 23:00:00+00,Tue 18 May 2021,39052,12520,127,1706296,666935,1892,1708188,668827,33.4923784794761,13.1136660726411,568
-7.6926,53.28823,2021/05/18 23:00:00+00,Wed 19 May 2021,37059,17622,212,1743355,684557,2104,1745459,686661,34.2231495879891,13.4633366462565,569
-7.6926,53.28823,2021/05/19 23:00:00+00,Thu 20 May 2021,39127,19651,138,1782482,704208,2242,1784724,706450,34.9930169802179,13.8513388320407,570
-7.6926,53.28823,2021/05/20 23:00:00+00,Fri 21 May 2021,25872,23270,14937,1808354,727478,17179,1825533,744657,35.7931575229269,14.6004620576841,571
-7.6926,53.28823,2021/05/21 23:00:00+00,Sat 22 May 2021,16623,10266,13524,1824977,737744,30703,1855680,768447,36.3842486288361,15.0669117014158,572
-7.6926,53.28823,2021/05/22 23:00:00+00,Sun 23 May 2021,8240,5544,10206,1833217,743288,40909,1874126,784197,36.7459186636522,15.3757213646681,573
-7.6926,53.28823,2021/05/23 23:00:00+00,Mon 24 May 2021,22583,8254,8453,1855800,751542,49362,1905162,800904,37.3544403594427,15.7032948912686,574
-7.6926,53.28823,2021/05/24 23:00:00+00,Tue 25 May 2021,30392,16536,3225,1886192,768078,52587,1938779,820665,38.0135676260811,16.0907480820959,575
-7.6926,53.28823,2021/05/25 23:00:00+00,Wed 26 May 2021,20012,25493,3056,1906204,793571,55643,1961847,849214,38.46586104271,16.6505072615367,576
-7.6926,53.28823,2021/05/26 23:00:00+00,Thu 27 May 2021,17052,36073,550,1923256,829644,56193,1979449,885837,38.8109828009683,17.3685730581901,577
-7.6926,53.28823,2021/05/27 23:00:00+00,Fri 28 May 2021,27077,31852,1562,1950333,861496,57755,2008088,919251,39.3725066070563,18.0237201113911,578
-7.6926,53.28823,2021/05/28 23:00:00+00,Sat 29 May 2021,24517,7408,538,1974850,868904,58293,2033143,927197,39.8637590586619,18.1795170373722,579
-7.6926,53.28823,2021/05/29 23:00:00+00,Sun 30 May 2021,24279,1697,210,1999129,870601,58503,2057632,929104,40.3439139693531,18.2169075153292,580
-7.6926,53.28823,2021/05/30 23:00:00+00,Mon 31 May 2021,22629,7326,3445,2021758,877927,61948,2083706,939875,40.8551459159971,18.4280941110683,581
-7.6926,53.28823,2021/05/31 23:00:00+00,Tue 01 Jun 2021,27657,11544,3657,2049415,889471,65605,2115020,955076,41.4691183474311,18.7261395517731,582
-7.6926,53.28823,2021/06/01 23:00:00+00,Wed 02 Jun 2021,18740,20926,4010,2068155,910397,69615,2137770,980012,41.9151767499067,19.2150587748119,583
-7.6926,53.28823,2021/06/02 23:00:00+00,Thu 03 Jun 2021,16733,30722,1978,2084888,941119,71593,2156481,1012712,42.2820426298505,19.856206456612,584
-7.6926,53.28823,2021/06/03 23:00:00+00,Fri 04 Jun 2021,29037,23360,155,2113925,964479,71748,2185673,1036227,42.8544090863371,20.3172641855885,585
-7.6926,53.28823,2021/06/04 23:00:00+00,Sat 05 Jun 2021,20998,11514,37,2134923,975993,71785,2206708,1047778,43.2668415477031,20.5437442122697,586
-7.6926,53.28823,2021/06/05 23:00:00+00,Sun 06 Jun 2021,19978,3927,47,2154901,979920,71832,2226733,1051752,43.6594709766954,20.621662282223,587
-7.6926,53.28823,2021/06/06 23:00:00+00,Mon 07 Jun 2021,19863,4617,48,2174764,984537,71880,2246644,1056417,44.0498652119346,20.713128763434,588
-7.6926,53.28823,2021/06/07 23:00:00+00,Tue 08 Jun 2021,26454,18361,48,2201218,1002898,71928,2273146,1074826,44.5694889386339,21.0740733406284,589
-7.6926,53.28823,2021/06/08 23:00:00+00,Wed 09 Jun 2021,32856,20143,178,2234074,1023041,72106,2306180,1095147,45.2171853459913,21.4725064305936,590
-7.6926,53.28823,2021/06/09 23:00:00+00,Thu 10 Jun 2021,27740,27519,273,2261814,1050560,72379,2334193,1122939,45.7664351934001,22.0174231392355,591
-7.6926,53.28823,2021/06/10 23:00:00+00,Fri 11 Jun 2021,26491,32924,44,2288305,1083484,72423,2360728,1155907,46.2867059498701,22.6638254870517,592
-7.6926,53.28823,2021/06/11 23:00:00+00,Sat 12 Jun 2021,12245,19745,105,2300550,1103229,72528,2373078,1175757,46.5288519397854,23.0530236975634,593
-7.6926,53.28823,2021/06/12 23:00:00+00,Sun 13 Jun 2021,8568,18190,835,2309118,1121419,73363,2382481,1194782,46.7132162104878,23.4260461638095,594
-7.6926,53.28823,2021/06/13 23:00:00+00,Mon 14 Jun 2021,16053,31332,56,2325171,1152751,73419,2398590,1226170,47.0290647733661,24.0414695104867,595
-7.6926,53.28823,2021/06/14 23:00:00+00,Tue 15 Jun 2021,14750,41611,207,2339921,1194362,73626,2413547,1267988,47.3223261151607,24.8613934786066,596
-7.6926,53.28823,2021/06/15 23:00:00+00,Wed 16 Jun 2021,13515,48414,220,2353436,1242776,73846,2427282,1316622,47.5916277484795,25.8149585048044,597
-7.6926,53.28823,2021/06/16 23:00:00+00,Thu 17 Jun 2021,21610,42714,536,2375046,1285490,74382,2449428,1359872,48.0258435454565,26.6629596435768,598
-7.6926,53.28823,2021/06/17 23:00:00+00,Fri 18 Jun 2021,12041,50052,555,2387087,1335542,74937,2462024,1410479,48.2728128482074,27.6552092072729,599
-7.6926,53.28823,2021/06/18 23:00:00+00,Sat 19 Jun 2021,6351,32830,434,2393438,1368372,75371,2468809,1443743,48.4058460904402,28.3074152160619,600
-7.6926,53.28823,2021/06/19 23:00:00+00,Sun 20 Jun 2021,8543,26159,178,2401981,1394531,75549,2477530,1470080,48.5768384125497,28.8238037939081,601
-7.6926,53.28823,2021/06/20 23:00:00+00,Mon 21 Jun 2021,15523,32369,575,2417504,1426900,76124,2493628,1503024,48.8924712988378,29.4697355746183,602
-7.6926,53.28823,2021/06/21 23:00:00+00,Tue 22 Jun 2021,15176,43580,723,2432680,1470480,76847,2509527,1547327,49.2042023995393,30.3383828451624,603
-7.6926,53.28823,2021/06/22 23:00:00+00,Wed 23 Jun 2021,20110,39420,887,2452790,1509900,77734,2530524,1587634,49.6158897963209,31.1286806925728,604
-7.6926,53.28823,2021/06/23 23:00:00+00,Thu 24 Jun 2021,19057,44291,1033,2471847,1554191,78767,2550614,1632958,50.0097936778917,32.0173466720808,605
-7.6926,53.28823,2021/06/24 23:00:00+00,Fri 25 Jun 2021,15240,50145,844,2487087,1604336,79611,2566698,1683947,50.3251520667013,33.0170860955459,606
-7.6926,53.28823,2021/06/25 23:00:00+00,Sat 26 Jun 2021,9096,30600,513,2496183,1634936,80124,2576307,1715060,50.5135553717294,33.6271175274679,607
-7.6926,53.28823,2021/06/26 23:00:00+00,Sun 27 Jun 2021,8752,30498,60,2504935,1665434,80184,2585119,1745618,50.6863319274487,34.2262670950657,608
-7.6926,53.28823,2021/06/27 23:00:00+00,Mon 28 Jun 2021,24263,24686,528,2529198,1690120,80712,2609910,1770832,51.1724081408894,34.720637053748,609
-7.6926,53.28823,2021/06/28 23:00:00+00,Tue 29 Jun 2021,28169,31076,813,2557367,1721196,81525,2638892,1802721,51.7406571351992,35.345883488761,610
-7.6926,53.28823,2021/06/29 23:00:00+00,Wed 30 Jun 2021,22618,36912,593,2579985,1758108,82118,2662103,1840226,52.1957543475009,36.0812426265566,611
-7.6926,53.28823,2021/06/30 23:00:00+00,Thu 01 Jul 2021,15086,48349,644,2595071,1806457,82762,2677833,1889219,52.5041718714983,37.0418465523803,612
-7.6926,53.28823,2021/07/01 23:00:00+00,Fri 02 Jul 2021,13719,47313,819,2608790,1853770,83581,2692371,1937351,52.7892178959023,37.9855688832796,613
-7.6926,53.28823,2021/07/02 23:00:00+00,Sat 03 Jul 2021,9339,30507,507,2618129,1884277,84088,2702217,1968365,52.9822680511012,38.5936592258897,614
-7.6926,53.28823,2021/07/03 23:00:00+00,Sun 04 Jul 2021,6469,27798,233,2624598,1912075,84321,2708919,1996396,53.1136739154262,39.1432619986279,615
-7.6926,53.28823,2021/07/04 23:00:00+00,Mon 05 Jul 2021,15656,33502,5344,2640254,1945577,89665,2729919,2035242,53.525420133096,39.9049140734661,616
-7.6926,53.28823,2021/07/05 23:00:00+00,Tue 06 Jul 2021,12429,48325,5491,2652683,1993902,95156,2747839,2089058,53.8767769055076,40.9600823806147,617
-7.6926,53.28823,2021/07/06 23:00:00+00,Wed 07 Jul 2021,19730,43799,5061,2672413,2037701,100217,2772630,2137918,54.3628531189482,41.9180785803931,618
-7.6926,53.28823,2021/07/07 23:00:00+00,Thu 08 Jul 2021,17815,45635,6004,2690228,2083336,106221,2796449,2189557,54.8298713645995,42.9305625296433,619
-7.6926,53.28823,2021/07/08 23:00:00+00,Fri 09 Jul 2021,13544,45128,6534,2703772,2128464,112755,2816527,2241219,55.2235399626174,43.9434974390366,620
-7.6926,53.28823,2021/07/09 23:00:00+00,Sat 10 Jul 2021,8666,23903,4365,2712438,2152367,117120,2829558,2269487,55.4790382941629,44.4977470619456,621
-7.6926,53.28823,2021/07/10 23:00:00+00,Sun 11 Jul 2021,15251,16137,2153,2727689,2168504,119273,2846962,2287777,55.8202778737974,44.8563584105733,622
-7.6926,53.28823,2021/07/11 23:00:00+00,Mon 12 Jul 2021,17141,31794,6096,2744830,2200298,125369,2870199,2325667,56.2758848671305,45.5992662290262,623
-7.6926,53.28823,2021/07/12 23:00:00+00,Tue 13 Jul 2021,20128,36605,8490,2764958,2236903,133859,2898817,2370762,56.8369969270007,46.4834422140653,624
-7.6926,53.28823,2021/07/13 23:00:00+00,Wed 14 Jul 2021,20813,35747,9335,2785771,2272650,143194,2928965,2415844,57.4281076398726,47.3673633085887,625
-7.6926,53.28823,2021/07/14 23:00:00+00,Thu 15 Jul 2021,23684,28878,9588,2809455,2301528,152782,2962237,2454310,58.0804705043636,48.1215647375833,626
-7.6926,53.28823,2021/07/15 23:00:00+00,Fri 16 Jul 2021,23538,27460,9169,2832993,2328988,161951,2994944,2490939,58.721755434903,48.8397481760133,627
-7.6926,53.28823,2021/07/16 23:00:00+00,Sat 17 Jul 2021,11528,19459,4683,2844521,2348447,166634,3011155,2515081,59.0396039079814,49.3130994706316,628
-7.6926,53.28823,2021/07/17 23:00:00+00,Sun 18 Jul 2021,16879,15845,1934,2861400,2364292,168568,3029968,2532860,59.4084696981253,49.661691661296,629
-7.6926,53.28823,2021/07/18 23:00:00+00,Mon 19 Jul 2021,24928,18476,6254,2886328,2382768,174822,3061150,2557590,60.0198540104768,50.1465718500091,630
-7.6926,53.28823,2021/07/19 23:00:00+00,Tue 20 Jul 2021,30621,18217,7700,2916949,2400985,182522,3099471,2583507,60.7712124298732,50.6547255035019,631
-7.6926,53.28823,2021/07/20 23:00:00+00,Wed 21 Jul 2021,30388,19870,6895,2947337,2420855,189417,3136754,2610272,61.5022188219392,51.1795058614035,632
-7.6926,53.28823,2021/07/21 23:00:00+00,Thu 22 Jul 2021,33569,15959,6939,2980906,2436814,196356,3177262,2633170,62.2964576688615,51.6284660943656,633
-7.6926,53.28823,2021/07/22 23:00:00+00,Fri 23 Jul 2021,27111,20876,5616,3008017,2457690,201972,3209989,2659662,62.9381347386558,52.1478937514374,634
-7.6926,53.28823,2021/07/23 23:00:00+00,Sat 24 Jul 2021,15462,14836,2277,3023479,2472526,204249,3227728,2676775,63.2859426508104,52.4834277049129,635
-7.6926,53.28823,2021/07/24 23:00:00+00,Sun 25 Jul 2021,14748,13664,1046,3038227,2486190,205295,3243522,2691485,63.5956150204236,52.7718461269092,636
-7.6926,53.28823,2021/07/25 23:00:00+00,Mon 26 Jul 2021,23873,18348,3423,3062100,2504538,208718,3270818,2713256,64.1308066755434,53.1987093128563,637
-7.6926,53.28823,2021/07/26 23:00:00+00,Tue 27 Jul 2021,25543,23944,3672,3087643,2528482,212390,3300033,2740872,64.7036240921731,53.7401751960549,638
-7.6926,53.28823,2022/06/12 23:00:00+00,Mon 13 Jun 2022,17,42,0,3855571,3807764,241224,4096795,4048988,80.325706943747,79.3883568757403,639
-7.6926,53.28823,2022/06/13 23:00:00+00,Tue 14 Jun 2022,36,55,0,3855607,3807819,241224,4096831,4049043,80.3264127944059,79.3894352586913,640
-7.6926,53.28823,2022/06/14 23:00:00+00,Wed 15 Jun 2022,64,124,0,3855671,3807943,241224,4096895,4049167,80.3276676400216,79.3918665220719,641
-7.6926,53.28823,2022/06/15 23:00:00+00,Thu 16 Jun 2022,41,84,0,3855712,3808027,241224,4096936,4049251,80.3284715254943,79.3935135069425,642
-7.6926,53.28823,2022/06/16 23:00:00+00,Fri 17 Jun 2022,58,95,0,3855770,3808122,241224,4096994,4049346,80.3296087293335,79.3953761684034,643
-7.6926,53.28823,2022/06/17 23:00:00+00,Sat 18 Jun 2022,223,488,0,3855993,3808610,241224,4097217,4049834,80.3339810820259,79.4049443662235,644
-7.6926,53.28823,2022/06/18 23:00:00+00,Sun 19 Jun 2022,79,129,0,3856072,3808739,241224,4097296,4049963,80.3355300320829,79.4074736644178,645
-7.6926,53.28823,2022/06/19 23:00:00+00,Mon 20 Jun 2022,9,28,0,3856081,3808767,241224,4097305,4049991,80.3357064947476,79.4080226593747,646
-7.6926,53.28823,2022/06/20 23:00:00+00,Tue 21 Jun 2022,73,169,2,3856154,3808936,241226,4097380,4050162,80.3371770169535,79.4113754500043,647
-7.6926,53.28823,2022/06/21 23:00:00+00,Wed 22 Jun 2022,60,96,0,3856214,3809032,241226,4097440,4050258,80.3383534347183,79.4132577184279,648
-7.6926,53.28823,2022/06/22 23:00:00+00,Thu 23 Jun 2022,62,113,0,3856276,3809145,241226,4097502,4050371,80.3395690664086,79.4154733052183,649
-7.6926,53.28823,2022/06/23 23:00:00+00,Fri 24 Jun 2022,55,93,1,3856331,3809238,241227,4097558,4050465,80.3406670563224,79.4173163597164,650
-7.6926,53.28823,2022/06/24 23:00:00+00,Sat 25 Jun 2022,210,293,0,3856541,3809531,241227,4097768,4050758,80.3447845184991,79.423061199801,651
-7.6926,53.28823,2022/06/25 23:00:00+00,Sun 26 Jun 2022,174,402,0,3856715,3809933,241227,4097942,4051160,80.3481961300169,79.430943198825,652
-7.6926,53.28823,2022/06/26 23:00:00+00,Mon 27 Jun 2022,5,35,0,3856720,3809968,241227,4097947,4051195,80.3482941648306,79.4316294425211,653
-7.6926,53.28823,2022/06/27 23:00:00+00,Tue 28 Jun 2022,48,60,0,3856768,3810028,241227,4097995,4051255,80.3492352990424,79.4328058602859,654
-7.6926,53.28823,2022/06/28 23:00:00+00,Wed 29 Jun 2022,62,81,4,3856830,3810109,241231,4098061,4051340,80.3505293585837,79.4344724521193,655
-7.6926,53.28823,2022/06/29 23:00:00+00,Thu 30 Jun 2022,48,89,0,3856878,3810198,241231,4098109,4051429,80.3514704927955,79.4362174718037,656
-7.6926,53.28823,2022/06/30 23:00:00+00,Fri 01 Jul 2022,45,67,0,3856923,3810265,241231,4098154,4051496,80.3523528061191,79.4375311383077,657
-7.6926,53.28823,2022/07/01 23:00:00+00,Sat 02 Jul 2022,181,228,0,3857104,3810493,241231,4098335,4051724,80.3559016663762,79.4420015258139,658
-7.6926,53.28823,2022/07/02 23:00:00+00,Sun 03 Jul 2022,108,274,0,3857212,3810767,241231,4098443,4051998,80.3580192183528,79.4473738336063,659
-7.6926,53.28823,2022/07/03 23:00:00+00,Mon 04 Jul 2022,14,15,1,3857226,3810782,241232,4098458,4052014,80.3583133227939,79.4476875450102,660
-7.6926,53.28823,2022/07/04 23:00:00+00,Tue 05 Jul 2022,50,69,0,3857276,3810851,241232,4098508,4052083,80.3592936709312,79.4490404254397,661
-7.6926,53.28823,2022/07/05 23:00:00+00,Wed 06 Jul 2022,60,83,0,3857336,3810934,241232,4098568,4052166,80.360470088696,79.4506678033477,662
-7.6926,53.28823,2022/07/06 23:00:00+00,Thu 07 Jul 2022,78,77,0,3857414,3811011,241232,4098646,4052243,80.3619994317902,79.4521775394791,663
-7.6926,53.28823,2022/07/07 23:00:00+00,Fri 08 Jul 2022,98,91,0,3857512,3811102,241232,4098744,4052334,80.3639209141393,79.453961773089,664
-7.6926,53.28823,2022/07/08 23:00:00+00,Sat 09 Jul 2022,119,144,0,3857631,3811246,241232,4098863,4052478,80.3662541427061,79.4567851757245,665
-7.6926,53.28823,2022/07/09 23:00:00+00,Sun 10 Jul 2022,134,219,0,3857765,3811465,241232,4098997,4052697,80.3688814757141,79.4610791005659,666
-7.6926,53.28823,2022/07/10 23:00:00+00,Mon 11 Jul 2022,10,16,0,3857775,3811481,241232,4099007,4052713,80.3690775453416,79.4613928119698,667
-7.6926,53.28823,2022/07/11 23:00:00+00,Tue 12 Jul 2022,38,82,0,3857813,3811563,241232,4099045,4052795,80.3698226099259,79.463000582915,668
-7.6926,53.28823,2022/07/12 23:00:00+00,Wed 13 Jul 2022,93,74,1,3857906,3811637,241233,4099139,4052870,80.3716656644241,79.464471105121,669
-7.6926,53.28823,2022/07/13 23:00:00+00,Thu 14 Jul 2022,45,39,0,3857951,3811676,241233,4099184,4052909,80.3725479777477,79.4652357766681,670
-7.6926,53.28823,2022/07/14 23:00:00+00,Fri 15 Jul 2022,75,118,1,3858026,3811794,241234,4099260,4053028,80.3740381069164,79.4675690052349,671
-7.6926,53.28823,2022/07/15 23:00:00+00,Sat 16 Jul 2022,122,209,0,3858148,3812003,241234,4099382,4053237,80.3764301563714,79.4716668604488,672
-7.6926,53.28823,2022/07/16 23:00:00+00,Sun 17 Jul 2022,119,165,0,3858267,3812168,241234,4099501,4053402,80.3787633849382,79.4749020093019,673
-7.6926,53.28823,2022/07/17 23:00:00+00,Mon 18 Jul 2022,12,18,0,3858279,3812186,241234,4099513,4053420,80.3789986684912,79.4752549346314,674
-7.6926,53.28823,2022/07/18 23:00:00+00,Tue 19 Jul 2022,29,34,0,3858308,3812220,241234,4099542,4053454,80.3795672704108,79.4759215713647,675
-7.6926,53.28823,2022/07/19 23:00:00+00,Wed 20 Jul 2022,75,66,0,3858383,3812286,241234,4099617,4053520,80.3810377926168,79.477215630906,676
-7.6926,53.28823,2022/07/20 23:00:00+00,Thu 21 Jul 2022,49,30,0,3858432,3812316,241234,4099666,4053550,80.3819985337913,79.4778038397884,677
-7.6926,53.28823,2022/07/21 23:00:00+00,Fri 22 Jul 2022,73,70,0,3858505,3812386,241234,4099739,4053620,80.3834298420718,79.4791763271806,678
-7.6926,53.28823,2022/07/22 23:00:00+00,Sat 23 Jul 2022,100,175,0,3858605,3812561,241234,4099839,4053795,80.3853905383464,79.4826075456612,679
-7.6926,53.28823,2022/07/23 23:00:00+00,Sun 24 Jul 2022,108,230,0,3858713,3812791,241234,4099947,4054025,80.387508090323,79.4871171470928,680
-7.6926,53.28823,2022/07/24 23:00:00+00,Mon 25 Jul 2022,14,23,0,3858727,3812814,241234,4099961,4054048,80.3877825878015,79.487568107236,681
-7.6926,53.28823,2022/07/25 23:00:00+00,Tue 26 Jul 2022,17,16,0,3858744,3812830,241234,4099978,4054064,80.3881159061681,79.4878818186399,682
-7.6926,53.28823,2022/07/26 23:00:00+00,Wed 27 Jul 2022,58,72,1,3858802,3812902,241235,4100037,4054137,80.3892727169702,79.4893131269204,683
-7.6926,53.28823,2022/07/27 23:00:00+00,Thu 28 Jul 2022,33,73,0,3858835,3812975,241235,4100070,4054210,80.3899197467408,79.4907444352009,684
-7.6926,53.28823,2022/07/28 23:00:00+00,Fri 29 Jul 2022,70,105,0,3858905,3813080,241235,4100140,4054315,80.391292234133,79.4928031662892,685
-7.6926,53.28823,2022/07/29 23:00:00+00,Sat 30 Jul 2022,100,119,0,3859005,3813199,241235,4100240,4054434,80.3932529304076,79.495136394856,686
-7.6926,53.28823,2022/07/30 23:00:00+00,Sun 31 Jul 2022,32,57,0,3859037,3813256,241235,4100272,4054491,80.3938803532155,79.4962539917325,687
-7.6926,53.28823,2022/07/31 23:00:00+00,Mon 01 Aug 2022,10,15,0,3859047,3813271,241235,4100282,4054506,80.394076422843,79.4965480961737,688
-7.6926,53.28823,2022/08/01 23:00:00+00,Tue 02 Aug 2022,36,30,0,3859083,3813301,241235,4100318,4054536,80.3947822735018,79.4971363050561,689
-7.6926,53.28823,2022/08/02 23:00:00+00,Wed 03 Aug 2022,89,139,0,3859172,3813440,241235,4100407,4054675,80.3965272931863,79.4998616728778,690
-7.6926,53.28823,2022/08/03 23:00:00+00,Thu 04 Aug 2022,43,55,0,3859215,3813495,241235,4100450,4054730,80.3973703925843,79.5009400558289,691
-7.6926,53.28823,2022/08/04 23:00:00+00,Fri 05 Aug 2022,94,91,0,3859309,3813586,241235,4100544,4054821,80.3992134470825,79.5027242894388,692
-7.6926,53.28823,2022/08/05 23:00:00+00,Sat 06 Aug 2022,74,130,0,3859383,3813716,241235,4100618,4054951,80.4006643623257,79.5052731945958,693
-7.6926,53.28823,2022/08/06 23:00:00+00,Sun 07 Aug 2022,29,80,0,3859412,3813796,241235,4100647,4055031,80.4012329642453,79.5068417516155,694
-7.6926,53.28823,2022/08/07 23:00:00+00,Mon 08 Aug 2022,11,16,0,3859423,3813812,241235,4100658,4055047,80.4014486408355,79.5071554630194,695
-7.6926,53.28823,2022/08/08 23:00:00+00,Tue 09 Aug 2022,46,41,0,3859469,3813853,241235,4100704,4055088,80.4023505611219,79.507959348492,696
-7.6926,53.28823,2022/08/09 23:00:00+00,Wed 10 Aug 2022,54,94,1,3859523,3813947,241236,4100759,4055183,80.4034289440729,79.5098220099529,697
-7.6926,53.28823,2022/08/10 23:00:00+00,Thu 11 Aug 2022,22,42,0,3859545,3813989,241236,4100781,4055225,80.4038602972533,79.5106455023882,698
-7.6926,53.28823,2022/08/11 23:00:00+00,Fri 12 Aug 2022,66,75,0,3859611,3814064,241236,4100847,4055300,80.4051543567946,79.5121160245942,699
-7.6926,53.28823,2022/08/12 23:00:00+00,Sat 13 Aug 2022,101,151,0,3859712,3814215,241236,4100948,4055451,80.4071346600319,79.5150766759689,700
-7.6926,53.28823,2022/08/13 23:00:00+00,Sun 14 Aug 2022,17,26,0,3859729,3814241,241236,4100965,4055477,80.4074679783986,79.5155864570003,701
-7.6926,53.28823,2022/08/14 23:00:00+00,Mon 15 Aug 2022,6,11,0,3859735,3814252,241236,4100971,4055488,80.4075856201751,79.5158021335905,702
-7.6926,53.28823,2022/08/15 23:00:00+00,Tue 16 Aug 2022,41,29,0,3859776,3814281,241236,4101012,4055517,80.4083895056477,79.5163707355101,703
-7.6926,53.28823,2022/08/16 23:00:00+00,Wed 17 Aug 2022,49,58,0,3859825,3814339,241236,4101061,4055575,80.4093502468223,79.5175079393494,704
-7.6926,53.28823,2022/08/17 23:00:00+00,Thu 18 Aug 2022,52,40,0,3859877,3814379,241236,4101113,4055615,80.4103698088851,79.5182922178592,705
-7.6926,53.28823,2022/08/18 23:00:00+00,Fri 19 Aug 2022,69,56,0,3859946,3814435,241236,4101182,4055671,80.4117226893145,79.519390207773,706
-7.6926,53.28823,2022/08/19 23:00:00+00,Sat 20 Aug 2022,109,127,0,3860055,3814562,241236,4101291,4055798,80.4138598482539,79.5218802920418,707
-7.6926,53.28823,2022/08/20 23:00:00+00,Sun 21 Aug 2022,39,36,0,3860094,3814598,241236,4101330,4055834,80.414624519801,79.5225861427006,708
-7.6926,53.28823,2022/08/21 23:00:00+00,Mon 22 Aug 2022,12,13,0,3860106,3814611,241236,4101342,4055847,80.4148598033539,79.5228410332164,709
-7.6926,53.28823,2022/08/22 23:00:00+00,Tue 23 Aug 2022,76,72,0,3860182,3814683,241236,4101418,4055919,80.4163499325226,79.5242527345341,710
-7.6926,53.28823,2022/08/23 23:00:00+00,Wed 24 Aug 2022,53,56,0,3860235,3814739,241236,4101471,4055975,80.4173891015482,79.5253507244479,711
-7.6926,53.28823,2022/08/24 23:00:00+00,Thu 25 Aug 2022,38,49,0,3860273,3814788,241236,4101509,4056024,80.4181341661325,79.5263114656224,712
-7.6926,53.28823,2022/08/25 23:00:00+00,Fri 26 Aug 2022,95,90,0,3860368,3814878,241236,4101604,4056114,80.4199968275934,79.5280760922696,713
-7.6926,53.28823,2022/08/26 23:00:00+00,Sat 27 Aug 2022,86,119,0,3860454,3814997,241236,4101690,4056233,80.4216830263896,79.5304093208364,714
-7.6926,53.28823,2022/08/27 23:00:00+00,Sun 28 Aug 2022,44,21,0,3860498,3815018,241236,4101734,4056254,80.4225457327504,79.530821067054,715
-7.6926,53.28823,2022/08/28 23:00:00+00,Mon 29 Aug 2022,11,12,0,3860509,3815030,241236,4101745,4056266,80.4227614093406,79.531056350607,716
-7.6926,53.28823,2022/08/29 23:00:00+00,Tue 30 Aug 2022,41,44,1,3860550,3815074,241237,4101787,4056311,80.423584901776,79.5319386639306,717
-7.6926,53.28823,2022/08/30 23:00:00+00,Wed 31 Aug 2022,26,29,0,3860576,3815103,241237,4101813,4056340,80.4240946828074,79.5325072658502,718
-7.6926,53.28823,2022/08/31 23:00:00+00,Thu 01 Sep 2022,33,33,0,3860609,3815136,241237,4101846,4056373,80.424741712578,79.5331542956208,719
-7.6926,53.28823,2022/09/01 23:00:00+00,Fri 02 Sep 2022,47,51,0,3860656,3815187,241237,4101893,4056424,80.4256632398271,79.5341542507209,720
-7.6926,53.28823,2022/09/02 23:00:00+00,Sat 03 Sep 2022,66,101,0,3860722,3815288,241237,4101959,4056525,80.4269572993683,79.5361345539583,721
-7.6926,53.28823,2022/09/03 23:00:00+00,Sun 04 Sep 2022,58,82,0,3860780,3815370,241237,4102017,4056607,80.4280945032076,79.5377423249034,722
-7.6926,53.28823,2022/09/04 23:00:00+00,Mon 05 Sep 2022,10,5,0,3860790,3815375,241237,4102027,4056612,80.4282905728351,79.5378403597172,723
-7.6926,53.28823,2022/09/05 23:00:00+00,Tue 06 Sep 2022,37,22,0,3860827,3815397,241237,4102064,4056634,80.4290160304567,79.5382717128976,724
-7.6926,53.28823,2022/09/06 23:00:00+00,Wed 07 Sep 2022,39,42,0,3860866,3815439,241237,4102103,4056676,80.4297807020038,79.5390952053329,725
-7.6926,53.28823,2022/09/07 23:00:00+00,Thu 08 Sep 2022,31,52,2,3860897,3815491,241239,4102136,4056730,80.4304277317744,79.5401539813212,726
-7.6926,53.28823,2022/09/08 23:00:00+00,Fri 09 Sep 2022,59,60,0,3860956,3815551,241239,4102195,4056790,80.4315845425764,79.541330399086,727
-7.6926,53.28823,2022/09/09 23:00:00+00,Sat 10 Sep 2022,94,135,0,3861050,3815686,241239,4102289,4056925,80.4334275970746,79.5439773390567,728
-7.6926,53.28823,2022/09/10 23:00:00+00,Sun 11 Sep 2022,58,58,0,3861108,3815744,241239,4102347,4056983,80.4345648009138,79.545114542896,729
-7.6926,53.28823,2022/09/11 23:00:00+00,Mon 12 Sep 2022,11,13,0,3861119,3815757,241239,4102358,4056996,80.434780477504,79.5453694334117,730
-7.6926,53.28823,2022/09/12 23:00:00+00,Tue 13 Sep 2022,25,25,0,3861144,3815782,241239,4102383,4057021,80.4352706515727,79.5458596074804,731
-7.6926,53.28823,2022/09/13 23:00:00+00,Wed 14 Sep 2022,32,32,0,3861176,3815814,241239,4102415,4057053,80.4358980743806,79.5464870302882,732
-7.6926,53.28823,2022/09/14 23:00:00+00,Thu 15 Sep 2022,33,36,0,3861209,3815850,241239,4102448,4057089,80.4365451041512,79.5471928809471,733
-7.6926,53.28823,2022/09/15 23:00:00+00,Fri 16 Sep 2022,36,56,0,3861245,3815906,241239,4102484,4057145,80.4372509548101,79.5482908708609,734
-7.6926,53.28823,2022/09/16 23:00:00+00,Sat 17 Sep 2022,64,149,0,3861309,3816055,241239,4102548,4057294,80.4385058004258,79.5512123083101,735
-7.6926,53.28823,2022/09/17 23:00:00+00,Sun 18 Sep 2022,30,54,0,3861339,3816109,241239,4102578,4057348,80.4390940093082,79.5522710842984,736
-7.6926,53.28823,2022/09/18 23:00:00+00,Mon 19 Sep 2022,9,11,0,3861348,3816120,241239,4102587,4057359,80.4392704719729,79.5524867608886,737
-7.6926,53.28823,2022/09/19 23:00:00+00,Tue 20 Sep 2022,35,37,0,3861383,3816157,241239,4102622,4057396,80.439956715669,79.5532122185102,738
-7.6926,53.28823,2022/09/20 23:00:00+00,Wed 21 Sep 2022,38,32,0,3861421,3816189,241239,4102660,4057428,80.4407017802534,79.5538396413181,739
-7.6926,53.28823,2022/09/21 23:00:00+00,Thu 22 Sep 2022,37,35,0,3861458,3816224,241239,4102697,4057463,80.441427237875,79.5545258850142,740
-7.6926,53.28823,2022/09/22 23:00:00+00,Fri 23 Sep 2022,35,40,0,3861493,3816264,241239,4102732,4057503,80.4421134815711,79.555310163524,741
-7.6926,53.28823,2022/09/23 23:00:00+00,Sat 24 Sep 2022,54,104,0,3861547,3816368,241239,4102786,4057607,80.4431722575594,79.5573492876496,742
-7.6926,53.28823,2023/01/15 00:00:00+00,Sun 15 Jan 2023,60,30,0,3865027,3819440,241245,4106272,4060685,80.5115221296926,79.6176995189824,743
-7.6926,53.28823,2023/01/16 00:00:00+00,Mon 16 Jan 2023,6,2,0,3865033,3819442,241245,4106278,4060687,80.5116397714691,79.6177387329079,744
-7.6926,53.28823,2023/01/17 00:00:00+00,Tue 17 Jan 2023,14,19,0,3865047,3819461,241245,4106292,4060706,80.5119142689475,79.6181112652001,745
-7.6926,53.28823,2023/01/18 00:00:00+00,Wed 18 Jan 2023,33,16,0,3865080,3819477,241245,4106325,4060722,80.5125612987182,79.618424976604,746
-7.6926,53.28823,2023/01/19 00:00:00+00,Thu 19 Jan 2023,15,7,0,3865095,3819484,241245,4106340,4060729,80.5128554031593,79.6185622253432,747
-7.6926,53.28823,2023/01/20 00:00:00+00,Fri 20 Jan 2023,17,8,0,3865112,3819492,241245,4106357,4060737,80.513188721526,79.6187190810452,748
-7.6926,53.28823,2023/01/21 00:00:00+00,Sat 21 Jan 2023,73,27,0,3865185,3819519,241245,4106430,4060764,80.5146200298065,79.6192484690393,749
-7.6926,53.28823,2023/01/22 00:00:00+00,Sun 22 Jan 2023,20,13,0,3865205,3819532,241245,4106450,4060777,80.5150121690614,79.619503359555,750
-7.6926,53.28823,2023/01/23 00:00:00+00,Mon 23 Jan 2023,3,1,0,3865208,3819533,241245,4106453,4060778,80.5150709899497,79.6195229665178,751
-7.6926,53.28823,2023/01/24 00:00:00+00,Tue 24 Jan 2023,16,13,0,3865224,3819546,241245,4106469,4060791,80.5153847013536,79.6197778570335,752
-7.6926,53.28823,2023/01/25 00:00:00+00,Wed 25 Jan 2023,24,17,0,3865248,3819563,241245,4106493,4060808,80.5158552684595,79.6201111754002,753
-7.6926,53.28823,2023/01/26 00:00:00+00,Thu 26 Jan 2023,12,12,0,3865260,3819575,241245,4106505,4060820,80.5160905520125,79.6203464589531,754
-7.6926,53.28823,2023/01/27 00:00:00+00,Fri 27 Jan 2023,12,9,0,3865272,3819584,241245,4106517,4060829,80.5163258355654,79.6205229216178,755
-7.6926,53.28823,2023/01/28 00:00:00+00,Sat 28 Jan 2023,24,57,0,3865296,3819641,241245,4106541,4060886,80.5167964026713,79.6216405184944,756
-7.6926,53.28823,2023/01/29 00:00:00+00,Sun 29 Jan 2023,28,28,0,3865324,3819669,241245,4106569,4060914,80.5173453976282,79.6221895134513,757
-7.6926,53.28823,2023/01/30 00:00:00+00,Mon 30 Jan 2023,5,2,0,3865329,3819671,241245,4106574,4060916,80.517443432442,79.6222287273768,758
-7.6926,53.28823,2023/01/31 00:00:00+00,Tue 31 Jan 2023,23,15,0,3865352,3819686,241245,4106597,4060931,80.5178943925851,79.6225228318179,759
-7.6926,53.28823,2023/02/01 00:00:00+00,Wed 01 Feb 2023,14,37,0,3865366,3819723,241245,4106611,4060968,80.5181688900636,79.6232482894396,760
-7.6926,53.28823,2023/02/02 00:00:00+00,Thu 02 Feb 2023,13,13,0,3865379,3819736,241245,4106624,4060981,80.5184237805793,79.6235031799553,761
-7.6926,53.28823,2023/02/03 00:00:00+00,Fri 03 Feb 2023,15,10,0,3865394,3819746,241245,4106639,4060991,80.5187178850205,79.6236992495827,762
-7.6926,53.28823,2023/02/04 00:00:00+00,Sat 04 Feb 2023,38,44,0,3865432,3819790,241245,4106677,4061035,80.5194629496048,79.6245619559435,763
-7.6926,53.28823,2023/02/05 00:00:00+00,Sun 05 Feb 2023,29,22,0,3865461,3819812,241245,4106706,4061057,80.5200315515245,79.624993309124,764
-7.6926,53.28823,2023/02/06 00:00:00+00,Mon 06 Feb 2023,12,7,0,3865473,3819819,241245,4106718,4061064,80.5202668350774,79.6251305578632,765
-7.6926,53.28823,2023/02/07 00:00:00+00,Tue 07 Feb 2023,20,13,0,3865493,3819832,241245,4106738,4061077,80.5206589743323,79.6253854483789,766
-7.6926,53.28823,2023/02/08 00:00:00+00,Wed 08 Feb 2023,25,31,0,3865518,3819863,241245,4106763,4061108,80.521149148401,79.625993264224,767
-7.6926,53.28823,2023/02/09 00:00:00+00,Thu 09 Feb 2023,7,15,0,3865525,3819878,241245,4106770,4061123,80.5212863971402,79.6262873686652,768
-7.6926,53.28823,2023/02/10 00:00:00+00,Fri 10 Feb 2023,7,15,0,3865532,3819893,241245,4106777,4061138,80.5214236458794,79.6265814731064,769
-7.6926,53.28823,2023/02/11 00:00:00+00,Sat 11 Feb 2023,34,47,0,3865566,3819940,241245,4106811,4061185,80.5220902826128,79.6275030003555,770
-7.6926,53.28823,2023/02/12 00:00:00+00,Sun 12 Feb 2023,17,36,0,3865583,3819976,241245,4106828,4061221,80.5224236009795,79.6282088510143,771
-7.6926,53.28823,2023/02/13 00:00:00+00,Mon 13 Feb 2023,1,1,0,3865584,3819977,241245,4106829,4061222,80.5224432079422,79.6282284579771,772
-7.6926,53.28823,2023/02/14 00:00:00+00,Tue 14 Feb 2023,11,23,0,3865595,3820000,241245,4106840,4061245,80.5226588845324,79.6286794181202,773
-7.6926,53.28823,2023/02/15 00:00:00+00,Wed 15 Feb 2023,15,13,0,3865610,3820013,241245,4106855,4061258,80.5229529889736,79.6289343086359,774
-7.6926,53.28823,2023/02/16 00:00:00+00,Thu 16 Feb 2023,13,11,0,3865623,3820024,241245,4106868,4061269,80.5232078794893,79.6291499852261,775
-7.6926,53.28823,2023/02/17 00:00:00+00,Fri 17 Feb 2023,5,12,0,3865628,3820036,241245,4106873,4061281,80.5233059143031,79.6293852687791,776
-7.6926,53.28823,2023/02/18 00:00:00+00,Sat 18 Feb 2023,21,43,0,3865649,3820079,241245,4106894,4061324,80.5237176605207,79.6302283681772,777
-7.6926,53.28823,2023/02/19 00:00:00+00,Sun 19 Feb 2023,22,31,0,3865671,3820110,241245,4106916,4061355,80.5241490137011,79.6308361840223,778
-7.6926,53.28823,2023/02/20 00:00:00+00,Mon 20 Feb 2023,3,0,0,3865674,3820110,241245,4106919,4061355,80.5242078345894,79.6308361840223,779
-7.6926,53.28823,2023/02/21 00:00:00+00,Tue 21 Feb 2023,52,16,0,3865726,3820126,241245,4106971,4061371,80.5252273966522,79.6311498954263,780
-7.6926,53.28823,2023/02/22 00:00:00+00,Wed 22 Feb 2023,22,17,0,3865748,3820143,241245,4106993,4061388,80.5256587498326,79.6314832137929,781
-7.6926,53.28823,2023/02/23 00:00:00+00,Thu 23 Feb 2023,21,11,0,3865769,3820154,241245,4107014,4061399,80.5260704960503,79.6316988903832,782
-7.6926,53.28823,2023/02/24 00:00:00+00,Fri 24 Feb 2023,13,13,0,3865782,3820167,241245,4107027,4061412,80.526325386566,79.6319537808989,783
-7.6926,53.28823,2023/02/25 00:00:00+00,Sat 25 Feb 2023,49,19,0,3865831,3820186,241245,4107076,4061431,80.5272861277405,79.632326313191,784
-7.6926,53.28823,2023/02/26 00:00:00+00,Sun 26 Feb 2023,78,41,0,3865909,3820227,241245,4107154,4061472,80.5288154708347,79.6331301986636,785
-7.6926,53.28823,2023/02/27 00:00:00+00,Mon 27 Feb 2023,1,2,0,3865910,3820229,241245,4107155,4061474,80.5288350777975,79.6331694125891,786
-7.6926,53.28823,2023/02/28 00:00:00+00,Tue 28 Feb 2023,32,11,0,3865942,3820240,241245,4107187,4061485,80.5294625006054,79.6333850891793,787
-7.6926,53.28823,2023/03/01 00:00:00+00,Wed 01 Mar 2023,22,18,0,3865964,3820258,241245,4107209,4061503,80.5298938537858,79.6337380145088,788
-7.6926,53.28823,2023/03/02 00:00:00+00,Thu 02 Mar 2023,20,14,0,3865984,3820272,241245,4107229,4061517,80.5302859930407,79.6340125119872,789
-7.6926,53.28823,2023/03/03 00:00:00+00,Fri 03 Mar 2023,11,13,0,3865995,3820285,241245,4107240,4061530,80.5305016696309,79.6342674025029,790
-7.6926,53.28823,2023/03/04 00:00:00+00,Sat 04 Mar 2023,39,25,0,3866034,3820310,241245,4107279,4061555,80.531266341178,79.6347575765716,791
-7.6926,53.28823,2023/03/05 00:00:00+00,Sun 05 Mar 2023,27,19,0,3866061,3820329,241245,4107306,4061574,80.5317957291722,79.6351301088637,792
-7.6926,53.28823,2023/03/06 00:00:00+00,Mon 06 Mar 2023,1,1,0,3866062,3820330,241245,4107307,4061575,80.5318153361349,79.6351497158265,793
-7.6926,53.28823,2023/03/07 00:00:00+00,Tue 07 Mar 2023,12,14,0,3866074,3820344,241245,4107319,4061589,80.5320506196879,79.6354242133049,794
-7.6926,53.28823,2023/03/08 00:00:00+00,Wed 08 Mar 2023,28,27,0,3866102,3820371,241245,4107347,4061616,80.5325996146448,79.6359536012991,795
-7.6926,53.28823,2023/03/09 00:00:00+00,Thu 09 Mar 2023,13,8,0,3866115,3820379,241245,4107360,4061624,80.5328545051605,79.6361104570011,796
-7.6926,53.28823,2023/03/10 00:00:00+00,Fri 10 Mar 2023,10,3,0,3866125,3820382,241245,4107370,4061627,80.5330505747879,79.6361692778893,797
-7.6926,53.28823,2023/03/11 00:00:00+00,Sat 11 Mar 2023,28,23,0,3866153,3820405,241245,4107398,4061650,80.5335995697448,79.6366202380324,798
-7.6926,53.28823,2023/03/12 00:00:00+00,Sun 12 Mar 2023,15,14,0,3866168,3820419,241245,4107413,4061664,80.533893674186,79.6368947355109,799
-7.6926,53.28823,2023/03/13 00:00:00+00,Mon 13 Mar 2023,2,0,0,3866170,3820419,241245,4107415,4061664,80.5339328881115,79.6368947355109,800
-7.6926,53.28823,2023/03/14 00:00:00+00,Tue 14 Mar 2023,11,17,0,3866181,3820436,241245,4107426,4061681,80.5341485647017,79.6372280538776,801
-7.6926,53.28823,2023/03/15 00:00:00+00,Wed 15 Mar 2023,29,24,0,3866210,3820460,241245,4107455,4061705,80.5347171666213,79.6376986209835,802
-7.6926,53.28823,2023/03/16 00:00:00+00,Thu 16 Mar 2023,10,17,0,3866220,3820477,241245,4107465,4061722,80.5349132362488,79.6380319393502,803
-7.6926,53.28823,2023/03/18 00:00:00+00,Sat 18 Mar 2023,20,45,0,3866240,3820522,241245,4107485,4061767,80.5353053755037,79.6389142526738,804
-7.6926,53.28823,2023/03/19 00:00:00+00,Sun 19 Mar 2023,13,38,0,3866253,3820560,241245,4107498,4061805,80.5355602660194,79.6396593172581,805
-7.6926,53.28823,2023/03/20 00:00:00+00,Mon 20 Mar 2023,9,3,0,3866262,3820563,241245,4107507,4061808,80.5357367286841,79.6397181381463,806
-7.6926,53.28823,2023/03/21 00:00:00+00,Tue 21 Mar 2023,25,24,0,3866287,3820587,241245,4107532,4061832,80.5362269027528,79.6401887052523,807
-7.6926,53.28823,2023/03/22 00:00:00+00,Wed 22 Mar 2023,12,17,0,3866299,3820604,241245,4107544,4061849,80.5364621863058,79.6405220236189,808
-7.6926,53.28823,2023/03/23 00:00:00+00,Thu 23 Mar 2023,9,15,0,3866308,3820619,241245,4107553,4061864,80.5366386489705,79.6408161280601,809
-7.6926,53.28823,2023/03/24 00:00:00+00,Fri 24 Mar 2023,10,9,0,3866318,3820628,241245,4107563,4061873,80.5368347185979,79.6409925907248,810
-7.6926,53.28823,2023/03/25 00:00:00+00,Sat 25 Mar 2023,20,44,0,3866338,3820672,241245,4107583,4061917,80.5372268578529,79.6418552970857,811
-7.6926,53.28823,2023/03/26 00:00:00+00,Sun 26 Mar 2023,44,43,1,3866382,3820715,241246,4107628,4061961,80.5381091711764,79.6427180034465,812
-7.6926,53.28823,2023/03/27 23:00:00+00,Tue 28 Mar 2023,13,25,0,3866395,3820740,241246,4107641,4061986,80.5383640616921,79.6432081775152,813
-7.6926,53.28823,2023/03/28 23:00:00+00,Wed 29 Mar 2023,11,21,0,3866406,3820761,241246,4107652,4062007,80.5385797382824,79.6436199237328,814
-7.6926,53.28823,2023/03/29 23:00:00+00,Thu 30 Mar 2023,7,15,1,3866413,3820776,241247,4107660,4062023,80.5387365939843,79.6439336351368,815
-7.6926,53.28823,2023/03/30 23:00:00+00,Fri 31 Mar 2023,11,11,0,3866424,3820787,241247,4107671,4062034,80.5389522705745,79.644149311727,816
-7.6926,53.28823,2023/03/31 23:00:00+00,Sat 01 Apr 2023,32,31,0,3866456,3820818,241247,4107703,4062065,80.5395796933824,79.6447571275721,817
-7.6926,53.28823,2023/04/01 23:00:00+00,Sun 02 Apr 2023,28,23,0,3866484,3820841,241247,4107731,4062088,80.5401286883393,79.6452080877153,818
-7.6926,53.28823,2023/04/02 23:00:00+00,Mon 03 Apr 2023,1,0,0,3866485,3820841,241247,4107732,4062088,80.540148295302,79.6452080877153,819
-7.6926,53.28823,2023/04/03 23:00:00+00,Tue 04 Apr 2023,23,23,0,3866508,3820864,241247,4107755,4062111,80.5405992554452,79.6456590478584,820
-7.6926,53.28823,2023/04/04 23:00:00+00,Wed 05 Apr 2023,10,27,0,3866518,3820891,241247,4107765,4062138,80.5407953250727,79.6461884358526,821
-7.6926,53.28823,2023/04/05 23:00:00+00,Thu 06 Apr 2023,17,22,0,3866535,3820913,241247,4107782,4062160,80.5411286434393,79.646619789033,822
-7.6926,53.28823,2023/04/06 23:00:00+00,Fri 07 Apr 2023,8,10,0,3866543,3820923,241247,4107790,4062170,80.5412854991413,79.6468158586605,823
-7.6926,53.28823,2023/04/07 23:00:00+00,Sat 08 Apr 2023,11,19,0,3866554,3820942,241247,4107801,4062189,80.5415011757315,79.6471883909526,824
-7.6926,53.28823,2023/04/08 23:00:00+00,Sun 09 Apr 2023,1,3,0,3866555,3820945,241247,4107802,4062192,80.5415207826943,79.6472472118409,825
-7.6926,53.28823,2023/04/10 23:00:00+00,Tue 11 Apr 2023,11,15,0,3866566,3820960,241247,4107813,4062207,80.5417364592845,79.6475413162821,826
-7.6926,53.28823,2023/04/11 23:00:00+00,Wed 12 Apr 2023,6,12,0,3866572,3820972,241247,4107819,4062219,80.5418541010609,79.647776599835,827
-7.6926,53.28823,2023/04/12 23:00:00+00,Thu 13 Apr 2023,11,17,0,3866583,3820989,241247,4107830,4062236,80.5420697776512,79.6481099182017,828
-7.6926,53.28823,2023/04/13 23:00:00+00,Fri 14 Apr 2023,6,7,0,3866589,3820996,241247,4107836,4062243,80.5421874194276,79.6482471669409,829
-7.6926,53.28823,2023/04/14 23:00:00+00,Sat 15 Apr 2023,21,32,0,3866610,3821028,241247,4107857,4062275,80.5425991656453,79.6488745897488,830
-7.6926,53.28823,2023/04/15 23:00:00+00,Sun 16 Apr 2023,28,31,0,3866638,3821059,241247,4107885,4062306,80.5431481606022,79.6494824055939,831
-7.6926,53.28823,2023/04/16 23:00:00+00,Mon 17 Apr 2023,3,0,0,3866641,3821059,241247,4107888,4062306,80.5432069814904,79.6494824055939,832
-7.6926,53.28823,2023/04/17 23:00:00+00,Tue 18 Apr 2023,10,11,0,3866651,3821070,241247,4107898,4062317,80.5434030511179,79.6496980821841,833
-7.6926,53.28823,2023/04/18 23:00:00+00,Wed 19 Apr 2023,14,20,0,3866665,3821090,241247,4107912,4062337,80.5436775485963,79.6500902214391,834
-7.6926,53.28823,2023/04/19 23:00:00+00,Thu 20 Apr 2023,3,6,0,3866668,3821096,241247,4107915,4062343,80.5437363694846,79.6502078632156,835
-7.6926,53.28823,2023/04/20 23:00:00+00,Fri 21 Apr 2023,4,9,0,3866672,3821105,241247,4107919,4062352,80.5438147973356,79.6503843258803,836
-7.6926,53.28823,2023/04/21 23:00:00+00,Sat 22 Apr 2023,17,25,0,3866689,3821130,241247,4107936,4062377,80.5441481157023,79.6508744999489,837
-7.6926,53.28823,2023/04/22 23:00:00+00,Sun 23 Apr 2023,11,17,0,3866700,3821147,241247,4107947,4062394,80.5443637922925,79.6512078183156,838
-7.6926,53.28823,2023/04/23 23:00:00+00,Mon 24 Apr 2023,2,2,0,3866702,3821149,241247,4107949,4062396,80.544403006218,79.6512470322411,839
-7.6926,53.28823,2023/04/24 23:00:00+00,Tue 25 Apr 2023,2,3,0,3866704,3821152,241247,4107951,4062399,80.5444422201435,79.6513058531293,840
-7.6926,53.28823,2023/04/25 23:00:00+00,Wed 26 Apr 2023,15,12,0,3866719,3821164,241247,4107966,4062411,80.5447363245846,79.6515411366823,841
-7.6926,53.28823,2023/04/26 23:00:00+00,Thu 27 Apr 2023,9,8,0,3866728,3821172,241247,4107975,4062419,80.5449127872494,79.6516979923843,842
-7.6926,53.28823,2023/04/27 23:00:00+00,Fri 28 Apr 2023,13,16,0,3866741,3821188,241247,4107988,4062435,80.5451676777651,79.6520117037882,843
-7.6926,53.28823,2023/04/28 23:00:00+00,Sat 29 Apr 2023,13,9,0,3866754,3821197,241247,4108001,4062444,80.5454225682808,79.6521881664529,844
-7.6926,53.28823,2023/04/29 23:00:00+00,Sun 30 Apr 2023,6,11,0,3866760,3821208,241247,4108007,4062455,80.5455402100572,79.6524038430431,845
-7.6926,53.28823,2023/05/01 23:00:00+00,Tue 02 May 2023,7,13,0,3866767,3821221,241247,4108014,4062468,80.5456774587965,79.6526587335588,846
