X,Y,VaccinationDate,VaccineText,Dose1,Dose2,SingleDose,Dose1Cum,Dose2Cum,SingleDoseCum,PartiallyVacc,FullyVacc,PartialPercent,FullyPercent,ObjectId
-7.6926,53.28823,2021/04/15 23:00:00+00,Fri 16 Apr 2021,27796,9742,1,873780,371461,19,873799,371480,20.6668899393427,8.78615822937199,1
-7.6926,53.28823,2021/04/16 23:00:00+00,Sat 17 Apr 2021,15694,4475,0,889474,375936,19,889493,375955,21.0380807632141,8.89199988457938,2
-7.6926,53.28823,2021/04/17 23:00:00+00,Sun 18 Apr 2021,981,427,0,890455,376363,19,890474,376382,21.0612831461769,8.90209918888632,3
-7.6926,53.28823,2021/04/18 23:00:00+00,Mon 19 Apr 2021,6613,2168,0,897068,378531,19,897087,378550,21.2176922782186,8.9533762187164,4
-7.6926,53.28823,2021/04/19 23:00:00+00,Tue 20 Apr 2021,14909,7216,0,911977,385747,19,911996,385766,21.5703164653665,9.12404736597372,5
-7.6926,53.28823,2021/04/20 23:00:00+00,Wed 21 Apr 2021,26510,9758,0,938487,395505,19,938506,395524,22.1973247959917,9.35484130374214,6
-7.6926,53.28823,2021/04/21 23:00:00+00,Thu 22 Apr 2021,31433,12070,0,969920,407575,19,969939,407594,22.9407707732283,9.64031812572049,7
-7.6926,53.28823,2021/04/22 23:00:00+00,Fri 23 Apr 2021,33393,12286,0,1003313,419861,19,1003332,419880,23.7305742128574,9.93090372926864,8
-7.6926,53.28823,2021/04/23 23:00:00+00,Sat 24 Apr 2021,23520,6919,0,1026833,426780,19,1026852,426799,24.2868637615675,10.0945503018675,9
-7.6926,53.28823,2021/04/24 23:00:00+00,Sun 25 Apr 2021,9648,240,0,1036481,427020,19,1036500,427039,24.515056005018,10.1002267258339,10
-7.6926,53.28823,2021/04/25 23:00:00+00,Mon 26 Apr 2021,15428,2935,0,1051909,429955,19,1051928,429974,24.8799554589933,10.1696446605901,11
-7.6926,53.28823,2021/04/26 23:00:00+00,Tue 27 Apr 2021,25735,7706,1,1077644,437661,20,1077664,437681,25.4886573223267,10.351928825212,12
-7.6926,53.28823,2021/04/27 23:00:00+00,Wed 28 Apr 2021,25870,8486,0,1103514,446147,20,1103534,446167,26.1005285223748,10.5526377159584,13
-7.6926,53.28823,2021/04/28 23:00:00+00,Thu 29 Apr 2021,31527,11223,0,1135041,457370,20,1135061,457390,26.8461977656649,10.8180814916885,14
-7.6926,53.28823,2021/04/29 23:00:00+00,Fri 30 Apr 2021,35914,13433,0,1170955,470803,20,1170975,470823,27.6956273087081,11.1357956714429,15
-7.6926,53.28823,2021/04/30 23:00:00+00,Sat 01 May 2021,16377,6581,0,1187332,477384,20,1187352,477404,28.0829722891173,11.2914479469557,16
-7.6926,53.28823,2021/05/01 23:00:00+00,Sun 02 May 2021,12308,857,1,1199640,478241,21,1199661,478262,28.3741018832956,11.3117411626357,17
-7.6926,53.28823,2021/05/02 23:00:00+00,Mon 03 May 2021,14097,838,1,1213737,479079,22,1213759,479101,28.7075444877902,11.3315849947517,18
-7.6926,53.28823,2021/05/03 23:00:00+00,Tue 04 May 2021,26436,6682,0,1240173,485761,22,1240195,485783,29.3328025876925,11.4896260986837,19
-7.6926,53.28823,2021/05/04 23:00:00+00,Wed 05 May 2021,31850,13313,61,1272023,499074,83,1272106,499157,30.0875541093289,11.805944824213,20
-7.6926,53.28823,2021/05/05 23:00:00+00,Thu 06 May 2021,37053,14249,119,1309076,513323,202,1309278,513525,30.9667375746627,12.1457734056699,21
-7.6926,53.28823,2021/05/06 23:00:00+00,Fri 07 May 2021,40320,14942,81,1349396,528265,283,1349679,528548,31.9222925941116,12.5010938942019,22
-7.6926,53.28823,2021/05/07 23:00:00+00,Sat 08 May 2021,25384,6945,2,1374780,535210,285,1375065,535495,32.5227163391607,12.6654027162635,23
-7.6926,53.28823,2021/05/08 23:00:00+00,Sun 09 May 2021,19540,859,0,1394320,536069,285,1394605,536354,32.9848718570941,12.68571958371,24
-7.6926,53.28823,2021/05/09 23:00:00+00,Mon 10 May 2021,28590,4522,154,1422910,540591,439,1423349,541030,33.6647182341402,12.7963152439893,25
-7.6926,53.28823,2021/05/10 23:00:00+00,Tue 11 May 2021,34104,14702,141,1457014,555293,580,1457594,555873,34.4746729788501,13.1473784145464,26
-7.6926,53.28823,2021/05/11 23:00:00+00,Wed 12 May 2021,31023,20791,139,1488037,576084,719,1488756,576803,35.211709327358,13.6424098879521,27
-7.6926,53.28823,2021/05/12 23:00:00+00,Thu 13 May 2021,35756,25351,132,1523793,601435,851,1524644,602286,36.0605239244714,14.2451278543543,28
-7.6926,53.28823,2021/05/13 23:00:00+00,Fri 14 May 2021,37962,27841,220,1561755,629276,1071,1562826,630347,36.9635956739973,14.9088200748626,29
-7.6926,53.28823,2021/05/14 23:00:00+00,Sat 15 May 2021,28608,12331,0,1590363,641607,1071,1591434,642678,37.6402254107957,15.2004700079044,30
-7.6926,53.28823,2021/05/15 23:00:00+00,Sun 16 May 2021,23005,1104,0,1613368,642711,1071,1614439,643782,38.1843342997445,15.22658155815,31
-7.6926,53.28823,2021/05/16 23:00:00+00,Mon 17 May 2021,35164,3849,100,1648532,646560,1171,1649703,647731,39.0183901945452,15.3199823841643,32
-7.6926,53.28823,2021/05/17 23:00:00+00,Tue 18 May 2021,38774,12345,108,1687306,658905,1279,1688585,660184,39.9380181806399,15.6145178327224,33
-7.6926,53.28823,2021/05/18 23:00:00+00,Wed 19 May 2021,36755,17458,193,1724061,676363,1472,1725533,677835,40.8119036502717,16.0319951636868,34
-7.6926,53.28823,2021/05/19 23:00:00+00,Thu 20 May 2021,38798,19498,107,1762859,695861,1579,1764438,697440,41.7320756269965,16.4956880464445,35
-7.6926,53.28823,2021/05/20 23:00:00+00,Fri 21 May 2021,25567,23060,14908,1788426,718921,16487,1804913,735408,42.6893808771683,17.3936983179337,36
-7.6926,53.28823,2021/05/21 23:00:00+00,Sat 22 May 2021,16369,10131,13488,1804795,729052,29975,1834770,759027,43.3955516703587,17.9523293915299,37
-7.6926,53.28823,2021/05/22 23:00:00+00,Sun 23 May 2021,8058,5462,10189,1812853,734514,40164,1853017,774678,43.827125454173,18.3225031894407,38
-7.6926,53.28823,2021/05/23 23:00:00+00,Mon 24 May 2021,22293,8077,8425,1835146,742591,48589,1883735,791180,44.553660418343,18.7128046406658,39
-7.6926,53.28823,2021/05/24 23:00:00+00,Tue 25 May 2021,30045,16335,3205,1865191,758926,51794,1916985,810720,45.3400816553588,19.1749601585993,40
-7.6926,53.28823,2021/05/25 23:00:00+00,Wed 26 May 2021,19660,25263,3025,1884851,784189,54819,1939670,839008,45.876621979019,19.8440213301091,41
-7.6926,53.28823,2021/05/26 23:00:00+00,Thu 27 May 2021,16713,35814,539,1901564,820003,55358,1956922,875361,46.2846622551392,20.7038339986575,42
-7.6926,53.28823,2021/05/27 23:00:00+00,Fri 28 May 2021,26740,31684,1513,1928304,851687,56871,1985175,908558,46.9528956148206,21.4890016920474,43
-7.6926,53.28823,2021/05/28 23:00:00+00,Sat 29 May 2021,24242,7286,493,1952546,858973,57364,2009910,916337,47.5379220598607,21.6729887838593,44
-7.6926,53.28823,2021/05/29 23:00:00+00,Sun 30 May 2021,24071,1595,182,1976617,860568,57546,2034163,918114,48.111548353435,21.7150179729774,45
-7.6926,53.28823,2021/05/30 23:00:00+00,Mon 31 May 2021,22266,7189,3409,1998883,867757,60955,2059838,928712,48.7188074590103,21.9656793946283,46
-7.6926,53.28823,2021/05/31 23:00:00+00,Tue 01 Jun 2021,27156,11331,3615,2026039,879088,64570,2090609,943658,49.4465959668062,22.3191786971377,47
-7.6926,53.28823,2021/06/01 23:00:00+00,Wed 02 Jun 2021,18355,20725,3970,2044394,899813,68540,2112934,968353,49.9746216545168,22.9032590715168,48
-7.6926,53.28823,2021/06/02 23:00:00+00,Thu 03 Jun 2021,16413,30520,1951,2060807,930333,70491,2131298,1000824,50.4089626950147,23.6712555824082,49
-7.6926,53.28823,2021/06/03 23:00:00+00,Fri 04 Jun 2021,28711,23140,111,2089518,953473,70602,2160120,1024075,51.0906539098499,24.2211828059226,50
-7.6926,53.28823,2021/06/04 23:00:00+00,Sat 05 Jun 2021,20679,11338,1,2110197,964811,70603,2180800,1035414,51.5797724416239,24.4893701865699,51
-7.6926,53.28823,2021/06/05 23:00:00+00,Sun 06 Jun 2021,19732,3788,7,2129929,968599,70610,2200539,1039209,52.0466346610962,24.579128640539,52
-7.6926,53.28823,2021/06/06 23:00:00+00,Mon 07 Jun 2021,19523,4378,0,2149452,972977,70610,2220062,1043587,52.5083880989987,24.6826760743933,53
-7.6926,53.28823,2021/06/07 23:00:00+00,Tue 08 Jun 2021,26251,18310,10,2175703,991287,70620,2246323,1061907,53.1295071397588,25.1159764371641,54
-7.6926,53.28823,2021/06/08 23:00:00+00,Wed 09 Jun 2021,32572,19886,141,2208275,1011173,70761,2279036,1081934,53.9032273781496,25.5896503653961,55
-7.6926,53.28823,2021/06/09 23:00:00+00,Thu 10 Jun 2021,27401,27276,234,2235676,1038449,70995,2306671,1109444,54.5568439461175,26.2403104625481,56
-7.6926,53.28823,2021/06/10 23:00:00+00,Fri 11 Jun 2021,26180,32685,0,2261856,1071134,70995,2332851,1142129,55.1760471937889,27.0133684514763,57
-7.6926,53.28823,2021/06/11 23:00:00+00,Sat 12 Jun 2021,11943,19511,75,2273799,1090645,71070,2344869,1161715,55.4602941239078,27.47661195067,58
-7.6926,53.28823,2021/06/12 23:00:00+00,Sun 13 Jun 2021,8396,18046,807,2282195,1108691,71877,2354072,1180568,55.6779613312539,27.9225187049996,59
-7.6926,53.28823,2021/06/13 23:00:00+00,Mon 14 Jun 2021,15769,31057,9,2297964,1139748,71886,2369850,1211634,56.0511389035136,28.6572844839208,60
-7.6926,53.28823,2021/06/14 23:00:00+00,Tue 15 Jun 2021,14413,41251,175,2312377,1180999,72061,2384438,1253060,56.3961708736064,29.6370825640596,61
-7.6926,53.28823,2021/06/15 23:00:00+00,Wed 16 Jun 2021,13147,48061,190,2325524,1229060,72251,2397775,1301311,56.7116144837742,30.7783039507438,62
-7.6926,53.28823,2021/06/16 23:00:00+00,Thu 17 Jun 2021,21267,42362,497,2346791,1271422,72748,2419539,1344170,57.2263715304632,31.7919950123155,63
-7.6926,53.28823,2021/06/17 23:00:00+00,Fri 18 Jun 2021,11791,49766,521,2358582,1321188,73269,2431851,1394457,57.5175720799411,32.9813713956482,64
-7.6926,53.28823,2021/06/18 23:00:00+00,Sat 19 Jun 2021,6066,32581,400,2364648,1353769,73669,2438317,1427438,57.6705044023033,33.7614303074682,65
-7.6926,53.28823,2021/06/19 23:00:00+00,Sun 20 Jun 2021,8339,25992,158,2372987,1379761,73827,2446814,1453588,57.8714734624814,34.3799240021438,66
-7.6926,53.28823,2021/06/20 23:00:00+00,Mon 21 Jun 2021,15210,32079,532,2388197,1411840,74359,2462556,1486199,58.2437995711462,35.1512317603489,67
-7.6926,53.28823,2021/06/21 23:00:00+00,Tue 22 Jun 2021,14875,43283,685,2403072,1455123,75044,2478116,1530167,58.611821058303,36.1911526309989,68
-7.6926,53.28823,2021/06/22 23:00:00+00,Wed 23 Jun 2021,19793,39085,846,2422865,1494208,75890,2498755,1570098,59.0999698676494,37.1355913201801,69
-7.6926,53.28823,2021/06/23 23:00:00+00,Thu 24 Jun 2021,18781,43970,998,2441646,1538178,76888,2518534,1615066,59.5677781577828,38.1991639573568,70
-7.6926,53.28823,2021/06/24 23:00:00+00,Fri 25 Jun 2021,14923,49843,782,2456569,1588021,77670,2534239,1665691,59.9392291510861,39.3965346377756,71
-7.6926,53.28823,2021/06/25 23:00:00+00,Sat 26 Jun 2021,8797,30286,450,2465366,1618307,78120,2543486,1696427,60.1579370361593,40.123495333743,72
-7.6926,53.28823,2021/06/26 23:00:00+00,Sun 27 Jun 2021,8564,30267,31,2473930,1648574,78151,2552081,1726725,60.3612239694571,40.8400965559717,73
-7.6926,53.28823,2021/06/27 23:00:00+00,Mon 28 Jun 2021,23988,24358,448,2497918,1672932,78599,2576517,1751531,60.9391785363057,41.4268022764352,74
-7.6926,53.28823,2021/06/28 23:00:00+00,Tue 29 Jun 2021,27851,30687,753,2525769,1703619,79352,2605121,1782971,61.615713666038,42.1704138160375,75
-7.6926,53.28823,2021/06/29 23:00:00+00,Wed 30 Jun 2021,22247,36488,528,2548016,1740107,79880,2627896,1819987,62.1543826486856,43.0459076057932,76
-7.6926,53.28823,2021/06/30 23:00:00+00,Thu 01 Jul 2021,14580,48028,580,2562596,1788135,80460,2643056,1868595,62.5129434292318,44.1955726731274,77
-7.6926,53.28823,2021/07/01 23:00:00+00,Fri 02 Jul 2021,13337,46930,766,2575933,1835065,81226,2657159,1916291,62.8465042925591,45.3236673293892,78
-7.6926,53.28823,2021/07/02 23:00:00+00,Sat 03 Jul 2021,9092,30150,455,2585025,1865215,81681,2666706,1946896,63.0723077075904,46.0475296439416,79
-7.6926,53.28823,2021/07/03 23:00:00+00,Sun 04 Jul 2021,6276,27625,195,2591301,1892840,81876,2673177,1974716,63.2253582887852,46.7055217887169,80
-7.6926,53.28823,2021/07/04 23:00:00+00,Mon 05 Jul 2021,15229,33049,5302,2606530,1925889,87178,2693708,2013067,63.7109527073468,47.6125906867858,81
-7.6926,53.28823,2021/07/05 23:00:00+00,Tue 06 Jul 2021,12111,48059,5432,2618641,1973948,92610,2711251,2066558,64.1258756475262,48.8777473300703,82
-7.6926,53.28823,2021/07/06 23:00:00+00,Wed 07 Jul 2021,19412,43390,4985,2638053,2017338,97595,2735648,2114933,64.7029077954803,50.0219015358038,83
-7.6926,53.28823,2021/07/07 23:00:00+00,Thu 08 Jul 2021,17525,45277,5941,2655578,2062615,103536,2759114,2166151,65.257920148798,51.2332977137729,84
-7.6926,53.28823,2021/07/08 23:00:00+00,Fri 09 Jul 2021,13277,44770,6493,2668855,2107385,110029,2778884,2217414,65.7255155730326,52.4457582212358,85
-7.6926,53.28823,2021/07/09 23:00:00+00,Sat 10 Jul 2021,8414,23566,4316,2677269,2130951,114345,2791614,2245296,66.0266025609187,53.1052167755357,86
-7.6926,53.28823,2021/07/10 23:00:00+00,Sun 11 Jul 2021,15092,15935,2128,2692361,2146886,116473,2808834,2263359,66.43388598051,53.5324386343092,87
-7.6926,53.28823,2021/07/11 23:00:00+00,Mon 12 Jul 2021,16913,31405,6033,2709274,2178291,122506,2831780,2300797,66.9765994152337,54.4179134695391,88
-7.6926,53.28823,2021/07/12 23:00:00+00,Tue 13 Jul 2021,19883,36191,8443,2729157,2214482,130949,2860106,2345431,67.6465593538716,55.4735864166959,89
-7.6926,53.28823,2021/07/13 23:00:00+00,Wed 14 Jul 2021,20579,35312,9279,2749736,2249794,140228,2889964,2390022,68.3527537988285,56.528242337892,90
-7.6926,53.28823,2021/07/14 23:00:00+00,Thu 15 Jul 2021,23380,28447,9521,2773116,2278241,149749,2922865,2427990,69.1309205693264,57.4262526093811,91
-7.6926,53.28823,2021/07/15 23:00:00+00,Fri 16 Jul 2021,23328,27014,9111,2796444,2305255,158860,2955304,2464115,69.8981602236889,58.2806726751614,92
-7.6926,53.28823,2021/07/16 23:00:00+00,Sat 17 Jul 2021,11354,19116,4629,2807798,2324371,163489,2971287,2487860,70.2761864080866,58.8422838713401,93
-7.6926,53.28823,2021/07/17 23:00:00+00,Sun 18 Jul 2021,16737,15593,1907,2824535,2339964,165396,2989931,2505360,70.7171499432121,59.2561897855589,94
-7.6926,53.28823,2021/07/18 23:00:00+00,Mon 19 Jul 2021,24657,18057,6188,2849192,2358021,171584,3020776,2529605,71.4466886817309,59.8296268650009,95
-7.6926,53.28823,2021/07/19 23:00:00+00,Tue 20 Jul 2021,30371,17752,7648,2879563,2375773,179232,3058795,2555005,72.345905193313,60.4303817347814,96
-7.6926,53.28823,2021/07/20 23:00:00+00,Wed 21 Jul 2021,30092,19460,6826,2909655,2395233,186058,3095713,2581291,73.219081109949,61.0520920697046,97
-7.6926,53.28823,2021/07/21 23:00:00+00,Thu 22 Jul 2021,33322,15548,6872,2942977,2410781,192930,3135907,2603711,74.1697402137268,61.5823646752352,98
-7.6926,53.28823,2021/07/22 23:00:00+00,Fri 23 Jul 2021,26903,20443,5544,2969880,2431224,198474,3168354,2629698,74.9371690822216,62.1970031319669,99
-7.6926,53.28823,2021/07/23 23:00:00+00,Sat 24 Jul 2021,15304,14490,2203,2985184,2445714,200677,3185861,2646391,75.3512405588061,62.5918220705986,100
-7.6926,53.28823,2021/07/24 23:00:00+00,Sun 25 Jul 2021,14625,13453,1016,2999809,2459167,201693,3201502,2660860,75.7211778390516,62.9340394804748,101
-7.6926,53.28823,2021/07/25 23:00:00+00,Mon 26 Jul 2021,23666,17809,3399,3023475,2476976,205092,3228567,2682068,76.3613129000992,63.4356461449749,102
-7.6926,53.28823,2021/07/26 23:00:00+00,Tue 27 Jul 2021,25289,23439,3605,3048764,2500415,208697,3257461,2709112,77.0447070421243,64.0752845189254,103
-7.6926,53.28823,2021/07/27 23:00:00+00,Wed 28 Jul 2021,23259,24909,3225,3072023,2525324,211922,3283945,2737246,77.6711004268198,64.7407033183901,104
-7.6926,53.28823,2021/07/28 23:00:00+00,Thu 29 Jul 2021,19113,27494,2920,3091136,2552818,214842,3305978,2767660,78.1922197987045,65.4600481455359,105
-7.6926,53.28823,2021/07/29 23:00:00+00,Fri 30 Jul 2021,21764,22544,2079,3112900,2575362,216921,3329821,2792283,78.7561488680028,66.0424255927251,106
-7.6926,53.28823,2021/07/30 23:00:00+00,Sat 31 Jul 2021,13622,12183,883,3126522,2587545,217804,3344326,2805349,79.0992177414739,66.3514595741641,107
-7.6926,53.28823,2021/07/31 23:00:00+00,Sun 01 Aug 2021,10978,9134,355,3137500,2596679,218159,3355659,2814838,79.367263211522,66.5758911867368,108
-7.6926,53.28823,2021/08/01 23:00:00+00,Mon 02 Aug 2021,14871,15625,393,3152371,2612304,218552,3370923,2830856,79.7282837757869,66.954745182963,109
-7.6926,53.28823,2021/08/02 23:00:00+00,Tue 03 Aug 2021,17185,25089,1085,3169556,2637393,219637,3389193,2857030,80.1604015502314,67.5738065200352,110
-7.6926,53.28823,2021/08/03 23:00:00+00,Wed 04 Aug 2021,21936,16929,1554,3191492,2654322,221191,3412683,2875513,80.7159815459457,68.0109621207498,111
-7.6926,53.28823,2021/08/04 23:00:00+00,Thu 05 Aug 2021,13366,29703,1401,3204858,2684025,222592,3427450,2906617,81.0652471822468,68.7466266667991,112
-7.6926,53.28823,2021/08/05 23:00:00+00,Fri 06 Aug 2021,12027,24418,922,3216885,2708443,223514,3440399,2931957,81.3715139070022,69.345962430588,113
-7.6926,53.28823,2021/08/06 23:00:00+00,Sat 07 Aug 2021,6251,8196,558,3223136,2716639,224072,3447208,2940711,81.5325587852831,69.5530099947635,114
-7.6926,53.28823,2021/08/07 23:00:00+00,Sun 08 Aug 2021,8547,11784,139,3231683,2728423,224211,3455894,2952634,81.7379980293348,69.8350100070624,115
-7.6926,53.28823,2021/08/08 23:00:00+00,Mon 09 Aug 2021,5438,22699,583,3237121,2751122,224794,3461915,2975916,81.8804053155926,70.3856704353391,116
-7.6926,53.28823,2021/08/09 23:00:00+00,Tue 10 Aug 2021,9200,25663,685,3246321,2776785,225479,3471800,3002264,82.1142030277099,71.008847179787,117
-7.6926,53.28823,2021/08/10 23:00:00+00,Wed 11 Aug 2021,6903,30898,633,3253224,2807683,226112,3479336,3033795,82.2924427402558,71.7546110301432,118
-7.6926,53.28823,2021/08/11 23:00:00+00,Thu 12 Aug 2021,6635,37972,850,3259859,2845655,226962,3486821,3072617,82.4694762127088,72.6728199102463,119
-7.6926,53.28823,2021/08/12 23:00:00+00,Fri 13 Aug 2021,10802,27908,843,3270661,2873563,227805,3498466,3101368,82.7449010339133,73.352831849658,120
-7.6926,53.28823,2021/08/13 23:00:00+00,Sat 14 Aug 2021,18041,5642,267,3288702,2879205,228072,3516774,3107277,83.1779175754858,73.4925901380648,121
-7.6926,53.28823,2021/08/14 23:00:00+00,Sun 15 Aug 2021,16955,3604,39,3305657,2882809,228111,3533768,3110920,83.5798556958421,73.5787535235219,122
-7.6926,53.28823,2021/08/15 23:00:00+00,Mon 16 Aug 2021,10100,22870,350,3315757,2905679,228461,3544218,3134140,83.827016656047,74.127947542274,123
-7.6926,53.28823,2021/08/16 23:00:00+00,Tue 17 Aug 2021,12769,26612,511,3328526,2932291,228972,3557498,3161263,84.1411121155228,74.7694544057801,124
-7.6926,53.28823,2021/08/17 23:00:00+00,Wed 18 Aug 2021,15139,25514,645,3343665,2957805,229617,3573282,3187422,84.5144315983817,75.3881609663544,125
-7.6926,53.28823,2021/08/18 23:00:00+00,Thu 19 Aug 2021,11288,25453,522,3354953,2983258,230139,3585092,3213397,84.793758961063,76.0025156018878,126
-7.6926,53.28823,2021/08/19 23:00:00+00,Fri 20 Aug 2021,14740,22019,664,3369693,3005277,230803,3600496,3236080,85.1580907726417,76.539008622015,127
-7.6926,53.28823,2021/08/20 23:00:00+00,Sat 21 Aug 2021,11802,7813,224,3381495,3013090,231027,3612522,3244117,85.4425269168929,76.7290978695908,128
-7.6926,53.28823,2021/08/21 23:00:00+00,Sun 22 Aug 2021,7984,12159,156,3389479,3025249,231183,3620662,3256432,85.635052296421,77.0203693743682,129
-7.6926,53.28823,2021/08/22 23:00:00+00,Mon 23 Aug 2021,10793,15146,271,3400272,3040395,231454,3631726,3271849,85.8967354412734,77.3850086589117,130
-7.6926,53.28823,2021/08/23 23:00:00+00,Tue 24 Aug 2021,9639,22706,368,3409911,3063101,231822,3641733,3294923,86.133418668907,77.9307495197509,131
-7.6926,53.28823,2021/08/24 23:00:00+00,Wed 25 Aug 2021,9339,19267,305,3419250,3082368,232127,3651377,3314495,86.3615163052913,78.3936618942132,132
-7.6926,53.28823,2021/08/25 23:00:00+00,Thu 26 Aug 2021,8506,19218,358,3427756,3101586,232485,3660241,3334071,86.5711655637848,78.8566688757417,133
-7.6926,53.28823,2021/08/26 23:00:00+00,Fri 27 Aug 2021,9651,19016,424,3437407,3120602,232909,3670316,3353511,86.8094571115422,79.3164592170225,134
-7.6926,53.28823,2021/08/27 23:00:00+00,Sat 28 Aug 2021,9875,7764,145,3447282,3128366,233054,3680336,3361420,87.0464478121406,79.5035210384828,135
-7.6926,53.28823,2021/08/28 23:00:00+00,Sun 29 Aug 2021,8780,9121,23,3456062,3137487,233077,3689139,3370564,87.254654312876,79.7197927916038,136
-7.6926,53.28823,2021/08/29 23:00:00+00,Mon 30 Aug 2021,5011,10951,77,3461073,3148438,233154,3694227,3381592,87.3749945009643,79.9806244728613,137
-7.6926,53.28823,2021/08/30 23:00:00+00,Tue 31 Aug 2021,4003,12661,134,3465076,3161099,233288,3698364,3394387,87.4728418590856,80.2832488255715,138
-7.6926,53.28823,2021/08/31 23:00:00+00,Wed 01 Sep 2021,4893,12362,171,3469969,3173461,233459,3703428,3406920,87.5926144047773,80.5796764154518,139
-7.6926,53.28823,2021/09/01 23:00:00+00,Thu 02 Sep 2021,4958,12225,243,3474927,3185686,233702,3708629,3419388,87.7156272424831,80.8745666405078,140
-7.6926,53.28823,2021/09/02 23:00:00+00,Fri 03 Sep 2021,4717,15880,159,3479644,3201566,233861,3713505,3435427,87.8309532560677,81.253917323831,141
-7.6926,53.28823,2021/09/03 23:00:00+00,Sat 04 Sep 2021,4598,10497,128,3484242,3212063,233989,3718231,3446052,87.9427315046734,81.5052173431781,142
-7.6926,53.28823,2021/09/04 23:00:00+00,Sun 05 Sep 2021,5290,11832,0,3489532,3223895,233989,3723521,3457884,88.0678493496001,81.7850650447231,143
-7.6926,53.28823,2021/09/05 23:00:00+00,Mon 06 Sep 2021,2103,9562,68,3491635,3233457,234057,3725692,3467514,88.1191973347297,82.0128315563761,144
-7.6926,53.28823,2021/09/06 23:00:00+00,Tue 07 Sep 2021,2992,9883,134,3494627,3243340,234191,3728818,3477531,88.1931327568925,82.249751301675,145
-7.6926,53.28823,2021/09/07 23:00:00+00,Wed 08 Sep 2021,2559,14676,178,3497186,3258016,234369,3731555,3492385,88.2578676418763,82.6010746416639,146
-7.6926,53.28823,2021/09/08 23:00:00+00,Thu 09 Sep 2021,3074,14677,134,3500260,3272693,234503,3734763,3507196,88.3337425088942,82.9513809556922,147
-7.6926,53.28823,2021/09/09 23:00:00+00,Fri 10 Sep 2021,3348,13839,107,3503608,3286532,234610,3738218,3521142,88.4154593622443,83.2812284916748,148
-7.6926,53.28823,2021/09/10 23:00:00+00,Sat 11 Sep 2021,2536,11227,57,3506144,3297759,234667,3740811,3532426,88.4767883928483,83.5481150251631,149
-7.6926,53.28823,2021/09/11 23:00:00+00,Sun 12 Sep 2021,2021,12842,0,3508165,3310601,234667,3742832,3545268,88.5245886129989,83.8518510109002,150
-7.6926,53.28823,2021/09/12 23:00:00+00,Mon 13 Sep 2021,1571,7636,46,3509736,3318237,234713,3744449,3552950,88.5628335194727,84.033543881359,151
-7.6926,53.28823,2021/09/13 23:00:00+00,Tue 14 Sep 2021,1515,10669,79,3511251,3328906,234792,3746043,3563698,88.6005344353164,84.2877530679889,152
-7.6926,53.28823,2021/09/14 23:00:00+00,Wed 15 Sep 2021,3243,12306,131,3514494,3341212,234923,3749417,3576135,88.6803354955778,84.5819100882826,153
-7.6926,53.28823,2021/09/15 23:00:00+00,Thu 16 Sep 2021,1880,10497,109,3516374,3351709,235032,3751406,3586741,88.7273788591996,84.8327607240657,154
-7.6926,53.28823,2021/09/16 23:00:00+00,Fri 17 Sep 2021,2531,14514,89,3518905,3366223,235121,3754026,3601344,88.7893464874998,85.1781474706564,155
-7.6926,53.28823,2021/09/17 23:00:00+00,Sat 18 Sep 2021,2267,11163,40,3521172,3377386,235161,3756333,3612547,88.8439111128771,85.4431182110561,156
-7.6926,53.28823,2021/09/18 23:00:00+00,Sun 19 Sep 2021,1851,8455,11,3523023,3385841,235172,3758195,3621013,88.88795070215,85.6433540664719,157
-7.6926,53.28823,2021/09/19 23:00:00+00,Mon 20 Sep 2021,947,5548,28,3523970,3391389,235200,3759170,3626589,88.9110111745136,85.7752363166253,158
-7.6926,53.28823,2021/09/20 23:00:00+00,Tue 21 Sep 2021,1436,6587,89,3525406,3397976,235289,3760695,3633265,88.947080118467,85.9331355099581,159
-7.6926,53.28823,2021/09/21 23:00:00+00,Wed 22 Sep 2021,1881,8063,94,3527287,3406039,235383,3762670,3641422,88.9937923573574,86.1260629695171,160
-7.6926,53.28823,2021/09/22 23:00:00+00,Thu 23 Sep 2021,1677,8679,85,3528964,3414718,235468,3764432,3650186,89.0354667699776,86.3333470513579,161
-7.6926,53.28823,2021/09/23 23:00:00+00,Fri 24 Sep 2021,1893,7293,79,3530857,3422011,235547,3766404,3657558,89.0821080535684,86.5077078741934,162
-7.6926,53.28823,2021/09/24 23:00:00+00,Sat 25 Sep 2021,2398,6530,50,3533255,3428541,235597,3768852,3664138,89.140007578026,86.6633364979397,163
-7.6926,53.28823,2021/09/25 23:00:00+00,Sun 26 Sep 2021,1534,7078,0,3534789,3435619,235597,3770386,3671216,89.1762893878781,86.8307437014163,164
-7.6926,53.28823,2021/09/26 23:00:00+00,Mon 27 Sep 2021,1164,3695,45,3535953,3439314,235642,3771595,3674956,89.204884373609,86.9192013082265,165
-7.6926,53.28823,2021/09/27 23:00:00+00,Tue 28 Sep 2021,1434,5039,89,3537387,3444353,235731,3773118,3680084,89.2409060140293,87.0404875669759,166
-7.6926,53.28823,2021/09/28 23:00:00+00,Wed 29 Sep 2021,1623,3533,72,3539010,3447886,235803,3774813,3683689,89.2809957582922,87.125752185305,167
-7.6926,53.28823,2021/09/29 23:00:00+00,Thu 30 Sep 2021,1265,3876,77,3540275,3451762,235880,3776155,3687642,89.3127364289711,87.2192476183854,168
-7.6926,53.28823,2021/09/30 23:00:00+00,Fri 01 Oct 2021,1830,5087,37,3542105,3456849,235917,3778022,3692766,89.3568942770767,87.3404392700686,169
-7.6926,53.28823,2021/10/01 23:00:00+00,Sat 02 Oct 2021,1703,4034,39,3543808,3460883,235956,3779764,3696839,89.3980956543663,87.4367729151323,170
-7.6926,53.28823,2021/10/02 23:00:00+00,Sun 03 Oct 2021,1202,2989,8,3545010,3463872,235964,3780974,3699836,89.4267142918637,87.5076572594131,171
-7.6926,53.28823,2021/10/03 23:00:00+00,Mon 04 Oct 2021,329,1156,16,3545339,3465028,235980,3781319,3701008,89.4348741513155,87.5353771297824,172
-7.6926,53.28823,2021/10/04 23:00:00+00,Tue 05 Oct 2021,976,2747,67,3546315,3467775,236047,3782362,3703822,89.4595429438029,87.6019332007888,173
-7.6926,53.28823,2021/10/05 23:00:00+00,Wed 06 Oct 2021,958,2487,34,3547273,3470262,236081,3783354,3706343,89.4830054961975,87.6615593042029,174
-7.6926,53.28823,2021/10/06 23:00:00+00,Thu 07 Oct 2021,1197,2625,41,3548470,3472887,236122,3784592,3709009,89.5122863831577,87.7246149137633,175
-7.6926,53.28823,2021/10/07 23:00:00+00,Fri 08 Oct 2021,976,2680,42,3549446,3475567,236164,3785610,3711731,89.5363638814819,87.7889950222492,176
-7.6926,53.28823,2021/10/08 23:00:00+00,Sat 09 Oct 2021,728,2316,18,3550174,3477883,236182,3786356,3714065,89.5540080993109,87.8441982453227,177
-7.6926,53.28823,2021/10/09 23:00:00+00,Sun 10 Oct 2021,1527,3888,0,3551701,3481771,236182,3787883,3717953,89.5901243467973,87.9361563135789,178
-7.6926,53.28823,2021/10/10 23:00:00+00,Mon 11 Oct 2021,320,1066,12,3552021,3482837,236194,3788215,3719031,89.5979767332842,87.9616529178948,179
-7.6926,53.28823,2021/10/11 23:00:00+00,Tue 12 Oct 2021,543,1561,20,3552564,3484398,236214,3788778,3720612,89.6112926778388,87.9990463607736,180
-7.6926,53.28823,2021/10/12 23:00:00+00,Wed 13 Oct 2021,984,1974,9,3553548,3486372,236223,3789771,3722595,89.6347788819999,88.0459478137963,181
-7.6926,53.28823,2021/10/13 23:00:00+00,Thu 14 Oct 2021,703,1509,7,3554251,3487881,236230,3790481,3724111,89.6515716362339,88.0818038918509,182
-7.6926,53.28823,2021/10/14 23:00:00+00,Fri 15 Oct 2021,945,1997,5,3555196,3489878,236235,3791431,3726113,89.6740408144344,88.1291547284375,183
-7.6926,53.28823,2021/10/15 23:00:00+00,Sat 16 Oct 2021,1373,2590,11,3556569,3492468,236246,3792815,3728714,89.7067748593075,88.1906729731737,184
-7.6926,53.28823,2021/10/16 23:00:00+00,Sun 17 Oct 2021,1706,2868,1,3558275,3495336,236247,3794522,3731583,89.7471484247687,88.2585298913391,185
-7.6926,53.28823,2021/10/17 23:00:00+00,Mon 18 Oct 2021,664,1169,3,3558939,3496505,236250,3795189,3732755,89.7629241530421,88.2862497617085,186
-7.6926,53.28823,2021/10/18 23:00:00+00,Tue 19 Oct 2021,1318,1727,10,3560257,3498232,236260,3796517,3734492,89.7943336989896,88.3273328801655,187
-7.6926,53.28823,2021/10/19 23:00:00+00,Wed 20 Oct 2021,2229,2245,0,3562486,3500477,236260,3798746,3736737,89.8470534865778,88.3804310960181,188
-7.6926,53.28823,2021/10/20 23:00:00+00,Thu 21 Oct 2021,1732,1758,8,3564218,3502235,236268,3800486,3738503,89.8882075603345,88.4222001157044,189
-7.6926,53.28823,2021/10/21 23:00:00+00,Fri 22 Oct 2021,1469,1883,0,3565687,3504118,236268,3801955,3740386,89.9229520053623,88.4667363920744,190
-7.6926,53.28823,2021/10/22 23:00:00+00,Sat 23 Oct 2021,1997,1657,0,3567684,3505775,236268,3803952,3742043,89.9701845831163,88.5059273692093,191
-7.6926,53.28823,2021/10/23 23:00:00+00,Sun 24 Oct 2021,1941,2170,0,3569625,3507945,236268,3805893,3744213,90.0160926619448,88.5572517025724,192
-7.6926,53.28823,2021/10/24 23:00:00+00,Mon 25 Oct 2021,1202,800,0,3570827,3508745,236268,3807095,3745013,90.04452208531,88.5761731157938,193
-7.6926,53.28823,2021/10/25 23:00:00+00,Tue 26 Oct 2021,1221,1156,5,3572048,3509901,236273,3808321,3746174,90.0735191510719,88.6036328167314,194
-7.6926,53.28823,2021/10/26 23:00:00+00,Wed 27 Oct 2021,1544,1377,4,3573592,3511278,236277,3809869,3747555,90.1101320856554,88.6362959063049,195
-7.6926,53.28823,2021/10/27 23:00:00+00,Thu 28 Oct 2021,2108,1636,2,3575700,3512914,236279,3811979,3749193,90.1600373130269,88.6750374998758,196
-7.6926,53.28823,2021/10/28 23:00:00+00,Fri 29 Oct 2021,2087,1307,0,3577787,3514221,236279,3814066,3750500,90.2093985497683,88.7059503587263,197
-7.6926,53.28823,2021/10/29 23:00:00+00,Sat 30 Oct 2021,1992,1417,0,3579779,3515638,236279,3816058,3751917,90.2565128686897,88.7394649118948,198
-7.6926,53.28823,2021/10/30 23:00:00+00,Sun 31 Oct 2021,1617,1310,0,3581396,3516948,236279,3817675,3753227,90.2947577751635,88.7704487260449,199
-7.6926,53.28823,2021/11/01 00:00:00+00,Mon 01 Nov 2021,233,232,0,3581629,3517180,236279,3817908,3753459,90.3002686367642,88.7759359358791,200
-7.6926,53.28823,2021/11/02 00:00:00+00,Tue 02 Nov 2021,1073,1046,9,3582702,3518226,236288,3818990,3754514,90.3258598481462,88.8008885495649,201
-7.6926,53.28823,2021/11/03 00:00:00+00,Wed 03 Nov 2021,2509,1761,5,3585211,3519987,236293,3821504,3756280,90.3853203891945,88.8426575692512,202
-7.6926,53.28823,2021/11/04 00:00:00+00,Thu 04 Nov 2021,1531,1201,0,3586742,3521188,236293,3823035,3757481,90.4215312437471,88.8710633408499,203
-7.6926,53.28823,2021/11/05 00:00:00+00,Fri 05 Nov 2021,1569,977,0,3588311,3522165,236293,3824604,3758458,90.4586408654276,88.8941711167465,204
-7.6926,53.28823,2021/11/06 00:00:00+00,Sat 06 Nov 2021,1817,1306,5,3590128,3523471,236298,3826426,3759769,90.5017343840394,88.9251785826632,205
-7.6926,53.28823,2021/11/07 00:00:00+00,Sun 07 Nov 2021,728,762,0,3590856,3524233,236298,3827154,3760531,90.5189528700709,88.9432012287566,206
-7.6926,53.28823,2021/11/08 00:00:00+00,Mon 08 Nov 2021,500,460,0,3591356,3524693,236298,3827654,3760991,90.5307787533343,88.9540810413589,207
-7.6926,53.28823,2021/11/09 00:00:00+00,Tue 09 Nov 2021,1365,964,1,3592721,3525657,236299,3829020,3761956,90.5630870664099,88.9769049960572,208
-7.6926,53.28823,2021/11/10 00:00:00+00,Wed 10 Nov 2021,1556,1243,0,3594277,3526900,236299,3830576,3763199,90.5998892151256,89.0063041418501,209
-7.6926,53.28823,2021/11/11 00:00:00+00,Thu 11 Nov 2021,1366,1014,1,3595643,3527914,236300,3831943,3764214,90.6322211799677,89.0303106848747,210
-7.6926,53.28823,2021/11/12 00:00:00+00,Fri 12 Nov 2021,1113,999,5,3596756,3528913,236305,3833061,3765218,90.6586638549447,89.0540570584676,211
-7.6926,53.28823,2021/11/13 00:00:00+00,Sat 13 Nov 2021,1386,1303,1,3598142,3530216,236306,3834448,3766522,90.6914688551173,89.0848989620186,212
-7.6926,53.28823,2021/11/14 00:00:00+00,Sun 14 Nov 2021,1640,1774,0,3599782,3531990,236306,3836088,3768296,90.7302577522212,89.1268571958371,213
-7.6926,53.28823,2021/11/15 00:00:00+00,Mon 15 Nov 2021,1218,500,0,3601000,3532490,236306,3837306,3768796,90.7590656038509,89.1386830791005,214
-7.6926,53.28823,2021/11/16 00:00:00+00,Tue 16 Nov 2021,1246,961,4,3602246,3533451,236310,3838556,3769761,90.7886303120094,89.1615070337988,215
-7.6926,53.28823,2021/11/17 00:00:00+00,Wed 17 Nov 2021,1381,922,0,3603627,3534373,236310,3839937,3770683,90.8212934015829,89.1833139625365,216
-7.6926,53.28823,2020/12/28 00:00:00+00,Mon 28 Dec 2020,101,7,5,101,7,5,106,12,0.00250708725183975,0.000283821198321481,217
-7.6926,53.28823,2020/12/29 00:00:00+00,Tue 29 Dec 2020,65,1,0,166,8,5,171,13,0.00404445207608111,0.000307472964848272,218
-7.6926,53.28823,2020/12/30 00:00:00+00,Wed 30 Dec 2020,1039,0,0,1205,8,5,1210,13,0.028618637497416,0.000307472964848272,219
-7.6926,53.28823,2020/12/31 00:00:00+00,Thu 31 Dec 2020,1016,1,0,2221,9,5,2226,14,0.0526488322886348,0.000331124731375062,220
-7.6926,53.28823,2021/01/01 00:00:00+00,Fri 01 Jan 2021,786,0,0,3007,9,5,3012,14,0.0712391207786918,0.000331124731375062,221
-7.6926,53.28823,2021/01/02 00:00:00+00,Sat 02 Jan 2021,1006,0,0,4013,9,5,4018,14,0.0950327979046427,0.000331124731375062,222
-7.6926,53.28823,2021/01/03 00:00:00+00,Sun 03 Jan 2021,10,0,0,4023,9,5,4028,14,0.0952693155699106,0.000331124731375062,223
-7.6926,53.28823,2021/01/04 00:00:00+00,Mon 04 Jan 2021,1164,1,0,5187,10,5,5192,15,0.122799971807094,0.000354776497901852,224
-7.6926,53.28823,2021/01/05 00:00:00+00,Tue 05 Jan 2021,3486,3,0,8673,13,5,8678,18,0.205250029919485,0.000425731797482222,225
-7.6926,53.28823,2021/01/06 00:00:00+00,Wed 06 Jan 2021,6730,2,0,15403,15,5,15408,20,0.364426418644782,0.000473035330535802,226
-7.6926,53.28823,2021/01/07 00:00:00+00,Thu 07 Jan 2021,11687,1,0,27090,16,5,27095,21,0.640844614043378,0.000496687097062593,227
-7.6926,53.28823,2021/01/08 00:00:00+00,Fri 08 Jan 2021,12644,0,0,39734,16,5,39739,21,0.939897550008113,0.000496687097062593,228
-7.6926,53.28823,2021/01/09 00:00:00+00,Sat 09 Jan 2021,8048,0,0,47782,16,5,47787,21,1.13024696701572,0.000496687097062593,229
-7.6926,53.28823,2021/01/10 00:00:00+00,Sun 10 Jan 2021,4749,0,1,52531,16,6,52537,22,1.24259285801797,0.000520338863589383,230
-7.6926,53.28823,2021/01/11 00:00:00+00,Mon 11 Jan 2021,8307,3,0,60838,19,6,60844,25,1.43906808255602,0.000591294163169753,231
-7.6926,53.28823,2021/01/12 00:00:00+00,Tue 12 Jan 2021,8825,2,0,69663,21,6,69669,27,1.64779492215494,0.000638597696223333,232
-7.6926,53.28823,2021/01/13 00:00:00+00,Wed 13 Jan 2021,9819,2,0,79482,23,6,79488,29,1.88003161768149,0.000685901229276913,233
-7.6926,53.28823,2021/01/14 00:00:00+00,Thu 14 Jan 2021,8021,1,0,87503,24,6,87509,30,2.06974243699288,0.000709552995803704,234
-7.6926,53.28823,2021/01/15 00:00:00+00,Fri 15 Jan 2021,7621,2,0,95124,26,6,95130,32,2.24999254969354,0.000756856528857284,235
-7.6926,53.28823,2021/01/16 00:00:00+00,Sat 16 Jan 2021,5195,1,0,100319,27,6,100325,33,2.37286347680022,0.000780508295384074,236
-7.6926,53.28823,2021/01/17 00:00:00+00,Sun 17 Jan 2021,1091,2,0,101410,29,6,101416,35,2.39866755408095,0.000827811828437654,237
-7.6926,53.28823,2021/01/18 00:00:00+00,Mon 18 Jan 2021,8651,2,0,110061,31,6,110067,37,2.60327898630421,0.000875115361491235,238
-7.6926,53.28823,2021/01/19 00:00:00+00,Tue 19 Jan 2021,8334,12,0,118395,43,6,118401,49,2.80039280853848,0.00115893655981272,239
-7.6926,53.28823,2021/01/20 00:00:00+00,Wed 20 Jan 2021,8395,951,0,126790,994,6,126796,1000,2.99894938853088,0.0236517665267901,240
-7.6926,53.28823,2021/01/21 00:00:00+00,Thu 21 Jan 2021,8921,953,0,135711,1947,6,135717,1953,3.20994679771637,0.0461919000268211,241
-7.6926,53.28823,2021/01/22 00:00:00+00,Fri 22 Jan 2021,6706,961,0,142417,2908,6,142423,2914,3.36855554404503,0.0689212476590664,242
-7.6926,53.28823,2021/01/23 00:00:00+00,Sat 23 Jan 2021,4136,456,0,146553,3364,6,146559,3370,3.46637925039983,0.0797064531952827,243
-7.6926,53.28823,2021/01/24 00:00:00+00,Sun 24 Jan 2021,1156,392,0,147709,3756,6,147715,3762,3.4937206925048,0.0889779456737844,244
-7.6926,53.28823,2021/01/25 00:00:00+00,Mon 25 Jan 2021,1312,1278,0,149021,5034,6,149027,5040,3.52475181018795,0.119204903295022,245
-7.6926,53.28823,2021/01/26 00:00:00+00,Tue 26 Jan 2021,966,3490,0,149987,8524,6,149993,8530,3.54759941665283,0.20174956847352,246
-7.6926,53.28823,2021/01/27 00:00:00+00,Wed 27 Jan 2021,2120,6688,0,152107,15212,6,152113,15218,3.59774116168963,0.359932583004692,247
-7.6926,53.28823,2021/01/28 00:00:00+00,Thu 28 Jan 2021,936,11533,0,153043,26745,6,153049,26751,3.6198792151587,0.632708406358163,248
-7.6926,53.28823,2021/01/29 00:00:00+00,Fri 29 Jan 2021,1520,11515,0,154563,38260,6,154569,38266,3.65582990027942,0.905058497914151,249
-7.6926,53.28823,2021/01/30 00:00:00+00,Sat 30 Jan 2021,589,7786,0,155152,46046,6,155158,46052,3.6697607907637,1.08921115209174,250
-7.6926,53.28823,2021/01/31 00:00:00+00,Sun 31 Jan 2021,192,4078,0,155344,50124,6,155350,50130,3.67430192993684,1.18566305598799,251
-7.6926,53.28823,2021/02/01 00:00:00+00,Mon 01 Feb 2021,959,8316,0,156303,58440,6,156309,58446,3.69698397403604,1.38235114642478,252
-7.6926,53.28823,2021/02/02 00:00:00+00,Tue 02 Feb 2021,770,5080,0,157073,63520,6,157079,63526,3.71519583426167,1.50250212038087,253
-7.6926,53.28823,2021/02/03 00:00:00+00,Wed 03 Feb 2021,1345,6844,0,158418,70364,6,158424,70370,3.7470074602402,1.66437481049022,254
-7.6926,53.28823,2021/02/04 00:00:00+00,Thu 04 Feb 2021,1370,10521,0,159788,80885,6,159794,80891,3.7794103803819,1.91321504611858,255
-7.6926,53.28823,2021/02/05 00:00:00+00,Fri 05 Feb 2021,3337,8586,0,163125,89471,6,163131,89477,3.8583363252818,2.1162891135176,256
-7.6926,53.28823,2021/02/06 00:00:00+00,Sat 06 Feb 2021,860,3856,0,163985,93327,6,163991,93333,3.87867684449484,2.2074903252449,257
-7.6926,53.28823,2021/02/07 00:00:00+00,Sun 07 Feb 2021,296,1287,0,164281,94614,6,164287,94620,3.88567776738677,2.23793014876488,258
-7.6926,53.28823,2021/02/08 00:00:00+00,Mon 08 Feb 2021,1107,865,0,165388,95479,6,165394,95485,3.91186027293193,2.25838892681055,259
-7.6926,53.28823,2021/02/09 00:00:00+00,Tue 09 Feb 2021,4175,518,0,169563,95997,6,169569,96003,4.01060639818127,2.27064054187143,260
-7.6926,53.28823,2021/02/10 00:00:00+00,Wed 10 Feb 2021,8772,568,0,178335,96565,6,178341,96571,4.21807969415428,2.28407474525865,261
-7.6926,53.28823,2021/02/11 00:00:00+00,Thu 11 Feb 2021,6107,421,0,184442,96986,6,184448,96992,4.36252103233338,2.29403213896643,262
-7.6926,53.28823,2021/02/12 00:00:00+00,Fri 12 Feb 2021,4344,509,0,188786,97495,6,188792,97501,4.46526430612576,2.30607088812856,263
-7.6926,53.28823,2021/02/13 00:00:00+00,Sat 13 Feb 2021,1164,1906,0,189950,99401,6,189956,99407,4.49279496236294,2.35115115512863,264
-7.6926,53.28823,2021/02/14 00:00:00+00,Sun 14 Feb 2021,2660,16,0,192610,99417,6,192616,99423,4.55570866132421,2.35152958339305,265
-7.6926,53.28823,2021/02/15 00:00:00+00,Mon 15 Feb 2021,1905,7860,0,194515,107277,6,194521,107283,4.60076527655774,2.53743246829362,266
-7.6926,53.28823,2021/02/16 00:00:00+00,Tue 16 Feb 2021,5584,8128,0,200099,115405,6,200105,115411,4.73283674084334,2.72967402662337,267
-7.6926,53.28823,2021/02/17 00:00:00+00,Wed 17 Feb 2021,9676,8442,0,209775,123847,6,209781,123853,4.96169123375656,2.92934223964254,268
-7.6926,53.28823,2021/02/18 00:00:00+00,Thu 18 Feb 2021,8406,8311,0,218181,132158,6,218187,132164,5.16050798318076,3.12591207124669,269
-7.6926,53.28823,2021/02/19 00:00:00+00,Fri 19 Feb 2021,9338,6556,0,227519,138714,6,227525,138720,5.38136817900792,3.28097305259633,270
-7.6926,53.28823,2021/02/20 00:00:00+00,Sat 20 Feb 2021,5836,3551,1,233355,142265,7,233362,142272,5.5194235402248,3.36498412729948,271
-7.6926,53.28823,2021/02/21 00:00:00+00,Sun 21 Feb 2021,1070,1014,2,234425,143279,9,234434,143288,5.54477823394152,3.3890143220907,272
-7.6926,53.28823,2021/02/22 00:00:00+00,Mon 22 Feb 2021,3891,1088,0,238316,144367,9,238325,144376,5.63680725749726,3.41474744407185,273
-7.6926,53.28823,2021/02/23 00:00:00+00,Tue 23 Feb 2021,13301,1046,0,251617,145413,9,251626,145422,5.95139940407009,3.43948719185887,274
-7.6926,53.28823,2021/02/24 00:00:00+00,Wed 24 Feb 2021,16856,2071,1,268473,147484,10,268483,147494,6.35009723241219,3.48849365210238,275
-7.6926,53.28823,2021/02/25 00:00:00+00,Thu 25 Feb 2021,17983,1725,0,286456,149209,10,286466,149219,6.77542694986346,3.52929294936109,276
-7.6926,53.28823,2021/02/26 00:00:00+00,Fri 26 Feb 2021,15996,2729,0,302452,151938,10,302462,151948,7.15376060722599,3.59383862021271,277
-7.6926,53.28823,2021/02/27 00:00:00+00,Sat 27 Feb 2021,8924,696,0,311376,152634,10,311386,152644,7.36482897171107,3.61030024971535,278
-7.6926,53.28823,2021/02/28 00:00:00+00,Sun 28 Feb 2021,2408,44,1,313784,152678,11,313795,152689,7.42180607727411,3.61136457920906,279
-7.6926,53.28823,2021/03/01 00:00:00+00,Mon 01 Mar 2021,5511,771,0,319295,153449,11,319306,153460,7.55215096260325,3.62960009120121,280
-7.6926,53.28823,2021/03/02 00:00:00+00,Tue 02 Mar 2021,12094,1580,0,331389,155029,11,331400,155040,7.83819542697825,3.66696988231354,281
-7.6926,53.28823,2021/03/03 00:00:00+00,Wed 03 Mar 2021,12743,1466,0,344132,156495,11,344143,156506,8.13958988782913,3.70164337204181,282
-7.6926,53.28823,2021/03/04 00:00:00+00,Thu 04 Mar 2021,18613,1663,0,362745,158158,11,362756,158169,8.57982021819228,3.74097625977587,283
-7.6926,53.28823,2021/03/05 00:00:00+00,Fri 05 Mar 2021,18334,2371,0,381079,160529,11,381090,160540,9.01345170569445,3.79705459821089,284
-7.6926,53.28823,2021/03/06 00:00:00+00,Sat 06 Mar 2021,10299,116,0,391378,160645,11,391389,160656,9.25704124915386,3.79979820312799,285
-7.6926,53.28823,2021/03/07 00:00:00+00,Sun 07 Mar 2021,1467,4,0,392845,160649,11,392856,160660,9.29173839064866,3.7998928101941,286
-7.6926,53.28823,2021/03/08 00:00:00+00,Mon 08 Mar 2021,6556,1460,0,399401,162109,11,399412,162120,9.4467993719983,3.83442438932321,287
-7.6926,53.28823,2021/03/09 00:00:00+00,Tue 09 Mar 2021,13681,3069,0,413082,165178,11,413093,165189,9.77037918985131,3.90701166079393,288
-7.6926,53.28823,2021/03/10 00:00:00+00,Wed 10 Mar 2021,13594,3947,0,426676,169125,11,426687,169136,10.0919013040165,4.00036518327517,289
-7.6926,53.28823,2021/03/11 00:00:00+00,Thu 11 Mar 2021,18320,2064,0,444996,171189,11,445007,171200,10.5252016667873,4.04918242938647,290
-7.6926,53.28823,2021/03/12 00:00:00+00,Fri 12 Mar 2021,17186,1307,1,462182,172496,12,462194,172508,10.9317045780832,4.08011894000351,291
-7.6926,53.28823,2021/03/13 00:00:00+00,Sat 13 Mar 2021,8185,149,0,470367,172645,12,470379,172657,11.125294287105,4.083643053216,292
-7.6926,53.28823,2021/03/14 00:00:00+00,Sun 14 Mar 2021,315,4,0,470682,172649,12,470694,172661,11.1327445935609,4.08373766028211,293
-7.6926,53.28823,2021/03/15 00:00:00+00,Mon 15 Mar 2021,2511,959,0,473193,173608,12,473205,173620,11.1921341793097,4.1064197043813,294
-7.6926,53.28823,2021/03/16 00:00:00+00,Tue 16 Mar 2021,8811,3777,0,482004,177385,12,482016,177397,11.4005298941773,4.19575242655299,295
-7.6926,53.28823,2021/03/17 00:00:00+00,Wed 17 Mar 2021,4790,2379,0,486794,179764,12,486806,179776,11.5138218558406,4.25201997912022,296
-7.6926,53.28823,2021/03/18 00:00:00+00,Thu 18 Mar 2021,11566,4640,0,498360,184404,12,498372,184416,11.7873781874894,4.36176417580453,297
-7.6926,53.28823,2021/03/19 00:00:00+00,Fri 19 Mar 2021,10194,6077,1,508554,190481,13,508567,190494,12.0285079472301,4.50551961275436,298
-7.6926,53.28823,2021/03/20 00:00:00+00,Sat 20 Mar 2021,5090,3080,0,513644,193561,13,513657,193574,12.1488954388514,4.57836705365687,299
-7.6926,53.28823,2021/03/21 00:00:00+00,Sun 21 Mar 2021,3527,38,0,517171,193599,13,517184,193612,12.2323152193914,4.57926582078489,300
-7.6926,53.28823,2021/03/22 00:00:00+00,Mon 22 Mar 2021,7273,2360,0,524444,195959,13,524457,195972,12.4043345173408,4.63508398978811,301
-7.6926,53.28823,2021/03/23 00:00:00+00,Tue 23 Mar 2021,12392,7341,0,536836,203300,13,536849,203313,12.6974272081407,4.80871160786128,302
-7.6926,53.28823,2021/03/24 00:00:00+00,Wed 24 Mar 2021,13472,9726,0,550308,213026,13,550321,213039,13.0160638067897,5.03874868910084,303
-7.6926,53.28823,2021/03/25 00:00:00+00,Thu 25 Mar 2021,20700,10169,0,571008,223195,13,571021,223208,13.5056553738942,5.27926350291177,304
-7.6926,53.28823,2021/03/26 00:00:00+00,Fri 26 Mar 2021,19530,9411,0,590538,232606,13,590551,232619,13.9675743741624,5.50185027769539,305
-7.6926,53.28823,2021/03/27 00:00:00+00,Sat 27 Mar 2021,11584,5286,1,602122,237892,14,602136,237906,14.2415800893753,5.62689716732253,306
-7.6926,53.28823,2021/03/28 00:00:00+00,Sun 28 Mar 2021,2400,458,0,604522,238350,14,604536,238364,14.2983443290396,5.6377296763918,307
-7.6926,53.28823,2021/03/28 23:00:00+00,Mon 29 Mar 2021,9119,3056,0,613641,241406,14,613655,241420,14.5140247879974,5.71000947489767,308
-7.6926,53.28823,2021/03/29 23:00:00+00,Tue 30 Mar 2021,13173,8594,1,626814,250000,15,626829,250015,14.8256131602213,5.91329640819543,309
-7.6926,53.28823,2021/03/30 23:00:00+00,Wed 31 Mar 2021,15616,10408,0,642430,260408,15,642445,260423,15.1949591463037,6.15946399420626,310
-7.6926,53.28823,2021/03/31 23:00:00+00,Thu 01 Apr 2021,19523,11524,0,661953,271932,15,661968,271947,15.6567125842062,6.43202695166099,311
-7.6926,53.28823,2021/04/01 23:00:00+00,Fri 02 Apr 2021,19984,13663,0,681937,285595,15,681952,285610,16.1293694864776,6.75518103771653,312
-7.6926,53.28823,2021/04/02 23:00:00+00,Sat 03 Apr 2021,7403,4579,0,689340,290174,15,689355,290189,16.3044635140754,6.8634824766427,313
-7.6926,53.28823,2021/04/03 23:00:00+00,Sun 04 Apr 2021,2925,144,0,692265,290318,15,692280,290333,16.3736449311663,6.86688833102256,314
-7.6926,53.28823,2021/04/04 23:00:00+00,Mon 05 Apr 2021,3312,561,0,695577,290879,15,695592,290894,16.451979581903,6.88015697204409,315
-7.6926,53.28823,2021/04/05 23:00:00+00,Tue 06 Apr 2021,11816,8091,0,707393,298970,15,707408,298985,16.7314488551835,7.07152341501234,316
-7.6926,53.28823,2021/04/06 23:00:00+00,Wed 07 Apr 2021,18160,10393,0,725553,309363,15,725568,309378,17.1609649353101,7.31733622452527,317
-7.6926,53.28823,2021/04/07 23:00:00+00,Thu 08 Apr 2021,19995,10470,0,745548,319833,15,745563,319848,17.6338820070132,7.56497022006077,318
-7.6926,53.28823,2021/04/08 23:00:00+00,Fri 09 Apr 2021,20532,9071,0,766080,328904,15,766095,328919,18.1195000773413,7.77951539422528,319
-7.6926,53.28823,2021/04/09 23:00:00+00,Sat 10 Apr 2021,11002,4113,1,777082,333017,16,777098,333033,18.3797404644355,7.87681876171649,320
-7.6926,53.28823,2021/04/10 23:00:00+00,Sun 11 Apr 2021,2768,302,0,779850,333319,16,779866,333335,18.4452085541817,7.88396159520758,321
-7.6926,53.28823,2021/04/11 23:00:00+00,Mon 12 Apr 2021,7640,2702,1,787490,336021,17,787507,336038,18.6259317022129,7.9478923201295,322
-7.6926,53.28823,2021/04/12 23:00:00+00,Tue 13 Apr 2021,11369,8494,0,798859,344515,17,798876,344532,18.894828635856,8.14879042500805,323
-7.6926,53.28823,2021/04/13 23:00:00+00,Wed 14 Apr 2021,20182,6509,1,819041,351024,18,819059,351042,19.3721922396662,8.30276342509746,324
-7.6926,53.28823,2021/04/14 23:00:00+00,Thu 15 Apr 2021,26943,10695,0,845984,361719,18,846002,361737,20.0094417851975,8.55571906810148,325
