X,Y,VaccinationDate,VaccineText,Dose1,Dose2,SingleDose,Dose1Cum,Dose2Cum,SingleDoseCum,PartiallyVacc,FullyVacc,PartialPercent,FullyPercent,ObjectId
-7.6926,53.28823,2021/04/08 23:00:00+00,Fri 09 Apr 2021,20680,9155,16,774440,331412,195,774635,331607,16.4504204478874,7.0421225137808,1
-7.6926,53.28823,2021/04/09 23:00:00+00,Sat 10 Apr 2021,11167,4165,12,785607,335577,207,785814,335784,16.6878216112571,7.13082675024162,2
-7.6926,53.28823,2021/04/10 23:00:00+00,Sun 11 Apr 2021,2858,360,8,788465,335937,215,788680,336152,16.7486849920799,7.13864172726282,3
-7.6926,53.28823,2021/04/11 23:00:00+00,Mon 12 Apr 2021,7770,2793,13,796235,338730,228,796463,338958,16.9139675088083,7.19823092704953,4
-7.6926,53.28823,2021/04/12 23:00:00+00,Tue 13 Apr 2021,11503,8592,1,807738,347322,229,807967,347551,17.1582704861234,7.38071488776482,5
-7.6926,53.28823,2021/04/13 23:00:00+00,Wed 14 Apr 2021,20345,6592,2,828083,353914,231,828314,354145,17.5903665118041,7.52074738362851,6
-7.6926,53.28823,2021/04/14 23:00:00+00,Thu 15 Apr 2021,27121,10797,1,855204,364711,232,855436,364943,18.1663388128073,7.75005749741925,7
-7.6926,53.28823,2021/04/15 23:00:00+00,Fri 16 Apr 2021,27968,9829,1,883172,374540,233,883405,374773,18.7602983027696,7.95881082382812,8
-7.6926,53.28823,2021/04/16 23:00:00+00,Sat 17 Apr 2021,15844,4548,2,899016,379088,235,899251,379323,19.0968095143947,8.05543621906315,9
-7.6926,53.28823,2021/04/17 23:00:00+00,Sun 18 Apr 2021,1067,483,0,900083,379571,235,900318,379806,19.1194687004861,8.06569337640348,10
-7.6926,53.28823,2021/04/18 23:00:00+00,Mon 19 Apr 2021,6738,2250,0,906821,381821,235,907056,382056,19.2625592308364,8.11347516525597,11
-7.6926,53.28823,2021/04/19 23:00:00+00,Tue 20 Apr 2021,15087,7306,1,921908,389127,236,922144,389363,19.5829732887059,8.26864917909825,12
-7.6926,53.28823,2021/04/20 23:00:00+00,Wed 21 Apr 2021,26711,9873,4,948619,399000,240,948859,399240,20.1503023950144,8.47840061398537,13
-7.6926,53.28823,2021/04/21 23:00:00+00,Thu 22 Apr 2021,31619,12182,1,980238,411182,241,980479,411423,20.8217958010213,8.73712307335864,14
-7.6926,53.28823,2021/04/22 23:00:00+00,Fri 23 Apr 2021,33615,12349,3,1013853,423531,244,1014097,423775,21.5357194355293,8.99943447598349,15
-7.6926,53.28823,2021/04/23 23:00:00+00,Sat 24 Apr 2021,23696,6988,2,1037549,430519,246,1037795,430765,22.0389784720743,9.14787656668522,16
-7.6926,53.28823,2021/04/24 23:00:00+00,Sun 25 Apr 2021,9746,298,2,1047295,430817,248,1047543,431065,22.2459904177339,9.15424747186555,17
-7.6926,53.28823,2021/04/25 23:00:00+00,Mon 26 Apr 2021,15574,3048,3,1062869,433865,251,1063120,434116,22.5767890510473,9.21903957754953,18
-7.6926,53.28823,2021/04/26 23:00:00+00,Tue 27 Apr 2021,25912,7807,9,1088781,441672,260,1089041,441932,23.1272564949786,9.38502289384776,19
-7.6926,53.28823,2021/04/27 23:00:00+00,Wed 28 Apr 2021,26026,8588,5,1114807,450260,265,1115072,450525,23.6800599374759,9.56750685456307,20
-7.6926,53.28823,2021/04/28 23:00:00+00,Thu 29 Apr 2021,31688,11331,6,1146495,461591,271,1146766,461862,24.3531248334274,9.8082633613278,21
-7.6926,53.28823,2021/04/29 23:00:00+00,Fri 30 Apr 2021,36120,13521,8,1182615,475112,279,1182894,475391,25.1203517079441,10.0955699486102,22
-7.6926,53.28823,2021/04/30 23:00:00+00,Sat 01 May 2021,16572,6681,18,1199187,481793,297,1199484,482090,25.4726627644165,10.237832261287,23
-7.6926,53.28823,2021/05/01 23:00:00+00,Sun 02 May 2021,12451,908,14,1211638,482701,311,1211949,483012,25.7373738746592,10.2574121765412,24
-7.6926,53.28823,2021/05/02 23:00:00+00,Mon 03 May 2021,14252,918,21,1225890,483619,332,1226222,483951,26.0404803067888,10.2773531097556,25
-7.6926,53.28823,2021/05/03 23:00:00+00,Tue 04 May 2021,26653,6783,10,1252543,490402,342,1252885,490744,26.6067051228661,10.4216116393889,26
-7.6926,53.28823,2021/05/04 23:00:00+00,Wed 05 May 2021,32098,13457,69,1284641,503859,411,1285052,504270,27.2898148126519,10.7088545176195,27
-7.6926,53.28823,2021/05/05 23:00:00+00,Thu 06 May 2021,37270,14377,132,1321911,518236,543,1322454,518779,28.0840967978344,11.0169727284909,28
-7.6926,53.28823,2021/05/06 23:00:00+00,Fri 07 May 2021,40595,15064,97,1362506,533300,640,1363146,533940,28.9482463764946,11.3389370399543,29
-7.6926,53.28823,2021/05/07 23:00:00+00,Sat 08 May 2021,25607,7037,10,1388113,540337,650,1388763,540987,29.4922579698431,11.4885896026403,30
-7.6926,53.28823,2021/05/08 23:00:00+00,Sun 09 May 2021,19665,921,5,1407778,541258,655,1408433,541913,29.9099769861669,11.5082544632969,31
-7.6926,53.28823,2021/05/09 23:00:00+00,Mon 10 May 2021,28839,4639,173,1436617,545897,828,1437445,546725,30.5260859898061,11.6104437823894,32
-7.6926,53.28823,2021/05/10 23:00:00+00,Tue 11 May 2021,33919,14811,153,1470536,560708,981,1471517,561689,31.249650927487,11.9282245327844,33
-7.6926,53.28823,2021/05/11 23:00:00+00,Wed 12 May 2021,31284,20927,171,1501820,581635,1152,1502972,582787,31.9176403356448,12.3762690577665,34
-7.6926,53.28823,2021/05/12 23:00:00+00,Thu 13 May 2021,35991,25473,152,1537811,607108,1304,1539115,608412,32.6851857554205,12.9204505419198,35
-7.6926,53.28823,2021/05/13 23:00:00+00,Fri 14 May 2021,38210,27941,236,1576021,635049,1540,1577561,636589,33.5016384906306,13.5188271928072,36
-7.6926,53.28823,2021/05/14 23:00:00+00,Sat 15 May 2021,28850,12443,21,1604871,647492,1561,1606432,649053,34.1147531688351,13.7835170666993,37
-7.6926,53.28823,2021/05/15 23:00:00+00,Sun 16 May 2021,23167,1168,9,1628038,648660,1570,1629608,650230,34.6069268303664,13.8085122513568,38
-7.6926,53.28823,2021/05/16 23:00:00+00,Mon 17 May 2021,35385,3940,115,1663423,652600,1685,1665108,654285,35.3608172767056,13.8946256530443,39
-7.6926,53.28823,2021/05/17 23:00:00+00,Tue 18 May 2021,39000,12487,125,1702423,665087,1810,1704233,666897,36.1916894939739,14.1624585068255,40
-7.6926,53.28823,2021/05/18 23:00:00+00,Wed 19 May 2021,37018,17584,207,1739441,682671,2017,1741458,684688,36.9822126451,14.5402744203697,41
-7.6926,53.28823,2021/05/19 23:00:00+00,Thu 20 May 2021,39070,19637,135,1778511,702308,2152,1780663,704460,37.8147837704164,14.9601595444548,42
-7.6926,53.28823,2021/05/20 23:00:00+00,Fri 21 May 2021,25831,23243,14933,1804342,725551,17085,1821427,742636,38.6804623663198,15.7708784650026,43
-7.6926,53.28823,2021/05/21 23:00:00+00,Sat 22 May 2021,16582,10241,13522,1820924,735792,30607,1851531,766399,39.3197614648155,16.2755178643367,44
-7.6926,53.28823,2021/05/22 23:00:00+00,Sun 23 May 2021,8210,5522,10204,1829134,741314,40811,1869945,782125,39.7108076247843,16.6094807138897,45
-7.6926,53.28823,2021/05/23 23:00:00+00,Mon 24 May 2021,22543,8207,8450,1851677,749521,49261,1900938,798782,40.3689858389643,16.9632146058523,46
-7.6926,53.28823,2021/05/24 23:00:00+00,Tue 25 May 2021,30326,16476,3222,1882003,765997,52483,1934486,818480,41.0814229289302,17.3815282399928,47
-7.6926,53.28823,2021/05/25 23:00:00+00,Wed 26 May 2021,19957,25385,3049,1901960,791382,55532,1957492,846914,41.5699864108593,17.9853626329847,48
-7.6926,53.28823,2021/05/26 23:00:00+00,Thu 27 May 2021,17001,36019,551,1918961,827401,56083,1975044,883484,41.9427268366099,18.7619759744671,49
-7.6926,53.28823,2021/05/27 23:00:00+00,Fri 28 May 2021,27026,31812,1558,1945987,859213,57641,2003628,916854,42.5497466821919,19.470632994026,50
-7.6926,53.28823,2021/05/28 23:00:00+00,Sat 29 May 2021,24460,7383,534,1970447,866596,58175,2028622,924771,43.0805280291159,19.638761181735,51
-7.6926,53.28823,2021/05/29 23:00:00+00,Sun 30 May 2021,24232,1674,209,1994679,868270,58384,2053063,926654,43.5995656741575,19.6787492299168,52
-7.6926,53.28823,2021/05/30 23:00:00+00,Mon 31 May 2021,22570,7322,3442,2017249,875592,61826,2079075,937418,44.1519656259935,19.9073373077871,53
-7.6926,53.28823,2021/05/31 23:00:00+00,Tue 01 Jun 2021,27531,11506,3653,2044780,887098,65479,2110259,952577,44.8141999831383,20.2292591465493,54
-7.6926,53.28823,2021/06/01 23:00:00+00,Wed 02 Jun 2021,18680,20883,4007,2063460,907981,69486,2132946,977467,45.2959890692256,20.7578319130108,55
-7.6926,53.28823,2021/06/02 23:00:00+00,Thu 03 Jun 2021,16665,30703,1976,2080125,938684,71462,2151587,1010146,45.6918558807808,21.4518146143043,56
-7.6926,53.28823,2021/06/03 23:00:00+00,Fri 04 Jun 2021,28990,23335,150,2109115,962019,71612,2180727,1033631,46.310683137297,21.9505503081713,57
-7.6926,53.28823,2021/06/04 23:00:00+00,Sat 05 Jun 2021,20944,11483,33,2130059,973502,71645,2201704,1045147,46.7561580638564,22.1951081216936,58
-7.6926,53.28823,2021/06/05 23:00:00+00,Sun 06 Jun 2021,19928,3897,43,2149987,977399,71688,2221675,1049087,47.1802692217111,22.278779343062,59
-7.6926,53.28823,2021/06/06 23:00:00+00,Mon 07 Jun 2021,19794,4577,44,2169781,981976,71732,2241513,1053708,47.6015559449358,22.3769125191897,60
-7.6926,53.28823,2021/06/07 23:00:00+00,Tue 08 Jun 2021,26382,18348,43,2196163,1000324,71775,2267938,1072099,48.16272650957,22.7674702430946,61
-7.6926,53.28823,2021/06/08 23:00:00+00,Wed 09 Jun 2021,32774,20103,173,2228937,1020427,71948,2300885,1092375,48.8624005528247,23.1980584878826,62
-7.6926,53.28823,2021/06/09 23:00:00+00,Thu 10 Jun 2021,27666,27483,270,2256603,1047910,72218,2328821,1120128,49.4556592432172,23.7874309261151,63
-7.6926,53.28823,2021/06/10 23:00:00+00,Fri 11 Jun 2021,26413,32892,40,2283016,1080802,72258,2355274,1153060,50.0174244256682,24.4867864241107,64
-7.6926,53.28823,2021/06/11 23:00:00+00,Sat 12 Jun 2021,12194,19713,103,2295210,1100515,72361,2367571,1172876,50.27856782901,24.9076059476222,65
-7.6926,53.28823,2021/06/12 23:00:00+00,Sun 13 Jun 2021,8540,18164,831,2303750,1118679,73192,2376942,1191871,50.477573670493,25.3109904272902,66
-7.6926,53.28823,2021/06/13 23:00:00+00,Mon 14 Jun 2021,16005,31297,48,2319755,1149976,73240,2392995,1223216,50.8184808066925,25.9766438368819,67
-7.6926,53.28823,2021/06/14 23:00:00+00,Tue 15 Jun 2021,14681,41572,205,2334436,1191548,73445,2407881,1264993,51.1346051217406,26.8638348559443,68
-7.6926,53.28823,2021/06/15 23:00:00+00,Wed 16 Jun 2021,13454,48379,215,2347890,1239927,73660,2421550,1313587,51.4248847981071,27.8957940770544,69
-7.6926,53.28823,2021/06/16 23:00:00+00,Thu 17 Jun 2021,21556,42668,535,2369446,1282595,74195,2443641,1356790,51.8940170192361,28.813268132074,70
-7.6926,53.28823,2021/06/17 23:00:00+00,Fri 18 Jun 2021,12002,50034,550,2381448,1332629,74745,2456193,1407374,52.1605756919812,29.8874876908803,71
-7.6926,53.28823,2021/06/18 23:00:00+00,Sat 19 Jun 2021,6301,32792,432,2387749,1365421,75177,2462926,1440598,52.3035600405784,30.5930442032514,72
-7.6926,53.28823,2021/06/19 23:00:00+00,Sun 20 Jun 2021,8503,26133,177,2396252,1391554,75354,2471606,1466908,52.487891563796,31.1517725875665,73
-7.6926,53.28823,2021/06/20 23:00:00+00,Mon 21 Jun 2021,15458,32327,572,2411710,1423881,75926,2487636,1499807,52.8283102639317,31.8504272859923,74
-7.6926,53.28823,2021/06/21 23:00:00+00,Tue 22 Jun 2021,15119,43529,721,2426829,1467410,76647,2503476,1544057,53.1646940574532,32.7901358000912,75
-7.6926,53.28823,2021/06/22 23:00:00+00,Wed 23 Jun 2021,20069,39373,880,2446898,1506783,77527,2524425,1584310,53.6095743661958,33.6449626208375,76
-7.6926,53.28823,2021/06/23 23:00:00+00,Thu 24 Jun 2021,19002,44258,1030,2465900,1551041,78557,2544457,1629598,54.0349809414371,34.6067144668604,77
-7.6926,53.28823,2021/06/24 23:00:00+00,Fri 25 Jun 2021,15194,50112,839,2481094,1601153,79396,2560490,1680549,54.3754633506247,35.6887277663373,78
-7.6926,53.28823,2021/06/25 23:00:00+00,Sat 26 Jun 2021,9042,30540,508,2490136,1631693,79904,2570040,1711597,54.5782704988652,36.3480739798004,79
-7.6926,53.28823,2021/06/26 23:00:00+00,Sun 27 Jun 2021,8718,30464,55,2498854,1662157,79959,2578813,1742116,54.7645770026887,36.9961861637955,80
-7.6926,53.28823,2021/06/27 23:00:00+00,Mon 28 Jun 2021,24214,24626,518,2523068,1686783,80477,2603545,1767260,55.2897944257553,37.5301529633097,81
-7.6926,53.28823,2021/06/28 23:00:00+00,Tue 29 Jun 2021,28137,31007,808,2551205,1717790,81285,2632490,1799075,55.9044805939043,38.2057874576839,82
-7.6926,53.28823,2021/06/29 23:00:00+00,Wed 30 Jun 2021,22547,36847,587,2573752,1754637,81872,2655624,1836509,56.3957623287103,39.0007490060857,83
-7.6926,53.28823,2021/06/30 23:00:00+00,Thu 01 Jul 2021,14980,48304,640,2588732,1802941,82512,2671244,1885453,56.7274741250995,40.0401409499062,84
-7.6926,53.28823,2021/07/01 23:00:00+00,Fri 02 Jul 2021,13639,47246,813,2602371,1850187,83325,2685696,1933512,57.0343818639867,41.0607387234447,85
-7.6926,53.28823,2021/07/02 23:00:00+00,Sat 03 Jul 2021,9297,30462,505,2611668,1880649,83830,2695498,1964479,57.2425405725787,41.7183647925092,86
-7.6926,53.28823,2021/07/03 23:00:00+00,Sun 04 Jul 2021,6434,27771,231,2618102,1908420,84061,2702163,1992481,57.3840808493351,42.3130250820413,87
-7.6926,53.28823,2021/07/04 23:00:00+00,Mon 05 Jul 2021,15579,33436,5338,2633681,1941856,89399,2723080,2031255,57.8282815948584,43.1364433402486,88
-7.6926,53.28823,2021/07/05 23:00:00+00,Tue 06 Jul 2021,12398,48277,5482,2646079,1990133,94881,2740960,2085014,58.2079875436062,44.2780883122134,89
-7.6926,53.28823,2021/07/06 23:00:00+00,Wed 07 Jul 2021,19687,43745,5055,2665766,2033878,99936,2765702,2133814,58.7334173301787,45.3144222215474,90
-7.6926,53.28823,2021/07/07 23:00:00+00,Thu 08 Jul 2021,17745,45572,5992,2683511,2079450,105928,2789439,2185378,59.2375045843972,46.4094534039428,91
-7.6926,53.28823,2021/07/08 23:00:00+00,Fri 09 Jul 2021,13503,45079,6528,2697014,2124529,112456,2809470,2236985,59.6628899232879,47.505397749414,92
-7.6926,53.28823,2021/07/09 23:00:00+00,Sat 10 Jul 2021,8618,23853,4361,2705632,2148382,116817,2822449,2265199,59.9385165177397,48.1045601452736,93
-7.6926,53.28823,2021/07/10 23:00:00+00,Sun 11 Jul 2021,15219,16102,2153,2720851,2164484,118970,2839821,2283454,60.3074344003821,48.4922297254968,94
-7.6926,53.28823,2021/07/11 23:00:00+00,Mon 12 Jul 2021,17091,31739,6090,2737942,2196223,125060,2863002,2321283,60.7997142436663,49.295579632386,95
-7.6926,53.28823,2021/07/12 23:00:00+00,Tue 13 Jul 2021,20086,36547,8484,2758028,2232770,133544,2891572,2366314,61.4064367803399,50.2518737363044,96
-7.6926,53.28823,2021/07/13 23:00:00+00,Wed 14 Jul 2021,20781,35678,9331,2778809,2268448,142875,2921684,2411323,62.0459057696404,51.2077006405096,97
-7.6926,53.28823,2021/07/14 23:00:00+00,Thu 15 Jul 2021,23610,28813,9578,2802419,2297261,152453,2954872,2449714,62.7506977733899,52.0229853764366,98
-7.6926,53.28823,2021/07/15 23:00:00+00,Fri 16 Jul 2021,23519,27404,9161,2825938,2324665,161614,2987552,2486279,63.444701711034,52.799492536166,99
-7.6926,53.28823,2021/07/16 23:00:00+00,Sat 17 Jul 2021,11484,19412,4676,2837422,2344077,166290,3003712,2510367,63.7878811367479,53.3110337494455,100
-7.6926,53.28823,2021/07/17 23:00:00+00,Sun 18 Jul 2021,16846,15801,1927,2854268,2359878,168217,3022485,2528095,64.1865511465824,53.6875117729019,101
-7.6926,53.28823,2021/07/18 23:00:00+00,Mon 19 Jul 2021,24866,18403,6246,2879134,2378281,174463,3053597,2552744,64.847256486484,54.2109665788685,102
-7.6926,53.28823,2021/10/29 23:00:00+00,Sat 30 Oct 2021,2011,1441,0,3615129,3551249,240404,3855533,3791653,81.8774505421322,80.5208724657335,103
-7.6926,53.28823,2021/10/30 23:00:00+00,Sun 31 Oct 2021,1594,1315,0,3616723,3552564,240404,3857127,3792968,81.9113012849903,80.548798266774,104
-7.6926,53.28823,2021/11/01 00:00:00+00,Mon 01 Nov 2021,265,267,3,3616988,3552831,240407,3857395,3793238,81.9169926269514,80.5545320814363,105
-7.6926,53.28823,2021/11/02 00:00:00+00,Tue 02 Nov 2021,1088,1079,9,3618076,3553910,240416,3858492,3794326,81.9402889035608,80.5776372308903,106
-7.6926,53.28823,2021/11/03 00:00:00+00,Wed 03 Nov 2021,2529,1850,6,3620605,3555760,240422,3861027,3796182,81.9941230523347,80.617051897606,107
-7.6926,53.28823,2021/11/04 00:00:00+00,Thu 04 Nov 2021,1538,1260,1,3622143,3557020,240423,3862566,3797443,82.0268057959098,80.643830935714,108
-7.6926,53.28823,2021/11/05 00:00:00+00,Fri 05 Nov 2021,1631,1074,3,3623774,3558094,240426,3864200,3798520,82.061505992792,80.6667024853113,109
-7.6926,53.28823,2021/11/06 00:00:00+00,Sat 06 Nov 2021,1817,1341,5,3625591,3559435,240431,3866022,3799866,82.1001986235872,80.6952866132204,110
-7.6926,53.28823,2021/11/07 00:00:00+00,Sun 07 Nov 2021,693,768,0,3626284,3560203,240431,3866715,3800634,82.1149154145537,80.7115961304821,111
-7.6926,53.28823,2021/11/08 00:00:00+00,Mon 08 Nov 2021,515,523,2,3626799,3560726,240433,3867232,3801159,82.1258946078145,80.7227452145477,112
-7.6926,53.28823,2021/11/09 00:00:00+00,Tue 09 Nov 2021,1369,1047,1,3628168,3561773,240434,3868602,3802207,82.154988408138,80.7450009099776,113
-7.6926,53.28823,2021/11/10 00:00:00+00,Wed 10 Nov 2021,1615,1341,1,3629783,3563114,240435,3870218,3803549,82.1893063507094,80.7735000924843,114
-7.6926,53.28823,2021/11/11 00:00:00+00,Thu 11 Nov 2021,1387,1095,2,3631170,3564209,240437,3871607,3804646,82.2188036416944,80.7967963690937,115
-7.6926,53.28823,2021/11/12 00:00:00+00,Fri 12 Nov 2021,1147,1126,6,3632317,3565335,240443,3872760,3805778,82.2432891539374,80.8208359179742,116
-7.6926,53.28823,2021/11/13 00:00:00+00,Sat 13 Nov 2021,1400,1360,0,3633717,3566695,240443,3874160,3807138,82.273020044779,80.8497173547917,117
-7.6926,53.28823,2021/11/14 00:00:00+00,Sun 14 Nov 2021,1646,1801,0,3635363,3568496,240443,3875806,3808939,82.3079750778684,80.8879640222243,118
-7.6926,53.28823,2021/11/15 00:00:00+00,Mon 15 Nov 2021,1246,575,1,3636609,3569071,240444,3877053,3809515,82.334456807068,80.9001961601705,119
-7.6926,53.28823,2021/11/16 00:00:00+00,Tue 16 Nov 2021,1318,1057,5,3637927,3570128,240449,3878376,3810577,82.3625524989132,80.9227491645089,120
-7.6926,53.28823,2021/11/17 00:00:00+00,Wed 17 Nov 2021,1508,1094,0,3639435,3571222,240449,3879884,3811671,82.3945769156197,80.9459817320665,121
-7.6926,53.28823,2021/11/18 00:00:00+00,Thu 18 Nov 2021,1656,2480,5,3641091,3573702,240454,3881545,3814156,82.4298504939681,80.9987540633102,122
-7.6926,53.28823,2021/11/19 00:00:00+00,Fri 19 Nov 2021,1166,1530,0,3642257,3575232,240454,3882711,3815686,82.454612078769,81.0312456797299,123
-7.6926,53.28823,2021/11/20 00:00:00+00,Sat 20 Nov 2021,1542,2922,12,3643799,3578154,240466,3884265,3818620,82.4876133676031,81.0935531323936,124
-7.6926,53.28823,2021/11/21 00:00:00+00,Sun 21 Nov 2021,1784,2756,0,3645583,3580910,240466,3886049,3821376,82.5254990170755,81.1520805146502,125
-7.6926,53.28823,2021/11/22 00:00:00+00,Mon 22 Nov 2021,714,496,2,3646297,3581406,240468,3886765,3821874,82.5407042441059,81.1626562172496,126
-7.6926,53.28823,2021/11/23 00:00:00+00,Tue 23 Nov 2021,2158,1569,7,3648455,3582975,240475,3888930,3823450,82.5866809431573,81.1961247057969,127
-7.6926,53.28823,2021/11/24 00:00:00+00,Wed 24 Nov 2021,1620,3121,2,3650075,3586096,240477,3890552,3826573,82.6211263038323,81.2624458287242,128
-7.6926,53.28823,2021/11/25 00:00:00+00,Thu 25 Nov 2021,989,1165,1,3651064,3587261,240478,3891542,3827739,82.6421502909274,81.2872074135251,129
-7.6926,53.28823,2021/11/26 00:00:00+00,Fri 26 Nov 2021,1287,1083,12,3652351,3588344,240490,3892841,3828834,82.6697363103582,81.3104612174333,130
-7.6926,53.28823,2021/11/27 00:00:00+00,Sat 27 Nov 2021,1201,1553,6,3653552,3589897,240496,3894048,3830393,82.6953685855338,81.3435686880204,131
-7.6926,53.28823,2021/11/28 00:00:00+00,Sun 28 Nov 2021,1962,2253,0,3655514,3592150,240496,3896010,3832646,82.7370343054131,81.3914141859247,132
-7.6926,53.28823,2021/11/29 00:00:00+00,Mon 29 Nov 2021,543,980,2,3656057,3593130,240498,3896555,3833628,82.7486081164907,81.412268282215,133
-7.6926,53.28823,2021/11/30 00:00:00+00,Tue 30 Nov 2021,1953,1622,6,3658010,3594752,240504,3898514,3835256,82.7902101273183,81.4468410609936,134
-7.6926,53.28823,2021/12/01 00:00:00+00,Wed 01 Dec 2021,1078,1355,2,3659088,3596107,240506,3899594,3836613,82.8131453859675,81.4756587887593,135
-7.6926,53.28823,2021/12/02 00:00:00+00,Thu 02 Dec 2021,1776,1396,0,3660864,3597503,240506,3901370,3838009,82.850861144635,81.5053047341984,136
-7.6926,53.28823,2021/12/03 00:00:00+00,Fri 03 Dec 2021,1045,1163,3,3661909,3598666,240509,3902418,3839175,82.873116840065,81.5300663189993,137
-7.6926,53.28823,2021/12/04 00:00:00+00,Sat 04 Dec 2021,1203,1696,1,3663112,3600362,240510,3903622,3840872,82.8986854061887,81.5661044059694,138
-7.6926,53.28823,2021/12/05 00:00:00+00,Sun 05 Dec 2021,1348,1772,1,3664460,3602134,240511,3904971,3842645,82.9273332431496,81.6037564555851,139
-7.6926,53.28823,2021/12/06 00:00:00+00,Mon 06 Dec 2021,934,1282,0,3665394,3603416,240511,3905905,3843927,82.9471679946111,81.6309814570557,140
-7.6926,53.28823,2021/12/07 00:00:00+00,Tue 07 Dec 2021,482,735,2,3665876,3604151,240513,3906389,3844664,82.957446388302,81.6466326474488,141
-7.6926,53.28823,2021/12/08 00:00:00+00,Wed 08 Dec 2021,801,1497,1,3666677,3605648,240514,3907191,3846162,82.9744779414841,81.6784447006492,142
-7.6926,53.28823,2020/12/28 00:00:00+00,Mon 28 Dec 2020,213,17,0,213,17,0,213,17,0.00452334267803548,0.000361017960218794,143
-7.6926,53.28823,2021/12/09 00:00:00+00,Thu 09 Dec 2021,799,1192,0,3667476,3606840,240514,3907990,3847354,82.9914457856144,81.7037584305657,144
-7.6926,53.28823,2021/12/10 00:00:00+00,Fri 10 Dec 2021,892,1595,1,3668368,3608435,240515,3908883,3848950,83.0104098467012,81.7376516461251,145
-7.6926,53.28823,2021/12/11 00:00:00+00,Sat 11 Dec 2021,639,835,1,3669007,3609270,240516,3909523,3849786,83.0240011110859,81.7554052352276,146
-7.6926,53.28823,2021/12/12 00:00:00+00,Sun 12 Dec 2021,690,1189,0,3669697,3610459,240516,3910213,3850975,83.0386541930006,81.7806552560923,147
-7.6926,53.28823,2021/12/13 00:00:00+00,Mon 13 Dec 2021,726,1048,1,3670423,3611507,240517,3910940,3852024,83.0540930198876,81.8029321878729,148
-7.6926,53.28823,2021/12/14 00:00:00+00,Tue 14 Dec 2021,627,1189,1,3671050,3612696,240518,3911568,3853214,83.0674294480651,81.8282034450882,149
-7.6926,53.28823,2021/12/15 00:00:00+00,Wed 15 Dec 2021,795,1231,1,3671845,3613927,240519,3912364,3854446,83.0843335831436,81.8543666290288,150
-7.6926,53.28823,2021/12/16 00:00:00+00,Thu 16 Dec 2021,1060,1520,7,3672905,3615447,240526,3913431,3855973,83.106992769235,81.8867945363967,151
-7.6926,53.28823,2021/12/17 00:00:00+00,Fri 17 Dec 2021,1210,2435,1,3674115,3617882,240527,3914642,3858409,83.1327099898129,81.938526286461,152
-7.6926,53.28823,2021/12/18 00:00:00+00,Sat 18 Dec 2021,1258,1176,0,3675373,3619058,240527,3915900,3859585,83.1594253188691,81.9635002347679,153
-7.6926,53.28823,2021/12/19 00:00:00+00,Sun 19 Dec 2021,555,879,1,3675928,3619937,240528,3916456,3860465,83.1712327298033,81.9821882232968,154
-7.6926,53.28823,2021/12/20 00:00:00+00,Mon 20 Dec 2021,528,597,0,3676456,3620534,240528,3916984,3861062,83.1824455229207,81.9948663246057,155
-7.6926,53.28823,2021/12/21 00:00:00+00,Tue 21 Dec 2021,1448,1790,4,3677904,3622324,240532,3918436,3862856,83.2132807039935,82.0329643375841,156
-7.6926,53.28823,2021/12/22 00:00:00+00,Wed 22 Dec 2021,1212,1560,2,3679116,3623884,240534,3919650,3864418,83.2390616336233,82.066135517223,157
-7.6926,53.28823,2021/12/23 00:00:00+00,Thu 23 Dec 2021,950,1352,0,3680066,3625236,240534,3920600,3865770,83.2592361666943,82.0948470632357,158
-7.6926,53.28823,2021/12/24 00:00:00+00,Fri 24 Dec 2021,105,143,0,3680171,3625379,240534,3920705,3865913,83.2614659835074,82.0978838613717,159
-7.6926,53.28823,2021/12/25 00:00:00+00,Sat 25 Dec 2021,2,22,0,3680173,3625401,240534,3920707,3865935,83.2615084562086,82.0983510610849,160
-7.6926,53.28823,2021/12/26 00:00:00+00,Sun 26 Dec 2021,11,7,0,3680184,3625408,240534,3920718,3865942,83.2617420560652,82.0984997155391,161
-7.6926,53.28823,2021/12/27 00:00:00+00,Mon 27 Dec 2021,389,583,0,3680573,3625991,240534,3921107,3866525,83.2700029964491,82.1108805079395,162
-7.6926,53.28823,2021/12/28 00:00:00+00,Tue 28 Dec 2021,470,738,1,3681043,3626729,240535,3921578,3867264,83.2800053175822,82.1265741710338,163
-7.6926,53.28823,2021/12/29 00:00:00+00,Wed 29 Dec 2021,1077,1288,0,3682120,3628017,240535,3922655,3868552,83.3028768671796,82.153926590608,164
-7.6926,53.28823,2021/12/30 00:00:00+00,Thu 30 Dec 2021,1070,1179,1,3683190,3629196,240536,3923726,3869732,83.3256209986734,82.1789854843173,165
-7.6926,53.28823,2021/12/31 00:00:00+00,Fri 31 Dec 2021,720,1668,0,3683910,3630864,240536,3924446,3871400,83.3409111711062,82.2144077171199,166
-7.6926,53.28823,2022/01/01 00:00:00+00,Sat 01 Jan 2022,68,96,0,3683978,3630960,240536,3924514,3871496,83.342355242947,82.2164464067776,167
-7.6926,53.28823,2022/01/02 00:00:00+00,Sun 02 Jan 2022,271,624,0,3684249,3631584,240536,3924785,3872120,83.3481102939599,82.2296978895527,168
-7.6926,53.28823,2022/01/03 00:00:00+00,Mon 03 Jan 2022,3631,717,1,3687880,3632301,240537,3928417,3872838,83.4252407193432,82.2449455892843,169
-7.6926,53.28823,2022/01/04 00:00:00+00,Tue 04 Jan 2022,1191,766,0,3689071,3633067,240537,3929608,3873604,83.4505332129091,82.2612126338447,170
-7.6926,53.28823,2022/01/05 00:00:00+00,Wed 05 Jan 2022,2145,887,0,3691216,3633954,240537,3931753,3874491,83.4960851849484,82.2800492768279,171
-7.6926,53.28823,2022/01/06 00:00:00+00,Thu 06 Jan 2022,2465,1674,0,3693681,3635628,240537,3934218,3876165,83.5484327891802,82.3155989277342,172
-7.6926,53.28823,2022/01/07 00:00:00+00,Fri 07 Jan 2022,4854,768,0,3698535,3636396,240537,3939072,3876933,83.6515140349979,82.3319084449958,173
-7.6926,53.28823,2022/01/08 00:00:00+00,Sat 08 Jan 2022,9792,732,1,3708327,3637128,240538,3948865,3877666,83.8594816164346,82.3474746899864,174
-7.6926,53.28823,2022/01/09 00:00:00+00,Sun 09 Jan 2022,7114,663,0,3715441,3637791,240538,3955979,3878329,84.0105570146108,82.361554390435,175
-7.6926,53.28823,2022/01/10 00:00:00+00,Mon 10 Jan 2022,6658,494,0,3722099,3638285,240538,3962637,3878823,84.151948636913,82.3720451476319,176
-7.6926,53.28823,2022/01/11 00:00:00+00,Tue 11 Jan 2022,4776,1348,1,3726875,3639633,240539,3967414,3880172,84.2533946837345,82.4006929845928,177
-7.6926,53.28823,2022/01/12 00:00:00+00,Wed 12 Jan 2022,7562,892,1,3734437,3640525,240540,3974977,3881065,84.4140052033306,82.4196570456796,178
-7.6926,53.28823,2022/01/13 00:00:00+00,Thu 13 Jan 2022,7328,791,0,3741765,3641316,240540,3982305,3881856,84.5696251805355,82.4364549990051,179
-7.6926,53.28823,2022/01/14 00:00:00+00,Fri 14 Jan 2022,10726,817,0,3752491,3642133,240540,3993031,3882673,84.797406277083,82.4538050974462,180
-7.6926,53.28823,2022/01/15 00:00:00+00,Sat 15 Jan 2022,8355,637,0,3760846,3642770,240540,4001386,3883310,84.9748359863552,82.4673326527791,181
-7.6926,53.28823,2022/01/16 00:00:00+00,Sun 16 Jan 2022,6965,1214,1,3767811,3643984,240541,4008352,3884525,85.1227684046425,82.4931348187594,182
-7.6926,53.28823,2022/01/17 00:00:00+00,Mon 17 Jan 2022,2567,548,0,3770378,3644532,240541,4010919,3885073,85.1772821166356,82.5047723388888,183
-7.6926,53.28823,2022/01/18 00:00:00+00,Tue 18 Jan 2022,4062,431,3,3774440,3644963,240544,4014984,3885507,85.263607881829,82.5139889150497,184
-7.6926,53.28823,2022/01/19 00:00:00+00,Wed 19 Jan 2022,3489,614,0,3777929,3645577,240544,4018473,3886121,85.3377015090763,82.5270280343188,185
-7.6926,53.28823,2022/01/20 00:00:00+00,Thu 20 Jan 2022,3699,927,1,3781628,3646504,240545,4022173,3887049,85.4162760063004,82.5467353676766,186
-7.6926,53.28823,2022/01/21 00:00:00+00,Fri 21 Jan 2022,3253,967,0,3784881,3647471,240545,4025426,3888016,85.4853578548058,82.5672709187079,187
-7.6926,53.28823,2022/01/22 00:00:00+00,Sat 22 Jan 2022,4271,637,0,3789152,3648108,240545,4029697,3888653,85.5760583082231,82.5807984740408,188
-7.6926,53.28823,2022/01/23 00:00:00+00,Sun 23 Jan 2022,3091,677,0,3792243,3648785,240545,4032788,3889330,85.6416998679311,82.5951754833977,189
-7.6926,53.28823,2022/01/24 00:00:00+00,Mon 24 Jan 2022,646,457,0,3792889,3649242,240545,4033434,3889787,85.6554185504195,82.6048804956224,190
-7.6926,53.28823,2022/01/25 00:00:00+00,Tue 25 Jan 2022,700,1829,0,3793589,3651071,240545,4034134,3891616,85.6702839958402,82.6437217808719,191
-7.6926,53.28823,2022/01/26 00:00:00+00,Wed 26 Jan 2022,701,885,0,3794290,3651956,240545,4034835,3892501,85.6851706776116,82.6625159511538,192
-7.6926,53.28823,2022/01/27 00:00:00+00,Thu 27 Jan 2022,1275,1162,0,3795565,3653118,240545,4036110,3893663,85.712247024628,82.6871925905523,193
-7.6926,53.28823,2022/01/28 00:00:00+00,Fri 28 Jan 2022,1032,3090,0,3796597,3656208,240545,4037142,3896753,85.7341629384483,82.7528129139098,194
-7.6926,53.28823,2022/01/29 00:00:00+00,Sat 29 Jan 2022,2328,3442,0,3798925,3659650,240545,4039470,3900195,85.7836011626477,82.8259084326788,195
-7.6926,53.28823,2022/01/30 00:00:00+00,Sun 30 Jan 2022,1634,7537,0,3800559,3667187,240545,4041104,3907732,85.8183013595299,82.9859668071593,196
-7.6926,53.28823,2022/01/31 00:00:00+00,Mon 31 Jan 2022,480,1387,0,3801039,3668574,240545,4041584,3909119,85.8284948078185,83.015421625443,197
-7.6926,53.28823,2022/02/01 00:00:00+00,Tue 01 Feb 2022,754,3412,1,3801793,3671986,240546,4042339,3912532,85.8445282525223,83.0879012900446,198
-7.6926,53.28823,2022/02/02 00:00:00+00,Wed 02 Feb 2022,647,2994,0,3802440,3674980,240546,4042986,3915526,85.8582681713612,83.1514829237443,199
-7.6926,53.28823,2022/02/03 00:00:00+00,Thu 03 Feb 2022,909,2429,1,3803349,3677409,240547,4043896,3917956,85.8775932504082,83.203087255705,200
-7.6926,53.28823,2022/02/04 00:00:00+00,Fri 04 Feb 2022,1174,6515,0,3804523,3683924,240547,4045070,3924471,85.9025247260139,83.3414420798712,201
-7.6926,53.28823,2022/02/05 00:00:00+00,Sat 05 Feb 2022,1777,5747,0,3806300,3689671,240547,4046847,3930218,85.9402617210321,83.4634873867758,202
-7.6926,53.28823,2022/02/06 00:00:00+00,Sun 06 Feb 2022,1408,7555,0,3807708,3697226,240547,4048255,3937773,85.9701625026784,83.6239280155671,203
-7.6926,53.28823,2022/02/07 00:00:00+00,Mon 07 Feb 2022,439,1349,0,3808147,3698575,240547,4048694,3939122,85.9794852605923,83.652575852528,204
-7.6926,53.28823,2022/02/08 00:00:00+00,Tue 08 Feb 2022,900,1234,0,3809047,3699809,240547,4049594,3940356,85.9985979761333,83.6787815091698,205
-7.6926,53.28823,2020/12/29 00:00:00+00,Tue 29 Dec 2020,75,2,0,288,19,0,288,19,0.00611606897311839,0.000403490661421005,206
-7.6926,53.28823,2020/12/30 00:00:00+00,Wed 30 Dec 2020,1057,1,0,1345,20,0,1345,20,0.0285628915584869,0.00042472701202211,207
-7.6926,53.28823,2020/12/31 00:00:00+00,Thu 31 Dec 2020,1033,1,0,2378,21,0,2378,21,0.0505000417294289,0.000445963362623216,208
-7.6926,53.28823,2021/01/01 00:00:00+00,Fri 01 Jan 2021,815,0,2,3193,21,2,3195,23,0.0678501401705321,0.000488436063825427,209
-7.6926,53.28823,2021/01/02 00:00:00+00,Sat 02 Jan 2021,1016,0,0,4209,21,2,4211,23,0.0894262723812554,0.000488436063825427,210
-7.6926,53.28823,2021/01/03 00:00:00+00,Sun 03 Jan 2021,20,2,1,4229,23,3,4232,26,0.0898722357438786,0.000552145115628744,211
-7.6926,53.28823,2021/01/04 00:00:00+00,Mon 04 Jan 2021,1187,3,0,5416,26,3,5419,29,0.115079783907391,0.00061585416743206,212
-7.6926,53.28823,2021/01/05 00:00:00+00,Tue 05 Jan 2021,3527,11,0,8943,37,3,8946,40,0.18998039247749,0.000849454024044221,213
-7.6926,53.28823,2021/01/06 00:00:00+00,Wed 06 Jan 2021,6774,9,0,15717,46,3,15720,49,0.333835431449379,0.00104058117945417,214
-7.6926,53.28823,2021/01/07 00:00:00+00,Thu 07 Jan 2021,11723,8,0,27440,54,3,27443,57,0.582789169546139,0.00121047198426301,215
-7.6926,53.28823,2021/01/08 00:00:00+00,Fri 08 Jan 2021,12675,5,0,40115,59,3,40118,62,0.851959913415151,0.00131665373726854,216
-7.6926,53.28823,2021/01/09 00:00:00+00,Sat 09 Jan 2021,8074,7,0,48189,66,3,48192,69,1.02342220816848,0.00146530819147628,217
-7.6926,53.28823,2021/01/10 00:00:00+00,Sun 10 Jan 2021,4778,4,1,52967,70,4,52971,74,1.12491072769116,0.00157148994448181,218
-7.6926,53.28823,2021/01/11 00:00:00+00,Mon 11 Jan 2021,8338,6,0,61305,76,4,61309,80,1.30197941900318,0.00169890804808844,219
-7.6926,53.28823,2021/01/12 00:00:00+00,Tue 12 Jan 2021,8879,10,0,70184,86,4,70188,90,1.49053697599039,0.0019112715540995,220
-7.6926,53.28823,2021/01/13 00:00:00+00,Wed 13 Jan 2021,9878,5,0,80062,91,4,80066,95,1.70030964722811,0.00201745330710502,221
-7.6926,53.28823,2021/01/14 00:00:00+00,Thu 14 Jan 2021,8079,4,0,88141,95,4,88145,99,1.87187812373445,0.00210239870950945,222
-7.6926,53.28823,2021/01/15 00:00:00+00,Fri 15 Jan 2021,7689,2,0,95830,97,4,95834,101,2.03516442350635,0.00214487141071166,223
-7.6926,53.28823,2021/01/16 00:00:00+00,Sat 16 Jan 2021,5231,3,0,101061,100,4,101065,104,2.14625177350073,0.00220858046251497,224
-7.6926,53.28823,2021/01/17 00:00:00+00,Sun 17 Jan 2021,1111,4,0,102172,104,4,102176,108,2.16984535901856,0.0022935258649194,225
-7.6926,53.28823,2021/01/18 00:00:00+00,Mon 18 Jan 2021,8710,9,1,110882,113,5,110887,118,2.35483520910479,0.00250588937093045,226
-7.6926,53.28823,2021/01/19 00:00:00+00,Tue 19 Jan 2021,8376,19,0,119258,132,5,119263,137,2.53271088173965,0.00290938003235146,227
-7.6926,53.28823,2021/01/20 00:00:00+00,Wed 20 Jan 2021,8443,962,1,127701,1094,6,127707,1100,2.71203062621538,0.0233599856612161,228
-7.6926,53.28823,2021/01/21 00:00:00+00,Thu 21 Jan 2021,8999,962,0,136700,2056,6,136706,2062,2.90313654527473,0.0437893549394796,229
-7.6926,53.28823,2021/01/22 00:00:00+00,Fri 22 Jan 2021,6776,967,0,143476,3023,6,143482,3029,3.04703405694782,0.0643249059707486,230
-7.6926,53.28823,2021/01/23 00:00:00+00,Sat 23 Jan 2021,4184,460,0,147660,3483,6,147666,3489,3.13588694786285,0.0740936272472572,231
-7.6926,53.28823,2021/01/24 00:00:00+00,Sun 24 Jan 2021,1181,398,0,148841,3881,6,148847,3887,3.16096707792275,0.0825456947864972,232
-7.6926,53.28823,2021/01/25 00:00:00+00,Mon 25 Jan 2021,1353,1285,0,150194,5166,6,150200,5172,3.18969986028605,0.109834405308918,233
-7.6926,53.28823,2021/01/26 00:00:00+00,Tue 26 Jan 2021,1001,3499,0,151195,8665,6,151201,8671,3.21095744723776,0.184140396062186,234
-7.6926,53.28823,2021/01/27 00:00:00+00,Wed 27 Jan 2021,2165,6699,0,153360,15364,6,153366,15370,3.25693414628915,0.326402708738992,235
-7.6926,53.28823,2021/01/28 00:00:00+00,Thu 28 Jan 2021,1001,11538,0,154361,26902,6,154367,26908,3.27819173324086,0.571427721974547,236
-7.6926,53.28823,2021/01/29 00:00:00+00,Fri 29 Jan 2021,1574,11526,0,155935,38428,6,155941,38434,3.311617749087,0.81619789900289,237
-7.6926,53.28823,2021/01/30 00:00:00+00,Sat 30 Jan 2021,631,7793,0,156566,46221,6,156572,46227,3.32501788631629,0.981692779237305,238
-7.6926,53.28823,2021/01/31 00:00:00+00,Sun 31 Jan 2021,224,4086,0,156790,50307,6,156796,50313,3.32977482885094,1.06846450779342,239
-7.6926,53.28823,2021/02/01 00:00:00+00,Mon 01 Feb 2021,1020,8335,0,157810,58642,6,157816,58648,3.35143590646407,1.24546949005364,240
-7.6926,53.28823,2021/02/02 00:00:00+00,Tue 02 Feb 2021,824,5108,0,158634,63750,6,158640,63756,3.36893465935938,1.35394476892408,241
-7.6926,53.28823,2021/02/03 00:00:00+00,Wed 03 Feb 2021,1395,6864,0,160029,70614,6,160035,70620,3.39855936844792,1.49971107945007,242
-7.6926,53.28823,2021/02/04 00:00:00+00,Thu 04 Feb 2021,1426,10541,1,161455,81155,7,161462,81162,3.4288636407557,1.72358468748693,243
-7.6926,53.28823,2021/02/05 00:00:00+00,Fri 05 Feb 2021,3386,8613,0,164841,89768,7,164848,89775,3.50076992389104,1.90649337521425,244
-7.6926,53.28823,2021/02/06 00:00:00+00,Sat 06 Feb 2021,893,3866,0,165734,93634,7,165741,93641,3.51973398497783,1.98859310663812,245
-7.6926,53.28823,2021/02/07 00:00:00+00,Sun 07 Feb 2021,327,1301,2,166061,94935,9,166070,94944,3.52672074432559,2.01626407147136,246
-7.6926,53.28823,2021/02/08 00:00:00+00,Mon 08 Feb 2021,1170,878,0,167231,95813,9,167240,95822,3.55156727452889,2.03490958729913,247
-7.6926,53.28823,2021/02/09 00:00:00+00,Tue 09 Feb 2021,4253,543,2,171484,96356,11,171495,96367,3.64192794633659,2.04648339837674,248
-7.6926,53.28823,2021/02/10 00:00:00+00,Wed 10 Feb 2021,8820,580,0,180304,96936,11,180315,96947,3.82923255863834,2.05880048172538,249
-7.6926,53.28823,2021/02/11 00:00:00+00,Thu 11 Feb 2021,6176,445,0,186480,97381,11,186491,97392,3.96038825995077,2.06825065774287,250
-7.6926,53.28823,2021/02/12 00:00:00+00,Fri 12 Feb 2021,4391,522,0,190871,97903,11,190882,97914,4.05363707544022,2.07933603275665,251
-7.6926,53.28823,2021/02/13 00:00:00+00,Sat 13 Feb 2021,1206,1914,0,192077,99817,11,192088,99828,4.07924811426516,2.11998240780716,252
-7.6926,53.28823,2021/02/14 00:00:00+00,Sun 14 Feb 2021,2693,27,0,194770,99844,11,194781,99855,4.13643760643393,2.12055578927339,253
-7.6926,53.28823,2021/02/15 00:00:00+00,Mon 15 Feb 2021,1960,7887,0,196730,107731,11,196741,107742,4.1780608536121,2.28804688646431,254
-7.6926,53.28823,2021/02/16 00:00:00+00,Tue 16 Feb 2021,5645,8158,0,202375,115889,11,202386,115900,4.29794005275534,2.46129303466813,255
-7.6926,53.28823,2021/02/17 00:00:00+00,Wed 17 Feb 2021,9740,8463,0,212115,124352,11,212126,124363,4.50478210761011,2.64101626980529,256
-7.6926,53.28823,2021/02/18 00:00:00+00,Thu 18 Feb 2021,8455,8350,1,220570,132702,12,220582,132714,4.68435668829306,2.81836103367512,257
-7.6926,53.28823,2021/02/19 00:00:00+00,Fri 19 Feb 2021,9385,6581,0,229955,139283,12,229967,139295,4.88365983868443,2.95811745698099,258
-7.6926,53.28823,2021/02/20 00:00:00+00,Sat 20 Feb 2021,5885,3568,2,235840,142851,14,235854,142865,5.00867823467314,3.03393122862694,259
-7.6926,53.28823,2021/02/21 00:00:00+00,Sun 21 Feb 2021,1108,1023,5,236948,143874,19,236967,143893,5.03231429289217,3.05576219704488,260
-7.6926,53.28823,2021/02/22 00:00:00+00,Mon 22 Feb 2021,3939,1123,1,240887,144997,20,240907,145017,5.11598551426053,3.07963185512052,261
-7.6926,53.28823,2021/02/23 00:00:00+00,Tue 23 Feb 2021,13357,1063,1,254244,146060,21,254265,146081,5.3996606855901,3.1022273321601,262
-7.6926,53.28823,2021/02/24 00:00:00+00,Wed 24 Feb 2021,16936,2102,3,271180,148162,24,271204,148186,5.75938322842222,3.14692985017542,263
-7.6926,53.28823,2021/02/25 00:00:00+00,Thu 25 Feb 2021,18083,1755,2,289263,149917,26,289289,149943,6.14344262904322,3.18424211818157,264
-7.6926,53.28823,2021/02/26 00:00:00+00,Fri 26 Feb 2021,16073,2766,0,305336,152683,26,305362,152709,6.48477449225478,3.24298186394422,265
-7.6926,53.28823,2021/02/27 00:00:00+00,Sat 27 Feb 2021,8991,703,1,314327,153386,27,314354,153413,6.67573175685992,3.2579322547674,266
-7.6926,53.28823,2021/02/28 00:00:00+00,Sun 28 Feb 2021,2442,57,2,316769,153443,29,316798,153472,6.72763339772903,3.25918519945287,267
-7.6926,53.28823,2021/03/01 00:00:00+00,Mon 01 Mar 2021,5587,789,0,322356,154232,29,322385,154261,6.8462808885374,3.27594068007714,268
-7.6926,53.28823,2021/03/02 00:00:00+00,Tue 02 Mar 2021,12177,1608,0,334533,155840,29,334562,155869,7.10487592980707,3.31008873184372,269
-7.6926,53.28823,2021/03/03 00:00:00+00,Wed 03 Mar 2021,12888,1502,1,347421,157342,30,347451,157372,7.37859125270472,3.34200696679718,270
-7.6926,53.28823,2021/03/04 00:00:00+00,Thu 04 Mar 2021,18736,1687,4,366157,159029,34,366191,159063,7.77656046296943,3.37791763566365,271
-7.6926,53.28823,2021/03/05 00:00:00+00,Fri 05 Mar 2021,18441,2394,6,384598,161423,40,384638,161463,8.16830742250803,3.4288848771063,272
-7.6926,53.28823,2021/03/06 00:00:00+00,Sat 06 Mar 2021,10390,139,4,394988,161562,44,395032,161606,8.38903805065592,3.43192167524226,273
-7.6926,53.28823,2021/03/07 00:00:00+00,Sun 07 Mar 2021,1519,11,3,396507,161573,47,396554,161620,8.4213597762708,3.43221898415067,274
-7.6926,53.28823,2021/03/08 00:00:00+00,Mon 08 Mar 2021,6665,1495,5,403172,163068,52,403224,163120,8.56300623478017,3.46407351005233,275
-7.6926,53.28823,2021/03/09 00:00:00+00,Tue 09 Mar 2021,13818,3101,5,416990,166169,57,417047,166226,8.85655630913925,3.53003361501937,276
-7.6926,53.28823,2021/03/10 00:00:00+00,Wed 10 Mar 2021,13730,3985,3,430720,170154,60,430780,170214,9.14819511194424,3.61472418121658,277
-7.6926,53.28823,2021/03/11 00:00:00+00,Thu 11 Mar 2021,18475,2096,3,449195,172250,63,449258,172313,9.54060039835147,3.6592992811283,278
-7.6926,53.28823,2021/03/12 00:00:00+00,Fri 12 Mar 2021,17321,1336,4,466516,173586,67,466583,173653,9.90852017251562,3.68775599093378,279
-7.6926,53.28823,2021/03/13 00:00:00+00,Sat 13 Mar 2021,8300,173,0,474816,173759,67,474883,173826,10.0847818825048,3.69142987958777,280
-7.6926,53.28823,2021/03/14 00:00:00+00,Sun 14 Mar 2021,381,19,2,475197,173778,69,475266,173847,10.092915404785,3.69187584295039,281
-7.6926,53.28823,2021/03/15 00:00:00+00,Mon 15 Mar 2021,2652,991,0,477849,174769,69,477918,174838,10.1492342065791,3.71292106639609,282
-7.6926,53.28823,2021/03/16 00:00:00+00,Tue 16 Mar 2021,8931,3820,2,486780,178589,71,486851,178660,10.3389385264988,3.79408639839351,283
-7.6926,53.28823,2021/03/17 00:00:00+00,Wed 17 Mar 2021,4895,2415,6,491675,181004,77,491752,181081,10.4430178807948,3.84549960319879,284
-7.6926,53.28823,2021/03/18 00:00:00+00,Thu 18 Mar 2021,11720,4678,5,503395,185682,82,503477,185764,10.6920140915928,3.94494943306377,285
-7.6926,53.28823,2021/03/19 00:00:00+00,Fri 19 Mar 2021,10365,6125,2,513760,191807,84,513844,191891,10.9121713382745,4.07506455319674,286
-7.6926,53.28823,2021/03/20 00:00:00+00,Sat 20 Mar 2021,5237,3117,4,518997,194924,88,519085,195012,11.0234710517749,4.14134320342279,287
-7.6926,53.28823,2021/03/21 00:00:00+00,Sun 21 Mar 2021,3635,53,3,522632,194977,91,522723,195068,11.1007288952617,4.14253243905645,288
-7.6926,53.28823,2021/03/22 00:00:00+00,Mon 22 Mar 2021,7408,2402,1,530040,197379,92,530132,197471,11.2580690168653,4.19356338955091,289
-7.6926,53.28823,2021/03/23 00:00:00+00,Tue 23 Mar 2021,12561,7383,4,542601,204762,96,542697,204858,11.5249037621682,4.35043631144127,290
-7.6926,53.28823,2021/03/24 00:00:00+00,Wed 24 Mar 2021,13621,9779,2,556222,214541,98,556320,214639,11.814206566407,4.55814905667069,291
-7.6926,53.28823,2021/03/25 00:00:00+00,Thu 25 Mar 2021,20863,10221,3,577085,224762,101,577186,224863,12.2573242580497,4.77526950521639,292
-7.6926,53.28823,2021/03/26 00:00:00+00,Fri 26 Mar 2021,19694,9492,1,596779,234254,102,596881,234356,12.6755741831385,4.97686618147269,293
-7.6926,53.28823,2021/03/27 00:00:00+00,Sat 27 Mar 2021,11741,5348,3,608520,239602,105,608625,239707,12.9249738845978,5.0905018935392,294
-7.6926,53.28823,2021/03/28 00:00:00+00,Sun 28 Mar 2021,2487,482,0,611007,240084,105,611112,240189,12.9777886885428,5.10073781452893,295
-7.6926,53.28823,2021/03/28 23:00:00+00,Mon 29 Mar 2021,9262,3117,3,620269,243201,108,620377,243309,13.174543476862,5.16699522840438,296
-7.6926,53.28823,2021/03/29 23:00:00+00,Tue 30 Mar 2021,13322,8661,4,633591,251862,112,633703,251974,13.4575390849724,5.35100820636296,297
-7.6926,53.28823,2021/03/30 23:00:00+00,Wed 31 Mar 2021,15826,10500,4,649417,262362,116,649533,262478,13.7937105149879,5.57407483307697,298
-7.6926,53.28823,2021/03/31 23:00:00+00,Thu 01 Apr 2021,19689,11574,8,669106,273936,124,669230,274060,14.2120029127778,5.82003424573898,299
-7.6926,53.28823,2021/04/01 23:00:00+00,Fri 02 Apr 2021,20131,13718,8,689237,287654,132,689369,287786,14.6396817775335,6.11152439408975,300
-7.6926,53.28823,2021/04/02 23:00:00+00,Sat 03 Apr 2021,7546,4635,5,696783,292289,137,696920,292426,14.8000374609225,6.21006106087888,301
-7.6926,53.28823,2021/04/03 23:00:00+00,Sun 04 Apr 2021,3030,168,3,699813,292457,140,699953,292597,14.8644473122956,6.21369247683167,302
-7.6926,53.28823,2021/04/04 23:00:00+00,Mon 05 Apr 2021,3426,605,4,703239,293062,144,703383,293206,14.9372879948574,6.22662541434775,303
-7.6926,53.28823,2021/04/05 23:00:00+00,Tue 06 Apr 2021,11986,8156,11,715225,301218,155,715380,301373,15.1920604930189,6.40006268970697,304
-7.6926,53.28823,2021/04/06 23:00:00+00,Wed 07 Apr 2021,18351,10465,10,733576,311683,165,733741,311848,15.5819811264058,6.62251346225355,305
-7.6926,53.28823,2021/04/07 23:00:00+00,Thu 08 Apr 2021,20184,10574,14,753760,322257,179,753939,322436,16.0109129358469,6.84736394241806,306
-7.6926,53.28823,2022/02/09 00:00:00+00,Wed 09 Feb 2022,1332,1781,0,3810379,3701590,240547,4050926,3942137,86.026884795134,83.7166034495903,307
-7.6926,53.28823,2022/02/10 00:00:00+00,Thu 10 Feb 2022,688,2542,0,3811067,3704132,240547,4051614,3944679,86.0414954043475,83.7705862528183,308
-7.6926,53.28823,2022/02/11 00:00:00+00,Fri 11 Feb 2022,554,4912,0,3811621,3709044,240547,4052168,3949591,86.0532603425806,83.874899206971,309
-7.6926,53.28823,2022/02/12 00:00:00+00,Sat 12 Feb 2022,1398,5460,0,3813019,3714504,240547,4053566,3955051,86.0829487607209,83.990849681253,310
-7.6926,53.28823,2022/02/13 00:00:00+00,Sun 13 Feb 2022,1567,4705,0,3814586,3719209,240547,4055133,3959756,86.1162261221128,84.0907667108312,311
-7.6926,53.28823,2022/02/14 00:00:00+00,Mon 14 Feb 2022,175,949,1,3814761,3720158,240548,4055309,3960706,86.1199637198186,84.1109412439022,312
-7.6926,53.28823,2022/02/15 00:00:00+00,Tue 15 Feb 2022,649,814,1,3815410,3720972,240549,4055959,3961521,86.1337673477094,84.1282488696421,313
-7.6926,53.28823,2022/02/16 00:00:00+00,Wed 16 Feb 2022,799,1786,0,3816209,3722758,240549,4056758,3963307,86.1507351918396,84.1661769918157,314
-7.6926,53.28823,2022/02/17 00:00:00+00,Thu 17 Feb 2022,794,1186,2,3817003,3723944,240551,4057554,3964495,86.1676393269181,84.1914057763298,315
-7.6926,53.28823,2022/02/18 00:00:00+00,Fri 18 Feb 2022,796,3290,0,3817799,3727234,240551,4058350,3967785,86.1845434619966,84.2612733698075,316
-7.6926,53.28823,2022/02/19 00:00:00+00,Sat 19 Feb 2022,979,3553,0,3818778,3730787,240551,4059329,3971338,86.2053338492351,84.3367261234932,317
-7.6926,53.28823,2022/02/20 00:00:00+00,Sun 20 Feb 2022,1365,3587,0,3820143,3734374,240551,4060694,3974925,86.2343214678056,84.4129009130994,318
-7.6926,53.28823,2022/02/21 00:00:00+00,Mon 21 Feb 2022,252,987,2,3820395,3735361,240553,4060948,3975914,86.2397155008583,84.4339036638439,319
-7.6926,53.28823,2022/02/22 00:00:00+00,Tue 22 Feb 2022,475,973,0,3820870,3736334,240553,4061423,3976887,86.2498027673938,84.4545666329787,320
-7.6926,53.28823,2022/02/23 00:00:00+00,Wed 23 Feb 2022,828,1270,1,3821698,3737604,240554,4062252,3978158,86.2674077020421,84.4815580345927,321
-7.6926,53.28823,2022/02/24 00:00:00+00,Thu 24 Feb 2022,660,1229,0,3822358,3738833,240554,4062912,3979387,86.2814236934388,84.5076575094815,322
-7.6926,53.28823,2022/02/25 00:00:00+00,Fri 25 Feb 2022,690,1221,0,3823048,3740054,240554,4063602,3980608,86.2960767753536,84.5335870935655,323
-7.6926,53.28823,2022/02/26 00:00:00+00,Sat 26 Feb 2022,960,2088,0,3824008,3742142,240554,4064562,3982696,86.3164636719307,84.5779285936206,324
-7.6926,53.28823,2022/02/27 00:00:00+00,Sun 27 Feb 2022,671,1782,0,3824679,3743924,240554,4065233,3984478,86.330713263184,84.6157717703917,325
-7.6926,53.28823,2022/02/28 00:00:00+00,Mon 28 Feb 2022,86,425,0,3824765,3744349,240554,4065319,3984903,86.3325395893357,84.6247972193972,326
-7.6926,53.28823,2022/03/01 00:00:00+00,Tue 01 Mar 2022,130,940,0,3824895,3745289,240554,4065449,3985843,86.3353003149138,84.6447593889622,327
-7.6926,53.28823,2022/03/02 00:00:00+00,Wed 02 Mar 2022,205,993,2,3825100,3746282,240556,4065656,3986838,86.3396962394883,84.6658895578103,328
-7.6926,53.28823,2022/03/03 00:00:00+00,Thu 03 Mar 2022,275,1273,0,3825375,3747555,240556,4065931,3988111,86.3455362359036,84.6929234321255,329
-7.6926,53.28823,2022/03/04 00:00:00+00,Fri 04 Mar 2022,733,1503,2,3826108,3749058,240558,4066666,3989616,86.3611449535954,84.7248841397802,330
-7.6926,53.28823,2022/03/05 00:00:00+00,Sat 05 Mar 2022,962,3341,0,3827070,3752399,240558,4067628,3992957,86.3815743228737,84.7958347871385,331
-7.6926,53.28823,2022/03/06 00:00:00+00,Sun 06 Mar 2022,456,1914,0,3827526,3754313,240558,4068084,3994871,86.3912580987478,84.836481162189,332
-7.6926,53.28823,2022/03/07 00:00:00+00,Mon 07 Mar 2022,112,121,0,3827638,3754434,240558,4068196,3994992,86.3936365700151,84.8390507606118,333
-7.6926,53.28823,2022/03/08 00:00:00+00,Tue 08 Mar 2022,119,492,0,3827757,3754926,240558,4068315,3995484,86.3961636957366,84.8494990451075,334
-7.6926,53.28823,2022/03/09 00:00:00+00,Wed 09 Mar 2022,125,342,0,3827882,3755268,240558,4068440,3995826,86.3988182395617,84.8567618770131,335
-7.6926,53.28823,2022/03/10 00:00:00+00,Thu 10 Mar 2022,257,507,0,3828139,3755775,240558,4068697,3996333,86.4042759816662,84.8675287067678,336
-7.6926,53.28823,2022/03/11 00:00:00+00,Fri 11 Mar 2022,495,2181,0,3828634,3757956,240558,4069192,3998514,86.4147879752138,84.9138451874288,337
-7.6926,53.28823,2022/03/12 00:00:00+00,Sat 12 Mar 2022,473,2387,2,3829107,3760343,240560,4069667,4000903,86.4248752417493,84.9645788290149,338
-7.6926,53.28823,2022/03/13 00:00:00+00,Sun 13 Mar 2022,359,1082,0,3829466,3761425,240560,4070026,4001985,86.4324990916151,84.9875565603653,339
-7.6926,53.28823,2022/03/14 00:00:00+00,Mon 14 Mar 2022,109,120,0,3829575,3761545,240560,4070135,4002105,86.4348138538306,84.9901049224374,340
-7.6926,53.28823,2022/03/15 00:00:00+00,Tue 15 Mar 2022,221,757,0,3829796,3762302,240560,4070356,4002862,86.4395070873135,85.0061808398424,341
-7.6926,53.28823,2022/03/16 00:00:00+00,Wed 16 Mar 2022,196,797,0,3829992,3763099,240560,4070552,4003659,86.4436694120313,85.0231062112715,342
-7.6926,53.28823,2022/03/18 00:00:00+00,Fri 18 Mar 2022,2,6,0,3829994,3763105,240560,4070554,4003665,86.4437118847325,85.0232336293751,343
-7.6926,53.28823,2022/03/19 00:00:00+00,Sat 19 Mar 2022,743,2778,0,3830737,3765883,240560,4071297,4006443,86.4594904932291,85.082228211345,344
-7.6926,53.28823,2022/03/20 00:00:00+00,Sun 20 Mar 2022,394,1401,0,3831131,3767284,240560,4071691,4007844,86.4678576153659,85.1119803385372,345
-7.6926,53.28823,2022/03/21 00:00:00+00,Mon 21 Mar 2022,54,110,0,3831185,3767394,240560,4071745,4007954,86.4690043782984,85.1143163371033,346
-7.6926,53.28823,2022/03/22 00:00:00+00,Tue 22 Mar 2022,138,572,0,3831323,3767966,240560,4071883,4008526,86.4719349946813,85.1264635296471,347
-7.6926,53.28823,2022/03/23 00:00:00+00,Wed 23 Mar 2022,98,220,0,3831421,3768186,240560,4071981,4008746,86.4740161570403,85.1311355267794,348
-7.6926,53.28823,2022/03/24 00:00:00+00,Thu 24 Mar 2022,148,239,0,3831569,3768425,240560,4072129,4008985,86.4771591369292,85.136211014573,349
-7.6926,53.28823,2022/03/25 00:00:00+00,Fri 25 Mar 2022,437,1621,0,3832006,3770046,240560,4072566,4010606,86.4864394221419,85.1706351388974,350
-7.6926,53.28823,2022/03/26 00:00:00+00,Sat 26 Mar 2022,874,1847,0,3832880,3771893,240560,4073440,4012453,86.5049999925673,85.2098586784576,351
-7.6926,53.28823,2022/03/27 00:00:00+00,Sun 27 Mar 2022,380,802,0,3833260,3772695,240560,4073820,4013255,86.5130698057957,85.2268902316397,352
-7.6926,53.28823,2022/03/27 23:00:00+00,Mon 28 Mar 2022,40,51,0,3833300,3772746,240560,4073860,4013306,86.5139192598197,85.2279732855204,353
-7.6926,53.28823,2022/03/28 23:00:00+00,Tue 29 Mar 2022,138,192,3,3833438,3772938,240563,4074001,4013501,86.5169135852545,85.2321143738876,354
-7.6926,53.28823,2022/03/29 23:00:00+00,Wed 30 Mar 2022,109,134,0,3833547,3773072,240563,4074110,4013635,86.51922834747,85.2349600448682,355
-7.6926,53.28823,2022/03/30 23:00:00+00,Thu 31 Mar 2022,229,355,0,3833776,3773427,240563,4074339,4013990,86.5240914717577,85.2424989493316,356
-7.6926,53.28823,2022/03/31 23:00:00+00,Fri 01 Apr 2022,310,903,0,3834086,3774330,240563,4074649,4014893,86.530674740444,85.2616753739243,357
-7.6926,53.28823,2022/04/01 23:00:00+00,Sat 02 Apr 2022,726,1538,0,3834812,3775868,240563,4075375,4016431,86.5460923309804,85.2943368811489,358
-7.6926,53.28823,2022/04/02 23:00:00+00,Sun 03 Apr 2022,534,817,0,3835346,3776685,240563,4075909,4017248,86.5574325422014,85.31168697959,359
-7.6926,53.28823,2022/04/03 23:00:00+00,Mon 04 Apr 2022,46,50,0,3835392,3776735,240563,4075955,4017298,86.5584094143291,85.31274879712,360
-7.6926,53.28823,2022/04/04 23:00:00+00,Tue 05 Apr 2022,130,166,0,3835522,3776901,240563,4076085,4017464,86.5611701399072,85.3162740313198,361
-7.6926,53.28823,2022/04/05 23:00:00+00,Wed 06 Apr 2022,158,208,0,3835680,3777109,240563,4076243,4017672,86.5645254833022,85.3206911922448,362
-7.6926,53.28823,2022/04/06 23:00:00+00,Thu 07 Apr 2022,119,174,0,3835799,3777283,240563,4076362,4017846,86.5670526090237,85.3243863172494,363
-7.6926,53.28823,2022/04/07 23:00:00+00,Fri 08 Apr 2022,266,416,0,3836065,3777699,240563,4076628,4018262,86.5727014782836,85.3332206390995,364
-7.6926,53.28823,2022/04/08 23:00:00+00,Sat 09 Apr 2022,561,1017,0,3836626,3778716,240563,4077189,4019279,86.5846150709708,85.3548180076608,365
-7.6926,53.28823,2022/04/09 23:00:00+00,Sun 10 Apr 2022,412,719,0,3837038,3779435,240563,4077601,4019998,86.5933644474185,85.370086943743,366
-7.6926,53.28823,2022/04/10 23:00:00+00,Mon 11 Apr 2022,71,92,0,3837109,3779527,240563,4077672,4020090,86.5948722283112,85.3720406879983,367
-7.6926,53.28823,2022/04/11 23:00:00+00,Tue 12 Apr 2022,192,174,0,3837301,3779701,240563,4077864,4020264,86.5989496076266,85.3757358130029,368
-7.6926,53.28823,2022/04/12 23:00:00+00,Wed 13 Apr 2022,145,231,0,3837446,3779932,240563,4078009,4020495,86.6020288784637,85.3806414099917,369
-7.6926,53.28823,2022/04/13 23:00:00+00,Thu 14 Apr 2022,356,426,0,3837802,3780358,240563,4078365,4020921,86.6095890192777,85.3896880953478,370
-7.6926,53.28823,2022/04/14 23:00:00+00,Fri 15 Apr 2022,445,989,0,3838247,3781347,240563,4078810,4021910,86.6190391952952,85.4106908460923,371
-7.6926,53.28823,2022/04/15 23:00:00+00,Sat 16 Apr 2022,42,88,0,3838289,3781435,240563,4078852,4021998,86.6199311220205,85.4125596449452,372
-7.6926,53.28823,2022/04/17 23:00:00+00,Mon 18 Apr 2022,35,61,0,3838324,3781496,240563,4078887,4022059,86.6206743942915,85.4138550623319,373
-7.6926,53.28823,2022/04/18 23:00:00+00,Tue 19 Apr 2022,218,268,1,3838542,3781764,240564,4079106,4022328,86.6253251550731,85.4195676406436,374
-7.6926,53.28823,2022/04/19 23:00:00+00,Wed 20 Apr 2022,246,606,0,3838788,3782370,240564,4079352,4022934,86.630549297321,85.4324368691078,375
-7.6926,53.28823,2022/04/20 23:00:00+00,Thu 21 Apr 2022,166,239,0,3838954,3782609,240564,4079518,4023173,86.6340745315208,85.4375123569015,376
-7.6926,53.28823,2022/04/21 23:00:00+00,Fri 22 Apr 2022,197,250,0,3839151,3782859,240564,4079715,4023423,86.6382580925892,85.4428214445518,377
-7.6926,53.28823,2022/04/22 23:00:00+00,Sat 23 Apr 2022,323,1010,0,3839474,3783869,240564,4080038,4024433,86.6451174338334,85.4642701586589,378
-7.6926,53.28823,2022/04/23 23:00:00+00,Sun 24 Apr 2022,182,251,0,3839656,3784120,240564,4080220,4024684,86.6489824496428,85.4696004826598,379
-7.6926,53.28823,2022/04/24 23:00:00+00,Mon 25 Apr 2022,41,55,0,3839697,3784175,240564,4080261,4024739,86.6498531400174,85.4707684819428,380
-7.6926,53.28823,2022/04/25 23:00:00+00,Tue 26 Apr 2022,143,237,0,3839840,3784412,240564,4080404,4024976,86.6528899381534,85.4758014970353,381
-7.6926,53.28823,2022/04/26 23:00:00+00,Wed 27 Apr 2022,120,208,0,3839960,3784620,240564,4080524,4025184,86.6554383002255,85.4802186579603,382
-7.6926,53.28823,2022/04/27 23:00:00+00,Thu 28 Apr 2022,108,126,0,3840068,3784746,240564,4080632,4025310,86.6577318260904,85.4828944381361,383
-7.6926,53.28823,2022/04/28 23:00:00+00,Fri 29 Apr 2022,172,221,0,3840240,3784967,240564,4080804,4025531,86.6613844783938,85.4875876716189,384
-7.6926,53.28823,2022/04/29 23:00:00+00,Sat 30 Apr 2022,280,722,0,3840520,3785689,240564,4081084,4026253,86.6673306565621,85.5029203167529,385
-7.6926,53.28823,2022/04/30 23:00:00+00,Sun 01 May 2022,184,747,0,3840704,3786436,240564,4081268,4027000,86.6712381450727,85.5187838706519,386
-7.6926,53.28823,2022/05/01 23:00:00+00,Mon 02 May 2022,11,26,0,3840715,3786462,240564,4081279,4027026,86.6714717449293,85.5193360157676,387
-7.6926,53.28823,2022/05/02 23:00:00+00,Tue 03 May 2022,88,116,0,3840803,3786578,240564,4081367,4027142,86.6733405437822,85.5217994324373,388
-7.6926,53.28823,2022/05/03 23:00:00+00,Wed 04 May 2022,119,126,0,3840922,3786704,240564,4081486,4027268,86.6758676695038,85.524475212613,389
-7.6926,53.28823,2022/05/04 23:00:00+00,Thu 05 May 2022,120,157,0,3841042,3786861,240564,4081606,4027425,86.6784160315759,85.5278093196574,390
-7.6926,53.28823,2022/05/05 23:00:00+00,Fri 06 May 2022,140,254,0,3841182,3787115,240564,4081746,4027679,86.6813891206601,85.5332033527101,391
-7.6926,53.28823,2022/05/06 23:00:00+00,Sat 07 May 2022,442,1080,0,3841624,3788195,240564,4082188,4028759,86.6907755876258,85.5561386113593,392
-7.6926,53.28823,2022/05/07 23:00:00+00,Sun 08 May 2022,273,436,0,3841897,3788631,240564,4082461,4029195,86.6965731113398,85.5653976602214,393
-7.6926,53.28823,2022/05/08 23:00:00+00,Mon 09 May 2022,25,30,0,3841922,3788661,240564,4082486,4029225,86.6971040201049,85.5660347507394,394
-7.6926,53.28823,2022/05/09 23:00:00+00,Tue 10 May 2022,88,94,1,3842010,3788755,240565,4082575,4029320,86.6989940553084,85.5680522040465,395
-7.6926,53.28823,2022/05/10 23:00:00+00,Wed 11 May 2022,115,125,0,3842125,3788880,240565,4082690,4029445,86.7014362356275,85.5707067478716,396
-7.6926,53.28823,2022/05/11 23:00:00+00,Thu 12 May 2022,212,388,0,3842337,3789268,240565,4082902,4029833,86.7059383419549,85.5789464519049,397
-7.6926,53.28823,2022/05/12 23:00:00+00,Fri 13 May 2022,176,318,0,3842513,3789586,240565,4083078,4030151,86.7096759396607,85.585699611396,398
-7.6926,53.28823,2022/05/13 23:00:00+00,Sat 14 May 2022,330,628,0,3842843,3790214,240565,4083408,4030779,86.7166839353591,85.5990360395735,399
-7.6926,53.28823,2022/05/14 23:00:00+00,Sun 15 May 2022,169,254,0,3843012,3790468,240565,4083577,4031033,86.7202728786107,85.6044300726262,400
-7.6926,53.28823,2022/05/15 23:00:00+00,Mon 16 May 2022,26,30,0,3843038,3790498,240565,4083603,4031063,86.7208250237263,85.6050671631442,401
-7.6926,53.28823,2022/05/16 23:00:00+00,Tue 17 May 2022,105,86,0,3843143,3790584,240565,4083708,4031149,86.7230548405394,85.6068934892959,402
-7.6926,53.28823,2022/05/17 23:00:00+00,Wed 18 May 2022,93,106,0,3843236,3790690,240565,4083801,4031255,86.7250298211453,85.6091445424596,403
-7.6926,53.28823,2022/05/18 23:00:00+00,Thu 19 May 2022,72,86,0,3843308,3790776,240565,4083873,4031341,86.7265588383886,85.6109708686113,404
-7.6926,53.28823,2022/05/19 23:00:00+00,Fri 20 May 2022,127,179,0,3843435,3790955,240565,4084000,4031520,86.729255854915,85.6147721753689,405
-7.6926,53.28823,2022/05/20 23:00:00+00,Sat 21 May 2022,392,752,0,3843827,3791707,240565,4084392,4032272,86.7375805043506,85.630741911021,406
-7.6926,53.28823,2022/05/21 23:00:00+00,Sun 22 May 2022,231,406,0,3844058,3792113,240565,4084623,4032678,86.7424861013394,85.639363869365,407
-7.6926,53.28823,2021/07/19 23:00:00+00,Tue 20 Jul 2021,30555,18154,7693,2909689,2396435,182156,3091845,2578591,65.6595044242751,54.7598625328553,408
-7.6926,53.28823,2021/07/20 23:00:00+00,Wed 21 Jul 2021,30332,19820,6884,2940021,2416255,189040,3129061,2605295,66.4498364482458,55.3269580393072,409
-7.6926,53.28823,2021/07/21 23:00:00+00,Thu 22 Jul 2021,33511,15913,6931,2973532,2432168,195971,3169503,2628139,67.3086769392557,55.8120812324389,410
-7.6926,53.28823,2021/07/22 23:00:00+00,Fri 23 Jul 2021,27071,20806,5611,3000603,2452974,201582,3202185,2654556,68.0027233496011,56.3730819062683,411
-7.6926,53.28823,2021/07/23 23:00:00+00,Sat 24 Jul 2021,15420,14799,2271,3016023,2467773,203853,3219876,2671626,68.3784156280852,56.7355864110291,412
-7.6926,53.28823,2021/07/24 23:00:00+00,Sun 25 Jul 2021,14708,13632,1042,3030731,2481405,204895,3235626,2686300,68.7128881500526,57.0472086197498,413
-7.6926,53.28823,2021/07/25 23:00:00+00,Mon 26 Jul 2021,23809,18263,3418,3054540,2499668,208313,3262853,2707981,69.291090267869,57.5076339371323,414
-7.6926,53.28823,2021/07/26 23:00:00+00,Tue 27 Jul 2021,25483,23874,3669,3080023,2523542,211982,3292005,2735524,69.9101723605924,58.0925467417386,415
-7.6926,53.28823,2021/07/27 23:00:00+00,Wed 28 Jul 2021,23417,25261,3258,3103440,2548803,215240,3318680,2764043,70.4766520128769,58.6981862245315,416
-7.6926,53.28823,2021/07/28 23:00:00+00,Thu 29 Jul 2021,19247,27834,2957,3122687,2576637,218197,3340884,2794834,70.9481839416238,59.3520746958902,417
-7.6926,53.28823,2021/07/29 23:00:00+00,Fri 30 Jul 2021,21927,22910,2114,3144614,2599547,220311,3364925,2819858,71.458727046425,59.8834931333322,418
-7.6926,53.28823,2021/07/30 23:00:00+00,Sat 31 Jul 2021,13724,12452,906,3158338,2611999,221217,3379555,2833216,71.7694148557192,60.1671683046618,419
-7.6926,53.28823,2021/07/31 23:00:00+00,Sun 01 Aug 2021,11085,9305,368,3169423,2621304,221585,3391008,2842889,72.0126347791536,60.3725875240263,420
-7.6926,53.28823,2021/08/01 23:00:00+00,Mon 02 Aug 2021,15002,15986,427,3184425,2637290,222012,3406437,2859302,72.3402904325781,60.7211397464422,421
-7.6926,53.28823,2021/08/02 23:00:00+00,Tue 03 Aug 2021,17316,25422,1107,3201741,2662712,223119,3424860,2885831,72.7315277197023,61.284518891539,422
-7.6926,53.28823,2021/08/03 23:00:00+00,Wed 04 Aug 2021,22085,17272,1571,3223826,2679984,224690,3448516,2904674,73.233894829522,61.6846754459156,423
-7.6926,53.28823,2021/08/04 23:00:00+00,Thu 05 Aug 2021,13508,30013,1420,3237334,2709997,226110,3463444,2936107,73.5509110712953,62.3521976543601,424
-7.6926,53.28823,2021/08/05 23:00:00+00,Fri 06 Aug 2021,12185,24721,947,3249519,2734718,227057,3476576,2961775,73.829786827389,62.8972923015893,425
-7.6926,53.28823,2021/08/06 23:00:00+00,Sat 07 Aug 2021,6324,8436,582,3255843,2743154,227639,3483482,2970793,73.9764450646403,63.0888017113101,426
-7.6926,53.28823,2021/08/07 23:00:00+00,Sun 08 Aug 2021,8614,11956,153,3264457,2755110,227792,3492249,2982902,74.1626241503602,63.3459526807389,427
-7.6926,53.28823,2021/08/08 23:00:00+00,Mon 09 Aug 2021,5522,23005,598,3269979,2778115,228390,3498369,3006505,74.2925906160389,63.8471942639768,428
-7.6926,53.28823,2021/08/09 23:00:00+00,Tue 10 Aug 2021,9331,25973,712,3279310,2804088,229102,3508412,3033190,74.5058672851258,64.4138862797673,429
-7.6926,53.28823,2021/08/10 23:00:00+00,Wed 11 Aug 2021,6993,31211,660,3286303,2835299,229762,3516065,3065061,74.6683890762761,65.0907100097751,430
-7.6926,53.28823,2021/08/11 23:00:00+00,Thu 12 Aug 2021,6746,38261,860,3293049,2873560,230622,3523671,3104182,74.8299127589481,65.9214972816409,431
-7.6926,53.28823,2021/08/12 23:00:00+00,Fri 13 Aug 2021,10908,28215,867,3303957,2901775,231489,3535446,3133264,75.0799707872761,66.5390928298223,432
-7.6926,53.28823,2021/08/13 23:00:00+00,Sat 14 Aug 2021,18118,5821,279,3322075,2907596,231768,3553843,3139364,75.4706559292846,66.668634568489,433
-7.6926,53.28823,2021/08/14 23:00:00+00,Sun 15 Aug 2021,16994,3714,49,3339069,2911310,231817,3570886,3143127,75.8325870525793,66.748546955801,434
-7.6926,53.28823,2021/08/15 23:00:00+00,Mon 16 Aug 2021,10171,23122,383,3349240,2934432,232200,3581440,3166632,76.0567154968234,67.24770737668,435
-7.6926,53.28823,2021/08/16 23:00:00+00,Tue 17 Aug 2021,12851,26838,527,3362091,2961270,232727,3594818,3193997,76.340815395165,67.8288401108792,436
-7.6926,53.28823,2021/08/17 23:00:00+00,Wed 18 Aug 2021,15220,25757,656,3377311,2987027,233383,3610694,3220410,76.6779636973081,68.3897558393062,437
-7.6926,53.28823,2021/08/18 23:00:00+00,Thu 19 Aug 2021,11351,25685,540,3388662,3012712,233923,3622585,3246635,76.9304851423059,68.9466791338202,438
-7.6926,53.28823,2021/08/19 23:00:00+00,Fri 20 Aug 2021,14833,22226,685,3403495,3034938,234608,3638103,3269546,77.2600308309338,69.4332251624422,439
-7.6926,53.28823,2021/08/20 23:00:00+00,Sat 21 Aug 2021,11871,7957,245,3415366,3042895,234853,3650219,3277748,77.5173304548168,69.6074057100724,440
-7.6926,53.28823,2021/08/21 23:00:00+00,Sun 22 Aug 2021,8001,12245,161,3423367,3055140,235014,3658381,3290154,77.690661548423,69.8708638756297,441
-7.6926,53.28823,2021/08/22 23:00:00+00,Mon 23 Aug 2021,10855,15349,289,3434222,3070489,235303,3669525,3305792,77.9273194395217,70.2029579263298,442
-7.6926,53.28823,2021/08/23 23:00:00+00,Tue 24 Aug 2021,9701,22899,383,3443923,3093388,235686,3679609,3329074,78.1414667989833,70.6973826410248,443
-7.6926,53.28823,2021/08/24 23:00:00+00,Wed 25 Aug 2021,9409,19498,312,3453332,3112886,235998,3689330,3348884,78.3479053631766,71.1180747464327,444
-7.6926,53.28823,2021/08/25 23:00:00+00,Thu 26 Aug 2021,8568,19414,367,3461900,3132300,236365,3698265,3368665,78.5376521557975,71.5381509976731,445
-7.6926,53.28823,2021/08/26 23:00:00+00,Fri 27 Aug 2021,9709,19184,430,3471609,3151484,236795,3708404,3388279,78.7529675145421,71.9546807783632,446
-7.6926,53.28823,2021/08/27 23:00:00+00,Sat 28 Aug 2021,9913,7900,153,3481522,3159384,236948,3718470,3396332,78.9667326196928,72.1256971097539,447
-7.6926,53.28823,2021/08/28 23:00:00+00,Sun 29 Aug 2021,8793,9179,28,3490315,3168563,236976,3727291,3405539,79.1540584683452,72.3212201897383,448
-7.6926,53.28823,2021/08/29 23:00:00+00,Mon 30 Aug 2021,5052,11104,83,3495367,3179667,237059,3732426,3416726,79.2631071286819,72.5587912439129,449
-7.6926,53.28823,2021/08/30 23:00:00+00,Tue 31 Aug 2021,4058,12865,142,3499425,3192532,237201,3736626,3429733,79.3522998012065,72.8350124561814,450
-7.6926,53.28823,2021/08/31 23:00:00+00,Wed 01 Sep 2021,4952,12512,180,3504377,3205044,237381,3741758,3442425,79.4612847524914,73.1045442180107,451
-7.6926,53.28823,2021/09/01 23:00:00+00,Thu 02 Sep 2021,5004,12341,247,3509381,3217385,237628,3747009,3455013,79.5727968294978,73.3718673993774,452
-7.6926,53.28823,2021/09/02 23:00:00+00,Fri 03 Sep 2021,4769,16047,165,3514150,3233432,237793,3751943,3471225,79.6775769833637,73.7161511153225,453
-7.6926,53.28823,2021/09/03 23:00:00+00,Sat 04 Sep 2021,4623,10566,133,3518773,3243998,237926,3756699,3481924,79.7785770668225,73.9433588304037,454
-7.6926,53.28823,2021/09/04 23:00:00+00,Sun 05 Sep 2021,5305,11891,1,3524078,3255889,237927,3762005,3493816,79.891257143112,74.1959015117521,455
-7.6926,53.28823,2021/09/05 23:00:00+00,Mon 06 Sep 2021,2150,9660,75,3526228,3265549,238002,3764230,3503551,79.9385080231994,74.4026373848538,456
-7.6926,53.28823,2021/09/06 23:00:00+00,Tue 07 Sep 2021,3025,9994,158,3529253,3275543,238160,3767413,3513703,80.0061033271628,74.6182288161563,457
-7.6926,53.28823,2021/09/07 23:00:00+00,Wed 08 Sep 2021,2604,14801,186,3531857,3290344,238346,3770203,3528690,80.0653527453399,74.9364980026151,458
-7.6926,53.28823,2021/09/08 23:00:00+00,Thu 09 Sep 2021,3111,14795,138,3534968,3305139,238484,3773452,3543623,80.1343496484428,75.2536204261414,459
-7.6926,53.28823,2021/09/09 23:00:00+00,Fri 10 Sep 2021,3372,13939,115,3538340,3319078,238599,3776939,3557677,80.2084008029889,75.5520760974893,460
-7.6926,53.28823,2021/09/10 23:00:00+00,Sat 11 Sep 2021,2554,11319,62,3540894,3330397,238661,3779555,3569058,80.2639550961614,75.7937670036805,461
-7.6926,53.28823,2021/09/11 23:00:00+00,Sun 12 Sep 2021,2039,12878,1,3542933,3343275,238662,3781595,3581937,80.3072772513876,76.0672699630721,462
-7.6926,53.28823,2021/09/12 23:00:00+00,Mon 13 Sep 2021,1609,7726,52,3544542,3351001,238714,3783256,3589715,80.3425508297361,76.2324462980475,463
-7.6926,53.28823,2021/09/13 23:00:00+00,Tue 14 Sep 2021,1544,10775,82,3546086,3361776,238796,3784882,3600572,80.3770811358135,76.4630093565237,464
-7.6926,53.28823,2021/09/14 23:00:00+00,Wed 15 Sep 2021,3272,12392,137,3549358,3374168,238933,3788291,3613101,80.4494758550126,76.729079593205,465
-7.6926,53.28823,2021/09/15 23:00:00+00,Thu 16 Sep 2021,1905,10589,115,3551263,3384757,239048,3790311,3623805,80.4923732832269,76.9563934900392,466
-7.6926,53.28823,2021/09/16 23:00:00+00,Fri 17 Sep 2021,2554,14606,94,3553817,3399363,239142,3792959,3638505,80.5486071396186,77.2685678438754,467
-7.6926,53.28823,2021/09/17 23:00:00+00,Sat 18 Sep 2021,2283,11228,47,3556100,3410591,239189,3795289,3649780,80.5980878365192,77.5080076969029,468
-7.6926,53.28823,2021/09/18 23:00:00+00,Sun 19 Sep 2021,1860,8488,15,3557960,3419079,239204,3797164,3658283,80.6379059938963,77.6885803860641,469
-7.6926,53.28823,2021/09/19 23:00:00+00,Mon 20 Sep 2021,952,5606,34,3558912,3424685,239238,3798150,3663923,80.6588450355889,77.8083534034543,470
-7.6926,53.28823,2021/09/20 23:00:00+00,Tue 21 Sep 2021,1462,6661,90,3560374,3431346,239328,3799702,3670674,80.6918038517219,77.9517200063624,471
-7.6926,53.28823,2021/09/21 23:00:00+00,Wed 22 Sep 2021,1892,8138,97,3562266,3439484,239425,3801691,3678909,80.7340429530675,78.1266013535625,472
-7.6926,53.28823,2021/09/22 23:00:00+00,Thu 23 Sep 2021,1697,8737,89,3563963,3448221,239514,3803477,3687735,80.771971075241,78.3140333839679,473
-7.6926,53.28823,2021/09/23 23:00:00+00,Fri 24 Sep 2021,1908,7389,79,3565871,3455610,239593,3805464,3695203,80.8141677038854,78.4726264502569,474
-7.6926,53.28823,2021/09/24 23:00:00+00,Sat 25 Sep 2021,2414,6588,52,3568285,3462198,239645,3807930,3701843,80.8665365444677,78.6136358182483,475
-7.6926,53.28823,2021/09/25 23:00:00+00,Sun 26 Sep 2021,1546,7097,0,3569831,3469295,239645,3809476,3708940,80.8993679424971,78.7643501984643,476
-7.6926,53.28823,2021/09/26 23:00:00+00,Mon 27 Sep 2021,1175,3809,45,3571006,3473104,239690,3810696,3712794,80.9252762902304,78.846195093681,477
-7.6926,53.28823,2021/09/27 23:00:00+00,Tue 28 Sep 2021,1445,5122,93,3572451,3478226,239783,3812234,3718009,80.9579377974549,78.9569426620657,478
-7.6926,53.28823,2021/09/28 23:00:00+00,Wed 29 Sep 2021,1651,3610,79,3574102,3481836,239862,3813964,3721698,80.9946766839948,79.0352835594332,479
-7.6926,53.28823,2021/09/29 23:00:00+00,Thu 30 Sep 2021,1281,3961,78,3575383,3485797,239940,3815323,3725737,81.0235368844617,79.1210571795111,480
-7.6926,53.28823,2021/09/30 23:00:00+00,Fri 01 Oct 2021,1844,5173,41,3577227,3490970,239981,3817208,3730951,81.0635674053448,79.2317835115452,481
-7.6926,53.28823,2021/10/01 23:00:00+00,Sat 02 Oct 2021,1711,4079,40,3578938,3495049,240021,3818959,3735070,81.1007522552473,79.3192560396712,482
-7.6926,53.28823,2021/10/02 23:00:00+00,Sun 03 Oct 2021,1195,3013,9,3580133,3498062,240030,3820163,3738092,81.1263208213711,79.3834322911877,483
-7.6926,53.28823,2021/10/03 23:00:00+00,Mon 04 Oct 2021,335,1232,18,3580468,3499294,240048,3820516,3739342,81.1338172531333,79.4099777294391,484
-7.6926,53.28823,2021/10/04 23:00:00+00,Tue 05 Oct 2021,963,2815,70,3581431,3502109,240118,3821549,3742227,81.1557544033042,79.4712446009233,485
-7.6926,53.28823,2021/10/05 23:00:00+00,Wed 06 Oct 2021,974,2562,37,3582405,3504671,240155,3822560,3744826,81.1772243537619,79.5264378761356,486
-7.6926,53.28823,2021/10/06 23:00:00+00,Thu 07 Oct 2021,1209,2690,44,3583614,3507361,240199,3823813,3747560,81.2038335010651,79.584498058679,487
-7.6926,53.28823,2021/10/07 23:00:00+00,Fri 08 Oct 2021,963,2777,47,3584577,3510138,240246,3824823,3750384,81.2252822151722,79.6444695127765,488
-7.6926,53.28823,2021/10/08 23:00:00+00,Sat 09 Oct 2021,732,2374,23,3585309,3512512,240269,3825578,3752781,81.2413156598761,79.6953730451674,489
-7.6926,53.28823,2021/10/09 23:00:00+00,Sun 10 Oct 2021,1501,3913,1,3586810,3516425,240270,3827080,3756695,81.2732126584789,79.7784921214201,490
-7.6926,53.28823,2021/10/10 23:00:00+00,Mon 11 Oct 2021,330,1117,19,3587140,3517542,240289,3827429,3757831,81.2806241448387,79.802616615703,491
-7.6926,53.28823,2021/10/11 23:00:00+00,Tue 12 Oct 2021,558,1604,20,3587698,3519146,240309,3828007,3759455,81.2928987554861,79.8371044490791,492
-7.6926,53.28823,2021/10/12 23:00:00+00,Wed 13 Oct 2021,997,2064,11,3588695,3521210,240320,3829015,3761530,81.3143049968921,79.8811698765765,493
-7.6926,53.28823,2021/10/13 23:00:00+00,Thu 14 Oct 2021,682,1587,8,3589377,3522797,240328,3829705,3763125,81.3289580788068,79.9150418557852,494
-7.6926,53.28823,2021/10/14 23:00:00+00,Fri 15 Oct 2021,948,2063,8,3590325,3524860,240336,3830661,3765196,81.3492600299815,79.9590223378801,495
-7.6926,53.28823,2021/10/15 23:00:00+00,Sat 16 Oct 2021,1368,2633,14,3591693,3527493,240350,3832043,3767843,81.3786086665122,80.0152349579212,496
-7.6926,53.28823,2021/10/16 23:00:00+00,Sun 17 Oct 2021,1700,2884,2,3593393,3530377,240352,3833745,3770729,81.4147529352353,80.076523065756,497
-7.6926,53.28823,2021/10/17 23:00:00+00,Mon 18 Oct 2021,669,1236,4,3594062,3531613,240356,3834418,3771969,81.4290449991898,80.1028561405014,498
-7.6926,53.28823,2021/10/18 23:00:00+00,Tue 19 Oct 2021,1332,1790,13,3595394,3533403,240369,3835763,3773772,81.4576078907483,80.1411452806352,499
-7.6926,53.28823,2021/10/19 23:00:00+00,Wed 20 Oct 2021,2253,2309,0,3597647,3535712,240369,3838016,3776081,81.5054533886526,80.1901800141731,500
-7.6926,53.28823,2021/10/20 23:00:00+00,Thu 21 Oct 2021,1738,1819,11,3599385,3537531,240380,3839765,3777911,81.5425957658539,80.2290425357732,501
-7.6926,53.28823,2021/10/21 23:00:00+00,Fri 22 Oct 2021,1496,1916,3,3600881,3539447,240383,3841264,3779830,81.574429055405,80.2697950925767,502
-7.6926,53.28823,2021/10/22 23:00:00+00,Sat 23 Oct 2021,2005,1689,1,3602886,3541136,240384,3843270,3781520,81.6170291747108,80.3056845250926,503
-7.6926,53.28823,2021/10/23 23:00:00+00,Sun 24 Oct 2021,1947,2183,2,3604833,3543319,240386,3845219,3783705,81.6584188220324,80.352085951156,504
-7.6926,53.28823,2021/10/24 23:00:00+00,Mon 25 Oct 2021,1217,840,2,3606050,3544159,240388,3846438,3784547,81.6843059334151,80.3699669583621,505
-7.6926,53.28823,2021/10/25 23:00:00+00,Tue 26 Oct 2021,1236,1209,6,3607286,3545368,240394,3847680,3785762,81.7106814808617,80.3957691243424,506
-7.6926,53.28823,2021/10/26 23:00:00+00,Wed 27 Oct 2021,1554,1409,5,3608840,3546777,240399,3849239,3787176,81.7437889514488,80.4257973240924,507
-7.6926,53.28823,2021/10/27 23:00:00+00,Thu 28 Oct 2021,2146,1682,4,3610986,3548459,240403,3851389,3788862,81.7894471052412,80.4616018112059,508
-7.6926,53.28823,2021/10/28 23:00:00+00,Fri 29 Oct 2021,2132,1349,1,3613118,3549808,240404,3853522,3790212,81.8347442410734,80.4902708845174,509
