X,Y,VaccinationDate,VaccineText,Dose1,Dose2,SingleDose,Dose1Cum,Dose2Cum,SingleDoseCum,PartiallyVacc,FullyVacc,PartialPercent,FullyPercent,ObjectId
-7.6926,53.28823,2021/04/23 23:00:00+00,Sat 24 Apr 2021,23540,6929,0,1029064,427815,59,1029123,427874,24.3405769233498,10.1199759508838,1
-7.6926,53.28823,2021/04/24 23:00:00+00,Sun 25 Apr 2021,9662,246,1,1038726,428061,60,1038786,428121,24.5691239432982,10.1258179372159,2
-7.6926,53.28823,2021/04/25 23:00:00+00,Mon 26 Apr 2021,15441,2970,1,1054167,431031,61,1054228,431092,24.9343545220049,10.196087335567,3
-7.6926,53.28823,2021/04/26 23:00:00+00,Tue 27 Apr 2021,25758,7725,2,1079925,438756,63,1079988,438819,25.543624027735,10.3788445355195,4
-7.6926,53.28823,2021/04/27 23:00:00+00,Wed 28 Apr 2021,25890,8507,1,1105815,447263,64,1105879,447327,26.1559919148801,10.5800737651294,5
-7.6926,53.28823,2021/04/28 23:00:00+00,Thu 29 Apr 2021,31553,11236,0,1137368,458499,64,1137432,458563,26.9022761040999,10.8458250138245,6
-7.6926,53.28823,2021/04/29 23:00:00+00,Fri 30 Apr 2021,35936,13452,0,1173304,471951,64,1173368,472015,27.7522259860067,11.1639885771428,7
-7.6926,53.28823,2021/04/30 23:00:00+00,Sat 01 May 2021,16395,6613,0,1189699,478564,64,1189763,478628,28.1399966982134,11.3203977091845,8
-7.6926,53.28823,2021/05/01 23:00:00+00,Sun 02 May 2021,12313,862,1,1202012,479426,65,1202077,479491,28.4312445512243,11.3408091836971,9
-7.6926,53.28823,2021/05/02 23:00:00+00,Mon 03 May 2021,14106,852,3,1216118,480278,68,1216186,480346,28.7649473251508,11.3610314440775,10
-7.6926,53.28823,2021/05/03 23:00:00+00,Tue 04 May 2021,26449,6696,1,1242567,486974,69,1242636,487043,29.3905365497844,11.5194273245074,11
-7.6926,53.28823,2021/05/04 23:00:00+00,Wed 05 May 2021,31870,13330,63,1274437,500304,132,1274569,500436,30.1458084102844,11.8361954336007,12
-7.6926,53.28823,2021/05/05 23:00:00+00,Thu 06 May 2021,37079,14277,119,1311516,514581,251,1311767,514832,31.0256068215479,12.1766862645204,13
-7.6926,53.28823,2021/05/06 23:00:00+00,Fri 07 May 2021,40372,14966,81,1351888,529547,332,1352220,529879,31.9823917328561,12.532574395449,14
-7.6926,53.28823,2021/05/07 23:00:00+00,Sat 08 May 2021,25408,6963,2,1377296,536510,334,1377630,536844,32.5833831203019,12.6973089493081,15
-7.6926,53.28823,2021/05/08 23:00:00+00,Sun 09 May 2021,19549,871,0,1396845,537381,334,1397179,537715,33.0457515041341,12.7179096379529,16
-7.6926,53.28823,2021/05/09 23:00:00+00,Mon 10 May 2021,28609,4532,158,1425454,541913,492,1425946,542405,33.7261418718103,12.8288364229636,17
-7.6926,53.28823,2021/05/10 23:00:00+00,Tue 11 May 2021,34128,14725,145,1459582,556638,637,1460219,557275,34.5367588659829,13.180538191217,18
-7.6926,53.28823,2021/05/11 23:00:00+00,Wed 12 May 2021,31040,20819,147,1490622,577457,784,1491406,578241,35.2743865086539,13.6764211282176,19
-7.6926,53.28823,2021/05/12 23:00:00+00,Thu 13 May 2021,35771,25386,135,1526393,602843,919,1527312,603762,36.1236268375649,14.2800378617479,20
-7.6926,53.28823,2021/05/13 23:00:00+00,Fri 14 May 2021,37978,27861,221,1564371,630704,1140,1565511,631844,37.0271006671217,14.9442267693532,21
-7.6926,53.28823,2021/05/14 23:00:00+00,Sat 15 May 2021,28620,12353,2,1592991,643057,1142,1594133,644199,37.7040615286515,15.2364443447917,22
-7.6926,53.28823,2021/05/15 23:00:00+00,Sun 16 May 2021,23011,1111,1,1616002,644168,1143,1617145,645311,38.248335979966,15.2627451091695,23
-7.6926,53.28823,2021/05/16 23:00:00+00,Mon 17 May 2021,35189,3866,103,1651191,648034,1246,1652437,649280,39.0830541242295,15.3566189705143,24
-7.6926,53.28823,2021/05/17 23:00:00+00,Tue 18 May 2021,38804,12374,111,1689995,660408,1357,1691352,661765,40.0034626186195,15.6519112756013,25
-7.6926,53.28823,2021/05/18 23:00:00+00,Wed 19 May 2021,36770,17489,194,1726765,677897,1551,1728316,679448,40.8777265165158,16.0701454630945,26
-7.6926,53.28823,2021/05/19 23:00:00+00,Thu 20 May 2021,38843,19551,108,1765608,697448,1659,1767267,699107,41.7989864745008,16.5351155412447,27
-7.6926,53.28823,2021/05/20 23:00:00+00,Fri 21 May 2021,25586,23106,14908,1791194,720554,16567,1807761,737121,42.7567411082366,17.4342137939941,28
-7.6926,53.28823,2021/05/21 23:00:00+00,Sat 22 May 2021,16384,10162,13490,1807578,730716,30057,1837635,760773,43.463313981458,17.9936253758857,29
-7.6926,53.28823,2021/05/22 23:00:00+00,Sun 23 May 2021,8064,5476,10191,1815642,736192,40248,1855890,776440,43.8950769794045,18.3641776020609,30
-7.6926,53.28823,2021/05/23 23:00:00+00,Mon 24 May 2021,22305,8098,8426,1837947,744290,48674,1886621,792964,44.6219194165393,18.7549993921496,31
-7.6926,53.28823,2021/05/24 23:00:00+00,Tue 25 May 2021,30053,16366,3205,1868000,760656,51879,1919879,812535,45.4085298676873,19.2178881148454,32
-7.6926,53.28823,2021/05/25 23:00:00+00,Wed 26 May 2021,19674,25302,3029,1887674,785958,54908,1942582,840866,45.945495923145,19.8879663123159,33
-7.6926,53.28823,2021/05/26 23:00:00+00,Thu 27 May 2021,16734,35856,540,1904408,821814,55448,1959856,877262,46.3540565381288,20.748796006825,34
-7.6926,53.28823,2021/05/27 23:00:00+00,Fri 28 May 2021,26751,31708,1515,1931159,853522,56963,1988122,910485,47.022597370775,21.5345786461445,35
-7.6926,53.28823,2021/05/28 23:00:00+00,Sat 29 May 2021,24252,7312,494,1955411,860834,57457,2012868,918291,47.607883985247,21.7192043356526,36
-7.6926,53.28823,2021/05/29 23:00:00+00,Sun 30 May 2021,24073,1610,183,1979484,862444,57640,2037124,920084,48.1815812341208,21.7616119530352,37
-7.6926,53.28823,2021/05/30 23:00:00+00,Mon 31 May 2021,22278,7225,3410,2001762,869669,61050,2062812,930719,48.789147812661,22.0131484900476,38
-7.6926,53.28823,2021/05/31 23:00:00+00,Tue 01 Jun 2021,27169,11363,3617,2028931,881032,64667,2093598,945699,49.5172910969547,22.3674519526189,39
-7.6926,53.28823,2021/06/01 23:00:00+00,Wed 02 Jun 2021,18366,20761,3971,2047297,901793,68638,2115935,970431,50.0456006058636,22.9524074423595,40
-7.6926,53.28823,2021/06/02 23:00:00+00,Thu 03 Jun 2021,16431,30554,1951,2063728,932347,70589,2134317,1002936,50.4803673781591,23.7212081133128,41
-7.6926,53.28823,2021/06/03 23:00:00+00,Fri 04 Jun 2021,28748,23200,116,2092476,955547,70705,2163181,1026252,51.1630519671884,24.2726727016514,42
-7.6926,53.28823,2021/06/04 23:00:00+00,Sat 05 Jun 2021,20682,11359,2,2113158,966906,70707,2183865,1037613,51.6522651060285,24.5413804211623,43
-7.6926,53.28823,2021/06/05 23:00:00+00,Sun 06 Jun 2021,19734,3804,8,2132892,970710,70715,2203607,1041425,52.1191982808004,24.6315409551624,44
-7.6926,53.28823,2021/06/06 23:00:00+00,Mon 07 Jun 2021,19527,4405,2,2152419,975115,70717,2223136,1045832,52.5810936293021,24.735774290246,45
-7.6926,53.28823,2021/06/07 23:00:00+00,Tue 08 Jun 2021,26265,18368,13,2178684,993483,70730,2249414,1064213,53.2026147500931,25.1705174107749,46
-7.6926,53.28823,2021/06/08 23:00:00+00,Wed 09 Jun 2021,32581,19930,141,2211265,1013413,70871,2282136,1084284,53.9765478543827,25.6452320167341,47
-7.6926,53.28823,2021/06/09 23:00:00+00,Thu 10 Jun 2021,27407,27311,234,2238672,1040724,71105,2309777,1111829,54.6303063329497,26.2967199257145,48
-7.6926,53.28823,2021/06/10 23:00:00+00,Fri 11 Jun 2021,26186,32720,4,2264858,1073444,71109,2335967,1144553,55.2497460982863,27.0707003335372,49
-7.6926,53.28823,2021/06/11 23:00:00+00,Sat 12 Jun 2021,11950,19561,75,2276808,1093005,71184,2347992,1164189,55.534158590771,27.5351264210573,50
-7.6926,53.28823,2021/06/12 23:00:00+00,Sun 13 Jun 2021,8397,18066,807,2285205,1111071,71991,2357196,1183062,55.7518494498836,27.9815062107174,51
-7.6926,53.28823,2021/06/13 23:00:00+00,Mon 14 Jun 2021,15771,31090,10,2300976,1142161,72001,2372977,1214162,56.1250979774428,28.7170761497005,52
-7.6926,53.28823,2021/06/14 23:00:00+00,Tue 15 Jun 2021,14419,41296,178,2315395,1183457,72179,2387574,1255636,56.4703428134344,29.6980095146326,53
-7.6926,53.28823,2021/06/15 23:00:00+00,Wed 16 Jun 2021,13150,48105,190,2328545,1231562,72369,2400914,1303931,56.7858573789018,30.840271579044,54
-7.6926,53.28823,2021/06/16 23:00:00+00,Thu 17 Jun 2021,21280,42431,497,2349825,1273993,72866,2422691,1346859,57.3009218985557,31.855594612506,55
-7.6926,53.28823,2021/06/17 23:00:00+00,Fri 18 Jun 2021,11804,49818,521,2361629,1323811,73387,2435016,1397198,57.5924299209984,33.0462008876981,56
-7.6926,53.28823,2021/06/18 23:00:00+00,Sat 19 Jun 2021,6071,32608,400,2367700,1356419,73787,2441487,1430206,57.7454805021932,33.8268983972144,57
-7.6926,53.28823,2021/06/19 23:00:00+00,Sun 20 Jun 2021,8342,26009,158,2376042,1382428,73945,2449987,1456373,57.9465205176709,34.4457941719209,58
-7.6926,53.28823,2021/06/20 23:00:00+00,Mon 21 Jun 2021,15213,32110,533,2391255,1414538,74478,2465733,1489016,58.3189412334018,35.2178587866549,59
-7.6926,53.28823,2021/06/21 23:00:00+00,Tue 22 Jun 2021,14881,43306,686,2406136,1457844,75164,2481300,1533008,58.6871282829243,36.2583472997015,60
-7.6926,53.28823,2021/06/22 23:00:00+00,Wed 23 Jun 2021,19797,39114,849,2425933,1496958,76013,2501946,1572971,59.1754426546364,37.2035428454116,61
-7.6926,53.28823,2021/06/23 23:00:00+00,Thu 24 Jun 2021,18783,43997,999,2444716,1540955,77012,2521728,1617967,59.6433219000694,38.267777732051,62
-7.6926,53.28823,2021/06/24 23:00:00+00,Fri 25 Jun 2021,14924,49872,786,2459640,1590827,77798,2537438,1668625,60.0148911522053,39.4659289207652,63
-7.6926,53.28823,2021/06/25 23:00:00+00,Sat 26 Jun 2021,8801,30304,451,2468441,1621131,78249,2546690,1699380,60.2337172961111,40.1933390002966,64
-7.6926,53.28823,2021/06/26 23:00:00+00,Sun 27 Jun 2021,8567,30288,32,2477008,1651419,78281,2555289,1729700,60.437098836475,40.9104605613889,65
-7.6926,53.28823,2021/06/27 23:00:00+00,Mon 28 Jun 2021,23993,24379,451,2501001,1675798,78732,2579733,1754530,61.0152426174559,41.4977339242491,66
-7.6926,53.28823,2021/06/28 23:00:00+00,Tue 29 Jun 2021,27855,30717,755,2528856,1706515,79487,2608343,1786002,61.6919196577873,42.2421023203802,67
-7.6926,53.28823,2021/06/29 23:00:00+00,Wed 30 Jun 2021,22253,36521,530,2551109,1743036,80017,2631126,1823053,62.2307778545672,43.1184239219643,68
-7.6926,53.28823,2021/06/30 23:00:00+00,Thu 01 Jul 2021,14590,48057,584,2565699,1791093,80601,2646300,1871694,62.5896697598447,44.2688694975939,69
-7.6926,53.28823,2021/07/01 23:00:00+00,Fri 02 Jul 2021,13346,46978,768,2579045,1838071,81369,2660414,1919440,62.9234907926038,45.398146742182,70
-7.6926,53.28823,2021/07/02 23:00:00+00,Sat 03 Jul 2021,9095,30179,455,2588140,1868250,81824,2669964,1950074,63.1493651629347,46.1226949579637,71
-7.6926,53.28823,2021/07/03 23:00:00+00,Sun 04 Jul 2021,6281,27633,196,2594421,1895883,82020,2676441,1977903,63.3025576547287,46.7808999686378,72
-7.6926,53.28823,2021/07/04 23:00:00+00,Mon 05 Jul 2021,15231,33069,5301,2609652,1928952,87321,2696973,2016273,63.7881757250567,47.6884182502707,73
-7.6926,53.28823,2021/07/05 23:00:00+00,Tue 06 Jul 2021,12115,48081,5435,2621767,1977033,92756,2714523,2069789,64.2032642276019,48.9541661877184,74
-7.6926,53.28823,2021/07/06 23:00:00+00,Wed 07 Jul 2021,19415,43400,4987,2641182,2020433,97743,2738925,2118176,64.7804146343886,50.0986042146502,75
-7.6926,53.28823,2021/07/07 23:00:00+00,Thu 08 Jul 2021,17528,45288,5942,2658710,2065721,103685,2762395,2169406,65.3355215947724,51.3102842138176,76
-7.6926,53.28823,2021/07/08 23:00:00+00,Fri 09 Jul 2021,13285,44778,6491,2671995,2110499,110176,2782171,2220675,65.8032589296062,52.5228866318797,77
-7.6926,53.28823,2021/07/09 23:00:00+00,Sat 10 Jul 2021,8416,23571,4316,2680411,2134070,114492,2794903,2248562,66.1043932210253,53.1824634450122,78
-7.6926,53.28823,2021/07/10 23:00:00+00,Sun 11 Jul 2021,15094,15940,2129,2695505,2150010,116621,2812126,2266631,66.5117475959162,53.6098272143848,79
-7.6926,53.28823,2021/07/11 23:00:00+00,Mon 12 Jul 2021,16918,31411,6036,2712423,2181421,122657,2835080,2304078,67.0546502447721,54.4955149155135,80
-7.6926,53.28823,2021/07/12 23:00:00+00,Tue 13 Jul 2021,19884,36197,8444,2732307,2217618,131101,2863408,2348719,67.724657486943,55.551353425036,81
-7.6926,53.28823,2021/07/13 23:00:00+00,Wed 14 Jul 2021,20582,35315,9282,2752889,2252933,140383,2893272,2393316,68.4309938424991,56.6061512568312,82
-7.6926,53.28823,2021/07/14 23:00:00+00,Thu 15 Jul 2021,23396,28469,9524,2776285,2281402,149907,2926192,2431309,69.209609996561,57.5047528224836,83
-7.6926,53.28823,2021/07/15 23:00:00+00,Fri 16 Jul 2021,23345,27032,9116,2799630,2308434,159023,2958653,2467457,69.9773699897872,58.359716878894,84
-7.6926,53.28823,2021/07/16 23:00:00+00,Sat 17 Jul 2021,11355,19120,4630,2810985,2327554,163653,2974638,2491207,70.3554434777179,58.9214463339052,85
-7.6926,53.28823,2021/07/17 23:00:00+00,Sun 18 Jul 2021,16738,15594,1908,2827723,2343148,165561,2993284,2508709,70.7964543163764,59.3353995516571,86
-7.6926,53.28823,2021/07/18 23:00:00+00,Mon 19 Jul 2021,24663,18062,6189,2852386,2361210,171750,3024136,2532960,71.526158617261,59.9089785416983,87
-7.6926,53.28823,2021/07/19 23:00:00+00,Tue 20 Jul 2021,30375,17753,7652,2882761,2378963,179402,3062163,2558365,72.4255643429752,60.5098516703114,88
-7.6926,53.28823,2021/07/20 23:00:00+00,Wed 21 Jul 2021,30095,19464,6831,2912856,2398427,186233,3099089,2584660,73.2989294737435,61.1317748711333,89
-7.6926,53.28823,2021/07/21 23:00:00+00,Thu 22 Jul 2021,33322,15549,6876,2946178,2413976,193109,3139287,2607085,74.2496831845874,61.6621657354966,90
-7.6926,53.28823,2021/07/22 23:00:00+00,Fri 23 Jul 2021,26905,20443,5548,2973083,2434419,198657,3171740,2633076,75.0172539636813,62.2768987992944,91
-7.6926,53.28823,2021/07/23 23:00:00+00,Sat 24 Jul 2021,15308,14494,2232,2988391,2448913,200889,3189280,2649802,75.4321059485612,62.6724982462215,92
-7.6926,53.28823,2021/07/24 23:00:00+00,Sun 25 Jul 2021,14626,13456,1016,3003017,2462369,201905,3204922,2664274,75.8020668805732,63.0147866113972,93
-7.6926,53.28823,2021/07/25 23:00:00+00,Mon 26 Jul 2021,23673,17817,3370,3026690,2480186,205275,3231965,2685461,76.4416816027572,63.5158965888003,94
-7.6926,53.28823,2021/07/26 23:00:00+00,Tue 27 Jul 2021,25293,23443,3608,3051983,2503629,208883,3260866,2712512,77.125241307148,64.1557005251165,95
-7.6926,53.28823,2021/07/27 23:00:00+00,Wed 28 Jul 2021,23260,24906,3225,3075243,2528535,212108,3287351,2740643,77.75165834361,64.8210483692817,96
-7.6926,53.28823,2021/07/28 23:00:00+00,Thu 29 Jul 2021,19116,27501,2920,3094359,2556036,215028,3309387,2771064,78.2728486707944,65.5405587587931,97
-7.6926,53.28823,2021/07/29 23:00:00+00,Fri 30 Jul 2021,21769,22546,2080,3116128,2578582,217108,3333236,2795690,78.8369196506918,66.1230071612819,98
-7.6926,53.28823,2021/07/30 23:00:00+00,Sat 31 Jul 2021,13624,12184,883,3129752,2590766,217991,3347743,2808757,79.1800358276959,66.4320647944874,99
-7.6926,53.28823,2021/07/31 23:00:00+00,Sun 01 Aug 2021,10977,9135,355,3140729,2599901,218346,3359075,2818247,79.4480576459775,66.6565200588267,100
-7.6926,53.28823,2021/08/01 23:00:00+00,Mon 02 Aug 2021,14874,15631,394,3155603,2615532,218740,3374343,2834272,79.8091728173085,67.0355396174185,101
-7.6926,53.28823,2021/08/02 23:00:00+00,Tue 03 Aug 2021,17192,25092,1084,3172795,2640624,219824,3392619,2860448,80.2414325023522,67.6546482580237,102
-7.6926,53.28823,2021/08/03 23:00:00+00,Wed 04 Aug 2021,21945,16929,1555,3194740,2657553,221379,3416119,2878932,80.7972490157317,68.0918275105049,103
-7.6926,53.28823,2021/08/04 23:00:00+00,Thu 05 Aug 2021,13372,29706,1401,3208112,2687259,222780,3430892,2910039,81.146656562632,68.8275630118538,104
-7.6926,53.28823,2021/08/05 23:00:00+00,Fri 06 Aug 2021,12032,24421,923,3220144,2711680,223703,3443847,2935383,81.4530651979866,69.4269933827088,105
-7.6926,53.28823,2021/08/06 23:00:00+00,Sat 07 Aug 2021,6252,8196,560,3226396,2719876,224263,3450659,2944139,81.6141810315671,69.6340882504173,106
-7.6926,53.28823,2021/08/07 23:00:00+00,Sun 08 Aug 2021,8546,11786,140,3234942,2731662,224403,3459345,2956065,81.8196202756188,69.9161592180158,107
-7.6926,53.28823,2021/08/08 23:00:00+00,Mon 09 Aug 2021,5439,22698,584,3240381,2754360,224987,3465368,2979347,81.9620748654096,70.4668196462926,108
-7.6926,53.28823,2021/08/09 23:00:00+00,Tue 10 Aug 2021,9205,25663,686,3249586,2780023,225673,3475259,3005696,82.1960144881261,71.0900200425069,109
-7.6926,53.28823,2021/08/10 23:00:00+00,Wed 11 Aug 2021,6906,30903,633,3256492,2810926,226306,3482798,3037232,82.3743251559716,71.8359021516958,110
-7.6926,53.28823,2021/08/11 23:00:00+00,Thu 12 Aug 2021,6635,37982,849,3263127,2848908,227155,3490282,3076063,82.5513349766581,72.7543238976976,111
-7.6926,53.28823,2021/08/12 23:00:00+00,Fri 13 Aug 2021,10804,27927,843,3273931,2876835,227998,3501929,3104833,82.8268071013956,73.4347852206733,112
-7.6926,53.28823,2021/08/13 23:00:00+00,Sat 14 Aug 2021,18043,5643,267,3291974,2882478,228265,3520239,3110743,83.2598709465011,73.5745671608467,113
-7.6926,53.28823,2021/08/14 23:00:00+00,Sun 15 Aug 2021,16955,3606,39,3308929,2886084,228304,3537233,3114388,83.6618090668574,73.6607778498368,114
-7.6926,53.28823,2021/08/15 23:00:00+00,Mon 16 Aug 2021,10101,22875,350,3319030,2908959,228654,3547684,3137613,83.9089936788289,74.2100901274215,115
-7.6926,53.28823,2021/08/16 23:00:00+00,Tue 17 Aug 2021,12775,26611,511,3331805,2935570,229165,3560970,3164735,84.2232310489038,74.8515733391611,116
-7.6926,53.28823,2021/08/17 23:00:00+00,Wed 18 Aug 2021,15139,25518,645,3346944,2961088,229810,3576754,3190898,84.5965505317627,75.4703745068015,117
-7.6926,53.28823,2021/08/18 23:00:00+00,Thu 19 Aug 2021,11293,25453,522,3358237,2986541,230332,3588569,3216873,84.8759961532767,76.0847291423349,118
-7.6926,53.28823,2021/08/19 23:00:00+00,Fri 20 Aug 2021,14743,22022,664,3372980,3008563,230996,3603976,3239559,85.2403989201549,76.6212931177617,119
-7.6926,53.28823,2021/08/20 23:00:00+00,Sat 21 Aug 2021,11801,7815,224,3384781,3016378,231220,3616001,3247598,85.5248114126396,76.8114296688705,120
-7.6926,53.28823,2021/08/21 23:00:00+00,Sun 22 Aug 2021,7984,12161,156,3392765,3028539,231376,3624141,3259915,85.7173367921677,77.102748477181,121
-7.6926,53.28823,2021/08/22 23:00:00+00,Mon 23 Aug 2021,10798,15153,271,3403563,3043692,231647,3635210,3275339,85.9791381958527,77.4675533240902,122
-7.6926,53.28823,2021/08/23 23:00:00+00,Tue 24 Aug 2021,9639,22708,368,3413202,3066400,232015,3645217,3298415,86.2158214234863,78.0133414884624,123
-7.6926,53.28823,2021/08/24 23:00:00+00,Wed 25 Aug 2021,9342,19268,305,3422544,3085668,232320,3654864,3317988,86.4439900151702,78.4762775146913,124
-7.6926,53.28823,2021/08/25 23:00:00+00,Thu 26 Aug 2021,8509,19224,358,3431053,3104892,232678,3663731,3337570,86.6537102289633,78.9394264068189,125
-7.6926,53.28823,2021/08/26 23:00:00+00,Fri 27 Aug 2021,9653,19016,424,3440706,3123908,233102,3673808,3357010,86.8920490802538,79.3992167480997,126
-7.6926,53.28823,2021/08/27 23:00:00+00,Sat 28 Aug 2021,9878,7766,145,3450584,3131674,233247,3683831,3364921,87.1291107361518,79.5863258730931,127
-7.6926,53.28823,2021/08/28 23:00:00+00,Sun 29 Aug 2021,8781,9123,23,3459365,3140797,233270,3692635,3374067,87.3373408886536,79.8026449297472,128
-7.6926,53.28823,2021/08/29 23:00:00+00,Mon 30 Aug 2021,5016,10951,78,3464381,3151748,233348,3697729,3385096,87.4578229873411,80.0635002627711,129
-7.6926,53.28823,2021/08/30 23:00:00+00,Tue 31 Aug 2021,4010,12669,134,3468391,3164417,233482,3701873,3397899,87.5558359078281,80.3663138296136,130
-7.6926,53.28823,2021/08/31 23:00:00+00,Wed 01 Sep 2021,4894,12363,171,3473285,3176780,233653,3706938,3410433,87.6756321052863,80.6627650712604,131
-7.6926,53.28823,2021/09/01 23:00:00+00,Thu 02 Sep 2021,4960,12227,243,3478245,3189007,233896,3712141,3422903,87.7986922465252,80.9577025998495,132
-7.6926,53.28823,2021/09/02 23:00:00+00,Fri 03 Sep 2021,4717,15885,159,3482962,3204892,234055,3717017,3438947,87.9140182601098,81.3371715420053,133
-7.6926,53.28823,2021/09/03 23:00:00+00,Sat 04 Sep 2021,4601,10500,128,3487563,3215392,234183,3721746,3449575,88.025867464015,81.588542516652,134
-7.6926,53.28823,2021/09/04 23:00:00+00,Sun 05 Sep 2021,5291,11833,0,3492854,3227225,234183,3727037,3461408,88.1510089607083,81.8684138699635,135
-7.6926,53.28823,2021/09/05 23:00:00+00,Mon 06 Sep 2021,2107,9564,68,3494961,3236789,234251,3729212,3471040,88.202451552904,82.0962276851496,136
-7.6926,53.28823,2021/09/06 23:00:00+00,Tue 07 Sep 2021,2995,9888,134,3497956,3246677,234385,3732341,3481062,88.2764579303664,82.3332656892811,137
-7.6926,53.28823,2021/09/07 23:00:00+00,Wed 08 Sep 2021,2571,14678,178,3500527,3261355,234563,3735090,3495918,88.3414766365485,82.6846363328031,138
-7.6926,53.28823,2021/09/08 23:00:00+00,Thu 09 Sep 2021,3074,14677,135,3503601,3276032,234698,3738299,3510730,88.417375155333,83.0349662985979,139
-7.6926,53.28823,2021/09/09 23:00:00+00,Fri 10 Sep 2021,3350,13839,108,3506951,3289871,234806,3741757,3524677,88.4991629639826,83.364837486347,140
-7.6926,53.28823,2021/09/10 23:00:00+00,Sat 11 Sep 2021,2538,11228,57,3509489,3301099,234863,3744352,3535962,88.5605392981196,83.6317476716018,141
-7.6926,53.28823,2021/09/11 23:00:00+00,Sun 12 Sep 2021,2023,12842,0,3511512,3313941,234863,3746375,3548804,88.6083868218033,83.9354836573389,142
-7.6926,53.28823,2021/09/12 23:00:00+00,Mon 13 Sep 2021,1572,7637,46,3513084,3321578,234909,3747993,3556487,88.6466553800437,84.1172001795642,143
-7.6926,53.28823,2021/09/13 23:00:00+00,Tue 14 Sep 2021,1516,10672,79,3514600,3332250,234988,3749588,3567238,88.6843799476539,84.3714803214937,144
-7.6926,53.28823,2021/09/14 23:00:00+00,Wed 15 Sep 2021,3245,12307,130,3517845,3344557,235118,3752963,3579675,88.7642046596818,84.6656373417874,145
-7.6926,53.28823,2021/09/15 23:00:00+00,Thu 16 Sep 2021,1881,10500,109,3519726,3355057,235227,3754953,3590284,88.8112716750701,84.9165589328701,146
-7.6926,53.28823,2021/09/16 23:00:00+00,Fri 17 Sep 2021,2539,14515,89,3522265,3369572,235316,3757581,3604888,88.8734285175025,85.2619693312274,147
-7.6926,53.28823,2021/09/17 23:00:00+00,Sat 18 Sep 2021,2272,11166,40,3524537,3380738,235356,3759893,3616094,88.9281114017125,85.5270110269266,148
-7.6926,53.28823,2021/09/18 23:00:00+00,Sun 19 Sep 2021,1854,8455,11,3526391,3389193,235367,3761758,3624560,88.9722219462849,85.7272468823424,149
-7.6926,53.28823,2021/09/19 23:00:00+00,Mon 20 Sep 2021,945,5549,29,3527336,3394742,235396,3762732,3630138,88.995258766882,85.8591764360288,150
-7.6926,53.28823,2021/09/20 23:00:00+00,Tue 21 Sep 2021,1440,6589,89,3528776,3401331,235485,3764261,3636816,89.0314223179015,86.0171229328947,151
-7.6926,53.28823,2021/09/21 23:00:00+00,Wed 22 Sep 2021,1883,8064,94,3530659,3409395,235579,3766238,3644974,89.078181860325,86.2100740442203,152
-7.6926,53.28823,2021/09/22 23:00:00+00,Thu 23 Sep 2021,1679,8680,85,3532338,3418075,235664,3768002,3653739,89.1199035764782,86.4173817778276,153
-7.6926,53.28823,2021/09/23 23:00:00+00,Fri 24 Sep 2021,1897,7299,79,3534235,3425374,235743,3769978,3661117,89.1666394671352,86.5918845112623,154
-7.6926,53.28823,2021/09/24 23:00:00+00,Sat 25 Sep 2021,2399,6532,50,3536634,3431906,235793,3772427,3667699,89.2245626433593,86.7475604385416,155
-7.6926,53.28823,2021/09/25 23:00:00+00,Sun 26 Sep 2021,1536,7079,0,3538170,3438985,235793,3773963,3674778,89.2608917567444,86.9149912937847,156
-7.6926,53.28823,2021/09/26 23:00:00+00,Mon 27 Sep 2021,1165,3699,45,3539335,3442684,235838,3775173,3678522,89.2895103942418,87.003543507661,157
-7.6926,53.28823,2021/09/27 23:00:00+00,Tue 28 Sep 2021,1435,5044,89,3540770,3447728,235927,3776697,3683655,89.3255556864287,87.1249480252431,158
-7.6926,53.28823,2021/09/28 23:00:00+00,Wed 29 Sep 2021,1632,3532,72,3542402,3451260,235999,3778401,3687259,89.3658582965903,87.2101889918056,159
-7.6926,53.28823,2021/09/29 23:00:00+00,Thu 30 Sep 2021,1266,3877,77,3543668,3455137,236076,3779744,3691213,89.3976226190358,87.3037080766525,160
-7.6926,53.28823,2021/09/30 23:00:00+00,Fri 01 Oct 2021,1830,5089,38,3545498,3460226,236114,3781612,3696340,89.4418041189078,87.4249706836354,161
-7.6926,53.28823,2021/10/01 23:00:00+00,Sat 02 Oct 2021,1702,4035,39,3547200,3464261,236153,3783353,3700414,89.482981844431,87.5213279804655,162
-7.6926,53.28823,2021/10/02 23:00:00+00,Sun 03 Oct 2021,1203,2989,9,3548403,3467250,236162,3784565,3703412,89.5116477854614,87.5922359765128,163
-7.6926,53.28823,2021/10/03 23:00:00+00,Mon 04 Oct 2021,328,1158,16,3548731,3468408,236178,3784909,3704586,89.5197839931467,87.6200031504153,164
-7.6926,53.28823,2021/10/04 23:00:00+00,Tue 05 Oct 2021,969,2749,68,3549700,3471157,236246,3785946,3707403,89.544310875035,87.6866301767213,165
-7.6926,53.28823,2021/10/05 23:00:00+00,Wed 06 Oct 2021,974,2495,34,3550674,3473652,236280,3786954,3709932,89.5681518556939,87.7464454942675,166
-7.6926,53.28823,2021/10/06 23:00:00+00,Thu 07 Oct 2021,1202,2626,41,3551876,3476278,236321,3788197,3712599,89.5975510014867,87.8095247555945,167
-7.6926,53.28823,2021/10/07 23:00:00+00,Fri 08 Oct 2021,981,2686,42,3552857,3478964,236363,3789220,3715327,89.6217467586437,87.8740467746796,168
-7.6926,53.28823,2021/10/08 23:00:00+00,Sat 09 Oct 2021,729,2317,18,3553586,3481281,236381,3789967,3717662,89.6394146282392,87.9292736495196,169
-7.6926,53.28823,2021/10/09 23:00:00+00,Sun 10 Oct 2021,1527,3889,0,3555113,3485170,236381,3791494,3721551,89.6755308757256,88.0212553695423,170
-7.6926,53.28823,2021/10/10 23:00:00+00,Mon 11 Oct 2021,324,1064,12,3555437,3486234,236393,3791830,3722627,89.6834778692786,88.0467046703251,171
-7.6926,53.28823,2021/10/11 23:00:00+00,Tue 12 Oct 2021,548,1561,20,3555985,3487795,236413,3792398,3724208,89.6969120726658,88.084098113204,172
-7.6926,53.28823,2021/10/12 23:00:00+00,Wed 13 Oct 2021,1001,1975,9,3556986,3489770,236422,3793408,3726192,89.7208003568579,88.1310232179931,173
-7.6926,53.28823,2021/10/13 23:00:00+00,Thu 14 Oct 2021,698,1511,7,3557684,3491281,236429,3794113,3727710,89.7374748522592,88.1669265995808,174
-7.6926,53.28823,2021/10/14 23:00:00+00,Fri 15 Oct 2021,952,1998,5,3558636,3493279,236434,3795070,3729713,89.7601095928254,88.214301087934,175
-7.6926,53.28823,2021/10/15 23:00:00+00,Sat 16 Oct 2021,1375,2589,11,3560011,3495868,236445,3796456,3732313,89.7928909412315,88.2757956809036,176
-7.6926,53.28823,2021/10/16 23:00:00+00,Sun 17 Oct 2021,1709,2872,1,3561720,3498740,236446,3798166,3735186,89.8333354619923,88.3437472061351,177
-7.6926,53.28823,2021/10/17 23:00:00+00,Mon 18 Oct 2021,668,1169,3,3562388,3499909,236449,3798837,3736358,89.8492057973318,88.3714670765045,178
-7.6926,53.28823,2021/10/18 23:00:00+00,Tue 19 Oct 2021,1333,1727,10,3563721,3501636,236459,3800180,3738095,89.8809701197773,88.4125501949615,179
-7.6926,53.28823,2021/10/19 23:00:00+00,Wed 20 Oct 2021,2240,2255,0,3565961,3503891,236459,3802420,3740350,89.9339500767973,88.4658849284794,180
-7.6926,53.28823,2021/10/20 23:00:00+00,Thu 21 Oct 2021,1749,1763,8,3567710,3505654,236467,3804177,3742121,89.9755062305849,88.5077722069984,181
-7.6926,53.28823,2021/10/21 23:00:00+00,Fri 22 Oct 2021,1483,1898,1,3569193,3507552,236468,3805661,3744020,90.0106054521106,88.5526869116327,182
-7.6926,53.28823,2021/10/22 23:00:00+00,Sat 23 Oct 2021,2004,1662,0,3571197,3509214,236468,3807665,3745682,90.0580035922303,88.5919961476003,183
-7.6926,53.28823,2021/10/23 23:00:00+00,Sun 24 Oct 2021,1943,2170,0,3573140,3511384,236468,3809608,3747852,90.1039589745919,88.6433204809634,184
-7.6926,53.28823,2021/10/24 23:00:00+00,Mon 25 Oct 2021,1212,806,0,3574352,3512190,236468,3810820,3748658,90.1326249156223,88.662383804784,185
-7.6926,53.28823,2021/10/25 23:00:00+00,Tue 26 Oct 2021,1231,1162,5,3575583,3513352,236473,3812056,3749825,90.1618584990494,88.6899854163208,186
-7.6926,53.28823,2021/10/26 23:00:00+00,Wed 27 Oct 2021,1549,1383,4,3577132,3514735,236477,3813609,3751212,90.1985896924655,88.7227904164934,187
-7.6926,53.28823,2021/10/27 23:00:00+00,Thu 28 Oct 2021,2139,1640,2,3579271,3516375,236479,3815750,3752854,90.2492281245994,88.7616266171304,188
-7.6926,53.28823,2021/10/28 23:00:00+00,Fri 29 Oct 2021,2128,1316,0,3581399,3517691,236479,3817878,3754170,90.2995590837684,88.7927523418797,189
-7.6926,53.28823,2021/10/29 23:00:00+00,Sat 30 Oct 2021,1999,1420,0,3583398,3519111,236479,3819877,3755590,90.3468389650555,88.8263378503477,190
-7.6926,53.28823,2021/10/30 23:00:00+00,Sun 31 Oct 2021,1624,1309,0,3585022,3520420,236479,3821501,3756899,90.385249433895,88.8572980127313,191
-7.6926,53.28823,2021/11/01 00:00:00+00,Mon 01 Nov 2021,253,242,0,3585275,3520662,236479,3821754,3757141,90.3912333308263,88.8630217402307,192
-7.6926,53.28823,2021/11/02 00:00:00+00,Tue 02 Nov 2021,1083,1050,9,3586358,3521712,236488,3822846,3758200,90.4170610598735,88.8880689609826,193
-7.6926,53.28823,2021/11/03 00:00:00+00,Wed 03 Nov 2021,2534,1786,5,3588892,3523498,236493,3825385,3759991,90.477112895085,88.9304292748321,194
-7.6926,53.28823,2021/11/04 00:00:00+00,Thu 04 Nov 2021,1546,1212,0,3590438,3524710,236493,3826931,3761203,90.5136785261355,88.9590952158626,195
-7.6926,53.28823,2021/11/05 00:00:00+00,Fri 05 Nov 2021,1624,1009,0,3592062,3525719,236493,3828555,3762212,90.5520889949749,88.9829598482881,196
-7.6926,53.28823,2021/11/06 00:00:00+00,Sat 06 Nov 2021,1821,1312,5,3593883,3527031,236498,3830381,3763529,90.5952771206529,89.0141092248039,197
-7.6926,53.28823,2021/11/07 00:00:00+00,Sun 07 Nov 2021,728,764,0,3594611,3527795,236498,3831109,3764293,90.6124956066844,89.0321791744304,198
-7.6926,53.28823,2021/11/08 00:00:00+00,Mon 08 Nov 2021,505,485,1,3595116,3528280,236499,3831615,3764779,90.6244634005469,89.0436739329624,199
-7.6926,53.28823,2021/11/09 00:00:00+00,Tue 09 Nov 2021,1376,987,1,3596492,3529267,236500,3832992,3765767,90.6570318830543,89.0670418782908,200
-7.6926,53.28823,2021/11/10 00:00:00+00,Wed 10 Nov 2021,1599,1281,0,3598091,3530548,236500,3834591,3767048,90.6948510577307,89.0973397912117,201
-7.6926,53.28823,2021/11/11 00:00:00+00,Thu 11 Nov 2021,1399,1042,1,3599490,3531590,236501,3835991,3768091,90.7279635308682,89.1220085836991,202
-7.6926,53.28823,2021/11/12 00:00:00+00,Fri 12 Nov 2021,1147,1062,5,3600637,3532652,236506,3837143,3769158,90.755210365907,89.1472450185832,203
-7.6926,53.28823,2021/11/13 00:00:00+00,Sat 13 Nov 2021,1411,1325,0,3602048,3533977,236506,3838554,3770483,90.7885830084763,89.1785836092312,204
-7.6926,53.28823,2021/11/14 00:00:00+00,Sun 14 Nov 2021,1644,1797,0,3603692,3535774,236506,3840198,3772280,90.8274665126464,89.2210858336798,205
-7.6926,53.28823,2021/11/15 00:00:00+00,Mon 15 Nov 2021,1246,546,0,3604938,3536320,236506,3841444,3772826,90.8569366137388,89.2339996982035,206
-7.6926,53.28823,2021/11/16 00:00:00+00,Tue 16 Nov 2021,1316,1013,4,3606254,3537333,236510,3842764,3773843,90.8881569455541,89.2580535447612,207
-7.6926,53.28823,2021/11/17 00:00:00+00,Wed 17 Nov 2021,1500,1035,0,3607754,3538368,236510,3844264,3774878,90.9236345953443,89.2825331231164,208
-7.6926,53.28823,2021/11/18 00:00:00+00,Thu 18 Nov 2021,1632,2414,5,3609386,3540782,236515,3845901,3777297,90.9623525371486,89.3397467463447,209
-7.6926,53.28823,2021/11/19 00:00:00+00,Fri 19 Nov 2021,1158,1438,0,3610544,3542220,236515,3847059,3778735,90.9897412827867,89.3737579866103,210
-7.6926,53.28823,2021/11/20 00:00:00+00,Sat 20 Nov 2021,1516,2884,10,3612060,3545104,236525,3848585,3781629,91.0258338785066,89.4422061989388,211
-7.6926,53.28823,2021/11/21 00:00:00+00,Sun 21 Nov 2021,1782,2744,0,3613842,3547848,236525,3850367,3784373,91.0679813264573,89.5071066462883,212
-7.6926,53.28823,2021/11/22 00:00:00+00,Mon 22 Nov 2021,698,457,2,3614540,3548305,236527,3851067,3784832,91.084537563026,89.5179628071241,213
-7.6926,53.28823,2021/11/23 00:00:00+00,Tue 23 Nov 2021,2157,1519,4,3616697,3549824,236531,3853228,3786355,91.1356490304904,89.5539844475444,214
-7.6926,53.28823,2021/11/24 00:00:00+00,Wed 24 Nov 2021,1610,3058,0,3618307,3552882,236531,3854838,3789413,91.1737283745986,89.6263115495833,215
-7.6926,53.28823,2021/11/25 00:00:00+00,Thu 25 Nov 2021,981,1091,0,3619288,3553973,236531,3855819,3790504,91.1969307575614,89.6521156268641,216
-7.6926,53.28823,2021/11/26 00:00:00+00,Fri 26 Nov 2021,1266,1033,13,3620554,3555006,236544,3857098,3791550,91.2271813669491,89.6768553746511,217
-7.6926,53.28823,2021/11/27 00:00:00+00,Sat 27 Nov 2021,1227,1498,5,3621781,3556504,236549,3858330,3793053,91.2563203433101,89.7124039797408,218
-7.6926,53.28823,2021/11/28 00:00:00+00,Sun 28 Nov 2021,1975,2239,0,3623756,3558743,236549,3860305,3795292,91.3030325822005,89.7653602849943,219
-7.6926,53.28823,2021/11/29 00:00:00+00,Mon 29 Nov 2021,534,943,1,3624290,3559686,236550,3860840,3796236,91.3156862772924,89.7876875525956,220
-7.6926,53.28823,2021/11/30 00:00:00+00,Tue 30 Nov 2021,1917,1559,6,3626207,3561245,236556,3862763,3797801,91.3611686243234,89.82470256721,221
-7.6926,53.28823,2021/12/01 00:00:00+00,Wed 01 Dec 2021,1117,1290,1,3627324,3562535,236557,3863881,3799092,91.3876112993003,89.8552369977961,222
-7.6926,53.28823,2021/12/02 00:00:00+00,Thu 02 Dec 2021,1753,1321,1,3629077,3563856,236558,3865635,3800414,91.4290964977883,89.8865046331446,223
-7.6926,53.28823,2021/12/03 00:00:00+00,Fri 03 Dec 2021,1004,1091,4,3630081,3564947,236562,3866643,3801509,91.4529374784473,89.9124033174914,224
-7.6926,53.28823,2021/12/04 00:00:00+00,Sat 04 Dec 2021,1187,1642,0,3631268,3566589,236562,3867830,3803151,91.4810121253146,89.9512395181284,225
-7.6926,53.28823,2021/12/05 00:00:00+00,Sun 05 Dec 2021,1351,1760,0,3632619,3568349,236562,3869181,3804911,91.5129656618923,89.9928666272155,226
-7.6926,53.28823,2021/12/06 00:00:00+00,Mon 06 Dec 2021,909,1218,0,3633528,3569567,236562,3870090,3806129,91.5344651176652,90.0216744788451,227
-7.6926,53.28823,2021/12/07 00:00:00+00,Tue 07 Dec 2021,457,663,1,3633985,3570230,236563,3870548,3806793,91.5452976267345,90.0373792518189,228
-7.6926,53.28823,2021/12/08 00:00:00+00,Wed 08 Dec 2021,785,1365,0,3634770,3571595,236563,3871333,3808158,91.563864263458,90.069663913128,229
-7.6926,53.28823,2021/12/09 00:00:00+00,Thu 09 Dec 2021,722,1069,0,3635492,3572664,236563,3872055,3809227,91.5809408388903,90.0949476515451,230
-7.6926,53.28823,2021/12/10 00:00:00+00,Fri 10 Dec 2021,799,1434,1,3636291,3574098,236564,3872855,3810662,91.5998622521117,90.1288879365111,231
-7.6926,53.28823,2021/12/11 00:00:00+00,Sat 11 Dec 2021,583,782,0,3636874,3574880,236564,3873438,3811444,91.6136512319969,90.147383617935,232
-7.6926,53.28823,2021/12/12 00:00:00+00,Sun 12 Dec 2021,679,1169,0,3637553,3576049,236564,3874117,3812613,91.6297107814686,90.1750325330049,233
-7.6926,53.28823,2020/12/28 00:00:00+00,Mon 28 Dec 2020,119,8,5,119,8,5,124,13,0.00293281904932197,0.000307472964848272,234
-7.6926,53.28823,2020/12/29 00:00:00+00,Tue 29 Dec 2020,68,1,0,187,9,5,192,14,0.0045411391731437,0.000331124731375062,235
-7.6926,53.28823,2020/12/30 00:00:00+00,Wed 30 Dec 2020,1045,0,0,1232,9,5,1237,14,0.0292572351936394,0.000331124731375062,236
-7.6926,53.28823,2020/12/31 00:00:00+00,Thu 31 Dec 2020,1022,1,0,2254,10,5,2259,15,0.0534293405840189,0.000354776497901852,237
-7.6926,53.28823,2021/01/01 00:00:00+00,Fri 01 Jan 2021,794,0,0,3048,10,5,3053,15,0.0722088432062902,0.000354776497901852,238
-7.6926,53.28823,2021/01/02 00:00:00+00,Sat 02 Jan 2021,1010,0,0,4058,10,5,4063,15,0.0960971273983482,0.000354776497901852,239
-7.6926,53.28823,2021/01/03 00:00:00+00,Sun 03 Jan 2021,14,0,0,4072,10,5,4077,15,0.0964282521297233,0.000354776497901852,240
-7.6926,53.28823,2021/01/04 00:00:00+00,Mon 04 Jan 2021,1170,2,0,5242,12,5,5247,17,0.124100818966068,0.000402080030955432,241
-7.6926,53.28823,2021/01/05 00:00:00+00,Tue 05 Jan 2021,3495,3,0,8737,15,5,8742,20,0.206763742977199,0.000473035330535802,242
-7.6926,53.28823,2021/01/06 00:00:00+00,Wed 06 Jan 2021,6741,2,0,15478,17,5,15483,22,0.366200301134291,0.000520338863589383,243
-7.6926,53.28823,2021/01/07 00:00:00+00,Thu 07 Jan 2021,11701,2,0,27179,19,5,27184,24,0.642949621264263,0.000567642396642963,244
-7.6926,53.28823,2021/01/08 00:00:00+00,Fri 08 Jan 2021,12652,2,0,39831,21,5,39836,26,0.942191771361211,0.000614945929696543,245
-7.6926,53.28823,2021/01/09 00:00:00+00,Sat 09 Jan 2021,8058,2,0,47889,23,5,47894,28,1.13277770603409,0.000662249462750123,246
-7.6926,53.28823,2021/01/10 00:00:00+00,Sun 10 Jan 2021,4754,1,1,52643,24,6,52649,30,1.24524185586897,0.000709552995803704,247
-7.6926,53.28823,2021/01/11 00:00:00+00,Mon 11 Jan 2021,8315,3,0,60958,27,6,60964,33,1.44190629453923,0.000780508295384074,248
-7.6926,53.28823,2021/01/12 00:00:00+00,Tue 12 Jan 2021,8843,4,0,69801,31,6,69807,37,1.65105886593564,0.000875115361491235,249
-7.6926,53.28823,2021/01/13 00:00:00+00,Wed 13 Jan 2021,9845,2,0,79646,33,6,79652,39,1.88391050739189,0.000922418894544815,250
-7.6926,53.28823,2021/01/14 00:00:00+00,Thu 14 Jan 2021,8039,2,0,87685,35,6,87691,41,2.07404705850075,0.000969722427598395,251
-7.6926,53.28823,2021/01/15 00:00:00+00,Fri 15 Jan 2021,7638,2,0,95323,37,6,95329,43,2.25469925123238,0.00101702596065198,252
-7.6926,53.28823,2021/01/16 00:00:00+00,Sat 16 Jan 2021,5202,2,0,100525,39,6,100531,45,2.37773574070474,0.00106432949370556,253
-7.6926,53.28823,2021/01/17 00:00:00+00,Sun 17 Jan 2021,1095,3,0,101620,42,6,101626,48,2.40363442505157,0.00113528479328593,254
-7.6926,53.28823,2021/01/18 00:00:00+00,Mon 18 Jan 2021,8663,4,0,110283,46,6,110289,52,2.60852967847316,0.00122989185939309,255
-7.6926,53.28823,2021/01/19 00:00:00+00,Tue 19 Jan 2021,8346,15,0,118629,61,6,118635,67,2.80592732190575,0.00158466835729494,256
-7.6926,53.28823,2021/01/20 00:00:00+00,Wed 20 Jan 2021,8416,955,0,127045,1016,6,127051,1022,3.00498058899521,0.0241721053903795,257
-7.6926,53.28823,2021/01/21 00:00:00+00,Thu 21 Jan 2021,8945,955,0,135990,1971,6,135996,1977,3.21654564057735,0.0467595424234641,258
-7.6926,53.28823,2021/01/22 00:00:00+00,Fri 22 Jan 2021,6720,961,0,142710,2932,6,142716,2938,3.37548551163738,0.0694888900557094,259
-7.6926,53.28823,2021/01/23 00:00:00+00,Sat 23 Jan 2021,4149,456,0,146859,3388,6,146865,3394,3.47361669095703,0.0802740955919257,260
-7.6926,53.28823,2021/01/24 00:00:00+00,Sun 24 Jan 2021,1162,393,0,148021,3781,6,148027,3787,3.50110004366116,0.0895692398369542,261
-7.6926,53.28823,2021/01/25 00:00:00+00,Mon 25 Jan 2021,1323,1281,0,149344,5062,6,149350,5068,3.5323913307761,0.119867152757772,262
-7.6926,53.28823,2021/01/26 00:00:00+00,Tue 26 Jan 2021,977,3492,0,150321,8554,6,150327,8560,3.55549910667278,0.202459121469323,263
-7.6926,53.28823,2021/01/27 00:00:00+00,Wed 27 Jan 2021,2135,6691,0,152456,15245,6,152462,15251,3.60599562820747,0.360713091300076,264
-7.6926,53.28823,2021/01/28 00:00:00+00,Thu 28 Jan 2021,942,11537,0,153398,26782,6,153404,26788,3.62827559227571,0.633583521719654,265
-7.6926,53.28823,2021/01/29 00:00:00+00,Fri 29 Jan 2021,1530,11517,0,154928,38299,6,154934,38305,3.6644627950617,0.905980916808696,266
-7.6926,53.28823,2021/01/30 00:00:00+00,Sat 30 Jan 2021,597,7792,0,155525,46091,6,155531,46097,3.67858289967819,1.09027548158544,267
-7.6926,53.28823,2021/01/31 00:00:00+00,Sun 31 Jan 2021,204,4079,0,155729,50170,6,155735,50176,3.68340786004966,1.18675103724822,268
-7.6926,53.28823,2021/02/01 00:00:00+00,Mon 01 Feb 2021,970,8328,0,156699,58498,6,156705,58504,3.70635007358065,1.38372294888333,269
-7.6926,53.28823,2021/02/02 00:00:00+00,Tue 02 Feb 2021,785,5092,0,157484,63590,6,157490,63596,3.72491671030418,1.50415774403774,270
-7.6926,53.28823,2021/02/03 00:00:00+00,Wed 03 Feb 2021,1356,6855,0,158840,70445,6,158846,70451,3.7569885057145,1.66629060357889,271
-7.6926,53.28823,2021/02/04 00:00:00+00,Thu 04 Feb 2021,1380,10527,0,160220,80972,6,160226,80978,3.78962794352147,1.91527274980641,272
-7.6926,53.28823,2021/02/05 00:00:00+00,Fri 05 Feb 2021,3354,8597,0,163574,89569,6,163580,89575,3.86895596845233,2.11860698663723,273
-7.6926,53.28823,2021/02/06 00:00:00+00,Sat 06 Feb 2021,870,3860,0,164444,93429,6,164450,93435,3.88953300533064,2.20990280543063,274
-7.6926,53.28823,2021/02/07 00:00:00+00,Sun 07 Feb 2021,303,1290,0,164747,94719,6,164753,94725,3.89669949058825,2.24041358425019,275
-7.6926,53.28823,2021/02/08 00:00:00+00,Mon 08 Feb 2021,1122,868,0,165869,95587,6,165875,95593,3.92323677263131,2.26094331759545,276
-7.6926,53.28823,2021/02/09 00:00:00+00,Tue 09 Feb 2021,4189,525,0,170058,96112,6,170064,96118,4.02231402261203,2.27336049502201,277
-7.6926,53.28823,2021/02/10 00:00:00+00,Wed 10 Feb 2021,8783,572,0,178841,96684,6,178847,96690,4.23004748801683,2.28688930547534,278
-7.6926,53.28823,2021/02/11 00:00:00+00,Thu 11 Feb 2021,6125,429,0,184966,97113,6,184972,97119,4.37491455799342,2.29703591331533,279
-7.6926,53.28823,2021/02/12 00:00:00+00,Fri 12 Feb 2021,4351,514,0,189317,97627,6,189323,97633,4.47782339415149,2.3091929213101,280
-7.6926,53.28823,2021/02/13 00:00:00+00,Sat 13 Feb 2021,1178,1908,0,190495,99535,6,190501,99541,4.50568517512004,2.35432049184322,281
-7.6926,53.28823,2021/02/14 00:00:00+00,Sun 14 Feb 2021,2669,16,0,193164,99551,6,193170,99557,4.56881173998005,2.35469892010764,282
-7.6926,53.28823,2021/02/15 00:00:00+00,Mon 15 Feb 2021,1919,7860,0,195083,107411,6,195089,107417,4.61419947994496,2.54060180500821,283
-7.6926,53.28823,2021/02/16 00:00:00+00,Tue 16 Feb 2021,5590,8139,0,200673,115550,6,200679,115556,4.74641285482971,2.73310353276976,284
-7.6926,53.28823,2021/02/17 00:00:00+00,Wed 17 Feb 2021,9695,8454,0,210368,124004,6,210374,124010,4.97571673130694,2.93305556698724,285
-7.6926,53.28823,2021/02/18 00:00:00+00,Thu 18 Feb 2021,8420,8321,0,218788,132325,6,218794,132331,5.17486460546252,3.12986191625666,286
-7.6926,53.28823,2021/02/19 00:00:00+00,Fri 19 Feb 2021,9357,6561,0,228145,138886,6,228151,138892,5.39617418485369,3.28504115643893,287
-7.6926,53.28823,2021/02/20 00:00:00+00,Sat 20 Feb 2021,5850,3557,1,233995,142443,7,234002,142450,5.53456067080194,3.36919414174125,288
-7.6926,53.28823,2021/02/21 00:00:00+00,Sun 21 Feb 2021,1079,1016,4,235074,143459,11,235085,143470,5.56017553395046,3.39331894359858,289
-7.6926,53.28823,2021/02/22 00:00:00+00,Mon 22 Feb 2021,3903,1096,1,238977,144555,12,238989,144567,5.65251203047104,3.41926493147847,290
-7.6926,53.28823,2021/02/23 00:00:00+00,Tue 23 Feb 2021,13315,1051,0,252292,145606,12,252304,145618,5.96743530177525,3.44412293809812,291
-7.6926,53.28823,2021/02/24 00:00:00+00,Wed 24 Feb 2021,16871,2078,2,269163,147684,14,269177,147698,6.36651155838178,3.49331861247385,292
-7.6926,53.28823,2021/02/25 00:00:00+00,Thu 25 Feb 2021,17995,1733,1,287158,149417,15,287173,149432,6.7921487487979,3.5343307756313,293
-7.6926,53.28823,2021/02/26 00:00:00+00,Fri 26 Feb 2021,16026,2740,0,303184,152157,15,303199,152172,7.17119195915624,3.59913661591471,294
-7.6926,53.28823,2021/02/27 00:00:00+00,Sat 27 Feb 2021,8933,696,1,312117,152853,16,312133,152869,7.38249684130658,3.61562189718388,295
-7.6926,53.28823,2021/02/28 00:00:00+00,Sun 28 Feb 2021,2412,45,1,314529,152898,17,314546,152915,7.43956855393572,3.61670987844411,296
-7.6926,53.28823,2021/03/01 00:00:00+00,Mon 01 Mar 2021,5525,773,0,320054,153671,17,320071,153688,7.57024456399624,3.63499269396932,297
-7.6926,53.28823,2021/03/02 00:00:00+00,Tue 02 Mar 2021,12114,1589,0,332168,155260,17,332185,155277,7.85676206370178,3.67257535098039,298
-7.6926,53.28823,2021/03/03 00:00:00+00,Wed 03 Mar 2021,12774,1482,1,344942,156742,18,344960,156760,8.15891338108152,3.70765092073962,299
-7.6926,53.28823,2021/03/04 00:00:00+00,Thu 04 Mar 2021,18641,1669,0,363583,158411,18,363601,158429,8.59980596090741,3.74712571907283,300
-7.6926,53.28823,2021/03/05 00:00:00+00,Fri 05 Mar 2021,18353,2374,1,381936,160785,19,381955,160804,9.03391048374012,3.80329866457396,301
-7.6926,53.28823,2021/03/06 00:00:00+00,Sat 06 Mar 2021,10361,124,0,392297,160909,19,392316,160928,9.27896643672419,3.80623148362328,302
-7.6926,53.28823,2021/03/07 00:00:00+00,Sun 07 Mar 2021,1476,6,0,393773,160915,19,393792,160934,9.31387644411774,3.80637339422244,303
-7.6926,53.28823,2021/03/08 00:00:00+00,Mon 08 Mar 2021,6577,1476,1,400350,162391,20,400370,162411,9.46945776433096,3.84130705338251,304
-7.6926,53.28823,2021/03/09 00:00:00+00,Tue 09 Mar 2021,13719,3079,2,414069,165470,22,414091,165492,9.79398365284505,3.91417814605155,305
-7.6926,53.28823,2021/03/10 00:00:00+00,Wed 10 Mar 2021,13621,3962,0,427690,169432,22,427712,169454,10.1161443647065,4.00788644503069,306
-7.6926,53.28823,2021/03/11 00:00:00+00,Thu 11 Mar 2021,18358,2075,0,446048,171507,22,446070,171529,10.5503434946053,4.05696386057378,307
-7.6926,53.28823,2021/03/12 00:00:00+00,Fri 12 Mar 2021,17216,1313,2,463264,172820,24,463288,172844,10.9575796106635,4.08806593355651,308
-7.6926,53.28823,2021/03/13 00:00:00+00,Sat 13 Mar 2021,8211,158,0,471475,172978,24,471499,173002,11.151784265615,4.09180291266774,309
-7.6926,53.28823,2021/03/14 00:00:00+00,Sun 14 Mar 2021,325,9,1,471800,172987,25,471825,173012,11.1594947415027,4.09203943033301,310
-7.6926,53.28823,2021/03/15 00:00:00+00,Mon 15 Mar 2021,2538,967,0,474338,173954,25,474363,173979,11.2195229249477,4.11491068856442,311
-7.6926,53.28823,2021/03/16 00:00:00+00,Tue 16 Mar 2021,8844,3785,0,483182,177739,25,483207,177764,11.4286991481107,4.20443262486832,312
-7.6926,53.28823,2021/03/17 00:00:00+00,Wed 17 Mar 2021,4809,2384,4,487991,180123,29,488020,180152,11.5425351004041,4.26091304333429,313
-7.6926,53.28823,2021/03/18 00:00:00+00,Thu 18 Mar 2021,11608,4655,1,499599,184778,30,499629,184808,11.8171084580136,4.37103566828303,314
-7.6926,53.28823,2021/03/19 00:00:00+00,Fri 19 Mar 2021,10227,6092,1,509826,190870,31,509857,190901,12.0590187260496,4.51514588173076,315
-7.6926,53.28823,2021/03/20 00:00:00+00,Sat 20 Mar 2021,5120,3089,0,514946,193959,31,514977,193990,12.1801157706668,4.58820618853202,316
-7.6926,53.28823,2021/03/21 00:00:00+00,Sun 21 Mar 2021,3553,40,0,518499,193999,31,518530,194030,12.2641504971365,4.58915225919309,317
-7.6926,53.28823,2021/03/22 00:00:00+00,Mon 22 Mar 2021,7294,2369,0,525793,196368,31,525824,196399,12.4366664821829,4.64518329409505,318
-7.6926,53.28823,2021/03/23 00:00:00+00,Tue 23 Mar 2021,12432,7353,1,538225,203721,32,538257,203753,12.7307288954105,4.81911838513307,319
-7.6926,53.28823,2021/03/24 00:00:00+00,Wed 24 Mar 2021,13496,9740,0,551721,213461,32,551753,213493,13.049933136456,5.049486591104,320
-7.6926,53.28823,2021/03/25 00:00:00+00,Thu 25 Mar 2021,20733,10179,2,572454,223640,34,572488,223674,13.540352515389,5.29028522611325,321
-7.6926,53.28823,2021/03/26 00:00:00+00,Fri 26 Mar 2021,19571,9439,1,592025,233079,35,592060,233114,14.0032648898514,5.51355790212615,322
-7.6926,53.28823,2021/03/27 00:00:00+00,Sat 27 Mar 2021,11609,5297,1,603634,238376,36,603670,238412,14.2778618992274,5.63886496118509,323
-7.6926,53.28823,2021/03/28 00:00:00+00,Sun 28 Mar 2021,2412,461,0,606046,238837,36,606082,238873,14.33490996009,5.64976842555394,324
-7.6926,53.28823,2021/03/28 23:00:00+00,Mon 29 Mar 2021,9150,3066,1,615196,241903,37,615233,241940,14.5513472755767,5.7223083934916,325
-7.6926,53.28823,2021/03/29 23:00:00+00,Tue 30 Mar 2021,13209,8613,1,628405,250516,38,628443,250554,14.8637871113956,5.92604471035337,326
-7.6926,53.28823,2021/03/30 23:00:00+00,Wed 31 Mar 2021,15652,10429,0,644057,260945,38,644095,260983,15.2339845610729,6.17270898346127,327
-7.6926,53.28823,2021/03/31 23:00:00+00,Thu 01 Apr 2021,19552,11572,0,663609,272517,38,663647,272555,15.6964239002047,6.44640722570928,328
-7.6926,53.28823,2021/04/01 23:00:00+00,Fri 02 Apr 2021,20014,13674,2,683623,286191,40,683663,286231,16.1698376590049,6.76986878472966,329
-7.6926,53.28823,2021/04/02 23:00:00+00,Sat 03 Apr 2021,7436,4599,0,691059,290790,40,691099,290830,16.3457121948981,6.87864325898637,330
-7.6926,53.28823,2021/04/03 23:00:00+00,Sun 04 Apr 2021,2938,153,0,693997,290943,40,694037,290983,16.4152010849538,6.88226197926497,331
-7.6926,53.28823,2021/04/04 23:00:00+00,Mon 05 Apr 2021,3333,572,1,697330,291515,41,697371,291556,16.4940560745542,6.89581444148482,332
-7.6926,53.28823,2021/04/05 23:00:00+00,Tue 06 Apr 2021,11840,8111,2,709170,299626,43,709213,299669,16.7741402937644,7.08770122331667,333
-7.6926,53.28823,2021/04/06 23:00:00+00,Wed 07 Apr 2021,18189,10415,1,727359,310041,44,727403,310085,17.2043659268867,7.33405802345971,334
-7.6926,53.28823,2021/04/07 23:00:00+00,Thu 08 Apr 2021,20024,10509,1,747383,320550,45,747428,320595,17.6779925515857,7.58263808965628,335
-7.6926,53.28823,2021/04/08 23:00:00+00,Fri 09 Apr 2021,20569,9095,2,767952,329645,47,767999,329692,18.1645330408083,7.79779820975049,336
-7.6926,53.28823,2021/04/09 23:00:00+00,Sat 10 Apr 2021,11033,4130,3,778985,333775,50,779035,333825,18.4255539361979,7.89555096080571,337
-7.6926,53.28823,2021/04/10 23:00:00+00,Sun 11 Apr 2021,2785,320,0,781770,334095,50,781820,334145,18.4914241059751,7.90311952609428,338
-7.6926,53.28823,2021/04/11 23:00:00+00,Mon 12 Apr 2021,7651,2719,4,789421,336814,54,789475,336868,18.6724783787376,7.96752328634673,339
-7.6926,53.28823,2021/04/12 23:00:00+00,Tue 13 Apr 2021,11382,8523,0,800803,345337,54,800857,345391,18.9416827853456,8.16910729245457,340
-7.6926,53.28823,2021/04/13 23:00:00+00,Wed 14 Apr 2021,20208,6534,2,821011,351871,56,821067,351927,19.419684986852,8.32369523847367,341
-7.6926,53.28823,2021/04/14 23:00:00+00,Thu 15 Apr 2021,26972,10722,1,847983,362593,57,848040,362650,20.0576440853791,8.57731313094044,342
-7.6926,53.28823,2021/04/15 23:00:00+00,Fri 16 Apr 2021,27826,9761,1,875809,372354,58,875867,372412,20.7158017925201,8.80820167577496,343
-7.6926,53.28823,2021/04/16 23:00:00+00,Sat 17 Apr 2021,15708,4489,1,891517,376843,59,891576,376902,21.0873473928894,8.91439810748025,344
-7.6926,53.28823,2021/04/17 23:00:00+00,Sun 18 Apr 2021,991,437,0,892508,377280,59,892567,377339,21.1107862935175,8.92473392945246,345
-7.6926,53.28823,2021/04/18 23:00:00+00,Mon 19 Apr 2021,6629,2181,0,899137,379461,59,899196,379520,21.2675738538236,8.97631843224739,346
-7.6926,53.28823,2021/04/19 23:00:00+00,Tue 20 Apr 2021,14940,7238,0,914077,386699,59,914136,386758,21.6209312457338,9.14750991836829,347
-7.6926,53.28823,2021/04/20 23:00:00+00,Wed 21 Apr 2021,26533,9777,0,940610,396476,59,940669,396535,22.2484835669891,9.37875323970072,348
-7.6926,53.28823,2021/04/21 23:00:00+00,Thu 22 Apr 2021,31476,12096,0,972086,408572,59,972145,408631,22.9929465701864,9.66484500760877,349
-7.6926,53.28823,2021/04/22 23:00:00+00,Fri 23 Apr 2021,33438,12314,0,1005524,420886,59,1005583,420945,23.7838143393092,9.95609286061967,350
