X,Y,VaccinationDate,VaccineText,Dose1,Dose2,SingleDose,Dose1Cum,Dose2Cum,SingleDoseCum,PartiallyVacc,FullyVacc,PartialPercent,FullyPercent,ObjectId
-7.6926,53.28823,2021/08/24 23:00:00+00,Wed 25 Aug 2021,9346,19276,305,3424760,3087819,232463,3657223,3320282,86.4997845324069,78.5305346671038,1
-7.6926,53.28823,2021/08/25 23:00:00+00,Thu 26 Aug 2021,8512,19230,358,3433272,3107049,232821,3666093,3339870,86.7095757014996,78.9938254698305,2
-7.6926,53.28823,2021/08/26 23:00:00+00,Fri 27 Aug 2021,9654,19020,424,3442926,3126069,233245,3676171,3359314,86.9479382045566,79.4537104181774,3
-7.6926,53.28823,2021/08/27 23:00:00+00,Sat 28 Aug 2021,9880,7771,145,3452806,3133840,233390,3686196,3367230,87.1850471639876,79.6409378020035,4
-7.6926,53.28823,2021/08/28 23:00:00+00,Sun 29 Aug 2021,8781,9123,23,3461587,3142963,233413,3695000,3376376,87.3932773164895,79.8572568586575,5
-7.6926,53.28823,2021/08/29 23:00:00+00,Mon 30 Aug 2021,5017,10954,78,3466604,3153917,233491,3700095,3387408,87.5137830669435,80.1181831469811,6
-7.6926,53.28823,2021/08/30 23:00:00+00,Tue 31 Aug 2021,4012,12674,135,3470616,3166591,233626,3704242,3400217,87.6118669427301,80.4211386244227,7
-7.6926,53.28823,2021/08/31 23:00:00+00,Wed 01 Sep 2021,4895,12367,171,3475511,3178958,233797,3709308,3412755,87.7316867919548,80.7176844731356,8
-7.6926,53.28823,2021/09/01 23:00:00+00,Thu 02 Sep 2021,4961,12230,243,3480472,3191188,234040,3714512,3425228,87.8547705849602,81.0126929570243,9
-7.6926,53.28823,2021/09/02 23:00:00+00,Fri 03 Sep 2021,4718,15891,159,3485190,3207079,234199,3719389,3441278,87.9701202503114,81.3923038097792,10
-7.6926,53.28823,2021/09/03 23:00:00+00,Sat 04 Sep 2021,4601,10500,128,3489791,3217579,234327,3724118,3451906,88.0819694542166,81.643674784426,11
-7.6926,53.28823,2021/09/04 23:00:00+00,Sun 05 Sep 2021,5291,11834,1,3495082,3229413,234328,3729410,3463741,88.2071346026763,81.9235934412705,12
-7.6926,53.28823,2021/09/05 23:00:00+00,Mon 06 Sep 2021,2108,9564,68,3497190,3238977,234396,3731586,3473373,88.2586008466386,82.1514072564566,13
-7.6926,53.28823,2021/09/06 23:00:00+00,Tue 07 Sep 2021,2998,9891,136,3500188,3248868,234532,3734720,3483400,88.3327254829336,82.3885635194207,14
-7.6926,53.28823,2021/09/07 23:00:00+00,Wed 08 Sep 2021,2572,14685,180,3502760,3263553,234712,3737472,3498265,88.3978151444153,82.7401470288414,15
-7.6926,53.28823,2021/09/08 23:00:00+00,Thu 09 Sep 2021,3076,14678,135,3505836,3278231,234847,3740683,3513078,88.4737609667328,83.0905006464028,16
-7.6926,53.28823,2021/09/09 23:00:00+00,Fri 10 Sep 2021,3352,13843,108,3509188,3292074,234955,3744143,3527029,88.5555960789155,83.420466441218,17
-7.6926,53.28823,2021/09/10 23:00:00+00,Sat 11 Sep 2021,2537,11231,57,3511725,3303305,235012,3746737,3538317,88.616948761286,83.6874475817724,18
-7.6926,53.28823,2021/09/11 23:00:00+00,Sun 12 Sep 2021,2023,12842,0,3513748,3316147,235012,3748760,3551159,88.6647962849697,83.9911835675095,19
-7.6926,53.28823,2021/09/12 23:00:00+00,Mon 13 Sep 2021,1572,7638,46,3515320,3323785,235058,3750378,3558843,88.7030648432101,84.1729237415013,20
-7.6926,53.28823,2021/09/13 23:00:00+00,Tue 14 Sep 2021,1518,10675,79,3516838,3334460,235137,3751975,3569597,88.7408367143533,84.4272748387304,21
-7.6926,53.28823,2021/09/14 23:00:00+00,Wed 15 Sep 2021,3246,12310,130,3520084,3346770,235267,3755351,3582037,88.8206850781478,84.7215028143237,22
-7.6926,53.28823,2021/09/15 23:00:00+00,Thu 16 Sep 2021,1882,10510,109,3521966,3357280,235376,3757342,3592656,88.8677757453027,84.9726609230717,23
-7.6926,53.28823,2021/09/16 23:00:00+00,Fri 17 Sep 2021,2538,14515,89,3524504,3371795,235465,3759969,3607260,88.9299089359685,85.3180713214289,24
-7.6926,53.28823,2021/09/17 23:00:00+00,Sat 18 Sep 2021,2273,11165,40,3526777,3382960,235505,3762282,3618465,88.984615471945,85.5830893653616,25
-7.6926,53.28823,2021/09/18 23:00:00+00,Sun 19 Sep 2021,1854,8455,11,3528631,3391415,235516,3764147,3626931,89.0287260165174,85.7833252207774,26
-7.6926,53.28823,2021/09/19 23:00:00+00,Mon 20 Sep 2021,947,5551,29,3529578,3396966,235545,3765123,3632511,89.0518101406476,85.9153020779969,27
-7.6926,53.28823,2021/09/20 23:00:00+00,Tue 21 Sep 2021,1442,6590,89,3531020,3403556,235634,3766654,3639190,89.0880209952001,86.0732722266293,28
-7.6926,53.28823,2021/09/21 23:00:00+00,Wed 22 Sep 2021,1884,8069,94,3532904,3411625,235728,3768632,3647353,89.1348041893901,86.2663415967875,29
-7.6926,53.28823,2021/09/22 23:00:00+00,Thu 23 Sep 2021,1681,8681,85,3534585,3420306,235813,3770398,3656119,89.1765732090764,86.4736729821614,30
-7.6926,53.28823,2021/09/23 23:00:00+00,Fri 24 Sep 2021,1899,7303,79,3536484,3427609,235892,3772376,3663501,89.2233564032664,86.6482703226621,31
-7.6926,53.28823,2021/09/24 23:00:00+00,Sat 25 Sep 2021,2400,6532,50,3538884,3434141,235942,3774826,3670083,89.281303231257,86.8039462499415,32
-7.6926,53.28823,2021/09/25 23:00:00+00,Sun 26 Sep 2021,1536,7079,0,3540420,3441220,235942,3776362,3677162,89.3176323446422,86.9713771051846,33
-7.6926,53.28823,2021/09/26 23:00:00+00,Mon 27 Sep 2021,1166,3700,45,3541586,3444920,235987,3777573,3680907,89.3462746339061,87.0599529708274,34
-7.6926,53.28823,2021/09/27 23:00:00+00,Tue 28 Sep 2021,1437,5044,89,3543023,3449964,236076,3779099,3686040,89.382367229626,87.1813574884094,35
-7.6926,53.28823,2021/09/28 23:00:00+00,Wed 29 Sep 2021,1637,3534,72,3544660,3453498,236148,3780808,3689646,89.4227880986203,87.2666457585051,36
-7.6926,53.28823,2021/09/29 23:00:00+00,Thu 30 Sep 2021,1265,3878,77,3545925,3457376,236225,3782150,3693601,89.4545287692992,87.3601884951185,37
-7.6926,53.28823,2021/09/30 23:00:00+00,Fri 01 Oct 2021,1831,5090,38,3547756,3462466,236263,3784019,3698729,89.4987339209378,87.4814747538679,38
-7.6926,53.28823,2021/10/01 23:00:00+00,Sat 02 Oct 2021,1703,4035,39,3549459,3466501,236302,3785761,3702803,89.5399352982275,87.577832050698,39
-7.6926,53.28823,2021/10/02 23:00:00+00,Sun 03 Oct 2021,1203,2989,9,3550662,3469490,236311,3786973,3705801,89.568601239258,87.6487400467454,40
-7.6926,53.28823,2021/10/03 23:00:00+00,Mon 04 Oct 2021,330,1158,16,3550992,3470648,236327,3787319,3706975,89.5767847504762,87.6765072206478,41
-7.6926,53.28823,2021/10/04 23:00:00+00,Tue 05 Oct 2021,969,2749,68,3551961,3473397,236395,3788356,3709792,89.6013116323645,87.7431342469538,42
-7.6926,53.28823,2021/10/05 23:00:00+00,Wed 06 Oct 2021,979,2494,34,3552940,3475891,236429,3789369,3712320,89.6252708718561,87.8029259127335,43
-7.6926,53.28823,2021/10/06 23:00:00+00,Thu 07 Oct 2021,1204,2626,41,3554144,3478517,236470,3790614,3714987,89.654717321182,87.8660051740604,44
-7.6926,53.28823,2021/10/07 23:00:00+00,Fri 08 Oct 2021,980,2686,42,3555124,3481203,236512,3791636,3717715,89.6788894265724,87.9305271931455,45
-7.6926,53.28823,2021/10/08 23:00:00+00,Sat 09 Oct 2021,729,2317,18,3555853,3483520,236530,3792383,3720050,89.6965572961679,87.9857540679856,46
-7.6926,53.28823,2021/10/09 23:00:00+00,Sun 10 Oct 2021,1528,3889,0,3557381,3487409,236530,3793911,3723939,89.7326971954208,88.0777357880083,47
-7.6926,53.28823,2021/10/10 23:00:00+00,Mon 11 Oct 2021,327,1064,12,3557708,3488473,236542,3794250,3725015,89.7407151442734,88.1031850887911,48
-7.6926,53.28823,2021/04/26 23:00:00+00,Tue 27 Apr 2021,25777,7733,3,1081029,439024,79,1081108,439103,25.570114006245,10.3855616372131,49
-7.6926,53.28823,2021/10/11 23:00:00+00,Tue 12 Oct 2021,561,1561,20,3558269,3490034,236562,3794831,3726596,89.7544568206255,88.14057853167,50
-7.6926,53.28823,2021/10/12 23:00:00+00,Wed 13 Oct 2021,1028,1976,9,3559297,3492010,236571,3795868,3728581,89.7789837025138,88.1875272882256,51
-7.6926,53.28823,2021/10/13 23:00:00+00,Thu 14 Oct 2021,697,1514,7,3559994,3493524,236578,3796572,3730102,89.7956345461486,88.2235016251129,52
-7.6926,53.28823,2021/10/14 23:00:00+00,Fri 15 Oct 2021,952,1999,5,3560946,3495523,236583,3797529,3732106,89.8182692867148,88.2708997652326,53
-7.6926,53.28823,2021/10/15 23:00:00+00,Sat 16 Oct 2021,1375,2589,11,3562321,3498112,236594,3798915,3734706,89.8510506351209,88.3323943582022,54
-7.6926,53.28823,2021/10/16 23:00:00+00,Sun 17 Oct 2021,1709,2873,2,3564030,3500985,236596,3800626,3737581,89.8915188076482,88.4003931869667,55
-7.6926,53.28823,2021/10/17 23:00:00+00,Mon 18 Oct 2021,669,1169,3,3564699,3502154,236599,3801298,3738753,89.9074127947542,88.4281130573361,56
-7.6926,53.28823,2021/10/18 23:00:00+00,Tue 19 Oct 2021,1332,1729,10,3566031,3503883,236609,3802640,3740492,89.9391534654332,88.4692434793262,57
-7.6926,53.28823,2021/10/19 23:00:00+00,Wed 20 Oct 2021,2246,2254,0,3568277,3506137,236609,3804886,3742746,89.9922753330523,88.5225545610776,58
-7.6926,53.28823,2021/10/20 23:00:00+00,Thu 21 Oct 2021,1754,1766,8,3570031,3507903,236617,3806648,3744520,90.0339497456726,88.5645127948961,59
-7.6926,53.28823,2021/10/21 23:00:00+00,Fri 22 Oct 2021,1493,1898,1,3571524,3509801,236618,3808142,3746419,90.0692854848636,88.6094274995305,60
-7.6926,53.28823,2021/10/22 23:00:00+00,Sat 23 Oct 2021,2005,1661,0,3573529,3511462,236618,3810147,3748080,90.1167072767498,88.6487130837315,61
-7.6926,53.28823,2021/10/23 23:00:00+00,Sun 24 Oct 2021,1943,2171,0,3575472,3513633,236618,3812090,3750251,90.1626626591113,88.7000610688612,62
-7.6926,53.28823,2021/10/24 23:00:00+00,Mon 25 Oct 2021,1213,806,0,3576685,3514439,236618,3813303,3751057,90.1913522519083,88.7191243926818,63
-7.6926,53.28823,2021/10/25 23:00:00+00,Tue 26 Oct 2021,1234,1162,5,3577919,3515601,236623,3814542,3752224,90.220656790635,88.7467260042185,64
-7.6926,53.28823,2021/10/26 23:00:00+00,Wed 27 Oct 2021,1552,1384,4,3579471,3516985,236627,3816098,3753612,90.2574589393507,88.7795546561577,65
-7.6926,53.28823,2021/10/27 23:00:00+00,Thu 28 Oct 2021,2142,1640,2,3581613,3518625,236629,3818242,3755254,90.3081683267842,88.8183908567947,66
-7.6926,53.28823,2021/10/28 23:00:00+00,Fri 29 Oct 2021,2129,1314,0,3583742,3519939,236629,3820371,3756568,90.3585229377197,88.8494692780109,67
-7.6926,53.28823,2021/10/29 23:00:00+00,Sat 30 Oct 2021,2000,1420,0,3585742,3521359,236629,3822371,3757988,90.4058264707733,88.8830547864789,68
-7.6926,53.28823,2021/10/30 23:00:00+00,Sun 31 Oct 2021,1626,1308,0,3587368,3522667,236629,3823997,3759296,90.4442842431458,88.913991297096,69
-7.6926,53.28823,2021/11/01 00:00:00+00,Mon 01 Nov 2021,254,242,0,3587622,3522909,236629,3824251,3759538,90.4502917918436,88.9197150245955,70
-7.6926,53.28823,2021/11/02 00:00:00+00,Tue 02 Nov 2021,1084,1051,9,3588706,3523960,236638,3825344,3760598,90.4761431726574,88.9447858971139,71
-7.6926,53.28823,2021/11/03 00:00:00+00,Wed 03 Nov 2021,2537,1790,5,3591243,3525750,236643,3827886,3762393,90.5362659631685,88.9872408180295,72
-7.6926,53.28823,2021/11/04 00:00:00+00,Thu 04 Nov 2021,1550,1212,0,3592793,3526962,236643,3829436,3763605,90.572926201285,89.0159067590599,73
-7.6926,53.28823,2021/11/05 00:00:00+00,Fri 05 Nov 2021,1632,1011,0,3594425,3527973,236643,3831068,3764616,90.6115258842568,89.0398186950185,74
-7.6926,53.28823,2021/11/06 00:00:00+00,Sat 06 Nov 2021,1822,1315,5,3596247,3529288,236648,3832895,3765936,90.6547376617012,89.0710390268339,75
-7.6926,53.28823,2021/11/07 00:00:00+00,Sun 07 Nov 2021,729,764,0,3596976,3530052,236648,3833624,3766700,90.6719797994992,89.0891089764603,76
-7.6926,53.28823,2021/11/08 00:00:00+00,Mon 08 Nov 2021,509,487,1,3597485,3530539,236649,3834134,3767188,90.6840422004279,89.1006510385254,77
-7.6926,53.28823,2021/11/09 00:00:00+00,Tue 09 Nov 2021,1376,993,1,3598861,3531532,236650,3835511,3768182,90.7166106829353,89.124160894453,78
-7.6926,53.28823,2021/11/10 00:00:00+00,Wed 10 Nov 2021,1602,1293,0,3600463,3532825,236650,3837113,3769475,90.7545008129112,89.1547426285722,79
-7.6926,53.28823,2021/11/11 00:00:00+00,Thu 11 Nov 2021,1402,1046,1,3601865,3533871,236651,3838516,3770522,90.7876842413483,89.1795060281257,80
-7.6926,53.28823,2021/11/12 00:00:00+00,Fri 12 Nov 2021,1155,1077,5,3603020,3534948,236656,3839676,3771604,90.8151202905194,89.2050972395077,81
-7.6926,53.28823,2021/11/13 00:00:00+00,Sat 13 Nov 2021,1412,1329,0,3604432,3536277,236656,3841088,3772933,90.8485165848552,89.2365304372218,82
-7.6926,53.28823,2021/11/14 00:00:00+00,Sun 14 Nov 2021,1649,1798,0,3606081,3538075,236656,3842737,3774731,90.8875183478579,89.279056313437,83
-7.6926,53.28823,2021/11/15 00:00:00+00,Mon 15 Nov 2021,1251,549,0,3607332,3538624,236656,3843988,3775280,90.9171067077829,89.2920411332602,84
-7.6926,53.28823,2021/11/16 00:00:00+00,Tue 16 Nov 2021,1323,1019,4,3608655,3539643,236660,3845315,3776303,90.9484926019639,89.3162368904171,85
-7.6926,53.28823,2021/11/17 00:00:00+00,Wed 17 Nov 2021,1509,1049,0,3610164,3540692,236660,3846824,3777352,90.9841831176529,89.3410475935037,86
-7.6926,53.28823,2021/11/18 00:00:00+00,Thu 18 Nov 2021,1654,2429,5,3611818,3543121,236665,3848483,3779786,91.0234213983208,89.3986159932299,87
-7.6926,53.28823,2021/11/19 00:00:00+00,Fri 19 Nov 2021,1173,1458,0,3612991,3544579,236665,3849656,3781244,91.0511649204567,89.433100268826,88
-7.6926,53.28823,2021/11/20 00:00:00+00,Sat 20 Nov 2021,1530,2894,10,3614521,3547473,236675,3851196,3784148,91.087588640908,89.5017849988198,89
-7.6926,53.28823,2021/11/21 00:00:00+00,Sun 21 Nov 2021,1784,2749,0,3616305,3550222,236675,3852980,3786897,91.1297833923918,89.5668037050019,90
-7.6926,53.28823,2021/11/22 00:00:00+00,Mon 22 Nov 2021,709,461,2,3617014,3550683,236677,3853691,3787360,91.1465997983923,89.5777544729038,91
-7.6926,53.28823,2021/11/23 00:00:00+00,Tue 23 Nov 2021,2168,1527,4,3619182,3552210,236681,3855863,3788891,91.1979714352885,89.6139653274563,92
-7.6926,53.28823,2021/11/24 00:00:00+00,Wed 24 Nov 2021,1616,3069,0,3620798,3555279,236681,3857479,3791960,91.2361926899958,89.6865525989271,93
-7.6926,53.28823,2021/11/25 00:00:00+00,Thu 25 Nov 2021,1003,1101,0,3621801,3556380,236681,3858482,3793061,91.2599154118222,89.7125931938731,94
-7.6926,53.28823,2021/11/26 00:00:00+00,Fri 26 Nov 2021,1287,1051,13,3623088,3557431,236694,3859782,3794125,91.290662708307,89.7377586734576,95
-7.6926,53.28823,2021/11/27 00:00:00+00,Sat 27 Nov 2021,1229,1517,5,3624317,3558948,236699,3861016,3795647,91.3198489882011,89.7737566621113,96
-7.6926,53.28823,2020/12/28 00:00:00+00,Mon 28 Dec 2020,127,9,6,127,9,6,133,15,0.00314568494806309,0.000354776497901852,97
-7.6926,53.28823,2021/11/28 00:00:00+00,Sun 28 Nov 2021,1975,2244,0,3626292,3561192,236699,3862991,3797891,91.3665612270915,89.8268312261975,98
-7.6926,53.28823,2021/11/29 00:00:00+00,Mon 29 Nov 2021,540,956,1,3626832,3562148,236700,3863532,3798848,91.3793568327825,89.8494659667636,99
-7.6926,53.28823,2021/11/30 00:00:00+00,Tue 30 Nov 2021,1932,1578,6,3628764,3563726,236706,3865470,3800432,91.4251939563114,89.886930364942,100
-7.6926,53.28823,2021/12/01 00:00:00+00,Wed 01 Dec 2021,1136,1310,1,3629900,3565036,236707,3866607,3801743,91.4520860148524,89.9179378308586,101
-7.6926,53.28823,2021/12/02 00:00:00+00,Thu 02 Dec 2021,1802,1346,1,3631702,3566382,236708,3868410,3803090,91.4947301499002,89.9497967603702,102
-7.6926,53.28823,2021/12/03 00:00:00+00,Fri 03 Dec 2021,1017,1118,4,3632719,3567500,236712,3869431,3804212,91.518878603524,89.9763340424133,103
-7.6926,53.28823,2021/12/04 00:00:00+00,Sat 04 Dec 2021,1194,1658,0,3633913,3569158,236712,3870625,3805870,91.547118812757,90.0155486713147,104
-7.6926,53.28823,2021/12/05 00:00:00+00,Sun 05 Dec 2021,1351,1762,0,3635264,3570920,236712,3871976,3807632,91.5790723493347,90.0572230839349,105
-7.6926,53.28823,2021/12/06 00:00:00+00,Mon 06 Dec 2021,920,1235,0,3636184,3572155,236712,3872896,3808867,91.6008319745393,90.0864330155955,106
-7.6926,53.28823,2021/12/07 00:00:00+00,Tue 07 Dec 2021,468,680,1,3636652,3572835,236713,3873365,3809548,91.6119246530404,90.1025398686002,107
-7.6926,53.28823,2021/12/08 00:00:00+00,Wed 08 Dec 2021,800,1396,0,3637452,3574231,236713,3874165,3810944,91.6308460662618,90.1355577346717,108
-7.6926,53.28823,2021/12/09 00:00:00+00,Thu 09 Dec 2021,779,1118,0,3638231,3575349,236713,3874944,3812062,91.6492707923862,90.1620004096486,109
-7.6926,53.28823,2021/12/10 00:00:00+00,Fri 10 Dec 2021,849,1490,1,3639080,3576839,236714,3875794,3813553,91.669374793934,90.19726519354,110
-7.6926,53.28823,2021/12/11 00:00:00+00,Sat 11 Dec 2021,614,808,0,3639694,3577647,236714,3876408,3814361,91.6838969785814,90.2163758208937,111
-7.6926,53.28823,2021/12/12 00:00:00+00,Sun 12 Dec 2021,684,1184,0,3640378,3578831,236714,3877092,3815545,91.7000747868858,90.2443795124614,112
-7.6926,53.28823,2021/12/13 00:00:00+00,Mon 13 Dec 2021,695,988,0,3641073,3579819,236714,3877787,3816533,91.7165127646219,90.2677474577899,113
-7.6926,53.28823,2021/12/14 00:00:00+00,Tue 14 Dec 2021,590,1092,1,3641663,3580911,236715,3878378,3817626,91.7304909586392,90.2935988386037,114
-7.6926,53.28823,2021/12/15 00:00:00+00,Wed 15 Dec 2021,767,1120,1,3642430,3582031,236716,3879146,3818747,91.7486555153318,90.3201124688802,115
-7.6926,53.28823,2021/12/16 00:00:00+00,Thu 16 Dec 2021,982,1326,7,3643412,3583357,236723,3880135,3820080,91.7720471124268,90.3516402736604,116
-7.6926,53.28823,2021/12/17 00:00:00+00,Fri 17 Dec 2021,1144,2255,0,3644556,3585612,236723,3881279,3822335,91.7991047333334,90.4049750071783,117
-7.6926,53.28823,2021/12/18 00:00:00+00,Sat 18 Dec 2021,1220,1096,0,3645776,3586708,236723,3882499,3823431,91.8279598884961,90.4308973432917,118
-7.6926,53.28823,2021/12/19 00:00:00+00,Sun 19 Dec 2021,529,845,1,3646305,3587553,236724,3883029,3824277,91.8404953247553,90.4509067377733,119
-7.6926,53.28823,2021/12/20 00:00:00+00,Mon 20 Dec 2021,460,448,0,3646765,3588001,236724,3883489,3824725,91.8513751373576,90.4615027291773,120
-7.6926,53.28823,2021/12/21 00:00:00+00,Tue 21 Dec 2021,1303,1557,0,3648068,3589558,236724,3884792,3826282,91.882193389142,90.4983285296596,121
-7.6926,53.28823,2021/04/27 23:00:00+00,Wed 28 Apr 2021,25905,8516,1,1106934,447540,80,1107014,447620,26.182836669888,10.5870037327218,122
-7.6926,53.28823,2021/04/28 23:00:00+00,Thu 29 Apr 2021,31577,11250,0,1138511,458790,80,1138591,458870,26.9296885015045,10.8530861061482,123
-7.6926,53.28823,2021/04/29 23:00:00+00,Fri 30 Apr 2021,35964,13459,0,1174475,472249,80,1174555,472329,27.780300632874,11.1714152318323,124
-7.6926,53.28823,2021/04/30 23:00:00+00,Sat 01 May 2021,16410,6618,2,1190885,478867,82,1190967,478949,28.1684734251116,11.3279899262396,125
-7.6926,53.28823,2021/05/01 23:00:00+00,Sun 02 May 2021,12324,867,2,1203209,479734,84,1203293,479818,28.4600050993209,11.3485433113514,126
-7.6926,53.28823,2021/05/02 23:00:00+00,Mon 03 May 2021,14121,860,3,1217330,480594,87,1217417,480681,28.7940626497452,11.368954785864,127
-7.6926,53.28823,2021/05/03 23:00:00+00,Tue 04 May 2021,26467,6702,1,1243797,487296,88,1243885,487384,29.4200776061763,11.5274925768931,128
-7.6926,53.28823,2021/05/04 23:00:00+00,Wed 05 May 2021,31899,13341,63,1275696,500637,151,1275847,500788,30.1760353679056,11.8445208554182,129
-7.6926,53.28823,2021/05/05 23:00:00+00,Thu 06 May 2021,37097,14286,120,1312793,514923,271,1313064,515194,31.0562831627331,12.1852482040031,130
-7.6926,53.28823,2021/05/06 23:00:00+00,Fri 07 May 2021,40398,14980,82,1353191,529903,353,1353544,530256,32.0137066717376,12.5414911114296,131
-7.6926,53.28823,2021/05/07 23:00:00+00,Sat 08 May 2021,25431,6970,2,1378622,536873,355,1378977,537228,32.6152420498135,12.7063912276544,132
-7.6926,53.28823,2021/05/08 23:00:00+00,Sun 09 May 2021,19559,873,1,1398181,537746,356,1398537,538102,33.0778706030775,12.7270628715988,133
-7.6926,53.28823,2021/05/09 23:00:00+00,Mon 10 May 2021,28623,4541,160,1426804,542287,516,1427320,542803,33.7586393990181,12.8382498260413,134
-7.6926,53.28823,2021/05/10 23:00:00+00,Tue 11 May 2021,34150,14733,145,1460954,557020,661,1461615,557681,34.5697767320543,13.1901408084268,135
-7.6926,53.28823,2021/05/11 23:00:00+00,Wed 12 May 2021,31054,20831,148,1492008,577851,809,1492817,578660,35.3077591512232,13.6863312183924,136
-7.6926,53.28823,2021/05/12 23:00:00+00,Thu 13 May 2021,35786,25396,135,1527794,603247,944,1528738,604191,36.1573542566321,14.2901844695878,137
-7.6926,53.28823,2021/05/13 23:00:00+00,Fri 14 May 2021,37993,27877,221,1565787,631124,1165,1566952,632289,37.0611828626868,14.9547518054576,138
-7.6926,53.28823,2021/05/14 23:00:00+00,Sat 15 May 2021,28642,12359,6,1594429,643483,1171,1595600,644654,37.7387586701463,15.2472058985614,139
-7.6926,53.28823,2021/05/15 23:00:00+00,Sun 16 May 2021,23020,1121,1,1617449,644604,1172,1618621,645776,38.2832459873595,15.2737431806044,140
-7.6926,53.28823,2021/05/16 23:00:00+00,Mon 17 May 2021,35207,3877,105,1652656,648481,1277,1653933,649758,39.1184371669536,15.3679245149141,141
-7.6926,53.28823,2021/05/17 23:00:00+00,Tue 18 May 2021,38825,12383,111,1691481,660864,1388,1692869,662252,40.0393423484407,15.6634296858998,142
-7.6926,53.28823,2021/05/18 23:00:00+00,Wed 19 May 2021,36789,17498,195,1728270,678362,1583,1729853,679945,40.9140792816675,16.0819003910583,143
-7.6926,53.28823,2021/05/19 23:00:00+00,Thu 20 May 2021,38861,19562,109,1767131,697924,1692,1768823,699616,41.8357886232165,16.5471542904068,144
-7.6926,53.28823,2021/05/20 23:00:00+00,Fri 21 May 2021,25606,23128,14909,1792737,721052,16601,1809338,737653,42.7940399440494,17.4467965337863,145
-7.6926,53.28823,2021/05/21 23:00:00+00,Sat 22 May 2021,16397,10173,13491,1809134,731225,30092,1839226,761317,43.5009439420021,18.0064919368763,146
-7.6926,53.28823,2021/05/22 23:00:00+00,Sun 23 May 2021,8079,5480,10191,1817213,736705,40283,1857496,776988,43.9330617164465,18.3771387701176,147
-7.6926,53.28823,2021/05/23 23:00:00+00,Mon 24 May 2021,22312,8112,8427,1839525,744817,48710,1888235,793527,44.6600933677135,18.7683153367042,148
-7.6926,53.28823,2021/05/24 23:00:00+00,Tue 25 May 2021,30067,16387,3207,1869592,761204,51917,1921509,813121,45.447082247126,19.2317480500301,149
-7.6926,53.28823,2021/05/25 23:00:00+00,Wed 26 May 2021,19692,25317,3029,1889284,786521,54946,1944230,841467,45.9844740343812,19.9021810239985,150
-7.6926,53.28823,2021/05/26 23:00:00+00,Thu 27 May 2021,16752,35879,540,1906036,822400,55486,1961522,877886,46.3934603811624,20.7635547091377,151
-7.6926,53.28823,2021/05/27 23:00:00+00,Fri 28 May 2021,26771,31721,1515,1932807,854121,57001,1989808,911122,47.0624742491392,21.5496448214221,152
-7.6926,53.28823,2021/05/28 23:00:00+00,Sat 29 May 2021,24265,7323,497,1957072,861444,57498,2014570,918942,47.6481392918756,21.7346016356616,153
-7.6926,53.28823,2021/05/29 23:00:00+00,Sun 30 May 2021,24083,1615,185,1981155,863059,57683,2038838,920742,48.2221203619477,21.7771748154098,154
-7.6926,53.28823,2021/05/30 23:00:00+00,Mon 31 May 2021,22294,7235,3411,2003449,870294,61094,2064543,931388,48.8300890205189,22.028971521854,155
-7.6926,53.28823,2021/05/31 23:00:00+00,Tue 01 Jun 2021,27195,11386,3619,2030644,881680,64713,2095357,946393,49.5588945542754,22.3838662785885,156
-7.6926,53.28823,2021/06/01 23:00:00+00,Wed 02 Jun 2021,18379,20771,3971,2049023,902451,68684,2117707,971135,50.0875115361491,22.9690582859943,157
-7.6926,53.28823,2021/06/02 23:00:00+00,Thu 03 Jun 2021,16451,30567,1953,2065474,933018,70637,2136111,1003655,50.5227986473082,23.7382137334455,158
-7.6926,53.28823,2021/06/03 23:00:00+00,Fri 04 Jun 2021,28770,23216,118,2094244,956234,70755,2164999,1026989,51.2060508787341,24.2901040535817,159
-7.6926,53.28823,2021/06/04 23:00:00+00,Sat 05 Jun 2021,20691,11381,4,2114935,967615,70759,2185694,1038374,51.695524187006,24.5593794154892,160
-7.6926,53.28823,2021/06/05 23:00:00+00,Sun 06 Jun 2021,19739,3813,8,2134674,971428,70767,2205441,1042195,52.1625756206105,24.649752815388,161
-7.6926,53.28823,2021/06/06 23:00:00+00,Mon 07 Jun 2021,19538,4422,3,2154212,975850,70770,2224982,1046620,52.6247547903105,24.7544118822691,162
-7.6926,53.28823,2021/06/07 23:00:00+00,Tue 08 Jun 2021,26276,18403,13,2180488,994253,70783,2251271,1065036,53.2465360805333,25.1899828146264,163
-7.6926,53.28823,2021/06/08 23:00:00+00,Wed 09 Jun 2021,32591,19963,143,2213079,1014216,70926,2284005,1085142,54.0207530060213,25.6655252324141,164
-7.6926,53.28823,2021/06/09 23:00:00+00,Thu 10 Jun 2021,27415,27327,235,2240494,1041543,71161,2311655,1112704,54.674724350487,26.3174152214255,165
-7.6926,53.28823,2021/06/10 23:00:00+00,Fri 11 Jun 2021,26195,32747,5,2266689,1074290,71166,2337855,1145456,55.2944006334889,27.0920578787109,166
-7.6926,53.28823,2021/06/11 23:00:00+00,Sat 12 Jun 2021,11964,19581,76,2278653,1093871,71242,2349895,1165113,55.5791679024715,27.556980653328,167
-7.6926,53.28823,2021/06/12 23:00:00+00,Sun 13 Jun 2021,8402,18084,811,2287055,1111955,72053,2359108,1184008,55.7970716274828,28.0038807818517,168
-7.6926,53.28823,2021/06/13 23:00:00+00,Mon 14 Jun 2021,15784,31129,13,2302839,1143084,72066,2374905,1215150,56.1706985833065,28.740444095029,169
-7.6926,53.28823,2021/06/14 23:00:00+00,Tue 15 Jun 2021,14433,41318,179,2317272,1184402,72245,2389517,1256647,56.5162981957959,29.7219214505912,170
-7.6926,53.28823,2021/06/15 23:00:00+00,Wed 16 Jun 2021,13161,48131,190,2330433,1232533,72435,2402868,1304968,56.8320729306951,30.8647984609322,171
-7.6926,53.28823,2021/06/16 23:00:00+00,Thu 17 Jun 2021,21295,42459,499,2351728,1274992,72934,2424662,1347926,57.34753953038,31.8808310473901,172
-7.6926,53.28823,2021/06/17 23:00:00+00,Fri 18 Jun 2021,11810,49844,522,2363538,1324836,73456,2436994,1398292,57.6392131151884,33.0720759202784,173
-7.6926,53.28823,2021/06/18 23:00:00+00,Sat 19 Jun 2021,6084,32628,401,2369622,1357464,73857,2443479,1431321,57.7925948211146,33.8532701168918,174
-7.6926,53.28823,2021/06/19 23:00:00+00,Sun 20 Jun 2021,8349,26029,158,2377971,1383493,74015,2451986,1457508,57.993800398958,34.4726389269288,175
-7.6926,53.28823,2021/06/20 23:00:00+00,Mon 21 Jun 2021,15226,32129,534,2393197,1415622,74549,2467746,1490171,58.3665522394202,35.2451765769934,176
-7.6926,53.28823,2021/06/21 23:00:00+00,Tue 22 Jun 2021,14892,43343,686,2408089,1458965,75235,2483324,1534200,58.7349994583745,36.2865402054014,177
-7.6926,53.28823,2021/06/22 23:00:00+00,Wed 23 Jun 2021,19806,39143,851,2427895,1498108,76086,2503981,1574194,59.2235739995185,37.2324689558738,178
-7.6926,53.28823,2021/06/23 23:00:00+00,Thu 24 Jun 2021,18787,44032,1002,2446682,1542140,77088,2523770,1619228,59.6916188073171,38.2976026096413,179
-7.6926,53.28823,2021/06/24 23:00:00+00,Fri 25 Jun 2021,14933,49907,788,2461615,1592047,77876,2539491,1669923,60.0634482288848,39.4966289137169,180
-7.6926,53.28823,2021/06/25 23:00:00+00,Sat 26 Jun 2021,8807,30331,452,2470422,1622378,78328,2548750,1700706,60.2824399351563,40.2247012427111,181
-7.6926,53.28823,2021/06/26 23:00:00+00,Sun 27 Jun 2021,8571,30310,32,2478993,1652688,78360,2557353,1731048,60.4859160825863,40.942343142667,182
-7.6926,53.28823,2021/06/27 23:00:00+00,Mon 28 Jun 2021,23996,24398,458,2502989,1677086,78818,2581807,1755904,61.0642963812324,41.5302314514569,183
-7.6926,53.28823,2021/06/28 23:00:00+00,Tue 29 Jun 2021,27865,30751,755,2530854,1707837,79573,2610427,1787410,61.7412099392291,42.2754040076499,184
-7.6926,53.28823,2021/06/29 23:00:00+00,Wed 30 Jun 2021,22269,36554,530,2553123,1744391,80103,2633226,1824494,62.2804465642734,43.1525061175294,185
-7.6926,53.28823,2021/06/30 23:00:00+00,Thu 01 Jul 2021,14607,48092,586,2567730,1792483,80689,2648419,1873172,62.639787853115,44.3038268085205,186
-7.6926,53.28823,2021/07/01 23:00:00+00,Fri 02 Jul 2021,13355,47009,770,2581085,1839492,81459,2662544,1920951,62.9738690553059,45.433884561404,187
-7.6926,53.28823,2021/07/02 23:00:00+00,Sat 03 Jul 2021,9099,30212,459,2590184,1869704,81918,2672102,1951622,63.1999326397689,46.1593078925472,188
-7.6926,53.28823,2021/07/03 23:00:00+00,Sun 04 Jul 2021,6286,27646,196,2596470,1897350,82114,2678584,1979464,63.3532433903956,46.8178203761861,189
-7.6926,53.28823,2021/07/04 23:00:00+00,Mon 05 Jul 2021,15242,33103,5302,2611712,1930453,87416,2699128,2017869,63.839145281922,47.7261664696475,190
-7.6926,53.28823,2021/07/05 23:00:00+00,Tue 06 Jul 2021,12126,48122,5438,2623838,1978575,92854,2716692,2071429,64.2545649091985,48.9929550848223,191
-7.6926,53.28823,2021/07/06 23:00:00+00,Wed 07 Jul 2021,19421,43427,4991,2643259,2022002,97845,2741104,2119847,64.8319518336505,50.1381263165164,192
-7.6926,53.28823,2021/07/07 23:00:00+00,Thu 08 Jul 2021,17535,45307,5942,2660794,2067309,103787,2764581,2171096,65.3872243564,51.3502556992479,193
-7.6926,53.28823,2021/07/08 23:00:00+00,Fri 09 Jul 2021,13291,44803,6492,2674085,2112112,110279,2784364,2222391,65.8551272535994,52.5634730632396,194
-7.6926,53.28823,2021/07/09 23:00:00+00,Sat 10 Jul 2021,8420,23594,4317,2682505,2135706,114596,2797101,2250302,66.1563798038512,53.2236175187689,195
-7.6926,53.28823,2021/07/10 23:00:00+00,Sun 11 Jul 2021,15095,15954,2129,2697600,2151660,116725,2814325,2268385,66.5637578305086,53.6513124128728,196
-7.6926,53.28823,2021/07/11 23:00:00+00,Mon 12 Jul 2021,16920,31442,6037,2714520,2183102,122762,2837282,2305864,67.1067314346641,54.5377569705304,197
-7.6926,53.28823,2021/07/12 23:00:00+00,Tue 13 Jul 2021,19888,36217,8444,2734408,2219319,131206,2865614,2350525,67.7768332839011,55.5940685153833,198
-7.6926,53.28823,2021/07/13 23:00:00+00,Wed 14 Jul 2021,20590,35343,9287,2754998,2254662,140493,2895491,2395155,68.4834771124221,56.649646855474,199
-7.6926,53.28823,2021/07/14 23:00:00+00,Thu 15 Jul 2021,23399,28496,9522,2778397,2283158,150015,2928412,2433173,69.2621169182505,57.5488397152895,200
-7.6926,53.28823,2021/07/15 23:00:00+00,Fri 16 Jul 2021,23351,27053,9118,2801748,2310211,159133,2960881,2469344,70.0300661256089,58.40434776233,201
-7.6926,53.28823,2021/07/16 23:00:00+00,Sat 17 Jul 2021,11357,19140,4631,2813105,2329351,163764,2976869,2493115,70.4082105688392,58.9665739044383,202
-7.6926,53.28823,2021/07/17 23:00:00+00,Sun 18 Jul 2021,16741,15607,1908,2829846,2344958,165672,2995518,2510630,70.8492923627973,59.3808345951551,203
-7.6926,53.28823,2021/07/18 23:00:00+00,Mon 19 Jul 2021,24667,18079,6192,2854513,2363037,171864,3026377,2534901,71.5791622260475,59.9548866205268,204
-7.6926,53.28823,2021/07/19 23:00:00+00,Tue 20 Jul 2021,30378,17770,7652,2884891,2380807,179516,3064407,2560323,72.4786389070613,60.5561618291709,205
-7.6926,53.28823,2021/07/20 23:00:00+00,Wed 21 Jul 2021,30097,19495,6831,2914988,2400302,186347,3101335,2586649,73.3520513413626,61.1788182347551,206
-7.6926,53.28823,2021/07/21 23:00:00+00,Thu 22 Jul 2021,33321,15573,6881,2948309,2415875,193228,3141537,2609103,74.3028996592727,61.7098950003477,207
-7.6926,53.28823,2021/07/22 23:00:00+00,Fri 23 Jul 2021,26906,20462,5549,2975215,2436337,198777,3173992,2635114,75.0705177418996,62.325101099476,208
-7.6926,53.28823,2021/07/23 23:00:00+00,Sat 24 Jul 2021,15311,14505,2233,2990526,2450842,201010,3191536,2651852,75.4854643338456,62.7209843676014,209
-7.6926,53.28823,2021/07/24 23:00:00+00,Sun 25 Jul 2021,14629,13465,1016,3005155,2464307,202026,3207181,2666333,75.8554962211573,63.0634855986759,210
-7.6926,53.28823,2021/07/25 23:00:00+00,Mon 26 Jul 2021,23675,17825,3371,3028830,2482132,205397,3234227,2687529,76.4951818986408,63.5648084419777,211
-7.6926,53.28823,2021/07/26 23:00:00+00,Tue 27 Jul 2021,25300,23460,3612,3054130,2505592,209009,3263139,2714601,77.1790017724634,64.205109065391,212
-7.6926,53.28823,2021/07/27 23:00:00+00,Wed 28 Jul 2021,23261,24924,3226,3077391,2530516,212235,3289626,2742751,77.8054661124585,64.8709062931201,213
-7.6926,53.28823,2021/07/28 23:00:00+00,Thu 29 Jul 2021,19120,27515,2920,3096511,2558031,215155,3311666,2773186,78.3267510467089,65.590747807363,214
-7.6926,53.28823,2021/07/29 23:00:00+00,Fri 30 Jul 2021,21772,22559,2080,3118283,2580590,217235,3335518,2797825,78.8908929819059,66.1735036828166,215
-7.6926,53.28823,2021/07/30 23:00:00+00,Sat 31 Jul 2021,13623,12189,883,3131906,2592779,218118,3350024,2810897,79.2339855071435,66.4826795748548,216
-7.6926,53.28823,2021/07/31 23:00:00+00,Sun 01 Aug 2021,10980,9137,355,3142886,2601916,218473,3361359,2820389,79.5020782807247,66.7071821427271,217
-7.6926,53.28823,2021/08/01 23:00:00+00,Mon 02 Aug 2021,14875,15644,395,3157761,2617560,218868,3376629,2836428,79.8632407555888,67.0865328260502,218
-7.6926,53.28823,2021/08/02 23:00:00+00,Tue 03 Aug 2021,17194,25105,1084,3174955,2642665,219952,3394907,2862617,80.2955477441655,67.7059489396204,219
-7.6926,53.28823,2021/08/03 23:00:00+00,Wed 04 Aug 2021,21949,16931,1555,3196904,2659596,221507,3418411,2881103,80.8514588646111,68.1431754956346,220
-7.6926,53.28823,2021/08/04 23:00:00+00,Thu 05 Aug 2021,13373,29715,1402,3210277,2689311,222909,3433186,2912220,81.2009137150445,68.8791475146487,221
-7.6926,53.28823,2021/08/05 23:00:00+00,Fri 06 Aug 2021,12034,24428,923,3222311,2713739,223832,3446143,2937571,81.5073696539321,69.4787434478694,222
-7.6926,53.28823,2021/08/06 23:00:00+00,Sat 07 Aug 2021,6253,8199,560,3228564,2721938,224392,3452956,2946330,81.6685091392791,69.6859092708775,223
-7.6926,53.28823,2021/08/07 23:00:00+00,Sun 08 Aug 2021,8547,11790,142,3237111,2733728,224534,3461645,2958262,81.8740193386304,69.9681221490752,224
-7.6926,53.28823,2021/08/08 23:00:00+00,Mon 09 Aug 2021,5439,22710,585,3242550,2756438,225119,3467669,2981557,82.0164975801878,70.5190900503168,225
-7.6926,53.28823,2021/08/09 23:00:00+00,Tue 10 Aug 2021,9210,25668,689,3251760,2782106,225808,3477568,3007914,82.2506264170365,71.1424796606634,226
-7.6926,53.28823,2021/08/10 23:00:00+00,Wed 11 Aug 2021,6909,30906,633,3258669,2813012,226441,3485110,3039453,82.4290080401815,71.8884327251518,227
-7.6926,53.28823,2021/08/11 23:00:00+00,Thu 12 Aug 2021,6642,37990,849,3265311,2851002,227290,3492601,3078292,82.6061834232337,72.8070436852858,228
-7.6926,53.28823,2021/08/12 23:00:00+00,Fri 13 Aug 2021,10804,27940,843,3276115,2878942,228133,3504248,3107075,82.8816555479712,73.4878124812264,229
-7.6926,53.28823,2021/08/13 23:00:00+00,Sat 14 Aug 2021,18043,5647,267,3294158,2884589,228400,3522558,3112989,83.3147193930768,73.6276890284659,230
-7.6926,53.28823,2021/08/14 23:00:00+00,Sun 15 Aug 2021,16955,3608,39,3311113,2888197,228439,3539552,3116636,83.716657513433,73.713947020989,231
-7.6926,53.28823,2021/08/15 23:00:00+00,Mon 16 Aug 2021,10102,22879,351,3321215,2911076,228790,3550005,3139866,83.9638894289375,74.2633775574064,232
-7.6926,53.28823,2021/08/16 23:00:00+00,Tue 17 Aug 2021,12785,26613,512,3334000,2937689,229302,3563302,3166991,84.2783869684443,74.9049317244456,233
-7.6926,53.28823,2021/08/17 23:00:00+00,Wed 18 Aug 2021,15140,25519,645,3349140,2963208,229947,3579087,3193155,84.6517301030697,75.5237565438525,234
-7.6926,53.28823,2021/08/18 23:00:00+00,Thu 19 Aug 2021,11295,25457,524,3360435,2988665,230471,3590906,3219136,84.9312703316498,76.138253089985,235
-7.6926,53.28823,2021/08/19 23:00:00+00,Fri 20 Aug 2021,14751,22025,665,3375186,3010690,231136,3606322,3241826,85.2958859644268,76.6749116724779,236
-7.6926,53.28823,2021/08/20 23:00:00+00,Sat 21 Aug 2021,11801,7821,226,3386987,3018511,231362,3618349,3249873,85.5803457604445,76.865237437719,237
-7.6926,53.28823,2021/08/21 23:00:00+00,Sun 22 Aug 2021,7984,12163,156,3394971,3030674,231518,3626489,3262192,85.7728711399726,77.1566035495625,238
-7.6926,53.28823,2021/08/22 23:00:00+00,Mon 23 Aug 2021,10800,15159,271,3405771,3045833,231789,3637560,3277622,86.0347198471907,77.5215503070709,239
-7.6926,53.28823,2021/08/23 23:00:00+00,Tue 24 Aug 2021,9643,22710,369,3415414,3068543,232158,3647572,3300701,86.2715213336569,78.0674094267427,240
-7.6926,53.28823,2020/12/29 00:00:00+00,Tue 29 Dec 2020,69,1,0,196,10,6,202,16,0.0047776568384116,0.000378428264428642,241
-7.6926,53.28823,2020/12/30 00:00:00+00,Wed 30 Dec 2020,1048,0,0,1244,10,6,1250,16,0.0295647081584877,0.000378428264428642,242
-7.6926,53.28823,2020/12/31 00:00:00+00,Thu 31 Dec 2020,1022,1,0,2266,11,6,2272,17,0.0537368135488671,0.000402080030955432,243
-7.6926,53.28823,2021/01/01 00:00:00+00,Fri 01 Jan 2021,797,0,0,3063,11,6,3069,17,0.0725872714707189,0.000402080030955432,244
-7.6926,53.28823,2021/01/02 00:00:00+00,Sat 02 Jan 2021,1010,0,0,4073,11,6,4079,17,0.0964755556627769,0.000402080030955432,245
-7.6926,53.28823,2021/01/03 00:00:00+00,Sun 03 Jan 2021,16,0,0,4089,11,6,4095,17,0.0968539839272055,0.000402080030955432,246
-7.6926,53.28823,2021/01/04 00:00:00+00,Mon 04 Jan 2021,1172,1,0,5261,12,6,5267,18,0.124573854296604,0.000425731797482222,247
-7.6926,53.28823,2021/01/05 00:00:00+00,Tue 05 Jan 2021,3499,3,0,8760,15,6,8766,21,0.207331385373842,0.000496687097062593,248
-7.6926,53.28823,2021/01/06 00:00:00+00,Wed 06 Jan 2021,6746,3,0,15506,18,6,15512,24,0.366886202363568,0.000567642396642963,249
-7.6926,53.28823,2021/01/07 00:00:00+00,Thu 07 Jan 2021,11702,3,0,27208,21,6,27214,27,0.643659174260066,0.000638597696223333,250
-7.6926,53.28823,2021/01/08 00:00:00+00,Fri 08 Jan 2021,12652,3,0,39860,24,6,39866,30,0.942901324357015,0.000709552995803704,251
-7.6926,53.28823,2021/01/09 00:00:00+00,Sat 09 Jan 2021,8061,3,0,47921,27,6,47927,33,1.13355821432947,0.000780508295384074,252
-7.6926,53.28823,2021/01/10 00:00:00+00,Sun 10 Jan 2021,4755,1,1,52676,28,7,52683,35,1.24604601593088,0.000827811828437654,253
-7.6926,53.28823,2021/01/11 00:00:00+00,Mon 11 Jan 2021,8318,3,0,60994,31,7,61001,38,1.44278140990072,0.000898767128018024,254
-7.6926,53.28823,2021/01/12 00:00:00+00,Tue 12 Jan 2021,8843,4,0,69837,35,7,69844,42,1.65193398129713,0.000993374194125185,255
-7.6926,53.28823,2021/01/13 00:00:00+00,Wed 13 Jan 2021,9848,2,0,79685,37,7,79692,44,1.88485657805296,0.00104067772717877,256
-7.6926,53.28823,2021/01/14 00:00:00+00,Thu 14 Jan 2021,8040,2,0,87725,39,7,87732,46,2.07501678092835,0.00108798126023235,257
-7.6926,53.28823,2021/01/15 00:00:00+00,Fri 15 Jan 2021,7643,2,0,95368,41,7,95375,48,2.25578723249261,0.00113528479328593,258
-7.6926,53.28823,2021/01/16 00:00:00+00,Sat 16 Jan 2021,5202,2,0,100570,43,7,100577,50,2.37882372196497,0.00118258832633951,259
-7.6926,53.28823,2021/01/17 00:00:00+00,Sun 17 Jan 2021,1097,4,0,101667,47,7,101674,54,2.40476970984486,0.00127719539244667,260
-7.6926,53.28823,2021/01/18 00:00:00+00,Mon 18 Jan 2021,8668,4,0,110335,51,7,110342,58,2.60978322209908,0.00137180245855383,261
-7.6926,53.28823,2021/01/19 00:00:00+00,Tue 19 Jan 2021,8349,15,0,118684,66,7,118691,73,2.80725182083125,0.00172657895645568,262
-7.6926,53.28823,2021/01/20 00:00:00+00,Wed 20 Jan 2021,8420,955,0,127104,1021,7,127111,1028,3.00639969498682,0.0243140159895402,263
-7.6926,53.28823,2021/01/21 00:00:00+00,Thu 21 Jan 2021,8949,955,0,136053,1976,7,136060,1983,3.21805935363506,0.0469014530226248,264
-7.6926,53.28823,2021/01/22 00:00:00+00,Fri 22 Jan 2021,6727,961,0,142780,2937,7,142787,2944,3.37716478706078,0.0696308006548701,265
-7.6926,53.28823,2021/01/23 00:00:00+00,Sat 23 Jan 2021,4151,456,0,146931,3393,7,146938,3400,3.47534326991349,0.0804160061910864,266
-7.6926,53.28823,2021/01/24 00:00:00+00,Sun 24 Jan 2021,1166,393,0,148097,3786,7,148104,3793,3.50292122968372,0.0897111504361149,267
-7.6926,53.28823,2021/01/25 00:00:00+00,Mon 25 Jan 2021,1325,1281,0,149422,5067,7,149429,5074,3.53425982033172,0.120009063356933,268
-7.6926,53.28823,2021/01/26 00:00:00+00,Tue 26 Jan 2021,978,3493,0,150400,8560,7,150407,8567,3.55739124799492,0.202624683835011,269
-7.6926,53.28823,2021/01/27 00:00:00+00,Wed 27 Jan 2021,2138,6692,0,152538,15252,7,152545,15259,3.6079587248292,0.36090230543229,270
-7.6926,53.28823,2021/01/28 00:00:00+00,Thu 28 Jan 2021,946,11536,0,153484,26788,7,153491,26795,3.63033329596354,0.633749084085341,271
-7.6926,53.28823,2021/01/29 00:00:00+00,Fri 29 Jan 2021,1533,11520,0,155017,38308,7,155024,38315,3.66659145404911,0.906217434473963,272
-7.6926,53.28823,2021/01/30 00:00:00+00,Sat 30 Jan 2021,601,7792,0,155618,46100,7,155625,46107,3.68080616573171,1.09051199925071,273
-7.6926,53.28823,2021/01/31 00:00:00+00,Sun 31 Jan 2021,204,4079,0,155822,50179,7,155829,50186,3.68563112610318,1.18698755491349,274
-7.6926,53.28823,2021/02/01 00:00:00+00,Mon 01 Feb 2021,970,8328,0,156792,58507,7,156799,58514,3.70857333963416,1.3839594665486,275
-7.6926,53.28823,2021/02/02 00:00:00+00,Tue 02 Feb 2021,788,5097,0,157580,63604,7,157587,63611,3.72721093165727,1.50451252053565,276
-7.6926,53.28823,2021/02/03 00:00:00+00,Wed 03 Feb 2021,1357,6855,0,158937,70459,7,158944,70466,3.75930637883413,1.66664538007679,277
-7.6926,53.28823,2021/02/04 00:00:00+00,Thu 04 Feb 2021,1382,10528,0,160319,80987,7,160326,80994,3.79199312017415,1.91565117807084,278
-7.6926,53.28823,2021/02/05 00:00:00+00,Fri 05 Feb 2021,3357,8598,0,163676,89585,7,163683,89592,3.87139210040459,2.11900906666818,279
-7.6926,53.28823,2021/02/06 00:00:00+00,Sat 06 Feb 2021,871,3859,0,164547,93444,7,164554,93451,3.89199278904942,2.21028123369506,280
-7.6926,53.28823,2021/02/07 00:00:00+00,Sun 07 Feb 2021,305,1292,0,164852,94736,7,164859,94743,3.89920657784009,2.24083931604768,281
-7.6926,53.28823,2021/02/08 00:00:00+00,Mon 08 Feb 2021,1122,869,0,165974,95605,7,165981,95612,3.92574385988315,2.26139270115946,282
-7.6926,53.28823,2021/02/09 00:00:00+00,Tue 09 Feb 2021,4198,527,0,170172,96132,7,170179,96139,4.02503397576262,2.27385718211908,283
-7.6926,53.28823,2021/02/10 00:00:00+00,Wed 10 Feb 2021,8788,573,0,178960,96705,7,178967,96712,4.23288570000005,2.28740964433893,284
-7.6926,53.28823,2021/02/11 00:00:00+00,Thu 11 Feb 2021,6128,429,0,185088,97134,7,185095,97141,4.37782372527622,2.29755625217892,285
-7.6926,53.28823,2021/02/12 00:00:00+00,Fri 12 Feb 2021,4354,515,0,189442,97649,7,189449,97656,4.48080351673386,2.30973691194022,286
-7.6926,53.28823,2021/02/13 00:00:00+00,Sat 13 Feb 2021,1180,1908,0,190622,99557,7,190629,99564,4.50871260123547,2.35486448247333,287
-7.6926,53.28823,2021/02/14 00:00:00+00,Sun 14 Feb 2021,2670,17,0,193292,99574,7,193299,99581,4.571862817862,2.35526656250429,288
-7.6926,53.28823,2021/02/15 00:00:00+00,Mon 15 Feb 2021,1923,7862,0,195215,107436,7,195222,107443,4.61734516489302,2.54121675093791,289
-7.6926,53.28823,2021/02/16 00:00:00+00,Tue 16 Feb 2021,5593,8142,0,200808,115578,7,200815,115585,4.74962949507736,2.73378943399904,290
-7.6926,53.28823,2021/02/17 00:00:00+00,Wed 17 Feb 2021,9696,8456,0,210504,124034,7,210511,124041,4.97895702332112,2.93378877174957,291
-7.6926,53.28823,2021/02/18 00:00:00+00,Thu 18 Feb 2021,8428,8324,0,218932,132358,7,218939,132365,5.1782941116089,3.13066607631857,292
-7.6926,53.28823,2021/02/19 00:00:00+00,Fri 19 Feb 2021,9359,6562,0,228291,138920,7,228298,138927,5.39965099453313,3.28586896826737,293
-7.6926,53.28823,2021/02/20 00:00:00+00,Sat 20 Feb 2021,5852,3559,1,234143,142479,8,234151,142487,5.53808478401443,3.37006925710274,294
-7.6926,53.28823,2021/02/21 00:00:00+00,Sun 21 Feb 2021,1085,1016,4,235228,143495,12,235240,143507,5.56384155776211,3.39419405896007,295
-7.6926,53.28823,2021/02/22 00:00:00+00,Mon 22 Feb 2021,3908,1098,1,239136,144593,13,239149,144606,5.65629631311533,3.42018735037301,296
-7.6926,53.28823,2021/02/23 00:00:00+00,Tue 23 Feb 2021,13319,1052,0,252455,145645,13,252468,145658,5.97131419148565,3.4450690087592,297
-7.6926,53.28823,2021/02/24 00:00:00+00,Wed 24 Feb 2021,16882,2079,2,269337,147724,15,269352,147739,6.37065061752397,3.49428833490145,298
-7.6926,53.28823,2021/02/25 00:00:00+00,Thu 25 Feb 2021,18004,1734,1,287341,149458,16,287357,149474,6.79650067383883,3.53532414982543,299
-7.6926,53.28823,2021/02/26 00:00:00+00,Fri 26 Feb 2021,16033,2743,0,303374,152201,16,303390,152217,7.17570944656285,3.60020094540841,300
-7.6926,53.28823,2021/02/27 00:00:00+00,Sat 27 Feb 2021,8940,697,1,312314,152898,17,312331,152915,7.38717989107889,3.61670987844411,301
-7.6926,53.28823,2021/02/28 00:00:00+00,Sun 28 Feb 2021,2416,46,1,314730,152944,18,314748,152962,7.44434621077414,3.61782151147087,302
-7.6926,53.28823,2021/03/01 00:00:00+00,Mon 01 Mar 2021,5533,774,0,320263,153718,18,320281,153736,7.57521143496687,3.63612797876261,303
-7.6926,53.28823,2021/03/02 00:00:00+00,Tue 02 Mar 2021,12120,1587,0,332383,155305,18,332401,155323,7.86187084527156,3.67366333224062,304
-7.6926,53.28823,2021/03/03 00:00:00+00,Wed 03 Mar 2021,12798,1484,1,345181,156789,19,345200,156808,8.16458980504795,3.70878620553291,305
-7.6926,53.28823,2021/03/04 00:00:00+00,Thu 04 Mar 2021,18647,1670,1,363828,158459,20,363848,158479,8.60564794723953,3.74830830739917,306
-7.6926,53.28823,2021/03/05 00:00:00+00,Fri 05 Mar 2021,18366,2376,2,382194,160835,22,382216,160857,9.04008359480361,3.80455220819988,307
-7.6926,53.28823,2021/03/06 00:00:00+00,Sat 06 Mar 2021,10363,124,0,392557,160959,22,392579,160981,9.28518685132074,3.8074850272492,308
-7.6926,53.28823,2021/03/07 00:00:00+00,Sun 07 Mar 2021,1479,6,0,394036,160965,22,394058,160987,9.32016781401386,3.80762693784836,309
-7.6926,53.28823,2021/03/08 00:00:00+00,Mon 08 Mar 2021,6589,1479,1,400625,162444,23,400648,162467,9.47603295542541,3.84263155230801,310
-7.6926,53.28823,2021/03/09 00:00:00+00,Tue 09 Mar 2021,13727,3080,2,414352,165524,25,414377,165549,9.80074805807171,3.91552629674358,311
-7.6926,53.28823,2021/03/10 00:00:00+00,Wed 10 Mar 2021,13631,3965,0,427983,169489,25,428008,169514,10.1231452875984,4.0093055510223,312
-7.6926,53.28823,2021/03/11 00:00:00+00,Thu 11 Mar 2021,18367,2078,0,446350,171567,25,446375,171592,10.5575572833959,4.05845392186497,313
-7.6926,53.28823,2021/03/12 00:00:00+00,Fri 12 Mar 2021,17227,1317,2,463577,172884,27,463604,172911,10.965053568886,4.08965060191381,314
-7.6926,53.28823,2021/03/13 00:00:00+00,Sat 13 Mar 2021,8221,159,0,471798,173043,27,471825,173070,11.1594947415027,4.09341123279157,315
-7.6926,53.28823,2021/03/14 00:00:00+00,Sun 14 Mar 2021,334,10,1,472132,173053,28,472160,173081,11.1674180832892,4.09367140222336,316
-7.6926,53.28823,2021/03/15 00:00:00+00,Mon 15 Mar 2021,2556,969,0,474688,174022,28,474716,174050,11.2278719985317,4.11658996398782,317
-7.6926,53.28823,2021/03/16 00:00:00+00,Tue 16 Mar 2021,8853,3786,0,483541,177808,28,483569,177836,11.4372610875934,4.20613555205825,318
-7.6926,53.28823,2021/03/17 00:00:00+00,Wed 17 Mar 2021,4820,2389,5,488361,180197,33,488394,180230,11.5513808610851,4.26275788112338,319
-7.6926,53.28823,2021/03/18 00:00:00+00,Thu 18 Mar 2021,11621,4659,1,499982,184856,34,500016,184890,11.8262616916595,4.37297511313823,320
-7.6926,53.28823,2021/03/19 00:00:00+00,Fri 19 Mar 2021,10245,6091,1,510227,190947,35,510262,190982,12.068597691493,4.51706167481943,321
-7.6926,53.28823,2021/03/20 00:00:00+00,Sat 20 Mar 2021,5130,3090,2,515357,194037,37,515394,194074,12.1899785573085,4.59019293692027,322
-7.6926,53.28823,2021/03/21 00:00:00+00,Sun 21 Mar 2021,3565,41,0,518922,194078,37,518959,194115,12.2742971049765,4.59116265934786,323
-7.6926,53.28823,2021/03/22 00:00:00+00,Mon 22 Mar 2021,7307,2370,0,526229,196448,37,526266,196485,12.4471205629877,4.64721734601636,324
-7.6926,53.28823,2021/03/23 00:00:00+00,Tue 23 Mar 2021,12456,7353,2,538685,203801,39,538724,203840,12.7417742703785,4.8211760888209,325
-7.6926,53.28823,2021/03/24 00:00:00+00,Wed 24 Mar 2021,13506,9743,0,552191,213544,39,552230,213583,13.0612150290893,5.05161525009141,326
-7.6926,53.28823,2021/03/25 00:00:00+00,Thu 25 Mar 2021,20756,10183,2,572947,223727,41,572988,223768,13.5521783986524,5.29250849216677,327
-7.6926,53.28823,2021/03/26 00:00:00+00,Fri 26 Mar 2021,19587,9444,1,592534,233171,42,592576,233213,14.0154692013792,5.5158994270123,328
-7.6926,53.28823,2021/03/27 00:00:00+00,Sat 27 Mar 2021,11633,5300,1,604167,238471,43,604210,238514,14.2906338531519,5.64127744137082,329
-7.6926,53.28823,2021/03/28 00:00:00+00,Sun 28 Mar 2021,2427,464,0,606594,238935,43,606637,238978,14.3480366905124,5.65225186103925,330
-7.6926,53.28823,2021/03/28 23:00:00+00,Mon 29 Mar 2021,9163,3073,1,615757,242008,44,615801,242052,14.5647814789639,5.7249573913426,331
-7.6926,53.28823,2021/03/29 23:00:00+00,Tue 30 Mar 2021,13225,8618,1,628982,250626,45,629027,250671,14.8775997430472,5.92881196703701,332
-7.6926,53.28823,2021/03/30 23:00:00+00,Wed 31 Mar 2021,15683,10432,0,644665,261058,45,644710,261103,15.2485303974869,6.17554719544448,333
-7.6926,53.28823,2021/03/31 23:00:00+00,Thu 01 Apr 2021,19567,11578,0,664232,272636,45,664277,272681,15.7113245131166,6.44938734829166,334
-7.6926,53.28823,2021/04/01 23:00:00+00,Fri 02 Apr 2021,20032,13676,4,684264,286312,49,684313,286361,16.1852113072473,6.77294351437815,335
-7.6926,53.28823,2021/04/02 23:00:00+00,Sat 03 Apr 2021,7443,4602,0,691707,290914,49,691756,290963,16.3612514055062,6.88178894393443,336
-7.6926,53.28823,2021/04/03 23:00:00+00,Sun 04 Apr 2021,2950,156,0,694657,291070,49,694706,291119,16.4310241167603,6.88547861951261,337
-7.6926,53.28823,2021/04/04 23:00:00+00,Mon 05 Apr 2021,3352,574,1,698009,291644,50,698059,291694,16.5103284899246,6.89907838526552,338
-7.6926,53.28823,2021/04/05 23:00:00+00,Tue 06 Apr 2021,11855,8118,4,709864,299762,54,709918,299816,16.7908147891658,7.09117803299611,339
-7.6926,53.28823,2021/04/06 23:00:00+00,Wed 07 Apr 2021,18213,10419,3,728077,310181,57,728134,310238,17.2216553682178,7.33767674373831,340
-7.6926,53.28823,2021/04/07 23:00:00+00,Thu 08 Apr 2021,20047,10516,1,748124,320697,58,748182,320755,17.6958259835469,7.58642237230057,341
-7.6926,53.28823,2021/04/08 23:00:00+00,Fri 09 Apr 2021,20587,9106,2,768711,329803,60,768771,329863,18.182792204567,7.80184266182657,342
-7.6926,53.28823,2021/04/09 23:00:00+00,Sat 10 Apr 2021,11053,4132,3,779764,333935,63,779827,333998,18.4442861352872,7.89964271641485,343
-7.6926,53.28823,2021/04/10 23:00:00+00,Sun 11 Apr 2021,2791,325,0,782555,334260,63,782618,334323,18.5102982156634,7.90732954053605,344
-7.6926,53.28823,2021/04/11 23:00:00+00,Mon 12 Apr 2021,7668,2722,5,790223,336982,68,790291,337050,18.6917782202235,7.97182790785461,345
-7.6926,53.28823,2021/04/12 23:00:00+00,Tue 13 Apr 2021,11398,8528,0,801621,345510,68,801689,345578,18.9613610550958,8.17353017279508,346
-7.6926,53.28823,2021/04/13 23:00:00+00,Wed 14 Apr 2021,20227,6542,2,821848,352052,70,821918,352122,19.4398126401663,8.32830733294639,347
-7.6926,53.28823,2021/04/14 23:00:00+00,Thu 15 Apr 2021,26994,10730,1,848842,362782,71,848913,362853,20.078292077557,8.58211443954538,348
-7.6926,53.28823,2021/04/15 23:00:00+00,Fri 16 Apr 2021,27852,9767,1,876694,372549,72,876766,372621,20.7370647306277,8.81314489497906,349
-7.6926,53.28823,2021/04/16 23:00:00+00,Sat 17 Apr 2021,15735,4492,1,892429,377041,73,892502,377114,21.1092489286932,8.91941228198393,350
-7.6926,53.28823,2021/04/17 23:00:00+00,Sun 18 Apr 2021,1005,441,0,893434,377482,73,893507,377555,21.1330189540527,8.92984271102224,351
-7.6926,53.28823,2021/04/18 23:00:00+00,Mon 19 Apr 2021,6646,2188,0,900080,379670,73,900153,379743,21.2902085943897,8.98159277618286,352
-7.6926,53.28823,2021/04/19 23:00:00+00,Tue 20 Apr 2021,14957,7246,0,915037,386916,73,915110,386989,21.6439680663309,9.15297347643598,353
-7.6926,53.28823,2021/04/20 23:00:00+00,Wed 21 Apr 2021,26562,9783,1,941599,396699,74,941673,396773,22.272229940582,9.3843823601341,354
-7.6926,53.28823,2021/04/21 23:00:00+00,Thu 22 Apr 2021,31491,12107,0,973090,408806,74,973164,408880,23.0170477202772,9.67073429747394,355
-7.6926,53.28823,2021/04/22 23:00:00+00,Fri 23 Apr 2021,33460,12321,0,1006550,421127,74,1006624,421201,23.8084358282636,9.96214771285053,356
-7.6926,53.28823,2021/04/23 23:00:00+00,Sat 24 Apr 2021,23564,6937,0,1030114,428064,74,1030188,428138,24.3657660547009,10.1262200172469,357
-7.6926,53.28823,2021/04/24 23:00:00+00,Sun 25 Apr 2021,9681,248,1,1039795,428312,75,1039870,428387,24.5947624582132,10.132109307112,358
-7.6926,53.28823,2021/04/25 23:00:00+00,Mon 26 Apr 2021,15457,2979,1,1055252,431291,76,1055328,431367,24.9603714651844,10.2025915713619,359
