X,Y,VaccinationDate,VaccineText,Dose1,Dose2,SingleDose,Dose1Cum,Dose2Cum,SingleDoseCum,PartiallyVacc,FullyVacc,PartialPercent,FullyPercent,ObjectId
-7.6926,53.28823,2021/04/29 23:00:00+00,Fri 30 Apr 2021,35975,13461,1,1175220,472481,101,1175321,472582,27.7984178860335,11.1773991287635,1
-7.6926,53.28823,2021/04/30 23:00:00+00,Sat 01 May 2021,16422,6628,3,1191642,479109,104,1191746,479213,28.186898151236,11.3342339926027,2
-7.6926,53.28823,2021/05/01 23:00:00+00,Sun 02 May 2021,12332,869,6,1203974,479978,110,1204084,480088,28.4787136466436,11.3549292883136,3
-7.6926,53.28823,2021/05/02 23:00:00+00,Mon 03 May 2021,14127,867,6,1218101,480845,116,1218217,480961,28.8129840629667,11.3755772804915,4
-7.6926,53.28823,2021/05/03 23:00:00+00,Tue 04 May 2021,26477,6710,1,1244578,487555,117,1244695,487672,29.439235537063,11.5343042856528,5
-7.6926,53.28823,2021/05/04 23:00:00+00,Wed 05 May 2021,31916,13349,63,1276494,500904,180,1276674,501084,30.1955953788232,11.8515217783101,6
-7.6926,53.28823,2021/05/05 23:00:00+00,Thu 06 May 2021,37111,14294,121,1313605,515198,301,1313906,515499,31.0761979501487,12.1924619927938,7
-7.6926,53.28823,2021/05/06 23:00:00+00,Fri 07 May 2021,40416,14991,83,1354021,530189,384,1354405,530573,32.0340708427172,12.5489887214186,8
-7.6926,53.28823,2021/05/07 23:00:00+00,Sat 08 May 2021,25447,6973,2,1379468,537162,386,1379854,537548,32.6359846490575,12.713959792943,9
-7.6926,53.28823,2021/05/08 23:00:00+00,Sun 09 May 2021,19575,875,1,1399043,538037,387,1399430,538424,33.0989916305859,12.7346787404204,10
-7.6926,53.28823,2021/05/09 23:00:00+00,Mon 10 May 2021,28637,4547,162,1427680,542584,549,1428229,543133,33.7801388547909,12.8460549089951,11
-7.6926,53.28823,2021/05/10 23:00:00+00,Tue 11 May 2021,34168,14740,145,1461848,557324,694,1462542,558018,34.5917019196247,13.1981114537464,12
-7.6926,53.28823,2021/05/11 23:00:00+00,Wed 12 May 2021,31078,20839,149,1492926,578163,843,1493769,579006,35.3302756329567,13.6945147296106,13
-7.6926,53.28823,2021/05/12 23:00:00+00,Thu 13 May 2021,35814,25402,135,1528740,603565,978,1529718,604543,36.1805329878283,14.2985098914053,14
-7.6926,53.28823,2021/05/13 23:00:00+00,Fri 14 May 2021,38012,27881,223,1566752,631446,1201,1567953,632647,37.0848582809801,14.9632191378742,15
-7.6926,53.28823,2021/05/14 23:00:00+00,Sat 15 May 2021,28660,12369,5,1595412,643815,1206,1596618,645021,37.7628361684706,15.2558860968767,16
-7.6926,53.28823,2021/05/15 23:00:00+00,Sun 16 May 2021,23034,1124,3,1618446,644939,1209,1619655,646148,38.3077019139483,15.2825416377524,17
-7.6926,53.28823,2021/05/16 23:00:00+00,Mon 17 May 2021,35223,3881,105,1653669,648820,1314,1654983,650134,39.1432715218067,15.3768175791282,18
-7.6926,53.28823,2021/05/17 23:00:00+00,Tue 18 May 2021,38841,12394,111,1692510,661214,1425,1693935,662639,40.0645551315582,15.6725829195457,19
-7.6926,53.28823,2021/05/18 23:00:00+00,Wed 19 May 2021,36815,17501,195,1729325,678715,1620,1730945,680335,40.9399070107147,16.0911245800038,20
-7.6926,53.28823,2021/05/19 23:00:00+00,Thu 20 May 2021,38888,19572,111,1768213,698287,1731,1769944,700018,41.862302253493,16.5566623005506,21
-7.6926,53.28823,2021/05/20 23:00:00+00,Fri 21 May 2021,25630,23140,14910,1793843,721427,16641,1810484,738068,42.8211448684891,17.4566120168949,22
-7.6926,53.28823,2021/05/21 23:00:00+00,Sat 22 May 2021,16411,10180,13492,1810254,731607,30133,1840387,761740,43.5284036429397,18.0164966341171,23
-7.6926,53.28823,2021/05/22 23:00:00+00,Sun 23 May 2021,8092,5481,10191,1818346,737088,40324,1858670,777412,43.960828890349,18.387167119125,24
-7.6926,53.28823,2021/05/23 23:00:00+00,Mon 24 May 2021,22327,8122,8428,1840673,745210,48752,1889425,793962,44.6882389698804,18.7786038551433,25
-7.6926,53.28823,2021/05/24 23:00:00+00,Tue 25 May 2021,30082,16401,3208,1870755,761611,51960,1922715,813571,45.4756062775573,19.2423913449672,26
-7.6926,53.28823,2021/05/25 23:00:00+00,Wed 26 May 2021,19713,25319,3029,1890468,786930,54989,1945457,841919,46.0134947519095,19.9128716224686,27
-7.6926,53.28823,2021/05/26 23:00:00+00,Thu 27 May 2021,16766,35886,540,1907234,822816,55529,1962763,878345,46.4228122234222,20.7744108699735,28
-7.6926,53.28823,2021/05/27 23:00:00+00,Fri 28 May 2021,26786,31730,1518,1934020,854546,57047,1991067,911593,47.0922518231964,21.5607848034562,29
-7.6926,53.28823,2021/05/28 23:00:00+00,Sat 29 May 2021,24278,7328,503,1958298,861874,57550,2015848,919424,47.6783662494968,21.7460017871275,30
-7.6926,53.28823,2021/05/29 23:00:00+00,Sun 30 May 2021,24090,1618,188,1982388,863492,57738,2040126,921230,48.2525838372342,21.7887168774749,31
-7.6926,53.28823,2021/05/30 23:00:00+00,Mon 31 May 2021,22306,7245,3411,2004694,870737,61149,2065843,931886,48.8608363170037,22.0407501015843,32
-7.6926,53.28823,2021/05/31 23:00:00+00,Tue 01 Jun 2021,27225,11393,3621,2031919,882130,64770,2096689,946900,49.590398707289,22.3958577242176,33
-7.6926,53.28823,2021/06/01 23:00:00+00,Wed 02 Jun 2021,18396,20784,3972,2050315,902914,68742,2119057,971656,50.1194414209603,22.9813808563548,34
-7.6926,53.28823,2021/06/02 23:00:00+00,Thu 03 Jun 2021,16476,30583,1955,2066791,933497,70697,2137488,1004194,50.5553671298156,23.7509620356035,35
-7.6926,53.28823,2021/06/03 23:00:00+00,Fri 04 Jun 2021,28788,23224,120,2095579,956721,70817,2166396,1027538,51.239092396572,24.3030888734049,36
-7.6926,53.28823,2021/06/04 23:00:00+00,Sat 05 Jun 2021,20714,11388,6,2116293,968109,70823,2187116,1038932,51.7291569990071,24.5725771012111,37
-7.6926,53.28823,2021/06/05 23:00:00+00,Sun 06 Jun 2021,19742,3823,9,2136035,971932,70832,2206867,1042764,52.1963030396777,24.6632106705418,38
-7.6926,53.28823,2021/06/06 23:00:00+00,Mon 07 Jun 2021,19558,4436,4,2155593,976368,70836,2226429,1047204,52.6589788964748,24.7682245139207,39
-7.6926,53.28823,2021/06/07 23:00:00+00,Tue 08 Jun 2021,26289,18413,14,2181882,994781,70850,2252732,1065631,53.281091311429,25.2040556157099,40
-7.6926,53.28823,2021/06/08 23:00:00+00,Wed 09 Jun 2021,32617,19976,144,2214499,1014757,70994,2285493,1085751,54.0559468346131,25.6799291582289,41
-7.6926,53.28823,2021/06/09 23:00:00+00,Thu 10 Jun 2021,27433,27338,235,2241932,1042095,71229,2313161,1113324,54.7103439108764,26.3320793166721,42
-7.6926,53.28823,2021/06/10 23:00:00+00,Fri 11 Jun 2021,26213,32759,8,2268145,1074854,71237,2339382,1146091,55.3305168809753,27.1070767504554,43
-7.6926,53.28823,2021/06/11 23:00:00+00,Sat 12 Jun 2021,11974,19596,79,2280119,1094450,71316,2351435,1165766,55.6155916229227,27.57242525687,44
-7.6926,53.28823,2021/06/12 23:00:00+00,Sun 13 Jun 2021,8408,18088,811,2288527,1112538,72127,2360654,1184665,55.8336372585332,28.0194199924598,45
-7.6926,53.28823,2021/06/13 23:00:00+00,Mon 14 Jun 2021,15804,31143,14,2304331,1143681,72141,2376472,1215822,56.207760901454,28.756338082135,46
-7.6926,53.28823,2021/06/14 23:00:00+00,Tue 15 Jun 2021,14444,41336,182,2318775,1185017,72323,2391098,1257340,56.5536916386748,29.7383121247943,47
-7.6926,53.28823,2021/06/15 23:00:00+00,Wed 16 Jun 2021,13185,48157,191,2331960,1233174,72514,2404474,1305688,56.8700576677372,30.8818277328315,48
-7.6926,53.28823,2021/06/16 23:00:00+00,Thu 17 Jun 2021,21313,42481,500,2353273,1275655,73014,2426287,1348669,57.385973650986,31.8984043099195,49
-7.6926,53.28823,2021/06/17 23:00:00+00,Fri 18 Jun 2021,11827,49869,524,2365100,1325524,73538,2438638,1399062,57.6780966193584,33.090287780504,50
-7.6926,53.28823,2021/06/18 23:00:00+00,Sat 19 Jun 2021,6104,32639,402,2371204,1358163,73940,2445144,1432103,57.8319750123817,33.8717657983157,51
-7.6926,53.28823,2021/06/19 23:00:00+00,Sun 20 Jun 2021,8356,26039,161,2379560,1384202,74101,2453661,1458303,58.0334171078904,34.4914420813176,52
-7.6926,53.28823,2021/06/20 23:00:00+00,Mon 21 Jun 2021,15238,32150,537,2394798,1416352,74638,2469436,1490990,58.4065237248505,35.2645473737788,53
-7.6926,53.28823,2021/06/21 23:00:00+00,Tue 22 Jun 2021,14907,43366,687,2409705,1459718,75325,2485030,1535043,58.7753493720693,36.3064786445835,54
-7.6926,53.28823,2021/06/22 23:00:00+00,Wed 23 Jun 2021,19820,39159,852,2429525,1498877,76177,2505702,1575054,59.2642786897111,37.2528094750869,55
-7.6926,53.28823,2021/06/23 23:00:00+00,Thu 24 Jun 2021,18796,44053,1005,2448321,1542930,77182,2525503,1620112,59.732607318708,38.318510771251,56
-7.6926,53.28823,2021/06/24 23:00:00+00,Fri 25 Jun 2021,14948,49932,789,2463269,1592862,77971,2541240,1670833,60.1048151685401,39.5181520212563,57
-7.6926,53.28823,2021/06/25 23:00:00+00,Sat 26 Jun 2021,8817,30350,458,2472086,1623212,78429,2550515,1701641,60.3241853030761,40.2468156444137,58
-7.6926,53.28823,2021/06/26 23:00:00+00,Sun 27 Jun 2021,8581,30320,35,2480667,1653532,78464,2559131,1731996,60.5279689234709,40.9647650173344,59
-7.6926,53.28823,2021/06/27 23:00:00+00,Mon 28 Jun 2021,24011,24424,465,2504678,1677956,78929,2583607,1756885,61.1068695609806,41.5534338344197,60
-7.6926,53.28823,2021/06/28 23:00:00+00,Tue 29 Jun 2021,27881,30769,758,2532559,1708725,79687,2612246,1788412,61.7842325025414,42.2991030777098,61
-7.6926,53.28823,2021/06/29 23:00:00+00,Wed 30 Jun 2021,22290,36579,535,2554849,1745304,80222,2635071,1825526,62.3240840735154,43.1769147405851,62
-7.6926,53.28823,2021/06/30 23:00:00+00,Thu 01 Jul 2021,14615,48120,589,2569464,1793424,80811,2650275,1874235,62.6836855317887,44.3289686363385,63
-7.6926,53.28823,2021/07/01 23:00:00+00,Fri 02 Jul 2021,13381,47029,778,2582845,1840453,81589,2664434,1922042,63.0185708940415,45.4596886386847,64
-7.6926,53.28823,2021/07/02 23:00:00+00,Sat 03 Jul 2021,9114,30237,463,2591959,1870690,82052,2674011,1952742,63.2450838620686,46.1857978710572,65
-7.6926,53.28823,2021/07/03 23:00:00+00,Sun 04 Jul 2021,6293,27660,201,2598252,1898350,82253,2680505,1980603,63.3986784338936,46.8447597382601,66
-7.6926,53.28823,2021/07/04 23:00:00+00,Mon 05 Jul 2021,15252,33133,5303,2613504,1931483,87556,2701060,2019039,63.8848404948517,47.7538390364838,67
-7.6926,53.28823,2021/07/05 23:00:00+00,Tue 06 Jul 2021,12132,48152,5440,2625636,1979635,92996,2718632,2072631,64.3004493362605,49.0213845081875,68
-7.6926,53.28823,2021/07/06 23:00:00+00,Wed 07 Jul 2021,19430,43453,5002,2645066,2023088,97998,2743064,2121086,64.878309296043,50.1674308552431,69
-7.6926,53.28823,2021/07/07 23:00:00+00,Thu 08 Jul 2021,17548,45328,5944,2662614,2068416,103942,2766556,2172358,65.4339365952904,51.3801042286047,70
-7.6926,53.28823,2021/07/08 23:00:00+00,Fri 09 Jul 2021,13300,44825,6496,2675914,2113241,110438,2786352,2223679,65.9021469654547,52.5939365385261,71
-7.6926,53.28823,2021/07/09 23:00:00+00,Sat 10 Jul 2021,8424,23616,4321,2684338,2136857,114759,2799097,2251616,66.2035887298386,53.2546959399851,72
-7.6926,53.28823,2021/07/10 23:00:00+00,Sun 11 Jul 2021,15101,15969,2130,2699439,2152826,116889,2816328,2269715,66.6111323188618,53.6827692623534,73
-7.6926,53.28823,2021/07/11 23:00:00+00,Mon 12 Jul 2021,16922,31464,6039,2716361,2184290,122928,2839289,2307218,67.1542005300834,54.5697814624076,74
-7.6926,53.28823,2021/07/12 23:00:00+00,Tue 13 Jul 2021,19895,36247,8447,2736256,2220537,131375,2867631,2351912,67.8245388969857,55.626873515556,75
-7.6926,53.28823,2021/07/13 23:00:00+00,Wed 14 Jul 2021,20597,35379,9290,2756853,2255916,140665,2897518,2396581,68.5314192431719,56.6833742745412,76
-7.6926,53.28823,2021/07/14 23:00:00+00,Thu 15 Jul 2021,23409,28521,9527,2780262,2284437,150192,2930454,2434629,69.3104138254982,57.5832766873525,77
-7.6926,53.28823,2021/07/15 23:00:00+00,Fri 16 Jul 2021,23367,27078,9122,2803629,2311515,159314,2962943,2470829,70.0788360681871,58.4394706356223,78
-7.6926,53.28823,2021/07/16 23:00:00+00,Sat 17 Jul 2021,11358,19160,4634,2814987,2330675,163948,2978935,2494623,70.4570751184835,59.0022407683607,79
-7.6926,53.28823,2021/07/17 23:00:00+00,Sun 18 Jul 2021,16743,15617,1909,2831730,2346292,165857,2997587,2512149,70.8982278677412,59.4167616285093,80
-7.6926,53.28823,2021/07/18 23:00:00+00,Mon 19 Jul 2021,24672,18113,6193,2856402,2364405,172050,3028452,2536455,71.6282396415906,59.9916414657094,81
-7.6926,53.28823,2021/07/19 23:00:00+00,Tue 20 Jul 2021,30383,17812,7654,2886785,2382217,179704,3066489,2561921,72.5278818849701,60.5939573520807,82
-7.6926,53.28823,2021/07/20 23:00:00+00,Wed 21 Jul 2021,30107,19515,6835,2916892,2401732,186539,3103431,2588271,73.4016254440028,61.2171814000616,83
-7.6926,53.28823,2021/07/21 23:00:00+00,Thu 22 Jul 2021,33325,15607,6884,2950217,2417339,193423,3143640,2610762,74.3526393242785,61.7491332810156,84
-7.6926,53.28823,2021/07/22 23:00:00+00,Fri 23 Jul 2021,26912,20488,5552,2977129,2437827,198975,3176104,2636802,75.1204702728042,62.3650252813732,85
-7.6926,53.28823,2021/07/23 23:00:00+00,Sat 24 Jul 2021,15314,14524,2233,2992443,2452351,201208,3193651,2653559,75.5354878200498,62.7613579330627,86
-7.6926,53.28823,2021/07/24 23:00:00+00,Sun 25 Jul 2021,14630,13477,1016,3007073,2465828,202224,3209297,2668052,75.9055433591279,63.1041429853354,87
-7.6926,53.28823,2021/07/25 23:00:00+00,Mon 26 Jul 2021,23679,17852,3371,3030752,2483680,205595,3236347,2689275,76.5453236436776,63.6061044263335,88
-7.6926,53.28823,2021/07/26 23:00:00+00,Tue 27 Jul 2021,25303,23480,3614,3056055,2507160,209209,3265264,2716369,77.2292617763328,64.2469253886104,89
-7.6926,53.28823,2021/07/27 23:00:00+00,Wed 28 Jul 2021,23267,24942,3228,3079322,2532102,212437,3291759,2744539,77.8559153304601,64.91319565167,90
-7.6926,53.28823,2021/07/28 23:00:00+00,Thu 29 Jul 2021,19123,27531,2922,3098445,2559633,215359,3313804,2774992,78.3773185235432,65.6334628977104,91
-7.6926,53.28823,2021/07/29 23:00:00+00,Fri 30 Jul 2021,21779,22578,2082,3120224,2582211,217441,3337665,2799652,78.9416733246389,66.216715460261,92
-7.6926,53.28823,2021/07/30 23:00:00+00,Sat 31 Jul 2021,13624,12210,883,3133848,2594421,218324,3352172,2812745,79.2847895016431,66.5263880393963,93
-7.6926,53.28823,2021/07/31 23:00:00+00,Sun 01 Aug 2021,10984,9149,355,3144832,2603570,218679,3363511,2822249,79.5529768822904,66.7511744284669,94
-7.6926,53.28823,2021/08/01 23:00:00+00,Mon 02 Aug 2021,14877,15655,395,3159709,2619225,219074,3378783,2838299,79.9141866606875,67.1307852812219,95
-7.6926,53.28823,2021/08/02 23:00:00+00,Tue 03 Aug 2021,17200,25122,1085,3176909,2644347,220159,3397068,2864506,80.3466592116299,67.7506271265895,96
-7.6926,53.28823,2021/08/03 23:00:00+00,Wed 04 Aug 2021,21954,16951,1555,3198863,2661298,221714,3420577,2883012,80.9026885909082,68.1883267179342,97
-7.6926,53.28823,2021/08/04 23:00:00+00,Thu 05 Aug 2021,13380,29733,1403,3212243,2691031,223117,3435360,2914148,81.2523326554737,68.9247481205124,98
-7.6926,53.28823,2021/08/05 23:00:00+00,Fri 06 Aug 2021,12038,24444,923,3224281,2715475,224040,3448321,2939515,81.5588832014274,69.5247224819975,99
-7.6926,53.28823,2021/08/06 23:00:00+00,Sat 07 Aug 2021,6255,8203,561,3230536,2723678,224601,3455137,2948279,81.720093642074,69.7320065638382,100
-7.6926,53.28823,2021/08/07 23:00:00+00,Sun 08 Aug 2021,8551,11795,142,3239087,2735473,224743,3463830,2960216,81.9256984484914,70.0143377008686,101
-7.6926,53.28823,2021/08/08 23:00:00+00,Mon 09 Aug 2021,5440,22722,585,3244527,2758195,225328,3469855,2983523,82.0682003418153,70.5655894233084,102
-7.6926,53.28823,2021/08/09 23:00:00+00,Tue 10 Aug 2021,9215,25673,690,3253742,2783868,226018,3479760,3009886,82.3024710892632,71.1891209442542,103
-7.6926,53.28823,2021/08/10 23:00:00+00,Wed 11 Aug 2021,6911,30919,635,3260653,2814787,226653,3487306,3041440,82.4809473194743,71.9354287852405,104
-7.6926,53.28823,2021/08/11 23:00:00+00,Thu 12 Aug 2021,6648,38004,849,3267301,2852791,227502,3494803,3080293,82.6582646131257,72.8543708701059,105
-7.6926,53.28823,2021/08/12 23:00:00+00,Fri 13 Aug 2021,10808,27958,845,3278109,2880749,228347,3506456,3109096,82.9338786484624,73.535612701377,106
-7.6926,53.28823,2021/08/13 23:00:00+00,Sat 14 Aug 2021,18045,5650,267,3296154,2886399,228614,3524768,3115013,83.366989797101,73.6755602039161,107
-7.6926,53.28823,2021/08/14 23:00:00+00,Sun 15 Aug 2021,16956,3614,39,3313110,2890013,228653,3541763,3118666,83.7689515692237,73.7619601070384,108
-7.6926,53.28823,2021/08/15 23:00:00+00,Mon 16 Aug 2021,10106,22890,352,3323216,2912903,229005,3552221,3141908,84.0163017435609,74.3116744646541,109
-7.6926,53.28823,2021/08/16 23:00:00+00,Tue 17 Aug 2021,12789,26619,512,3336005,2939522,229517,3565522,3169039,84.3308938901338,74.9533705422924,110
-7.6926,53.28823,2021/08/17 23:00:00+00,Wed 18 Aug 2021,15142,25526,646,3351147,2965048,230163,3581310,3195211,84.7043079800587,75.5723845758316,111
-7.6926,53.28823,2021/08/18 23:00:00+00,Thu 19 Aug 2021,11297,25466,524,3362444,2990514,230687,3593131,3221201,84.9838955121719,76.1870939878629,112
-7.6926,53.28823,2021/08/19 23:00:00+00,Fri 20 Aug 2021,14753,22029,667,3377197,3012543,231354,3608551,3243897,85.348605752015,76.7238944809549,113
-7.6926,53.28823,2021/08/20 23:00:00+00,Sat 21 Aug 2021,11802,7824,228,3388999,3020367,231582,3620581,3251949,85.6331365033323,76.9143385050286,114
-7.6926,53.28823,2021/08/21 23:00:00+00,Sun 22 Aug 2021,7984,12166,156,3396983,3032533,231738,3628721,3264271,85.8256618828604,77.2057755721717,115
-7.6926,53.28823,2021/08/22 23:00:00+00,Mon 23 Aug 2021,10804,15165,272,3407787,3047698,232010,3639797,3279708,86.0876288489111,77.5708878920458,116
-7.6926,53.28823,2021/08/23 23:00:00+00,Tue 24 Aug 2021,9645,22717,371,3417432,3070415,232381,3649813,3302796,86.3245249424434,78.1169598776163,117
-7.6926,53.28823,2021/08/24 23:00:00+00,Wed 25 Aug 2021,9349,19284,305,3426781,3089699,232686,3659467,3322385,86.5528590964931,78.5802743321096,118
-7.6926,53.28823,2021/08/25 23:00:00+00,Thu 26 Aug 2021,8515,19234,358,3435296,3108933,233044,3668340,3341977,86.7627212208853,79.0436597419025,119
-7.6926,53.28823,2021/08/26 23:00:00+00,Fri 27 Aug 2021,9655,19031,424,3444951,3127964,233468,3678419,3361432,87.0011073757088,79.5038048596812,120
-7.6926,53.28823,2021/08/27 23:00:00+00,Sat 28 Aug 2021,9880,7775,145,3454831,3135739,233613,3688444,3369352,87.2382163351399,79.6911268505733,121
-7.6926,53.28823,2021/08/28 23:00:00+00,Sun 29 Aug 2021,8783,9126,24,3463614,3144865,233637,3697251,3378502,87.4465174429413,79.9075405142935,122
-7.6926,53.28823,2021/08/29 23:00:00+00,Mon 30 Aug 2021,5019,10959,78,3468633,3155824,233715,3702348,3389539,87.5670704969284,80.1685850614497,123
-7.6926,53.28823,2021/08/30 23:00:00+00,Tue 31 Aug 2021,4013,12685,135,3472646,3168509,233850,3706496,3402359,87.6651780244815,80.4718007083231,124
-7.6926,53.28823,2021/08/31 23:00:00+00,Wed 01 Sep 2021,4899,12376,174,3477545,3180885,234024,3711569,3414909,87.7851634360719,80.7686303782343,125
-7.6926,53.28823,2021/09/01 23:00:00+00,Thu 02 Sep 2021,4963,12242,243,3482508,3193127,234267,3716775,3427394,87.9082945326103,81.0639226833213,126
-7.6926,53.28823,2021/09/02 23:00:00+00,Fri 03 Sep 2021,4720,15895,159,3487228,3209022,234426,3721654,3443448,88.0236915014946,81.4436281431424,127
-7.6926,53.28823,2021/09/03 23:00:00+00,Sat 04 Sep 2021,4601,10504,128,3491829,3219526,234554,3726383,3454080,88.1355407053997,81.6950937248552,128
-7.6926,53.28823,2021/09/04 23:00:00+00,Sun 05 Sep 2021,5291,11837,1,3497120,3231363,234555,3731675,3465918,88.2607058538595,81.9750833369994,129
-7.6926,53.28823,2021/09/05 23:00:00+00,Mon 06 Sep 2021,2112,9570,68,3499232,3240933,234623,3733855,3475556,88.3122667048879,82.2030390627846,130
-7.6926,53.28823,2021/09/06 23:00:00+00,Tue 07 Sep 2021,2998,9893,137,3502230,3250826,234760,3736990,3485586,88.3864149929494,82.4402662810483,131
-7.6926,53.28823,2021/09/07 23:00:00+00,Wed 08 Sep 2021,2572,14691,180,3504802,3265517,234940,3739742,3500457,88.4515046544311,82.7919917010682,132
-7.6926,53.28823,2021/09/08 23:00:00+00,Thu 09 Sep 2021,3078,14690,135,3507880,3280207,235075,3742955,3515282,88.5274977802817,83.1426291398278,133
-7.6926,53.28823,2021/09/09 23:00:00+00,Fri 10 Sep 2021,3351,13854,108,3511231,3294061,235183,3746414,3529244,88.6093092406979,83.4728551040749,134
-7.6926,53.28823,2021/09/10 23:00:00+00,Sat 11 Sep 2021,2537,11237,57,3513768,3305298,235240,3749008,3540538,88.6706619230684,83.7399781552284,135
-7.6926,53.28823,2021/09/11 23:00:00+00,Sun 12 Sep 2021,2023,12844,0,3515791,3318142,235240,3751031,3553382,88.7185094467521,84.0437614444985,136
-7.6926,53.28823,2021/09/12 23:00:00+00,Mon 13 Sep 2021,1572,7643,46,3517363,3325785,235286,3752649,3561071,88.7567780049924,84.225619877323,137
-7.6926,53.28823,2021/09/13 23:00:00+00,Tue 14 Sep 2021,1519,10677,79,3518882,3336462,235365,3754247,3571827,88.7945735279022,84.4800182780852,138
-7.6926,53.28823,2021/09/14 23:00:00+00,Wed 15 Sep 2021,3247,12317,130,3522129,3348779,235495,3757624,3584274,88.8744455434632,84.7744118160441,139
-7.6926,53.28823,2021/09/15 23:00:00+00,Thu 16 Sep 2021,1883,10516,109,3524012,3359295,235604,3759616,3594899,88.9215598623846,85.0257118353913,140
-7.6926,53.28823,2021/09/16 23:00:00+00,Fri 17 Sep 2021,2538,14518,89,3526550,3373813,235693,3762243,3609506,88.9836930530504,85.3711931890481,141
-7.6926,53.28823,2021/09/17 23:00:00+00,Sat 18 Sep 2021,2273,11169,40,3528823,3384982,235733,3764556,3620715,89.0383995890269,85.6363058400469,142
-7.6926,53.28823,2021/09/18 23:00:00+00,Sun 19 Sep 2021,1854,8456,11,3530677,3393438,235744,3766421,3629182,89.0825101335994,85.8365653472292,143
-7.6926,53.28823,2021/09/19 23:00:00+00,Mon 20 Sep 2021,947,5554,31,3531624,3398992,235775,3767399,3634767,89.1056415612626,85.9686604632813,144
-7.6926,53.28823,2021/09/20 23:00:00+00,Tue 21 Sep 2021,1442,6593,89,3533066,3405585,235864,3768930,3641449,89.1418524158151,86.1267015672133,145
-7.6926,53.28823,2021/09/21 23:00:00+00,Wed 22 Sep 2021,1884,8073,94,3534950,3413658,235958,3770908,3649616,89.1886356100051,86.3198655444376,146
-7.6926,53.28823,2021/09/22 23:00:00+00,Thu 23 Sep 2021,1681,8688,85,3536631,3422346,236043,3772674,3658389,89.2304046296914,86.5273624921772,147
-7.6926,53.28823,2021/09/23 23:00:00+00,Fri 24 Sep 2021,1899,7307,79,3538530,3429653,236122,3774652,3665775,89.2771878238814,86.702054439744,148
-7.6926,53.28823,2021/09/24 23:00:00+00,Sat 25 Sep 2021,2400,6539,50,3540930,3436192,236172,3777102,3672364,89.335134651872,86.8578959293891,149
-7.6926,53.28823,2021/09/25 23:00:00+00,Sun 26 Sep 2021,1536,7080,0,3542466,3443272,236172,3778638,3679444,89.3714637652572,87.0253504363987,150
-7.6926,53.28823,2021/09/26 23:00:00+00,Mon 27 Sep 2021,1166,3705,45,3543632,3446977,236217,3779849,3683194,89.4001060545211,87.1140445608742,151
-7.6926,53.28823,2021/09/27 23:00:00+00,Tue 28 Sep 2021,1437,5046,91,3545069,3452023,236308,3781377,3688331,89.436245953774,87.2355436855223,152
-7.6926,53.28823,2021/09/28 23:00:00+00,Wed 29 Sep 2021,1637,3533,72,3546706,3455556,236380,3783086,3691936,89.4766668227683,87.3208083038514,153
-7.6926,53.28823,2021/09/29 23:00:00+00,Thu 30 Sep 2021,1266,3880,77,3547972,3459436,236457,3784429,3695893,89.5084311452138,87.4143983439979,154
-7.6926,53.28823,2021/09/30 23:00:00+00,Fri 01 Oct 2021,1832,5091,38,3549804,3464527,236495,3786299,3701022,89.5526599486189,87.5357082545138,155
-7.6926,53.28823,2021/10/01 23:00:00+00,Sat 02 Oct 2021,1704,4035,39,3551508,3468562,236534,3788042,3705096,89.5938849776751,87.632065551344,156
-7.6926,53.28823,2021/10/02 23:00:00+00,Sun 03 Oct 2021,1203,2989,9,3552711,3471551,236543,3789254,3708094,89.6225509187056,87.7029735473913,157
-7.6926,53.28823,2021/10/03 23:00:00+00,Mon 04 Oct 2021,330,1158,16,3553041,3472709,236559,3789600,3709268,89.6307344299238,87.7307407212937,158
-7.6926,53.28823,2021/10/04 23:00:00+00,Tue 05 Oct 2021,960,2749,68,3554001,3475458,236627,3790628,3712085,89.6550484459134,87.7973677475997,159
-7.6926,53.28823,2021/10/05 23:00:00+00,Wed 06 Oct 2021,978,2495,34,3554979,3477953,236661,3791640,3714614,89.6789840336385,87.8571830651459,160
-7.6926,53.28823,2021/10/06 23:00:00+00,Thu 07 Oct 2021,1206,2627,41,3556185,3480580,236702,3792887,3717282,89.7084777864974,87.9202859782394,161
-7.6926,53.28823,2021/10/07 23:00:00+00,Fri 08 Oct 2021,981,2686,42,3557166,3483266,236744,3793910,3720010,89.7326735436543,87.9848079973245,162
-7.6926,53.28823,2021/10/08 23:00:00+00,Sat 09 Oct 2021,729,2317,19,3557895,3485583,236763,3794658,3722346,89.7503650650164,88.0400585239311,163
-7.6926,53.28823,2021/10/09 23:00:00+00,Sun 10 Oct 2021,1528,3889,0,3559423,3489472,236763,3796186,3726235,89.7865049642693,88.1320402439538,164
-7.6926,53.28823,2021/10/10 23:00:00+00,Mon 11 Oct 2021,327,1064,12,3559750,3490536,236775,3796525,3727311,89.7945229131219,88.1574895447366,165
-7.6926,53.28823,2021/10/11 23:00:00+00,Tue 12 Oct 2021,561,1562,20,3560311,3492098,236795,3797106,3728893,89.8082645894739,88.194906639382,166
-7.6926,53.28823,2021/10/12 23:00:00+00,Wed 13 Oct 2021,1030,1976,9,3561341,3494074,236804,3798145,3730878,89.8328387748953,88.2418553959377,167
-7.6926,53.28823,2021/10/13 23:00:00+00,Thu 14 Oct 2021,699,1514,7,3562040,3495588,236811,3798851,3732399,89.8495369220632,88.2778297328249,168
-7.6926,53.28823,2021/10/14 23:00:00+00,Fri 15 Oct 2021,953,1999,5,3562993,3497587,236816,3799809,3734403,89.8721953143958,88.3252278729446,169
-7.6926,53.28823,2021/10/15 23:00:00+00,Sat 16 Oct 2021,1376,2589,11,3564369,3500176,236827,3801196,3737003,89.9050003145685,88.3867224659143,170
-7.6926,53.28823,2021/10/16 23:00:00+00,Sun 17 Oct 2021,1709,2874,2,3566078,3503050,236829,3802907,3739879,89.9454684870958,88.4547449464453,171
-7.6926,53.28823,2021/10/17 23:00:00+00,Mon 18 Oct 2021,669,1169,3,3566747,3504219,236832,3803579,3741051,89.9613624742018,88.4824648168147,172
-7.6926,53.28823,2021/10/18 23:00:00+00,Tue 19 Oct 2021,1333,1729,10,3568080,3505948,236842,3804922,3742790,89.9931267966473,88.5235952388048,173
-7.6926,53.28823,2021/10/19 23:00:00+00,Wed 20 Oct 2021,2246,2255,0,3570326,3508203,236842,3807168,3745045,90.0462486642665,88.5769299723227,174
-7.6926,53.28823,2021/10/20 23:00:00+00,Thu 21 Oct 2021,1753,1766,8,3572079,3509969,236850,3808929,3746819,90.0878994251202,88.6188882061412,175
-7.6926,53.28823,2021/10/21 23:00:00+00,Fri 22 Oct 2021,1494,1898,1,3573573,3511867,236851,3810424,3748718,90.1232588160777,88.6638029107756,176
-7.6926,53.28823,2021/10/22 23:00:00+00,Sat 23 Oct 2021,2006,1661,0,3575579,3513528,236851,3812430,3750379,90.1707042597305,88.7030884949766,177
-7.6926,53.28823,2021/10/23 23:00:00+00,Sun 24 Oct 2021,1943,2171,0,3577522,3515699,236851,3814373,3752550,90.216659642092,88.7544364801063,178
-7.6926,53.28823,2021/10/24 23:00:00+00,Mon 25 Oct 2021,1213,806,0,3578735,3516505,236851,3815586,3753356,90.245349234889,88.7734998039269,179
-7.6926,53.28823,2021/10/25 23:00:00+00,Tue 26 Oct 2021,1236,1164,5,3579971,3517669,236856,3816827,3754525,90.2747010771488,88.8011487189967,180
-7.6926,53.28823,2021/10/26 23:00:00+00,Wed 27 Oct 2021,1554,1384,4,3581525,3519053,236860,3818385,3755913,90.3115505293975,88.8339773709359,181
-7.6926,53.28823,2021/10/27 23:00:00+00,Thu 28 Oct 2021,2143,1640,2,3583668,3520693,236862,3820530,3757555,90.3622835685975,88.8728135715728,182
-7.6926,53.28823,2021/10/28 23:00:00+00,Fri 29 Oct 2021,2131,1314,0,3585799,3522007,236862,3822661,3758869,90.412685483066,88.9038919927891,183
-7.6926,53.28823,2021/10/29 23:00:00+00,Sat 30 Oct 2021,2000,1420,0,3587799,3523427,236862,3824661,3760289,90.4599890161196,88.9374775012571,184
-7.6926,53.28823,2021/10/30 23:00:00+00,Sun 31 Oct 2021,1628,1308,0,3589427,3524735,236862,3826289,3761597,90.4984940920252,88.9684140118741,185
-7.6926,53.28823,2021/11/01 00:00:00+00,Mon 01 Nov 2021,256,242,0,3589683,3524977,236862,3826545,3761839,90.5045489442561,88.9741377393736,186
-7.6926,53.28823,2021/11/02 00:00:00+00,Tue 02 Nov 2021,1085,1052,9,3590768,3526029,236871,3827639,3762900,90.5304239768364,88.9992322636585,187
-7.6926,53.28823,2021/11/03 00:00:00+00,Wed 03 Nov 2021,2536,1790,5,3593304,3527819,236876,3830180,3764695,90.590523115581,89.0416871845741,188
-7.6926,53.28823,2021/11/04 00:00:00+00,Thu 04 Nov 2021,1551,1215,0,3594855,3529034,236876,3831731,3765910,90.627207005464,89.0704240809042,189
-7.6926,53.28823,2021/11/05 00:00:00+00,Fri 05 Nov 2021,1634,1011,0,3596489,3530045,236876,3833365,3766921,90.6658539919688,89.0943360168628,190
-7.6926,53.28823,2021/11/06 00:00:00+00,Sat 06 Nov 2021,1822,1316,5,3598311,3531361,236881,3835192,3768242,90.7090657694133,89.1255800004446,191
-7.6926,53.28823,2021/11/07 00:00:00+00,Sun 07 Nov 2021,730,764,0,3599041,3532125,236881,3835922,3769006,90.7263315589778,89.1436499500711,192
-7.6926,53.28823,2021/11/08 00:00:00+00,Mon 08 Nov 2021,508,487,1,3599549,3532612,236882,3836431,3769494,90.7383703081399,89.1551920121362,193
-7.6926,53.28823,2021/11/09 00:00:00+00,Tue 09 Nov 2021,1378,993,1,3600927,3533605,236883,3837810,3770488,90.7709860941804,89.1787018680638,194
-7.6926,53.28823,2021/11/10 00:00:00+00,Wed 10 Nov 2021,1603,1296,0,3602530,3534901,236883,3839413,3771784,90.8088998759228,89.2093545574825,195
-7.6926,53.28823,2021/11/11 00:00:00+00,Thu 11 Nov 2021,1408,1049,1,3603938,3535950,236884,3840822,3772834,90.8422252149591,89.2341889123357,196
-7.6926,53.28823,2021/11/12 00:00:00+00,Fri 12 Nov 2021,1155,1082,5,3605093,3537032,236889,3841982,3773921,90.8696612641302,89.2598983825503,197
-7.6926,53.28823,2021/11/13 00:00:00+00,Sat 13 Nov 2021,1411,1335,0,3606504,3538367,236889,3843393,3775256,90.9030339066995,89.2914734908636,198
-7.6926,53.28823,2021/11/14 00:00:00+00,Sun 14 Nov 2021,1647,1800,0,3608151,3540167,236889,3845040,3777056,90.9419883661691,89.3340466706118,199
-7.6926,53.28823,2021/11/15 00:00:00+00,Mon 15 Nov 2021,1252,549,0,3609403,3540716,236889,3846292,3777605,90.9716003778606,89.347031490435,200
-7.6926,53.28823,2021/11/16 00:00:00+00,Tue 16 Nov 2021,1323,1020,4,3610726,3541736,236893,3847619,3778629,91.0029862720417,89.3712508993584,201
-7.6926,53.28823,2021/11/17 00:00:00+00,Wed 17 Nov 2021,1511,1053,0,3612237,3542789,236893,3849130,3779682,91.0387240912637,89.3961562095111,202
-7.6926,53.28823,2021/11/18 00:00:00+00,Thu 18 Nov 2021,1662,2431,5,3613899,3545220,236898,3850797,3782118,91.0781515860638,89.4537719127704,203
-7.6926,53.28823,2021/11/19 00:00:00+00,Fri 19 Nov 2021,1175,1460,0,3615074,3546680,236898,3851972,3783578,91.1059424117328,89.4883034918995,204
-7.6926,53.28823,2021/11/20 00:00:00+00,Sat 20 Nov 2021,1535,2897,10,3616609,3549577,236908,3853517,3786485,91.1424843910167,89.5570591771929,205
-7.6926,53.28823,2021/11/21 00:00:00+00,Sun 21 Nov 2021,1784,2749,0,3618393,3552326,236908,3855301,3789234,91.1846791425005,89.622077883375,206
-7.6926,53.28823,2021/11/22 00:00:00+00,Mon 22 Nov 2021,712,462,2,3619105,3552788,236910,3856015,3789698,91.2015665038006,89.6330523030435,207
-7.6926,53.28823,2021/11/23 00:00:00+00,Tue 23 Nov 2021,2169,1531,4,3621274,3554319,236914,3858188,3791233,91.2529617924633,89.6693577646621,208
-7.6926,53.28823,2021/11/24 00:00:00+00,Wed 24 Nov 2021,1624,3074,0,3622898,3557393,236914,3859812,3794307,91.2913722613028,89.7420632949654,209
-7.6926,53.28823,2021/11/25 00:00:00+00,Thu 25 Nov 2021,1008,1104,0,3623906,3558497,236914,3860820,3795411,91.3152132419618,89.768174845211,210
-7.6926,53.28823,2021/11/26 00:00:00+00,Fri 26 Nov 2021,1285,1053,13,3625191,3559550,236927,3862118,3796477,91.3459132349136,89.7933876283286,211
-7.6926,53.28823,2021/11/27 00:00:00+00,Sat 27 Nov 2021,1229,1522,5,3626420,3561072,236932,3863352,3798004,91.3750995148077,89.829503875815,212
-7.6926,53.28823,2021/11/28 00:00:00+00,Sun 28 Nov 2021,1971,2245,0,3628391,3563317,236932,3865323,3800249,91.421717146632,89.8826020916676,213
-7.6926,53.28823,2021/11/29 00:00:00+00,Mon 29 Nov 2021,544,959,1,3628935,3564276,236933,3865868,3801209,91.4346073593891,89.9053077875333,214
-7.6926,53.28823,2021/11/30 00:00:00+00,Tue 30 Nov 2021,1936,1586,6,3630871,3565862,236939,3867810,3802801,91.4805390899841,89.942961399844,215
-7.6926,53.28823,2021/12/01 00:00:00+00,Wed 01 Dec 2021,1131,1316,1,3632002,3567178,236940,3868942,3804118,91.5073128896924,89.9741107763598,216
-7.6926,53.28823,2021/12/02 00:00:00+00,Thu 02 Dec 2021,1802,1350,1,3633804,3568528,236941,3870745,3805469,91.5499570247402,90.0060643129375,217
-7.6926,53.28823,2021/12/03 00:00:00+00,Fri 03 Dec 2021,1042,1124,4,3634846,3569652,236945,3871791,3806597,91.5746967725272,90.0327435055797,218
-7.6926,53.28823,2021/12/04 00:00:00+00,Sat 04 Dec 2021,1195,1669,0,3636041,3571321,236945,3872986,3808266,91.6029606335267,90.0722183039129,219
-7.6926,53.28823,2021/12/05 00:00:00+00,Sun 05 Dec 2021,1352,1764,0,3637393,3573085,236945,3874338,3810030,91.634937821871,90.1139400200662,220
-7.6926,53.28823,2021/12/06 00:00:00+00,Mon 06 Dec 2021,942,1243,0,3638335,3574328,236945,3875280,3811273,91.6572177859392,90.143339165859,221
-7.6926,53.28823,2021/12/07 00:00:00+00,Tue 07 Dec 2021,480,683,1,3638815,3575011,236946,3875761,3811957,91.6685942856386,90.1595169741633,222
-7.6926,53.28823,2021/12/08 00:00:00+00,Wed 08 Dec 2021,819,1415,0,3639634,3576426,236946,3876580,3813372,91.687965082424,90.1929842237987,223
-7.6926,53.28823,2021/12/09 00:00:00+00,Thu 09 Dec 2021,788,1132,0,3640422,3577558,236946,3877368,3814504,91.7066026744471,90.219758023507,224
-7.6926,53.28823,2021/12/10 00:00:00+00,Fri 10 Dec 2021,855,1503,1,3641277,3579061,236947,3878224,3816008,91.7268485865941,90.2553302803633,225
-7.6926,53.28823,2021/12/11 00:00:00+00,Sat 11 Dec 2021,617,814,0,3641894,3579875,236947,3878841,3816822,91.7414417265411,90.2745828183161,226
-7.6926,53.28823,2021/12/12 00:00:00+00,Sun 12 Dec 2021,688,1184,0,3642582,3581059,236947,3879529,3818006,91.7577141419115,90.3025865098838,227
-7.6926,53.28823,2021/12/13 00:00:00+00,Mon 13 Dec 2021,705,1005,0,3643287,3582064,236947,3880234,3819011,91.7743886373129,90.3263565352433,228
-7.6926,53.28823,2021/12/14 00:00:00+00,Tue 14 Dec 2021,600,1103,1,3643887,3583167,236948,3880835,3820115,91.7886033489955,90.3524680854888,229
-7.6926,53.28823,2021/12/15 00:00:00+00,Wed 15 Dec 2021,778,1133,1,3644665,3584300,236949,3881614,3821249,91.8070280751199,90.3792891887302,230
-7.6926,53.28823,2021/12/16 00:00:00+00,Thu 16 Dec 2021,1002,1360,7,3645667,3585660,236956,3882623,3822616,91.8308927075454,90.4116211535723,231
-7.6926,53.28823,2021/12/17 00:00:00+00,Fri 17 Dec 2021,1160,2283,0,3646827,3587943,236956,3883783,3824899,91.8583287567165,90.465618136553,232
-7.6926,53.28823,2021/12/18 00:00:00+00,Sat 18 Dec 2021,1231,1107,0,3648058,3589050,236956,3885014,3826006,91.887444081311,90.4918006420982,233
-7.6926,53.28823,2021/12/19 00:00:00+00,Sun 19 Dec 2021,543,855,1,3648601,3589905,236957,3885558,3826862,91.9003106423016,90.5120465542451,234
-7.6926,53.28823,2021/12/20 00:00:00+00,Mon 20 Dec 2021,497,482,0,3649098,3590387,236957,3886055,3827344,91.9120655702654,90.523446705711,235
-7.6926,53.28823,2021/12/21 00:00:00+00,Tue 21 Dec 2021,1377,1617,2,3650475,3592004,236959,3887434,3828963,91.9446813563058,90.5617389157179,236
-7.6926,53.28823,2021/12/22 00:00:00+00,Wed 22 Dec 2021,1106,1390,3,3651581,3593394,236962,3888543,3830356,91.970911165384,90.5946858264897,237
-7.6926,53.28823,2021/12/23 00:00:00+00,Thu 23 Dec 2021,874,1200,0,3652455,3594594,236962,3889417,3831556,91.9915828093284,90.6230679463218,238
-7.6926,53.28823,2021/12/24 00:00:00+00,Fri 24 Dec 2021,94,111,0,3652549,3594705,236962,3889511,3831667,91.993806075382,90.6256932924063,239
-7.6926,53.28823,2021/12/26 00:00:00+00,Sun 26 Dec 2021,1,4,0,3652550,3594709,236962,3889512,3831671,91.9938297271485,90.6257878994724,240
-7.6926,53.28823,2021/12/27 00:00:00+00,Mon 27 Dec 2021,375,570,0,3652925,3595279,236962,3889887,3832241,92.002699139596,90.6392694063927,241
-7.6926,53.28823,2021/12/28 00:00:00+00,Tue 28 Dec 2021,392,682,0,3653317,3595961,236962,3890279,3832923,92.0119706320745,90.655399911164,242
-7.6926,53.28823,2021/12/29 00:00:00+00,Wed 29 Dec 2021,773,1152,0,3654090,3597113,236962,3891052,3834075,92.0302534475997,90.6826467462028,243
-7.6926,53.28823,2021/12/30 00:00:00+00,Thu 30 Dec 2021,768,1058,1,3654858,3598171,236963,3891821,3835134,92.0484416560589,90.7076939669547,244
-7.6926,53.28823,2020/12/28 00:00:00+00,Mon 28 Dec 2020,130,9,6,130,9,6,136,15,0.00321664024764346,0.000354776497901852,245
-7.6926,53.28823,2020/12/29 00:00:00+00,Tue 29 Dec 2020,69,1,0,199,10,6,205,16,0.00484861213799197,0.000378428264428642,246
-7.6926,53.28823,2020/12/30 00:00:00+00,Wed 30 Dec 2020,1049,0,0,1248,10,6,1254,16,0.0296593152245948,0.000378428264428642,247
-7.6926,53.28823,2020/12/31 00:00:00+00,Thu 31 Dec 2020,1023,1,0,2271,11,6,2277,17,0.0538550723815011,0.000402080030955432,248
-7.6926,53.28823,2021/01/01 00:00:00+00,Fri 01 Jan 2021,801,0,0,3072,11,6,3078,17,0.07280013736946,0.000402080030955432,249
-7.6926,53.28823,2021/01/02 00:00:00+00,Sat 02 Jan 2021,1010,0,0,4082,11,6,4088,17,0.096688421561518,0.000402080030955432,250
-7.6926,53.28823,2021/01/03 00:00:00+00,Sun 03 Jan 2021,16,0,0,4098,11,6,4104,17,0.0970668498259467,0.000402080030955432,251
-7.6926,53.28823,2021/01/04 00:00:00+00,Mon 04 Jan 2021,1176,1,0,5274,12,6,5280,18,0.124881327261452,0.000425731797482222,252
-7.6926,53.28823,2021/01/05 00:00:00+00,Tue 05 Jan 2021,3501,3,0,8775,15,6,8781,21,0.207686161871744,0.000496687097062593,253
-7.6926,53.28823,2021/01/06 00:00:00+00,Wed 06 Jan 2021,6748,3,0,15523,18,6,15529,24,0.367288282394524,0.000567642396642963,254
-7.6926,53.28823,2021/01/07 00:00:00+00,Thu 07 Jan 2021,11706,3,0,27229,21,6,27235,27,0.644155861357129,0.000638597696223333,255
-7.6926,53.28823,2021/01/08 00:00:00+00,Fri 08 Jan 2021,12655,4,0,39884,25,6,39890,31,0.943468966753658,0.000733204762330494,256
-7.6926,53.28823,2021/01/09 00:00:00+00,Sat 09 Jan 2021,8061,3,0,47945,28,6,47951,34,1.13412585672611,0.000804160061910864,257
-7.6926,53.28823,2021/01/10 00:00:00+00,Sun 10 Jan 2021,4756,1,1,52701,29,7,52708,36,1.24663731009405,0.000851463594964444,258
-7.6926,53.28823,2021/01/11 00:00:00+00,Mon 11 Jan 2021,8322,3,0,61023,32,7,61030,39,1.44346731113,0.000922418894544815,259
-7.6926,53.28823,2021/01/12 00:00:00+00,Tue 12 Jan 2021,8844,4,0,69867,36,7,69874,43,1.65264353429293,0.00101702596065198,260
-7.6926,53.28823,2021/01/13 00:00:00+00,Wed 13 Jan 2021,9849,3,0,79716,39,7,79723,46,1.88558978281529,0.00108798126023235,261
-7.6926,53.28823,2021/01/14 00:00:00+00,Thu 14 Jan 2021,8042,3,0,87758,42,7,87765,49,2.07579728922373,0.00115893655981272,262
-7.6926,53.28823,2021/01/15 00:00:00+00,Fri 15 Jan 2021,7646,2,0,95404,44,7,95411,51,2.25663869608757,0.0012062400928663,263
-7.6926,53.28823,2021/01/16 00:00:00+00,Sat 16 Jan 2021,5203,3,0,100607,47,7,100614,54,2.37969883732646,0.00127719539244667,264
-7.6926,53.28823,2021/01/17 00:00:00+00,Sun 17 Jan 2021,1099,4,0,101706,51,7,101713,58,2.4056921287394,0.00137180245855383,265
-7.6926,53.28823,2021/01/18 00:00:00+00,Mon 18 Jan 2021,8671,4,0,110377,55,7,110384,62,2.6107765962932,0.00146640952466099,266
-7.6926,53.28823,2021/01/19 00:00:00+00,Tue 19 Jan 2021,8351,15,0,118728,70,7,118735,77,2.80829249855842,0.00182118602256284,267
-7.6926,53.28823,2021/01/20 00:00:00+00,Wed 20 Jan 2021,8421,955,0,127149,1025,7,127156,1032,3.00746402448052,0.0244086230556474,268
-7.6926,53.28823,2021/01/21 00:00:00+00,Thu 21 Jan 2021,8952,956,0,136101,1981,7,136108,1988,3.21919463842835,0.0470197118552588,269
-7.6926,53.28823,2021/01/22 00:00:00+00,Fri 22 Jan 2021,6729,962,0,142830,2943,7,142837,2950,3.37834737538712,0.0697727112540309,270
-7.6926,53.28823,2021/01/23 00:00:00+00,Sat 23 Jan 2021,4154,456,0,146984,3399,7,146991,3406,3.47659681353941,0.0805579167902472,271
-7.6926,53.28823,2021/01/24 00:00:00+00,Sun 24 Jan 2021,1169,393,0,148153,3792,7,148160,3799,3.50424572860922,0.0898530610352757,272
-7.6926,53.28823,2021/01/25 00:00:00+00,Mon 25 Jan 2021,1327,1282,0,149480,5074,7,149487,5081,3.53563162279027,0.120174625722621,273
-7.6926,53.28823,2021/01/26 00:00:00+00,Tue 26 Jan 2021,979,3493,0,150459,8567,7,150466,8574,3.55878670222,0.202790246200698,274
-7.6926,53.28823,2021/01/27 00:00:00+00,Wed 27 Jan 2021,2138,6693,0,152597,15260,7,152604,15267,3.60935417905428,0.361091519564505,275
-7.6926,53.28823,2021/01/28 00:00:00+00,Thu 28 Jan 2021,947,11537,0,153544,26797,7,153551,26804,3.63175240195515,0.633961949984082,276
-7.6926,53.28823,2021/01/29 00:00:00+00,Fri 29 Jan 2021,1534,11520,0,155078,38317,7,155085,38324,3.66803421180725,0.906430300372705,277
-7.6926,53.28823,2021/01/30 00:00:00+00,Sat 30 Jan 2021,603,7792,0,155681,46109,7,155688,46116,3.6822962270229,1.09072486514945,278
-7.6926,53.28823,2021/01/31 00:00:00+00,Sun 31 Jan 2021,204,4080,0,155885,50189,7,155892,50196,3.68712118739437,1.18722407257876,279
-7.6926,53.28823,2021/02/01 00:00:00+00,Mon 01 Feb 2021,973,8332,0,156858,58521,7,156865,58528,3.71013435622493,1.38429059127997,280
-7.6926,53.28823,2021/02/02 00:00:00+00,Tue 02 Feb 2021,794,5098,0,157652,63619,7,157659,63626,3.7289138588472,1.50486729703355,281
-7.6926,53.28823,2021/02/03 00:00:00+00,Wed 03 Feb 2021,1359,6855,0,159011,70474,7,159018,70481,3.76105660955711,1.66700015657469,282
-7.6926,53.28823,2021/02/04 00:00:00+00,Thu 04 Feb 2021,1385,10529,0,160396,81003,7,160403,81010,3.79381430619672,1.91602960633527,283
-7.6926,53.28823,2021/02/05 00:00:00+00,Fri 05 Feb 2021,3358,8600,0,163754,89603,7,163761,89610,3.87323693819368,2.11943479846566,284
-7.6926,53.28823,2021/02/06 00:00:00+00,Sat 06 Feb 2021,873,3860,0,164627,93463,7,164634,93470,3.89388493037156,2.21073061725907,285
-7.6926,53.28823,2021/02/07 00:00:00+00,Sun 07 Feb 2021,305,1294,0,164932,94757,7,164939,94764,3.90109871916224,2.24133600314474,286
-7.6926,53.28823,2021/02/08 00:00:00+00,Mon 08 Feb 2021,1124,869,0,166056,95626,7,166063,95633,3.92768330473835,2.26188938825652,287
-7.6926,53.28823,2021/02/09 00:00:00+00,Tue 09 Feb 2021,4202,527,0,170258,96153,7,170265,96160,4.02706802768392,2.27435386921614,288
-7.6926,53.28823,2021/02/10 00:00:00+00,Wed 10 Feb 2021,8787,573,0,179045,96726,7,179052,96733,4.23489610015482,2.28790633143599,289
-7.6926,53.28823,2021/02/11 00:00:00+00,Thu 11 Feb 2021,6137,430,0,185182,97156,7,185189,97163,4.38004699132974,2.29807659104251,290
-7.6926,53.28823,2021/02/12 00:00:00+00,Fri 12 Feb 2021,4355,515,0,189537,97671,7,189544,97678,4.48305043455391,2.31025725080381,291
-7.6926,53.28823,2021/02/13 00:00:00+00,Sat 13 Feb 2021,1180,1908,0,190717,99579,7,190724,99586,4.51095951905552,2.35538482133692,292
-7.6926,53.28823,2021/02/14 00:00:00+00,Sun 14 Feb 2021,2672,18,0,193389,99597,7,193396,99604,4.5741570392151,2.3558105531344,293
-7.6926,53.28823,2021/02/15 00:00:00+00,Mon 15 Feb 2021,1925,7863,0,195314,107460,7,195321,107467,4.61968668977917,2.54178439333455,294
-7.6926,53.28823,2021/02/16 00:00:00+00,Tue 16 Feb 2021,5600,8142,0,200914,115602,7,200921,115609,4.7521365823292,2.73435707639568,295
-7.6926,53.28823,2021/02/17 00:00:00+00,Wed 17 Feb 2021,9698,8457,0,210612,124059,7,210619,124066,4.98151141410601,2.93438006591274,296
-7.6926,53.28823,2021/02/18 00:00:00+00,Thu 18 Feb 2021,8432,8325,0,219044,132384,7,219051,132391,5.1809431094599,3.13128102224827,297
-7.6926,53.28823,2021/02/19 00:00:00+00,Fri 19 Feb 2021,9361,6565,0,228405,138949,7,228412,138956,5.40234729591718,3.28655486949665,298
-7.6926,53.28823,2021/02/20 00:00:00+00,Sat 20 Feb 2021,5854,3560,1,234259,142509,8,234267,142517,5.54082838893154,3.37077881009855,299
-7.6926,53.28823,2021/02/21 00:00:00+00,Sun 21 Feb 2021,1087,1016,4,235346,143525,12,235358,143537,5.56663246621227,3.39490361195587,300
-7.6926,53.28823,2021/02/22 00:00:00+00,Mon 22 Feb 2021,3910,1098,1,239256,144623,13,239269,144636,5.65913452509854,3.42089690336882,301
-7.6926,53.28823,2021/02/23 00:00:00+00,Tue 23 Feb 2021,13325,1053,0,252581,145676,13,252594,145689,5.97429431406802,3.44580221352153,302
-7.6926,53.28823,2021/02/24 00:00:00+00,Wed 24 Feb 2021,16885,2080,2,269466,147756,15,269481,147771,6.37370169540593,3.4950451914303,303
-7.6926,53.28823,2021/02/25 00:00:00+00,Thu 25 Feb 2021,18010,1734,1,287476,149490,16,287492,149506,6.79969366231994,3.53608100635428,304
-7.6926,53.28823,2021/02/26 00:00:00+00,Fri 26 Feb 2021,16035,2744,0,303511,152234,16,303527,152250,7.17894973857702,3.6009814537038,305
-7.6926,53.28823,2021/02/27 00:00:00+00,Sat 27 Feb 2021,8943,698,1,312454,152932,17,312471,152949,7.39049113839264,3.61751403850602,306
-7.6926,53.28823,2021/02/28 00:00:00+00,Sun 28 Feb 2021,2418,46,1,314872,152978,18,314890,152996,7.44770476162094,3.61862567153278,307
-7.6926,53.28823,2021/03/01 00:00:00+00,Mon 01 Mar 2021,5536,774,0,320408,153752,18,320426,153770,7.57864094111325,3.63693213882452,308
-7.6926,53.28823,2021/03/02 00:00:00+00,Tue 02 Mar 2021,12123,1589,0,332531,155341,18,332549,155359,7.86537130671753,3.67451479583559,309
-7.6926,53.28823,2021/03/03 00:00:00+00,Wed 03 Mar 2021,12809,1487,1,345340,156828,19,345359,156847,8.16835043592571,3.70970862442745,310
-7.6926,53.28823,2021/03/04 00:00:00+00,Thu 04 Mar 2021,18658,1673,1,363998,158501,20,364018,158521,8.60966874754909,3.7493016815933,311
-7.6926,53.28823,2021/03/05 00:00:00+00,Fri 05 Mar 2021,18371,2377,4,382369,160878,24,382393,160902,9.04426995747885,3.80561653769358,312
-7.6926,53.28823,2021/03/06 00:00:00+00,Sat 06 Mar 2021,10373,124,0,392742,161002,24,392766,161026,9.28960973166125,3.80854935674291,313
-7.6926,53.28823,2021/03/07 00:00:00+00,Sun 07 Mar 2021,1481,7,0,394223,161009,24,394247,161033,9.32463799788742,3.80871491910859,314
-7.6926,53.28823,2021/03/08 00:00:00+00,Mon 08 Mar 2021,6592,1479,1,400815,162488,25,400840,162513,9.48057409459855,3.84371953356824,315
-7.6926,53.28823,2021/03/09 00:00:00+00,Tue 09 Mar 2021,13734,3082,2,414549,165570,27,414576,165597,9.80545475961054,3.91666158153686,316
-7.6926,53.28823,2021/03/10 00:00:00+00,Wed 10 Mar 2021,13639,3965,2,428188,169535,29,428217,169564,10.1280885068025,4.01048813934864,317
-7.6926,53.28823,2021/03/11 00:00:00+00,Thu 11 Mar 2021,18373,2079,1,446561,171614,30,446591,171644,10.5626660649657,4.05968381372436,318
-7.6926,53.28823,2021/03/12 00:00:00+00,Fri 12 Mar 2021,17240,1319,2,463801,172933,32,463833,172965,10.9704698234206,4.09092779730625,319
-7.6926,53.28823,2021/03/13 00:00:00+00,Sat 13 Mar 2021,8226,160,0,472027,173093,32,472059,173125,11.16502925487,4.09471207995054,320
-7.6926,53.28823,2021/03/14 00:00:00+00,Sun 14 Mar 2021,339,11,1,472366,173104,33,472399,173137,11.1730708554891,4.09499590114886,321
-7.6926,53.28823,2021/03/15 00:00:00+00,Mon 15 Mar 2021,2565,974,0,474931,174078,33,474964,174111,11.2337376366303,4.11803272174595,322
-7.6926,53.28823,2021/03/16 00:00:00+00,Tue 16 Mar 2021,8859,3788,0,483790,177866,33,483823,177899,11.4432686362912,4.20762561334944,323
-7.6926,53.28823,2021/03/17 00:00:00+00,Wed 17 Mar 2021,4824,2390,5,488614,180256,38,488652,180294,11.557483016849,4.2642715941811,324
-7.6926,53.28823,2021/03/18 00:00:00+00,Thu 18 Mar 2021,11628,4662,1,500242,184918,39,500281,184957,11.8325294097891,4.37455978149552,325
-7.6926,53.28823,2021/03/19 00:00:00+00,Fri 19 Mar 2021,10251,6095,1,510493,191013,40,510533,191053,12.0750073202217,4.51874095024283,326
-7.6926,53.28823,2021/03/20 00:00:00+00,Sat 20 Mar 2021,5144,3092,2,515637,194105,42,515679,194147,12.1967193107686,4.59191951587672,327
-7.6926,53.28823,2021/03/21 00:00:00+00,Sun 21 Mar 2021,3571,41,0,519208,194146,42,519250,194188,12.2811797690358,4.59288923830432,328
-7.6926,53.28823,2021/03/22 00:00:00+00,Mon 22 Mar 2021,7315,2374,0,526523,196520,42,526565,196562,12.4541924411792,4.64903853203892,329
-7.6926,53.28823,2021/03/23 00:00:00+00,Tue 23 Mar 2021,12474,7355,2,538997,203875,44,539041,203919,12.7492718803675,4.82304457837652,330
-7.6926,53.28823,2021/03/24 00:00:00+00,Wed 24 Mar 2021,13516,9744,0,552513,213619,44,552557,213663,13.0689491567436,5.05350739141356,331
-7.6926,53.28823,2021/03/25 00:00:00+00,Thu 25 Mar 2021,20761,10188,2,573274,223807,46,573320,223853,13.5600307851393,5.29451889232155,332
-7.6926,53.28823,2021/03/26 00:00:00+00,Fri 26 Mar 2021,19599,9446,1,592873,233253,47,592920,233300,14.0236054090644,5.51795713070014,333
-7.6926,53.28823,2021/03/27 00:00:00+00,Sat 27 Mar 2021,11649,5308,1,604522,238561,48,604570,238609,14.2991484891015,5.64352435919086,334
-7.6926,53.28823,2021/03/28 00:00:00+00,Sun 28 Mar 2021,2431,465,0,606953,239026,48,607001,239074,14.3566459335281,5.65452243062582,335
-7.6926,53.28823,2021/03/28 23:00:00+00,Mon 29 Mar 2021,9176,3075,3,616129,242101,51,616180,242152,14.5737454984775,5.72732256799528,336
-7.6926,53.28823,2021/03/29 23:00:00+00,Tue 30 Mar 2021,13234,8622,1,629363,250723,52,629415,250775,14.8867766284596,5.93127175075579,337
-7.6926,53.28823,2021/03/30 23:00:00+00,Wed 31 Mar 2021,15697,10439,0,645060,261162,52,645112,261214,15.2580384076306,6.17817254152895,338
-7.6926,53.28823,2021/03/31 23:00:00+00,Thu 01 Apr 2021,19579,11579,1,664639,272741,53,664692,272794,15.7211399962252,6.45205999790918,339
-7.6926,53.28823,2021/04/01 23:00:00+00,Fri 02 Apr 2021,20039,13679,4,684678,286420,57,684735,286477,16.1951923527216,6.77568711929525,340
-7.6926,53.28823,2021/04/02 23:00:00+00,Sat 03 Apr 2021,7460,4604,0,692138,291024,57,692195,291081,16.3716345310115,6.8845798523846,341
-7.6926,53.28823,2021/04/03 23:00:00+00,Sun 04 Apr 2021,2961,158,0,695099,291182,57,695156,291239,16.4416674116973,6.88831683149583,342
-7.6926,53.28823,2021/04/04 23:00:00+00,Mon 05 Apr 2021,3361,578,2,698460,291760,59,698519,291819,16.5212083025269,6.90203485608137,343
-7.6926,53.28823,2021/04/05 23:00:00+00,Tue 06 Apr 2021,11868,8124,5,710328,299884,64,710392,299948,16.8020257264995,7.09430006617764,344
-7.6926,53.28823,2021/04/06 23:00:00+00,Wed 07 Apr 2021,18226,10422,3,728554,310306,67,728621,310373,17.2331737785163,7.34086973221943,345
-7.6926,53.28823,2021/04/07 23:00:00+00,Thu 08 Apr 2021,20057,10518,5,748611,320824,72,748683,320896,17.7076755185768,7.58975727138084,346
-7.6926,53.28823,2021/04/08 23:00:00+00,Fri 09 Apr 2021,20596,9110,6,769207,329934,78,769285,330012,18.1949492125617,7.80536677503906,347
-7.6926,53.28823,2021/04/09 23:00:00+00,Sat 10 Apr 2021,11066,4132,3,780273,334066,81,780354,334147,18.4567506162468,7.90316682962734,348
-7.6926,53.28823,2021/04/10 23:00:00+00,Sun 11 Apr 2021,2797,327,0,783070,334393,81,783151,334474,18.5229046072222,7.9109009572816,349
-7.6926,53.28823,2021/04/11 23:00:00+00,Mon 12 Apr 2021,7681,2727,6,790751,337120,87,790838,337207,18.7047157365136,7.97554123519932,350
-7.6926,53.28823,2021/04/12 23:00:00+00,Tue 13 Apr 2021,11410,8534,0,802161,345654,87,802248,345741,18.9745823925843,8.17738541073894,351
-7.6926,53.28823,2021/04/13 23:00:00+00,Wed 14 Apr 2021,20238,6545,2,822399,352199,89,822488,352288,19.4532941470866,8.33223352618984,352
-7.6926,53.28823,2021/04/14 23:00:00+00,Thu 15 Apr 2021,27007,10732,1,849406,362931,90,849496,363021,20.0920810574421,8.58608793632188,353
-7.6926,53.28823,2021/04/15 23:00:00+00,Fri 16 Apr 2021,27865,9772,1,877271,372703,91,877362,372794,20.7511611834776,8.8172366505882,354
-7.6926,53.28823,2021/04/16 23:00:00+00,Sat 17 Apr 2021,15750,4499,1,893021,377202,92,893113,377294,21.1237001580411,8.92366959995875,355
-7.6926,53.28823,2021/04/17 23:00:00+00,Sun 18 Apr 2021,1010,443,0,894031,377645,92,894123,377737,21.1475884422332,8.93414733253012,356
-7.6926,53.28823,2021/04/18 23:00:00+00,Mon 19 Apr 2021,6658,2192,0,900689,379837,92,900781,379929,21.3050619037685,8.98599200475684,357
-7.6926,53.28823,2021/04/19 23:00:00+00,Tue 20 Apr 2021,14968,7251,0,915657,387088,92,915749,387180,21.6590815451415,9.1574909638426,358
-7.6926,53.28823,2021/04/20 23:00:00+00,Wed 21 Apr 2021,26572,9787,1,942229,396875,93,942322,396968,22.2875799370579,9.38899445460682,359
-7.6926,53.28823,2021/04/21 23:00:00+00,Thu 22 Apr 2021,31508,12113,0,973737,408988,93,973830,409081,23.032799796784,9.67548830254583,360
-7.6926,53.28823,2021/04/22 23:00:00+00,Fri 23 Apr 2021,33473,12327,0,1007210,421315,93,1007303,421408,23.8244953777353,9.96704362852157,361
-7.6926,53.28823,2021/04/23 23:00:00+00,Sat 24 Apr 2021,23574,6947,0,1030784,428262,93,1030877,428355,24.3820621218378,10.1313524505832,362
-7.6926,53.28823,2021/04/24 23:00:00+00,Sun 25 Apr 2021,9685,254,1,1040469,428516,94,1040563,428610,24.6111531324163,10.1373836510475,363
-7.6926,53.28823,2021/04/25 23:00:00+00,Mon 26 Apr 2021,15472,2984,1,1055941,431500,95,1056036,431595,24.9771169158853,10.20798417413,364
-7.6926,53.28823,2021/04/26 23:00:00+00,Tue 27 Apr 2021,25802,7740,3,1081743,439240,98,1081841,439338,25.5874507511091,10.3911198023469,365
-7.6926,53.28823,2021/04/27 23:00:00+00,Wed 28 Apr 2021,25916,8521,2,1107659,447761,100,1107759,447861,26.2004572359505,10.5927038084547,366
-7.6926,53.28823,2021/04/28 23:00:00+00,Thu 29 Apr 2021,31586,11259,0,1139245,459020,100,1139345,459120,26.9475219334657,10.8589990477799,367
