X,Y,VaccinationDate,VaccineText,Dose1,Dose2,SingleDose,Dose1Cum,Dose2Cum,SingleDoseCum,PartiallyVacc,FullyVacc,PartialPercent,FullyPercent,ObjectId
-7.6926,53.28823,2021/07/25 23:00:00+00,Mon 26 Jul 2021,23873,18348,3423,3062063,2504521,208717,3270780,2713238,64.130061610959,53.1983563875269,1
-7.6926,53.28823,2021/07/26 23:00:00+00,Tue 27 Jul 2021,25543,23944,3672,3087606,2528465,212389,3299995,2740854,64.7028790275888,53.7398222707255,2
-7.6926,53.28823,2021/07/27 23:00:00+00,Wed 28 Jul 2021,23461,25332,3265,3111067,2553797,215654,3326721,2769451,65.2268947139432,54.3005225843781,3
-7.6926,53.28823,2021/07/28 23:00:00+00,Thu 29 Jul 2021,19309,27905,2966,3130376,2581702,218620,3348996,2800322,65.6636398091144,54.9058091313155,4
-7.6926,53.28823,2021/07/29 23:00:00+00,Fri 30 Jul 2021,21983,22982,2125,3152359,2604684,220745,3373104,2825429,66.1363244669994,55.3980811449839,5
-7.6926,53.28823,2021/07/30 23:00:00+00,Sat 31 Jul 2021,13773,12517,907,3166132,2617201,221652,3387784,2838853,66.4241546801134,55.6612850128886,6
-7.6926,53.28823,2021/07/31 23:00:00+00,Sun 01 Aug 2021,11168,9373,370,3177300,2626574,222022,3399322,2848596,66.6503798162788,55.8523156509247,7
-7.6926,53.28823,2021/08/01 23:00:00+00,Mon 02 Aug 2021,15049,16078,431,3192349,2642652,222453,3414802,2865105,66.9538955995897,56.1760069989014,8
-7.6926,53.28823,2021/08/02 23:00:00+00,Tue 03 Aug 2021,17367,25473,1111,3209716,2668125,223564,3433280,2891689,67.3161930572137,56.6972384965459,9
-7.6926,53.28823,2021/08/03 23:00:00+00,Wed 04 Aug 2021,22152,17350,1576,3231868,2685475,225140,3457008,2910615,67.7814270692551,57.0683198734802,10
-7.6926,53.28823,2021/08/04 23:00:00+00,Thu 05 Aug 2021,13566,30087,1421,3245434,2715562,226561,3471995,2942123,68.0752766199322,57.6860960556869,11
-7.6926,53.28823,2021/08/05 23:00:00+00,Fri 06 Aug 2021,12243,24781,949,3257677,2740343,227510,3485187,2967853,68.3339316724798,58.1905832071462,12
-7.6926,53.28823,2021/08/06 23:00:00+00,Sat 07 Aug 2021,6353,8495,585,3264030,2748838,228095,3492125,2976933,68.4699647800128,58.3686144288815,13
-7.6926,53.28823,2021/08/07 23:00:00+00,Sun 08 Aug 2021,8638,12009,153,3272668,2760847,228248,3500916,2989095,68.6423295895145,58.6070743098006,14
-7.6926,53.28823,2021/08/08 23:00:00+00,Mon 09 Aug 2021,5573,23062,601,3278241,2783909,228849,3507090,3012758,68.7633829775095,59.0710338692635,15
-7.6926,53.28823,2021/08/09 23:00:00+00,Tue 10 Aug 2021,9387,26047,718,3287628,2809956,229567,3517195,3039523,68.9615113360596,59.5958142271651,16
-7.6926,53.28823,2021/08/10 23:00:00+00,Wed 11 Aug 2021,7048,31261,668,3294676,2841217,230235,3524911,3071452,69.1127986606092,60.221844940688,17
-7.6926,53.28823,2021/08/11 23:00:00+00,Thu 12 Aug 2021,6799,38324,865,3301475,2879541,231100,3532575,3110641,69.2630664230959,60.9902222037481,18
-7.6926,53.28823,2021/08/12 23:00:00+00,Fri 13 Aug 2021,10958,28254,875,3312433,2907795,231975,3544408,3139770,69.4950756132715,61.5613534215817,19
-7.6926,53.28823,2021/08/13 23:00:00+00,Sat 14 Aug 2021,18156,5868,281,3330589,2913663,232256,3562845,3145919,69.8565691854228,61.6819166355079,20
-7.6926,53.28823,2021/08/14 23:00:00+00,Sun 15 Aug 2021,17009,3745,54,3347598,2917408,232310,3579908,3149718,70.191122790761,61.7564034869807,21
-7.6926,53.28823,2021/08/15 23:00:00+00,Mon 16 Aug 2021,10210,23188,386,3357808,2940596,232696,3590504,3173292,70.3988781680195,62.2186180267592,22
-7.6926,53.28823,2021/08/16 23:00:00+00,Tue 17 Aug 2021,12887,26891,532,3370695,2967487,233228,3603923,3200715,70.6619840011105,62.7562997661478,23
-7.6926,53.28823,2021/08/17 23:00:00+00,Wed 18 Aug 2021,15253,25805,659,3385948,2993292,233887,3619835,3227179,70.9739699923278,63.2751784282627,24
-7.6926,53.28823,2021/08/18 23:00:00+00,Thu 19 Aug 2021,11384,25751,545,3397332,3019043,234432,3631764,3253475,71.207861450927,63.7907631206363,25
-7.6926,53.28823,2021/08/19 23:00:00+00,Fri 20 Aug 2021,14873,22299,686,3412205,3041342,235118,3647323,3276460,71.5129261842949,64.2414291593574,26
-7.6926,53.28823,2021/08/20 23:00:00+00,Sat 21 Aug 2021,11920,8009,246,3424125,3049351,235364,3659489,3284715,71.7514644930649,64.4032846368271,27
-7.6926,53.28823,2021/08/21 23:00:00+00,Sun 22 Aug 2021,8011,12269,162,3432136,3061620,235526,3667662,3297146,71.9117121995895,64.6470187907249,28
-7.6926,53.28823,2021/08/22 23:00:00+00,Mon 23 Aug 2021,10893,15426,294,3443029,3077046,235820,3678849,3312866,72.131055291831,64.9552402450949,29
-7.6926,53.28823,2021/08/23 23:00:00+00,Tue 24 Aug 2021,9728,22949,384,3452757,3099995,236204,3688961,3336199,72.3293208991204,65.4127295068515,30
-7.6926,53.28823,2021/08/24 23:00:00+00,Wed 25 Aug 2021,9426,19564,318,3462183,3119559,236522,3698705,3356081,72.5203711441192,65.8025551401712,31
-7.6926,53.28823,2021/08/25 23:00:00+00,Thu 26 Aug 2021,8605,19472,370,3470788,3139031,236892,3707680,3375923,72.6963436347662,66.1915964949809,32
-7.6926,53.28823,2021/08/26 23:00:00+00,Fri 27 Aug 2021,9740,19255,432,3480528,3158286,237324,3717852,3395610,72.8957856598204,66.577598770565,33
-7.6926,53.28823,2021/08/27 23:00:00+00,Sat 28 Aug 2021,9939,7953,155,3490467,3166239,237479,3727946,3403718,73.0936983417803,66.736572024511,34
-7.6926,53.28823,2021/08/28 23:00:00+00,Sun 29 Aug 2021,8808,9208,30,3499275,3175447,237509,3736784,3412956,73.2669846785311,66.9177011463603,35
-7.6926,53.28823,2021/08/29 23:00:00+00,Mon 30 Aug 2021,5077,11182,85,3504352,3186629,237594,3741946,3424223,73.3681958202269,67.1386127956215,36
-7.6926,53.28823,2021/08/30 23:00:00+00,Tue 31 Aug 2021,4088,12927,146,3508440,3199556,237740,3746180,3437296,73.4512117004942,67.3949346196024,37
-7.6926,53.28823,2021/08/31 23:00:00+00,Wed 01 Sep 2021,5011,12584,184,3513451,3212140,237924,3751375,3450064,73.5530698719607,67.6452763199456,38
-7.6926,53.28823,2021/09/01 23:00:00+00,Thu 02 Sep 2021,5016,12397,249,3518467,3224537,238173,3756640,3462710,73.6563005308193,67.8932259708339,39
-7.6926,53.28823,2021/09/02 23:00:00+00,Fri 03 Sep 2021,4790,16126,167,3523257,3240663,238340,3761597,3479003,73.7534922451521,68.2126822148574,40
-7.6926,53.28823,2021/09/03 23:00:00+00,Sat 04 Sep 2021,4635,10601,136,3527892,3251264,238476,3766368,3489740,73.8470370644142,68.4232021738632,41
-7.6926,53.28823,2021/09/04 23:00:00+00,Sun 05 Sep 2021,5310,11916,1,3533202,3263180,238477,3771679,3501657,73.9511696435591,68.6568583489094,42
-7.6926,53.28823,2021/09/05 23:00:00+00,Mon 06 Sep 2021,2175,9715,76,3535377,3272895,238553,3773930,3511448,73.9953049167008,68.8488301211573,43
-7.6926,53.28823,2021/09/06 23:00:00+00,Tue 07 Sep 2021,3044,10053,162,3538421,3282948,238715,3777136,3521663,74.0581648392651,69.0491152456096,44
-7.6926,53.28823,2021/09/07 23:00:00+00,Wed 08 Sep 2021,2617,14829,191,3541038,3297777,238906,3779944,3536683,74.1132211906563,69.3436118260572,45
-7.6926,53.28823,2021/09/08 23:00:00+00,Thu 09 Sep 2021,3133,14851,138,3544171,3312628,239044,3783215,3551672,74.1773555657991,69.6375005906598,46
-7.6926,53.28823,2021/09/09 23:00:00+00,Fri 10 Sep 2021,3399,13965,116,3547570,3326593,239160,3786730,3565753,74.2462740398519,69.9135862330888,47
-7.6926,53.28823,2021/09/10 23:00:00+00,Sat 11 Sep 2021,2571,11356,62,3550141,3337949,239222,3789363,3577171,74.2978991727626,70.1374585337247,48
-7.6926,53.28823,2021/09/11 23:00:00+00,Sun 12 Sep 2021,2045,12891,1,3552186,3350840,239223,3791409,3590063,74.3380150185413,70.3902314974485,49
-7.6926,53.28823,2021/09/12 23:00:00+00,Mon 13 Sep 2021,1628,7766,52,3553814,3358606,239275,3793089,3597881,74.3709547159549,70.5435187321981,50
-7.6926,53.28823,2021/09/13 23:00:00+00,Tue 14 Sep 2021,1562,10809,82,3555376,3369415,239357,3794733,3608772,74.4031885627096,70.7570581634668,51
-7.6926,53.28823,2021/09/14 23:00:00+00,Wed 15 Sep 2021,3294,12396,138,3558670,3381811,239495,3798165,3621306,74.4704796588545,71.0028118345274,52
-7.6926,53.28823,2021/09/15 23:00:00+00,Thu 16 Sep 2021,1923,10592,116,3560593,3392403,239611,3800204,3632014,74.510458255894,71.2127631916135,53
-7.6926,53.28823,2021/09/16 23:00:00+00,Fri 17 Sep 2021,2567,14636,96,3563160,3407039,239707,3802867,3646746,74.5626715976871,71.5016129667903,54
-7.6926,53.28823,2021/09/17 23:00:00+00,Sat 18 Sep 2021,2292,11250,48,3565452,3418289,239755,3805207,3658044,74.6085518905132,71.7231324318967,55
-7.6926,53.28823,2021/09/18 23:00:00+00,Sun 19 Sep 2021,1866,8500,16,3567318,3426789,239771,3807089,3666560,74.6454521944015,71.8901053266432,56
-7.6926,53.28823,2021/09/19 23:00:00+00,Mon 20 Sep 2021,969,5652,35,3568287,3432441,239806,3808093,3672247,74.6651375849986,72.0016101237807,57
-7.6926,53.28823,2021/09/20 23:00:00+00,Tue 21 Sep 2021,1480,6697,90,3569767,3439138,239896,3809663,3679034,74.6959205165101,72.1346825799391,58
-7.6926,53.28823,2021/09/21 23:00:00+00,Wed 22 Sep 2021,1904,8178,97,3571671,3447316,239993,3811664,3687309,74.7351540489653,72.2969301966637,59
-7.6926,53.28823,2021/09/22 23:00:00+00,Thu 23 Sep 2021,1693,8746,89,3573364,3456062,240082,3813446,3696144,74.770093656579,72.4701577125262,60
-7.6926,53.28823,2021/09/23 23:00:00+00,Fri 24 Sep 2021,1917,7414,81,3575281,3463476,240163,3815444,3703639,74.8092683681458,72.6171118983089,61
-7.6926,53.28823,2021/09/24 23:00:00+00,Sat 25 Sep 2021,2428,6625,53,3577709,3470101,240216,3817925,3710317,74.8579132427191,72.7480471955279,62
-7.6926,53.28823,2021/09/25 23:00:00+00,Sun 26 Sep 2021,1550,7105,0,3579259,3477206,240216,3819475,3717422,74.8883040349757,72.8873546658395,63
-7.6926,53.28823,2021/09/26 23:00:00+00,Mon 27 Sep 2021,1181,3851,45,3580440,3481057,240261,3820701,3721318,74.9123421713025,72.9637433926986,64
-7.6926,53.28823,2021/09/27 23:00:00+00,Tue 28 Sep 2021,1459,5165,94,3581899,3486222,240355,3822254,3726577,74.9427917844473,73.0668564097808,65
-7.6926,53.28823,2021/09/28 23:00:00+00,Wed 29 Sep 2021,1657,3646,80,3583556,3489868,240435,3823991,3730303,74.9768490787374,73.1399119529731,66
-7.6926,53.28823,2021/09/29 23:00:00+00,Thu 30 Sep 2021,1279,4006,79,3584835,3493874,240514,3825349,3734388,75.0034753341468,73.2200063957912,67
-7.6926,53.28823,2021/09/30 23:00:00+00,Fri 01 Oct 2021,1878,5219,42,3586713,3499093,240556,3827269,3739649,75.0411207026194,73.3231586267989,68
-7.6926,53.28823,2021/10/01 23:00:00+00,Sat 02 Oct 2021,1686,4115,41,3588399,3503208,240597,3828996,3743805,75.0749819272821,73.404645163972,69
-7.6926,53.28823,2021/10/02 23:00:00+00,Sun 03 Oct 2021,1198,3027,9,3589597,3506235,240606,3830203,3746841,75.0986475313167,73.4641719028695,70
-7.6926,53.28823,2021/10/03 23:00:00+00,Mon 04 Oct 2021,353,1249,18,3589950,3507484,240624,3830574,3748108,75.1059217144956,73.4890139246689,71
-7.6926,53.28823,2021/10/04 23:00:00+00,Tue 05 Oct 2021,961,2848,70,3590911,3510332,240694,3831605,3751026,75.1261364930869,73.5462270419622,72
-7.6926,53.28823,2021/10/05 23:00:00+00,Wed 06 Oct 2021,974,2587,40,3591885,3512919,240734,3832619,3753653,75.1460179533115,73.5977345330965,73
-7.6926,53.28823,2021/10/06 23:00:00+00,Thu 07 Oct 2021,1214,2727,44,3593099,3515646,240778,3833877,3756424,75.1706835124462,73.6520654268661,74
-7.6926,53.28823,2021/10/07 23:00:00+00,Fri 08 Oct 2021,917,2767,48,3594016,3518413,240826,3834842,3759239,75.1896042314963,73.7072590269966,75
-7.6926,53.28823,2021/10/08 23:00:00+00,Sat 09 Oct 2021,725,2375,24,3594741,3520788,240850,3835591,3761638,75.2042898465932,73.7542961306247,76
-7.6926,53.28823,2021/10/09 23:00:00+00,Sun 10 Oct 2021,1521,3931,3,3596262,3524719,240853,3837115,3765572,75.2341708578184,73.8314299220682,77
-7.6926,53.28823,2021/10/10 23:00:00+00,Mon 11 Oct 2021,336,1153,20,3596598,3525872,240873,3837471,3766745,75.241150936556,73.8544288893695,78
-7.6926,53.28823,2021/10/11 23:00:00+00,Tue 12 Oct 2021,563,1635,21,3597161,3527507,240894,3838055,3768401,75.2526014027998,73.8868980196772,79
-7.6926,53.28823,2021/10/12 23:00:00+00,Wed 13 Oct 2021,991,2093,11,3598152,3529600,240905,3839057,3770505,75.2722475794714,73.9281510692951,80
-7.6926,53.28823,2021/10/13 23:00:00+00,Thu 14 Oct 2021,656,1626,9,3598808,3531226,240914,3839722,3772140,75.2852862096976,73.9602084533851,81
-7.6926,53.28823,2021/10/14 23:00:00+00,Fri 15 Oct 2021,958,2098,10,3599766,3533324,240924,3840690,3774248,75.3042657496359,74.0015399308541,82
-7.6926,53.28823,2021/10/15 23:00:00+00,Sat 16 Oct 2021,1384,2670,14,3601150,3535994,240938,3842088,3776932,75.3316762835551,74.0541650188648,83
-7.6926,53.28823,2021/10/16 23:00:00+00,Sun 17 Oct 2021,1709,2895,3,3602859,3538889,240941,3843800,3779830,75.3652434037766,74.1109859969033,84
-7.6926,53.28823,2021/10/17 23:00:00+00,Mon 18 Oct 2021,681,1269,6,3603540,3540158,240947,3844487,3781105,75.3787133871832,74.1359848744047,85
-7.6926,53.28823,2021/10/18 23:00:00+00,Tue 19 Oct 2021,1342,1821,13,3604882,3541979,240960,3845842,3782939,75.4052808217043,74.1719440440812,86
-7.6926,53.28823,2021/10/19 23:00:00+00,Wed 20 Oct 2021,2265,2357,1,3607147,3544336,240961,3848108,3785297,75.4497101992871,74.2181772622367,87
-7.6926,53.28823,2021/10/20 23:00:00+00,Thu 21 Oct 2021,1732,1870,11,3608879,3546206,240972,3849851,3787178,75.4838851353537,74.2550579591622,88
-7.6926,53.28823,2021/10/21 23:00:00+00,Fri 22 Oct 2021,1511,1948,3,3610390,3548154,240975,3851365,3789129,75.5135700769514,74.29331114348,89
-7.6926,53.28823,2021/10/22 23:00:00+00,Sat 23 Oct 2021,2019,1717,1,3612409,3549871,240976,3853385,3790847,75.5531761416987,74.326995905478,90
-7.6926,53.28823,2021/10/23 23:00:00+00,Sun 24 Oct 2021,1960,2194,2,3614369,3552065,240978,3855347,3793043,75.5916450026067,74.3700527956686,91
-7.6926,53.28823,2021/10/24 23:00:00+00,Mon 25 Oct 2021,1245,872,2,3615614,3552937,240980,3856594,3793917,75.6160948851512,74.3871892811087,92
-7.6926,53.28823,2021/10/25 23:00:00+00,Tue 26 Oct 2021,1247,1249,6,3616861,3554186,240986,3857847,3795172,75.6406624094722,74.4117960193552,93
-7.6926,53.28823,2021/10/26 23:00:00+00,Wed 27 Oct 2021,1570,1442,6,3618431,3555628,240992,3859423,3796620,75.6715629827602,74.4401869014117,94
-7.6926,53.28823,2021/10/27 23:00:00+00,Thu 28 Oct 2021,2163,1716,5,3620594,3557344,240997,3861591,3798341,75.7140708779939,74.4739304842979,95
-7.6926,53.28823,2021/10/28 23:00:00+00,Fri 29 Oct 2021,2150,1391,3,3622744,3558735,241000,3863744,3799735,75.7562846687864,74.501262590366,96
-7.6926,53.28823,2021/10/29 23:00:00+00,Sat 30 Oct 2021,2022,1468,1,3624766,3560203,241001,3865767,3801204,75.795949554422,74.5300652186402,97
-7.6926,53.28823,2021/10/30 23:00:00+00,Sun 31 Oct 2021,1601,1321,0,3626367,3561524,241001,3867368,3802525,75.8273403017786,74.5559660164279,98
-7.6926,53.28823,2021/11/01 00:00:00+00,Mon 01 Nov 2021,299,309,2,3626666,3561833,241003,3867669,3802836,75.8332419975652,74.5620637818419,99
-7.6926,53.28823,2021/11/02 00:00:00+00,Tue 02 Nov 2021,1100,1104,10,3627766,3562937,241013,3868779,3803950,75.8550057262135,74.5839059383412,100
-7.6926,53.28823,2021/11/03 00:00:00+00,Wed 03 Nov 2021,2539,1892,7,3630305,3564829,241020,3871325,3805849,75.9049250533652,74.6211395605962,101
-7.6926,53.28823,2021/11/04 00:00:00+00,Thu 04 Nov 2021,1540,1298,2,3631845,3566127,241022,3872867,3807149,75.9351589899199,74.6466286121662,102
-7.6926,53.28823,2021/11/05 00:00:00+00,Fri 05 Nov 2021,1630,1113,5,3633475,3567240,241027,3874502,3808267,75.9672163740099,74.6685491965165,103
-7.6926,53.28823,2021/11/06 00:00:00+00,Sat 06 Nov 2021,1826,1366,6,3635301,3568606,241033,3876334,3809639,76.0031363297609,74.6954499494042,104
-7.6926,53.28823,2021/11/07 00:00:00+00,Sun 07 Nov 2021,700,775,0,3636001,3569381,241033,3877034,3810414,76.0168612036832,74.7106453455325,105
-7.6926,53.28823,2022/02/21 00:00:00+00,Mon 21 Feb 2022,255,997,1,3829813,3746488,241193,4071006,3987681,79.8200629814857,78.1863128106601,106
-7.6926,53.28823,2022/02/22 00:00:00+00,Tue 22 Feb 2022,477,989,1,3830290,3747477,241194,4071484,3988671,79.8294351096784,78.2057237037788,107
-7.6926,53.28823,2022/02/23 00:00:00+00,Wed 23 Feb 2022,829,1273,1,3831119,3748750,241195,4072314,3989945,79.8457088887577,78.2307029743174,108
-7.6926,53.28823,2022/02/24 00:00:00+00,Thu 24 Feb 2022,653,1237,0,3831772,3749987,241195,4072967,3991182,79.858512235431,78.2549567872344,109
-7.6926,53.28823,2022/02/25 00:00:00+00,Fri 25 Feb 2022,693,1228,0,3832465,3751215,241195,4073660,3992410,79.8720998606141,78.2790341374868,110
-7.6926,53.28823,2022/02/26 00:00:00+00,Sat 26 Feb 2022,960,2094,0,3833425,3753309,241195,4074620,3994504,79.8909225448504,78.3200911174773,111
-7.6926,53.28823,2022/02/27 00:00:00+00,Sun 27 Feb 2022,671,1783,0,3834096,3755092,241195,4075291,3996287,79.9040788168531,78.3550503320537,112
-7.6926,53.28823,2022/02/28 00:00:00+00,Mon 28 Feb 2022,81,437,0,3834177,3755529,241195,4075372,3996724,79.9056669808356,78.3636185747738,113
-7.6926,53.28823,2022/03/01 00:00:00+00,Tue 01 Mar 2022,131,938,1,3834308,3756467,241196,4075504,3997663,79.9082550999181,78.3820295127925,114
-7.6926,53.28823,2022/03/02 00:00:00+00,Wed 02 Mar 2022,207,997,2,3834515,3757464,241198,4075713,3998662,79.912352955132,78.4016168685759,115
-7.6926,53.28823,2022/03/03 00:00:00+00,Thu 03 Mar 2022,279,1278,0,3834794,3758742,241198,4075992,3999940,79.9178232977382,78.4266745669655,116
-7.6926,53.28823,2022/03/04 00:00:00+00,Fri 04 Mar 2022,735,1509,1,3835529,3760251,241199,4076728,4001450,79.9322540223194,78.4562810807123,117
-7.6926,53.28823,2022/03/05 00:00:00+00,Sat 05 Mar 2022,963,3343,0,3836492,3763594,241199,4077691,4004793,79.951135527444,78.5218271571727,118
-7.6926,53.28823,2022/03/06 00:00:00+00,Sun 06 Mar 2022,455,1916,0,3836947,3765510,241199,4078146,4006709,79.9600566954935,78.5593940977944,119
-7.6926,53.28823,2022/03/07 00:00:00+00,Mon 07 Mar 2022,117,125,1,3837064,3765635,241200,4078264,4006835,79.9623703170975,78.5618645751004,120
-7.6926,53.28823,2022/03/08 00:00:00+00,Tue 08 Mar 2022,120,493,0,3837184,3766128,241200,4078384,4007328,79.9647231526271,78.5715308077343,121
-7.6926,53.28823,2022/03/09 00:00:00+00,Wed 09 Mar 2022,130,344,1,3837314,3766472,241201,4078515,4007673,79.9672916647468,78.5782952098818,122
-7.6926,53.28823,2022/03/10 00:00:00+00,Thu 10 Mar 2022,259,508,0,3837573,3766980,241201,4078774,4008181,79.9723698680981,78.5882555469568,123
-7.6926,53.28823,2022/03/11 00:00:00+00,Fri 11 Mar 2022,493,2184,0,3838066,3769164,241201,4079267,4010365,79.9820361007319,78.6310771535945,124
-7.6926,53.28823,2022/03/12 00:00:00+00,Sat 12 Mar 2022,473,2393,2,3838539,3771557,241203,4079742,4012760,79.9913494080364,78.6780358293716,125
-7.6926,53.28823,2022/03/13 00:00:00+00,Sun 13 Mar 2022,358,1082,0,3838897,3772639,241203,4080100,4013842,79.9983687006995,78.6992505630629,126
-7.6926,53.28823,2022/03/14 00:00:00+00,Mon 14 Mar 2022,109,123,0,3839006,3772762,241203,4080209,4013965,80.0005058596388,78.7016622194807,127
-7.6926,53.28823,2022/03/15 00:00:00+00,Tue 15 Mar 2022,222,755,1,3839228,3773517,241204,4080432,4014721,80.0048782123312,78.7164850833168,128
-7.6926,53.28823,2022/03/16 00:00:00+00,Wed 16 Mar 2022,195,799,0,3839423,3774316,241204,4080627,4015520,80.0087015700667,78.7321510465511,129
-7.6926,53.28823,2022/03/17 00:00:00+00,Thu 17 Mar 2022,1,4,0,3839424,3774320,241204,4080628,4015524,80.0087211770295,78.732229474402,130
-7.6926,53.28823,2022/03/18 00:00:00+00,Fri 18 Mar 2022,4,8,0,3839428,3774328,241204,4080632,4015532,80.0087996048805,78.732386330104,131
-7.6926,53.28823,2022/03/19 00:00:00+00,Sat 19 Mar 2022,743,2780,0,3840171,3777108,241204,4081375,4018312,80.0233675782009,78.7868936865384,132
-7.6926,53.28823,2022/03/20 00:00:00+00,Sun 20 Mar 2022,395,1402,0,3840566,3778510,241204,4081770,4019714,80.0311123284856,78.8143826483085,133
-7.6926,53.28823,2022/03/21 00:00:00+00,Mon 21 Mar 2022,57,112,0,3840623,3778622,241204,4081827,4019826,80.0322299253622,78.8165786281361,134
-7.6926,53.28823,2022/03/22 00:00:00+00,Tue 22 Mar 2022,141,575,0,3840764,3779197,241204,4081968,4020401,80.0349945071094,78.8278526317152,135
-7.6926,53.28823,2022/03/23 00:00:00+00,Wed 23 Mar 2022,102,221,0,3840866,3779418,241204,4082070,4020622,80.0369944173095,78.8321857704821,136
-7.6926,53.28823,2022/03/24 00:00:00+00,Thu 24 Mar 2022,148,245,0,3841014,3779663,241204,4082218,4020867,80.0398962477959,78.8369894763549,137
-7.6926,53.28823,2022/03/25 00:00:00+00,Fri 25 Mar 2022,435,1625,0,3841449,3781288,241204,4082653,4022492,80.0484252765905,78.8688507908174,138
-7.6926,53.28823,2022/03/26 00:00:00+00,Sat 26 Mar 2022,874,1848,1,3842323,3783136,241205,4083528,4024341,80.0655813689934,78.9051040649351,139
-7.6926,53.28823,2022/03/27 00:00:00+00,Sun 27 Mar 2022,380,804,0,3842703,3783940,241205,4083908,4025145,80.073032014837,78.920868062983,140
-7.6926,53.28823,2022/03/27 23:00:00+00,Mon 28 Mar 2022,44,54,1,3842747,3783994,241206,4083953,4025200,80.0739143281606,78.9219464459341,141
-7.6926,53.28823,2022/03/28 23:00:00+00,Tue 29 Mar 2022,138,193,3,3842885,3784187,241209,4084094,4025396,80.0766789099078,78.9257894106323,142
-7.6926,53.28823,2022/03/29 23:00:00+00,Wed 30 Mar 2022,109,138,0,3842994,3784325,241209,4084203,4025534,80.0788160688471,78.9284951714913,143
-7.6926,53.28823,2022/03/30 23:00:00+00,Thu 31 Mar 2022,227,361,0,3843221,3784686,241209,4084430,4025895,80.0832668493905,78.9355732850427,144
-7.6926,53.28823,2022/03/31 23:00:00+00,Fri 01 Apr 2022,309,906,0,3843530,3785592,241209,4084739,4026801,80.0893254008791,78.9533371932907,145
-7.6926,53.28823,2022/04/01 23:00:00+00,Sat 02 Apr 2022,729,1538,1,3844259,3787130,241210,4085469,4028340,80.1036384836838,78.9835123089571,146
-7.6926,53.28823,2022/04/02 23:00:00+00,Sun 03 Apr 2022,538,817,0,3844797,3787947,241210,4086007,4029157,80.1141870296412,78.9995311975207,147
-7.6926,53.28823,2022/04/03 23:00:00+00,Mon 04 Apr 2022,50,53,0,3844847,3788000,241210,4086057,4029210,80.1151673777785,79.0005703665463,148
-7.6926,53.28823,2022/04/04 23:00:00+00,Tue 05 Apr 2022,132,170,0,3844979,3788170,241210,4086189,4029380,80.117755496861,79.0039035502131,149
-7.6926,53.28823,2022/04/05 23:00:00+00,Wed 06 Apr 2022,158,211,0,3845137,3788381,241210,4086347,4029591,80.1208533969749,79.0080406193526,150
-7.6926,53.28823,2022/04/06 23:00:00+00,Thu 07 Apr 2022,117,181,0,3845254,3788562,241210,4086464,4029772,80.1231474116162,79.0115894796096,151
-7.6926,53.28823,2022/04/07 23:00:00+00,Fri 08 Apr 2022,256,422,2,3845510,3788984,241212,4086722,4030196,80.1282060080047,79.019902831814,152
-7.6926,53.28823,2022/04/08 23:00:00+00,Sat 09 Apr 2022,559,1019,0,3846069,3790003,241212,4087281,4031215,80.1391663001799,79.0398823268524,153
-7.6926,53.28823,2022/04/09 23:00:00+00,Sun 10 Apr 2022,413,720,0,3846482,3790723,241212,4087694,4031935,80.147263975794,79.0539993400296,154
-7.6926,53.28823,2022/04/10 23:00:00+00,Mon 11 Apr 2022,70,93,1,3846552,3790816,241213,4087765,4032029,80.148656070149,79.0558423945278,155
-7.6926,53.28823,2022/04/11 23:00:00+00,Tue 12 Apr 2022,196,179,0,3846748,3790995,241213,4087961,4032208,80.1524990348473,79.0593520408593,156
-7.6926,53.28823,2022/04/12 23:00:00+00,Wed 13 Apr 2022,142,235,0,3846890,3791230,241213,4088103,4032443,80.1552832235572,79.0639596771047,157
-7.6926,53.28823,2022/04/13 23:00:00+00,Thu 14 Apr 2022,359,431,0,3847249,3791661,241213,4088462,4032874,80.1623221231831,79.0724102780483,158
-7.6926,53.28823,2022/04/14 23:00:00+00,Fri 15 Apr 2022,447,990,0,3847696,3792651,241213,4088909,4033864,80.1710864355306,79.091821171167,159
-7.6926,53.28823,2022/04/15 23:00:00+00,Sat 16 Apr 2022,43,88,0,3847739,3792739,241213,4088952,4033952,80.1719295349287,79.0935465838887,160
-7.6926,53.28823,2022/04/16 23:00:00+00,Sun 17 Apr 2022,1,1,0,3847740,3792740,241213,4088953,4033953,80.1719491418915,79.0935661908514,161
-7.6926,53.28823,2022/04/17 23:00:00+00,Mon 18 Apr 2022,36,62,1,3847776,3792802,241214,4088990,4034016,80.1726745995131,79.0948014295044,162
-7.6926,53.28823,2022/04/18 23:00:00+00,Tue 19 Apr 2022,218,271,1,3847994,3793073,241215,4089209,4034288,80.1769685243545,79.1001345233714,163
-7.6926,53.28823,2022/04/19 23:00:00+00,Wed 20 Apr 2022,253,607,0,3848247,3793680,241215,4089462,4034895,80.1819290859293,79.1120359497583,164
-7.6926,53.28823,2022/04/20 23:00:00+00,Thu 21 Apr 2022,170,236,0,3848417,3793916,241215,4089632,4035131,80.1852622695961,79.1166631929664,165
-7.6926,53.28823,2022/04/21 23:00:00+00,Fri 22 Apr 2022,195,254,0,3848612,3794170,241215,4089827,4035385,80.1890856273316,79.121643361504,166
-7.6926,53.28823,2022/04/22 23:00:00+00,Sat 23 Apr 2022,323,1010,0,3848935,3795180,241215,4090150,4036395,80.1954186762987,79.1414463938776,167
-7.6926,53.28823,2022/04/23 23:00:00+00,Sun 24 Apr 2022,181,252,0,3849116,3795432,241215,4090331,4036647,80.1989675365557,79.1463873484896,168
-7.6926,53.28823,2022/04/24 23:00:00+00,Mon 25 Apr 2022,41,60,1,3849157,3795492,241216,4090373,4036708,80.1997910289911,79.1475833732172,169
-7.6926,53.28823,2022/04/25 23:00:00+00,Tue 26 Apr 2022,144,238,0,3849301,3795730,241216,4090517,4036946,80.2026144316265,79.1522498303508,170
-7.6926,53.28823,2022/04/26 23:00:00+00,Wed 27 Apr 2022,123,207,0,3849424,3795937,241216,4090640,4037153,80.2050260880443,79.1563084716392,171
-7.6926,53.28823,2022/04/27 23:00:00+00,Thu 28 Apr 2022,100,130,0,3849524,3796067,241216,4090740,4037283,80.2069867843189,79.1588573767962,172
-7.6926,53.28823,2022/04/28 23:00:00+00,Fri 29 Apr 2022,169,222,0,3849693,3796289,241216,4090909,4037505,80.210300361023,79.1632101225259,173
-7.6926,53.28823,2022/04/29 23:00:00+00,Sat 30 Apr 2022,281,726,0,3849974,3797015,241216,4091190,4038231,80.2158099175547,79.1774447774796,174
-7.6926,53.28823,2022/04/30 23:00:00+00,Sun 01 May 2022,188,748,0,3850162,3797763,241216,4091378,4038979,80.219496026551,79.1921107856137,175
-7.6926,53.28823,2022/05/01 23:00:00+00,Mon 02 May 2022,12,26,0,3850174,3797789,241216,4091390,4039005,80.2197313101039,79.1926205666451,176
-7.6926,53.28823,2022/05/02 23:00:00+00,Tue 03 May 2022,96,117,0,3850270,3797906,241216,4091486,4039122,80.2216135785276,79.1949145812864,177
-7.6926,53.28823,2022/05/03 23:00:00+00,Wed 04 May 2022,113,129,0,3850383,3798035,241216,4091599,4039251,80.2238291653179,79.1974438794807,178
-7.6926,53.28823,2022/05/04 23:00:00+00,Thu 05 May 2022,112,166,0,3850495,3798201,241216,4091711,4039417,80.2260251451454,79.2006986352966,179
-7.6926,53.28823,2022/05/05 23:00:00+00,Fri 06 May 2022,136,257,0,3850631,3798458,241216,4091847,4039674,80.2286916920789,79.2057376247223,180
-7.6926,53.28823,2022/05/06 23:00:00+00,Sat 07 May 2022,441,1088,0,3851072,3799546,241216,4092288,4040762,80.23733836265,79.2270700001902,181
-7.6926,53.28823,2022/05/07 23:00:00+00,Sun 08 May 2022,274,437,0,3851346,3799983,241216,4092562,4041199,80.2427106704424,79.2356382429103,182
-7.6926,53.28823,2022/05/08 23:00:00+00,Mon 09 May 2022,24,32,0,3851370,3800015,241216,4092586,4041231,80.2431812375484,79.2362656657181,183
-7.6926,53.28823,2022/05/09 23:00:00+00,Tue 10 May 2022,81,99,1,3851451,3800114,241217,4092668,4041331,80.2447890084935,79.2382263619928,184
-7.6926,53.28823,2022/05/10 23:00:00+00,Wed 11 May 2022,112,132,0,3851563,3800246,241217,4092780,4041463,80.2469849883211,79.2408144810753,185
-7.6926,53.28823,2022/05/11 23:00:00+00,Thu 12 May 2022,207,398,0,3851770,3800644,241217,4092987,4041861,80.2510436296096,79.2486180522482,186
-7.6926,53.28823,2022/05/12 23:00:00+00,Fri 13 May 2022,173,327,0,3851943,3800971,241217,4093160,4042188,80.2544356341647,79.2550295290662,187
-7.6926,53.28823,2022/05/13 23:00:00+00,Sat 14 May 2022,333,633,0,3852276,3801604,241217,4093493,4042821,80.2609647527592,79.2674407364846,188
-7.6926,53.28823,2022/05/14 23:00:00+00,Sun 15 May 2022,168,254,0,3852444,3801858,241217,4093661,4043075,80.2642587225005,79.2724209050221,189
-7.6926,53.28823,2022/05/15 23:00:00+00,Mon 16 May 2022,31,41,0,3852475,3801899,241217,4093692,4043116,80.2648665383456,79.2732247904947,190
-7.6926,53.28823,2022/05/16 23:00:00+00,Tue 17 May 2022,97,101,0,3852572,3802000,241217,4093789,4043217,80.266768413732,79.2752050937321,191
-7.6926,53.28823,2022/05/17 23:00:00+00,Wed 18 May 2022,99,123,0,3852671,3802123,241217,4093888,4043340,80.2687095030439,79.2776167501498,192
-7.6926,53.28823,2022/05/18 23:00:00+00,Thu 19 May 2022,73,107,0,3852744,3802230,241217,4093961,4043447,80.2701408113244,79.2797146951637,193
-7.6926,53.28823,2022/05/19 23:00:00+00,Fri 20 May 2022,128,210,0,3852872,3802440,241217,4094089,4043657,80.2726505025559,79.2838321573404,194
-7.6926,53.28823,2022/05/20 23:00:00+00,Sat 21 May 2022,392,763,0,3853264,3803203,241217,4094481,4044420,80.2803364319524,79.2987922699157,195
-7.6926,53.28823,2022/05/21 23:00:00+00,Sun 22 May 2022,234,410,0,3853498,3803613,241217,4094715,4044830,80.284924461235,79.3068311246417,196
-7.6926,53.28823,2022/05/22 23:00:00+00,Mon 23 May 2022,26,35,0,3853524,3803648,241217,4094741,4044865,80.2854342422664,79.3075173683378,197
-7.6926,53.28823,2022/05/23 23:00:00+00,Tue 24 May 2022,64,84,0,3853588,3803732,241217,4094805,4044949,80.2866890878821,79.3091643532084,198
-7.6926,53.28823,2022/05/24 23:00:00+00,Wed 25 May 2022,87,133,1,3853675,3803865,241218,4094893,4045083,80.2884145006038,79.3117916862164,199
-7.6926,53.28823,2022/05/25 23:00:00+00,Thu 26 May 2022,99,155,0,3853774,3804020,241218,4094992,4045238,80.2903555899157,79.3148307654421,200
-7.6926,53.28823,2022/05/26 23:00:00+00,Fri 27 May 2022,95,152,2,3853869,3804172,241220,4095089,4045392,80.2922574653021,79.317850237705,201
-7.6926,53.28823,2022/05/27 23:00:00+00,Sat 28 May 2022,335,580,0,3854204,3804752,241220,4095424,4045972,80.298825797822,79.3292222760978,202
-7.6926,53.28823,2022/05/28 23:00:00+00,Sun 29 May 2022,181,349,0,3854385,3805101,241220,4095605,4046321,80.3023746580791,79.3360651060962,203
-7.6926,53.28823,2022/05/29 23:00:00+00,Mon 30 May 2022,9,24,0,3854394,3805125,241220,4095614,4046345,80.3025511207438,79.3365356732021,204
-7.6926,53.28823,2022/05/30 23:00:00+00,Tue 31 May 2022,65,80,2,3854459,3805205,241222,4095681,4046427,80.3038647872478,79.3381434441473,205
-7.6926,53.28823,2022/05/31 23:00:00+00,Wed 01 Jun 2022,73,102,0,3854532,3805307,241222,4095754,4046529,80.3052960955283,79.3401433543474,206
-7.6926,53.28823,2022/06/01 23:00:00+00,Thu 02 Jun 2022,92,142,0,3854624,3805449,241222,4095846,4046671,80.3070999361009,79.3429275430574,207
-7.6926,53.28823,2022/06/02 23:00:00+00,Fri 03 Jun 2022,59,143,0,3854683,3805592,241222,4095905,4046814,80.3082567469029,79.3457313387301,208
-7.6926,53.28823,2022/06/03 23:00:00+00,Sat 04 Jun 2022,305,607,0,3854988,3806199,241222,4096210,4047421,80.3142368705405,79.357632765117,209
-7.6926,53.28823,2022/06/04 23:00:00+00,Sun 05 Jun 2022,143,273,0,3855131,3806472,241222,4096353,4047694,80.3170406662132,79.3629854659467,210
-7.6926,53.28823,2021/04/11 23:00:00+00,Mon 12 Apr 2021,7799,2811,14,798947,339739,277,799224,340016,15.670355193855,6.66668104510601,211
-7.6926,53.28823,2021/04/12 23:00:00+00,Tue 13 Apr 2021,11538,8600,1,810485,348339,278,810763,348617,15.8965999369832,6.83532053168593,212
-7.6926,53.28823,2021/04/13 23:00:00+00,Wed 14 Apr 2021,20365,6606,2,830850,354945,280,831130,355225,16.2959349472347,6.9648833415127,213
-7.6926,53.28823,2021/04/14 23:00:00+00,Thu 15 Apr 2021,27127,10827,1,857977,365772,281,858258,366053,16.8278326326132,7.17718753412837,214
-7.6926,53.28823,2021/04/15 23:00:00+00,Fri 16 Apr 2021,27982,9853,1,885959,375625,282,886241,375907,17.3764942711396,7.37039454502925,215
-7.6926,53.28823,2021/04/16 23:00:00+00,Sat 17 Apr 2021,15864,4570,3,901823,380195,285,902108,380480,17.6875979490333,7.46005718566755,216
-7.6926,53.28823,2021/04/17 23:00:00+00,Sun 18 Apr 2021,1082,490,0,902905,380685,285,903190,380970,17.7088126827246,7.46966459741318,217
-7.6926,53.28823,2021/04/18 23:00:00+00,Mon 19 Apr 2021,6775,2271,0,909680,382956,285,909965,383241,17.84164985533,7.51419200980976,218
-7.6926,53.28823,2021/04/19 23:00:00+00,Tue 20 Apr 2021,15107,7337,1,924787,390293,286,925073,390579,18.1378718484994,7.65806790244124,219
-7.6926,53.28823,2021/04/20 23:00:00+00,Wed 21 Apr 2021,26757,9912,4,951544,400205,290,951834,400495,18.6625737785499,7.85249054503239,220
-7.6926,53.28823,2021/04/21 23:00:00+00,Thu 22 Apr 2021,31650,12200,1,983194,412405,291,983485,412696,19.2831537564294,8.09171509749856,221
-7.6926,53.28823,2021/04/22 23:00:00+00,Fri 23 Apr 2021,33627,12369,3,1016821,424774,294,1017115,425068,19.9425359135835,8.33429244059433,222
-7.6926,53.28823,2021/04/23 23:00:00+00,Sat 24 Apr 2021,23714,7020,2,1040535,431794,296,1040831,432090,20.407534642072,8.47197253299803,223
-7.6926,53.28823,2021/04/24 23:00:00+00,Sun 25 Apr 2021,9762,312,3,1050297,432106,299,1050596,432405,20.5989966332884,8.47814872626308,224
-7.6926,53.28823,2021/04/25 23:00:00+00,Mon 26 Apr 2021,15609,3064,4,1065906,435170,303,1066209,435473,20.9051201426446,8.53830288796836,225
-7.6926,53.28823,2021/04/26 23:00:00+00,Tue 27 Apr 2021,25938,7830,9,1091844,443000,312,1092156,443312,21.4138620050198,8.69200186893569,226
-7.6926,53.28823,2021/04/27 23:00:00+00,Wed 28 Apr 2021,26062,8636,7,1117906,451636,319,1118225,451955,21.92499591685,8.86146484795094,227
-7.6926,53.28823,2021/04/28 23:00:00+00,Thu 29 Apr 2021,31711,11340,7,1149617,462976,326,1149943,463302,22.5468895612334,9.08394505423188,228
-7.6926,53.28823,2021/04/29 23:00:00+00,Fri 30 Apr 2021,36121,13548,9,1185738,476524,335,1186073,476859,23.255289125253,9.34975664818188,229
-7.6926,53.28823,2021/04/30 23:00:00+00,Sat 01 May 2021,16649,6705,21,1202387,483229,356,1202743,483585,23.5821371942319,9.4816330796127,230
-7.6926,53.28823,2021/05/01 23:00:00+00,Sun 02 May 2021,12487,915,16,1214874,484144,372,1215246,484516,23.8272830494474,9.4998871619294,231
-7.6926,53.28823,2021/05/02 23:00:00+00,Mon 03 May 2021,14288,944,21,1229162,485088,393,1229555,485481,24.1078390793825,9.51880788097946,232
-7.6926,53.28823,2021/05/03 23:00:00+00,Tue 04 May 2021,26685,6815,11,1255847,491903,404,1256251,492307,24.6312665568546,9.6526450086849,233
-7.6926,53.28823,2021/05/04 23:00:00+00,Wed 05 May 2021,32158,13478,70,1288005,505381,474,1288479,505855,25.2631597522386,9.91828013997019,234
-7.6926,53.28823,2021/05/05 23:00:00+00,Thu 06 May 2021,37319,14389,133,1325324,519770,607,1325931,520377,25.9974797210086,10.2030124529702,235
-7.6926,53.28823,2021/05/06 23:00:00+00,Fri 07 May 2021,40622,15104,99,1365946,534874,706,1366652,535580,26.7958948509959,10.5010971076005,236
-7.6926,53.28823,2021/05/07 23:00:00+00,Sat 08 May 2021,25648,7073,10,1391594,541947,716,1392310,542663,27.2989703011375,10.6399732247317,237
-7.6926,53.28823,2021/05/08 23:00:00+00,Sun 09 May 2021,19688,936,5,1411282,542883,721,1412003,543604,27.685090218498,10.6584233766758,238
-7.6926,53.28823,2021/05/09 23:00:00+00,Mon 10 May 2021,28878,4670,172,1440160,547553,893,1441053,548446,28.2546724862746,10.7533602902928,239
-7.6926,53.28823,2021/05/10 23:00:00+00,Tue 11 May 2021,33938,14830,153,1474098,562383,1046,1475144,563429,28.9230934532547,11.0471314131189,240
-7.6926,53.28823,2021/05/11 23:00:00+00,Wed 12 May 2021,31327,20941,176,1505425,583324,1222,1506647,584546,29.5407716006477,11.46117164543,241
-7.6926,53.28823,2021/05/12 23:00:00+00,Thu 13 May 2021,36026,25492,153,1541451,608816,1375,1542826,610191,30.2501319058419,11.9639922050559,242
-7.6926,53.28823,2021/05/13 23:00:00+00,Fri 14 May 2021,38251,27962,237,1579702,636778,1612,1581314,638390,31.004764688017,12.5168889475355,243
-7.6926,53.28823,2021/05/14 23:00:00+00,Sat 15 May 2021,28897,12472,22,1608599,649250,1634,1610233,650884,31.5717784436738,12.7618583400863,244
-7.6926,53.28823,2021/05/15 23:00:00+00,Sun 16 May 2021,23202,1188,11,1631801,650438,1645,1633446,652083,32.0269148699009,12.785367088419,245
-7.6926,53.28823,2021/05/16 23:00:00+00,Mon 17 May 2021,35415,3968,120,1667216,654406,1765,1668981,656171,32.7236482910865,12.8655203521254,246
-7.6926,53.28823,2021/05/17 23:00:00+00,Tue 18 May 2021,39051,12519,127,1706267,666925,1892,1708159,668817,33.4918098775565,13.1134700030136,247
-7.6926,53.28823,2021/05/18 23:00:00+00,Wed 19 May 2021,37059,17622,212,1743326,684547,2104,1745430,686651,34.2225809860695,13.463140576629,248
-7.6926,53.28823,2021/05/19 23:00:00+00,Thu 20 May 2021,39126,19650,138,1782452,704197,2242,1784694,706439,34.9924287713356,13.8511231554505,249
-7.6926,53.28823,2021/05/20 23:00:00+00,Fri 21 May 2021,25872,23270,14937,1808324,727467,17179,1825503,744646,35.7925693140445,14.6002463810939,250
-7.6926,53.28823,2021/05/21 23:00:00+00,Sat 22 May 2021,16623,10266,13524,1824947,737733,30703,1855650,768436,36.3836604199537,15.0666960248256,251
-7.6926,53.28823,2021/05/22 23:00:00+00,Sun 23 May 2021,8240,5544,10206,1833187,743277,40909,1874096,784186,36.7453304547698,15.3755056880779,252
-7.6926,53.28823,2021/05/23 23:00:00+00,Mon 24 May 2021,22583,8254,8453,1855770,751531,49362,1905132,800893,37.3538521505603,15.7030792146784,253
-7.6926,53.28823,2021/05/24 23:00:00+00,Tue 25 May 2021,30392,16535,3225,1886162,768066,52587,1938749,820653,38.0129794171987,16.090512798543,254
-7.6926,53.28823,2021/05/25 23:00:00+00,Wed 26 May 2021,20011,25493,3055,1906173,793559,55642,1961815,849201,38.4652336199022,16.650252371021,255
-7.6926,53.28823,2021/05/26 23:00:00+00,Thu 27 May 2021,17052,36073,550,1923225,829632,56192,1979417,885824,38.8103553781605,17.3683181676744,256
-7.6926,53.28823,2021/05/27 23:00:00+00,Fri 28 May 2021,27077,31852,1562,1950302,861484,57754,2008056,919238,39.3718791842484,18.0234652208754,257
-7.6926,53.28823,2021/05/28 23:00:00+00,Sat 29 May 2021,24517,7408,538,1974819,868892,58292,2033111,927184,39.863131635854,18.1792621468565,258
-7.6926,53.28823,2021/05/29 23:00:00+00,Sun 30 May 2021,24279,1697,210,1999098,870589,58502,2057600,929091,40.3432865465453,18.2166526248135,259
-7.6926,53.28823,2021/05/30 23:00:00+00,Mon 31 May 2021,22629,7326,3445,2021727,877915,61947,2083674,939862,40.8545184931892,18.4278392205526,260
-7.6926,53.28823,2021/05/31 23:00:00+00,Tue 01 Jun 2021,27656,11544,3657,2049383,889459,65604,2114987,955063,41.4684713176604,18.7258846612574,261
-7.6926,53.28823,2021/06/01 23:00:00+00,Wed 02 Jun 2021,18740,20926,4010,2068123,910385,69614,2137737,979999,41.9145297201361,19.2148038842962,262
-7.6926,53.28823,2021/06/02 23:00:00+00,Thu 03 Jun 2021,16733,30722,1978,2084856,941107,71592,2156448,1012699,42.2813956000799,19.8559515660963,263
-7.6926,53.28823,2021/06/03 23:00:00+00,Fri 04 Jun 2021,29036,23360,155,2113892,964467,71747,2185639,1036214,42.8537424496037,20.3170092950728,264
-7.6926,53.28823,2021/06/04 23:00:00+00,Sat 05 Jun 2021,20998,11514,37,2134890,975981,71784,2206674,1047765,43.2661749109697,20.543489321754,265
-7.6926,53.28823,2021/06/05 23:00:00+00,Sun 06 Jun 2021,19978,3927,47,2154868,979908,71831,2226699,1051739,43.658804339962,20.6214073917073,266
-7.6926,53.28823,2021/06/06 23:00:00+00,Mon 07 Jun 2021,19863,4617,48,2174731,984525,71879,2246610,1056404,44.0491985752012,20.7128738729183,267
-7.6926,53.28823,2021/06/07 23:00:00+00,Tue 08 Jun 2021,26454,18361,48,2201185,1002886,71927,2273112,1074813,44.5688223019006,21.0738184501127,268
-7.6926,53.28823,2021/06/08 23:00:00+00,Wed 09 Jun 2021,32856,20143,178,2234041,1023029,72105,2306146,1095134,45.216518709258,21.4722515400779,269
-7.6926,53.28823,2021/06/09 23:00:00+00,Thu 10 Jun 2021,27739,27519,273,2261780,1050548,72378,2334158,1122926,45.765748949704,22.0171682487198,270
-7.6926,53.28823,2021/06/10 23:00:00+00,Fri 11 Jun 2021,26491,32924,44,2288271,1083472,72422,2360693,1155894,46.286019706174,22.663570596536,271
-7.6926,53.28823,2021/06/11 23:00:00+00,Sat 12 Jun 2021,12245,19745,105,2300516,1103217,72527,2373043,1175744,46.5281656960893,23.0527688070477,272
-7.6926,53.28823,2021/06/12 23:00:00+00,Sun 13 Jun 2021,8568,18190,835,2309084,1121407,73362,2382446,1194769,46.7125299667917,23.4257912732938,273
-7.6926,53.28823,2021/06/13 23:00:00+00,Mon 14 Jun 2021,16053,31332,56,2325137,1152739,73418,2398555,1226157,47.0283785296699,24.041214619971,274
-7.6926,53.28823,2021/06/14 23:00:00+00,Tue 15 Jun 2021,14750,41611,207,2339887,1194350,73625,2413512,1267975,47.3216398714646,24.8611385880908,275
-7.6926,53.28823,2021/06/15 23:00:00+00,Wed 16 Jun 2021,13515,48414,220,2353402,1242764,73845,2427247,1316609,47.5909415047834,25.8147036142887,276
-7.6926,53.28823,2021/06/16 23:00:00+00,Thu 17 Jun 2021,21610,42713,536,2375012,1285477,74381,2449393,1359858,48.0251573017604,26.6626851460983,277
-7.6926,53.28823,2021/06/17 23:00:00+00,Fri 18 Jun 2021,12041,50052,555,2387053,1335529,74936,2461989,1410465,48.2721266045113,27.6549347097944,278
-7.6926,53.28823,2021/06/18 23:00:00+00,Sat 19 Jun 2021,6351,32830,434,2393404,1368359,75370,2468774,1443729,48.4051598467441,28.3071407185834,279
-7.6926,53.28823,2021/06/19 23:00:00+00,Sun 20 Jun 2021,8543,26158,178,2401947,1394517,75548,2477495,1470065,48.5761521688536,28.8235096894669,280
-7.6926,53.28823,2021/06/20 23:00:00+00,Mon 21 Jun 2021,15523,32369,575,2417470,1426886,76123,2493593,1503009,48.8917850551416,29.4694414701771,281
-7.6926,53.28823,2021/06/21 23:00:00+00,Tue 22 Jun 2021,15176,43580,723,2432646,1470466,76846,2509492,1547312,49.2035161558432,30.3380887407212,282
-7.6926,53.28823,2021/06/22 23:00:00+00,Wed 23 Jun 2021,20110,39420,887,2452756,1509886,77733,2530489,1587619,49.6152035526248,31.1283865881316,283
-7.6926,53.28823,2021/06/23 23:00:00+00,Thu 24 Jun 2021,19057,44290,1033,2471813,1554176,78766,2550579,1632942,50.0091074341956,32.0170329606769,284
-7.6926,53.28823,2021/06/24 23:00:00+00,Fri 25 Jun 2021,15239,50145,844,2487052,1604321,79610,2566662,1683931,50.3244462160425,33.016772384142,285
-7.6926,53.28823,2021/06/25 23:00:00+00,Sat 26 Jun 2021,9096,30600,513,2496148,1634921,80123,2576271,1715044,50.5128495210705,33.6268038160639,286
-7.6926,53.28823,2021/06/26 23:00:00+00,Sun 27 Jun 2021,8752,30498,60,2504900,1665419,80183,2585083,1745602,50.6856260767899,34.2259533836618,287
-7.6926,53.28823,2021/06/27 23:00:00+00,Mon 28 Jun 2021,24263,24686,528,2529163,1690105,80711,2609874,1770816,51.1717022902305,34.720323342344,288
-7.6926,53.28823,2021/06/28 23:00:00+00,Tue 29 Jun 2021,28169,31076,813,2557332,1721181,81524,2638856,1802705,51.7399512845404,35.3455697773571,289
-7.6926,53.28823,2021/06/29 23:00:00+00,Wed 30 Jun 2021,22618,36912,593,2579950,1758093,82117,2662067,1840210,52.195048496842,36.0809289151526,290
-7.6926,53.28823,2021/06/30 23:00:00+00,Thu 01 Jul 2021,15085,48349,644,2595035,1806442,82761,2677796,1889203,52.5034464138767,37.0415328409764,291
-7.6926,53.28823,2021/07/01 23:00:00+00,Fri 02 Jul 2021,13719,47312,819,2608754,1853754,83580,2692334,1937334,52.7884924382807,37.9852355649129,292
-7.6926,53.28823,2021/07/02 23:00:00+00,Sat 03 Jul 2021,9339,30507,507,2618093,1884261,84087,2702180,1968348,52.9815425934796,38.593325907523,293
-7.6926,53.28823,2021/07/03 23:00:00+00,Sun 04 Jul 2021,6469,27798,233,2624562,1912059,84320,2708882,1996379,53.1129484578045,39.1429286802612,294
-7.6926,53.28823,2021/07/04 23:00:00+00,Mon 05 Jul 2021,15656,33502,5344,2640218,1945561,89664,2729882,2035225,53.5246946754744,39.9045807550994,295
-7.6926,53.28823,2021/07/05 23:00:00+00,Tue 06 Jul 2021,12429,48325,5491,2652647,1993886,95155,2747802,2089041,53.876051447886,40.959749062248,296
-7.6926,53.28823,2021/07/06 23:00:00+00,Wed 07 Jul 2021,19730,43799,5061,2672377,2037685,100216,2772593,2137901,54.3621276613266,41.9177452620265,297
-7.6926,53.28823,2021/07/07 23:00:00+00,Thu 08 Jul 2021,17815,45635,6004,2690192,2083320,106220,2796412,2189540,54.8291459069779,42.9302292112766,298
-7.6926,53.28823,2021/07/08 23:00:00+00,Fri 09 Jul 2021,13544,45128,6534,2703736,2128448,112754,2816490,2241202,55.2228145049958,43.9431641206699,299
-7.6926,53.28823,2021/07/09 23:00:00+00,Sat 10 Jul 2021,8666,23903,4365,2712402,2152351,117119,2829521,2269470,55.4783128365413,44.497413743579,300
-7.6926,53.28823,2021/07/10 23:00:00+00,Sun 11 Jul 2021,15251,16137,2153,2727653,2168488,119272,2846925,2287760,55.8195524161758,44.8560250922066,301
-7.6926,53.28823,2021/07/11 23:00:00+00,Mon 12 Jul 2021,17141,31794,6096,2744794,2200282,125368,2870162,2325650,56.2751594095089,45.5989329106595,302
-7.6926,53.28823,2021/07/12 23:00:00+00,Tue 13 Jul 2021,20128,36605,8490,2764922,2236887,133858,2898780,2370745,56.8362714693791,46.4831088956986,303
-7.6926,53.28823,2021/07/13 23:00:00+00,Wed 14 Jul 2021,20813,35747,9335,2785735,2272634,143193,2928928,2415827,57.427382182251,47.367029990222,304
-7.6926,53.28823,2021/07/14 23:00:00+00,Thu 15 Jul 2021,23684,28878,9588,2809419,2301512,152781,2962200,2454293,58.079745046742,48.1212314192167,305
-7.6926,53.28823,2021/07/15 23:00:00+00,Fri 16 Jul 2021,23538,27460,9169,2832957,2328972,161950,2994907,2490922,58.7210299772814,48.8394148576466,306
-7.6926,53.28823,2021/07/16 23:00:00+00,Sat 17 Jul 2021,11528,19459,4683,2844485,2348431,166633,3011118,2515064,59.0388784503598,49.3127661522649,307
-7.6926,53.28823,2021/07/17 23:00:00+00,Sun 18 Jul 2021,16879,15845,1934,2861364,2364276,168567,3029931,2532843,59.4077442405037,49.6613583429293,308
-7.6926,53.28823,2021/07/18 23:00:00+00,Mon 19 Jul 2021,24928,18476,6254,2886292,2382752,174821,3061113,2557573,60.0191285528552,50.1462385316424,309
-7.6926,53.28823,2021/07/19 23:00:00+00,Tue 20 Jul 2021,30620,18217,7700,2916912,2400969,182521,3099433,2583490,60.7704673652889,50.6543921851352,310
-7.6926,53.28823,2021/07/20 23:00:00+00,Wed 21 Jul 2021,30388,19869,6895,2947300,2420838,189416,3136716,2610254,61.5014737573548,51.179152936074,311
-7.6926,53.28823,2021/07/21 23:00:00+00,Thu 22 Jul 2021,33569,15959,6939,2980869,2436797,196355,3177224,2633152,62.2957126042772,51.6281131690361,312
-7.6926,53.28823,2021/07/22 23:00:00+00,Fri 23 Jul 2021,27111,20876,5616,3007980,2457673,201971,3209951,2659644,62.9373896740715,52.147540826108,313
-7.6926,53.28823,2021/07/23 23:00:00+00,Sat 24 Jul 2021,15462,14836,2277,3023442,2472509,204248,3227690,2676757,63.285197586226,52.4830747795834,314
-7.6926,53.28823,2021/07/24 23:00:00+00,Sun 25 Jul 2021,14748,13664,1046,3038190,2486173,205294,3243484,2691467,63.5948699558392,52.7714932015798,315
-7.6926,53.28823,2022/06/05 23:00:00+00,Mon 06 Jun 2022,5,7,1,3855136,3806479,241223,4096359,4047702,80.3171583079897,79.3631423216487,316
-7.6926,53.28823,2022/06/06 23:00:00+00,Tue 07 Jun 2022,29,54,0,3855165,3806533,241223,4096388,4047756,80.3177269099093,79.364201097637,317
-7.6926,53.28823,2022/06/07 23:00:00+00,Wed 08 Jun 2022,36,76,0,3855201,3806609,241223,4096424,4047832,80.3184327605682,79.3656912268057,318
-7.6926,53.28823,2022/06/08 23:00:00+00,Thu 09 Jun 2022,74,122,0,3855275,3806731,241223,4096498,4047954,80.3198836758114,79.3680832762607,319
-7.6926,53.28823,2022/06/09 23:00:00+00,Fri 10 Jun 2022,56,108,0,3855331,3806839,241223,4096554,4048062,80.3209816657252,79.3702008282373,320
-7.6926,53.28823,2022/06/10 23:00:00+00,Sat 11 Jun 2022,190,562,0,3855521,3807401,241223,4096744,4048624,80.324706988647,79.3812199413007,321
-7.6926,53.28823,2022/06/11 23:00:00+00,Sun 12 Jun 2022,143,288,0,3855664,3807689,241223,4096887,4048912,80.3275107843197,79.3868667465716,322
-7.6926,53.28823,2022/06/12 23:00:00+00,Mon 13 Jun 2022,17,42,0,3855681,3807731,241223,4096904,4048954,80.3278441026864,79.3876902390069,323
-7.6926,53.28823,2022/06/13 23:00:00+00,Tue 14 Jun 2022,37,55,0,3855718,3807786,241223,4096941,4049009,80.328569560308,79.388768621958,324
-7.6926,53.28823,2022/06/14 23:00:00+00,Wed 15 Jun 2022,66,124,0,3855784,3807910,241223,4097007,4049133,80.3298636198492,79.3911998853385,325
-7.6926,53.28823,2022/06/15 23:00:00+00,Thu 16 Jun 2022,43,84,0,3855827,3807994,241223,4097050,4049217,80.3307067192473,79.3928468702092,326
-7.6926,53.28823,2022/06/16 23:00:00+00,Fri 17 Jun 2022,59,95,0,3855886,3808089,241223,4097109,4049312,80.3318635300493,79.39470953167,327
-7.6926,53.28823,2022/06/17 23:00:00+00,Sat 18 Jun 2022,223,488,0,3856109,3808577,241223,4097332,4049800,80.3362358827417,79.4042777294902,328
-7.6926,53.28823,2022/06/18 23:00:00+00,Sun 19 Jun 2022,79,129,0,3856188,3808706,241223,4097411,4049929,80.3377848327987,79.4068070276845,329
-7.6926,53.28823,2022/06/19 23:00:00+00,Mon 20 Jun 2022,9,28,0,3856197,3808734,241223,4097420,4049957,80.3379612954634,79.4073560226413,330
-7.6926,53.28823,2022/06/20 23:00:00+00,Tue 21 Jun 2022,74,169,2,3856271,3808903,241225,4097496,4050128,80.3394514246321,79.4107088132709,331
-7.6926,53.28823,2022/06/21 23:00:00+00,Wed 22 Jun 2022,60,96,0,3856331,3808999,241225,4097556,4050224,80.3406278423969,79.4125910816946,332
-7.6926,53.28823,2022/06/22 23:00:00+00,Thu 23 Jun 2022,64,113,0,3856395,3809112,241225,4097620,4050337,80.3418826880126,79.4148066684849,333
-7.6926,53.28823,2022/06/23 23:00:00+00,Fri 24 Jun 2022,55,93,1,3856450,3809205,241226,4097676,4050431,80.3429806779264,79.416649722983,334
-7.6926,53.28823,2022/06/24 23:00:00+00,Sat 25 Jun 2022,210,293,0,3856660,3809498,241226,4097886,4050724,80.3470981401031,79.4223945630677,335
-7.6926,53.28823,2022/06/25 23:00:00+00,Sun 26 Jun 2022,174,402,0,3856834,3809900,241226,4098060,4051126,80.350509751621,79.4302765620916,336
-7.6926,53.28823,2022/06/26 23:00:00+00,Mon 27 Jun 2022,5,35,0,3856839,3809935,241226,4098065,4051161,80.3506077864347,79.4309628057877,337
-7.6926,53.28823,2022/06/27 23:00:00+00,Tue 28 Jun 2022,49,60,0,3856888,3809995,241226,4098114,4051221,80.3515685276092,79.4321392235525,338
-7.6926,53.28823,2022/06/28 23:00:00+00,Wed 29 Jun 2022,63,81,4,3856951,3810076,241230,4098181,4051306,80.3528821941132,79.4338058153859,339
-7.6926,53.28823,2022/06/29 23:00:00+00,Thu 30 Jun 2022,48,89,0,3856999,3810165,241230,4098229,4051395,80.3538233283251,79.4355508350703,340
-7.6926,53.28823,2022/06/30 23:00:00+00,Fri 01 Jul 2022,46,67,0,3857045,3810232,241230,4098275,4051462,80.3547252486114,79.4368645015743,341
-7.6926,53.28823,2022/07/01 23:00:00+00,Sat 02 Jul 2022,182,228,0,3857227,3810460,241230,4098457,4051690,80.3582937158312,79.4413348890805,342
-7.6926,53.28823,2022/07/02 23:00:00+00,Sun 03 Jul 2022,108,274,0,3857335,3810734,241230,4098565,4051964,80.3604112678078,79.4467071968729,343
-7.6926,53.28823,2022/07/03 23:00:00+00,Mon 04 Jul 2022,15,15,1,3857350,3810749,241231,4098581,4051980,80.3607249792117,79.4470209082769,344
-7.6926,53.28823,2022/07/04 23:00:00+00,Tue 05 Jul 2022,51,69,0,3857401,3810818,241231,4098632,4052049,80.3617249343118,79.4483737887063,345
-7.6926,53.28823,2022/07/05 23:00:00+00,Wed 06 Jul 2022,60,83,0,3857461,3810901,241231,4098692,4052132,80.3629013520765,79.4500011666143,346
-7.6926,53.28823,2022/07/06 23:00:00+00,Thu 07 Jul 2022,78,77,0,3857539,3810978,241231,4098770,4052209,80.3644306951707,79.4515109027457,347
-7.6926,53.28823,2022/07/07 23:00:00+00,Fri 08 Jul 2022,99,91,0,3857638,3811069,241231,4098869,4052300,80.3663717844826,79.4532951363556,348
-7.6926,53.28823,2022/07/08 23:00:00+00,Sat 09 Jul 2022,119,144,0,3857757,3811213,241231,4098988,4052444,80.3687050130494,79.4561185389911,349
-7.6926,53.28823,2022/07/09 23:00:00+00,Sun 10 Jul 2022,135,219,0,3857892,3811432,241231,4099123,4052663,80.3713519530202,79.4604124638325,350
-7.6926,53.28823,2022/07/10 23:00:00+00,Mon 11 Jul 2022,11,16,0,3857903,3811448,241231,4099134,4052679,80.3715676296104,79.4607261752364,351
-7.6926,53.28823,2022/07/11 23:00:00+00,Tue 12 Jul 2022,44,82,0,3857947,3811530,241231,4099178,4052761,80.3724303359712,79.4623339461816,352
-7.6926,53.28823,2022/07/12 23:00:00+00,Wed 13 Jul 2022,99,74,1,3858046,3811604,241232,4099278,4052836,80.3743910322458,79.4638044683876,353
-7.6926,53.28823,2022/07/13 23:00:00+00,Thu 14 Jul 2022,73,39,0,3858119,3811643,241232,4099351,4052875,80.3758223405263,79.4645691399347,354
-7.6926,53.28823,2022/07/14 23:00:00+00,Fri 15 Jul 2022,80,118,1,3858199,3811761,241233,4099432,4052994,80.3774105045087,79.4669023685015,355
-7.6926,53.28823,2022/07/15 23:00:00+00,Sat 16 Jul 2022,124,209,0,3858323,3811970,241233,4099556,4053203,80.3798417678892,79.4710002237154,356
-7.6926,53.28823,2022/07/16 23:00:00+00,Sun 17 Jul 2022,119,165,0,3858442,3812135,241233,4099675,4053368,80.382174996456,79.4742353725686,357
-7.6926,53.28823,2022/07/17 23:00:00+00,Mon 18 Jul 2022,14,18,0,3858456,3812153,241233,4099689,4053386,80.3824494939345,79.474588297898,358
-7.6926,53.28823,2022/07/18 23:00:00+00,Tue 19 Jul 2022,30,34,0,3858486,3812187,241233,4099719,4053420,80.3830377028169,79.4752549346314,359
-7.6926,53.28823,2022/07/19 23:00:00+00,Wed 20 Jul 2022,78,66,0,3858564,3812253,241233,4099797,4053486,80.3845670459111,79.4765489941726,360
-7.6926,53.28823,2022/07/20 23:00:00+00,Thu 21 Jul 2022,53,30,0,3858617,3812283,241233,4099850,4053516,80.3856062149366,79.477137203055,361
-7.6926,53.28823,2022/07/21 23:00:00+00,Fri 22 Jul 2022,75,70,0,3858692,3812353,241233,4099925,4053586,80.3870767371426,79.4785096904472,362
-7.6926,53.28823,2022/07/22 23:00:00+00,Sat 23 Jul 2022,100,175,0,3858792,3812528,241233,4100025,4053761,80.3890374334172,79.4819409089278,363
-7.6926,53.28823,2022/07/23 23:00:00+00,Sun 24 Jul 2022,108,230,0,3858900,3812758,241233,4100133,4053991,80.3911549853938,79.4864505103594,364
-7.6926,53.28823,2022/07/24 23:00:00+00,Mon 25 Jul 2022,14,23,0,3858914,3812781,241233,4100147,4054014,80.3914294828722,79.4869014705026,365
-7.6926,53.28823,2022/07/25 23:00:00+00,Tue 26 Jul 2022,18,16,0,3858932,3812797,241233,4100165,4054030,80.3917824082017,79.4872151819065,366
-7.6926,53.28823,2022/07/26 23:00:00+00,Wed 27 Jul 2022,61,72,1,3858993,3812869,241234,4100227,4054103,80.3929980398919,79.488646490187,367
-7.6926,53.28823,2022/07/27 23:00:00+00,Thu 28 Jul 2022,49,73,0,3859042,3812942,241234,4100276,4054176,80.3939587810665,79.4900777984675,368
-7.6926,53.28823,2022/07/28 23:00:00+00,Fri 29 Jul 2022,71,105,0,3859113,3813047,241234,4100347,4054281,80.3953508754215,79.4921365295558,369
-7.6926,53.28823,2022/07/29 23:00:00+00,Sat 30 Jul 2022,100,119,0,3859213,3813166,241234,4100447,4054400,80.3973115716961,79.4944697581226,370
-7.6926,53.28823,2022/07/30 23:00:00+00,Sun 31 Jul 2022,32,57,0,3859245,3813223,241234,4100479,4054457,80.397938994504,79.4955873549992,371
-7.6926,53.28823,2022/07/31 23:00:00+00,Mon 01 Aug 2022,10,15,0,3859255,3813238,241234,4100489,4054472,80.3981350641314,79.4958814594404,372
-7.6926,53.28823,2022/08/01 23:00:00+00,Tue 02 Aug 2022,36,30,0,3859291,3813268,241234,4100525,4054502,80.3988409147903,79.4964696683227,373
-7.6926,53.28823,2022/08/02 23:00:00+00,Wed 03 Aug 2022,93,139,0,3859384,3813407,241234,4100618,4054641,80.4006643623257,79.4991950361445,374
-7.6926,53.28823,2022/08/03 23:00:00+00,Thu 04 Aug 2022,46,55,0,3859430,3813462,241234,4100664,4054696,80.401566282612,79.5002734190955,375
-7.6926,53.28823,2022/08/04 23:00:00+00,Fri 05 Aug 2022,96,91,0,3859526,3813553,241234,4100760,4054787,80.4034485510357,79.5020576527054,376
-7.6926,53.28823,2022/08/05 23:00:00+00,Sat 06 Aug 2022,74,130,0,3859600,3813683,241234,4100834,4054917,80.4048994662789,79.5046065578624,377
-7.6926,53.28823,2022/08/06 23:00:00+00,Sun 07 Aug 2022,28,80,0,3859628,3813763,241234,4100862,4054997,80.4054484612358,79.5061751148821,378
-7.6926,53.28823,2022/08/07 23:00:00+00,Mon 08 Aug 2022,11,16,0,3859639,3813779,241234,4100873,4055013,80.405664137826,79.506488826286,379
-7.6926,53.28823,2022/08/08 23:00:00+00,Tue 09 Aug 2022,48,41,0,3859687,3813820,241234,4100921,4055054,80.4066052720378,79.5072927117586,380
-7.6926,53.28823,2022/08/09 23:00:00+00,Wed 10 Aug 2022,55,94,1,3859742,3813914,241235,4100977,4055149,80.4077032619516,79.5091553732195,381
-7.6926,53.28823,2022/08/10 23:00:00+00,Thu 11 Aug 2022,45,42,0,3859787,3813956,241235,4101022,4055191,80.4085855752752,79.5099788656549,382
-7.6926,53.28823,2022/08/11 23:00:00+00,Fri 12 Aug 2022,69,75,0,3859856,3814031,241235,4101091,4055266,80.4099384557046,79.5114493878608,383
-7.6926,53.28823,2022/08/12 23:00:00+00,Sat 13 Aug 2022,103,151,0,3859959,3814182,241235,4101194,4055417,80.4119579728675,79.5144100392355,384
-7.6926,53.28823,2022/08/13 23:00:00+00,Sun 14 Aug 2022,17,26,0,3859976,3814208,241235,4101211,4055443,80.4122912912342,79.5149198202669,385
-7.6926,53.28823,2022/08/14 23:00:00+00,Mon 15 Aug 2022,7,11,0,3859983,3814219,241235,4101218,4055454,80.4124285399734,79.5151354968571,386
-7.6926,53.28823,2022/08/15 23:00:00+00,Tue 16 Aug 2022,42,29,0,3860025,3814248,241235,4101260,4055483,80.4132520324087,79.5157040987767,387
-7.6926,53.28823,2022/08/16 23:00:00+00,Wed 17 Aug 2022,51,58,0,3860076,3814306,241235,4101311,4055541,80.4142519875088,79.516841302616,388
-7.6926,53.28823,2022/08/17 23:00:00+00,Thu 18 Aug 2022,55,40,0,3860131,3814346,241235,4101366,4055581,80.4153303704598,79.5176255811259,389
-7.6926,53.28823,2022/08/18 23:00:00+00,Fri 19 Aug 2022,74,56,0,3860205,3814402,241235,4101440,4055637,80.4167812857031,79.5187235710397,390
-7.6926,53.28823,2022/08/19 23:00:00+00,Sat 20 Aug 2022,109,127,0,3860314,3814529,241235,4101549,4055764,80.4189184446424,79.5212136553084,391
-7.6926,53.28823,2022/08/20 23:00:00+00,Sun 21 Aug 2022,39,36,0,3860353,3814565,241235,4101588,4055800,80.4196831161895,79.5219195059673,392
-7.6926,53.28823,2022/08/21 23:00:00+00,Mon 22 Aug 2022,12,13,0,3860365,3814578,241235,4101600,4055813,80.4199183997424,79.522174396483,393
-7.6926,53.28823,2022/08/22 23:00:00+00,Tue 23 Aug 2022,78,72,0,3860443,3814650,241235,4101678,4055885,80.4214477428366,79.5235860978007,394
-7.6926,53.28823,2022/08/23 23:00:00+00,Wed 24 Aug 2022,53,56,0,3860496,3814706,241235,4101731,4055941,80.4224869118622,79.5246840877145,395
-7.6926,53.28823,2022/08/24 23:00:00+00,Thu 25 Aug 2022,40,49,0,3860536,3814755,241235,4101771,4055990,80.423271190372,79.5256448288891,396
-7.6926,53.28823,2022/08/25 23:00:00+00,Fri 26 Aug 2022,99,90,0,3860635,3814845,241235,4101870,4056080,80.4252122796839,79.5274094555362,397
-7.6926,53.28823,2022/08/26 23:00:00+00,Sat 27 Aug 2022,86,119,0,3860721,3814964,241235,4101956,4056199,80.4268984784801,79.529742684103,398
-7.6926,53.28823,2022/08/27 23:00:00+00,Sun 28 Aug 2022,44,21,0,3860765,3814985,241235,4102000,4056220,80.4277611848409,79.5301544303207,399
-7.6926,53.28823,2022/08/28 23:00:00+00,Mon 29 Aug 2022,13,12,0,3860778,3814997,241235,4102013,4056232,80.4280160753566,79.5303897138736,400
-7.6926,53.28823,2022/08/29 23:00:00+00,Tue 30 Aug 2022,42,44,1,3860820,3815041,241236,4102056,4056277,80.4288591747547,79.5312720271972,401
-7.6926,53.28823,2022/08/30 23:00:00+00,Wed 31 Aug 2022,29,29,0,3860849,3815070,241236,4102085,4056306,80.4294277766743,79.5318406291168,402
-7.6926,53.28823,2022/08/31 23:00:00+00,Thu 01 Sep 2022,35,32,0,3860884,3815102,241236,4102120,4056338,80.4301140203705,79.5324680519247,403
-7.6926,53.28823,2022/09/01 23:00:00+00,Fri 02 Sep 2022,50,51,0,3860934,3815153,241236,4102170,4056389,80.4310943685078,79.5334680070248,404
-7.6926,53.28823,2022/09/02 23:00:00+00,Sat 03 Sep 2022,73,101,0,3861007,3815254,241236,4102243,4056490,80.4325256767882,79.5354483102621,405
-7.6926,53.28823,2022/09/03 23:00:00+00,Sun 04 Sep 2022,58,82,0,3861065,3815336,241236,4102301,4056572,80.4336628806275,79.5370560812073,406
-7.6926,53.28823,2022/09/04 23:00:00+00,Mon 05 Sep 2022,10,5,0,3861075,3815341,241236,4102311,4056577,80.433858950255,79.5371541160211,407
-7.6926,53.28823,2022/09/05 23:00:00+00,Tue 06 Sep 2022,43,22,0,3861118,3815363,241236,4102354,4056599,80.4347020496531,79.5375854692015,408
-7.6926,53.28823,2022/09/06 23:00:00+00,Wed 07 Sep 2022,48,42,0,3861166,3815405,241236,4102402,4056641,80.4356431838649,79.5384089616368,409
-7.6926,53.28823,2022/09/07 23:00:00+00,Thu 08 Sep 2022,39,52,2,3861205,3815457,241238,4102443,4056695,80.4364470693375,79.5394677376251,410
-7.6926,53.28823,2022/09/08 23:00:00+00,Fri 09 Sep 2022,64,60,0,3861269,3815517,241238,4102507,4056755,80.4377019149532,79.5406441553899,411
-7.6926,53.28823,2022/09/09 23:00:00+00,Sat 10 Sep 2022,94,135,0,3861363,3815652,241238,4102601,4056890,80.4395449694514,79.5432910953606,412
-7.6926,53.28823,2022/09/10 23:00:00+00,Sun 11 Sep 2022,58,58,0,3861421,3815710,241238,4102659,4056948,80.4406821732906,79.5444282991999,413
-7.6926,53.28823,2022/09/11 23:00:00+00,Mon 12 Sep 2022,13,13,0,3861434,3815723,241238,4102672,4056961,80.4409370638063,79.5446831897156,414
-7.6926,53.28823,2022/09/12 23:00:00+00,Tue 13 Sep 2022,29,25,0,3861463,3815748,241238,4102701,4056986,80.441505665726,79.5451733637842,415
-7.6926,53.28823,2022/09/13 23:00:00+00,Wed 14 Sep 2022,36,33,0,3861499,3815781,241238,4102737,4057019,80.4422115163849,79.5458203935549,416
-7.6926,53.28823,2022/09/14 23:00:00+00,Thu 15 Sep 2022,51,36,0,3861550,3815817,241238,4102788,4057055,80.4432114714849,79.5465262442137,417
-7.6926,53.28823,2022/09/15 23:00:00+00,Fri 16 Sep 2022,38,56,0,3861588,3815873,241238,4102826,4057111,80.4439565360693,79.5476242341275,418
-7.6926,53.28823,2022/09/16 23:00:00+00,Sat 17 Sep 2022,66,149,0,3861654,3816022,241238,4102892,4057260,80.4452505956105,79.5505456715767,419
-7.6926,53.28823,2022/09/17 23:00:00+00,Sun 18 Sep 2022,30,54,0,3861684,3816076,241238,4102922,4057314,80.4458388044929,79.551604447565,420
-7.6926,53.28823,2022/09/18 23:00:00+00,Mon 19 Sep 2022,11,11,0,3861695,3816087,241238,4102933,4057325,80.4460544810831,79.5518201241552,421
-7.6926,53.28823,2022/09/19 23:00:00+00,Tue 20 Sep 2022,39,37,0,3861734,3816124,241238,4102972,4057362,80.4468191526302,79.5525455817768,422
-7.6926,53.28823,2022/09/20 23:00:00+00,Wed 21 Sep 2022,42,32,0,3861776,3816156,241238,4103014,4057394,80.4476426450655,79.5531730045847,423
-7.6926,53.28823,2022/09/21 23:00:00+00,Thu 22 Sep 2022,59,35,0,3861835,3816191,241238,4103073,4057429,80.4487994558676,79.5538592482808,424
-7.6926,53.28823,2022/09/22 23:00:00+00,Fri 23 Sep 2022,40,40,0,3861875,3816231,241238,4103113,4057469,80.4495837343774,79.5546435267907,425
-7.6926,53.28823,2022/09/23 23:00:00+00,Sat 24 Sep 2022,56,104,0,3861931,3816335,241238,4103169,4057573,80.4506817242912,79.5566826509163,426
-7.6926,53.28823,2022/09/24 23:00:00+00,Sun 25 Sep 2022,42,75,0,3861973,3816410,241238,4103211,4057648,80.4515052167265,79.5581531731222,427
-7.6926,53.28823,2022/09/25 23:00:00+00,Mon 26 Sep 2022,23,10,0,3861996,3816420,241238,4103234,4057658,80.4519561768697,79.5583492427497,428
-7.6926,53.28823,2022/09/26 23:00:00+00,Tue 27 Sep 2022,29,33,2,3862025,3816453,241240,4103265,4057693,80.4525639927148,79.5590354864458,429
-7.6926,53.28823,2022/09/27 23:00:00+00,Wed 28 Sep 2022,28,29,0,3862053,3816482,241240,4103293,4057722,80.4531129876717,79.5596040883654,430
-7.6926,53.28823,2022/09/28 23:00:00+00,Thu 29 Sep 2022,30,23,0,3862083,3816505,241240,4103323,4057745,80.4537011965541,79.5600550485086,431
-7.6926,53.28823,2022/09/29 23:00:00+00,Fri 30 Sep 2022,37,59,0,3862120,3816564,241240,4103360,4057804,80.4544266541757,79.5612118593106,432
-7.6926,53.28823,2022/09/30 23:00:00+00,Sat 01 Oct 2022,51,106,0,3862171,3816670,241240,4103411,4057910,80.4554266092758,79.5632901973617,433
-7.6926,53.28823,2022/10/01 23:00:00+00,Sun 02 Oct 2022,26,47,0,3862197,3816717,241240,4103437,4057957,80.4559363903072,79.5642117246108,434
-7.6926,53.28823,2022/10/02 23:00:00+00,Mon 03 Oct 2022,10,1,0,3862207,3816718,241240,4103447,4057958,80.4561324599346,79.5642313315735,435
-7.6926,53.28823,2022/10/03 23:00:00+00,Tue 04 Oct 2022,17,17,0,3862224,3816735,241240,4103464,4057975,80.4564657783013,79.5645646499402,436
-7.6926,53.28823,2022/10/04 23:00:00+00,Wed 05 Oct 2022,36,37,0,3862260,3816772,241240,4103500,4058012,80.4571716289602,79.5652901075618,437
-7.6926,53.28823,2022/10/05 23:00:00+00,Thu 06 Oct 2022,46,28,0,3862306,3816800,241240,4103546,4058040,80.4580735492465,79.5658391025187,438
-7.6926,53.28823,2022/10/06 23:00:00+00,Fri 07 Oct 2022,63,40,0,3862369,3816840,241240,4103609,4058080,80.4593087878995,79.5666233810286,439
-7.6926,53.28823,2022/10/07 23:00:00+00,Sat 08 Oct 2022,97,102,0,3862466,3816942,241240,4103706,4058182,80.4612106632859,79.5686232912287,440
-7.6926,53.28823,2022/10/08 23:00:00+00,Sun 09 Oct 2022,37,29,0,3862503,3816971,241240,4103743,4058211,80.4619361209075,79.5691918931483,441
-7.6926,53.28823,2022/10/09 23:00:00+00,Mon 10 Oct 2022,5,3,0,3862508,3816974,241240,4103748,4058214,80.4620341557212,79.5692507140366,442
-7.6926,53.28823,2022/10/10 23:00:00+00,Tue 11 Oct 2022,41,16,0,3862549,3816990,241240,4103789,4058230,80.4628380411938,79.5695644254405,443
-7.6926,53.28823,2022/10/11 23:00:00+00,Wed 12 Oct 2022,38,36,0,3862587,3817026,241240,4103827,4058266,80.4635831057782,79.5702702760994,444
-7.6926,53.28823,2022/10/12 23:00:00+00,Thu 13 Oct 2022,54,29,0,3862641,3817055,241240,4103881,4058295,80.4646418817665,79.570838878019,445
-7.6926,53.28823,2022/10/13 23:00:00+00,Fri 14 Oct 2022,76,23,0,3862717,3817078,241240,4103957,4058318,80.4661320109352,79.5712898381622,446
-7.6926,53.28823,2022/10/14 23:00:00+00,Sat 15 Oct 2022,92,121,0,3862809,3817199,241240,4104049,4058439,80.4679358515078,79.5736622806545,447
-7.6926,53.28823,2022/10/15 23:00:00+00,Sun 16 Oct 2022,26,37,1,3862835,3817236,241241,4104076,4058477,80.468465239502,79.5744073452388,448
-7.6926,53.28823,2022/10/16 23:00:00+00,Mon 17 Oct 2022,26,3,0,3862861,3817239,241241,4104102,4058480,80.4689750205334,79.5744661661271,449
-7.6926,53.28823,2022/10/17 23:00:00+00,Tue 18 Oct 2022,56,17,0,3862917,3817256,241241,4104158,4058497,80.4700730104472,79.5747994844937,450
-7.6926,53.28823,2022/10/18 23:00:00+00,Wed 19 Oct 2022,51,41,0,3862968,3817297,241241,4104209,4058538,80.4710729655472,79.5756033699663,451
-7.6926,53.28823,2022/10/19 23:00:00+00,Thu 20 Oct 2022,57,10,0,3863025,3817307,241241,4104266,4058548,80.4721905624238,79.5757994395938,452
-7.6926,53.28823,2022/10/20 23:00:00+00,Fri 21 Oct 2022,42,21,0,3863067,3817328,241241,4104308,4058569,80.4730140548591,79.5762111858115,453
-7.6926,53.28823,2022/10/21 23:00:00+00,Sat 22 Oct 2022,88,58,0,3863155,3817386,241241,4104396,4058627,80.4747394675808,79.5773483896507,454
-7.6926,53.28823,2022/10/22 23:00:00+00,Sun 23 Oct 2022,79,48,0,3863234,3817434,241241,4104475,4058675,80.4762884176377,79.5782895238626,455
-7.6926,53.28823,2022/10/23 23:00:00+00,Mon 24 Oct 2022,27,4,0,3863261,3817438,241241,4104502,4058679,80.4768178056319,79.5783679517135,456
-7.6926,53.28823,2022/10/24 23:00:00+00,Tue 25 Oct 2022,36,22,0,3863297,3817460,241241,4104538,4058701,80.4775236562907,79.5787993048939,457
-7.6926,53.28823,2022/10/25 23:00:00+00,Wed 26 Oct 2022,25,23,0,3863322,3817483,241241,4104563,4058724,80.4780138303594,79.5792502650371,458
-7.6926,53.28823,2022/10/26 23:00:00+00,Thu 27 Oct 2022,50,35,0,3863372,3817518,241241,4104613,4058759,80.4789941784967,79.5799365087332,459
-7.6926,53.28823,2022/10/27 23:00:00+00,Fri 28 Oct 2022,22,19,0,3863394,3817537,241241,4104635,4058778,80.4794255316771,79.5803090410254,460
-7.6926,53.28823,2022/10/28 23:00:00+00,Sat 29 Oct 2022,87,64,0,3863481,3817601,241241,4104722,4058842,80.481131337436,79.5815638866412,461
-7.6926,53.28823,2022/10/29 23:00:00+00,Sun 30 Oct 2022,11,6,0,3863492,3817607,241241,4104733,4058848,80.4813470140262,79.5816815284176,462
-7.6926,53.28823,2022/11/01 00:00:00+00,Tue 01 Nov 2022,44,25,0,3863536,3817632,241241,4104777,4058873,80.4822097203871,79.5821717024863,463
-7.6926,53.28823,2022/11/02 00:00:00+00,Wed 02 Nov 2022,63,13,0,3863599,3817645,241241,4104840,4058886,80.4834449590401,79.582426593002,464
-7.6926,53.28823,2022/11/03 00:00:00+00,Thu 03 Nov 2022,45,28,0,3863644,3817673,241241,4104885,4058914,80.4843272723637,79.5829755879589,465
-7.6926,53.28823,2022/11/04 00:00:00+00,Fri 04 Nov 2022,33,22,0,3863677,3817695,241241,4104918,4058936,80.4849743021343,79.5834069411393,466
-7.6926,53.28823,2022/11/05 00:00:00+00,Sat 05 Nov 2022,35,54,0,3863712,3817749,241241,4104953,4058990,80.4856605458304,79.5844657171276,467
-7.6926,53.28823,2022/11/06 00:00:00+00,Sun 06 Nov 2022,57,78,0,3863769,3817827,241241,4105010,4059068,80.4867781427069,79.5859950602218,468
-7.6926,53.28823,2022/11/07 00:00:00+00,Mon 07 Nov 2022,18,3,0,3863787,3817830,241241,4105028,4059071,80.4871310680363,79.58605388111,469
-7.6926,53.28823,2022/11/08 00:00:00+00,Tue 08 Nov 2022,17,32,0,3863804,3817862,241241,4105045,4059103,80.487464386403,79.5866813039179,470
-7.6926,53.28823,2022/11/09 00:00:00+00,Wed 09 Nov 2022,36,32,0,3863840,3817894,241241,4105081,4059135,80.4881702370619,79.5873087267258,471
-7.6926,53.28823,2022/11/10 00:00:00+00,Thu 10 Nov 2022,25,15,0,3863865,3817909,241241,4105106,4059150,80.4886604111306,79.587602831167,472
-7.6926,53.28823,2022/11/11 00:00:00+00,Fri 11 Nov 2022,25,15,0,3863890,3817924,241241,4105131,4059165,80.4891505851992,79.5878969356082,473
-7.6926,53.28823,2022/11/12 00:00:00+00,Sat 12 Nov 2022,69,87,0,3863959,3818011,241241,4105200,4059252,80.4905034656287,79.5896027413671,474
-7.6926,53.28823,2022/11/13 00:00:00+00,Sun 13 Nov 2022,40,62,1,3863999,3818073,241242,4105241,4059315,80.4913073511013,79.5908379800201,475
-7.6926,53.28823,2022/11/14 00:00:00+00,Mon 14 Nov 2022,4,2,0,3864003,3818075,241242,4105245,4059317,80.4913857789523,79.5908771939456,476
-7.6926,53.28823,2022/11/15 00:00:00+00,Tue 15 Nov 2022,18,8,0,3864021,3818083,241242,4105263,4059325,80.4917387042817,79.5910340496476,477
-7.6926,53.28823,2022/11/16 00:00:00+00,Wed 16 Nov 2022,29,20,0,3864050,3818103,241242,4105292,4059345,80.4923073062014,79.5914261889025,478
-7.6926,53.28823,2022/11/17 00:00:00+00,Thu 17 Nov 2022,29,9,1,3864079,3818112,241243,4105322,4059355,80.4928955150837,79.59162225853,479
-7.6926,53.28823,2022/11/18 00:00:00+00,Fri 18 Nov 2022,16,22,0,3864095,3818134,241243,4105338,4059377,80.4932092264877,79.5920536117104,480
-7.6926,53.28823,2022/11/19 00:00:00+00,Sat 19 Nov 2022,52,57,0,3864147,3818191,241243,4105390,4059434,80.4942287885505,79.5931712085869,481
-7.6926,53.28823,2022/11/20 00:00:00+00,Sun 20 Nov 2022,39,56,0,3864186,3818247,241243,4105429,4059490,80.4949934600976,79.5942691985007,482
-7.6926,53.28823,2022/11/21 00:00:00+00,Mon 21 Nov 2022,6,3,0,3864192,3818250,241243,4105435,4059493,80.495111101874,79.5943280193889,483
-7.6926,53.28823,2022/11/22 00:00:00+00,Tue 22 Nov 2022,34,22,0,3864226,3818272,241243,4105469,4059515,80.4957777386074,79.5947593725693,484
-7.6926,53.28823,2022/11/23 00:00:00+00,Wed 23 Nov 2022,14,16,0,3864240,3818288,241243,4105483,4059531,80.4960522360859,79.5950730839733,485
-7.6926,53.28823,2022/11/24 00:00:00+00,Thu 24 Nov 2022,18,18,0,3864258,3818306,241243,4105501,4059549,80.4964051614153,79.5954260093027,486
-7.6926,53.28823,2022/11/25 00:00:00+00,Fri 25 Nov 2022,7,11,0,3864265,3818317,241243,4105508,4059560,80.4965424101545,79.5956416858929,487
-7.6926,53.28823,2022/11/26 00:00:00+00,Sat 26 Nov 2022,64,63,0,3864329,3818380,241243,4105572,4059623,80.4977972557703,79.5968769245459,488
-7.6926,53.28823,2022/11/27 00:00:00+00,Sun 27 Nov 2022,36,42,0,3864365,3818422,241243,4105608,4059665,80.4985031064291,79.5977004169813,489
-7.6926,53.28823,2022/11/28 00:00:00+00,Mon 28 Nov 2022,4,1,0,3864369,3818423,241243,4105612,4059666,80.4985815342801,79.597720023944,490
-7.6926,53.28823,2022/11/29 00:00:00+00,Tue 29 Nov 2022,26,18,0,3864395,3818441,241243,4105638,4059684,80.4990913153115,79.5980729492735,491
-7.6926,53.28823,2022/11/30 00:00:00+00,Wed 30 Nov 2022,29,13,0,3864424,3818454,241243,4105667,4059697,80.4996599172312,79.5983278397891,492
-7.6926,53.28823,2022/12/01 00:00:00+00,Thu 01 Dec 2022,17,11,0,3864441,3818465,241243,4105684,4059708,80.4999932355979,79.5985435163794,493
-7.6926,53.28823,2022/12/02 00:00:00+00,Fri 02 Dec 2022,8,18,0,3864449,3818483,241243,4105692,4059726,80.5001500912998,79.5988964417088,494
-7.6926,53.28823,2022/12/03 00:00:00+00,Sat 03 Dec 2022,40,71,0,3864489,3818554,241243,4105732,4059797,80.5009343698097,79.6002885360638,495
-7.6926,53.28823,2022/12/04 00:00:00+00,Sun 04 Dec 2022,41,47,0,3864530,3818601,241243,4105773,4059844,80.5017382552823,79.6012100633128,496
-7.6926,53.28823,2022/12/05 00:00:00+00,Mon 05 Dec 2022,12,5,0,3864542,3818606,241243,4105785,4059849,80.5019735388352,79.6013080981266,497
-7.6926,53.28823,2022/12/06 00:00:00+00,Tue 06 Dec 2022,25,30,0,3864567,3818636,241243,4105810,4059879,80.5024637129039,79.601896307009,498
-7.6926,53.28823,2022/12/07 00:00:00+00,Wed 07 Dec 2022,19,24,0,3864586,3818660,241243,4105829,4059903,80.5028362451961,79.6023668741149,499
-7.6926,53.28823,2022/12/08 00:00:00+00,Thu 08 Dec 2022,12,13,1,3864598,3818673,241244,4105842,4059917,80.5030911357117,79.6026413715933,500
-7.6926,53.28823,2022/12/09 00:00:00+00,Fri 09 Dec 2022,13,17,0,3864611,3818690,241244,4105855,4059934,80.5033460262274,79.60297468996,501
-7.6926,53.28823,2022/12/10 00:00:00+00,Sat 10 Dec 2022,45,44,0,3864656,3818734,241244,4105900,4059978,80.504228339551,79.6038373963208,502
-7.6926,53.28823,2022/12/11 00:00:00+00,Sun 11 Dec 2022,28,42,0,3864684,3818776,241244,4105928,4060020,80.5047773345079,79.6046608887562,503
-7.6926,53.28823,2022/12/12 00:00:00+00,Mon 12 Dec 2022,4,2,0,3864688,3818778,241244,4105932,4060022,80.5048557623589,79.6047001026817,504
-7.6926,53.28823,2022/12/13 00:00:00+00,Tue 13 Dec 2022,19,15,0,3864707,3818793,241244,4105951,4060037,80.5052282946511,79.6049942071229,505
-7.6926,53.28823,2022/12/14 00:00:00+00,Wed 14 Dec 2022,14,20,0,3864721,3818813,241244,4105965,4060057,80.5055027921295,79.6053863463778,506
-7.6926,53.28823,2022/12/15 00:00:00+00,Thu 15 Dec 2022,12,9,0,3864733,3818822,241244,4105977,4060066,80.5057380756825,79.6055628090425,507
-7.6926,53.28823,2022/12/16 00:00:00+00,Fri 16 Dec 2022,11,4,0,3864744,3818826,241244,4105988,4060070,80.5059537522727,79.6056412368935,508
-7.6926,53.28823,2022/12/17 00:00:00+00,Sat 17 Dec 2022,19,43,0,3864763,3818869,241244,4106007,4060113,80.5063262845649,79.6064843362916,509
-7.6926,53.28823,2022/12/18 00:00:00+00,Sun 18 Dec 2022,29,35,0,3864792,3818904,241244,4106036,4060148,80.5068948864845,79.6071705799877,510
-7.6926,53.28823,2022/12/19 00:00:00+00,Mon 19 Dec 2022,4,1,0,3864796,3818905,241244,4106040,4060149,80.5069733143355,79.6071901869504,511
-7.6926,53.28823,2022/12/20 00:00:00+00,Tue 20 Dec 2022,17,18,0,3864813,3818923,241244,4106057,4060167,80.5073066327022,79.6075431122799,512
-7.6926,53.28823,2022/12/21 00:00:00+00,Wed 21 Dec 2022,17,28,0,3864830,3818951,241244,4106074,4060195,80.5076399510689,79.6080921072367,513
-7.6926,53.28823,2022/12/22 00:00:00+00,Thu 22 Dec 2022,6,15,0,3864836,3818966,241244,4106080,4060210,80.5077575928453,79.608386211678,514
-7.6926,53.28823,2022/12/23 00:00:00+00,Fri 23 Dec 2022,19,6,0,3864855,3818972,241244,4106099,4060216,80.5081301251375,79.6085038534544,515
-7.6926,53.28823,2022/12/28 00:00:00+00,Wed 28 Dec 2022,19,24,0,3864874,3818996,241244,4106118,4060240,80.5085026574297,79.6089744205603,516
-7.6926,53.28823,2022/12/29 00:00:00+00,Thu 29 Dec 2022,15,12,0,3864889,3819008,241244,4106133,4060252,80.5087967618709,79.6092097041133,517
-7.6926,53.28823,2022/12/30 00:00:00+00,Fri 30 Dec 2022,66,31,0,3864955,3819039,241244,4106199,4060283,80.5100908214121,79.6098175199584,518
-7.6926,53.28823,2022/12/31 00:00:00+00,Sat 31 Dec 2022,34,26,0,3864989,3819065,241244,4106233,4060309,80.5107574581455,79.6103273009898,519
-7.6926,53.28823,2023/01/01 00:00:00+00,Sun 01 Jan 2023,1,0,0,3864990,3819065,241244,4106234,4060309,80.5107770651083,79.6103273009898,520
-7.6926,53.28823,2023/01/03 00:00:00+00,Tue 03 Jan 2023,8,14,0,3864998,3819079,241244,4106242,4060323,80.5109339208102,79.6106017984683,521
-7.6926,53.28823,2023/01/04 00:00:00+00,Wed 04 Jan 2023,52,28,0,3865050,3819107,241244,4106294,4060351,80.511953482873,79.6111507934252,522
-7.6926,53.28823,2023/01/05 00:00:00+00,Thu 05 Jan 2023,24,16,0,3865074,3819123,241244,4106318,4060367,80.5124240499789,79.6114645048291,523
-7.6926,53.28823,2023/01/06 00:00:00+00,Fri 06 Jan 2023,35,21,0,3865109,3819144,241244,4106353,4060388,80.5131102936751,79.6118762510468,524
-7.6926,53.28823,2023/01/07 00:00:00+00,Sat 07 Jan 2023,136,74,0,3865245,3819218,241244,4106489,4060462,80.5157768406085,79.61332716629,525
-7.6926,53.28823,2020/12/28 00:00:00+00,Mon 28 Dec 2020,297,23,4,297,23,4,301,27,0.00590169578660095,0.000529387994146929,526
-7.6926,53.28823,2020/12/29 00:00:00+00,Tue 29 Dec 2020,81,3,0,378,26,4,382,30,0.00748985976904174,0.000588208882385477,527
-7.6926,53.28823,2020/12/30 00:00:00+00,Wed 30 Dec 2020,1066,2,0,1444,28,4,1448,32,0.0283908820564724,0.000627422807877842,528
-7.6926,53.28823,2020/12/31 00:00:00+00,Thu 31 Dec 2020,1042,2,0,2486,30,4,2490,34,0.0488213372379946,0.000666636733370208,529
-7.6926,53.28823,2021/01/01 00:00:00+00,Fri 01 Jan 2021,827,1,0,3313,31,4,3317,35,0.0650362954290876,0.00068624369611639,530
-7.6926,53.28823,2021/01/02 00:00:00+00,Sat 02 Jan 2021,1021,0,0,4334,31,4,4338,35,0.08505500439294,0.00068624369611639,531
-7.6926,53.28823,2021/01/03 00:00:00+00,Sun 03 Jan 2021,26,3,1,4360,34,5,4365,39,0.0855843923870869,0.00076467154710112,532
-7.6926,53.28823,2021/01/04 00:00:00+00,Mon 04 Jan 2021,1198,5,0,5558,39,5,5563,44,0.109073533757014,0.000862706360832033,533
-7.6926,53.28823,2021/01/05 00:00:00+00,Tue 05 Jan 2021,3546,14,0,9104,53,5,9109,58,0.178599823654977,0.00113720383927859,534
-7.6926,53.28823,2021/01/06 00:00:00+00,Wed 06 Jan 2021,6798,14,0,15902,67,5,15907,72,0.311887956403526,0.00141170131772515,535
-7.6926,53.28823,2021/01/07 00:00:00+00,Thu 07 Jan 2021,11743,9,0,27645,76,5,27650,81,0.542132519931948,0.00158816398244079,536
-7.6926,53.28823,2021/01/08 00:00:00+00,Fri 08 Jan 2021,12692,8,0,40337,84,5,40342,89,0.790984091106497,0.00174501968441025,537
-7.6926,53.28823,2021/01/09 00:00:00+00,Sat 09 Jan 2021,8083,7,0,48420,91,5,48425,96,0.949467170983891,0.00188226842363353,538
-7.6926,53.28823,2021/01/10 00:00:00+00,Sun 10 Jan 2021,4790,6,1,53210,97,6,53216,103,1.04340412950085,0.00201951716285681,539
-7.6926,53.28823,2021/01/11 00:00:00+00,Mon 11 Jan 2021,8356,8,0,61566,105,6,61572,111,1.20723991020795,0.00217637286482627,540
-7.6926,53.28823,2021/01/12 00:00:00+00,Tue 12 Jan 2021,8902,15,0,70468,120,6,70474,126,1.38178109257447,0.002470477306019,541
-7.6926,53.28823,2021/01/13 00:00:00+00,Wed 13 Jan 2021,9909,6,0,80377,126,6,80383,132,1.57606648642639,0.0025881190824961,542
-7.6926,53.28823,2021/01/14 00:00:00+00,Thu 14 Jan 2021,8102,6,0,88479,132,6,88485,138,1.73492209859597,0.00270576085897319,543
-7.6926,53.28823,2021/01/15 00:00:00+00,Fri 15 Jan 2021,7708,5,0,96187,137,6,96193,143,1.88605256744354,0.00280379567270411,544
-7.6926,53.28823,2021/01/16 00:00:00+00,Sat 16 Jan 2021,5249,3,0,101436,140,6,101442,146,1.98896951489825,0.00286261656094266,545
-7.6926,53.28823,2021/01/17 00:00:00+00,Sun 17 Jan 2021,1117,5,0,102553,145,6,102559,151,2.01087049228574,0.00296065137467357,546
-7.6926,53.28823,2021/01/18 00:00:00+00,Mon 18 Jan 2021,8733,9,1,111286,154,7,111293,161,2.1821177049109,0.00315672100213539,547
-7.6926,53.28823,2021/01/19 00:00:00+00,Tue 19 Jan 2021,8401,21,0,119687,175,7,119694,182,2.34683579894158,0.00356846721980523,548
-7.6926,53.28823,2021/01/20 00:00:00+00,Wed 20 Jan 2021,8460,966,0,128147,1141,7,128154,1148,2.51271070377428,0.0225087932326176,549
-7.6926,53.28823,2021/01/21 00:00:00+00,Thu 21 Jan 2021,9026,967,0,137173,2108,7,137180,2115,2.68968314952133,0.0414687262081761,550
-7.6926,53.28823,2021/01/22 00:00:00+00,Fri 22 Jan 2021,6801,972,0,143974,3080,7,143981,3087,2.82303010315811,0.0605266939974656,551
-7.6926,53.28823,2021/01/23 00:00:00+00,Sat 23 Jan 2021,4201,461,0,148175,3541,7,148182,3548,2.90539895365483,0.0695655038234558,552
-7.6926,53.28823,2021/01/24 00:00:00+00,Sun 24 Jan 2021,1191,400,0,149366,3941,7,149373,3948,2.92875084628553,0.0774082889219288,553
-7.6926,53.28823,2021/01/25 00:00:00+00,Mon 25 Jan 2021,1378,1296,0,150744,5237,7,150751,5244,2.95576924094977,0.102818912640981,554
-7.6926,53.28823,2021/01/26 00:00:00+00,Tue 26 Jan 2021,1013,3508,0,151757,8745,7,151764,8752,2.97563109421165,0.17160013795459,555
-7.6926,53.28823,2021/01/27 00:00:00+00,Wed 27 Jan 2021,2195,6712,0,153952,15457,7,153959,15464,3.01866837743952,0.303202071906967,556
-7.6926,53.28823,2021/01/28 00:00:00+00,Thu 28 Jan 2021,1028,11545,0,154980,27002,7,154987,27009,3.0388243351426,0.529564456811645,557
-7.6926,53.28823,2021/01/29 00:00:00+00,Fri 29 Jan 2021,1598,11527,0,156578,38529,7,156585,38536,3.070156261611,0.755573916386892,558
-7.6926,53.28823,2021/01/30 00:00:00+00,Sat 30 Jan 2021,660,7796,0,157238,46325,7,157245,46332,3.08309685702348,0.908429797956131,559
-7.6926,53.28823,2021/01/31 00:00:00+00,Sun 31 Jan 2021,241,4088,0,157479,50413,7,157486,50420,3.08782213504531,0.988583061662525,560
-7.6926,53.28823,2021/02/01 00:00:00+00,Mon 01 Feb 2021,1047,8337,1,158526,58750,8,158534,58758,3.10837023200331,1.1520659170402,561
-7.6926,53.28823,2021/02/02 00:00:00+00,Tue 02 Feb 2021,854,5113,1,159380,63863,9,159389,63872,3.12513418515129,1.25233592452417,562
-7.6926,53.28823,2021/02/03 00:00:00+00,Wed 03 Feb 2021,1416,6874,0,160796,70737,9,160805,70746,3.15289764439989,1.38711418644143,563
-7.6926,53.28823,2021/02/04 00:00:00+00,Thu 04 Feb 2021,1460,10543,1,162256,81280,10,162266,81290,3.18154341697206,1.59385000163718,564
-7.6926,53.28823,2021/02/05 00:00:00+00,Fri 05 Feb 2021,3411,8616,0,165667,89896,10,165677,89906,3.24842276689929,1.76278359265829,565
-7.6926,53.28823,2021/02/06 00:00:00+00,Sat 06 Feb 2021,916,3871,0,166583,93767,10,166593,93777,3.26638274477479,1.83868214544876,566
-7.6926,53.28823,2021/02/07 00:00:00+00,Sun 07 Feb 2021,341,1300,2,166924,95067,12,166936,95079,3.27310793299673,1.86421041094429,567
-7.6926,53.28823,2021/02/08 00:00:00+00,Mon 08 Feb 2021,1197,883,0,168121,95950,12,168133,95962,3.29657746740391,1.88152335904917,568
-7.6926,53.28823,2021/02/09 00:00:00+00,Tue 09 Feb 2021,4279,556,3,172400,96506,15,172415,96521,3.38053448188307,1.89248365122429,569
-7.6926,53.28823,2021/02/10 00:00:00+00,Wed 10 Feb 2021,8839,587,0,181239,97093,15,181254,97108,3.55384042559658,1.9039929383563,570
-7.6926,53.28823,2021/02/11 00:00:00+00,Thu 11 Feb 2021,6209,453,0,187448,97546,15,187463,97561,3.67558005728762,1.91287489248032,571
-7.6926,53.28823,2021/02/12 00:00:00+00,Fri 12 Feb 2021,4409,528,0,191857,98074,15,191872,98089,3.76202715603554,1.9232273688103,572
-7.6926,53.28823,2021/02/13 00:00:00+00,Sat 13 Feb 2021,1227,1919,0,193084,99993,15,193099,100008,3.78608489932511,1.96085313032023,573
-7.6926,53.28823,2021/02/14 00:00:00+00,Sun 14 Feb 2021,2712,29,0,195796,100022,15,195811,100037,3.83925898229276,1.96142173223987,574
-7.6926,53.28823,2021/02/15 00:00:00+00,Mon 15 Feb 2021,1979,7898,0,197775,107920,15,197790,107935,3.87806116156745,2.11627752400922,575
-7.6926,53.28823,2021/02/16 00:00:00+00,Tue 16 Feb 2021,5665,8171,0,203440,116091,15,203455,116106,3.98913460552458,2.27648601660827,576
-7.6926,53.28823,2021/02/17 00:00:00+00,Wed 17 Feb 2021,9765,8467,0,213205,124558,15,213220,124573,4.18059659674105,2.4424981701802,577
-7.6926,53.28823,2021/02/18 00:00:00+00,Thu 18 Feb 2021,8478,8362,1,221683,132920,16,221699,132936,4.34684403386593,2.60647119962653,578
-7.6926,53.28823,2021/02/19 00:00:00+00,Fri 19 Feb 2021,9406,6595,3,231089,139515,19,231108,139534,4.53132594634476,2.73583793982584,579
-7.6926,53.28823,2021/02/20 00:00:00+00,Sat 20 Feb 2021,5899,3581,2,236988,143096,21,237009,143117,4.64702663350999,2.80608968734541,580
-7.6926,53.28823,2021/02/21 00:00:00+00,Sun 21 Feb 2021,1121,1026,7,238109,144122,28,238137,144150,4.66914328748768,2.82634367986222,581
-7.6926,53.28823,2021/02/22 00:00:00+00,Mon 22 Feb 2021,3957,1131,3,242066,145253,31,242097,145284,4.74678685996256,2.84857797561639,582
-7.6926,53.28823,2021/02/23 00:00:00+00,Tue 23 Feb 2021,13381,1074,1,255447,146327,32,255479,146359,5.00916723543198,2.86965546056854,583
-7.6926,53.28823,2021/02/24 00:00:00+00,Wed 24 Feb 2021,16958,2113,6,272405,148440,38,272443,148478,5.34177975145822,2.9112026146277,584
-7.6926,53.28823,2021/02/25 00:00:00+00,Thu 25 Feb 2021,18111,1770,3,290516,150210,41,290557,150251,5.69694027464257,2.94596575957668,585
-7.6926,53.28823,2021/02/26 00:00:00+00,Fri 26 Feb 2021,16102,2783,1,306618,152993,42,306660,153035,6.01267119574435,3.00055154386205,586
-7.6926,53.28823,2021/02/27 00:00:00+00,Sat 27 Feb 2021,9012,707,1,315630,153700,43,315673,153743,6.18938875097569,3.01443327348635,587
-7.6926,53.28823,2021/02/28 00:00:00+00,Sun 28 Feb 2021,2455,61,2,318085,153761,45,318130,153806,6.23756305844306,3.01566851213936,588
-7.6926,53.28823,2021/03/01 00:00:00+00,Mon 01 Mar 2021,5644,811,0,323729,154572,45,323774,154617,6.34822475618252,3.03156975892651,589
-7.6926,53.28823,2021/03/02 00:00:00+00,Tue 02 Mar 2021,12218,1623,0,335947,156195,45,335992,156240,6.58778262701537,3.06339185946357,590
-7.6926,53.28823,2021/03/03 00:00:00+00,Wed 03 Mar 2021,12930,1517,1,348877,157712,46,348923,157758,6.84132026228626,3.09315522891227,591
-7.6926,53.28823,2021/03/04 00:00:00+00,Thu 04 Mar 2021,18746,1701,5,367623,159413,51,367674,159464,7.20897042073993,3.12660470735726,592
-7.6926,53.28823,2021/03/05 00:00:00+00,Fri 05 Mar 2021,18481,2409,6,386104,161822,57,386161,161879,7.57144434102861,3.17395552238929,593
-7.6926,53.28823,2021/03/06 00:00:00+00,Sat 06 Mar 2021,10418,153,5,396522,161975,62,396584,162037,7.77580771373207,3.17705342250319,594
-7.6926,53.28823,2021/03/07 00:00:00+00,Sun 07 Mar 2021,1541,19,5,398063,161994,67,398130,162061,7.80612007813767,3.17752398960909,595
-7.6926,53.28823,2021/03/08 00:00:00+00,Mon 08 Mar 2021,6688,1513,6,404751,163507,73,404824,163580,7.93736908676061,3.20730696602055,596
-7.6926,53.28823,2021/03/09 00:00:00+00,Tue 09 Mar 2021,13868,3116,7,418619,166623,80,418699,166703,8.2094156948639,3.26853951067687,597
-7.6926,53.28823,2021/03/10 00:00:00+00,Wed 10 Mar 2021,13767,4009,3,432386,170632,83,432469,170715,8.47940357187883,3.34720264521456,598
-7.6926,53.28823,2021/03/11 00:00:00+00,Thu 11 Mar 2021,18516,2110,4,450902,172742,87,450989,172829,8.84252452193813,3.38865176445999,599
-7.6926,53.28823,2021/03/12 00:00:00+00,Fri 12 Mar 2021,17366,1353,4,468268,174095,91,468359,174186,9.18309746483932,3.41525841290656,600
-7.6926,53.28823,2021/03/13 00:00:00+00,Sat 13 Mar 2021,8342,181,0,476610,174276,91,476701,174367,9.34665874806798,3.41880727316362,601
-7.6926,53.28823,2021/03/14 00:00:00+00,Sun 14 Mar 2021,400,23,3,477010,174299,94,477104,174393,9.35456035405469,3.41931705419502,602
-7.6926,53.28823,2021/03/15 00:00:00+00,Mon 15 Mar 2021,2682,1007,0,479692,175306,94,479786,175400,9.40714622813995,3.43906126568042,603
-7.6926,53.28823,2021/03/16 00:00:00+00,Tue 16 Mar 2021,8980,3834,2,488672,179140,96,488768,179236,9.58325596752616,3.51427357477478,604
-7.6926,53.28823,2021/03/17 00:00:00+00,Wed 17 Mar 2021,4917,2430,8,493589,181570,104,493693,181674,9.67982025905111,3.56207534994997,605
-7.6926,53.28823,2021/03/18 00:00:00+00,Thu 18 Mar 2021,11761,4694,8,505350,186264,112,505462,186376,9.91057460361094,3.65426728878252,606
-7.6926,53.28823,2021/03/19 00:00:00+00,Fri 19 Mar 2021,10401,6146,2,515751,192410,114,515865,192524,10.1145458370595,3.77481089574605,607
-7.6926,53.28823,2021/03/20 00:00:00+00,Sat 20 Mar 2021,5268,3131,4,521019,195541,118,521137,195659,10.2179137446573,3.83627872395534,608
-7.6926,53.28823,2021/03/21 00:00:00+00,Sun 21 Mar 2021,3661,59,3,524680,195600,121,524801,195721,10.2897536561594,3.8374943556456,609
-7.6926,53.28823,2021/03/22 00:00:00+00,Mon 22 Mar 2021,7438,2425,1,532118,198025,122,532240,198147,10.4356098520282,3.88506084726784,610
-7.6926,53.28823,2021/03/23 00:00:00+00,Tue 23 Mar 2021,12584,7412,6,544702,205437,128,544830,205565,10.6824615130027,4.03050529691902,611
-7.6926,53.28823,2021/03/24 00:00:00+00,Wed 24 Mar 2021,13654,9791,2,558356,215228,130,558486,215358,10.9502141962645,4.22251628309239,612
-7.6926,53.28823,2021/03/25 00:00:00+00,Thu 25 Mar 2021,20901,10236,3,579257,225464,133,579390,225597,11.3600781455107,4.42327197465055,613
-7.6926,53.28823,2021/03/26 00:00:00+00,Fri 26 Mar 2021,19724,9517,1,598981,234981,134,599115,235115,11.7468254856792,4.60989104606872,614
-7.6926,53.28823,2021/03/27 00:00:00+00,Sat 27 Mar 2021,11777,5365,3,610758,240346,137,610895,240483,11.9777955068292,4.71514122209022,615
-7.6926,53.28823,2021/03/28 00:00:00+00,Sun 28 Mar 2021,2505,490,0,613263,240836,137,613400,240973,12.0269109485084,4.72474863383585,616
-7.6926,53.28823,2021/03/28 23:00:00+00,Mon 29 Mar 2021,9298,3133,3,622561,243969,140,622701,244109,12.2092753090106,4.78623606900788,617
-7.6926,53.28823,2021/03/29 23:00:00+00,Tue 30 Mar 2021,13356,8685,4,635917,252654,144,636061,252798,12.4712243312996,4.95660096830946,618
-7.6926,53.28823,2021/03/30 23:00:00+00,Wed 31 Mar 2021,15863,10521,4,651780,263175,148,651928,263323,12.7823280091933,5.16296425121303,619
-7.6926,53.28823,2021/03/31 23:00:00+00,Thu 01 Apr 2021,19741,11597,9,671521,274772,157,671678,274929,13.1695655234304,5.39052266084523,620
-7.6926,53.28823,2021/04/01 23:00:00+00,Fri 02 Apr 2021,20168,13731,9,691689,288503,166,691855,288669,13.5651752107601,5.65992232897778,621
-7.6926,53.28823,2021/04/02 23:00:00+00,Sat 03 Apr 2021,7565,4644,7,699254,293147,173,699427,293320,13.7136391326742,5.75111431271027,622
-7.6926,53.28823,2021/04/03 23:00:00+00,Sun 04 Apr 2021,3051,176,3,702305,293323,176,702481,293499,13.7735187969011,5.75462395904184,623
-7.6926,53.28823,2021/04/04 23:00:00+00,Mon 05 Apr 2021,3459,619,6,705764,293942,182,705946,294124,13.8414569228166,5.7668783107582,624
-7.6926,53.28823,2021/04/05 23:00:00+00,Tue 06 Apr 2021,12023,8162,14,717787,302104,196,717983,302300,14.0774659333924,5.92718483817099,625
-7.6926,53.28823,2021/04/06 23:00:00+00,Wed 07 Apr 2021,18390,10500,12,736177,312604,208,736385,312812,14.4382732618477,6.13329323055886,626
-7.6926,53.28823,2021/04/07 23:00:00+00,Thu 08 Apr 2021,20208,10587,18,756385,323191,226,756611,323417,14.8348436903519,6.34122507048213,627
-7.6926,53.28823,2021/04/08 23:00:00+00,Fri 09 Apr 2021,20690,9174,16,777075,332365,242,777317,332607,15.2408254609744,6.52141305811955,628
-7.6926,53.28823,2021/04/09 23:00:00+00,Sat 10 Apr 2021,11195,4192,12,788270,336557,254,788524,336811,15.4605606924709,6.6038407295045,629
-7.6926,53.28823,2021/04/10 23:00:00+00,Sun 11 Apr 2021,2878,371,9,791148,336928,263,791411,337191,15.5171659939191,6.61129137534805,630
-7.6926,53.28823,2023/01/08 00:00:00+00,Sun 08 Jan 2023,51,45,0,3865296,3819263,241244,4106540,4060507,80.5167767957086,79.6142094796136,631
-7.6926,53.28823,2023/01/09 00:00:00+00,Mon 09 Jan 2023,1,2,0,3865297,3819265,241244,4106541,4060509,80.5167964026713,79.6142486935391,632
-7.6926,53.28823,2023/01/10 00:00:00+00,Tue 10 Jan 2023,42,14,0,3865339,3819279,241244,4106583,4060523,80.5176198951067,79.6145231910175,633
-7.6926,53.28823,2023/01/11 00:00:00+00,Wed 11 Jan 2023,59,31,0,3865398,3819310,241244,4106642,4060554,80.5187767059087,79.6151310068626,634
-7.6926,53.28823,2023/01/12 00:00:00+00,Thu 12 Jan 2023,14,12,0,3865412,3819322,241244,4106656,4060566,80.5190512033871,79.6153662904156,635
-7.6926,53.28823,2023/01/13 00:00:00+00,Fri 13 Jan 2023,27,12,0,3865439,3819334,241244,4106683,4060578,80.5195805913813,79.6156015739685,636
-7.6926,53.28823,2023/01/14 00:00:00+00,Sat 14 Jan 2023,72,40,0,3865511,3819374,241244,4106755,4060618,80.520992292699,79.6163858524784,637
-7.6926,53.28823,2023/01/15 00:00:00+00,Sun 15 Jan 2023,60,30,0,3865571,3819404,241244,4106815,4060648,80.5221687104638,79.6169740613608,638
-7.6926,53.28823,2023/01/16 00:00:00+00,Mon 16 Jan 2023,6,2,0,3865577,3819406,241244,4106821,4060650,80.5222863522403,79.6170132752863,639
-7.6926,53.28823,2023/01/17 00:00:00+00,Tue 17 Jan 2023,14,19,0,3865591,3819425,241244,4106835,4060669,80.5225608497187,79.6173858075784,640
-7.6926,53.28823,2023/01/18 00:00:00+00,Wed 18 Jan 2023,34,15,0,3865625,3819440,241244,4106869,4060684,80.5232274864521,79.6176799120196,641
-7.6926,53.28823,2023/01/19 00:00:00+00,Thu 19 Jan 2023,15,7,0,3865640,3819447,241244,4106884,4060691,80.5235215908933,79.6178171607589,642
-7.6926,53.28823,2023/01/20 00:00:00+00,Fri 20 Jan 2023,17,8,0,3865657,3819455,241244,4106901,4060699,80.52385490926,79.6179740164608,643
-7.6926,53.28823,2023/01/21 00:00:00+00,Sat 21 Jan 2023,73,27,0,3865730,3819482,241244,4106974,4060726,80.5252862175404,79.618503404455,644
-7.6926,53.28823,2023/01/22 00:00:00+00,Sun 22 Jan 2023,21,13,0,3865751,3819495,241244,4106995,4060739,80.5256979637581,79.6187582949707,645
-7.6926,53.28823,2023/01/23 00:00:00+00,Mon 23 Jan 2023,4,1,0,3865755,3819496,241244,4106999,4060740,80.5257763916091,79.6187779019334,646
-7.6926,53.28823,2023/01/24 00:00:00+00,Tue 24 Jan 2023,16,13,0,3865771,3819509,241244,4107015,4060753,80.526090103013,79.6190327924491,647
-7.6926,53.28823,2023/01/25 00:00:00+00,Wed 25 Jan 2023,24,17,0,3865795,3819526,241244,4107039,4060770,80.5265606701189,79.6193661108158,648
-7.6926,53.28823,2023/01/26 00:00:00+00,Thu 26 Jan 2023,12,12,0,3865807,3819538,241244,4107051,4060782,80.5267959536719,79.6196013943688,649
-7.6926,53.28823,2023/01/27 00:00:00+00,Fri 27 Jan 2023,12,9,0,3865819,3819547,241244,4107063,4060791,80.5270312372248,79.6197778570335,650
-7.6926,53.28823,2023/01/28 00:00:00+00,Sat 28 Jan 2023,24,57,0,3865843,3819604,241244,4107087,4060848,80.5275018043308,79.62089545391,651
-7.6926,53.28823,2023/01/29 00:00:00+00,Sun 29 Jan 2023,28,28,0,3865871,3819632,241244,4107115,4060876,80.5280507992876,79.6214444488669,652
-7.6926,53.28823,2023/01/30 00:00:00+00,Mon 30 Jan 2023,5,2,0,3865876,3819634,241244,4107120,4060878,80.5281488341014,79.6214836627924,653
-7.6926,53.28823,2023/01/31 00:00:00+00,Tue 31 Jan 2023,23,15,0,3865899,3819649,241244,4107143,4060893,80.5285997942445,79.6217777672336,654
-7.6926,53.28823,2023/02/01 00:00:00+00,Wed 01 Feb 2023,15,37,0,3865914,3819686,241244,4107158,4060930,80.5288938986857,79.6225032248552,655
-7.6926,53.28823,2023/02/02 00:00:00+00,Thu 02 Feb 2023,13,13,0,3865927,3819699,241244,4107171,4060943,80.5291487892014,79.6227581153709,656
-7.6926,53.28823,2023/02/03 00:00:00+00,Fri 03 Feb 2023,15,10,0,3865942,3819709,241244,4107186,4060953,80.5294428936426,79.6229541849984,657
-7.6926,53.28823,2023/02/04 00:00:00+00,Sat 04 Feb 2023,38,44,0,3865980,3819753,241244,4107224,4060997,80.530187958227,79.6238168913592,658
-7.6926,53.28823,2023/02/05 00:00:00+00,Sun 05 Feb 2023,29,22,0,3866009,3819775,241244,4107253,4061019,80.5307565601466,79.6242482445396,659
-7.6926,53.28823,2023/02/06 00:00:00+00,Mon 06 Feb 2023,12,7,0,3866021,3819782,241244,4107265,4061026,80.5309918436996,79.6243854932788,660
-7.6926,53.28823,2023/02/07 00:00:00+00,Tue 07 Feb 2023,20,13,0,3866041,3819795,241244,4107285,4061039,80.5313839829545,79.6246403837945,661
-7.6926,53.28823,2023/02/08 00:00:00+00,Wed 08 Feb 2023,25,31,0,3866066,3819826,241244,4107310,4061070,80.5318741570231,79.6252481996397,662
-7.6926,53.28823,2023/02/09 00:00:00+00,Thu 09 Feb 2023,7,15,0,3866073,3819841,241244,4107317,4061085,80.5320114057624,79.6255423040809,663
-7.6926,53.28823,2023/02/10 00:00:00+00,Fri 10 Feb 2023,6,15,0,3866079,3819856,241244,4107323,4061100,80.5321290475388,79.625836408522,664
-7.6926,53.28823,2023/02/11 00:00:00+00,Sat 11 Feb 2023,34,47,0,3866113,3819903,241244,4107357,4061147,80.5327956842722,79.6267579357711,665
-7.6926,53.28823,2023/02/12 00:00:00+00,Sun 12 Feb 2023,17,36,0,3866130,3819939,241244,4107374,4061183,80.5331290026389,79.62746378643,666
-7.6926,53.28823,2023/02/13 00:00:00+00,Mon 13 Feb 2023,1,1,0,3866131,3819940,241244,4107375,4061184,80.5331486096016,79.6274833933927,667
-7.6926,53.28823,2023/02/14 00:00:00+00,Tue 14 Feb 2023,11,23,0,3866142,3819963,241244,4107386,4061207,80.5333642861919,79.6279343535359,668
-7.6926,53.28823,2023/02/15 00:00:00+00,Wed 15 Feb 2023,15,13,0,3866157,3819976,241244,4107401,4061220,80.5336583906331,79.6281892440516,669
-7.6926,53.28823,2023/02/16 00:00:00+00,Thu 16 Feb 2023,13,11,0,3866170,3819987,241244,4107414,4061231,80.5339132811488,79.6284049206418,670
-7.6926,53.28823,2023/02/17 00:00:00+00,Fri 17 Feb 2023,5,12,0,3866175,3819999,241244,4107419,4061243,80.5340113159625,79.6286402041948,671
-7.6926,53.28823,2023/02/18 00:00:00+00,Sat 18 Feb 2023,21,43,0,3866196,3820042,241244,4107440,4061286,80.5344230621802,79.6294833035928,672
-7.6926,53.28823,2023/02/19 00:00:00+00,Sun 19 Feb 2023,22,31,0,3866218,3820073,241244,4107462,4061317,80.5348544153606,79.630091119438,673
-7.6926,53.28823,2023/02/20 00:00:00+00,Mon 20 Feb 2023,3,0,0,3866221,3820073,241244,4107465,4061317,80.5349132362488,79.630091119438,674
-7.6926,53.28823,2023/02/21 00:00:00+00,Tue 21 Feb 2023,52,16,0,3866273,3820089,241244,4107517,4061333,80.5359327983116,79.6304048308419,675
-7.6926,53.28823,2023/02/22 00:00:00+00,Wed 22 Feb 2023,22,17,0,3866295,3820106,241244,4107539,4061350,80.536364151492,79.6307381492086,676
-7.6926,53.28823,2023/02/23 00:00:00+00,Thu 23 Feb 2023,21,11,0,3866316,3820117,241244,4107560,4061361,80.5367758977097,79.6309538257988,677
-7.6926,53.28823,2023/02/24 00:00:00+00,Fri 24 Feb 2023,13,13,0,3866329,3820130,241244,4107573,4061374,80.5370307882254,79.6312087163145,678
-7.6926,53.28823,2023/02/25 00:00:00+00,Sat 25 Feb 2023,49,19,0,3866378,3820149,241244,4107622,4061393,80.5379915294,79.6315812486067,679
-7.6926,53.28823,2023/02/26 00:00:00+00,Sun 26 Feb 2023,78,41,0,3866456,3820190,241244,4107700,4061434,80.5395208724942,79.6323851340793,680
-7.6926,53.28823,2023/02/27 00:00:00+00,Mon 27 Feb 2023,1,2,0,3866457,3820192,241244,4107701,4061436,80.5395404794569,79.6324243480048,681
-7.6926,53.28823,2023/02/28 00:00:00+00,Tue 28 Feb 2023,32,11,0,3866489,3820203,241244,4107733,4061447,80.5401679022648,79.632640024595,682
-7.6926,53.28823,2023/03/01 00:00:00+00,Wed 01 Mar 2023,21,18,0,3866510,3820221,241244,4107754,4061465,80.5405796484824,79.6329929499244,683
-7.6926,53.28823,2023/03/02 00:00:00+00,Thu 02 Mar 2023,20,14,0,3866530,3820235,241244,4107774,4061479,80.5409717877374,79.6332674474029,684
-7.6926,53.28823,2023/03/03 00:00:00+00,Fri 03 Mar 2023,11,13,0,3866541,3820248,241244,4107785,4061492,80.5411874643276,79.6335223379185,685
-7.6926,53.28823,2023/03/04 00:00:00+00,Sat 04 Mar 2023,39,24,0,3866580,3820272,241244,4107824,4061516,80.5419521358747,79.6339929050245,686
-7.6926,53.28823,2023/03/05 00:00:00+00,Sun 05 Mar 2023,27,19,0,3866607,3820291,241244,4107851,4061535,80.5424815238688,79.6343654373166,687
-7.6926,53.28823,2023/03/06 00:00:00+00,Mon 06 Mar 2023,1,1,0,3866608,3820292,241244,4107852,4061536,80.5425011308316,79.6343850442794,688
-7.6926,53.28823,2023/03/07 00:00:00+00,Tue 07 Mar 2023,12,14,0,3866620,3820306,241244,4107864,4061550,80.5427364143845,79.6346595417578,689
-7.6926,53.28823,2023/03/08 00:00:00+00,Wed 08 Mar 2023,28,27,0,3866648,3820333,241244,4107892,4061577,80.5432854093414,79.635188929752,690
-7.6926,53.28823,2023/03/09 00:00:00+00,Thu 09 Mar 2023,13,8,0,3866661,3820341,241244,4107905,4061585,80.5435402998571,79.6353457854539,691
-7.6926,53.28823,2023/03/10 00:00:00+00,Fri 10 Mar 2023,10,3,0,3866671,3820344,241244,4107915,4061588,80.5437363694846,79.6354046063422,692
-7.6926,53.28823,2023/03/11 00:00:00+00,Sat 11 Mar 2023,28,23,0,3866699,3820367,241244,4107943,4061611,80.5442853644415,79.6358555664853,693
-7.6926,53.28823,2023/03/12 00:00:00+00,Sun 12 Mar 2023,15,14,0,3866714,3820381,241244,4107958,4061625,80.5445794688827,79.6361300639638,694
-7.6926,53.28823,2023/03/13 00:00:00+00,Mon 13 Mar 2023,2,0,0,3866716,3820381,241244,4107960,4061625,80.5446186828082,79.6361300639638,695
-7.6926,53.28823,2023/03/14 00:00:00+00,Tue 14 Mar 2023,11,17,0,3866727,3820398,241244,4107971,4061642,80.5448343593984,79.6364633823305,696
-7.6926,53.28823,2023/03/15 00:00:00+00,Wed 15 Mar 2023,29,24,0,3866756,3820422,241244,4108000,4061666,80.545402961318,79.6369339494364,697
-7.6926,53.28823,2023/03/16 00:00:00+00,Thu 16 Mar 2023,10,16,0,3866766,3820438,241244,4108010,4061682,80.5455990309455,79.6372476608403,698
-7.6926,53.28823,2023/03/18 00:00:00+00,Sat 18 Mar 2023,20,45,0,3866786,3820483,241244,4108030,4061727,80.5459911702004,79.6381299741639,699
-7.6926,53.28823,2023/03/19 00:00:00+00,Sun 19 Mar 2023,13,38,0,3866799,3820521,241244,4108043,4061765,80.5462460607161,79.6388750387483,700
-7.6926,53.28823,2023/03/20 00:00:00+00,Mon 20 Mar 2023,7,3,0,3866806,3820524,241244,4108050,4061768,80.5463833094553,79.6389338596365,701
-7.6926,53.28823,2023/03/21 00:00:00+00,Tue 21 Mar 2023,25,24,0,3866831,3820548,241244,4108075,4061792,80.546873483524,79.6394044267424,702
-7.6926,53.28823,2023/03/22 00:00:00+00,Wed 22 Mar 2023,12,17,0,3866843,3820565,241244,4108087,4061809,80.5471087670769,79.6397377451091,703
-7.6926,53.28823,2023/03/23 00:00:00+00,Thu 23 Mar 2023,8,15,0,3866851,3820580,241244,4108095,4061824,80.5472656227789,79.6400318495503,704
-7.6926,53.28823,2023/03/24 00:00:00+00,Fri 24 Mar 2023,10,9,0,3866861,3820589,241244,4108105,4061833,80.5474616924064,79.640208312215,705
-7.6926,53.28823,2023/03/25 00:00:00+00,Sat 25 Mar 2023,20,44,0,3866881,3820633,241244,4108125,4061877,80.5478538316613,79.6410710185758,706
-7.6926,53.28823,2023/03/26 00:00:00+00,Sun 26 Mar 2023,20,43,0,3866901,3820676,241244,4108145,4061920,80.5482459709162,79.6419141179739,707
-7.6926,53.28823,2023/03/27 23:00:00+00,Tue 28 Mar 2023,13,25,0,3866914,3820701,241244,4108158,4061945,80.5485008614319,79.6424042920426,708
-7.6926,53.28823,2023/03/28 23:00:00+00,Wed 29 Mar 2023,11,21,0,3866925,3820722,241244,4108169,4061966,80.5487165380221,79.6428160382602,709
-7.6926,53.28823,2023/03/29 23:00:00+00,Thu 30 Mar 2023,7,15,1,3866932,3820737,241245,4108177,4061982,80.5488733937241,79.6431297496642,710
-7.6926,53.28823,2023/03/30 23:00:00+00,Fri 31 Mar 2023,11,11,0,3866943,3820748,241245,4108188,4061993,80.5490890703143,79.6433454262544,711
-7.6926,53.28823,2023/03/31 23:00:00+00,Sat 01 Apr 2023,31,31,0,3866974,3820779,241245,4108219,4062024,80.5496968861594,79.6439532420995,712
-7.6926,53.28823,2023/04/01 23:00:00+00,Sun 02 Apr 2023,28,23,0,3867002,3820802,241245,4108247,4062047,80.5502458811163,79.6444042022427,713
-7.6926,53.28823,2023/04/02 23:00:00+00,Mon 03 Apr 2023,1,0,0,3867003,3820802,241245,4108248,4062047,80.5502654880791,79.6444042022427,714
-7.6926,53.28823,2023/04/03 23:00:00+00,Tue 04 Apr 2023,23,22,0,3867026,3820824,241245,4108271,4062069,80.5507164482222,79.6448355554231,715
-7.6926,53.28823,2023/04/04 23:00:00+00,Wed 05 Apr 2023,6,26,0,3867032,3820850,241245,4108277,4062095,80.5508340899987,79.6453453364545,716
-7.6926,53.28823,2023/04/05 23:00:00+00,Thu 06 Apr 2023,17,22,0,3867049,3820872,241245,4108294,4062117,80.5511674083654,79.6457766896349,717
-7.6926,53.28823,2023/04/06 23:00:00+00,Fri 07 Apr 2023,8,9,0,3867057,3820881,241245,4108302,4062126,80.5513242640674,79.6459531522996,718
-7.6926,53.28823,2023/04/07 23:00:00+00,Sat 08 Apr 2023,11,18,0,3867068,3820899,241245,4108313,4062144,80.5515399406576,79.6463060776291,719
-7.6926,53.28823,2023/04/10 23:00:00+00,Tue 11 Apr 2023,11,15,0,3867079,3820914,241245,4108324,4062159,80.5517556172478,79.6466001820703,720
-7.6926,53.28823,2023/04/11 23:00:00+00,Wed 12 Apr 2023,6,12,0,3867085,3820926,241245,4108330,4062171,80.5518732590242,79.6468354656232,721
-7.6926,53.28823,2023/04/12 23:00:00+00,Thu 13 Apr 2023,11,17,0,3867096,3820943,241245,4108341,4062188,80.5520889356145,79.6471687839899,722
-7.6926,53.28823,2023/04/13 23:00:00+00,Fri 14 Apr 2023,6,7,0,3867102,3820950,241245,4108347,4062195,80.5522065773909,79.6473060327291,723
-7.6926,53.28823,2023/04/14 23:00:00+00,Sat 15 Apr 2023,21,32,0,3867123,3820982,241245,4108368,4062227,80.5526183236086,79.647933455537,724
-7.6926,53.28823,2023/04/15 23:00:00+00,Sun 16 Apr 2023,28,31,0,3867151,3821013,241245,4108396,4062258,80.5531673185655,79.6485412713821,725
-7.6926,53.28823,2023/04/16 23:00:00+00,Mon 17 Apr 2023,3,0,0,3867154,3821013,241245,4108399,4062258,80.5532261394537,79.6485412713821,726
-7.6926,53.28823,2023/04/17 23:00:00+00,Tue 18 Apr 2023,10,11,0,3867164,3821024,241245,4108409,4062269,80.5534222090812,79.6487569479723,727
-7.6926,53.28823,2023/04/18 23:00:00+00,Wed 19 Apr 2023,14,20,0,3867178,3821044,241245,4108423,4062289,80.5536967065596,79.6491490872273,728
-7.6926,53.28823,2023/04/19 23:00:00+00,Thu 20 Apr 2023,3,6,0,3867181,3821050,241245,4108426,4062295,80.5537555274479,79.6492667290037,729
-7.6926,53.28823,2023/04/20 23:00:00+00,Fri 21 Apr 2023,4,9,0,3867185,3821059,241245,4108430,4062304,80.5538339552989,79.6494431916685,730
-7.6926,53.28823,2023/04/21 23:00:00+00,Sat 22 Apr 2023,17,25,0,3867202,3821084,241245,4108447,4062329,80.5541672736656,79.6499333657371,731
-7.6926,53.28823,2023/04/22 23:00:00+00,Sun 23 Apr 2023,11,16,0,3867213,3821100,241245,4108458,4062345,80.5543829502558,79.650247077141,732
-7.6926,53.28823,2023/04/23 23:00:00+00,Mon 24 Apr 2023,2,2,0,3867215,3821102,241245,4108460,4062347,80.5544221641813,79.6502862910665,733
-7.6926,53.28823,2021/11/08 00:00:00+00,Mon 08 Nov 2021,521,541,4,3636522,3569922,241037,3877559,3810959,76.027154859125,74.7213311402292,734
-7.6926,53.28823,2021/11/09 00:00:00+00,Tue 09 Nov 2021,1375,1077,4,3637897,3570999,241041,3878938,3812040,76.0541928607519,74.7425262669578,735
-7.6926,53.28823,2021/11/10 00:00:00+00,Wed 10 Nov 2021,1604,1372,2,3639501,3572371,241043,3880544,3813414,76.0856816429223,74.7694662337711,736
-7.6926,53.28823,2021/11/11 00:00:00+00,Thu 11 Nov 2021,1396,1131,2,3640897,3573502,241045,3881942,3814547,76.1130921768415,74.7916809225625,737
-7.6926,53.28823,2021/11/12 00:00:00+00,Fri 12 Nov 2021,1145,1163,6,3642042,3574665,241051,3883093,3815716,76.1356597909623,74.8146014620128,738
-7.6926,53.28823,2021/11/13 00:00:00+00,Sat 13 Nov 2021,1397,1386,0,3643439,3576051,241051,3884490,3817102,76.1630507179188,74.841776712379,739
-7.6926,53.28823,2021/11/14 00:00:00+00,Sun 14 Nov 2021,1648,1808,1,3645087,3577859,241052,3886139,3818911,76.1953825994872,74.8772457079868,740
-7.6926,53.28823,2021/11/15 00:00:00+00,Mon 15 Nov 2021,1244,601,1,3646331,3578460,241053,3887384,3819513,76.2197932681062,74.88904909956,741
-7.6926,53.28823,2021/11/16 00:00:00+00,Tue 16 Nov 2021,1320,1087,5,3647651,3579547,241058,3888709,3820605,76.2457724937449,74.9104599028789,742
-7.6926,53.28823,2021/11/17 00:00:00+00,Wed 17 Nov 2021,1505,1130,3,3649156,3580677,241061,3890217,3821738,76.2753397935661,74.9326745916703,743
-7.6926,53.28823,2021/11/18 00:00:00+00,Thu 18 Nov 2021,1643,2522,5,3650799,3583199,241066,3891865,3824265,76.3076520681718,74.9822213865299,744
-7.6926,53.28823,2021/11/19 00:00:00+00,Fri 19 Nov 2021,1166,1570,0,3651965,3584769,241066,3893031,3825835,76.3305137867339,75.0130043180414,745
-7.6926,53.28823,2021/11/20 00:00:00+00,Sat 20 Nov 2021,1549,2955,12,3653514,3587724,241078,3894592,3828802,76.3611202555807,75.0711781765093,746
-7.6926,53.28823,2021/11/21 00:00:00+00,Sun 21 Nov 2021,1790,2773,0,3655304,3590497,241078,3896382,3831575,76.3962167188964,75.1255482842045,747
-7.6926,53.28823,2021/11/22 00:00:00+00,Mon 22 Nov 2021,725,522,3,3656029,3591019,241081,3897110,3832100,76.4104905877756,75.1358419396462,748
-7.6926,53.28823,2021/11/23 00:00:00+00,Tue 23 Nov 2021,2159,1605,8,3658188,3592624,241089,3899277,3833713,76.4529788760466,75.1674679705558,749
-7.6926,53.28823,2021/11/24 00:00:00+00,Wed 24 Nov 2021,1616,3155,2,3659804,3595779,241091,3900895,3836870,76.4847029417699,75.2293671519455,750
-7.6926,53.28823,2021/11/25 00:00:00+00,Thu 25 Nov 2021,982,1193,2,3660786,3596972,241093,3901879,3838065,76.5039961931121,75.2527974724272,751
-7.6926,53.28823,2021/11/26 00:00:00+00,Fri 26 Nov 2021,1279,1117,12,3662065,3598089,241105,3903170,3839194,76.5293087820174,75.2749337333677,752
-7.6926,53.28823,2021/11/27 00:00:00+00,Sat 27 Nov 2021,1200,1569,6,3663265,3599658,241111,3904376,3840769,76.5529547790893,75.3058146996929,753
-7.6926,53.28823,2021/11/28 00:00:00+00,Sun 28 Nov 2021,1961,2267,1,3665226,3601925,241112,3906338,3843037,76.5914236399973,75.3502832912012,754
-7.6926,53.28823,2021/11/29 00:00:00+00,Mon 29 Nov 2021,536,1006,2,3665762,3602931,241114,3906876,3844045,76.6019721859548,75.3700471096494,755
-7.6926,53.28823,2021/11/30 00:00:00+00,Tue 30 Nov 2021,1898,1660,6,3667660,3604591,241120,3908780,3845711,76.6393038430235,75.4027123095845,756
-7.6926,53.28823,2021/12/01 00:00:00+00,Wed 01 Dec 2021,1076,1393,4,3668736,3605984,241124,3909860,3847108,76.6604793627894,75.4301032365409,757
-7.6926,53.28823,2021/12/02 00:00:00+00,Thu 02 Dec 2021,1738,1420,0,3670474,3607404,241124,3911598,3848528,76.6945562640423,75.4579451236405,758
-7.6926,53.28823,2021/12/03 00:00:00+00,Fri 03 Dec 2021,1017,1208,3,3671491,3608612,241127,3912618,3849739,76.7145553660434,75.4816891555262,759
-7.6926,53.28823,2021/12/04 00:00:00+00,Sat 04 Dec 2021,1206,1707,3,3672697,3610319,241130,3913827,3851449,76.7382601840035,75.5152170618221,760
-7.6926,53.28823,2021/12/05 00:00:00+00,Sun 05 Dec 2021,1349,1779,2,3674046,3612098,241132,3915178,3853230,76.7647491906736,75.5501370624731,761
-7.6926,53.28823,2021/12/06 00:00:00+00,Mon 06 Dec 2021,942,1307,0,3674988,3613405,241132,3916120,3854537,76.7832189495805,75.5757633627823,762
-7.6926,53.28823,2021/12/07 00:00:00+00,Tue 07 Dec 2021,488,753,2,3675476,3614158,241134,3916610,3855292,76.7928263613261,75.5905666196557,763
-7.6926,53.28823,2021/12/08 00:00:00+00,Wed 08 Dec 2021,799,1528,2,3676275,3615686,241136,3917411,3856822,76.8085315384858,75.6205652726574,764
-7.6926,53.28823,2021/12/09 00:00:00+00,Thu 09 Dec 2021,788,1217,1,3677063,3616903,241137,3918200,3858040,76.8240014320926,75.6444465532822,765
-7.6926,53.28823,2021/12/10 00:00:00+00,Fri 10 Dec 2021,895,1623,1,3677958,3618526,241138,3919096,3859664,76.8415692707131,75.676288260782,766
-7.6926,53.28823,2021/12/11 00:00:00+00,Sat 11 Dec 2021,645,851,2,3678603,3619377,241140,3919743,3860517,76.8542549756099,75.6930130000045,767
-7.6926,53.28823,2021/12/12 00:00:00+00,Sun 12 Dec 2021,686,1193,0,3679289,3620570,241140,3920429,3861710,76.8677053520538,75.7164041065607,768
-7.6926,53.28823,2021/12/13 00:00:00+00,Mon 13 Dec 2021,725,1075,1,3680014,3621645,241141,3921155,3862786,76.8819400070075,75.7375011984756,769
-7.6926,53.28823,2021/12/14 00:00:00+00,Tue 14 Dec 2021,631,1206,3,3680645,3622851,241144,3921789,3863995,76.8943708213886,75.7612060164357,770
-7.6926,53.28823,2021/12/15 00:00:00+00,Wed 15 Dec 2021,794,1260,1,3681439,3624111,241145,3922584,3865256,76.9099583567718,75.7859303964587,771
-7.6926,53.28823,2021/12/16 00:00:00+00,Thu 16 Dec 2021,1049,1553,8,3682488,3625664,241153,3923641,3866817,76.9306829163945,75.8165368653055,772
-7.6926,53.28823,2021/12/17 00:00:00+00,Fri 17 Dec 2021,1198,2462,2,3683686,3628126,241155,3924841,3869281,76.95421127169,75.8648484215121,773
-7.6926,53.28823,2021/12/18 00:00:00+00,Sat 18 Dec 2021,1252,1186,0,3684938,3629312,241155,3926093,3870467,76.9787591890482,75.888102279329,774
-7.6926,53.28823,2021/12/19 00:00:00+00,Sun 19 Dec 2021,554,894,3,3685492,3630206,241158,3926650,3871364,76.9896802672978,75.9056897249123,775
-7.6926,53.28823,2021/12/20 00:00:00+00,Mon 20 Dec 2021,517,624,1,3686009,3630830,241159,3927168,3871989,76.9998366740003,75.9179440766287,776
-7.6926,53.28823,2021/12/21 00:00:00+00,Tue 21 Dec 2021,1407,1825,3,3687416,3632655,241162,3928578,3873817,77.0274824914724,75.9537856045287,777
-7.6926,53.28823,2021/12/22 00:00:00+00,Wed 22 Dec 2021,1171,1607,2,3688587,3634262,241164,3929751,3875426,77.0504814587737,75.9853332075873,778
-7.6926,53.28823,2021/12/23 00:00:00+00,Thu 23 Dec 2021,933,1407,0,3689520,3635669,241164,3930684,3876833,77.0687747550159,76.0129202041712,779
-7.6926,53.28823,2021/12/24 00:00:00+00,Fri 24 Dec 2021,101,166,0,3689621,3635835,241164,3930785,3876999,77.0707550582533,76.0161749599871,780
-7.6926,53.28823,2021/12/25 00:00:00+00,Sat 25 Dec 2021,2,7,0,3689623,3635842,241164,3930787,3877006,77.0707942721788,76.0163122087263,781
-7.6926,53.28823,2021/12/26 00:00:00+00,Sun 26 Dec 2021,12,14,0,3689635,3635856,241164,3930799,3877020,77.0710295557317,76.0165867062048,782
-7.6926,53.28823,2021/12/27 00:00:00+00,Mon 27 Dec 2021,393,591,0,3690028,3636447,241164,3931192,3877611,77.078735092091,76.0281744211878,783
-7.6926,53.28823,2021/12/28 00:00:00+00,Tue 28 Dec 2021,469,752,0,3690497,3637199,241164,3931661,3878363,77.0879307576189,76.0429188571729,784
-7.6926,53.28823,2021/12/29 00:00:00+00,Wed 29 Dec 2021,1061,1318,0,3691558,3638517,241164,3932722,3879681,77.1087337450926,76.0687608340724,785
-7.6926,53.28823,2021/12/30 00:00:00+00,Thu 30 Dec 2021,1051,1205,1,3692609,3639722,241165,3933774,3880887,77.1293602699016,76.0924068311442,786
-7.6926,53.28823,2021/12/31 00:00:00+00,Fri 31 Dec 2021,716,1682,0,3693325,3641404,241165,3934490,3882569,77.1433988552279,76.1253857424833,787
-7.6926,53.28823,2022/01/01 00:00:00+00,Sat 01 Jan 2022,70,101,1,3693395,3641505,241166,3934561,3882671,77.1447909495829,76.1273856526834,788
-7.6926,53.28823,2022/01/02 00:00:00+00,Sun 02 Jan 2022,271,629,0,3693666,3642134,241166,3934832,3883300,77.1501044364871,76.1397184322508,789
-7.6926,53.28823,2022/01/03 00:00:00+00,Mon 03 Jan 2022,3635,731,1,3697301,3642865,241167,3938468,3884032,77.2213953530322,76.154070728981,790
-7.6926,53.28823,2022/01/04 00:00:00+00,Tue 04 Jan 2022,1190,792,1,3698491,3643657,241168,3939659,3884825,77.2447472456629,76.1696190504387,791
-7.6926,53.28823,2022/01/05 00:00:00+00,Wed 05 Jan 2022,2141,918,0,3700632,3644575,241168,3941800,3885743,77.2867257529025,76.1876182422397,792
-7.6926,53.28823,2022/01/06 00:00:00+00,Thu 06 Jan 2022,2454,1700,1,3703086,3646275,241169,3944255,3887444,77.3348608464443,76.220969685871,793
-7.6926,53.28823,2022/01/07 00:00:00+00,Fri 07 Jan 2022,4857,785,2,3707943,3647060,241171,3949114,3888231,77.430131078428,76.2364003655522,794
-7.6926,53.28823,2022/01/08 00:00:00+00,Sat 08 Jan 2022,9789,747,2,3717732,3647807,241173,3958905,3888980,77.6221028506759,76.2510859806491,795
-7.6926,53.28823,2022/01/09 00:00:00+00,Sun 09 Jan 2022,7116,667,0,3724848,3648474,241173,3966021,3889647,77.7616259975778,76.2641638248008,796
-7.6926,53.28823,2022/01/10 00:00:00+00,Mon 10 Jan 2022,6668,512,1,3731516,3648986,241174,3972690,3890160,77.892384832132,76.2742221966896,797
-7.6926,53.28823,2022/01/11 00:00:00+00,Tue 11 Jan 2022,4781,1374,1,3736297,3650360,241175,3977472,3891535,77.9861453279843,76.3011817704656,798
-7.6926,53.28823,2022/01/12 00:00:00+00,Wed 12 Jan 2022,7561,929,1,3743858,3651289,241176,3985034,3892465,78.1344131802709,76.3194162458196,799
-7.6926,53.28823,2022/01/13 00:00:00+00,Thu 13 Jan 2022,7322,822,0,3751180,3652111,241176,3992356,3893287,78.2779753614985,76.3355331691969,800
-7.6926,53.28823,2022/01/14 00:00:00+00,Fri 14 Jan 2022,10725,840,0,3761905,3652951,241176,4003081,3894127,78.4882600369513,76.3520030179037,801
-7.6926,53.28823,2022/01/15 00:00:00+00,Sat 15 Jan 2022,8363,655,2,3770268,3653606,241178,4011446,3894784,78.6522722803231,76.3648847924279,802
-7.6926,53.28823,2022/01/16 00:00:00+00,Sun 16 Jan 2022,6965,1216,1,3777233,3654822,241179,4018412,3896001,78.788854382813,76.3887464660901,803
-7.6926,53.28823,2022/01/17 00:00:00+00,Mon 17 Jan 2022,2565,564,0,3779798,3655386,241179,4020977,3896565,78.839146242257,76.3998047930789,804
-7.6926,53.28823,2022/01/18 00:00:00+00,Tue 18 Jan 2022,4056,456,3,3783854,3655842,241182,4025036,3897024,78.9187309040437,76.4088043889794,805
-7.6926,53.28823,2022/01/19 00:00:00+00,Wed 19 Jan 2022,3487,627,0,3787341,3656469,241182,4028523,3897651,78.9871003831397,76.4210979546213,806
-7.6926,53.28823,2022/01/20 00:00:00+00,Thu 20 Jan 2022,3699,940,2,3791040,3657409,241184,4032224,3898593,79.0596657522633,76.4395677135282,807
-7.6926,53.28823,2022/01/21 00:00:00+00,Fri 21 Jan 2022,3253,978,0,3794293,3658387,241184,4035477,3899571,79.1234472020766,76.4587433230939,808
-7.6926,53.28823,2022/01/22 00:00:00+00,Sat 22 Jan 2022,4274,645,0,3798567,3659032,241184,4039751,3900216,79.2072473608538,76.4713898140652,809
-7.6926,53.28823,2022/01/23 00:00:00+00,Sun 23 Jan 2022,3094,680,0,3801661,3659712,241184,4042845,3900896,79.2679113035905,76.4847225487326,810
-7.6926,53.28823,2022/01/24 00:00:00+00,Mon 24 Jan 2022,646,469,0,3802307,3660181,241184,4043491,3901365,79.2805774015245,76.4939182142606,811
-7.6926,53.28823,2022/01/25 00:00:00+00,Tue 25 Jan 2022,692,1838,1,3802999,3662019,241185,4044184,3903204,79.2941650267076,76.5299754187508,812
-7.6926,53.28823,2022/01/26 00:00:00+00,Wed 26 Jan 2022,700,899,0,3803699,3662918,241185,4044884,3904103,79.30788990063,76.5476020782596,813
-7.6926,53.28823,2022/01/27 00:00:00+00,Thu 27 Jan 2022,1279,1180,0,3804978,3664098,241185,4046163,3905283,79.3329672059823,76.5707382943001,814
-7.6926,53.28823,2022/01/28 00:00:00+00,Fri 28 Jan 2022,1031,3096,1,3806009,3667194,241186,4047195,3908380,79.3532015915364,76.631461057925,815
-7.6926,53.28823,2022/01/29 00:00:00+00,Sat 29 Jan 2022,2330,3446,0,3808339,3670640,241186,4049525,3911826,79.398885814735,76.6990266515484,816
-7.6926,53.28823,2022/01/30 00:00:00+00,Sun 30 Jan 2022,1639,7539,0,3809978,3678179,241186,4051164,3919365,79.431021626676,76.8468435436919,817
-7.6926,53.28823,2022/01/31 00:00:00+00,Mon 31 Jan 2022,484,1397,0,3810462,3679576,241186,4051648,3920762,79.4405113966451,76.8742344706483,818
-7.6926,53.28823,2022/02/01 00:00:00+00,Tue 01 Feb 2022,752,3422,1,3811214,3682998,241187,4052401,3924185,79.455275439593,76.9413491041285,819
-7.6926,53.28823,2022/02/02 00:00:00+00,Wed 02 Feb 2022,652,3000,0,3811866,3685998,241187,4053053,3927185,79.4680591793035,77.000169992367,820
-7.6926,53.28823,2022/02/03 00:00:00+00,Thu 03 Feb 2022,908,2438,1,3812774,3688436,241188,4053962,3929624,79.4858819084398,77.047991374505,821
-7.6926,53.28823,2022/02/04 00:00:00+00,Fri 04 Feb 2022,1173,6524,0,3813947,3694960,241188,4055135,3936148,79.5088808757411,77.1759071994611,822
-7.6926,53.28823,2022/02/05 00:00:00+00,Sat 05 Feb 2022,1777,5751,0,3815724,3700711,241188,4056912,3941899,79.543722448541,77.2886668422143,823
-7.6926,53.28823,2022/02/06 00:00:00+00,Sun 06 Feb 2022,1407,7556,0,3817131,3708267,241188,4058319,3949455,79.5713094451249,77.4368170527245,824
-7.6926,53.28823,2022/02/07 00:00:00+00,Mon 07 Feb 2022,443,1354,0,3817574,3709621,241188,4058762,3950809,79.5799953296215,77.4633648802828,825
-7.6926,53.28823,2022/02/08 00:00:00+00,Tue 08 Feb 2022,900,1239,0,3818474,3710860,241188,4059662,3952048,79.597641596093,77.4876579071254,826
-7.6926,53.28823,2022/02/09 00:00:00+00,Wed 09 Feb 2022,1335,1785,0,3819809,3712645,241188,4060997,3953833,79.6238168913592,77.5226563356273,827
-7.6926,53.28823,2022/02/10 00:00:00+00,Thu 10 Feb 2022,688,2555,1,3820497,3715200,241189,4061686,3956389,79.6373260886913,77.5727717324065,828
-7.6926,53.28823,2022/02/11 00:00:00+00,Fri 11 Feb 2022,546,4927,0,3821043,3720127,241189,4062232,3961316,79.6480314903507,77.669375237857,829
-7.6926,53.28823,2022/02/12 00:00:00+00,Sat 12 Feb 2022,1397,5463,0,3822440,3725590,241189,4063629,3966779,79.6754224173071,77.7764880753394,830
-7.6926,53.28823,2022/02/13 00:00:00+00,Sun 13 Feb 2022,1566,4706,0,3824006,3730296,241189,4065195,3971485,79.7061269209677,77.8687584420229,831
-7.6926,53.28823,2022/02/14 00:00:00+00,Mon 14 Feb 2022,175,954,0,3824181,3731250,241189,4065370,3972439,79.7095581394482,77.8874634844828,832
-7.6926,53.28823,2022/02/15 00:00:00+00,Tue 15 Feb 2022,650,819,1,3824831,3732069,241190,4066021,3973259,79.722322272196,77.9035411939346,833
-7.6926,53.28823,2022/02/16 00:00:00+00,Wed 16 Feb 2022,799,1787,0,3825630,3733856,241190,4066820,3975046,79.7379882354302,77.9385788363621,834
-7.6926,53.28823,2022/02/17 00:00:00+00,Thu 17 Feb 2022,791,1194,2,3826421,3735050,241192,4067613,3976242,79.7535365568879,77.9620287638065,835
-7.6926,53.28823,2022/02/18 00:00:00+00,Fri 18 Feb 2022,792,3296,0,3827213,3738346,241192,4068405,3979538,79.7690652713829,78.0266533130179,836
-7.6926,53.28823,2022/02/19 00:00:00+00,Sat 19 Feb 2022,980,3557,0,3828193,3741903,241192,4069385,3983095,79.7882800948742,78.0963952795061,837
-7.6926,53.28823,2022/02/20 00:00:00+00,Sun 20 Feb 2022,1365,3588,0,3829558,3745491,241192,4070750,3986683,79.8150435990227,78.1667450618394,838
