X,Y,VaccinationDate,VaccineText,Dose1,Dose2,SingleDose,Dose1Cum,Dose2Cum,SingleDoseCum,PartiallyVacc,FullyVacc,PartialPercent,FullyPercent,ObjectId
-7.6926,53.28823,2021/08/28 23:00:00+00,Sun 29 Aug 2021,8782,9123,23,3462699,3144007,233513,3696212,3377520,87.42194325752,79.8843144795642,1
-7.6926,53.28823,2021/08/29 23:00:00+00,Mon 30 Aug 2021,5017,10957,78,3467716,3154964,233591,3701307,3388555,87.542449007974,80.1453117231873,2
-7.6926,53.28823,2021/08/30 23:00:00+00,Tue 31 Aug 2021,4012,12680,135,3471728,3167644,233726,3705454,3401370,87.6405328837606,80.4484091112281,3
-7.6926,53.28823,2021/08/31 23:00:00+00,Wed 01 Sep 2021,4896,12371,174,3476624,3180015,233900,3710524,3413915,87.7604473400514,80.7451205223067,4
-7.6926,53.28823,2021/09/01 23:00:00+00,Thu 02 Sep 2021,4961,12234,243,3481585,3192249,234143,3715728,3426392,87.8835311330568,81.0402236132614,5
-7.6926,53.28823,2021/09/02 23:00:00+00,Fri 03 Sep 2021,4719,15893,159,3486304,3208142,234302,3720606,3442444,87.9989044501745,81.4198817695495,6
-7.6926,53.28823,2021/09/03 23:00:00+00,Sat 04 Sep 2021,4601,10502,128,3490905,3218644,234430,3725335,3453074,88.1107536540797,81.6713000477293,7
-7.6926,53.28823,2021/09/04 23:00:00+00,Sun 05 Sep 2021,5291,11835,1,3496196,3230479,234431,3730627,3464910,88.2359188025394,81.9512423563403,8
-7.6926,53.28823,2021/09/05 23:00:00+00,Mon 06 Sep 2021,2112,9565,68,3498308,3240044,234499,3732807,3474543,88.2874796535678,82.1790798232929,9
-7.6926,53.28823,2021/09/06 23:00:00+00,Tue 07 Sep 2021,2998,9891,137,3501306,3249935,234636,3735942,3484571,88.3616279416293,82.4162597380236,10
-7.6926,53.28823,2021/09/07 23:00:00+00,Wed 08 Sep 2021,2572,14687,180,3503878,3264622,234816,3738694,3499438,88.4267176031111,82.7678905509774,11
-7.6926,53.28823,2021/09/08 23:00:00+00,Thu 09 Sep 2021,3077,14687,135,3506955,3279309,234951,3741906,3514260,88.5026870771951,83.1184570344374,12
-7.6926,53.28823,2021/09/09 23:00:00+00,Fri 10 Sep 2021,3351,13851,108,3510306,3293160,235059,3745365,3528219,88.5844985376113,83.4486120433849,13
-7.6926,53.28823,2021/09/10 23:00:00+00,Sat 11 Sep 2021,2537,11236,57,3512843,3304396,235116,3747959,3539512,88.6458512199818,83.7157114427719,14
-7.6926,53.28823,2021/09/11 23:00:00+00,Sun 12 Sep 2021,2023,12844,0,3514866,3317240,235116,3749982,3552356,88.6936987436655,84.019494732042,15
-7.6926,53.28823,2021/09/12 23:00:00+00,Mon 13 Sep 2021,1572,7639,46,3516438,3324879,235162,3751600,3560041,88.7319673019058,84.2012585578004,16
-7.6926,53.28823,2021/09/13 23:00:00+00,Tue 14 Sep 2021,1519,10676,79,3517957,3335555,235241,3753198,3570796,88.7697628248156,84.455633306796,17
-7.6926,53.28823,2021/09/14 23:00:00+00,Wed 15 Sep 2021,3247,12314,130,3521204,3347869,235371,3756575,3583240,88.8496348403766,84.7499558894554,18
-7.6926,53.28823,2021/09/15 23:00:00+00,Thu 16 Sep 2021,1882,10512,109,3523086,3358381,235480,3758566,3593861,88.8967255075314,85.0011613017365,19
-7.6926,53.28823,2021/09/16 23:00:00+00,Fri 17 Sep 2021,2538,14516,89,3525624,3372897,235569,3761193,3608466,88.9588586981973,85.3465953518602,20
-7.6926,53.28823,2021/09/17 23:00:00+00,Sat 18 Sep 2021,2273,11167,40,3527897,3384064,235609,3763506,3619673,89.0135652341738,85.611660699326,21
-7.6926,53.28823,2021/09/18 23:00:00+00,Sun 19 Sep 2021,1854,8455,11,3529751,3392519,235620,3765371,3628139,89.0576757787462,85.8118965547418,22
-7.6926,53.28823,2021/09/19 23:00:00+00,Mon 20 Sep 2021,947,5551,31,3530698,3398070,235651,3766349,3633721,89.0808072064094,85.9439207154943,23
-7.6926,53.28823,2021/09/20 23:00:00+00,Tue 21 Sep 2021,1442,6593,89,3532140,3404663,235740,3767880,3640403,89.117018060962,86.1019618194263,24
-7.6926,53.28823,2021/09/21 23:00:00+00,Wed 22 Sep 2021,1884,8071,94,3534024,3412734,235834,3769858,3648568,89.1638012551519,86.2950784931176,25
-7.6926,53.28823,2021/09/22 23:00:00+00,Thu 23 Sep 2021,1681,8684,85,3535705,3421418,235919,3771624,3657337,89.2055702748383,86.502480833791,26
-7.6926,53.28823,2021/09/23 23:00:00+00,Fri 24 Sep 2021,1899,7307,79,3537604,3428725,235998,3773602,3664723,89.2523534690283,86.6771727813579,27
-7.6926,53.28823,2021/09/24 23:00:00+00,Sat 25 Sep 2021,2400,6538,50,3540004,3435263,236048,3776052,3671311,89.3103002970189,86.8329906192364,28
-7.6926,53.28823,2021/09/25 23:00:00+00,Sun 26 Sep 2021,1536,7080,0,3541540,3442343,236048,3777588,3678391,89.346629410404,87.000445126246,29
-7.6926,53.28823,2021/09/26 23:00:00+00,Mon 27 Sep 2021,1166,3703,45,3542706,3446046,236093,3778799,3682139,89.375271699668,87.0890919471885,30
-7.6926,53.28823,2021/09/27 23:00:00+00,Tue 28 Sep 2021,1437,5046,89,3544143,3451092,236182,3780325,3687274,89.4113642953879,87.2105437683035,31
-7.6926,53.28823,2021/09/28 23:00:00+00,Wed 29 Sep 2021,1637,3533,72,3545780,3454625,236254,3782034,3690879,89.4517851643821,87.2958083866326,32
-7.6926,53.28823,2021/09/29 23:00:00+00,Thu 30 Sep 2021,1265,3878,77,3547045,3458503,236331,3783376,3694834,89.4835258350611,87.389351123246,33
-7.6926,53.28823,2021/09/30 23:00:00+00,Fri 01 Oct 2021,1832,5091,38,3548877,3463594,236369,3785246,3699963,89.5277546384662,87.5106610337619,34
-7.6926,53.28823,2021/10/01 23:00:00+00,Sat 02 Oct 2021,1703,4035,39,3550580,3467629,236408,3786988,3704037,89.5689560157559,87.6070183305921,35
-7.6926,53.28823,2021/10/02 23:00:00+00,Sun 03 Oct 2021,1203,2989,9,3551783,3470618,236417,3788200,3707035,89.5976219567863,87.6779263266394,36
-7.6926,53.28823,2021/10/03 23:00:00+00,Mon 04 Oct 2021,330,1158,16,3552113,3471776,236433,3788546,3708209,89.6058054680046,87.7056935005419,37
-7.6926,53.28823,2021/10/04 23:00:00+00,Tue 05 Oct 2021,970,2749,68,3553083,3474525,236501,3789584,3711026,89.6303560016594,87.7723205268478,38
-7.6926,53.28823,2021/10/05 23:00:00+00,Wed 06 Oct 2021,979,2495,34,3554062,3477020,236535,3790597,3713555,89.6543152411511,87.8321358443941,39
-7.6926,53.28823,2021/10/06 23:00:00+00,Thu 07 Oct 2021,1204,2627,41,3555266,3479647,236576,3791842,3716223,89.6837616904769,87.8952387574876,40
-7.6926,53.28823,2021/10/07 23:00:00+00,Fri 08 Oct 2021,981,2686,42,3556247,3482333,236618,3792865,3718951,89.7079574476338,87.9597607765726,41
-7.6926,53.28823,2021/10/08 23:00:00+00,Sat 09 Oct 2021,729,2317,19,3556976,3484650,236637,3793613,3721287,89.7256489689958,88.0150113031792,42
-7.6926,53.28823,2021/10/09 23:00:00+00,Sun 10 Oct 2021,1528,3889,0,3558504,3488539,236637,3795141,3725176,89.7617888682488,88.1069930232019,43
-7.6926,53.28823,2021/10/10 23:00:00+00,Mon 11 Oct 2021,327,1064,12,3558831,3489603,236649,3795480,3726252,89.7698068171014,88.1324423239847,44
-7.6926,53.28823,2021/10/11 23:00:00+00,Tue 12 Oct 2021,561,1562,20,3559392,3491165,236669,3796061,3727834,89.7835484934534,88.1698594186301,45
-7.6926,53.28823,2021/10/12 23:00:00+00,Wed 13 Oct 2021,1030,1976,9,3560422,3493141,236678,3797100,3729819,89.8081226788748,88.2168081751858,46
-7.6926,53.28823,2021/10/13 23:00:00+00,Thu 14 Oct 2021,699,1514,7,3561121,3494655,236685,3797806,3731340,89.8248208260427,88.2527825120731,47
-7.6926,53.28823,2021/10/14 23:00:00+00,Fri 15 Oct 2021,952,1999,5,3562073,3496654,236690,3798763,3733344,89.8474555666088,88.3001806521927,48
-7.6926,53.28823,2021/10/15 23:00:00+00,Sat 16 Oct 2021,1376,2589,11,3563449,3499243,236701,3800150,3735944,89.8802605667815,88.3616752451624,49
-7.6926,53.28823,2021/10/16 23:00:00+00,Sun 17 Oct 2021,1709,2873,2,3565158,3502116,236703,3801861,3738819,89.9207287393088,88.4296740739269,50
-7.6926,53.28823,2021/10/17 23:00:00+00,Mon 18 Oct 2021,669,1169,3,3565827,3503285,236706,3802533,3739991,89.9366227264148,88.4573939442963,51
-7.6926,53.28823,2021/10/18 23:00:00+00,Tue 19 Oct 2021,1333,1729,10,3567160,3505014,236716,3803876,3741730,89.9683870488603,88.4985243662864,52
-7.6926,53.28823,2021/10/19 23:00:00+00,Wed 20 Oct 2021,2247,2255,0,3569407,3507269,236716,3806123,3743985,90.021532568246,88.5518590998043,53
-7.6926,53.28823,2021/10/20 23:00:00+00,Thu 21 Oct 2021,1753,1766,8,3571160,3509035,236724,3807884,3745759,90.0631833290997,88.5938173336228,54
-7.6926,53.28823,2021/10/21 23:00:00+00,Fri 22 Oct 2021,1494,1898,1,3572654,3510933,236725,3809379,3747658,90.0985427200572,88.6387320382572,55
-7.6926,53.28823,2021/10/22 23:00:00+00,Sat 23 Oct 2021,2006,1661,0,3574660,3512594,236725,3811385,3749319,90.14598816371,88.6780176224582,56
-7.6926,53.28823,2021/10/23 23:00:00+00,Sun 24 Oct 2021,1943,2171,0,3576603,3514765,236725,3813328,3751490,90.1919435460715,88.7293656075879,57
-7.6926,53.28823,2021/10/24 23:00:00+00,Mon 25 Oct 2021,1213,806,0,3577816,3515571,236725,3814541,3752296,90.2206331388685,88.7484289314085,58
-7.6926,53.28823,2021/10/25 23:00:00+00,Tue 26 Oct 2021,1235,1163,5,3579051,3516734,236730,3815781,3753464,90.2499613293617,88.7760541947117,59
-7.6926,53.28823,2021/10/26 23:00:00+00,Wed 27 Oct 2021,1553,1384,4,3580604,3518118,236734,3817338,3754852,90.2867871298439,88.8088828466509,60
-7.6926,53.28823,2021/10/27 23:00:00+00,Thu 28 Oct 2021,2143,1640,2,3582747,3519758,236736,3819483,3756494,90.3375201690439,88.8477190472879,61
-7.6926,53.28823,2021/10/28 23:00:00+00,Fri 29 Oct 2021,2131,1314,0,3584878,3521072,236736,3821614,3757808,90.3879220835125,88.8787974685041,62
-7.6926,53.28823,2021/10/29 23:00:00+00,Sat 30 Oct 2021,2000,1420,0,3586878,3522492,236736,3823614,3759228,90.4352256165661,88.9123829769722,63
-7.6926,53.28823,2021/10/30 23:00:00+00,Sun 31 Oct 2021,1628,1308,0,3588506,3523800,236736,3825242,3760536,90.4737306924717,88.9433194875892,64
-7.6926,53.28823,2021/11/01 00:00:00+00,Mon 01 Nov 2021,256,242,0,3588762,3524042,236736,3825498,3760778,90.4797855447026,88.9490432150887,65
-7.6926,53.28823,2021/11/02 00:00:00+00,Tue 02 Nov 2021,1084,1051,9,3589846,3525093,236745,3826591,3761838,90.5056369255163,88.9741140876071,66
-7.6926,53.28823,2021/11/03 00:00:00+00,Wed 03 Nov 2021,2535,1790,5,3592381,3526883,236750,3829131,3763633,90.5657124124944,89.0165690085227,67
-7.6926,53.28823,2021/11/04 00:00:00+00,Thu 04 Nov 2021,1550,1213,0,3593931,3528096,236750,3830681,3764846,90.6023726506109,89.0452586013197,68
-7.6926,53.28823,2021/11/05 00:00:00+00,Fri 05 Nov 2021,1634,1011,0,3595565,3529107,236750,3832315,3765857,90.6410196371157,89.0691705372783,69
-7.6926,53.28823,2021/11/06 00:00:00+00,Sat 06 Nov 2021,1822,1316,5,3597387,3530423,236755,3834142,3767178,90.6842314145601,89.1004145208602,70
-7.6926,53.28823,2021/11/07 00:00:00+00,Sun 07 Nov 2021,730,764,0,3598117,3531187,236755,3834872,3767942,90.7014972041247,89.1184844704866,71
-7.6926,53.28823,2021/11/08 00:00:00+00,Mon 08 Nov 2021,508,487,1,3598625,3531674,236756,3835381,3768430,90.7135359532868,89.1300265325517,72
-7.6926,53.28823,2021/11/09 00:00:00+00,Tue 09 Nov 2021,1376,993,1,3600001,3532667,236757,3836758,3769424,90.7461044357942,89.1535363884793,73
-7.6926,53.28823,2021/11/10 00:00:00+00,Wed 10 Nov 2021,1603,1296,0,3601604,3533963,236757,3838361,3770720,90.7840182175367,89.184189077898,74
-7.6926,53.28823,2021/11/11 00:00:00+00,Thu 11 Nov 2021,1407,1049,1,3603011,3535012,236758,3839769,3771770,90.8173199048064,89.2090234327512,75
-7.6926,53.28823,2021/11/12 00:00:00+00,Fri 12 Nov 2021,1151,1081,5,3604162,3536093,236763,3840925,3772856,90.8446613469113,89.2347092511993,76
-7.6926,53.28823,2021/11/13 00:00:00+00,Sat 13 Nov 2021,1412,1334,0,3605574,3537427,236763,3842337,3774190,90.8780576412472,89.266260707746,77
-7.6926,53.28823,2021/11/14 00:00:00+00,Sun 14 Nov 2021,1647,1800,0,3607221,3539227,236763,3843984,3775990,90.9170121007168,89.3088338874942,78
-7.6926,53.28823,2021/11/15 00:00:00+00,Mon 15 Nov 2021,1252,549,0,3608473,3539776,236763,3845236,3776539,90.9466241124083,89.3218187073174,79
-7.6926,53.28823,2021/11/16 00:00:00+00,Tue 16 Nov 2021,1323,1019,4,3609796,3540795,236767,3846563,3777562,90.9780100065894,89.3460144644743,80
-7.6926,53.28823,2021/11/17 00:00:00+00,Wed 17 Nov 2021,1510,1052,0,3611306,3541847,236767,3848073,3778614,91.0137241740448,89.3708961228605,81
-7.6926,53.28823,2021/11/18 00:00:00+00,Thu 18 Nov 2021,1660,2431,5,3612966,3544278,236772,3849738,3781050,91.0531043653119,89.4285118261198,82
-7.6926,53.28823,2021/11/19 00:00:00+00,Fri 19 Nov 2021,1174,1460,0,3614140,3545738,236772,3850912,3782510,91.0808715392144,89.4630434052489,83
-7.6926,53.28823,2021/11/20 00:00:00+00,Sat 20 Nov 2021,1535,2897,10,3615675,3548635,236782,3852457,3785417,91.1174135184983,89.5317990905423,84
-7.6926,53.28823,2021/11/21 00:00:00+00,Sun 21 Nov 2021,1784,2749,0,3617459,3551384,236782,3854241,3788166,91.1596082699821,89.5968177967244,85
-7.6926,53.28823,2021/11/22 00:00:00+00,Mon 22 Nov 2021,709,462,2,3618168,3551846,236784,3854952,3788630,91.1764246759826,89.6077922163929,86
-7.6926,53.28823,2021/11/23 00:00:00+00,Tue 23 Nov 2021,2170,1530,4,3620338,3553376,236788,3857126,3790164,91.2278436164119,89.644074026245,87
-7.6926,53.28823,2021/11/24 00:00:00+00,Wed 24 Nov 2021,1622,3073,0,3621960,3556449,236788,3858748,3793237,91.2662067817183,89.7167559047818,88
-7.6926,53.28823,2021/11/25 00:00:00+00,Thu 25 Nov 2021,1008,1104,0,3622968,3557553,236788,3859756,3794341,91.2900477623773,89.7428674550274,89
-7.6926,53.28823,2021/11/26 00:00:00+00,Fri 26 Nov 2021,1285,1053,13,3624253,3558606,236801,3861054,3795407,91.3207477553291,89.7680802381449,90
-7.6926,53.28823,2021/11/27 00:00:00+00,Sat 27 Nov 2021,1229,1521,5,3625482,3560127,236806,3862288,3796933,91.3499340352232,89.8041728338648,91
-7.6926,53.28823,2021/11/28 00:00:00+00,Sun 28 Nov 2021,1971,2245,0,3627453,3562372,236806,3864259,3799178,91.3965516670475,89.8572710497174,92
-7.6926,53.28823,2021/11/29 00:00:00+00,Mon 29 Nov 2021,544,959,1,3627997,3563331,236807,3864804,3800138,91.4094418798046,89.8799767455831,93
-7.6926,53.28823,2021/11/30 00:00:00+00,Tue 30 Nov 2021,1935,1585,6,3629932,3564916,236813,3866745,3801729,91.4553499586331,89.9176067061273,94
-7.6926,53.28823,2021/12/01 00:00:00+00,Wed 01 Dec 2021,1126,1315,1,3631058,3566231,236814,3867872,3803045,91.4820054995088,89.9487324308765,95
-7.6926,53.28823,2021/12/02 00:00:00+00,Thu 02 Dec 2021,1801,1349,1,3632859,3567580,236815,3869674,3804395,91.52462598279,89.9806623156877,96
-7.6926,53.28823,2021/12/03 00:00:00+00,Fri 03 Dec 2021,1029,1124,4,3633888,3568704,236819,3870707,3805523,91.5490582576122,90.0073415083299,97
-7.6926,53.28823,2021/12/04 00:00:00+00,Sat 04 Dec 2021,1195,1669,0,3635083,3570373,236819,3871902,3807192,91.5773221186117,90.0468163066631,98
-7.6926,53.28823,2021/12/05 00:00:00+00,Sun 05 Dec 2021,1352,1764,0,3636435,3572137,236819,3873254,3808956,91.6092993069559,90.0885380228164,99
-7.6926,53.28823,2021/12/06 00:00:00+00,Mon 06 Dec 2021,935,1242,0,3637370,3573379,236819,3874189,3810198,91.6314137086585,90.1179135168427,100
-7.6926,53.28823,2021/12/07 00:00:00+00,Tue 07 Dec 2021,478,683,1,3637848,3574062,236820,3874668,3810882,91.6427429048248,90.134091325147,101
-7.6926,53.28823,2021/12/08 00:00:00+00,Wed 08 Dec 2021,806,1406,0,3638654,3575468,236820,3875474,3812288,91.6618062286454,90.1673457088836,102
-7.6926,53.28823,2021/12/09 00:00:00+00,Thu 09 Dec 2021,782,1129,0,3639436,3576597,236820,3876256,3813417,91.6803019100694,90.1940485532924,103
-7.6926,53.28823,2021/12/10 00:00:00+00,Fri 10 Dec 2021,849,1501,1,3640285,3578098,236821,3877106,3814919,91.7004059116171,90.2295735066156,104
-7.6926,53.28823,2021/12/11 00:00:00+00,Sat 11 Dec 2021,615,814,0,3640900,3578912,236821,3877721,3815733,91.7149517480311,90.2488260445684,105
-7.6926,53.28823,2021/12/12 00:00:00+00,Sun 12 Dec 2021,686,1184,0,3641586,3580096,236821,3878407,3816917,91.7311768598685,90.2768297361362,106
-7.6926,53.28823,2021/12/13 00:00:00+00,Mon 13 Dec 2021,703,1004,0,3642289,3581100,236821,3879110,3817921,91.7478040517368,90.3005761097291,107
-7.6926,53.28823,2021/12/14 00:00:00+00,Tue 14 Dec 2021,599,1100,1,3642888,3582200,236822,3879710,3819022,91.7619951116529,90.3266167046751,108
-7.6926,53.28823,2021/12/15 00:00:00+00,Wed 15 Dec 2021,778,1130,1,3643666,3583330,236823,3880489,3820153,91.7804198377773,90.3533668526169,109
-7.6926,53.28823,2021/12/16 00:00:00+00,Thu 16 Dec 2021,995,1352,7,3644661,3584682,236830,3881491,3821512,91.8041189078371,90.3855096033268,110
-7.6926,53.28823,2021/12/17 00:00:00+00,Fri 17 Dec 2021,1157,2278,0,3645818,3586960,236830,3882648,3823790,91.8314840017086,90.4393883274748,111
-7.6926,53.28823,2021/12/18 00:00:00+00,Sat 18 Dec 2021,1231,1104,0,3647049,3588064,236830,3883879,3824894,91.8605993263031,90.4654998777204,112
-7.6926,53.28823,2021/12/19 00:00:00+00,Sun 19 Dec 2021,540,853,1,3647589,3588917,236831,3884420,3825748,91.8733949319941,90.4856984863342,113
-7.6926,53.28823,2021/12/20 00:00:00+00,Mon 20 Dec 2021,485,474,0,3648074,3589391,236831,3884905,3826222,91.8848660387596,90.4969094236679,114
-7.6926,53.28823,2021/12/21 00:00:00+00,Tue 21 Dec 2021,1363,1607,2,3649437,3590998,236833,3886270,3827831,91.9171507000686,90.5349651160095,115
-7.6926,53.28823,2021/12/22 00:00:00+00,Wed 22 Dec 2021,1087,1365,3,3650524,3592363,236836,3887360,3829199,91.9429311255828,90.5673207326182,116
-7.6926,53.28823,2021/12/23 00:00:00+00,Thu 23 Dec 2021,853,1195,0,3651377,3593558,236836,3888213,3830394,91.9631060824302,90.5955845936177,117
-7.6926,53.28823,2021/12/24 00:00:00+00,Fri 24 Dec 2021,90,111,0,3651467,3593669,236836,3888303,3830505,91.9652347414176,90.5982099397022,118
-7.6926,53.28823,2021/12/26 00:00:00+00,Sun 26 Dec 2021,1,4,0,3651468,3593673,236836,3888304,3830509,91.9652583931841,90.5983045467683,119
-7.6926,53.28823,2021/12/27 00:00:00+00,Mon 27 Dec 2021,374,570,0,3651842,3594243,236836,3888678,3831079,91.9741041538651,90.6117860536886,120
-7.6926,53.28823,2021/12/28 00:00:00+00,Tue 28 Dec 2021,388,677,0,3652230,3594920,236836,3889066,3831756,91.9832810392775,90.6277982996272,121
-7.6926,53.28823,2021/04/28 23:00:00+00,Thu 29 Apr 2021,31585,11256,0,1138972,458933,88,1139060,459021,26.9407811800056,10.8566575228937,122
-7.6926,53.28823,2021/04/29 23:00:00+00,Fri 30 Apr 2021,35971,13459,0,1174943,472392,88,1175031,472480,27.7915588737407,11.1749866485778,123
-7.6926,53.28823,2021/04/30 23:00:00+00,Sat 01 May 2021,16417,6626,3,1191360,479018,91,1191451,479109,28.1799208801106,11.3317742088839,124
-7.6926,53.28823,2021/05/01 23:00:00+00,Sun 02 May 2021,12327,868,6,1203687,479886,97,1203784,479983,28.4716181166855,11.3524458528283,125
-7.6926,53.28823,2021/05/02 23:00:00+00,Mon 03 May 2021,14125,861,4,1217812,480747,101,1217913,480848,28.8057939259425,11.372904630874,126
-7.6926,53.28823,2021/05/03 23:00:00+00,Tue 04 May 2021,26474,6707,1,1244286,487454,102,1244388,487556,29.4319744447393,11.5315606807357,127
-7.6926,53.28823,2021/05/04 23:00:00+00,Wed 05 May 2021,31907,13343,63,1276193,500797,165,1276358,500962,30.1881214206008,11.8486362627938,128
-7.6926,53.28823,2021/05/05 23:00:00+00,Thu 06 May 2021,37107,14291,121,1313300,515088,286,1313586,515374,31.0686293848601,12.1895055219779,129
-7.6926,53.28823,2021/05/06 23:00:00+00,Fri 07 May 2021,40410,14984,83,1353710,530072,369,1354079,530441,32.0263603668294,12.5458666882371,130
-7.6926,53.28823,2021/05/07 23:00:00+00,Sat 08 May 2021,25439,6971,2,1379149,537043,371,1379520,537414,32.6280849590375,12.7107904562284,131
-7.6926,53.28823,2021/05/08 23:00:00+00,Sun 09 May 2021,19569,874,1,1398718,537917,372,1399090,538289,33.0909500299668,12.7314857519393,132
-7.6926,53.28823,2021/05/09 23:00:00+00,Mon 10 May 2021,28625,4544,161,1427343,542461,533,1427876,542994,33.771789781207,12.8427673134479,133
-7.6926,53.28823,2021/05/10 23:00:00+00,Tue 11 May 2021,34158,14739,145,1461501,557200,678,1462179,557878,34.5831163283755,13.1948002064326,134
-7.6926,53.28823,2021/05/11 23:00:00+00,Wed 12 May 2021,31066,20836,149,1492567,578036,827,1493394,578863,35.3214062205092,13.6911325269973,135
-7.6926,53.28823,2021/05/12 23:00:00+00,Thu 13 May 2021,35798,25399,135,1528365,603435,962,1529327,604397,36.1712851471164,14.2950567334924,136
-7.6926,53.28823,2021/05/13 23:00:00+00,Fri 14 May 2021,38004,27881,222,1566369,631316,1184,1567553,632500,37.0753975743694,14.9597423281947,137
-7.6926,53.28823,2021/05/14 23:00:00+00,Sat 15 May 2021,28650,12364,5,1595019,643680,1189,1596208,644869,37.7531389441946,15.2522910283646,138
-7.6926,53.28823,2021/05/15 23:00:00+00,Sun 16 May 2021,23027,1122,3,1618046,644802,1192,1619238,645994,38.2978391273066,15.2788992657073,139
-7.6926,53.28823,2021/05/16 23:00:00+00,Mon 17 May 2021,35213,3880,105,1653259,648682,1297,1654556,649979,39.1331722174997,15.3731515553165,140
-7.6926,53.28823,2021/05/17 23:00:00+00,Tue 18 May 2021,38832,12389,111,1692091,661071,1408,1693499,662479,40.0542429613525,15.6687986369014,141
-7.6926,53.28823,2021/05/18 23:00:00+00,Wed 19 May 2021,36803,17500,195,1728894,678571,1603,1730497,680174,40.9293110193107,16.0873166455929,142
-7.6926,53.28823,2021/05/19 23:00:00+00,Thu 20 May 2021,38874,19566,111,1767768,698137,1714,1769482,699851,41.8513751373576,16.5527124555406,143
-7.6926,53.28823,2021/05/20 23:00:00+00,Fri 21 May 2021,25614,23136,14910,1793382,721273,16624,1810006,737897,42.8098393240893,17.4525675648188,144
-7.6926,53.28823,2021/05/21 23:00:00+00,Sat 22 May 2021,16404,10179,13491,1809786,731452,30115,1839901,761567,43.5169088844077,18.012404878508,145
-7.6926,53.28823,2021/05/22 23:00:00+00,Sun 23 May 2021,8085,5480,10191,1817871,736932,40306,1858177,777238,43.9491685694513,18.3830517117493,146
-7.6926,53.28823,2021/05/23 23:00:00+00,Mon 24 May 2021,22317,8120,8428,1840188,745052,48734,1888922,793786,44.6763421313174,18.7744411442346,147
-7.6926,53.28823,2021/05/24 23:00:00+00,Tue 25 May 2021,30077,16394,3208,1870265,761446,51942,1922207,813388,45.4635911801617,19.2380630716928,148
-7.6926,53.28823,2021/05/25 23:00:00+00,Wed 26 May 2021,19704,25319,3029,1889969,786765,54971,1944940,841736,46.0012667886152,19.9085433491942,149
-7.6926,53.28823,2021/05/26 23:00:00+00,Thu 27 May 2021,16757,35882,540,1906726,822647,55511,1962237,878158,46.4103713942291,20.769987989633,150
-7.6926,53.28823,2021/05/27 23:00:00+00,Fri 28 May 2021,26776,31727,1516,1933502,854374,57027,1990529,911401,47.079527172805,21.556243664283,151
-7.6926,53.28823,2021/05/28 23:00:00+00,Sat 29 May 2021,24269,7325,501,1957771,861699,57528,2015299,919227,47.6653814296736,21.7413423891217,152
-7.6926,53.28823,2021/05/29 23:00:00+00,Sun 30 May 2021,24087,1618,187,1981858,863317,57715,2039573,921032,48.2395044103449,21.7840338277026,153
-7.6926,53.28823,2021/05/30 23:00:00+00,Mon 31 May 2021,22300,7242,3411,2004158,870559,61126,2065284,931685,48.8476149795152,22.0359960965125,154
-7.6926,53.28823,2021/05/31 23:00:00+00,Tue 01 Jun 2021,27209,11391,3621,2031367,881950,64747,2096114,946697,49.5767989415361,22.3910564156126,155
-7.6926,53.28823,2021/06/01 23:00:00+00,Wed 02 Jun 2021,18384,20781,3971,2049751,902731,68718,2118469,971449,50.1055341822425,22.9764849406837,156
-7.6926,53.28823,2021/06/02 23:00:00+00,Thu 03 Jun 2021,16468,30574,1953,2066219,933305,70671,2136890,1003976,50.5412233734325,23.7458059505006,157
-7.6926,53.28823,2021/06/03 23:00:00+00,Fri 04 Jun 2021,28777,23223,120,2094996,956528,70791,2165787,1027319,51.2246884707572,24.2979091365355,158
-7.6926,53.28823,2021/06/04 23:00:00+00,Sat 05 Jun 2021,20700,11383,4,2115696,967911,70795,2186491,1038706,51.7143746449279,24.5672318019761,159
-7.6926,53.28823,2021/06/05 23:00:00+00,Sun 06 Jun 2021,19740,3820,9,2135436,971731,70804,2206240,1042535,52.1814733820654,24.6577944160071,160
-7.6926,53.28823,2021/06/06 23:00:00+00,Mon 07 Jun 2021,19549,4426,4,2154985,976157,70808,2225793,1046965,52.6439363729638,24.7625717417208,161
-7.6926,53.28823,2021/06/07 23:00:00+00,Tue 08 Jun 2021,26282,18411,14,2181267,994568,70822,2252089,1065390,53.2658832255522,25.1983555399769,162
-7.6926,53.28823,2021/06/08 23:00:00+00,Wed 09 Jun 2021,32604,19969,144,2213871,1014537,70966,2284837,1085503,54.0404312757716,25.6740635201303,163
-7.6926,53.28823,2021/06/09 23:00:00+00,Thu 10 Jun 2021,27425,27333,235,2241296,1041870,71201,2312497,1113071,54.6946391379026,26.3260954197408,164
-7.6926,53.28823,2021/06/10 23:00:00+00,Fri 11 Jun 2021,26206,32754,6,2267502,1074624,71207,2338709,1145831,55.3145992421028,27.1009272911584,165
-7.6926,53.28823,2021/06/11 23:00:00+00,Sat 12 Jun 2021,11969,19591,77,2279471,1094215,71284,2350755,1165499,55.5995084216845,27.5661102352074,166
-7.6926,53.28823,2021/06/12 23:00:00+00,Sun 13 Jun 2021,8402,18087,811,2287873,1112302,72095,2359968,1184397,55.8174121466958,28.0130813190306,167
-7.6926,53.28823,2021/06/13 23:00:00+00,Mon 14 Jun 2021,15796,31137,13,2303669,1143439,72108,2375777,1215547,56.1913229237178,28.7498338463401,168
-7.6926,53.28823,2021/06/14 23:00:00+00,Tue 15 Jun 2021,14441,41328,180,2318110,1184767,72288,2390398,1257055,56.537135402106,29.7315713713342,169
-7.6926,53.28823,2021/06/15 23:00:00+00,Wed 16 Jun 2021,13178,48145,191,2331288,1232912,72479,2403767,1305391,56.8533358688027,30.8748031581731,170
-7.6926,53.28823,2021/06/16 23:00:00+00,Thu 17 Jun 2021,21305,42470,500,2352593,1275382,72979,2425572,1348361,57.3690626379194,31.8911195658292,171
-7.6926,53.28823,2021/06/17 23:00:00+00,Fri 18 Jun 2021,11823,49858,522,2364416,1325240,73501,2437917,1398741,57.6610436956926,33.0826955634489,172
-7.6926,53.28823,2021/06/18 23:00:00+00,Sat 19 Jun 2021,6094,32633,401,2370510,1357873,73902,2444412,1431775,57.8146619192841,33.8640080188949,173
-7.6926,53.28823,2021/06/19 23:00:00+00,Sun 20 Jun 2021,8354,26037,159,2378864,1383910,74061,2452925,1457971,58.0160094077267,34.4835896948307,174
-7.6926,53.28823,2021/06/20 23:00:00+00,Mon 21 Jun 2021,15233,32143,534,2394097,1416053,74595,2468692,1490648,58.3889268105546,35.2564584696266,175
-7.6926,53.28823,2021/06/21 23:00:00+00,Tue 22 Jun 2021,14903,43357,687,2409000,1459410,75282,2484282,1534692,58.7576578507072,36.2981768745326,176
-7.6926,53.28823,2021/06/22 23:00:00+00,Wed 23 Jun 2021,19815,39154,851,2428815,1498564,76133,2504948,1574697,59.2464452577499,37.2443657944368,177
-7.6926,53.28823,2021/06/23 23:00:00+00,Thu 24 Jun 2021,18792,44044,1003,2447607,1542608,77136,2524743,1619744,59.7146319761477,38.3098069211691,178
-7.6926,53.28823,2021/06/24 23:00:00+00,Fri 25 Jun 2021,14941,49920,789,2462548,1592528,77925,2540473,1670453,60.0866742636141,39.5091643499761,179
-7.6926,53.28823,2021/06/25 23:00:00+00,Sat 26 Jun 2021,8810,30340,454,2471358,1622868,78379,2549737,1701247,60.3057842287183,40.2374968484021,180
-7.6926,53.28823,2021/06/26 23:00:00+00,Sun 27 Jun 2021,8579,30315,32,2479937,1653183,78411,2558348,1731594,60.5094495902805,40.9552570071906,181
-7.6926,53.28823,2021/06/27 23:00:00+00,Mon 28 Jun 2021,24002,24415,463,2503939,1677598,78874,2582813,1756472,61.0880900583584,41.5436656548441,182
-7.6926,53.28823,2021/06/28 23:00:00+00,Tue 29 Jun 2021,27873,30759,757,2531812,1708357,79631,2611443,1787988,61.7652401340204,42.2890747287024,183
-7.6926,53.28823,2021/06/29 23:00:00+00,Wed 30 Jun 2021,22279,36566,532,2554091,1744923,80163,2634254,1825086,62.304760580263,43.1665079633133,184
-7.6926,53.28823,2021/06/30 23:00:00+00,Thu 01 Jul 2021,14611,48107,587,2568702,1793030,80750,2649452,1873780,62.6642201279371,44.3182070825688,185
-7.6926,53.28823,2021/07/01 23:00:00+00,Fri 02 Jul 2021,13370,47022,775,2582072,1840052,81525,2663597,1921577,62.9987743654586,45.4486905672498,186
-7.6926,53.28823,2021/07/02 23:00:00+00,Sat 03 Jul 2021,9103,30223,459,2591175,1870275,81984,2673159,1952259,63.2249325569877,46.1743740678248,187
-7.6926,53.28823,2021/07/03 23:00:00+00,Sun 04 Jul 2021,6289,27651,197,2597464,1897926,82181,2679645,1980107,63.3783379146805,46.8330284620628,188
-7.6926,53.28823,2021/07/04 23:00:00+00,Mon 05 Jul 2021,15246,33123,5303,2612710,1931049,87484,2700194,2018533,63.8643580650395,47.7418712426212,189
-7.6926,53.28823,2021/07/05 23:00:00+00,Tue 06 Jul 2021,12130,48141,5438,2624840,1979190,92922,2717762,2072112,64.2798722993822,49.0091092413601,190
-7.6926,53.28823,2021/07/06 23:00:00+00,Wed 07 Jul 2021,19424,43442,4996,2644264,2022632,97918,2742182,2120550,64.8574484379664,50.1547535083848,191
-7.6926,53.28823,2021/07/07 23:00:00+00,Thu 08 Jul 2021,17539,45323,5943,2661803,2067955,103861,2765664,2171816,65.4128392195485,51.3672849711472,192
-7.6926,53.28823,2021/07/08 23:00:00+00,Fri 09 Jul 2021,13294,44818,6495,2675097,2112773,110356,2785453,2223129,65.8808840273471,52.5809280669364,193
-7.6926,53.28823,2021/07/09 23:00:00+00,Sat 10 Jul 2021,8421,23605,4319,2683518,2136378,114675,2798193,2251053,66.1822075328984,53.2413799954305,194
-7.6926,53.28823,2021/07/10 23:00:00+00,Sun 11 Jul 2021,15098,15958,2129,2698616,2152336,116804,2815420,2269140,66.5896565148554,53.6691694966005,195
-7.6926,53.28823,2021/07/11 23:00:00+00,Mon 12 Jul 2021,16922,31452,6037,2715538,2183788,122841,2838379,2306629,67.132677422544,54.5558505719234,196
-7.6926,53.28823,2021/07/12 23:00:00+00,Tue 13 Jul 2021,19893,36233,8445,2735431,2220021,131286,2866717,2351307,67.8029211823802,55.6125641968073,197
-7.6926,53.28823,2021/07/13 23:00:00+00,Wed 14 Jul 2021,20591,35370,9289,2756022,2255391,140575,2896597,2395966,68.5096359662007,56.6688284381272,198
-7.6926,53.28823,2021/07/14 23:00:00+00,Thu 15 Jul 2021,23402,28512,9524,2779424,2283903,150099,2929523,2434002,69.2883940308618,57.5684470297402,199
-7.6926,53.28823,2021/07/15 23:00:00+00,Fri 16 Jul 2021,23361,27070,9118,2802785,2310973,159217,2962002,2470190,70.0565797558854,58.4243571568117,200
-7.6926,53.28823,2021/07/16 23:00:00+00,Sat 17 Jul 2021,11359,19150,4631,2814144,2330123,163848,2977992,2493971,70.4347715026488,58.9868198165853,201
-7.6926,53.28823,2021/07/17 23:00:00+00,Sun 18 Jul 2021,16743,15611,1908,2830887,2345734,165756,2996643,2511490,70.8759006001399,59.4011751143681,202
-7.6926,53.28823,2021/07/18 23:00:00+00,Mon 19 Jul 2021,24670,18096,6192,2855557,2363830,171948,3027505,2535778,71.6058414186897,59.9756292197708,203
-7.6926,53.28823,2021/07/19 23:00:00+00,Tue 20 Jul 2021,30379,17795,7654,2885936,2381625,179602,3065538,2561227,72.5053890550031,60.5775430261111,204
-7.6926,53.28823,2021/07/20 23:00:00+00,Wed 21 Jul 2021,30103,19509,6835,2916039,2401134,186437,3102476,2587571,73.3790380069697,61.2006251634928,205
-7.6926,53.28823,2021/07/21 23:00:00+00,Thu 22 Jul 2021,33321,15591,6882,2949360,2416725,193319,3142679,2610044,74.3299099766462,61.7321513126494,206
-7.6926,53.28823,2021/07/22 23:00:00+00,Fri 23 Jul 2021,26909,20469,5549,2976269,2437194,198868,3175137,2636062,75.0975990145728,62.3475229741434,207
-7.6926,53.28823,2021/07/23 23:00:00+00,Sat 24 Jul 2021,15313,14511,2233,2991582,2451705,201101,3192683,2652806,75.5125929100519,62.743548152868,208
-7.6926,53.28823,2021/07/24 23:00:00+00,Sun 25 Jul 2021,14630,13471,1016,3006212,2465176,202117,3208329,2667293,75.88264844913,63.0861912945416,209
-7.6926,53.28823,2021/07/25 23:00:00+00,Mon 26 Jul 2021,23676,17841,3371,3029888,2483017,205488,3235376,2688505,76.5223577783801,63.5878925661079,210
-7.6926,53.28823,2021/07/26 23:00:00+00,Tue 27 Jul 2021,25301,23472,3612,3055189,2506489,209100,3264289,2715589,77.2062013039692,64.2284770107195,211
-7.6926,53.28823,2021/07/27 23:00:00+00,Wed 28 Jul 2021,23263,24931,3226,3078452,2531420,212326,3290778,2743746,77.8327129474973,64.8944398008143,212
-7.6926,53.28823,2021/07/28 23:00:00+00,Thu 29 Jul 2021,19121,27526,2921,3097573,2558946,215247,3312820,2774193,78.3540451852808,65.6145651362555,213
-7.6926,53.28823,2021/07/29 23:00:00+00,Fri 30 Jul 2021,21774,22568,2081,3119347,2581514,217328,3336675,2798842,78.9182580757774,66.1975575293743,214
-7.6926,53.28823,2021/07/30 23:00:00+00,Sat 31 Jul 2021,13625,12193,883,3132972,2593707,218211,3351183,2811918,79.2613979045481,66.5068280284786,215
-7.6926,53.28823,2021/07/31 23:00:00+00,Sun 01 Aug 2021,10983,9143,355,3143955,2602850,218566,3362521,2821416,79.5295616334288,66.7314725069501,216
-7.6926,53.28823,2021/08/01 23:00:00+00,Mon 02 Aug 2021,14876,15652,395,3158831,2618502,218961,3377792,2837463,79.8907477600595,67.1110124044055,217
-7.6926,53.28823,2021/08/02 23:00:00+00,Tue 03 Aug 2021,17196,25112,1084,3176027,2643614,220045,3396072,2863659,80.3231020521692,67.7305940803413,218
-7.6926,53.28823,2021/08/03 23:00:00+00,Wed 04 Aug 2021,21952,16938,1555,3197979,2660552,221600,3419579,2882152,80.8790841279144,68.1679861987212,219
-7.6926,53.28823,2021/08/04 23:00:00+00,Thu 05 Aug 2021,13375,29723,1402,3211354,2690275,223002,3434356,2913277,81.2285862818808,68.9041474318675,220
-7.6926,53.28823,2021/08/05 23:00:00+00,Fri 06 Aug 2021,12035,24435,923,3223389,2714710,223925,3447314,2938635,81.535065872535,69.5039089274539,221
-7.6926,53.28823,2021/08/06 23:00:00+00,Sat 07 Aug 2021,6253,8201,560,3229642,2722911,224485,3454127,2947396,81.696205357882,69.7111220539951,222
-7.6926,53.28823,2021/08/07 23:00:00+00,Sun 08 Aug 2021,8549,11793,142,3238191,2734704,224627,3462818,2959331,81.9017628607663,69.9934058874923,223
-7.6926,53.28823,2021/08/08 23:00:00+00,Mon 09 Aug 2021,5439,22717,585,3243630,2757421,225212,3468842,2982633,82.0442411023237,70.5445393510996,224
-7.6926,53.28823,2021/08/09 23:00:00+00,Tue 10 Aug 2021,9214,25670,689,3252844,2783091,225901,3478745,3008992,82.2784645462385,71.1679762649793,225
-7.6926,53.28823,2021/08/10 23:00:00+00,Wed 11 Aug 2021,6910,30912,635,3259754,2814003,226536,3486290,3040539,82.4569171246831,71.9141185435999,226
-7.6926,53.28823,2021/08/11 23:00:00+00,Thu 12 Aug 2021,6646,37995,849,3266400,2851998,227385,3493785,3079383,82.6341871148014,72.8328477625665,227
-7.6926,53.28823,2021/08/12 23:00:00+00,Fri 13 Aug 2021,10807,27950,845,3277207,2879948,228230,3505437,3108178,82.9097774983716,73.5139003797055,228
-7.6926,53.28823,2021/08/13 23:00:00+00,Sat 14 Aug 2021,18045,5648,267,3295252,2885596,228497,3523749,3114093,83.3428886470102,73.6538005787114,229
-7.6926,53.28823,2021/08/14 23:00:00+00,Sun 15 Aug 2021,16956,3611,39,3312208,2889207,228536,3540744,3117743,83.744850419133,73.7401295265342,230
-7.6926,53.28823,2021/08/15 23:00:00+00,Mon 16 Aug 2021,10104,22884,352,3322312,2912091,228888,3551200,3140979,83.9921532899371,74.2897019735507,231
-7.6926,53.28823,2021/08/16 23:00:00+00,Tue 17 Aug 2021,12788,26616,512,3335100,2938707,229400,3564500,3168107,84.3067217847434,74.9313270958895,232
-7.6926,53.28823,2021/08/17 23:00:00+00,Wed 18 Aug 2021,15141,25520,645,3350241,2964227,230045,3580286,3194272,84.6800885711353,75.5501755670629,233
-7.6926,53.28823,2021/08/18 23:00:00+00,Thu 19 Aug 2021,11296,25459,524,3361537,2989686,230569,3592106,3220255,84.9596524514819,76.1647194167285,234
-7.6926,53.28823,2021/08/19 23:00:00+00,Fri 20 Aug 2021,14752,22028,666,3376289,3011714,231235,3607524,3242949,85.324315387792,76.7014726062875,235
-7.6926,53.28823,2021/08/20 23:00:00+00,Sat 21 Aug 2021,11802,7822,227,3388091,3019536,231462,3619553,3250998,85.6088224873428,76.8918456750616,236
-7.6926,53.28823,2021/08/21 23:00:00+00,Sun 22 Aug 2021,7984,12164,156,3396075,3031700,231618,3627693,3263318,85.8013478668708,77.1832354386717,237
-7.6926,53.28823,2021/08/22 23:00:00+00,Mon 23 Aug 2021,10801,15162,271,3406876,3046862,231889,3638765,3278751,86.0632202258554,77.5482531514796,238
-7.6926,53.28823,2021/08/23 23:00:00+00,Tue 24 Aug 2021,9644,22710,369,3416520,3069572,232258,3648778,3301830,86.3000453640882,78.0941122711514,239
-7.6926,53.28823,2021/08/24 23:00:00+00,Wed 25 Aug 2021,9348,19281,305,3425868,3088853,232563,3658431,3321416,86.5283558663713,78.5573557703451,240
-7.6926,53.28823,2021/08/25 23:00:00+00,Thu 26 Aug 2021,8514,19234,358,3434382,3108087,232921,3667303,3341008,86.738194338997,79.020741180138,241
-7.6926,53.28823,2021/08/26 23:00:00+00,Fri 27 Aug 2021,9655,19024,424,3444037,3127111,233345,3677382,3360456,86.9765804938205,79.480720735551,242
-7.6926,53.28823,2021/08/27 23:00:00+00,Sat 28 Aug 2021,9880,7773,145,3453917,3134884,233490,3687407,3368374,87.2136894532516,79.6679954229101,243
-7.6926,53.28823,2020/12/28 00:00:00+00,Mon 28 Dec 2020,130,9,6,130,9,6,136,15,0.00321664024764346,0.000354776497901852,244
-7.6926,53.28823,2020/12/29 00:00:00+00,Tue 29 Dec 2020,69,1,0,199,10,6,205,16,0.00484861213799197,0.000378428264428642,245
-7.6926,53.28823,2020/12/30 00:00:00+00,Wed 30 Dec 2020,1048,0,0,1247,10,6,1253,16,0.029635663458068,0.000378428264428642,246
-7.6926,53.28823,2020/12/31 00:00:00+00,Thu 31 Dec 2020,1023,1,0,2270,11,6,2276,17,0.0538314206149743,0.000402080030955432,247
-7.6926,53.28823,2021/01/01 00:00:00+00,Fri 01 Jan 2021,801,0,0,3071,11,6,3077,17,0.0727764856029332,0.000402080030955432,248
-7.6926,53.28823,2021/01/02 00:00:00+00,Sat 02 Jan 2021,1010,0,0,4081,11,6,4087,17,0.0966647697949912,0.000402080030955432,249
-7.6926,53.28823,2021/01/03 00:00:00+00,Sun 03 Jan 2021,16,0,0,4097,11,6,4103,17,0.0970431980594199,0.000402080030955432,250
-7.6926,53.28823,2021/01/04 00:00:00+00,Mon 04 Jan 2021,1175,1,0,5272,12,6,5278,18,0.124834023728398,0.000425731797482222,251
-7.6926,53.28823,2021/01/05 00:00:00+00,Tue 05 Jan 2021,3499,3,0,8771,15,6,8777,21,0.207591554805637,0.000496687097062593,252
-7.6926,53.28823,2021/01/06 00:00:00+00,Wed 06 Jan 2021,6747,3,0,15518,18,6,15524,24,0.36717002356189,0.000567642396642963,253
-7.6926,53.28823,2021/01/07 00:00:00+00,Thu 07 Jan 2021,11705,3,0,27223,21,6,27229,27,0.644013950757968,0.000638597696223333,254
-7.6926,53.28823,2021/01/08 00:00:00+00,Fri 08 Jan 2021,12653,4,0,39876,25,6,39882,31,0.943279752621443,0.000733204762330494,255
-7.6926,53.28823,2021/01/09 00:00:00+00,Sat 09 Jan 2021,8061,3,0,47937,28,6,47943,34,1.1339366425939,0.000804160061910864,256
-7.6926,53.28823,2021/01/10 00:00:00+00,Sun 10 Jan 2021,4756,1,1,52693,29,7,52700,36,1.24644809596184,0.000851463594964444,257
-7.6926,53.28823,2021/01/11 00:00:00+00,Mon 11 Jan 2021,8320,3,0,61013,32,7,61020,39,1.44323079346473,0.000922418894544815,258
-7.6926,53.28823,2021/01/12 00:00:00+00,Tue 12 Jan 2021,8844,4,0,69857,36,7,69864,43,1.65240701662766,0.00101702596065198,259
-7.6926,53.28823,2021/01/13 00:00:00+00,Wed 13 Jan 2021,9849,3,0,79706,39,7,79713,46,1.88535326515002,0.00108798126023235,260
-7.6926,53.28823,2021/01/14 00:00:00+00,Thu 14 Jan 2021,8042,2,0,87748,41,7,87755,48,2.07556077155847,0.00113528479328593,261
-7.6926,53.28823,2021/01/15 00:00:00+00,Fri 15 Jan 2021,7644,2,0,95392,43,7,95399,50,2.25635487488925,0.00118258832633951,262
-7.6926,53.28823,2021/01/16 00:00:00+00,Sat 16 Jan 2021,5202,3,0,100594,46,7,100601,53,2.37939136436161,0.00125354362591988,263
-7.6926,53.28823,2021/01/17 00:00:00+00,Sun 17 Jan 2021,1098,4,0,101692,50,7,101699,57,2.40536100400803,0.00134815069202704,264
-7.6926,53.28823,2021/01/18 00:00:00+00,Mon 18 Jan 2021,8670,4,0,110362,54,7,110369,61,2.6104218197953,0.0014427577581342,265
-7.6926,53.28823,2021/01/19 00:00:00+00,Tue 19 Jan 2021,8351,15,0,118713,69,7,118720,76,2.80793772206052,0.00179753425603605,266
-7.6926,53.28823,2021/01/20 00:00:00+00,Wed 20 Jan 2021,8420,955,0,127133,1024,7,127140,1031,3.0070855962161,0.0243849712891206,267
-7.6926,53.28823,2021/01/21 00:00:00+00,Thu 21 Jan 2021,8952,956,0,136085,1980,7,136092,1987,3.21881621016392,0.046996060088732,268
-7.6926,53.28823,2021/01/22 00:00:00+00,Fri 22 Jan 2021,6727,961,0,142812,2941,7,142819,2948,3.37792164358964,0.0697254077209773,269
-7.6926,53.28823,2021/01/23 00:00:00+00,Sat 23 Jan 2021,4154,456,0,146966,3397,7,146973,3404,3.47617108174192,0.0805106132571936,270
-7.6926,53.28823,2021/01/24 00:00:00+00,Sun 24 Jan 2021,1169,393,0,148135,3790,7,148142,3797,3.50381999681174,0.0898057575022221,271
-7.6926,53.28823,2021/01/25 00:00:00+00,Mon 25 Jan 2021,1325,1282,0,149460,5072,7,149467,5079,3.53515858745974,0.120127322189567,272
-7.6926,53.28823,2021/01/26 00:00:00+00,Tue 26 Jan 2021,979,3493,0,150439,8565,7,150446,8572,3.55831366688947,0.202742942667645,273
-7.6926,53.28823,2021/01/27 00:00:00+00,Wed 27 Jan 2021,2138,6693,0,152577,15258,7,152584,15265,3.60888114372374,0.361044216031451,274
-7.6926,53.28823,2021/01/28 00:00:00+00,Thu 28 Jan 2021,947,11537,0,153524,26795,7,153531,26802,3.63127936662461,0.633914646451029,275
-7.6926,53.28823,2021/01/29 00:00:00+00,Fri 29 Jan 2021,1534,11520,0,155058,38315,7,155065,38322,3.66756117647671,0.906382996839651,276
-7.6926,53.28823,2021/01/30 00:00:00+00,Sat 30 Jan 2021,603,7792,0,155661,46107,7,155668,46114,3.68182319169236,1.0906775616164,277
-7.6926,53.28823,2021/01/31 00:00:00+00,Sun 31 Jan 2021,204,4080,0,155865,50187,7,155872,50194,3.68664815206383,1.1871767690457,278
-7.6926,53.28823,2021/02/01 00:00:00+00,Mon 01 Feb 2021,971,8331,0,156836,58518,7,156843,58525,3.70961401736134,1.38421963598039,279
-7.6926,53.28823,2021/02/02 00:00:00+00,Tue 02 Feb 2021,791,5097,0,157627,63615,7,157634,63622,3.72832256468403,1.50477268996744,280
-7.6926,53.28823,2021/02/03 00:00:00+00,Wed 03 Feb 2021,1359,6855,0,158986,70470,7,158993,70477,3.76046531539394,1.66690554950859,281
-7.6926,53.28823,2021/02/04 00:00:00+00,Thu 04 Feb 2021,1385,10528,0,160371,80998,7,160378,81005,3.79322301203355,1.91591134750263,282
-7.6926,53.28823,2021/02/05 00:00:00+00,Fri 05 Feb 2021,3357,8599,0,163728,89597,7,163735,89604,3.87262199226398,2.1192928878665,283
-7.6926,53.28823,2021/02/06 00:00:00+00,Sat 06 Feb 2021,872,3859,0,164600,93456,7,164607,93463,3.89324633267534,2.21056505489339,284
-7.6926,53.28823,2021/02/07 00:00:00+00,Sun 07 Feb 2021,305,1293,0,164905,94749,7,164912,94756,3.90046012146601,2.24114678901252,285
-7.6926,53.28823,2021/02/08 00:00:00+00,Mon 08 Feb 2021,1124,869,0,166029,95618,7,166036,95625,3.92704470704212,2.26170017412431,286
-7.6926,53.28823,2021/02/09 00:00:00+00,Tue 09 Feb 2021,4201,527,0,170230,96145,7,170237,96152,4.02640577822117,2.27416465508392,287
-7.6926,53.28823,2021/02/10 00:00:00+00,Wed 10 Feb 2021,8787,573,0,179017,96718,7,179024,96725,4.23423385069207,2.28771711730377,288
-7.6926,53.28823,2021/02/11 00:00:00+00,Thu 11 Feb 2021,6134,430,0,185151,97148,7,185158,97155,4.3793137865674,2.29788737691029,289
-7.6926,53.28823,2021/02/12 00:00:00+00,Fri 12 Feb 2021,4355,515,0,189506,97663,7,189513,97670,4.48231722979158,2.31006803667159,290
-7.6926,53.28823,2021/02/13 00:00:00+00,Sat 13 Feb 2021,1180,1908,0,190686,99571,7,190693,99578,4.51022631429319,2.35519560720471,291
-7.6926,53.28823,2021/02/14 00:00:00+00,Sun 14 Feb 2021,2671,18,0,193357,99589,7,193364,99596,4.57340018268625,2.35562133900219,292
-7.6926,53.28823,2021/02/15 00:00:00+00,Mon 15 Feb 2021,1925,7862,0,195282,107451,7,195289,107458,4.61892983325032,2.54157152743581,293
-7.6926,53.28823,2021/02/16 00:00:00+00,Tue 16 Feb 2021,5599,8142,0,200881,115593,7,200888,115600,4.75135607403381,2.73414421049694,294
-7.6926,53.28823,2021/02/17 00:00:00+00,Wed 17 Feb 2021,9696,8456,0,210577,124049,7,210584,124056,4.98068360227757,2.93414354824748,295
-7.6926,53.28823,2021/02/18 00:00:00+00,Thu 18 Feb 2021,8431,8325,0,219008,132374,7,219015,132381,5.18009164586494,3.131044504583,296
-7.6926,53.28823,2021/02/19 00:00:00+00,Fri 19 Feb 2021,9360,6564,0,228368,138938,7,228375,138945,5.40147218055569,3.28629470006485,297
-7.6926,53.28823,2021/02/20 00:00:00+00,Sat 20 Feb 2021,5854,3560,1,234222,142498,8,234230,142506,5.53995327357005,3.37051864066675,298
-7.6926,53.28823,2021/02/21 00:00:00+00,Sun 21 Feb 2021,1086,1016,4,235308,143514,12,235320,143526,5.56573369908425,3.39464344252408,299
-7.6926,53.28823,2021/02/22 00:00:00+00,Mon 22 Feb 2021,3910,1098,1,239218,144612,13,239231,144625,5.65823575797053,3.42063673393702,300
-7.6926,53.28823,2021/02/23 00:00:00+00,Tue 23 Feb 2021,13322,1053,0,252540,145665,13,252553,145678,5.97332459164042,3.44554204408973,301
-7.6926,53.28823,2021/02/24 00:00:00+00,Wed 24 Feb 2021,16884,2080,2,269424,147745,15,269439,147760,6.3727083212118,3.49478502199851,302
-7.6926,53.28823,2021/02/25 00:00:00+00,Thu 25 Feb 2021,18008,1734,1,287432,149479,16,287448,149495,6.79865298459277,3.53582083692249,303
-7.6926,53.28823,2021/02/26 00:00:00+00,Fri 26 Feb 2021,16035,2743,0,303467,152222,16,303483,152238,7.17790906084985,3.60069763250547,304
-7.6926,53.28823,2021/02/27 00:00:00+00,Sat 27 Feb 2021,8942,698,1,312409,152920,17,312426,152937,7.38942680889893,3.6172302173077,305
-7.6926,53.28823,2021/02/28 00:00:00+00,Sun 28 Feb 2021,2416,46,1,314825,152966,18,314843,152984,7.44659312859418,3.61834185033446,306
-7.6926,53.28823,2021/03/01 00:00:00+00,Mon 01 Mar 2021,5535,774,0,320360,153740,18,320378,153758,7.57750565631996,3.6366483176262,307
-7.6926,53.28823,2021/03/02 00:00:00+00,Tue 02 Mar 2021,12123,1589,0,332483,155329,18,332501,155347,7.86423602192424,3.67423097463726,308
-7.6926,53.28823,2021/03/03 00:00:00+00,Wed 03 Mar 2021,12805,1486,1,345288,156815,19,345307,156834,8.16712054406632,3.7094011514626,309
-7.6926,53.28823,2021/03/04 00:00:00+00,Thu 04 Mar 2021,18652,1671,1,363940,158486,20,363960,158506,8.60829694509053,3.74894690509539,310
-7.6926,53.28823,2021/03/05 00:00:00+00,Fri 05 Mar 2021,18370,2377,2,382310,160863,22,382332,160885,9.04282719972072,3.80521445766263,311
-7.6926,53.28823,2021/03/06 00:00:00+00,Sat 06 Mar 2021,10369,124,0,392679,160987,22,392701,161009,9.28807236683701,3.80814727671195,312
-7.6926,53.28823,2021/03/07 00:00:00+00,Sun 07 Mar 2021,1480,7,0,394159,160994,22,394181,161016,9.32307698129666,3.80831283907764,313
-7.6926,53.28823,2021/03/08 00:00:00+00,Mon 08 Mar 2021,6591,1479,1,400750,162473,23,400773,162496,9.47898942624126,3.84331745353729,314
-7.6926,53.28823,2021/03/09 00:00:00+00,Tue 09 Mar 2021,13730,3082,2,414480,165555,25,414505,165580,9.80377548418714,3.91625950150591,315
-7.6926,53.28823,2021/03/10 00:00:00+00,Wed 10 Mar 2021,13633,3964,0,428113,169519,25,428138,169544,10.1262200172469,4.0100151040181,316
-7.6926,53.28823,2021/03/11 00:00:00+00,Thu 11 Mar 2021,18372,2079,1,446485,171598,26,446511,171624,10.5607739236436,4.05921077839383,317
-7.6926,53.28823,2021/03/12 00:00:00+00,Fri 12 Mar 2021,17235,1318,2,463720,172916,28,463748,172944,10.9684594232659,4.09043111020919,318
-7.6926,53.28823,2021/03/13 00:00:00+00,Sat 13 Mar 2021,8224,160,0,471944,173076,28,471972,173104,11.1629715511822,4.09421539285348,319
-7.6926,53.28823,2021/03/14 00:00:00+00,Sun 14 Mar 2021,337,10,1,472281,173086,29,472310,173115,11.1709658482682,4.09447556228527,320
-7.6926,53.28823,2021/03/15 00:00:00+00,Mon 15 Mar 2021,2560,972,0,474841,174058,29,474870,174087,11.2315143705768,4.11746507934931,321
-7.6926,53.28823,2021/03/16 00:00:00+00,Tue 16 Mar 2021,8856,3787,0,483697,177845,29,483726,177874,11.4409744149381,4.20703431918627,322
-7.6926,53.28823,2021/03/17 00:00:00+00,Wed 17 Mar 2021,4822,2390,5,488519,180235,34,488553,180269,11.5551414919629,4.26368030001793,323
-7.6926,53.28823,2021/03/18 00:00:00+00,Thu 18 Mar 2021,11626,4661,1,500145,184896,35,500180,184931,11.8301405813699,4.37394483556582,324
-7.6926,53.28823,2021/03/19 00:00:00+00,Fri 19 Mar 2021,10249,6094,1,510394,190990,36,510430,191026,12.0725711882695,4.51810235254661,325
-7.6926,53.28823,2021/03/20 00:00:00+00,Sat 20 Mar 2021,5137,3091,2,515531,194081,38,515569,194119,12.1941176164507,4.59125726641397,326
-7.6926,53.28823,2021/03/21 00:00:00+00,Sun 21 Mar 2021,3569,41,0,519100,194122,38,519138,194160,12.2785307711848,4.59222698884157,327
-7.6926,53.28823,2021/03/22 00:00:00+00,Mon 22 Mar 2021,7311,2374,0,526411,196496,38,526449,196534,12.4514488362621,4.64837628257617,328
-7.6926,53.28823,2021/03/23 00:00:00+00,Tue 23 Mar 2021,12465,7355,2,538876,203851,40,538916,203891,12.7463154095516,4.82238232891376,329
-7.6926,53.28823,2021/03/24 00:00:00+00,Wed 24 Mar 2021,13513,9744,0,552389,213595,40,552429,213635,13.0659217306281,5.05284514195081,330
-7.6926,53.28823,2021/03/25 00:00:00+00,Thu 25 Mar 2021,20760,10188,2,573149,223783,42,573191,223825,13.5569797072574,5.2938566428588,331
-7.6926,53.28823,2021/03/26 00:00:00+00,Fri 26 Mar 2021,19597,9446,1,592746,233229,43,592789,233272,14.0205070276494,5.51729488123738,332
-7.6926,53.28823,2021/03/27 00:00:00+00,Sat 27 Mar 2021,11643,5304,1,604389,238533,44,604433,238577,14.2959081970873,5.64276750266201,333
-7.6926,53.28823,2021/03/28 00:00:00+00,Sun 28 Mar 2021,2431,465,0,606820,238998,44,606864,239042,14.353405641514,5.65376557409696,334
-7.6926,53.28823,2021/03/28 23:00:00+00,Mon 29 Mar 2021,9168,3075,3,615988,242073,47,616035,242120,14.5703159923312,5.72656571146642,335
-7.6926,53.28823,2021/03/29 23:00:00+00,Tue 30 Mar 2021,13230,8620,1,629218,250693,48,629266,250741,14.8832525152471,5.93046759069388,336
-7.6926,53.28823,2021/03/30 23:00:00+00,Wed 31 Mar 2021,15691,10436,0,644909,261129,48,644957,261177,15.254372383819,6.17729742616746,337
-7.6926,53.28823,2021/03/31 23:00:00+00,Thu 01 Apr 2021,19575,11579,1,664484,272708,49,664533,272757,15.7173793653474,6.45118488254769,338
-7.6926,53.28823,2021/04/01 23:00:00+00,Fri 02 Apr 2021,20035,13677,4,684519,286385,53,684572,286438,16.1913371147778,6.77476470040071,339
-7.6926,53.28823,2021/04/02 23:00:00+00,Sat 03 Apr 2021,7457,4603,0,691976,290988,53,692029,291041,16.367708337768,6.88363378172352,340
-7.6926,53.28823,2021/04/03 23:00:00+00,Sun 04 Apr 2021,2956,157,0,694932,291145,53,694985,291198,16.4376229596212,6.88734710906823,341
-7.6926,53.28823,2021/04/04 23:00:00+00,Mon 05 Apr 2021,3358,577,1,698290,291722,54,698344,291776,16.5170692433847,6.90101783012071,342
-7.6926,53.28823,2021/04/05 23:00:00+00,Tue 06 Apr 2021,11863,8121,4,710153,299843,58,710211,299901,16.7977447567581,7.09318843315088,343
-7.6926,53.28823,2021/04/06 23:00:00+00,Wed 07 Apr 2021,18222,10421,3,728375,310264,61,728436,310325,17.2287982017089,7.33973444742614,344
-7.6926,53.28823,2021/04/07 23:00:00+00,Thu 08 Apr 2021,20052,10517,2,748427,320781,63,748490,320844,17.7031107276371,7.58852737952145,345
-7.6926,53.28823,2021/04/08 23:00:00+00,Fri 09 Apr 2021,20592,9109,4,769019,329890,67,769086,329957,18.1902425110229,7.80406592788009,346
-7.6926,53.28823,2021/04/09 23:00:00+00,Sat 10 Apr 2021,11061,4132,3,780080,334022,70,780150,334092,18.4519256558753,7.90186598246836,347
-7.6926,53.28823,2021/04/10 23:00:00+00,Sun 11 Apr 2021,2797,327,0,782877,334349,70,782947,334419,18.5180796468507,7.90960011012262,348
-7.6926,53.28823,2021/04/11 23:00:00+00,Mon 12 Apr 2021,7674,2723,5,790551,337072,75,790626,337147,18.69970156201,7.97412212920771,349
-7.6926,53.28823,2021/04/12 23:00:00+00,Tue 13 Apr 2021,11405,8532,0,801956,345604,75,802031,345679,18.969449959248,8.17591900121428,350
-7.6926,53.28823,2021/04/13 23:00:00+00,Wed 14 Apr 2021,20233,6544,2,822189,352148,77,822266,352225,19.4480434549176,8.33074346489865,351
-7.6926,53.28823,2021/04/14 23:00:00+00,Thu 15 Apr 2021,27002,10730,1,849191,362878,78,849269,362956,20.0867121064405,8.58455057149764,352
-7.6926,53.28823,2021/04/15 23:00:00+00,Fri 16 Apr 2021,27859,9768,1,877050,372646,79,877129,372725,20.7456503218769,8.81560467869785,353
-7.6926,53.28823,2021/04/16 23:00:00+00,Sat 17 Apr 2021,15746,4498,1,892796,377144,80,892876,377224,21.1180946893743,8.92201397630188,354
-7.6926,53.28823,2021/04/17 23:00:00+00,Sun 18 Apr 2021,1008,443,0,893804,377587,80,893884,377667,21.1419356700333,8.93249170887324,355
-7.6926,53.28823,2021/04/18 23:00:00+00,Mon 19 Apr 2021,6654,2190,0,900458,379777,80,900538,379857,21.2993145245025,8.98428907756692,356
-7.6926,53.28823,2021/04/19 23:00:00+00,Tue 20 Apr 2021,14964,7248,0,915422,387025,80,915502,387105,21.6532395588094,9.15571708135309,357
-7.6926,53.28823,2021/04/20 23:00:00+00,Wed 21 Apr 2021,26569,9785,1,941991,396810,81,942072,396891,22.2816669954262,9.38717326858426,358
-7.6926,53.28823,2021/04/21 23:00:00+00,Thu 22 Apr 2021,31499,12112,0,973490,408922,81,973571,409003,23.0266739892536,9.67364346475674,359
-7.6926,53.28823,2021/04/22 23:00:00+00,Fri 23 Apr 2021,33471,12325,0,1006961,421247,81,1007042,421328,23.8183222666718,9.96515148719943,360
-7.6926,53.28823,2021/04/23 23:00:00+00,Sat 24 Apr 2021,23569,6943,0,1030530,428190,81,1030611,428271,24.3757707519417,10.1293657021949,361
-7.6926,53.28823,2021/04/24 23:00:00+00,Sun 25 Apr 2021,9684,251,1,1040214,428441,82,1040296,428523,24.6048381107537,10.1353259473597,362
-7.6926,53.28823,2021/04/25 23:00:00+00,Mon 26 Apr 2021,15467,2983,1,1055681,431424,83,1055764,431507,24.97068363539,10.2059028186756,363
-7.6926,53.28823,2021/04/26 23:00:00+00,Tue 27 Apr 2021,25793,7735,3,1081474,439159,86,1081560,439245,25.5808046047151,10.3889201880599,364
-7.6926,53.28823,2021/04/27 23:00:00+00,Wed 28 Apr 2021,25913,8518,2,1107387,447677,88,1107475,447765,26.1937401342569,10.5904332388682,365
