X,Y,VaccinationDate,VaccineText,Dose1,Dose2,SingleDose,Dose1Cum,Dose2Cum,SingleDoseCum,PartiallyVacc,FullyVacc,PartialPercent,FullyPercent,ObjectId
-7.6926,53.28823,2020/12/28 00:00:00+00,Mon 28 Dec 2020,251,15,2,251,15,2,253,17,0.00527246010696217,0.000354275975566628,1
-7.6926,53.28823,2020/12/29 00:00:00+00,Tue 29 Dec 2020,79,3,0,330,18,2,332,20,0.00691880140518356,0.000416795265372503,2
-7.6926,53.28823,2020/12/30 00:00:00+00,Wed 30 Dec 2020,1062,2,0,1392,20,2,1394,22,0.0290506299964635,0.000458474791909754,3
-7.6926,53.28823,2020/12/31 00:00:00+00,Thu 31 Dec 2020,1038,1,0,2430,21,2,2432,23,0.0506823042692964,0.000479314555178379,4
-7.6926,53.28823,2021/01/01 00:00:00+00,Fri 01 Jan 2021,818,0,0,3248,21,2,3250,23,0.0677292306230318,0.000479314555178379,5
-7.6926,53.28823,2021/01/02 00:00:00+00,Sat 02 Jan 2021,1019,0,0,4267,21,2,4269,23,0.0889649493937609,0.000479314555178379,6
-7.6926,53.28823,2021/01/03 00:00:00+00,Sun 03 Jan 2021,22,3,1,4289,24,3,4292,27,0.0894442639489393,0.00056267360825288,7
-7.6926,53.28823,2021/01/04 00:00:00+00,Mon 04 Jan 2021,1194,5,0,5483,29,3,5486,32,0.114326941291678,0.000666872424596006,8
-7.6926,53.28823,2021/01/05 00:00:00+00,Tue 05 Jan 2021,3539,13,0,9022,42,3,9025,45,0.188078863499342,0.000937789347088133,9
-7.6926,53.28823,2021/01/06 00:00:00+00,Wed 06 Jan 2021,6785,13,0,15807,55,3,15810,58,0.329476657276964,0.00120870626958026,10
-7.6926,53.28823,2021/01/07 00:00:00+00,Thu 07 Jan 2021,11736,9,0,27543,64,3,27546,67,0.574052118997549,0.00139626413899789,11
-7.6926,53.28823,2021/01/08 00:00:00+00,Fri 08 Jan 2021,12683,6,0,40226,70,3,40229,73,0.838362836533522,0.00152130271860964,12
-7.6926,53.28823,2021/01/09 00:00:00+00,Sat 09 Jan 2021,8076,7,0,48302,77,3,48305,80,1.00666476469094,0.00166718106149001,13
-7.6926,53.28823,2021/01/10 00:00:00+00,Sun 10 Jan 2021,4787,4,1,53089,81,4,53093,85,1.10644555122112,0.00177137987783314,14
-7.6926,53.28823,2021/01/11 00:00:00+00,Mon 11 Jan 2021,8347,7,0,61436,88,4,61440,92,1.28039505522433,0.00191725822071352,15
-7.6926,53.28823,2021/01/12 00:00:00+00,Tue 12 Jan 2021,8889,12,0,70325,100,4,70329,104,1.46563971091914,0.00216733537993702,16
-7.6926,53.28823,2021/01/13 00:00:00+00,Wed 13 Jan 2021,9898,4,0,80223,104,4,80227,108,1.67191168775199,0.00225069443301152,17
-7.6926,53.28823,2021/01/14 00:00:00+00,Thu 14 Jan 2021,8095,5,0,88318,109,4,88322,113,1.84060957141151,0.00235489324935464,18
-7.6926,53.28823,2021/01/15 00:00:00+00,Fri 15 Jan 2021,7698,4,0,96016,113,4,96020,117,2.00103406905339,0.00243825230242915,19
-7.6926,53.28823,2021/01/16 00:00:00+00,Sat 16 Jan 2021,5243,2,0,101259,115,4,101263,119,2.11029694787079,0.0024799318289664,20
-7.6926,53.28823,2021/01/17 00:00:00+00,Sun 17 Jan 2021,1115,5,0,102374,120,4,102378,124,2.13353328391531,0.00258413064530952,21
-7.6926,53.28823,2021/01/18 00:00:00+00,Mon 18 Jan 2021,8721,8,1,111095,128,5,111100,133,2.31529769914426,0.00277168851472715,22
-7.6926,53.28823,2021/01/19 00:00:00+00,Tue 19 Jan 2021,8393,21,0,119488,149,5,119493,154,2.49020583225783,0.00320932354336828,23
-7.6926,53.28823,2021/01/20 00:00:00+00,Wed 20 Jan 2021,8450,964,0,127938,1113,5,127943,1118,2.66630183187771,0.0232988553343229,24
-7.6926,53.28823,2021/01/21 00:00:00+00,Thu 21 Jan 2021,9010,964,0,136948,2077,5,136953,2082,2.85406809892802,0.0433883871252776,25
-7.6926,53.28823,2021/01/22 00:00:00+00,Fri 22 Jan 2021,6788,969,0,143736,3046,5,143741,3051,2.99552841199545,0.0635821177325754,26
-7.6926,53.28823,2021/01/23 00:00:00+00,Sat 23 Jan 2021,4197,460,0,147933,3506,5,147938,3511,3.08299289843387,0.073168408836143,27
-7.6926,53.28823,2021/01/24 00:00:00+00,Sun 24 Jan 2021,1186,399,0,149119,3905,5,149124,3910,3.10770885767046,0.0814834743803244,28
-7.6926,53.28823,2021/01/25 00:00:00+00,Mon 25 Jan 2021,1367,1291,0,150486,5196,5,150491,5201,3.13619681405867,0.10838760876012,29
-7.6926,53.28823,2021/01/26 00:00:00+00,Tue 26 Jan 2021,1006,3505,0,151492,8701,5,151497,8706,3.15716161590691,0.181430979016651,30
-7.6926,53.28823,2021/01/27 00:00:00+00,Wed 27 Jan 2021,2184,6705,0,153676,15406,5,153681,15411,3.20267565888559,0.321161591732783,31
-7.6926,53.28823,2021/01/28 00:00:00+00,Thu 28 Jan 2021,1020,11542,0,154696,26948,5,154701,26953,3.22393221741958,0.561694139379254,32
-7.6926,53.28823,2021/01/29 00:00:00+00,Fri 29 Jan 2021,1591,11526,0,156287,38474,5,156292,38479,3.25708828077997,0.801893250813428,33
-7.6926,53.28823,2021/01/30 00:00:00+00,Sat 30 Jan 2021,652,7793,0,156939,46267,5,156944,46272,3.27067580643111,0.964297525965824,34
-7.6926,53.28823,2021/01/31 00:00:00+00,Sun 31 Jan 2021,234,4086,0,157173,50353,5,157178,50358,3.27555231103597,1.04944879868143,35
-7.6926,53.28823,2021/02/01 00:00:00+00,Mon 01 Feb 2021,1034,8332,1,158207,58685,6,158213,58691,3.29712146601899,1.22310654599888,36
-7.6926,53.28823,2021/02/02 00:00:00+00,Tue 02 Feb 2021,840,5108,0,159047,63793,6,159053,63799,3.31462686716464,1.32955605677502,37
-7.6926,53.28823,2021/02/03 00:00:00+00,Wed 03 Feb 2021,1408,6868,0,160455,70661,6,160461,70667,3.34396925384686,1.47268355090394,38
-7.6926,53.28823,2021/02/04 00:00:00+00,Thu 04 Feb 2021,1451,10540,1,161906,81201,7,161913,81208,3.37422859011291,1.69235549551851,39
-7.6926,53.28823,2021/02/05 00:00:00+00,Fri 05 Feb 2021,3400,8616,0,165306,89817,7,165313,89824,3.44508378522623,1.87191089584099,40
-7.6926,53.28823,2021/02/06 00:00:00+00,Sat 06 Feb 2021,909,3869,0,166215,93686,7,166222,93693,3.46402713003741,1.9525399399273,41
-7.6926,53.28823,2021/02/07 00:00:00+00,Sun 07 Feb 2021,336,1301,2,166551,94987,9,166560,94996,3.47107097002221,1.97969415146632,42
-7.6926,53.28823,2021/02/08 00:00:00+00,Mon 08 Feb 2021,1193,881,0,167744,95868,9,167753,95877,3.49593280760168,1.99805398290598,43
-7.6926,53.28823,2021/02/09 00:00:00+00,Tue 09 Feb 2021,4272,551,3,172016,96419,12,172028,96431,3.58502279557505,2.00959921175679,44
-7.6926,53.28823,2021/02/10 00:00:00+00,Wed 10 Feb 2021,8831,584,0,180847,97003,12,180859,97015,3.76905874500028,2.02176963350567,45
-7.6926,53.28823,2021/02/11 00:00:00+00,Thu 11 Feb 2021,6196,448,0,187043,97451,12,187055,97463,3.89818191821268,2.03110584745002,46
-7.6926,53.28823,2021/02/12 00:00:00+00,Fri 12 Feb 2021,4401,526,0,191444,97977,12,191456,97989,3.9898977163579,2.04206756292931,47
-7.6926,53.28823,2021/02/13 00:00:00+00,Sat 13 Feb 2021,1217,1917,0,192661,99894,12,192673,99906,4.01525970825582,2.08201738911527,48
-7.6926,53.28823,2021/02/14 00:00:00+00,Sun 14 Feb 2021,2703,27,0,195364,99921,12,195376,99933,4.07158958837091,2.08258006272352,49
-7.6926,53.28823,2021/02/15 00:00:00+00,Mon 15 Feb 2021,1967,7892,0,197331,107813,12,197343,107825,4.1125814027203,2.24704747443951,50
-7.6926,53.28823,2021/02/16 00:00:00+00,Tue 16 Feb 2021,5659,8164,0,202990,115977,12,203002,115989,4.23051362305745,2.41718330176457,51
-7.6926,53.28823,2021/02/17 00:00:00+00,Wed 17 Feb 2021,9755,8465,0,212745,124442,12,212757,124454,4.43380551374289,2.59359189783348,52
-7.6926,53.28823,2021/02/18 00:00:00+00,Thu 18 Feb 2021,8471,8357,1,221216,132799,13,221229,132812,4.61035998815468,2.76777063923265,53
-7.6926,53.28823,2021/02/19 00:00:00+00,Fri 19 Feb 2021,9399,6588,1,230615,139387,14,230629,139401,4.80625376287975,2.90508383940962,54
-7.6926,53.28823,2021/02/20 00:00:00+00,Sat 20 Feb 2021,5897,3574,2,236512,142961,16,236528,142977,4.92918752640138,2.97960683285822,55
-7.6926,53.28823,2021/02/21 00:00:00+00,Sun 21 Feb 2021,1116,1024,6,237628,143985,22,237650,144007,4.95256974078877,3.00107178902491,56
-7.6926,53.28823,2021/02/22 00:00:00+00,Mon 22 Feb 2021,3953,1123,1,241581,145108,23,241604,145131,5.03497016475292,3.02449568293884,57
-7.6926,53.28823,2021/02/23 00:00:00+00,Tue 23 Feb 2021,13369,1071,1,254950,146179,24,254974,146203,5.31359779965443,3.04683590916281,58
-7.6926,53.28823,2021/02/24 00:00:00+00,Wed 24 Feb 2021,16948,2108,5,271898,148287,29,271927,148316,5.66689430634744,3.09087032894941,59
-7.6926,53.28823,2021/02/25 00:00:00+00,Thu 25 Feb 2021,18105,1762,3,290003,150049,32,290035,150081,6.0442607396157,3.12765251111853,60
-7.6926,53.28823,2021/02/26 00:00:00+00,Fri 26 Feb 2021,16086,2772,0,306089,152821,32,306121,152853,6.37948917155481,3.18542033489916,61
-7.6926,53.28823,2021/02/27 00:00:00+00,Sat 27 Feb 2021,9006,706,1,315095,153527,33,315128,153560,6.56719291931531,3.20015404753008,62
-7.6926,53.28823,2021/02/28 00:00:00+00,Sun 28 Feb 2021,2450,59,2,317545,153586,35,317580,153621,6.61829201884998,3.20142527308947,63
-7.6926,53.28823,2021/03/01 00:00:00+00,Mon 01 Mar 2021,5612,802,0,323157,154388,35,323192,154423,6.73524477031351,3.21813876323091,64
-7.6926,53.28823,2021/03/02 00:00:00+00,Tue 02 Mar 2021,12195,1615,0,335352,156003,35,335387,156038,6.98938568337439,3.25179498090974,65
-7.6926,53.28823,2021/03/03 00:00:00+00,Wed 03 Mar 2021,12915,1510,1,348267,157513,36,348303,157549,7.25855206575195,3.28328386320863,66
-7.6926,53.28823,2021/03/04 00:00:00+00,Thu 04 Mar 2021,18731,1693,5,366998,159206,41,367039,159247,7.64900587035291,3.31866978123875,67
-7.6926,53.28823,2021/03/05 00:00:00+00,Fri 05 Mar 2021,18461,2403,6,385459,161609,47,385506,161656,8.03385377863462,3.36887277095287,68
-7.6926,53.28823,2021/03/06 00:00:00+00,Sat 06 Mar 2021,10410,147,5,395869,161756,52,395921,161808,8.25089991307735,3.3720404149697,69
-7.6926,53.28823,2021/03/07 00:00:00+00,Sun 07 Mar 2021,1533,14,3,397402,161770,55,397457,161825,8.28290978945796,3.37239469094527,70
-7.6926,53.28823,2021/03/08 00:00:00+00,Mon 08 Mar 2021,6681,1505,5,404083,163275,60,404143,163335,8.42224444667198,3.40386273348089,71
-7.6926,53.28823,2021/03/09 00:00:00+00,Tue 09 Mar 2021,13850,3110,6,417933,166385,66,417999,166451,8.71100020652205,3.46879943582593,72
-7.6926,53.28823,2021/03/10 00:00:00+00,Wed 10 Mar 2021,13751,3994,3,431684,170379,69,431753,170448,8.99763031051872,3.55209596961062,73
-7.6926,53.28823,2021/03/11 00:00:00+00,Thu 11 Mar 2021,18499,2106,3,450183,172485,72,450255,172557,9.38320761051483,3.59604703034415,74
-7.6926,53.28823,2021/03/12 00:00:00+00,Fri 12 Mar 2021,17342,1347,4,467525,173832,76,467601,173908,9.7446941441724,3.62420155052007,75
-7.6926,53.28823,2021/03/13 00:00:00+00,Sat 13 Mar 2021,8322,178,0,475847,174010,76,475923,174086,9.9181226540939,3.62791102838188,76
-7.6926,53.28823,2021/03/14 00:00:00+00,Sun 14 Mar 2021,389,21,2,476236,174031,78,476314,174109,9.92627100153193,3.62839034293706,77
-7.6926,53.28823,2021/03/15 00:00:00+00,Mon 15 Mar 2021,2671,1000,0,478907,175031,78,478985,175109,9.98193400922243,3.64923010620569,78
-7.6926,53.28823,2021/03/16 00:00:00+00,Tue 16 Mar 2021,8964,3827,2,487871,178858,80,487951,178938,10.1687833266889,3.72902555976125,79
-7.6926,53.28823,2021/03/17 00:00:00+00,Wed 17 Mar 2021,4894,2423,7,492765,181281,87,492852,181368,10.2709190064685,3.77966618450401,80
-7.6926,53.28823,2021/03/18 00:00:00+00,Thu 18 Mar 2021,11739,4688,5,504504,185969,92,504596,186061,10.5156611862952,3.87746719352367,81
-7.6926,53.28823,2021/03/19 00:00:00+00,Fri 19 Mar 2021,10387,6138,2,514891,192107,94,514985,192201,10.7321654868929,4.00542333999303,82
-7.6926,53.28823,2021/03/20 00:00:00+00,Sat 20 Mar 2021,5258,3124,4,520149,195231,98,520247,195329,10.8418243212124,4.07061011949729,83
-7.6926,53.28823,2021/03/21 00:00:00+00,Sun 21 Mar 2021,3651,56,3,523800,195287,101,523901,195388,10.917972816196,4.07183966553013,84
-7.6926,53.28823,2021/03/22 00:00:00+00,Mon 22 Mar 2021,7425,2414,1,531225,197701,102,531327,197803,11.0727288982288,4.12216769382387,85
-7.6926,53.28823,2021/03/23 00:00:00+00,Tue 23 Mar 2021,12571,7402,4,543796,205103,106,543902,205209,11.3347889213318,4.2765069805913,86
-7.6926,53.28823,2021/03/24 00:00:00+00,Wed 24 Mar 2021,13641,9784,2,557437,214887,108,557545,214995,11.6191058116056,4.48044490393807,87
-7.6926,53.28823,2021/03/25 00:00:00+00,Thu 25 Mar 2021,20880,10226,3,578317,225113,111,578428,225224,12.0543025879443,4.69361484241284,88
-7.6926,53.28823,2021/03/26 00:00:00+00,Fri 26 Mar 2021,19710,9503,1,598027,234616,112,598139,234728,12.4650751617322,4.89167595251785,89
-7.6926,53.28823,2021/03/27 00:00:00+00,Sat 27 Mar 2021,11764,5362,3,609791,239978,115,609906,240093,12.7102966561141,5.00348128245402,90
-7.6926,53.28823,2021/03/28 00:00:00+00,Sun 28 Mar 2021,2494,487,0,612285,240465,115,612400,240580,12.7622710257061,5.01363024716584,91
-7.6926,53.28823,2021/03/28 23:00:00+00,Mon 29 Mar 2021,9286,3128,3,621571,243593,118,621689,243711,12.9558515867083,5.07887954595991,92
-7.6926,53.28823,2021/03/29 23:00:00+00,Tue 30 Mar 2021,13344,8674,4,634915,252267,122,635037,252389,13.2340207468179,5.25972701160504,93
-7.6926,53.28823,2021/03/30 23:00:00+00,Wed 31 Mar 2021,15841,10505,4,650756,262772,126,650882,262898,13.5642267958093,5.47873208379502,94
-7.6926,53.28823,2021/03/31 23:00:00+00,Thu 01 Apr 2021,19709,11581,9,670465,274353,135,670600,274488,13.97514524794,5.72026494007839,95
-7.6926,53.28823,2021/04/01 23:00:00+00,Fri 02 Apr 2021,20157,13726,9,690622,288079,144,690766,288223,14.3953999140151,6.00649908857295,96
-7.6926,53.28823,2021/04/02 23:00:00+00,Sat 03 Apr 2021,7552,4639,7,698174,292718,151,698325,292869,14.5529276845627,6.10332062871899,97
-7.6926,53.28823,2021/04/03 23:00:00+00,Sun 04 Apr 2021,3045,171,3,701219,292889,154,701373,293043,14.6164472830054,6.10694674752773,98
-7.6926,53.28823,2021/04/04 23:00:00+00,Mon 05 Apr 2021,3445,613,5,704664,293502,159,704823,293661,14.6883444662822,6.11982572122774,99
-7.6926,53.28823,2021/04/05 23:00:00+00,Tue 06 Apr 2021,12007,8154,12,716671,301656,171,716842,301827,14.9388175810078,6.29000322807933,100
-7.6926,53.28823,2021/04/06 23:00:00+00,Wed 07 Apr 2021,18375,10488,12,735046,312144,183,735229,312327,15.321998308228,6.50882074239989,101
-7.6926,53.28823,2021/04/07 23:00:00+00,Thu 08 Apr 2021,20193,10568,16,755239,322712,199,755438,322911,15.7431490841237,6.72938879683502,102
-7.6926,53.28823,2021/04/08 23:00:00+00,Fri 09 Apr 2021,20682,9166,16,775921,331878,215,776136,332093,16.1744905042577,6.92073950316754,103
-7.6926,53.28823,2021/04/09 23:00:00+00,Sat 10 Apr 2021,11185,4181,12,787106,336059,227,787333,336286,16.4078333335765,7.00812063055288,104
-7.6926,53.28823,2021/04/10 23:00:00+00,Sun 11 Apr 2021,2868,366,9,789974,336425,236,790210,336661,16.4677893325003,7.01593554177862,105
-7.6926,53.28823,2021/04/11 23:00:00+00,Mon 12 Apr 2021,7786,2803,13,797760,339228,249,798009,339477,16.6303186462323,7.07462031514307,106
-7.6926,53.28823,2021/04/12 23:00:00+00,Tue 13 Apr 2021,11525,8593,1,809285,347821,250,809535,348071,16.8705177576665,7.25371724067363,107
-7.6926,53.28823,2021/04/13 23:00:00+00,Wed 14 Apr 2021,20351,6595,2,829636,354416,252,829888,354668,17.2946694594728,7.39119715895675,108
-7.6926,53.28823,2021/04/14 23:00:00+00,Thu 15 Apr 2021,27110,10817,1,856746,365233,253,856999,365486,17.8596562814485,7.61664171799674,109
-7.6926,53.28823,2021/04/15 23:00:00+00,Fri 16 Apr 2021,27967,9840,1,884713,375073,254,884967,375327,18.4425027805454,7.82172582832328,110
-7.6926,53.28823,2021/04/16 23:00:00+00,Sat 17 Apr 2021,15854,4562,3,900567,379635,257,900824,379892,18.772958906696,7.91685934764455,111
-7.6926,53.28823,2021/04/17 23:00:00+00,Sun 18 Apr 2021,1076,486,0,901643,380121,257,901900,380378,18.795382491973,7.92698747259311,112
-7.6926,53.28823,2021/04/18 23:00:00+00,Mon 19 Apr 2021,6755,2264,0,908398,382385,257,908655,382642,18.9361550928526,7.97416869663327,113
-7.6926,53.28823,2021/12/02 00:00:00+00,Thu 02 Dec 2021,1737,1413,0,3666003,3603068,240928,3906931,3843996,81.419517146853,80.1079666455421,114
-7.6926,53.28823,2021/12/03 00:00:00+00,Fri 03 Dec 2021,1013,1195,2,3667016,3604263,240930,3907946,3845193,81.4406695065707,80.1329118421746,115
-7.6926,53.28823,2021/12/04 00:00:00+00,Sat 04 Dec 2021,1204,1701,1,3668220,3605964,240931,3909151,3846895,81.4657814213094,80.1683811192578,116
-7.6926,53.28823,2021/12/05 00:00:00+00,Sun 05 Dec 2021,1347,1777,2,3669567,3607741,240933,3910500,3848674,81.4938942619587,80.2054550581127,117
-7.6926,53.28823,2021/12/06 00:00:00+00,Mon 06 Dec 2021,936,1303,0,3670503,3609044,240933,3911436,3849977,81.5134002803782,80.2326092696517,118
-7.6926,53.28823,2021/12/07 00:00:00+00,Tue 07 Dec 2021,483,745,2,3670986,3609789,240935,3911921,3850724,81.5235075655635,80.2481765728134,119
-7.6926,53.28823,2021/12/08 00:00:00+00,Wed 08 Dec 2021,795,1525,2,3671781,3611314,240937,3912718,3852251,81.5401168568886,80.2799988913246,120
-7.6926,53.28823,2021/12/09 00:00:00+00,Thu 09 Dec 2021,784,1212,1,3672565,3612526,240938,3913503,3853464,81.5564760710544,80.3052775241694,121
-7.6926,53.28823,2021/12/10 00:00:00+00,Fri 10 Dec 2021,891,1617,1,3673456,3614143,240939,3914395,3855082,81.57506513989,80.3389962611381,122
-7.6926,53.28823,2021/12/11 00:00:00+00,Sat 11 Dec 2021,643,844,2,3674099,3614987,240941,3915040,3855928,81.5885067871983,80.3566267008633,123
-7.6926,53.28823,2021/12/12 00:00:00+00,Sun 12 Dec 2021,685,1193,0,3674784,3616180,240941,3915725,3857121,81.6027820250373,80.3814885384428,124
-7.6926,53.28823,2021/12/13 00:00:00+00,Mon 13 Dec 2021,720,1071,1,3675504,3617251,240942,3916446,3858193,81.617807494354,80.4038287646668,125
-7.6926,53.28823,2021/12/14 00:00:00+00,Tue 14 Dec 2021,630,1203,3,3676134,3618454,240945,3917079,3859399,81.630999064503,80.4289615191687,126
-7.6926,53.28823,2021/12/15 00:00:00+00,Wed 15 Dec 2021,790,1260,1,3676924,3619714,240946,3917870,3860660,81.6474833172485,80.4552404606505,127
-7.6926,53.28823,2021/12/16 00:00:00+00,Thu 16 Dec 2021,1046,1545,8,3677970,3621259,240954,3918924,3862213,81.6694484277336,80.4876046130066,128
-7.6926,53.28823,2021/12/17 00:00:00+00,Fri 17 Dec 2021,1196,2460,1,3679166,3623719,240955,3920121,3864674,81.6943936243662,80.5388912704107,129
-7.6926,53.28823,2021/12/18 00:00:00+00,Sat 18 Dec 2021,1251,1184,0,3680417,3624903,240955,3921372,3865858,81.7204641682152,80.5635655501208,130
-7.6926,53.28823,2021/12/19 00:00:00+00,Sun 19 Dec 2021,550,889,1,3680967,3625792,240956,3921923,3866748,81.7319468777763,80.5821129394298,131
-7.6926,53.28823,2021/12/20 00:00:00+00,Mon 20 Dec 2021,515,616,1,3681482,3626408,240957,3922439,3867365,81.7427001956229,80.5949710733666,132
-7.6926,53.28823,2021/12/21 00:00:00+00,Tue 21 Dec 2021,1405,1817,3,3682887,3628225,240960,3923847,3869185,81.7720425823051,80.6328994425155,133
-7.6926,53.28823,2021/12/22 00:00:00+00,Wed 22 Dec 2021,1165,1599,2,3684052,3629824,240962,3925014,3870786,81.7963625860396,80.6662639035086,134
-7.6926,53.28823,2021/12/23 00:00:00+00,Thu 23 Dec 2021,928,1397,0,3684980,3631221,240962,3925942,3872183,81.8157018863529,80.6953770527948,135
-7.6926,53.28823,2021/12/24 00:00:00+00,Fri 24 Dec 2021,101,162,0,3685081,3631383,240962,3926043,3872345,81.817806702443,80.6987530944444,136
-7.6926,53.28823,2021/12/25 00:00:00+00,Sat 25 Dec 2021,1,6,0,3685082,3631389,240962,3926044,3872351,81.8178275422063,80.698878133024,137
-7.6926,53.28823,2021/12/26 00:00:00+00,Sun 26 Dec 2021,12,11,0,3685094,3631400,240962,3926056,3872362,81.8180776193655,80.6991073704199,138
-7.6926,53.28823,2021/12/27 00:00:00+00,Mon 27 Dec 2021,391,589,0,3685485,3631989,240962,3926447,3872951,81.8262259668035,80.7113819909851,139
-7.6926,53.28823,2021/12/28 00:00:00+00,Tue 28 Dec 2021,467,749,0,3685952,3632738,240962,3926914,3873700,81.83595813625,80.7269909736733,140
-7.6926,53.28823,2021/12/29 00:00:00+00,Wed 29 Dec 2021,1058,1311,0,3687010,3634049,240962,3927972,3875011,81.8580066057882,80.7543119033185,141
-7.6926,53.28823,2021/12/30 00:00:00+00,Thu 30 Dec 2021,1049,1198,1,3688059,3635247,240963,3929022,3876210,81.8798883572202,80.7792987794776,142
-7.6926,53.28823,2021/12/31 00:00:00+00,Fri 31 Dec 2021,712,1682,0,3688771,3636929,240963,3929734,3877892,81.8947262686675,80.8143512612954,143
-7.6926,53.28823,2022/01/01 00:00:00+00,Sat 01 Jan 2022,69,100,0,3688840,3637029,240963,3929803,3877992,81.896164212333,80.8164352376223,144
-7.6926,53.28823,2022/01/02 00:00:00+00,Sun 02 Jan 2022,271,629,0,3689111,3637658,240963,3930074,3878621,81.9018117881788,80.8295434487182,145
-7.6926,53.28823,2022/01/03 00:00:00+00,Mon 03 Jan 2022,3631,728,1,3692742,3638386,240964,3933706,3879350,81.9775018083705,80.8447356361411,146
-7.6926,53.28823,2022/01/04 00:00:00+00,Tue 04 Jan 2022,1187,783,1,3693929,3639169,240965,3934894,3880134,82.0022594471336,80.8610740105437,147
-7.6926,53.28823,2022/01/05 00:00:00+00,Wed 05 Jan 2022,2139,911,0,3696068,3640080,240965,3937033,3881045,82.0468357007652,80.8800590348814,148
-7.6926,53.28823,2022/01/06 00:00:00+00,Thu 06 Jan 2022,2456,1697,1,3698524,3641777,240966,3939490,3882743,82.0980389991162,80.9154449529115,149
-7.6926,53.28823,2022/01/07 00:00:00+00,Fri 07 Jan 2022,4854,783,2,3703378,3642560,240968,3944346,3883528,82.1992368895486,80.9318041670774,150
-7.6926,53.28823,2022/01/08 00:00:00+00,Sat 08 Jan 2022,9789,742,2,3713167,3643302,240970,3954137,3884272,82.4032790117117,80.9473089509492,151
-7.6926,53.28823,2022/01/09 00:00:00+00,Sun 09 Jan 2022,7116,667,0,3720283,3643969,240970,3961253,3884939,82.5515747671313,80.9612090730494,152
-7.6926,53.28823,2022/01/10 00:00:00+00,Mon 10 Jan 2022,6662,508,1,3726945,3644477,240971,3967916,3885448,82.6904301097901,80.9718165125531,153
-7.6926,53.28823,2022/01/11 00:00:00+00,Tue 11 Jan 2022,4781,1368,1,3731726,3645845,240972,3972698,3886817,82.7900858577407,81.0003461484679,154
-7.6926,53.28823,2022/01/12 00:00:00+00,Wed 12 Jan 2022,7557,927,1,3739283,3646772,240973,3980256,3887745,82.947592788525,81.0196854487812,155
-7.6926,53.28823,2022/01/13 00:00:00+00,Thu 13 Jan 2022,7321,816,0,3746604,3647588,240973,3987577,3888561,83.1001606954146,81.0366906956084,156
-7.6926,53.28823,2022/01/14 00:00:00+00,Fri 14 Jan 2022,10723,835,0,3757327,3648423,240973,3998300,3889396,83.323625476944,81.0540918979377,157
-7.6926,53.28823,2022/01/15 00:00:00+00,Sat 15 Jan 2022,8362,652,2,3765689,3649075,240975,4006664,3890050,83.4979292569228,81.0677211031154,158
-7.6926,53.28823,2022/01/16 00:00:00+00,Sun 16 Jan 2022,6965,1215,1,3772654,3650290,240976,4013630,3891266,83.643099047852,81.09306225525,159
-7.6926,53.28823,2022/01/17 00:00:00+00,Mon 17 Jan 2022,2562,561,0,3775216,3650851,240976,4016192,3891827,83.6964905213463,81.1047533624437,160
-7.6926,53.28823,2022/01/18 00:00:00+00,Tue 18 Jan 2022,4056,451,3,3779272,3651302,240979,4020251,3892281,83.7810791204536,81.1142146149677,161
-7.6926,53.28823,2022/01/19 00:00:00+00,Wed 19 Jan 2022,3486,622,0,3782758,3651924,240979,4023737,3892903,83.8537265352081,81.1271769477207,162
-7.6926,53.28823,2022/01/20 00:00:00+00,Thu 20 Jan 2022,3698,938,0,3786456,3652862,240979,4027435,3893841,83.9307919797754,81.1467246456667,163
-7.6926,53.28823,2022/01/21 00:00:00+00,Fri 21 Jan 2022,3252,977,0,3789708,3653839,240979,4030687,3894818,83.998562889925,81.1670850943802,164
-7.6926,53.28823,2022/01/22 00:00:00+00,Sat 22 Jan 2022,4270,644,0,3793978,3654483,240979,4034957,3895462,84.087548679082,81.1805059019252,165
-7.6926,53.28823,2022/01/23 00:00:00+00,Sun 23 Jan 2022,3093,679,0,3797071,3655162,240979,4038050,3896141,84.1520060668719,81.1946561011845,166
-7.6926,53.28823,2022/01/24 00:00:00+00,Mon 24 Jan 2022,646,466,0,3797717,3655628,240979,4038696,3896607,84.1654685539434,81.2043674308677,167
-7.6926,53.28823,2022/01/25 00:00:00+00,Tue 25 Jan 2022,692,1836,0,3798409,3657464,240979,4039388,3898443,84.1798896701253,81.2426292362289,168
-7.6926,53.28823,2022/01/26 00:00:00+00,Wed 26 Jan 2022,700,897,0,3799109,3658361,240979,4040088,3899340,84.1944775044133,81.2613225038809,169
-7.6926,53.28823,2022/01/27 00:00:00+00,Thu 27 Jan 2022,1273,1178,0,3800382,3659539,240979,4041361,3900518,84.2210065230543,81.2858717450113,170
-7.6926,53.28823,2022/01/28 00:00:00+00,Fri 28 Jan 2022,1028,3093,1,3801410,3662632,240980,4042390,3903612,84.2424506394577,81.3503499725644,171
-7.6926,53.28823,2022/01/29 00:00:00+00,Sat 29 Jan 2022,2328,3445,0,3803738,3666077,240980,4044718,3907057,84.2909656083471,81.4221429570249,172
-7.6926,53.28823,2022/01/30 00:00:00+00,Sun 30 Jan 2022,1639,7536,0,3805377,3673613,240980,4046357,3914593,84.3251219803443,81.5791914130172,173
-7.6926,53.28823,2022/01/31 00:00:00+00,Mon 31 Jan 2022,481,1394,0,3805858,3675007,240980,4046838,3915987,84.3351459064766,81.6082420430137,174
-7.6926,53.28823,2022/02/01 00:00:00+00,Tue 01 Feb 2022,749,3419,1,3806607,3678426,240981,4047588,3919407,84.350775728928,81.6795140333924,175
-7.6926,53.28823,2022/02/02 00:00:00+00,Wed 02 Feb 2022,650,2996,0,3807257,3681422,240981,4048238,3922403,84.3643215750526,81.7419499641452,176
-7.6926,53.28823,2022/02/03 00:00:00+00,Thu 03 Feb 2022,907,2436,1,3808164,3683858,240982,4049146,3924840,84.3832440801006,81.7927364672308,177
-7.6926,53.28823,2022/02/04 00:00:00+00,Fri 04 Feb 2022,1172,6522,0,3809336,3690380,240982,4050318,3931362,84.4076682826514,81.9286534032688,178
-7.6926,53.28823,2022/02/05 00:00:00+00,Sat 05 Feb 2022,1777,5749,0,3811113,3696129,240982,4052095,3937111,84.4447005419797,82.0484612023001,179
-7.6926,53.28823,2022/02/06 00:00:00+00,Sun 06 Feb 2022,1407,7555,0,3812520,3703684,240982,4053502,3944666,84.4740220888987,82.2059056137946,180
-7.6926,53.28823,2022/02/07 00:00:00+00,Mon 07 Feb 2022,439,1351,0,3812959,3705035,240982,4053941,3946017,84.4831707449736,82.2340601339705,181
-7.6926,53.28823,2022/02/08 00:00:00+00,Tue 08 Feb 2022,899,1238,0,3813858,3706273,240982,4054840,3947255,84.5019056921521,82.2598597608971,182
-7.6926,53.28823,2022/02/09 00:00:00+00,Wed 09 Feb 2022,1335,1784,0,3815193,3708057,240982,4056175,3949039,84.5297267761157,82.2970378985683,183
-7.6926,53.28823,2022/02/10 00:00:00+00,Thu 10 Feb 2022,686,2551,0,3815879,3710608,240982,4056861,3951590,84.544022853718,82.3502001346666,184
-7.6926,53.28823,2022/02/11 00:00:00+00,Fri 11 Feb 2022,546,4920,0,3816425,3715528,240982,4057407,3956510,84.5554013644627,82.4527317699482,185
-7.6926,53.28823,2022/02/12 00:00:00+00,Sat 12 Feb 2022,1397,5462,0,3817822,3720990,240982,4058804,3961972,84.5845145137489,82.5665585569214,186
-7.6926,53.28823,2022/02/13 00:00:00+00,Sun 13 Feb 2022,1566,4706,0,3819388,3725696,240982,4060370,3966678,84.6171495830276,82.6646304828636,187
-7.6926,53.28823,2022/02/14 00:00:00+00,Mon 14 Feb 2022,174,954,0,3819562,3726650,240982,4060544,3967632,84.6207757018363,82.6845116170218,188
-7.6926,53.28823,2022/02/15 00:00:00+00,Tue 15 Feb 2022,649,816,1,3820211,3727466,240983,4061194,3968449,84.634321547961,82.7015377036123,189
-7.6926,53.28823,2022/02/16 00:00:00+00,Wed 16 Feb 2022,798,1786,0,3821009,3729252,240983,4061992,3970235,84.6509516790493,82.7387575208101,190
-7.6926,53.28823,2022/02/17 00:00:00+00,Thu 17 Feb 2022,790,1193,2,3821799,3730445,240985,4062784,3971430,84.6674567715581,82.7636610379161,191
-7.6926,53.28823,2022/02/18 00:00:00+00,Fri 18 Feb 2022,790,3294,0,3822589,3733739,240985,4063574,3974724,84.6839201845403,82.8323072181229,192
-7.6926,53.28823,2022/02/19 00:00:00+00,Sat 19 Feb 2022,980,3555,0,3823569,3737294,240985,4064554,3978279,84.7043431525435,82.9063925765429,193
-7.6926,53.28823,2022/02/20 00:00:00+00,Sun 20 Feb 2022,1366,3588,0,3824935,3740882,240985,4065920,3981867,84.7328102691685,82.9811656471507,194
-7.6926,53.28823,2022/02/21 00:00:00+00,Mon 21 Feb 2022,254,995,1,3825189,3741877,240986,4066175,3982863,84.738124408802,83.0019220513663,195
-7.6926,53.28823,2022/02/22 00:00:00+00,Tue 22 Feb 2022,475,981,1,3825664,3742858,240987,4066651,3983845,84.7480441361178,83.0223866988961,196
-7.6926,53.28823,2021/04/19 23:00:00+00,Tue 20 Apr 2021,15097,7324,1,923495,389709,258,923753,389967,19.2507938386823,8.12681996257595,197
-7.6926,53.28823,2022/02/23 00:00:00+00,Wed 23 Feb 2022,829,1273,1,3826493,3744131,240988,4067481,3985119,84.7653411396308,83.0489365573003,198
-7.6926,53.28823,2022/02/24 00:00:00+00,Thu 24 Feb 2022,655,1232,0,3827148,3745363,240988,4068136,3986351,84.7789911845717,83.0746111456472,199
-7.6926,53.28823,2022/02/25 00:00:00+00,Fri 25 Feb 2022,692,1227,0,3827840,3746590,240988,4068828,3987578,84.7934123007536,83.1001815351778,200
-7.6926,53.28823,2022/02/26 00:00:00+00,Sat 26 Feb 2022,959,2092,0,3828799,3748682,240988,4069787,3989670,84.8133976337282,83.1437783199358,201
-7.6926,53.28823,2022/02/27 00:00:00+00,Sun 27 Feb 2022,671,1783,0,3829470,3750465,240988,4070458,3991453,84.8273811148815,83.1809356178438,202
-7.6926,53.28823,2022/02/28 00:00:00+00,Mon 28 Feb 2022,80,431,0,3829550,3750896,240988,4070538,3991884,84.829048295943,83.1899175558125,203
-7.6926,53.28823,2022/03/01 00:00:00+00,Tue 01 Mar 2022,132,936,0,3829682,3751832,240988,4070670,3992820,84.8317991446944,83.209423574232,204
-7.6926,53.28823,2022/03/02 00:00:00+00,Wed 02 Mar 2022,206,997,2,3829888,3752829,240990,4070878,3993819,84.8361338154543,83.2302424977373,205
-7.6926,53.28823,2022/03/03 00:00:00+00,Thu 03 Mar 2022,278,1277,0,3830166,3754106,240990,4071156,3995096,84.841927269643,83.2568548754314,206
-7.6926,53.28823,2022/03/04 00:00:00+00,Fri 04 Mar 2022,735,1508,1,3830901,3755614,240991,4071892,3996605,84.8572653354087,83.2883020782037,207
-7.6926,53.28823,2022/03/05 00:00:00+00,Sat 05 Mar 2022,962,3341,0,3831863,3758955,240991,4072854,3999946,84.8773131876731,83.3579277272842,208
-7.6926,53.28823,2022/03/06 00:00:00+00,Sun 06 Mar 2022,455,1915,0,3832318,3760870,240991,4073309,4001861,84.8867952799603,83.3978358739436,209
-7.6926,53.28823,2022/03/07 00:00:00+00,Mon 07 Mar 2022,115,124,1,3832433,3760994,240992,4073425,4001986,84.8892126924995,83.4004408443522,210
-7.6926,53.28823,2022/03/08 00:00:00+00,Tue 08 Mar 2022,120,493,0,3832553,3761487,240992,4073545,4002479,84.8917134640917,83.4107148476436,211
-7.6926,53.28823,2022/03/09 00:00:00+00,Wed 09 Mar 2022,129,345,1,3832682,3761832,240993,4073675,4002825,84.8944226333167,83.4179254057346,212
-7.6926,53.28823,2022/03/10 00:00:00+00,Thu 10 Mar 2022,258,508,0,3832940,3762340,240993,4073933,4003333,84.89979929224,83.428512005475,213
-7.6926,53.28823,2022/03/11 00:00:00+00,Fri 11 Mar 2022,492,2182,0,3833432,3764522,240993,4074425,4005515,84.9100524557681,83.4739843689272,214
-7.6926,53.28823,2022/03/12 00:00:00+00,Sat 12 Mar 2022,473,2391,2,3833905,3766913,240995,4074900,4007908,84.9199513433207,83.523853922429,215
-7.6926,53.28823,2022/03/13 00:00:00+00,Sun 13 Mar 2022,358,1082,0,3834263,3767995,240995,4075258,4008990,84.9274119785709,83.5464025462856,216
-7.6926,53.28823,2022/03/14 00:00:00+00,Mon 14 Mar 2022,109,122,0,3834372,3768117,240995,4075367,4009112,84.9296835127672,83.5489449974044,217
-7.6926,53.28823,2022/03/15 00:00:00+00,Tue 15 Mar 2022,222,755,1,3834594,3768872,240996,4075590,4009868,84.9343307799761,83.5646998584355,218
-7.6926,53.28823,2022/03/16 00:00:00+00,Wed 16 Mar 2022,196,797,0,3834790,3769669,240996,4075786,4010665,84.9384153735767,83.5813091497606,219
-7.6926,53.28823,2022/03/18 00:00:00+00,Fri 18 Mar 2022,3,6,0,3834793,3769675,240996,4075789,4010671,84.9384778928665,83.5814341883402,220
-7.6926,53.28823,2022/03/19 00:00:00+00,Sat 19 Mar 2022,743,2778,0,3835536,3772453,240996,4076532,4013449,84.9539618369751,83.6393270507004,221
-7.6926,53.28823,2022/03/20 00:00:00+00,Sun 20 Mar 2022,395,1402,0,3835931,3773855,240996,4076927,4014851,84.9621935434662,83.668544398803,222
-7.6926,53.28823,2022/03/21 00:00:00+00,Mon 21 Mar 2022,56,112,0,3835987,3773967,240996,4076983,4014963,84.9633605702093,83.6708784522891,223
-7.6926,53.28823,2022/03/22 00:00:00+00,Tue 22 Mar 2022,141,575,0,3836128,3774542,240996,4077124,4015538,84.9662989768301,83.6828613161686,224
-7.6926,53.28823,2022/03/23 00:00:00+00,Wed 23 Mar 2022,102,221,0,3836230,3774763,240996,4077226,4015759,84.9684246326836,83.687466903851,225
-7.6926,53.28823,2022/03/24 00:00:00+00,Thu 24 Mar 2022,147,244,0,3836377,3775007,240996,4077373,4016003,84.971488077884,83.6925518060885,226
-7.6926,53.28823,2022/03/25 00:00:00+00,Fri 25 Mar 2022,434,1625,0,3836811,3776632,240996,4077807,4017628,84.9805325351426,83.7264164214,227
-7.6926,53.28823,2021/04/20 23:00:00+00,Wed 21 Apr 2021,26734,9894,4,950229,399603,262,950491,399865,19.8080074289588,8.33309193940881,228
-7.6926,53.28823,2021/04/21 23:00:00+00,Thu 22 Apr 2021,31634,12188,1,981863,411791,263,982126,412054,20.4672733399618,8.58710781389008,229
-7.6926,53.28823,2021/04/22 23:00:00+00,Fri 23 Apr 2021,33611,12360,3,1015474,424151,266,1015740,424417,21.1677811424733,8.84474980718009,230
-7.6926,53.28823,2021/04/23 23:00:00+00,Sat 24 Apr 2021,23707,7003,2,1039181,431154,268,1039449,431422,21.6618710898092,8.99073234887681,231
-7.6926,53.28823,2021/04/24 23:00:00+00,Sun 25 Apr 2021,9755,309,3,1048936,431463,271,1049207,431734,21.8652254997844,8.99723435501662,232
-7.6926,53.28823,2021/04/25 23:00:00+00,Mon 26 Apr 2021,15599,3058,3,1064535,434521,274,1064809,434795,22.1903674863015,9.06102487038188,233
-7.6926,53.28823,2021/04/26 23:00:00+00,Tue 27 Apr 2021,25920,7823,9,1090455,442344,283,1090738,442627,22.7307217080937,9.22424189630176,234
-7.6926,53.28823,2021/04/27 23:00:00+00,Wed 28 Apr 2021,26045,8619,5,1116500,450963,288,1116788,451251,23.2735975412414,9.40396401473038,235
-7.6926,53.28823,2021/04/28 23:00:00+00,Thu 29 Apr 2021,31693,11328,6,1148193,462291,294,1148487,462585,23.9341971970935,9.64016189161698,236
-7.6926,53.28823,2021/04/29 23:00:00+00,Fri 30 Apr 2021,36098,13542,8,1184291,475833,302,1184593,476135,24.6866376896705,9.92254068390685,237
-7.6926,53.28823,2021/04/30 23:00:00+00,Sat 01 May 2021,16602,6698,19,1200893,482531,321,1201214,482852,25.0330153949583,10.0625213737822,238
-7.6926,53.28823,2021/05/01 23:00:00+00,Sun 02 May 2021,12469,911,16,1213362,483442,337,1213699,483779,25.2931998393671,10.0818398343322,239
-7.6926,53.28823,2021/05/02 23:00:00+00,Mon 03 May 2021,14273,930,21,1227635,484372,358,1227993,484730,25.5910834155288,10.1016584492007,240
-7.6926,53.28823,2021/05/03 23:00:00+00,Tue 04 May 2021,26664,6801,10,1254299,491173,368,1254667,491541,26.1469632609561,10.2435980768233,241
-7.6926,53.28823,2021/05/04 23:00:00+00,Wed 05 May 2021,32123,13464,70,1286422,504637,438,1286860,505075,26.817857759863,10.5256434329009,242
-7.6926,53.28823,2021/05/05 23:00:00+00,Thu 06 May 2021,37299,14379,133,1323721,519016,571,1324292,519587,27.5979317785342,10.8280700774551,243
-7.6926,53.28823,2021/05/06 23:00:00+00,Fri 07 May 2021,40596,15088,98,1364317,534104,669,1364986,534773,28.4459851049876,11.1445427224525,244
-7.6926,53.28823,2021/05/07 23:00:00+00,Sat 08 May 2021,25631,7061,10,1389948,541165,679,1390627,541844,28.9803374749584,11.2919006885249,245
-7.6926,53.28823,2021/05/08 23:00:00+00,Sun 09 May 2021,19673,931,5,1409621,542096,684,1410305,542780,29.3904223365584,11.3114067069444,246
-7.6926,53.28823,2021/05/09 23:00:00+00,Mon 10 May 2021,28854,4655,171,1438475,546751,855,1439330,547606,29.9952964654303,11.4119794044788,247
-7.6926,53.28823,2021/05/10 23:00:00+00,Tue 11 May 2021,33927,14819,153,1472402,561570,1008,1473410,562578,30.705515597625,11.7239923401366,248
-7.6926,53.28823,2021/05/11 23:00:00+00,Wed 12 May 2021,31301,20926,174,1503703,582496,1182,1504885,583678,31.361447146505,12.1637113451046,249
-7.6926,53.28823,2021/05/12 23:00:00+00,Thu 13 May 2021,36005,25486,152,1539708,607982,1334,1541042,609316,32.1149504670087,12.6980011957856,250
-7.6926,53.28823,2021/05/13 23:00:00+00,Fri 14 May 2021,38229,27953,237,1577937,635935,1571,1579508,637506,32.9165728008996,13.2854741223282,251
-7.6926,53.28823,2021/05/14 23:00:00+00,Sat 15 May 2021,28875,12462,22,1606812,648397,1593,1608405,649990,33.5187794400731,13.5456377269737,252
-7.6926,53.28823,2021/05/15 23:00:00+00,Sun 16 May 2021,23186,1181,11,1629998,649578,1604,1631602,651182,34.0021994286154,13.5704787247899,253
-7.6926,53.28823,2021/05/16 23:00:00+00,Mon 17 May 2021,35399,3956,120,1665397,653534,1724,1667121,655258,34.7424069801537,13.6554215998728,254
-7.6926,53.28823,2021/05/17 23:00:00+00,Tue 18 May 2021,39022,12510,127,1704419,666044,1851,1706270,667895,35.5582628723571,13.9187736882984,255
-7.6926,53.28823,2021/05/18 23:00:00+00,Wed 19 May 2021,37037,17603,211,1741456,683647,2062,1743518,685709,36.3345023745868,14.2900132311657,256
-7.6926,53.28823,2021/05/19 23:00:00+00,Thu 20 May 2021,39093,19644,136,1780549,703291,2198,1782747,705489,37.1520254478517,14.7022237486191,257
-7.6926,53.28823,2021/05/20 23:00:00+00,Fri 21 May 2021,25845,23257,14934,1806394,726548,17132,1823526,743680,38.001850154183,15.4981151476112,258
-7.6926,53.28823,2021/05/21 23:00:00+00,Sat 22 May 2021,16592,10257,13523,1822986,736805,30655,1853641,767460,38.6294396250176,15.9936847181391,259
-7.6926,53.28823,2021/05/22 23:00:00+00,Sun 23 May 2021,8223,5534,10205,1831209,742339,40860,1872069,783199,39.0134747825319,16.321681752224,260
-7.6926,53.28823,2021/05/23 23:00:00+00,Mon 24 May 2021,22558,8236,8452,1853767,750575,49312,1903079,799887,39.6597158414919,16.6694557216508,261
-7.6926,53.28823,2021/05/24 23:00:00+00,Tue 25 May 2021,30360,16514,3224,1884127,767089,52536,1936663,819625,40.3595984511054,17.0807909690469,262
-7.6926,53.28823,2021/05/25 23:00:00+00,Wed 26 May 2021,19985,25469,3054,1904112,792558,55590,1959702,848148,40.8397257570513,17.6752035367579,263
-7.6926,53.28823,2021/05/26 23:00:00+00,Thu 27 May 2021,17018,36054,550,1921130,828612,56140,1977270,884752,41.2058387181545,18.4380222314427,264
-7.6926,53.28823,2021/05/27 23:00:00+00,Fri 28 May 2021,27048,31834,1560,1948178,860446,57700,2005878,918146,41.8020226657433,19.1339452860351,265
-7.6926,53.28823,2021/05/28 23:00:00+00,Sat 29 May 2021,24493,7396,537,1972671,867842,58237,2030908,926079,42.323641940357,19.2992671280451,266
-7.6926,53.28823,2021/05/29 23:00:00+00,Sun 30 May 2021,24259,1685,210,1996930,869527,58447,2055377,927974,42.833570107777,19.3387584794392,267
-7.6926,53.28823,2021/05/30 23:00:00+00,Mon 31 May 2021,22598,7315,3445,2019528,876842,61892,2081420,938734,43.3763000625818,19.5629943322096,268
-7.6926,53.28823,2021/05/31 23:00:00+00,Tue 01 Jun 2021,27601,11525,3654,2047129,888367,65546,2112675,953913,44.0276468635427,19.879321098864,269
-7.6926,53.28823,2021/06/01 23:00:00+00,Wed 02 Jun 2021,18715,20917,4008,2065844,909284,69554,2135398,978838,44.5011888042957,20.3987521983345,270
-7.6926,53.28823,2021/06/02 23:00:00+00,Thu 03 Jun 2021,16699,30708,1978,2082543,939992,71532,2154075,1011524,44.8904130628638,21.0799207005328,271
-7.6926,53.28823,2021/06/03 23:00:00+00,Fri 04 Jun 2021,28995,23345,153,2111538,963337,71685,2183223,1035022,45.4978504826177,21.569613457819,272
-7.6926,53.28823,2021/06/04 23:00:00+00,Sat 05 Jun 2021,20974,11501,34,2132512,974838,71719,2204231,1046557,45.9356522293649,21.8100001271226,273
-7.6926,53.28823,2021/06/05 23:00:00+00,Sun 06 Jun 2021,19951,3918,47,2152463,978756,71766,2224229,1050522,46.3524058152109,21.8926297884827,274
-7.6926,53.28823,2021/06/06 23:00:00+00,Mon 07 Jun 2021,19841,4603,47,2172304,983359,71813,2244117,1055172,46.7668670270973,21.9895346876818,275
-7.6926,53.28823,2021/06/07 23:00:00+00,Tue 08 Jun 2021,26420,18346,46,2198724,1001705,71859,2270583,1073564,47.3184122017648,22.3728196137183,276
-7.6926,53.28823,2021/06/08 23:00:00+00,Wed 09 Jun 2021,32813,20128,175,2231537,1021833,72034,2303571,1093867,48.0058743124702,22.7959293273612,277
-7.6926,53.28823,2021/06/09 23:00:00+00,Thu 10 Jun 2021,27710,27507,273,2259247,1049340,72307,2331554,1121647,48.5890334080161,23.3748579509636,278
-7.6926,53.28823,2021/06/10 23:00:00+00,Fri 11 Jun 2021,26454,32912,42,2285701,1082252,72349,2358050,1154601,49.1412037755816,24.0616115097179,279
-7.6926,53.28823,2021/06/11 23:00:00+00,Sat 12 Jun 2021,12221,19726,105,2297922,1101978,72454,2370376,1174432,49.3980746976307,24.474884855098,280
-7.6926,53.28823,2021/06/12 23:00:00+00,Sun 13 Jun 2021,8558,18177,835,2306480,1120155,73289,2379769,1193444,49.5938225940129,24.8710904343611,281
-7.6926,53.28823,2021/06/13 23:00:00+00,Mon 14 Jun 2021,16026,31313,52,2322506,1151468,73341,2395847,1224809,49.9288843078458,25.5247296092815,282
-7.6926,53.28823,2021/06/14 23:00:00+00,Tue 15 Jun 2021,14707,41594,206,2337213,1193062,73547,2410760,1266609,50.2396676974708,26.3958317139101,283
-7.6926,53.28823,2021/06/15 23:00:00+00,Wed 16 Jun 2021,13478,48399,218,2350691,1241461,73765,2424456,1315226,50.5250890951979,27.4089984847408,284
-7.6926,53.28823,2021/06/16 23:00:00+00,Thu 17 Jun 2021,21578,42693,535,2372269,1284154,74300,2446569,1358454,50.985918780357,28.3098597713169,285
-7.6926,53.28823,2021/06/17 23:00:00+00,Fri 18 Jun 2021,12021,50024,554,2384290,1334178,74854,2459144,1409032,51.24797880346,29.3638933179175,286
-7.6926,53.28823,2021/06/18 23:00:00+00,Sat 19 Jun 2021,6328,32817,434,2390618,1366995,75288,2465906,1442283,51.3888972826824,30.0568362863625,287
-7.6926,53.28823,2021/06/19 23:00:00+00,Sun 20 Jun 2021,8520,26144,178,2399138,1393139,75466,2474604,1468605,51.5701615435929,30.6053805351193,288
-7.6926,53.28823,2021/06/20 23:00:00+00,Mon 21 Jun 2021,15492,32345,575,2414630,1425484,76041,2490671,1501525,51.9049940200299,31.2914255419224,289
-7.6926,53.28823,2021/06/21 23:00:00+00,Tue 22 Jun 2021,15150,43552,722,2429780,1469036,76763,2506543,1545799,52.2357627426295,32.2140852208775,290
-7.6926,53.28823,2021/06/22 23:00:00+00,Wed 23 Jun 2021,20103,39406,884,2449883,1508442,77647,2527530,1586089,52.6731268543482,33.0537192829704,291
-7.6926,53.28823,2021/06/23 23:00:00+00,Thu 24 Jun 2021,19028,44275,1032,2468911,1552717,78679,2547590,1631396,53.0911725055168,33.997906437382,292
-7.6926,53.28823,2022/03/26 00:00:00+00,Sat 26 Mar 2022,874,1848,1,3837685,3778480,240997,4078682,4019477,84.9987673280027,83.7649491436837,293
-7.6926,53.28823,2021/06/24 23:00:00+00,Fri 25 Jun 2021,15217,50125,843,2484128,1602842,79522,2563650,1682364,53.4258591036109,35.0600674916573,294
-7.6926,53.28823,2021/06/25 23:00:00+00,Sat 26 Jun 2021,9072,30574,511,2493200,1633416,80033,2573233,1713449,53.6255665550142,35.7078715328625,295
-7.6926,53.28823,2021/06/26 23:00:00+00,Sun 27 Jun 2021,8740,30481,59,2501940,1663897,80092,2582032,1743989,53.8089356320148,36.3443179030863,296
-7.6926,53.28823,2021/06/27 23:00:00+00,Mon 28 Jun 2021,24243,24660,527,2526183,1688557,80619,2606802,1769176,54.3251365681786,36.8692090205332,297
-7.6926,53.28823,2021/06/28 23:00:00+00,Tue 29 Jun 2021,28151,31057,812,2554334,1719614,81431,2635765,1801045,54.9287186317278,37.533351436141,298
-7.6926,53.28823,2021/06/29 23:00:00+00,Wed 30 Jun 2021,22584,36879,589,2576918,1756493,82020,2658938,1838513,55.4116384659517,38.3141756862899,299
-7.6926,53.28823,2021/06/30 23:00:00+00,Thu 01 Jul 2021,15040,48304,642,2591958,1804797,82662,2674620,1887459,55.7384476335303,39.334198739236,300
-7.6926,53.28823,2021/07/01 23:00:00+00,Fri 02 Jul 2021,13690,47272,817,2605648,1852069,83479,2689127,1935548,56.0407700792682,40.3363621150609,301
-7.6926,53.28823,2021/07/02 23:00:00+00,Sat 03 Jul 2021,9322,30486,505,2614970,1882555,83984,2698954,1966539,56.245562432909,40.9822072185189,302
-7.6926,53.28823,2021/07/03 23:00:00+00,Sun 04 Jul 2021,6458,27786,233,2621428,1910341,84217,2705645,1994558,56.3850012889394,41.5661165455425,303
-7.6926,53.28823,2021/07/04 23:00:00+00,Mon 05 Jul 2021,15628,33475,5342,2637056,1943816,89559,2726615,2033375,56.8220111246824,42.3750536363407,304
-7.6926,53.28823,2021/07/05 23:00:00+00,Tue 06 Jul 2021,12406,48302,5488,2649462,1992118,95047,2744509,2087165,57.1949178486112,43.4960245025601,305
-7.6926,53.28823,2021/07/06 23:00:00+00,Wed 07 Jul 2021,19709,43765,5059,2669171,2035883,100106,2769277,2135989,57.7110771052485,44.5135051043874,306
-7.6926,53.28823,2021/07/07 23:00:00+00,Thu 08 Jul 2021,17793,45607,5997,2686964,2081490,106103,2793067,2187593,58.2068550734091,45.5889202481016,307
-7.6926,53.28823,2021/07/08 23:00:00+00,Fri 09 Jul 2021,13530,45096,6531,2700494,2126586,112634,2813128,2239220,58.624921564341,46.6648147063709,308
-7.6926,53.28823,2021/07/09 23:00:00+00,Sat 10 Jul 2021,8644,23882,4364,2709138,2150468,116998,2826136,2267466,58.8960052049393,47.2534546596564,309
-7.6926,53.28823,2021/07/10 23:00:00+00,Sun 11 Jul 2021,15241,16119,2153,2724379,2166587,119151,2843530,2285738,59.2584920472337,47.6342388141008,310
-7.6926,53.28823,2021/07/11 23:00:00+00,Mon 12 Jul 2021,17122,31782,6092,2741501,2198369,125243,2866744,2323612,59.7422663117516,48.4235240081367,311
-7.6926,53.28823,2021/07/12 23:00:00+00,Tue 13 Jul 2021,20115,36574,8490,2761616,2234943,133733,2895349,2368676,60.3383877400506,49.362647100074,312
-7.6926,53.28823,2021/07/13 23:00:00+00,Wed 14 Jul 2021,20803,35721,9335,2782419,2270664,143068,2925487,2413732,60.9664565254404,50.3016034739052,313
-7.6926,53.28823,2021/07/14 23:00:00+00,Thu 15 Jul 2021,23658,28840,9585,2806077,2299504,152653,2958730,2452157,61.6592327757794,51.1023713775021,314
-7.6926,53.28823,2021/07/15 23:00:00+00,Fri 16 Jul 2021,23519,27433,9168,2829596,2326937,161821,2991417,2488758,62.3404221177409,51.8651275528971,315
-7.6926,53.28823,2021/07/16 23:00:00+00,Sat 17 Jul 2021,11514,19433,4677,2841110,2346370,166498,3007608,2512868,62.6778387248232,52.3675742453036,316
-7.6926,53.28823,2021/07/17 23:00:00+00,Sun 18 Jul 2021,16870,15823,1931,2857980,2362193,168429,3026409,2530622,63.0696471140366,52.7375634023748,317
-7.6926,53.28823,2021/07/18 23:00:00+00,Mon 19 Jul 2021,24903,18448,6253,2882883,2380641,174682,3057565,2555323,63.7189307784339,53.2523263948731,318
-7.6926,53.28823,2021/07/19 23:00:00+00,Tue 20 Jul 2021,30599,18185,7699,2913482,2398826,182381,3095863,2581207,64.5170520320957,53.7917428273182,319
-7.6926,53.28823,2021/07/20 23:00:00+00,Wed 21 Jul 2021,30367,19847,6894,2943849,2418673,189275,3133124,2607948,65.293562451248,54.3490189368845,320
-7.6926,53.28823,2021/07/21 23:00:00+00,Thu 22 Jul 2021,33543,15940,6936,2977392,2434613,196211,3173603,2630824,66.1371352285987,54.8257493614176,321
-7.6926,53.28823,2021/07/22 23:00:00+00,Fri 23 Jul 2021,27079,20839,5615,3004471,2455452,201826,3206297,2657278,66.8184704489031,55.3770444589258,322
-7.6926,53.28823,2021/07/23 23:00:00+00,Sat 24 Jul 2021,15444,14818,2276,3019915,2470270,204102,3224017,2674372,67.1877510540231,55.7332793722396,323
-7.6926,53.28823,2021/07/24 23:00:00+00,Sun 25 Jul 2021,14739,13651,1046,3034654,2483921,205148,3239802,2689069,67.5167067172184,56.0395613729986,324
-7.6926,53.28823,2021/07/25 23:00:00+00,Mon 26 Jul 2021,23848,18316,3422,3058502,2502237,208570,3267072,2710807,68.0850070615538,56.492576146932,325
-7.6926,53.28823,2021/07/26 23:00:00+00,Tue 27 Jul 2021,25522,23916,3672,3084024,2526153,212242,3296266,2738395,68.693403110418,57.0675035359868,326
-7.6926,53.28823,2021/07/27 23:00:00+00,Wed 28 Jul 2021,23447,25295,3265,3107471,2551448,215507,3322978,2766955,69.2500748668495,57.6626871749388,327
-7.6926,53.28823,2021/07/28 23:00:00+00,Thu 29 Jul 2021,19288,27879,2962,3126759,2579327,218469,3345228,2797796,69.7137595995764,58.3054063139064,328
-7.6926,53.28823,2021/07/29 23:00:00+00,Fri 30 Jul 2021,21960,22955,2123,3148719,2602282,220592,3369311,2822874,70.2156436183748,58.828025897157,329
-7.6926,53.28823,2021/07/30 23:00:00+00,Sat 31 Jul 2021,13754,12494,907,3162473,2614776,221499,3383972,2836275,70.5211753876561,59.1072995647199,330
-7.6926,53.28823,2021/07/31 23:00:00+00,Sun 01 Aug 2021,11142,9343,369,3173615,2624119,221868,3395483,2845987,70.7610619026412,59.3096953455848,331
-7.6926,53.28823,2021/08/01 23:00:00+00,Mon 02 Aug 2021,15030,16042,430,3188645,2640161,222298,3410943,2862459,71.0832446427742,59.6529679261455,332
-7.6926,53.28823,2021/08/02 23:00:00+00,Tue 03 Aug 2021,17354,25460,1111,3205999,2665621,223409,3429408,2889030,71.4680508715293,60.2067012759562,333
-7.6926,53.28823,2021/08/03 23:00:00+00,Wed 04 Aug 2021,22124,17310,1575,3228123,2682931,224984,3453107,2907915,71.9619324212325,60.6002602052842,334
-7.6926,53.28823,2021/08/04 23:00:00+00,Thu 05 Aug 2021,13540,30058,1421,3241663,2712989,226405,3468068,2939394,72.2737161194944,61.2562751132172,335
-7.6926,53.28823,2021/08/05 23:00:00+00,Fri 06 Aug 2021,12220,24750,949,3253883,2737739,227354,3481237,2965093,72.5481549619789,61.7918361894576,336
-7.6926,53.28823,2021/08/06 23:00:00+00,Sat 07 Aug 2021,6341,8466,583,3260224,2746205,227937,3488161,2974142,72.6924494828508,61.9804152072754,337
-7.6926,53.28823,2021/08/07 23:00:00+00,Sun 08 Aug 2021,8633,11987,153,3268857,2758192,228090,3496947,2986282,72.875547642929,62.2334099333565,338
-7.6926,53.28823,2021/08/08 23:00:00+00,Mon 09 Aug 2021,5555,23043,600,3274412,2781235,228690,3503102,3009925,73.0038163858474,62.7261244563166,339
-7.6926,53.28823,2021/08/09 23:00:00+00,Tue 10 Aug 2021,9372,26017,716,3283784,2807252,229406,3513190,3036658,73.2140479177013,63.2832338477768,340
-7.6926,53.28823,2022/03/27 00:00:00+00,Sun 27 Mar 2022,380,803,0,3838065,3779283,240997,4079062,4020280,85.0066864380447,83.7816834735884,341
-7.6926,53.28823,2022/03/27 23:00:00+00,Mon 28 Mar 2022,44,53,1,3838109,3779336,240998,4079107,4020334,85.0076242273918,83.7828088208049,342
-7.6926,53.28823,2022/03/28 23:00:00+00,Tue 29 Mar 2022,137,193,3,3838246,3779529,241001,4079247,4020530,85.0105417942494,83.7868934144056,343
-7.6926,53.28823,2022/03/29 23:00:00+00,Wed 30 Mar 2022,109,135,0,3838355,3779664,241001,4079356,4020665,85.0128133284457,83.7897067824468,344
-7.6926,53.28823,2022/03/30 23:00:00+00,Thu 31 Mar 2022,227,359,0,3838582,3780023,241001,4079583,4021024,85.0175439547077,83.7971882574603,345
-7.6926,53.28823,2022/03/31 23:00:00+00,Fri 01 Apr 2022,306,905,0,3838888,3780928,241001,4079889,4021929,85.0239209222679,83.8160482432184,346
-7.6926,53.28823,2022/04/01 23:00:00+00,Sat 02 Apr 2022,729,1538,1,3839617,3782466,241002,4080619,4023468,85.039133949454,83.8481206388888,347
-7.6926,53.28823,2022/04/02 23:00:00+00,Sun 03 Apr 2022,538,815,0,3840155,3783281,241002,4081157,4024283,85.0503457420925,83.8651050459527,348
-7.6926,53.28823,2022/04/03 23:00:00+00,Mon 04 Apr 2022,50,51,0,3840205,3783332,241002,4081207,4024334,85.0513877302559,83.8661678738794,349
-7.6926,53.28823,2022/04/04 23:00:00+00,Tue 05 Apr 2022,130,169,0,3840335,3783501,241002,4081337,4024503,85.0540968994809,83.8696897938718,350
-7.6926,53.28823,2022/04/05 23:00:00+00,Wed 06 Apr 2022,158,210,0,3840493,3783711,241002,4081495,4024713,85.0573895820773,83.8740661441582,351
-7.6926,53.28823,2022/04/06 23:00:00+00,Thu 07 Apr 2022,117,177,0,3840610,3783888,241002,4081612,4024890,85.0598278343797,83.8777547822568,352
-7.6926,53.28823,2022/04/07 23:00:00+00,Fri 08 Apr 2022,256,422,2,3840866,3784310,241004,4081870,4025314,85.065204493303,83.8865908418827,353
-7.6926,53.28823,2022/04/08 23:00:00+00,Sat 09 Apr 2022,558,1018,0,3841424,3785328,241004,4082428,4026332,85.0768330812069,83.9078057208901,354
-7.6926,53.28823,2022/04/09 23:00:00+00,Sun 10 Apr 2022,413,719,0,3841837,3786047,241004,4082841,4027051,85.0854399034369,83.9227895106803,355
-7.6926,53.28823,2022/04/10 23:00:00+00,Mon 11 Apr 2022,70,93,1,3841907,3786140,241005,4082912,4027145,85.0869195266289,83.9247484484275,356
-7.6926,53.28823,2022/04/11 23:00:00+00,Tue 12 Apr 2022,197,178,0,3842104,3786318,241005,4083109,4027323,85.0910249599929,83.9284579262893,357
-7.6926,53.28823,2022/04/12 23:00:00+00,Wed 13 Apr 2022,142,234,0,3842246,3786552,241005,4083251,4027557,85.093984206377,83.9333344308942,358
-7.6926,53.28823,2022/04/13 23:00:00+00,Thu 14 Apr 2022,359,431,0,3842605,3786983,241005,4083610,4027988,85.1014656813904,83.942316368863,359
-7.6926,53.28823,2022/04/14 23:00:00+00,Fri 15 Apr 2022,445,990,0,3843050,3787973,241005,4084055,4028978,85.110739376045,83.9629477344989,360
-7.6926,53.28823,2022/04/15 23:00:00+00,Sat 16 Apr 2022,43,88,0,3843093,3788061,241005,4084098,4029066,85.1116354858655,83.9647816336665,361
-7.6926,53.28823,2022/04/16 23:00:00+00,Sun 17 Apr 2022,1,1,0,3843094,3788062,241005,4084099,4029067,85.1116563256288,83.9648024734298,362
-7.6926,53.28823,2022/04/17 23:00:00+00,Mon 18 Apr 2022,36,62,1,3843130,3788124,241006,4084136,4029130,85.1124273968697,83.9661153785158,363
-7.6926,53.28823,2022/04/18 23:00:00+00,Tue 19 Apr 2022,218,270,1,3843348,3788394,241007,4084355,4029401,85.1169913050256,83.9717629543615,364
-7.6926,53.28823,2022/04/19 23:00:00+00,Wed 20 Apr 2022,250,607,0,3843598,3789001,241007,4084605,4030008,85.1222012458427,83.9844126906656,365
-7.6926,53.28823,2022/04/20 23:00:00+00,Thu 21 Apr 2022,170,236,0,3843768,3789237,241007,4084775,4030244,85.1257440055984,83.989330874797,366
-7.6926,53.28823,2022/04/21 23:00:00+00,Fri 22 Apr 2022,194,254,0,3843962,3789491,241007,4084969,4030498,85.1297869196725,83.9946241746672,367
-7.6926,53.28823,2022/04/22 23:00:00+00,Sat 23 Apr 2022,322,1010,0,3844284,3790501,241007,4085291,4031508,85.136497323445,84.0156723355685,368
-7.6926,53.28823,2022/04/23 23:00:00+00,Sun 24 Apr 2022,181,252,0,3844465,3790753,241007,4085472,4031760,85.1402693205966,84.0209239559122,369
-7.6926,53.28823,2022/04/24 23:00:00+00,Mon 25 Apr 2022,41,59,1,3844506,3790812,241008,4085514,4031820,85.1411445906539,84.0221743417084,370
-7.6926,53.28823,2022/04/25 23:00:00+00,Tue 26 Apr 2022,144,238,0,3844650,3791050,241008,4085658,4032058,85.1441455165646,84.0271342053663,371
-7.6926,53.28823,2022/04/26 23:00:00+00,Wed 27 Apr 2022,122,208,0,3844772,3791258,241008,4085780,4032266,85.1466879676834,84.0314688761262,372
-7.6926,53.28823,2022/04/27 23:00:00+00,Thu 28 Apr 2022,101,130,0,3844873,3791388,241008,4085881,4032396,85.1487927837735,84.0341780453511,373
-7.6926,53.28823,2022/04/28 23:00:00+00,Fri 29 Apr 2022,168,222,0,3845041,3791610,241008,4086049,4032618,85.1522938640026,84.0388044727967,374
-7.6926,53.28823,2022/04/29 23:00:00+00,Sat 30 Apr 2022,281,723,0,3845322,3792333,241008,4086330,4033341,85.1581498374811,84.0538716216399,375
-7.6926,53.28823,2022/04/30 23:00:00+00,Sun 01 May 2022,187,746,0,3845509,3793079,241008,4086517,4034087,85.1620468732123,84.0694180850383,376
-7.6926,53.28823,2022/05/01 23:00:00+00,Mon 02 May 2022,12,26,0,3845521,3793105,241008,4086529,4034113,85.1622969503716,84.0699599188833,377
-7.6926,53.28823,2022/05/02 23:00:00+00,Tue 03 May 2022,96,118,0,3845617,3793223,241008,4086625,4034231,85.1642975676453,84.072419010949,378
-7.6926,53.28823,2022/05/03 23:00:00+00,Wed 04 May 2022,113,128,0,3845730,3793351,241008,4086738,4034359,85.1666524608947,84.0750865006474,379
-7.6926,53.28823,2022/05/04 23:00:00+00,Thu 05 May 2022,112,165,0,3845842,3793516,241008,4086850,4034524,85.1689865143808,84.0785250615867,380
-7.6926,53.28823,2022/05/05 23:00:00+00,Fri 06 May 2022,138,257,0,3845980,3793773,241008,4086988,4034781,85.1718624017119,84.0838808807467,381
-7.6926,53.28823,2022/05/06 23:00:00+00,Sat 07 May 2022,441,1087,0,3846421,3794860,241008,4087429,4035868,85.1810527373133,84.1065337034197,382
-7.6926,53.28823,2022/05/07 23:00:00+00,Sun 08 May 2022,274,437,0,3846695,3795297,241008,4087703,4036305,85.1867628324489,84.1156406799681,383
-7.6926,53.28823,2022/05/08 23:00:00+00,Mon 09 May 2022,23,32,0,3846718,3795329,241008,4087726,4036337,85.1872421470041,84.1163075523927,384
-7.6926,53.28823,2022/05/09 23:00:00+00,Tue 10 May 2022,80,98,1,3846798,3795427,241009,4087807,4036436,85.1889301678289,84.1183706889563,385
-7.6926,53.28823,2022/05/10 23:00:00+00,Wed 11 May 2022,112,132,0,3846910,3795559,241009,4087919,4036568,85.191264221315,84.1211215377078,386
-7.6926,53.28823,2022/05/11 23:00:00+00,Thu 12 May 2022,207,398,0,3847117,3795957,241009,4088126,4036966,85.1955780523116,84.1294157634887,387
-7.6926,53.28823,2022/05/12 23:00:00+00,Fri 13 May 2022,173,327,0,3847290,3796284,241009,4088299,4037293,85.199183331357,84.1362303660775,388
-7.6926,53.28823,2022/05/13 23:00:00+00,Sat 14 May 2022,333,633,0,3847623,3796917,241009,4088632,4037926,85.2061229725255,84.1494219362266,389
-7.6926,53.28823,2022/05/14 23:00:00+00,Sun 15 May 2022,168,254,0,3847791,3797171,241009,4088800,4038180,85.2096240527546,84.1547152360968,390
-7.6926,53.28823,2022/05/15 23:00:00+00,Mon 16 May 2022,31,41,0,3847822,3797212,241009,4088831,4038221,85.2102700854159,84.1555696663908,391
-7.6926,53.28823,2022/05/16 23:00:00+00,Tue 17 May 2022,96,100,0,3847918,3797312,241009,4088927,4038321,85.2122707026897,84.1576536427177,392
-7.6926,53.28823,2022/05/17 23:00:00+00,Wed 18 May 2022,95,122,0,3848013,3797434,241009,4089022,4038443,85.2142504802002,84.1601960938364,393
-7.6926,53.28823,2022/05/18 23:00:00+00,Thu 19 May 2022,75,106,0,3848088,3797540,241009,4089097,4038549,85.2158134624454,84.1624051087429,394
-7.6926,53.28823,2022/05/19 23:00:00+00,Fri 20 May 2022,125,208,0,3848213,3797748,241009,4089222,4038757,85.218418432854,84.1667397795028,395
-7.6926,53.28823,2022/05/20 23:00:00+00,Sat 21 May 2022,392,762,0,3848605,3798510,241009,4089614,4039519,85.2265876200553,84.1826196791135,396
-7.6926,53.28823,2022/05/21 23:00:00+00,Sun 22 May 2022,234,409,0,3848839,3798919,241009,4089848,4039928,85.2314641246601,84.1911431422904,397
-7.6926,53.28823,2022/05/22 23:00:00+00,Mon 23 May 2022,26,35,0,3848865,3798954,241009,4089874,4039963,85.2320059585051,84.1918725340048,398
-7.6926,53.28823,2022/05/23 23:00:00+00,Tue 24 May 2022,64,83,0,3848929,3799037,241009,4089938,4040046,85.2333397033543,84.1936022343561,399
-7.6926,53.28823,2022/05/24 23:00:00+00,Wed 25 May 2022,85,134,1,3849014,3799171,241010,4090024,4040181,85.2351319229954,84.1964156023973,400
-7.6926,53.28823,2022/05/25 23:00:00+00,Thu 26 May 2022,98,155,0,3849112,3799326,241010,4090122,4040336,85.2371742197957,84.199645765704,401
-7.6926,53.28823,2022/05/26 23:00:00+00,Fri 27 May 2022,95,152,0,3849207,3799478,241010,4090217,4040488,85.2391539973062,84.2028134097208,402
-7.6926,53.28823,2022/05/27 23:00:00+00,Sat 28 May 2022,334,580,0,3849541,3800058,241010,4090551,4041068,85.246114478238,84.2149004724166,403
-7.6926,53.28823,2022/05/28 23:00:00+00,Sun 29 May 2022,182,349,0,3849723,3800407,241010,4090733,4041417,85.2499073151529,84.2221735497973,404
-7.6926,53.28823,2022/05/29 23:00:00+00,Mon 30 May 2022,8,23,0,3849731,3800430,241010,4090741,4041440,85.250074033259,84.2226528643525,405
-7.6926,53.28823,2022/05/30 23:00:00+00,Tue 31 May 2022,65,79,1,3849796,3800509,241011,4090807,4041520,85.2514494576347,84.224320045414,406
-7.6926,53.28823,2022/05/31 23:00:00+00,Wed 01 Jun 2022,67,102,1,3849863,3800611,241012,4090875,4041623,85.252866561537,84.2264665410307,407
-7.6926,53.28823,2022/06/01 23:00:00+00,Thu 02 Jun 2022,91,138,0,3849954,3800749,241012,4090966,4041761,85.2547629799945,84.2293424283617,408
-7.6926,53.28823,2022/06/02 23:00:00+00,Fri 03 Jun 2022,60,143,0,3850014,3800892,241012,4091026,4041904,85.2560133657906,84.2323225145092,409
-7.6926,53.28823,2022/06/03 23:00:00+00,Sat 04 Jun 2022,305,607,0,3850319,3801499,241012,4091331,4042511,85.2623694935875,84.2449722508132,410
-7.6926,53.28823,2022/06/04 23:00:00+00,Sun 05 Jun 2022,143,273,0,3850462,3801772,241012,4091474,4042784,85.2653495797349,84.2506615061856,411
-7.6926,53.28823,2022/06/05 23:00:00+00,Mon 06 Jun 2022,4,7,1,3850466,3801779,241013,4091479,4042792,85.2654537785513,84.2508282242917,412
-7.6926,53.28823,2022/06/06 23:00:00+00,Tue 07 Jun 2022,29,50,0,3850495,3801829,241013,4091508,4042842,85.2660581316861,84.2518702124551,413
-7.6926,53.28823,2022/06/07 23:00:00+00,Wed 08 Jun 2022,36,76,0,3850531,3801905,241013,4091544,4042918,85.2668083631637,84.2534540344635,414
-7.6926,53.28823,2022/06/08 23:00:00+00,Thu 09 Jun 2022,73,122,0,3850604,3802027,241013,4091617,4043040,85.2683296658823,84.2559964855823,415
-7.6926,53.28823,2022/06/09 23:00:00+00,Fri 10 Jun 2022,56,108,0,3850660,3802135,241013,4091673,4043148,85.2694966926254,84.2582471800153,416
-7.6926,53.28823,2022/06/10 23:00:00+00,Sat 11 Jun 2022,189,561,0,3850849,3802696,241013,4091862,4043709,85.2734354078831,84.269938287209,417
-7.6926,53.28823,2022/06/11 23:00:00+00,Sun 12 Jun 2022,143,288,0,3850992,3802984,241013,4092005,4043997,85.2764154940306,84.2759401390304,418
-7.6926,53.28823,2022/06/12 23:00:00+00,Mon 13 Jun 2022,17,44,0,3851009,3803028,241013,4092022,4044041,85.2767697700061,84.2768570886142,419
-7.6926,53.28823,2022/06/13 23:00:00+00,Tue 14 Jun 2022,37,55,0,3851046,3803083,241013,4092059,4044096,85.2775408412471,84.278003275594,420
-7.6926,53.28823,2022/06/14 23:00:00+00,Wed 15 Jun 2022,66,122,0,3851112,3803205,241013,4092125,4044218,85.2789162656228,84.2805457267128,421
-7.6926,53.28823,2022/06/15 23:00:00+00,Thu 16 Jun 2022,42,85,0,3851154,3803290,241013,4092167,4044303,85.2797915356801,84.2823171065906,422
-7.6926,53.28823,2022/06/16 23:00:00+00,Fri 17 Jun 2022,57,95,0,3851211,3803385,241013,4092224,4044398,85.2809794021864,84.2842968841011,423
-7.6926,53.28823,2022/06/17 23:00:00+00,Sat 18 Jun 2022,223,488,0,3851434,3803873,241013,4092447,4044886,85.2856266693953,84.2944666885762,424
-7.6926,53.28823,2022/06/18 23:00:00+00,Sun 19 Jun 2022,80,129,0,3851514,3804002,241013,4092527,4045015,85.2872938504568,84.2971550180379,425
-7.6926,53.28823,2022/06/19 23:00:00+00,Mon 20 Jun 2022,9,28,0,3851523,3804030,241013,4092536,4045043,85.2874814083262,84.2977385314094,426
-7.6926,53.28823,2022/06/20 23:00:00+00,Tue 21 Jun 2022,74,169,1,3851597,3804199,241014,4092611,4045213,85.2890443905713,84.301281291165,427
-7.6926,53.28823,2022/06/21 23:00:00+00,Wed 22 Jun 2022,60,93,0,3851657,3804292,241014,4092671,4045306,85.2902947763675,84.303219389149,428
-7.6926,53.28823,2022/06/22 23:00:00+00,Thu 23 Jun 2022,64,114,0,3851721,3804406,241014,4092735,4045420,85.2916285212167,84.3055951221616,429
-7.6926,53.28823,2022/06/23 23:00:00+00,Fri 24 Jun 2022,55,92,1,3851776,3804498,241015,4092791,4045513,85.2927955479597,84.3075332201456,430
-7.6926,53.28823,2022/06/24 23:00:00+00,Sat 25 Jun 2022,210,291,0,3851986,3804789,241015,4093001,4045804,85.2971718982461,84.3135975912568,431
-7.6926,53.28823,2022/06/25 23:00:00+00,Sun 26 Jun 2022,174,402,0,3852160,3805191,241015,4093175,4046206,85.3007980170548,84.3219751760908,432
-7.6926,53.28823,2022/06/26 23:00:00+00,Mon 27 Jun 2022,4,33,0,3852164,3805224,241015,4093179,4046239,85.3008813761079,84.3226628882787,433
-7.6926,53.28823,2022/06/27 23:00:00+00,Tue 28 Jun 2022,48,60,0,3852212,3805284,241015,4093227,4046299,85.3018816847448,84.3239132740748,434
-7.6926,53.28823,2022/06/28 23:00:00+00,Wed 29 Jun 2022,63,81,3,3852275,3805365,241018,4093293,4046383,85.3032571091206,84.3256638141893,435
-7.6926,53.28823,2022/06/29 23:00:00+00,Thu 30 Jun 2022,49,86,0,3852324,3805451,241018,4093342,4046469,85.3042782575207,84.3274560338304,436
-7.6926,53.28823,2022/06/30 23:00:00+00,Fri 01 Jul 2022,46,62,0,3852370,3805513,241018,4093388,4046531,85.3052368866311,84.3287480991531,437
-7.6926,53.28823,2022/07/01 23:00:00+00,Sat 02 Jul 2022,182,228,0,3852552,3805741,241018,4093570,4046759,85.3090297235459,84.3334995651783,438
-7.6926,53.28823,2022/07/02 23:00:00+00,Sun 03 Jul 2022,108,273,0,3852660,3806014,241018,4093678,4047032,85.311280417979,84.3391888205507,439
-7.6926,53.28823,2022/07/03 23:00:00+00,Mon 04 Jul 2022,13,15,0,3852673,3806029,241018,4093691,4047047,85.3115513349015,84.3395014169997,440
-7.6926,53.28823,2022/07/04 23:00:00+00,Tue 05 Jul 2022,51,69,0,3852724,3806098,241018,4093742,4047116,85.3126141628282,84.3409393606652,441
-7.6926,53.28823,2022/07/05 23:00:00+00,Wed 06 Jul 2022,60,83,0,3852784,3806181,241018,4093802,4047199,85.3138645486243,84.3426690610165,442
-7.6926,53.28823,2022/07/06 23:00:00+00,Thu 07 Jul 2022,76,75,0,3852860,3806256,241018,4093878,4047274,85.3154483706327,84.3442320432617,443
-7.6926,53.28823,2022/07/07 23:00:00+00,Fri 08 Jul 2022,99,89,0,3852959,3806345,241018,4093977,4047363,85.3175115071963,84.3460867821926,444
-7.6926,53.28823,2022/07/08 23:00:00+00,Sat 09 Jul 2022,119,143,0,3853078,3806488,241018,4094096,4047506,85.3199914390252,84.34906686834,445
-7.6926,53.28823,2022/07/09 23:00:00+00,Sun 10 Jul 2022,132,219,0,3853210,3806707,241018,4094228,4047725,85.3227422877767,84.3536307764958,446
-7.6926,53.28823,2022/07/10 23:00:00+00,Mon 11 Jul 2022,11,16,0,3853221,3806723,241018,4094239,4047741,85.3229715251727,84.3539642127081,447
-7.6926,53.28823,2022/07/11 23:00:00+00,Tue 12 Jul 2022,43,80,0,3853264,3806803,241018,4094282,4047821,85.3238676349932,84.3556313937696,448
-7.6926,53.28823,2022/07/12 23:00:00+00,Wed 13 Jul 2022,99,73,0,3853363,3806876,241018,4094381,4047894,85.3259307715568,84.3571526964882,449
-7.6926,53.28823,2022/07/13 23:00:00+00,Thu 14 Jul 2022,71,39,0,3853434,3806915,241018,4094452,4047933,85.3274103947489,84.3579654472557,450
-7.6926,53.28823,2022/07/14 23:00:00+00,Fri 15 Jul 2022,80,118,1,3853514,3807033,241019,4094533,4048052,85.3290984155736,84.3604453790847,451
-7.6926,53.28823,2022/07/15 23:00:00+00,Sat 16 Jul 2022,124,210,0,3853638,3807243,241019,4094657,4048262,85.3316825462189,84.3648217293711,452
-7.6926,53.28823,2022/07/16 23:00:00+00,Sun 17 Jul 2022,119,165,0,3853757,3807408,241019,4094776,4048427,85.3341624780479,84.3682602903104,453
-7.6926,53.28823,2022/07/17 23:00:00+00,Mon 18 Jul 2022,14,17,0,3853771,3807425,241019,4094790,4048444,85.3344542347337,84.368614566286,454
-7.6926,53.28823,2022/07/18 23:00:00+00,Tue 19 Jul 2022,30,32,0,3853801,3807457,241019,4094820,4048476,85.3350794276317,84.3692814387106,455
-7.6926,53.28823,2022/07/19 23:00:00+00,Wed 20 Jul 2022,78,66,0,3853879,3807523,241019,4094898,4048542,85.3367049291667,84.3706568630863,456
-7.6926,53.28823,2022/07/20 23:00:00+00,Thu 21 Jul 2022,52,30,0,3853931,3807553,241019,4094950,4048572,85.3377885968567,84.3712820559844,457
-7.6926,53.28823,2022/07/21 23:00:00+00,Fri 22 Jul 2022,73,70,0,3854004,3807623,241019,4095023,4048642,85.3393098995753,84.3727408394132,458
-7.6926,53.28823,2022/07/22 23:00:00+00,Sat 23 Jul 2022,99,175,0,3854103,3807798,241019,4095122,4048817,85.3413730361389,84.3763877979852,459
-7.6926,53.28823,2022/07/23 23:00:00+00,Sun 24 Jul 2022,108,231,0,3854211,3808029,241019,4095230,4049048,85.3436237305719,84.3812017833002,460
-7.6926,53.28823,2022/07/24 23:00:00+00,Mon 25 Jul 2022,15,23,0,3854226,3808052,241019,4095245,4049071,85.3439363270209,84.3816810978554,461
-7.6926,53.28823,2022/07/25 23:00:00+00,Tue 26 Jul 2022,18,16,0,3854244,3808068,241019,4095263,4049087,85.3443114427597,84.3820145340677,462
-7.6926,53.28823,2022/07/26 23:00:00+00,Wed 27 Jul 2022,60,72,1,3854304,3808140,241020,4095324,4049160,85.3455826683191,84.3835358367863,463
-7.6926,53.28823,2022/07/27 23:00:00+00,Thu 28 Jul 2022,48,71,0,3854352,3808211,241020,4095372,4049231,85.346582976956,84.3850154599784,464
-7.6926,53.28823,2022/07/28 23:00:00+00,Fri 29 Jul 2022,71,105,0,3854423,3808316,241020,4095443,4049336,85.3480626001481,84.3872036351216,465
-7.6926,53.28823,2022/07/29 23:00:00+00,Sat 30 Jul 2022,100,118,0,3854523,3808434,241020,4095543,4049454,85.350146576475,84.3896627271873,466
-7.6926,53.28823,2022/07/30 23:00:00+00,Sun 31 Jul 2022,32,57,0,3854555,3808491,241020,4095575,4049511,85.3508134488995,84.3908505936936,467
-7.6926,53.28823,2022/07/31 23:00:00+00,Mon 01 Aug 2022,9,14,0,3854564,3808505,241020,4095584,4049525,85.351001006769,84.3911423503794,468
-7.6926,53.28823,2022/08/01 23:00:00+00,Tue 02 Aug 2022,37,28,0,3854601,3808533,241020,4095621,4049553,85.3517720780099,84.3917258637509,469
-7.6926,53.28823,2022/08/02 23:00:00+00,Wed 03 Aug 2022,93,139,0,3854694,3808672,241020,4095714,4049692,85.3537101759939,84.3946225908452,470
-7.6926,53.28823,2022/08/03 23:00:00+00,Thu 04 Aug 2022,45,52,0,3854739,3808724,241020,4095759,4049744,85.354647965341,84.3957062585352,471
-7.6926,53.28823,2022/08/04 23:00:00+00,Fri 05 Aug 2022,96,91,0,3854835,3808815,241020,4095855,4049835,85.3566485826148,84.3976026769926,472
-7.6926,53.28823,2022/08/05 23:00:00+00,Sat 06 Aug 2022,74,130,0,3854909,3808945,241020,4095929,4049965,85.3581907250966,84.4003118462176,473
-7.6926,53.28823,2022/08/06 23:00:00+00,Sun 07 Aug 2022,28,80,0,3854937,3809025,241020,4095957,4050045,85.3587742384682,84.401979027279,474
-7.6926,53.28823,2022/08/07 23:00:00+00,Mon 08 Aug 2022,11,15,0,3854948,3809040,241020,4095968,4050060,85.3590034758641,84.4022916237281,475
-7.6926,53.28823,2022/08/08 23:00:00+00,Tue 09 Aug 2022,47,42,0,3854995,3809082,241020,4096015,4050102,85.3599829447377,84.4031668937854,476
-7.6926,53.28823,2022/08/09 23:00:00+00,Wed 10 Aug 2022,55,94,0,3855050,3809176,241020,4096070,4050196,85.3611291317175,84.4051258315326,477
-7.6926,53.28823,2022/08/10 23:00:00+00,Thu 11 Aug 2022,45,38,0,3855095,3809214,241020,4096115,4050234,85.3620669210646,84.4059177425368,478
-7.6926,53.28823,2022/08/11 23:00:00+00,Fri 12 Aug 2022,70,75,0,3855165,3809289,241020,4096185,4050309,85.3635257044934,84.407480724782,479
-7.6926,53.28823,2022/08/12 23:00:00+00,Sat 13 Aug 2022,103,151,0,3855268,3809440,241020,4096288,4050460,85.3656722001101,84.4106275290355,480
-7.6926,53.28823,2022/08/13 23:00:00+00,Sun 14 Aug 2022,17,26,0,3855285,3809466,241020,4096305,4050486,85.3660264760856,84.4111693628805,481
-7.6926,53.28823,2022/08/14 23:00:00+00,Mon 15 Aug 2022,7,11,0,3855292,3809477,241020,4096312,4050497,85.3661723544285,84.4113986002765,482
-7.6926,53.28823,2022/08/15 23:00:00+00,Tue 16 Aug 2022,41,28,0,3855333,3809505,241020,4096353,4050525,85.3670267847225,84.411982113648,483
-7.6926,53.28823,2022/08/16 23:00:00+00,Wed 17 Aug 2022,51,57,0,3855384,3809562,241020,4096404,4050582,85.3680896126492,84.4131699801543,484
-7.6926,53.28823,2022/08/17 23:00:00+00,Thu 18 Aug 2022,55,39,0,3855439,3809601,241020,4096459,4050621,85.369235799629,84.4139827309218,485
-7.6926,53.28823,2022/08/18 23:00:00+00,Fri 19 Aug 2022,72,56,0,3855511,3809657,241020,4096531,4050677,85.3707362625844,84.4151497576648,486
-7.6926,53.28823,2022/08/19 23:00:00+00,Sat 20 Aug 2022,108,127,0,3855619,3809784,241020,4096639,4050804,85.3729869570174,84.4177964075999,487
-7.6926,53.28823,2022/08/20 23:00:00+00,Sun 21 Aug 2022,39,36,0,3855658,3809820,241020,4096678,4050840,85.3737997077848,84.4185466390776,488
-7.6926,53.28823,2022/08/21 23:00:00+00,Mon 22 Aug 2022,12,13,0,3855670,3809833,241020,4096690,4050853,85.3740497849441,84.4188175560001,489
-7.6926,53.28823,2022/08/22 23:00:00+00,Tue 23 Aug 2022,77,72,0,3855747,3809905,241020,4096767,4050925,85.3756544467157,84.4203180189554,490
-7.6926,53.28823,2022/08/23 23:00:00+00,Wed 24 Aug 2022,53,55,0,3855800,3809960,241020,4096820,4050980,85.376758954169,84.4214642059352,491
-7.6926,53.28823,2022/08/24 23:00:00+00,Thu 25 Aug 2022,40,48,0,3855840,3810008,241020,4096860,4051028,85.3775925446997,84.4224645145721,492
-7.6926,53.28823,2022/08/25 23:00:00+00,Fri 26 Aug 2022,98,89,0,3855938,3810097,241020,4096958,4051117,85.3796348415,84.424319253503,493
-7.6926,53.28823,2022/08/26 23:00:00+00,Sat 27 Aug 2022,86,119,0,3856024,3810216,241020,4097044,4051236,85.3814270611412,84.426799185332,494
-7.6926,53.28823,2022/08/27 23:00:00+00,Sun 28 Aug 2022,44,20,0,3856068,3810236,241020,4097088,4051256,85.382344010725,84.4272159805974,495
-7.6926,53.28823,2022/08/28 23:00:00+00,Mon 29 Aug 2022,13,12,0,3856081,3810248,241020,4097101,4051268,85.3826149276475,84.4274660577566,496
-7.6926,53.28823,2022/08/29 23:00:00+00,Tue 30 Aug 2022,40,44,0,3856121,3810292,241020,4097141,4051312,85.3834485181782,84.4283830073404,497
-7.6926,53.28823,2022/08/30 23:00:00+00,Wed 31 Aug 2022,28,30,0,3856149,3810322,241020,4097169,4051342,85.3840320315497,84.4290082002385,498
-7.6926,53.28823,2022/08/31 23:00:00+00,Thu 01 Sep 2022,32,29,0,3856181,3810351,241020,4097201,4051371,85.3846989039743,84.4296125533732,499
-7.6926,53.28823,2022/09/01 23:00:00+00,Fri 02 Sep 2022,46,51,0,3856227,3810402,241020,4097247,4051422,85.3856575330847,84.4306753812999,500
-7.6926,53.28823,2022/09/02 23:00:00+00,Sat 03 Sep 2022,72,101,0,3856299,3810503,241020,4097319,4051523,85.38715799604,84.4327801973901,501
-7.6926,53.28823,2022/09/03 23:00:00+00,Sun 04 Sep 2022,58,82,0,3856357,3810585,241020,4097377,4051605,85.3883667023096,84.4344890579781,502
-7.6926,53.28823,2022/09/04 23:00:00+00,Mon 05 Sep 2022,9,5,0,3856366,3810590,241020,4097386,4051610,85.388554260179,84.4345932567944,503
-7.6926,53.28823,2022/09/05 23:00:00+00,Tue 06 Sep 2022,43,22,0,3856409,3810612,241020,4097429,4051632,85.3894503699996,84.4350517315864,504
-7.6926,53.28823,2022/09/06 23:00:00+00,Wed 07 Sep 2022,49,42,0,3856458,3810654,241020,4097478,4051674,85.3904715183997,84.4359270016436,505
-7.6926,53.28823,2022/09/07 23:00:00+00,Thu 08 Sep 2022,38,49,2,3856496,3810703,241022,4097518,4051725,85.3913051089305,84.4369898295703,506
-7.6926,53.28823,2022/09/08 23:00:00+00,Fri 09 Sep 2022,60,61,0,3856556,3810764,241022,4097578,4051786,85.3925554947266,84.4382610551297,507
-7.6926,53.28823,2022/09/09 23:00:00+00,Sat 10 Sep 2022,94,135,0,3856650,3810899,241022,4097672,4051921,85.3945144324739,84.441074423171,508
-7.6926,53.28823,2022/09/10 23:00:00+00,Sun 11 Sep 2022,58,58,0,3856708,3810957,241022,4097730,4051979,85.3957231387434,84.4422831294406,509
-7.6926,53.28823,2022/09/11 23:00:00+00,Mon 12 Sep 2022,16,13,0,3856724,3810970,241022,4097746,4051992,85.3960565749557,84.4425540463631,510
-7.6926,53.28823,2022/09/12 23:00:00+00,Tue 13 Sep 2022,28,24,0,3856752,3810994,241022,4097774,4052016,85.3966400883273,84.4430542006815,511
-7.6926,53.28823,2022/09/13 23:00:00+00,Wed 14 Sep 2022,35,33,0,3856787,3811027,241022,4097809,4052049,85.3973694800416,84.4437419128694,512
-7.6926,53.28823,2022/09/14 23:00:00+00,Thu 15 Sep 2022,51,35,0,3856838,3811062,241022,4097860,4052084,85.3984323079683,84.4444713045838,513
-7.6926,53.28823,2022/09/15 23:00:00+00,Fri 16 Sep 2022,37,56,0,3856875,3811118,241022,4097897,4052140,85.3992033792093,84.4456383313268,514
-7.6926,53.28823,2022/09/16 23:00:00+00,Sat 17 Sep 2022,67,149,0,3856942,3811267,241022,4097964,4052289,85.4005996433483,84.4487434560538,515
-7.6926,53.28823,2022/09/17 23:00:00+00,Sun 18 Sep 2022,30,53,0,3856972,3811320,241022,4097994,4052342,85.4012248362463,84.4498479635071,516
-7.6926,53.28823,2022/09/18 23:00:00+00,Mon 19 Sep 2022,11,11,0,3856983,3811331,241022,4098005,4052353,85.4014540736423,84.450077200903,517
-7.6926,53.28823,2022/09/19 23:00:00+00,Tue 20 Sep 2022,38,37,0,3857021,3811368,241022,4098043,4052390,85.4022459846465,84.450848272144,518
-7.6926,53.28823,2022/09/20 23:00:00+00,Wed 21 Sep 2022,40,32,0,3857061,3811400,241022,4098083,4052422,85.4030795751773,84.4515151445686,519
-7.6926,53.28823,2022/09/21 23:00:00+00,Thu 22 Sep 2022,62,34,0,3857123,3811434,241022,4098145,4052456,85.4043716404999,84.4522236965197,520
-7.6926,53.28823,2022/09/22 23:00:00+00,Fri 23 Sep 2022,38,39,0,3857161,3811473,241022,4098183,4052495,85.4051635515041,84.4530364472872,521
-7.6926,53.28823,2022/09/23 23:00:00+00,Sat 24 Sep 2022,56,103,0,3857217,3811576,241022,4098239,4052598,85.4063305782472,84.4551829429038,522
-7.6926,53.28823,2022/09/24 23:00:00+00,Sun 25 Sep 2022,42,74,0,3857259,3811650,241022,4098281,4052672,85.4072058483044,84.4567250853857,523
-7.6926,53.28823,2022/09/25 23:00:00+00,Mon 26 Sep 2022,23,10,0,3857282,3811660,241022,4098304,4052682,85.4076851628596,84.4569334830184,524
-7.6926,53.28823,2022/09/26 23:00:00+00,Tue 27 Sep 2022,29,33,2,3857311,3811693,241024,4098335,4052717,85.4083311955209,84.4576628747328,525
-7.6926,53.28823,2022/09/27 23:00:00+00,Wed 28 Sep 2022,43,27,0,3857354,3811720,241024,4098378,4052744,85.4092273053415,84.4582255483411,526
-7.6926,53.28823,2022/09/28 23:00:00+00,Thu 29 Sep 2022,30,23,0,3857384,3811743,241024,4098408,4052767,85.4098524982396,84.4587048628962,527
-7.6926,53.28823,2022/09/29 23:00:00+00,Fri 30 Sep 2022,39,58,0,3857423,3811801,241024,4098447,4052825,85.410665249007,84.4599135691658,528
-7.6926,53.28823,2022/09/30 23:00:00+00,Sat 01 Oct 2022,50,105,0,3857473,3811906,241024,4098497,4052930,85.4117072371705,84.462101744309,529
-7.6926,53.28823,2022/10/01 23:00:00+00,Sun 02 Oct 2022,26,47,0,3857499,3811953,241024,4098523,4052977,85.4122490710155,84.4630812131827,530
-7.6926,53.28823,2022/10/02 23:00:00+00,Mon 03 Oct 2022,19,1,0,3857518,3811954,241024,4098542,4052978,85.4126450265176,84.4631020529459,531
-7.6926,53.28823,2022/10/03 23:00:00+00,Tue 04 Oct 2022,29,17,0,3857547,3811971,241024,4098571,4052995,85.4132493796523,84.4634563289215,532
-7.6926,53.28823,2022/10/04 23:00:00+00,Wed 05 Oct 2022,48,37,0,3857595,3812008,241024,4098619,4053032,85.4142496882892,84.4642274001624,533
-7.6926,53.28823,2022/10/05 23:00:00+00,Thu 06 Oct 2022,57,25,0,3857652,3812033,241024,4098676,4053057,85.4154375547955,84.4647483942441,534
-7.6926,53.28823,2022/10/06 23:00:00+00,Fri 07 Oct 2022,82,38,0,3857734,3812071,241024,4098758,4053095,85.4171464153836,84.4655403052483,535
-7.6926,53.28823,2022/10/07 23:00:00+00,Sat 08 Oct 2022,102,99,0,3857836,3812170,241024,4098860,4053194,85.419272071237,84.4676034418119,536
-7.6926,53.28823,2022/10/08 23:00:00+00,Sun 09 Oct 2022,29,21,0,3857865,3812191,241024,4098889,4053215,85.4198764243718,84.4680410768406,537
-7.6926,53.28823,2022/10/09 23:00:00+00,Mon 10 Oct 2022,20,3,0,3857885,3812194,241024,4098909,4053218,85.4202932196371,84.4681035961304,538
-7.6926,53.28823,2022/10/10 23:00:00+00,Tue 11 Oct 2022,69,11,0,3857954,3812205,241024,4098978,4053229,85.4217311633027,84.4683328335263,539
-7.6926,53.28823,2022/10/11 23:00:00+00,Wed 12 Oct 2022,49,30,0,3858003,3812235,241024,4099027,4053259,85.4227523117028,84.4689580264244,540
-7.6926,53.28823,2022/10/12 23:00:00+00,Thu 13 Oct 2022,74,15,0,3858077,3812250,241024,4099101,4053274,85.4242944541847,84.4692706228734,541
-7.6926,53.28823,2022/10/13 23:00:00+00,Fri 14 Oct 2022,104,16,0,3858181,3812266,241024,4099205,4053290,85.4264617895647,84.4696040590857,542
-7.6926,53.28823,2022/10/14 23:00:00+00,Sat 15 Oct 2022,72,101,0,3858253,3812367,241024,4099277,4053391,85.42796225252,84.4717088751759,543
-7.6926,53.28823,2022/10/15 23:00:00+00,Sun 16 Oct 2022,18,26,1,3858271,3812393,241025,4099296,4053418,85.4283582080221,84.4722715487841,544
-7.6926,53.28823,2022/10/16 23:00:00+00,Mon 17 Oct 2022,65,3,9,3858336,3812396,241034,4099370,4053430,85.429900350504,84.4725216259433,545
-7.6926,53.28823,2022/10/17 23:00:00+00,Tue 18 Oct 2022,119,4,0,3858455,3812400,241034,4099489,4053434,85.4323802823329,84.4726049849964,546
-7.6926,53.28823,2022/10/18 23:00:00+00,Wed 19 Oct 2022,71,7,0,3858526,3812407,241034,4099560,4053441,85.433859905525,84.4727508633393,547
-7.6926,53.28823,2022/10/19 23:00:00+00,Thu 20 Oct 2022,107,3,0,3858633,3812410,241034,4099667,4053444,85.4360897601948,84.4728133826291,548
-7.6926,53.28823,2022/10/20 23:00:00+00,Fri 21 Oct 2022,118,10,0,3858751,3812420,241034,4099785,4053454,85.4385488522605,84.4730217802618,549
-7.6926,53.28823,2022/10/21 23:00:00+00,Sat 22 Oct 2022,69,45,0,3858820,3812465,241034,4099854,4053499,85.439986795926,84.4739595696089,550
-7.6926,53.28823,2022/10/22 23:00:00+00,Sun 23 Oct 2022,55,32,0,3858875,3812497,241034,4099909,4053531,85.4411329829058,84.4746264420335,551
-7.6926,53.28823,2022/10/23 23:00:00+00,Mon 24 Oct 2022,81,2,0,3858956,3812499,241034,4099990,4053533,85.4428210037305,84.47466812156,552
-7.6926,53.28823,2022/10/24 23:00:00+00,Tue 25 Oct 2022,52,12,0,3859008,3812511,241034,4100042,4053545,85.4439046714205,84.4749181987192,553
-7.6926,53.28823,2022/10/25 23:00:00+00,Wed 26 Oct 2022,32,7,0,3859040,3812518,241034,4100074,4053552,85.4445715438451,84.4750640770621,554
-7.6926,53.28823,2022/10/26 23:00:00+00,Thu 27 Oct 2022,51,11,0,3859091,3812529,241034,4100125,4053563,85.4456343717718,84.4752933144581,555
-7.6926,53.28823,2022/10/27 23:00:00+00,Fri 28 Oct 2022,42,8,0,3859133,3812537,241034,4100167,4053571,85.4465096418291,84.4754600325642,556
-7.6926,53.28823,2022/10/28 23:00:00+00,Sat 29 Oct 2022,62,45,0,3859195,3812582,241034,4100229,4053616,85.4478017071517,84.4763978219113,557
-7.6926,53.28823,2022/10/29 23:00:00+00,Sun 30 Oct 2022,1,1,0,3859196,3812583,241034,4100230,4053617,85.447822546915,84.4764186616746,558
-7.6926,53.28823,2022/10/31 00:00:00+00,Mon 31 Oct 2022,1,0,0,3859197,3812583,241034,4100231,4053617,85.4478433866783,84.4764186616746,559
-7.6926,53.28823,2022/11/01 00:00:00+00,Tue 01 Nov 2022,35,4,0,3859232,3812587,241034,4100266,4053621,85.4485727783927,84.4765020207277,560
-7.6926,53.28823,2021/08/10 23:00:00+00,Wed 11 Aug 2021,7022,31244,666,3290806,2838496,230072,3520878,3068568,73.3742640177105,63.9482306936786,561
-7.6926,53.28823,2021/08/11 23:00:00+00,Thu 12 Aug 2021,6788,38303,865,3297594,2876799,230937,3528531,3107736,73.5337507260053,64.7644825413841,562
-7.6926,53.28823,2021/08/12 23:00:00+00,Fri 13 Aug 2021,10938,28227,874,3308532,2905026,231811,3540343,3136837,73.7799100097343,65.3709404922644,563
-7.6926,53.28823,2021/08/13 23:00:00+00,Sat 14 Aug 2021,18144,5853,281,3326676,2910879,232092,3558768,3142971,74.1638826479587,65.4987716001541,564
-7.6926,53.28823,2021/08/14 23:00:00+00,Sun 15 Aug 2021,17002,3739,52,3343678,2914618,232144,3575822,3146762,74.5192839707418,65.5777751427055,565
-7.6926,53.28823,2021/08/15 23:00:00+00,Mon 16 Aug 2021,10197,23165,386,3353875,2937783,232530,3586405,3170313,74.7398311854137,66.0685724074449,566
-7.6926,53.28823,2021/08/16 23:00:00+00,Tue 17 Aug 2021,12875,26872,530,3366750,2964655,233060,3599810,3197715,75.0191882120296,66.6396236005317,567
-7.6926,53.28823,2021/08/17 23:00:00+00,Wed 18 Aug 2021,15242,25779,658,3381992,2990434,233718,3615710,3224152,75.3505404480007,67.1905644220644,568
-7.6926,53.28823,2021/08/18 23:00:00+00,Thu 19 Aug 2021,11369,25725,545,3393361,3016159,234263,3627624,3250422,75.5988253875831,67.7380250031312,569
-7.6926,53.28823,2021/08/19 23:00:00+00,Fri 20 Aug 2021,14856,22269,686,3408217,3038428,234949,3643166,3273377,75.9227169883041,68.2164017689625,570
-7.6926,53.28823,2021/08/20 23:00:00+00,Sat 21 Aug 2021,11898,7990,246,3420115,3046418,235195,3655310,3281613,76.1757950734383,68.3880380592429,571
-7.6926,53.28823,2021/08/21 23:00:00+00,Sun 22 Aug 2021,8005,12259,162,3428120,3058677,235357,3663477,3294034,76.3459934200531,68.6468887588025,572
-7.6926,53.28823,2021/08/22 23:00:00+00,Mon 23 Aug 2021,10877,15396,291,3438997,3074073,235648,3674645,3309721,76.5787318962371,68.9738021251974,573
-7.6926,53.28823,2021/08/23 23:00:00+00,Tue 24 Aug 2021,9718,22926,384,3448715,3096999,236032,3684747,3333031,76.7892551847768,69.459577006989,574
-7.6926,53.28823,2021/08/24 23:00:00+00,Wed 25 Aug 2021,9423,19542,317,3458138,3116541,236349,3694487,3352890,76.9922344790132,69.8734338657407,575
-7.6926,53.28823,2021/08/25 23:00:00+00,Thu 26 Aug 2021,8594,19453,369,3466732,3135994,236718,3703450,3372712,77.1790212771899,70.2865196532513,576
-7.6926,53.28823,2021/08/26 23:00:00+00,Fri 27 Aug 2021,9731,19226,432,3476463,3155220,237150,3713613,3392370,77.3908157912889,70.696187719586,577
-7.6926,53.28823,2021/08/27 23:00:00+00,Sat 28 Aug 2021,9930,7939,153,3486393,3163159,237303,3723696,3400462,77.6009431243265,70.8648230839557,578
-7.6926,53.28823,2021/08/28 23:00:00+00,Sun 29 Aug 2021,8801,9195,30,3495194,3172354,237333,3732527,3409687,77.7849790737517,71.0570699001088,579
-7.6926,53.28823,2021/08/29 23:00:00+00,Mon 30 Aug 2021,5069,11150,85,3500263,3183504,237418,3737681,3420922,77.8923872136382,71.2912046404318,580
-7.6926,53.28823,2021/08/30 23:00:00+00,Tue 31 Aug 2021,4075,12911,145,3504338,3196415,237563,3741901,3433978,77.9803310146318,71.5632885896669,581
-7.6926,53.28823,2021/08/31 23:00:00+00,Wed 01 Sep 2021,4981,12550,183,3509319,3208965,237746,3747065,3446711,78.087947552151,71.8286412953664,582
-7.6926,53.28823,2021/09/01 23:00:00+00,Thu 02 Sep 2021,5012,12369,248,3514331,3221334,237994,3752325,3459328,78.197564706944,72.0915765885266,583
-7.6926,53.28823,2021/09/02 23:00:00+00,Fri 03 Sep 2021,4784,16092,166,3519115,3237426,238160,3757275,3475586,78.3007215351237,72.4303894597479,584
-7.6926,53.28823,2021/09/03 23:00:00+00,Sat 04 Sep 2021,4631,10589,136,3523746,3248015,238296,3762042,3486311,78.4000646866252,72.6538959208039,585
-7.6926,53.28823,2021/09/04 23:00:00+00,Sun 05 Sep 2021,5311,11910,1,3529057,3259925,238297,3767354,3498222,78.5107655091081,72.9021183410965,586
-7.6926,53.28823,2021/09/05 23:00:00+00,Mon 06 Sep 2021,2167,9695,76,3531224,3269620,238373,3769597,3507993,78.5575090981197,73.1057436679942,587
-7.6926,53.28823,2021/09/06 23:00:00+00,Tue 07 Sep 2021,3035,10030,160,3534259,3279650,238533,3772792,3518183,78.6240921417629,73.3181008557015,588
-7.6926,53.28823,2021/09/07 23:00:00+00,Wed 08 Sep 2021,2613,14803,191,3536872,3294453,238724,3775596,3533177,78.6825268379681,73.6305722661513,589
-7.6926,53.28823,2021/09/08 23:00:00+00,Thu 09 Sep 2021,3123,14820,138,3539995,3309273,238862,3778857,3548135,78.7504853059871,73.9422934451234,590
-7.6926,53.28823,2021/09/09 23:00:00+00,Fri 10 Sep 2021,3389,13950,116,3543384,3323223,238978,3782362,3562201,78.8235286762437,74.2354255552599,591
-7.6926,53.28823,2021/09/10 23:00:00+00,Sat 11 Sep 2021,2563,11345,62,3545947,3334568,239040,3784987,3573608,78.8782330548238,74.4731447348651,592
-7.6926,53.28823,2021/09/11 23:00:00+00,Sun 12 Sep 2021,2043,12884,1,3547990,3347452,239041,3787031,3586493,78.9208295309449,74.7416650845813,593
-7.6926,53.28823,2021/09/12 23:00:00+00,Mon 13 Sep 2021,1622,7748,52,3549612,3355200,239093,3788705,3594293,78.9557152946565,74.9042152380766,594
-7.6926,53.28823,2021/09/13 23:00:00+00,Tue 14 Sep 2021,1550,10791,82,3551162,3365991,239175,3790337,3605166,78.9897257883109,75.1308059840963,595
-7.6926,53.28823,2021/09/14 23:00:00+00,Wed 15 Sep 2021,3288,12379,138,3554450,3378370,239313,3793763,3617683,79.0611228172693,75.3916573009297,596
-7.6926,53.28823,2021/09/15 23:00:00+00,Thu 16 Sep 2021,1919,10581,115,3556369,3388951,239428,3795797,3628379,79.1035108957576,75.6145594088509,597
-7.6926,53.28823,2021/09/16 23:00:00+00,Fri 17 Sep 2021,2563,14622,95,3558932,3403573,239523,3798455,3643096,79.1589029865256,75.9212582048753,598
-7.6926,53.28823,2021/09/17 23:00:00+00,Sat 18 Sep 2021,2291,11241,48,3561223,3414814,239571,3800794,3654385,79.207647192811,76.1565182924148,599
-7.6926,53.28823,2021/09/18 23:00:00+00,Sun 19 Sep 2021,1864,8495,16,3563087,3423309,239587,3802674,3662896,79.246825947756,76.3338855175941,600
-7.6926,53.28823,2021/09/19 23:00:00+00,Mon 20 Sep 2021,963,5632,35,3564050,3428941,239622,3803672,3668563,79.2676240314981,76.4519844560374,601
-7.6926,53.28823,2021/09/20 23:00:00+00,Tue 21 Sep 2021,1476,6679,90,3565526,3435620,239712,3805238,3675332,79.3002591007767,76.5930488136027,602
-7.6926,53.28823,2021/09/21 23:00:00+00,Wed 22 Sep 2021,1901,8158,97,3567427,3443778,239809,3807236,3683587,79.3418969477874,76.7650810593852,603
-7.6926,53.28823,2021/09/22 23:00:00+00,Thu 23 Sep 2021,1690,8732,89,3569117,3452510,239898,3809015,3692408,79.3789708866423,76.9489086111777,604
-7.6926,53.28823,2021/09/23 23:00:00+00,Fri 24 Sep 2021,1913,7396,80,3571030,3459906,239978,3811008,3699884,79.4205045348367,77.104706681374,605
-7.6926,53.28823,2021/09/24 23:00:00+00,Sat 25 Sep 2021,2422,6608,53,3573452,3466514,240031,3813483,3706545,79.4720829489265,77.2435203445063,606
-7.6926,53.28823,2021/09/25 23:00:00+00,Sun 26 Sep 2021,1549,7101,0,3575001,3473615,240031,3815032,3713646,79.5043637422296,77.3915035034768,607
-7.6926,53.28823,2021/09/26 23:00:00+00,Mon 27 Sep 2021,1179,3828,45,3576180,3477443,240076,3816256,3717519,79.5298716124704,77.4722159066162,608
-7.6926,53.28823,2021/09/27 23:00:00+00,Tue 28 Sep 2021,1454,5148,93,3577634,3482591,240169,3817803,3722760,79.562110726247,77.581437105907,609
-7.6926,53.28823,2021/09/28 23:00:00+00,Wed 29 Sep 2021,1653,3631,80,3579287,3486222,240249,3819536,3726471,79.5982260359915,77.6587734673969,610
-7.6926,53.28823,2021/09/29 23:00:00+00,Thu 30 Sep 2021,1275,3982,78,3580562,3490204,240327,3820889,3730531,79.626422235694,77.7433829062675,611
-7.6926,53.28823,2021/09/30 23:00:00+00,Fri 01 Oct 2021,1868,5190,42,3582430,3495394,240369,3822799,3735763,79.666226183537,77.852416547689,612
-7.6926,53.28823,2021/10/01 23:00:00+00,Sat 02 Oct 2021,1683,4101,40,3584113,3499495,240409,3824522,3739904,79.7021330956489,77.9387140073844,613
-7.6926,53.28823,2021/10/02 23:00:00+00,Sun 03 Oct 2021,1197,3022,9,3585310,3502517,240418,3825728,3742935,79.7272658501509,78.0018793298516,614
-7.6926,53.28823,2021/10/03 23:00:00+00,Mon 04 Oct 2021,343,1235,18,3585653,3503752,240436,3826089,3744188,79.7347890046908,78.0279915532272,615
-7.6926,53.28823,2021/10/04 23:00:00+00,Tue 05 Oct 2021,959,2834,70,3586612,3506586,240506,3827118,3747092,79.7562331210942,78.0885102257593,616
-7.6926,53.28823,2021/10/05 23:00:00+00,Wed 06 Oct 2021,971,2580,40,3587583,3509166,240546,3828129,3749712,79.7773021217588,78.143110405523,617
-7.6926,53.28823,2021/10/06 23:00:00+00,Thu 07 Oct 2021,1213,2710,44,3588796,3511876,240590,3829386,3752466,79.8034977041875,78.2005031135648,618
-7.6926,53.28823,2021/10/07 23:00:00+00,Fri 08 Oct 2021,915,2745,48,3589711,3514621,240638,3830349,3755259,79.8235663962152,78.2587085723741,619
-7.6926,53.28823,2021/10/08 23:00:00+00,Sat 09 Oct 2021,722,2368,23,3590433,3516989,240661,3831094,3757650,79.8390920198503,78.3085364463494,620
-7.6926,53.28823,2021/10/09 23:00:00+00,Sun 10 Oct 2021,1516,3925,3,3591949,3520914,240664,3832613,3761578,79.8707476202553,78.3903950364685,621
-7.6926,53.28823,2021/10/10 23:00:00+00,Mon 11 Oct 2021,335,1135,19,3592284,3522049,240683,3832967,3762732,79.8781248964524,78.4144441232805,622
-7.6926,53.28823,2021/10/11 23:00:00+00,Tue 12 Oct 2021,563,1623,21,3592847,3523672,240704,3833551,3764376,79.8902953182013,78.4487046940942,623
-7.6926,53.28823,2021/10/12 23:00:00+00,Wed 13 Oct 2021,989,2079,11,3593836,3525751,240715,3834551,3766466,79.9111350814699,78.4922597993256,624
-7.6926,53.28823,2021/10/13 23:00:00+00,Thu 14 Oct 2021,652,1607,9,3594488,3527358,240724,3835212,3768082,79.9249101649905,78.5259368567677,625
-7.6926,53.28823,2021/10/14 23:00:00+00,Fri 15 Oct 2021,957,2079,9,3595445,3529437,240733,3836178,3770170,79.945041376308,78.5694502824726,626
-7.6926,53.28823,2021/10/15 23:00:00+00,Sat 16 Oct 2021,1383,2650,14,3596828,3532087,240747,3837575,3772834,79.9741545255943,78.6249674118202,627
-7.6926,53.28823,2021/10/16 23:00:00+00,Sun 17 Oct 2021,1704,2892,2,3598532,3534979,240749,3839281,3775728,80.0097071617305,78.6852776867196,628
-7.6926,53.28823,2021/10/17 23:00:00+00,Mon 18 Oct 2021,679,1255,6,3599211,3536234,240755,3839966,3776989,80.0239823995695,78.7115566282013,629
-7.6926,53.28823,2021/10/18 23:00:00+00,Tue 19 Oct 2021,1340,1809,13,3600551,3538043,240768,3841319,3778811,80.052178599272,78.7495266768768,630
-7.6926,53.28823,2021/10/19 23:00:00+00,Wed 20 Oct 2021,2261,2336,0,3602812,3540379,240768,3843580,3781147,80.0992973040223,78.7982083638723,631
-7.6926,53.28823,2021/10/20 23:00:00+00,Thu 21 Oct 2021,1728,1851,11,3604540,3542230,240779,3845319,3783009,80.1355376523465,78.8370120030785,632
-7.6926,53.28823,2021/10/21 23:00:00+00,Fri 22 Oct 2021,1507,1934,3,3606047,3544164,240782,3846829,3784946,80.1670056948821,78.8773786245298,633
-7.6926,53.28823,2021/10/22 23:00:00+00,Sat 23 Oct 2021,2018,1704,1,3608065,3545868,240783,3848848,3786651,80.2090811769215,78.9129104209028,634
-7.6926,53.28823,2021/10/23 23:00:00+00,Sun 24 Oct 2021,1954,2189,2,3610019,3548057,240785,3850804,3788842,80.2498437538749,78.9585703422243,635
-7.6926,53.28823,2021/10/24 23:00:00+00,Mon 25 Oct 2021,1232,858,2,3611251,3548915,240787,3852038,3789702,80.2755600217484,78.9764925386354,636
-7.6926,53.28823,2021/10/25 23:00:00+00,Tue 26 Oct 2021,1244,1234,6,3612495,3550149,240793,3853288,3790942,80.3016097258342,79.0023338450885,637
-7.6926,53.28823,2021/10/26 23:00:00+00,Wed 27 Oct 2021,1567,1431,6,3614062,3551580,240799,3854861,3792379,80.3343906734557,79.0322805849055,638
-7.6926,53.28823,2021/10/27 23:00:00+00,Thu 28 Oct 2021,2158,1696,5,3616220,3553276,240804,3857024,3794080,80.3794670814057,79.0677290222254,639
-7.6926,53.28823,2021/10/28 23:00:00+00,Fri 29 Oct 2021,2145,1374,2,3618365,3554650,240806,3859171,3795456,80.4242100531435,79.096404536483,640
-7.6926,53.28823,2021/10/29 23:00:00+00,Sat 30 Oct 2021,2020,1455,1,3620385,3556105,240807,3861192,3796912,80.4663272147094,79.1267472318021,641
-7.6926,53.28823,2021/10/30 23:00:00+00,Sun 31 Oct 2021,1597,1320,0,3621982,3557425,240807,3862789,3798232,80.4996083166494,79.1542557193167,642
-7.6926,53.28823,2021/11/01 00:00:00+00,Mon 01 Nov 2021,287,294,2,3622269,3557719,240809,3863078,3798528,80.505631008234,79.1604242892442,643
-7.6926,53.28823,2021/11/02 00:00:00+00,Tue 02 Nov 2021,1099,1098,10,3623368,3558817,240819,3864187,3799636,80.5287423056989,79.1835147469459,644
-7.6926,53.28823,2021/11/03 00:00:00+00,Wed 03 Nov 2021,2538,1881,7,3625906,3560698,240826,3866732,3801524,80.5817795032176,79.222860219997,645
-7.6926,53.28823,2021/11/04 00:00:00+00,Thu 04 Nov 2021,1535,1286,2,3627441,3561984,240828,3868269,3802812,80.6138102193614,79.249701835087,646
-7.6926,53.28823,2021/11/05 00:00:00+00,Fri 05 Nov 2021,1630,1102,4,3629071,3563086,240832,3869903,3803918,80.6478623925424,79.2727506132621,647
-7.6926,53.28823,2021/11/06 00:00:00+00,Sat 06 Nov 2021,1821,1357,6,3630892,3564443,240838,3871730,3805281,80.6859366400341,79.3011552105973,648
-7.6926,53.28823,2021/11/07 00:00:00+00,Sun 07 Nov 2021,697,775,0,3631589,3565218,240838,3872427,3806056,80.7004619550324,79.3173060271305,649
-7.6926,53.28823,2021/11/08 00:00:00+00,Mon 08 Nov 2021,516,532,4,3632105,3565750,240842,3872947,3806592,80.7112986319321,79.3284761402424,650
-7.6926,53.28823,2021/11/09 00:00:00+00,Tue 09 Nov 2021,1372,1068,4,3633477,3566818,240846,3874323,3807664,80.7399741461897,79.3508163664664,651
-7.6926,53.28823,2021/11/10 00:00:00+00,Wed 10 Nov 2021,1599,1366,2,3635076,3568184,240848,3875924,3809032,80.7733386071828,79.3793251626179,652
-7.6926,53.28823,2021/11/11 00:00:00+00,Thu 11 Nov 2021,1390,1122,2,3636466,3569306,240850,3877316,3810156,80.8023475576527,79.4027490565318,653
-7.6926,53.28823,2021/11/12 00:00:00+00,Fri 12 Nov 2021,1143,1158,6,3637609,3570464,240856,3878465,3811320,80.8262924456483,79.4270065409765,654
-7.6926,53.28823,2021/11/13 00:00:00+00,Sat 13 Nov 2021,1396,1383,0,3639005,3571847,240856,3879861,3812703,80.8553847551713,79.455827933577,655
-7.6926,53.28823,2021/11/14 00:00:00+00,Sun 14 Nov 2021,1645,1808,1,3640650,3573655,240857,3881507,3814512,80.8896870055115,79.4935270653299,656
-7.6926,53.28823,2021/11/15 00:00:00+00,Mon 15 Nov 2021,1241,596,1,3641891,3574251,240858,3882749,3815109,80.9155699914911,79.5059684040013,657
-7.6926,53.28823,2021/11/16 00:00:00+00,Tue 16 Nov 2021,1314,1079,5,3643205,3575330,240863,3884068,3816193,80.9430576392424,79.5285587073845,658
-7.6926,53.28823,2021/11/17 00:00:00+00,Wed 17 Nov 2021,1504,1122,3,3644709,3576452,240866,3885575,3817318,80.9744631624883,79.5520034410617,659
-7.6926,53.28823,2021/11/18 00:00:00+00,Thu 18 Nov 2021,1639,2507,5,3646348,3578959,240871,3887219,3819830,81.0087237333019,79.6043529263925,660
-7.6926,53.28823,2021/11/19 00:00:00+00,Fri 19 Nov 2021,1165,1558,0,3647513,3580517,240871,3888384,3821388,81.0330020575098,79.636821277565,661
-7.6926,53.28823,2021/11/20 00:00:00+00,Sat 20 Nov 2021,1547,2946,12,3649060,3583463,240883,3889943,3824346,81.0654912484456,79.6984652973136,662
-7.6926,53.28823,2021/11/21 00:00:00+00,Sun 21 Nov 2021,1790,2768,0,3650850,3586231,240883,3891733,3827114,81.1027944246965,79.7561497620412,663
-7.6926,53.28823,2021/11/22 00:00:00+00,Mon 22 Nov 2021,724,520,3,3651574,3586751,240886,3892460,3827637,81.1179449325927,79.7670489582307,664
-7.6926,53.28823,2021/11/23 00:00:00+00,Tue 23 Nov 2021,2155,1597,8,3653729,3588348,240894,3894623,3829242,81.1630213405428,79.8004967782768,665
-7.6926,53.28823,2021/11/24 00:00:00+00,Wed 24 Nov 2021,1613,3149,2,3655342,3591497,240896,3896238,3832393,81.1966775582216,79.8661628723362,666
-7.6926,53.28823,2021/11/25 00:00:00+00,Thu 25 Nov 2021,981,1187,1,3656323,3592684,240897,3897220,3833581,81.2171422057514,79.8909205110994,667
-7.6926,53.28823,2021/11/26 00:00:00+00,Fri 26 Nov 2021,1279,1109,12,3657602,3593793,240909,3898511,3834702,81.2440463401312,79.9142818857235,668
-7.6926,53.28823,2021/11/27 00:00:00+00,Sat 27 Nov 2021,1202,1566,6,3658804,3595359,240915,3899719,3836274,81.2692207741597,79.9470419935818,669
-7.6926,53.28823,2021/11/28 00:00:00+00,Sun 28 Nov 2021,1961,2260,1,3660765,3597619,240916,3901681,3838535,81.3101083896927,79.9941606983321,670
-7.6926,53.28823,2021/11/29 00:00:00+00,Mon 29 Nov 2021,536,998,2,3661301,3598617,240918,3902219,3839535,81.3213201823313,80.0150004616008,671
-7.6926,53.28823,2021/11/30 00:00:00+00,Tue 30 Nov 2021,1894,1649,6,3663195,3600266,240924,3904119,3841190,81.3609157325417,80.0494902698103,672
-7.6926,53.28823,2021/12/01 00:00:00+00,Wed 01 Dec 2021,1071,1389,4,3664266,3601655,240928,3905194,3842583,81.3833184780554,80.0785200600435,673
