X,Y,VaccinationDate,VaccineText,Dose1,Dose2,SingleDose,Dose1Cum,Dose2Cum,SingleDoseCum,PartiallyVacc,FullyVacc,PartialPercent,FullyPercent,ObjectId
-7.6926,53.28823,2021/08/18 23:00:00+00,Thu 19 Aug 2021,11293,25453,522,3358357,2986663,230344,3588701,3217007,84.8791181864582,76.0878984790495,1
-7.6926,53.28823,2021/08/19 23:00:00+00,Fri 20 Aug 2021,14743,22022,664,3373100,3008685,231008,3604108,3239693,85.2435209533365,76.6244624544763,2
-7.6926,53.28823,2021/08/20 23:00:00+00,Sat 21 Aug 2021,11800,7815,224,3384900,3016500,231232,3616132,3247732,85.5279097940546,76.8145990055851,3
-7.6926,53.28823,2021/08/21 23:00:00+00,Sun 22 Aug 2021,7984,12161,156,3392884,3028661,231388,3624272,3260049,85.7204351735827,77.1059178138956,4
-7.6926,53.28823,2021/08/22 23:00:00+00,Mon 23 Aug 2021,10798,15153,271,3403682,3043814,231659,3635341,3275473,85.9822365772677,77.4707226608048,5
-7.6926,53.28823,2021/08/23 23:00:00+00,Tue 24 Aug 2021,9641,22708,368,3413323,3066522,232027,3645350,3298549,86.2189671084344,78.016510825177,6
-7.6926,53.28823,2021/08/24 23:00:00+00,Wed 25 Aug 2021,9344,19268,305,3422667,3085790,232332,3654999,3318122,86.4471830036514,78.4794468514059,7
-7.6926,53.28823,2021/08/25 23:00:00+00,Thu 26 Aug 2021,8509,19223,358,3431176,3105013,232690,3663866,3337703,86.6569032174444,78.942572091767,8
-7.6926,53.28823,2021/08/26 23:00:00+00,Fri 27 Aug 2021,9654,19016,424,3440830,3124029,233114,3673944,3357143,86.8952657205014,79.4023624330478,9
-7.6926,53.28823,2021/08/27 23:00:00+00,Sat 28 Aug 2021,9878,7766,145,3450708,3131795,233259,3683967,3365054,87.1323273763994,79.5894715580412,10
-7.6926,53.28823,2021/08/28 23:00:00+00,Sun 29 Aug 2021,8781,9123,23,3459489,3140918,233282,3692771,3374200,87.3405575289013,79.8057906146952,11
-7.6926,53.28823,2021/08/29 23:00:00+00,Mon 30 Aug 2021,5016,10951,78,3464505,3151869,233360,3697865,3385229,87.4610396275887,80.0666459477192,12
-7.6926,53.28823,2021/08/30 23:00:00+00,Tue 31 Aug 2021,4010,12669,134,3468515,3164538,233494,3702009,3398032,87.5590525480758,80.3694595145617,13
-7.6926,53.28823,2021/08/31 23:00:00+00,Wed 01 Sep 2021,4894,12364,171,3473409,3176902,233665,3707074,3410567,87.678848745534,80.665934407975,14
-7.6926,53.28823,2021/09/01 23:00:00+00,Thu 02 Sep 2021,4960,12227,243,3478369,3189129,233908,3712277,3423037,87.8019088867728,80.9608719365641,15
-7.6926,53.28823,2021/09/02 23:00:00+00,Fri 03 Sep 2021,4717,15885,159,3483086,3205014,234067,3717153,3439081,87.9172349003575,81.3403408787199,16
-7.6926,53.28823,2021/09/03 23:00:00+00,Sat 04 Sep 2021,4601,10500,128,3487687,3215514,234195,3721882,3449709,88.0290841042627,81.5917118533666,17
-7.6926,53.28823,2021/09/04 23:00:00+00,Sun 05 Sep 2021,5291,11833,0,3492978,3227347,234195,3727173,3461542,88.1542256009559,81.8715832066781,18
-7.6926,53.28823,2021/09/05 23:00:00+00,Mon 06 Sep 2021,2107,9564,68,3495085,3236911,234263,3729348,3471174,88.2056681931517,82.0993970218642,19
-7.6926,53.28823,2021/09/06 23:00:00+00,Tue 07 Sep 2021,2995,9888,134,3498080,3246799,234397,3732477,3481196,88.279674570614,82.3364350259957,20
-7.6926,53.28823,2021/09/07 23:00:00+00,Wed 08 Sep 2021,2571,14678,178,3500651,3261477,234575,3735226,3496052,88.3446932767961,82.6878056695177,21
-7.6926,53.28823,2021/09/08 23:00:00+00,Thu 09 Sep 2021,3073,14677,135,3503724,3276154,234710,3738434,3510864,88.4205681438141,83.0381356353125,22
-7.6926,53.28823,2021/09/09 23:00:00+00,Fri 10 Sep 2021,3350,13839,108,3507074,3289993,234818,3741892,3524811,88.5023559524637,83.3680068230616,23
-7.6926,53.28823,2021/09/10 23:00:00+00,Sat 11 Sep 2021,2538,11227,57,3509612,3301220,234875,3744487,3536095,88.5637322866008,83.6348933565499,24
-7.6926,53.28823,2021/09/11 23:00:00+00,Sun 12 Sep 2021,2023,12842,0,3511635,3314062,234875,3746510,3548937,88.6115798102844,83.9386293422869,25
-7.6926,53.28823,2021/09/12 23:00:00+00,Mon 13 Sep 2021,1572,7637,46,3513207,3321699,234921,3748128,3556620,88.6498483685248,84.1203458645123,26
-7.6926,53.28823,2021/09/13 23:00:00+00,Tue 14 Sep 2021,1516,10672,79,3514723,3332371,235000,3749723,3567371,88.687572936135,84.3746260064418,27
-7.6926,53.28823,2021/09/14 23:00:00+00,Wed 15 Sep 2021,3245,12307,130,3517968,3344678,235130,3753098,3579808,88.767397648163,84.6687830267355,28
-7.6926,53.28823,2021/09/15 23:00:00+00,Thu 16 Sep 2021,1881,10500,109,3519849,3355178,235239,3755088,3590417,88.8144646635512,84.9197046178182,29
-7.6926,53.28823,2021/09/16 23:00:00+00,Fri 17 Sep 2021,2539,14515,89,3522388,3369693,235328,3757716,3605021,88.8766215059836,85.2651150161754,30
-7.6926,53.28823,2021/09/17 23:00:00+00,Sat 18 Sep 2021,2272,11166,40,3524660,3380859,235368,3760028,3616227,88.9313043901936,85.5301567118747,31
-7.6926,53.28823,2021/09/18 23:00:00+00,Sun 19 Sep 2021,1854,8455,11,3526514,3389314,235379,3761893,3624693,88.9754149347661,85.7303925672905,32
-7.6926,53.28823,2021/09/19 23:00:00+00,Mon 20 Sep 2021,945,5549,29,3527459,3394863,235408,3762867,3630271,88.9984517553632,85.8623221209769,33
-7.6926,53.28823,2021/09/20 23:00:00+00,Tue 21 Sep 2021,1440,6589,89,3528899,3401452,235497,3764396,3636949,89.0346153063826,86.0202686178428,34
-7.6926,53.28823,2021/09/21 23:00:00+00,Wed 22 Sep 2021,1883,8065,94,3530782,3409517,235591,3766373,3645108,89.0813748488061,86.2132433809349,35
-7.6926,53.28823,2021/09/22 23:00:00+00,Thu 23 Sep 2021,1679,8680,85,3532461,3418197,235676,3768137,3653873,89.1230965649593,86.4205511145422,36
-7.6926,53.28823,2021/09/23 23:00:00+00,Fri 24 Sep 2021,1897,7299,79,3534358,3425496,235755,3770113,3661251,89.1698324556163,86.5950538479769,37
-7.6926,53.28823,2021/09/24 23:00:00+00,Sat 25 Sep 2021,2400,6532,50,3536758,3432028,235805,3772563,3667833,89.2277792836069,86.7507297752562,38
-7.6926,53.28823,2021/09/25 23:00:00+00,Sun 26 Sep 2021,1536,7079,0,3538294,3439107,235805,3774099,3674912,89.2641083969921,86.9181606304993,39
-7.6926,53.28823,2021/09/26 23:00:00+00,Mon 27 Sep 2021,1165,3699,45,3539459,3442806,235850,3775309,3678656,89.2927270344895,87.0067128443756,40
-7.6926,53.28823,2021/09/27 23:00:00+00,Tue 28 Sep 2021,1435,5044,89,3540894,3447850,235939,3776833,3683789,89.3287723266763,87.1281173619576,41
-7.6926,53.28823,2021/09/28 23:00:00+00,Wed 29 Sep 2021,1632,3532,72,3542526,3451382,236011,3778537,3687393,89.369074936838,87.2133583285202,42
-7.6926,53.28823,2021/09/29 23:00:00+00,Thu 30 Sep 2021,1266,3877,77,3543792,3455259,236088,3779880,3691347,89.4008392592834,87.3068774133671,43
-7.6926,53.28823,2021/09/30 23:00:00+00,Fri 01 Oct 2021,1830,5089,38,3545622,3460348,236126,3781748,3696474,89.4450207591555,87.42814002035,44
-7.6926,53.28823,2021/10/01 23:00:00+00,Sat 02 Oct 2021,1702,4035,39,3547324,3464383,236165,3783489,3700548,89.4861984846786,87.5244973171801,45
-7.6926,53.28823,2021/10/02 23:00:00+00,Sun 03 Oct 2021,1203,2989,9,3548527,3467372,236174,3784701,3703546,89.5148644257091,87.5954053132274,46
-7.6926,53.28823,2021/10/03 23:00:00+00,Mon 04 Oct 2021,328,1158,16,3548855,3468530,236190,3785045,3704720,89.5230006333943,87.6231724871299,47
-7.6926,53.28823,2021/10/04 23:00:00+00,Tue 05 Oct 2021,969,2749,68,3549824,3471279,236258,3786082,3707537,89.5475275152826,87.6897995134359,48
-7.6926,53.28823,2021/10/05 23:00:00+00,Wed 06 Oct 2021,974,2495,34,3550798,3473774,236292,3787090,3710066,89.5713684959416,87.7496148309821,49
-7.6926,53.28823,2021/10/06 23:00:00+00,Thu 07 Oct 2021,1202,2626,41,3552000,3476400,236333,3788333,3712733,89.6007676417344,87.8126940923091,50
-7.6926,53.28823,2021/10/07 23:00:00+00,Fri 08 Oct 2021,982,2686,42,3552982,3479086,236375,3789357,3715461,89.6249870506578,87.8772161113941,51
-7.6926,53.28823,2021/10/08 23:00:00+00,Sat 09 Oct 2021,729,2317,18,3553711,3481403,236393,3790104,3717796,89.6426549202533,87.9324429862342,52
-7.6926,53.28823,2021/10/09 23:00:00+00,Sun 10 Oct 2021,1527,3889,0,3555238,3485292,236393,3791631,3721685,89.6787711677397,88.0244247062569,53
-7.6926,53.28823,2021/10/10 23:00:00+00,Mon 11 Oct 2021,324,1064,12,3555562,3486356,236405,3791967,3722761,89.6867181612927,88.0498740070397,54
-7.6926,53.28823,2021/10/11 23:00:00+00,Tue 12 Oct 2021,548,1561,20,3556110,3487917,236425,3792535,3724342,89.70015236468,88.0872674499186,55
-7.6926,53.28823,2021/10/12 23:00:00+00,Wed 13 Oct 2021,1001,1975,9,3557111,3489892,236434,3793545,3726326,89.724040648872,88.1341925547077,56
-7.6926,53.28823,2021/10/13 23:00:00+00,Thu 14 Oct 2021,698,1511,7,3557809,3491403,236441,3794250,3727844,89.7407151442734,88.1700959362954,57
-7.6926,53.28823,2021/10/14 23:00:00+00,Fri 15 Oct 2021,952,1998,5,3558761,3493401,236446,3795207,3729847,89.7633498848396,88.2174704246486,58
-7.6926,53.28823,2021/10/15 23:00:00+00,Sat 16 Oct 2021,1375,2589,11,3560136,3495990,236457,3796593,3732447,89.7961312332457,88.2789650176182,59
-7.6926,53.28823,2021/10/16 23:00:00+00,Sun 17 Oct 2021,1709,2873,1,3561845,3498863,236458,3798303,3735321,89.8365757540065,88.3469401946162,60
-7.6926,53.28823,2021/10/17 23:00:00+00,Mon 18 Oct 2021,668,1169,3,3562513,3500032,236461,3798974,3736493,89.852446089346,88.3746600649856,61
-7.6926,53.28823,2021/10/18 23:00:00+00,Tue 19 Oct 2021,1334,1727,10,3563847,3501759,236471,3800318,3738230,89.884234063558,88.4157431834426,62
-7.6926,53.28823,2021/10/19 23:00:00+00,Wed 20 Oct 2021,2240,2255,0,3566087,3504014,236471,3802558,3740485,89.937214020578,88.4690779169605,63
-7.6926,53.28823,2021/10/20 23:00:00+00,Thu 21 Oct 2021,1749,1763,8,3567836,3505777,236479,3804315,3742256,89.9787701743656,88.5109651954795,64
-7.6926,53.28823,2021/10/21 23:00:00+00,Fri 22 Oct 2021,1483,1898,1,3569319,3507675,236480,3805799,3744155,90.0138693958913,88.5558799001139,65
-7.6926,53.28823,2021/10/22 23:00:00+00,Sat 23 Oct 2021,2005,1662,0,3571324,3509337,236480,3807804,3745817,90.0612911877775,88.5951891360814,66
-7.6926,53.28823,2021/10/23 23:00:00+00,Sun 24 Oct 2021,1943,2170,0,3573267,3511507,236480,3809747,3747987,90.1072465701391,88.6465134694445,67
-7.6926,53.28823,2021/10/24 23:00:00+00,Mon 25 Oct 2021,1213,806,0,3574480,3512313,236480,3810960,3748793,90.1359361629361,88.6655767932651,68
-7.6926,53.28823,2021/10/25 23:00:00+00,Tue 26 Oct 2021,1231,1162,5,3575711,3513475,236485,3812196,3749960,90.1651697463632,88.6931784048019,69
-7.6926,53.28823,2021/10/26 23:00:00+00,Wed 27 Oct 2021,1550,1383,4,3577261,3514858,236489,3813750,3751347,90.2019245915458,88.7259834049745,70
-7.6926,53.28823,2021/10/27 23:00:00+00,Thu 28 Oct 2021,2140,1640,2,3579401,3516498,236491,3815892,3752989,90.2525866754462,88.7648196056115,71
-7.6926,53.28823,2021/10/28 23:00:00+00,Fri 29 Oct 2021,2128,1316,0,3581529,3517814,236491,3818020,3754305,90.3029176346152,88.7959453303608,72
-7.6926,53.28823,2021/10/29 23:00:00+00,Sat 30 Oct 2021,1999,1420,0,3583528,3519234,236491,3820019,3755725,90.3501975159023,88.8295308388288,73
-7.6926,53.28823,2021/10/30 23:00:00+00,Sun 31 Oct 2021,1624,1309,0,3585152,3520543,236491,3821643,3757034,90.3886079847418,88.8604910012124,74
-7.6926,53.28823,2021/11/01 00:00:00+00,Mon 01 Nov 2021,254,242,0,3585406,3520785,236491,3821897,3757276,90.3946155334396,88.8662147287119,75
-7.6926,53.28823,2021/11/02 00:00:00+00,Tue 02 Nov 2021,1083,1051,9,3586489,3521836,236500,3822989,3758336,90.4204432624868,88.8912856012303,76
-7.6926,53.28823,2021/11/03 00:00:00+00,Wed 03 Nov 2021,2535,1787,5,3589024,3523623,236505,3825529,3760128,90.4805187494649,88.9336695668463,77
-7.6926,53.28823,2021/11/04 00:00:00+00,Thu 04 Nov 2021,1546,1213,0,3590570,3524836,236505,3827075,3761341,90.5170843805153,88.9623591596433,78
-7.6926,53.28823,2021/11/05 00:00:00+00,Fri 05 Nov 2021,1627,1009,0,3592197,3525845,236505,3828702,3762350,90.5555658046544,88.9862237920688,79
-7.6926,53.28823,2021/11/06 00:00:00+00,Sat 06 Nov 2021,1822,1315,5,3594019,3527160,236510,3830529,3763670,90.5987775820988,89.0174441238842,80
-7.6926,53.28823,2021/11/07 00:00:00+00,Sun 07 Nov 2021,728,764,0,3594747,3527924,236510,3831257,3764434,90.6159960681303,89.0355140735106,81
-7.6926,53.28823,2021/11/08 00:00:00+00,Mon 08 Nov 2021,505,486,1,3595252,3528410,236511,3831763,3764921,90.6279638619929,89.0470324838092,82
-7.6926,53.28823,2021/11/09 00:00:00+00,Tue 09 Nov 2021,1376,989,1,3596628,3529399,236512,3833140,3765911,90.6605323445003,89.0704477326707,83
-7.6926,53.28823,2021/11/10 00:00:00+00,Wed 10 Nov 2021,1599,1281,0,3598227,3530680,236512,3834739,3767192,90.6983515191766,89.1007456455915,84
-7.6926,53.28823,2021/11/11 00:00:00+00,Thu 11 Nov 2021,1398,1043,1,3599625,3531723,236513,3836138,3768236,90.7314403405476,89.1254380898455,85
-7.6926,53.28823,2021/11/12 00:00:00+00,Fri 12 Nov 2021,1147,1065,5,3600772,3532788,236518,3837290,3769306,90.7586871755865,89.1507454800292,86
-7.6926,53.28823,2021/11/13 00:00:00+00,Sat 13 Nov 2021,1411,1325,0,3602183,3534113,236518,3838701,3770631,90.7920598181558,89.1820840706772,87
-7.6926,53.28823,2021/11/14 00:00:00+00,Sun 14 Nov 2021,1649,1797,0,3603832,3535910,236518,3840350,3772428,90.8310615811584,89.2245862951258,88
-7.6926,53.28823,2021/11/15 00:00:00+00,Mon 15 Nov 2021,1248,547,0,3605080,3536457,236518,3841598,3772975,90.8605789857839,89.237523811416,89
-7.6926,53.28823,2021/11/16 00:00:00+00,Tue 16 Nov 2021,1317,1015,4,3606397,3537472,236522,3842919,3773994,90.8918229693657,89.2616249615067,90
-7.6926,53.28823,2021/11/17 00:00:00+00,Wed 17 Nov 2021,1500,1038,0,3607897,3538510,236522,3844419,3775032,90.9273006191559,89.2861754951616,91
-7.6926,53.28823,2021/11/18 00:00:00+00,Thu 18 Nov 2021,1635,2417,5,3609532,3540927,236527,3846059,3777454,90.9660895162599,89.3434600736894,92
-7.6926,53.28823,2021/11/19 00:00:00+00,Fri 19 Nov 2021,1159,1441,0,3610691,3542368,236527,3847218,3778895,90.9935019136644,89.3775422692545,93
-7.6926,53.28823,2021/11/20 00:00:00+00,Sat 20 Nov 2021,1523,2888,10,3612214,3545256,236537,3848751,3781793,91.02976007175,89.4460850886492,94
-7.6926,53.28823,2021/11/21 00:00:00+00,Sun 21 Nov 2021,1782,2746,0,3613996,3548002,236537,3850533,3784539,91.0719075197007,89.5110328395318,95
-7.6926,53.28823,2021/11/22 00:00:00+00,Mon 22 Nov 2021,700,457,2,3614696,3548459,236539,3851235,3784998,91.0885110598025,89.5218890003676,96
-7.6926,53.28823,2021/11/23 00:00:00+00,Tue 23 Nov 2021,2158,1519,4,3616854,3549978,236543,3853397,3786521,91.1396461790335,89.5579106407879,97
-7.6926,53.28823,2021/11/24 00:00:00+00,Wed 24 Nov 2021,1610,3061,0,3618464,3553039,236543,3855007,3789582,91.1777255231416,89.6303086981264,98
-7.6926,53.28823,2021/11/25 00:00:00+00,Thu 25 Nov 2021,987,1094,0,3619451,3554133,236543,3855994,3790676,91.2010698167035,89.6561837307067,99
-7.6926,53.28823,2021/11/26 00:00:00+00,Fri 26 Nov 2021,1265,1036,13,3620716,3555169,236556,3857272,3791725,91.2312967743248,89.6809944337933,100
-7.6926,53.28823,2021/11/27 00:00:00+00,Sat 27 Nov 2021,1226,1503,5,3621942,3556672,236561,3858503,3793233,91.2604120989192,89.7166612977157,101
-7.6926,53.28823,2021/11/28 00:00:00+00,Sun 28 Nov 2021,1975,2239,0,3623917,3558911,236561,3860478,3795472,91.3071243378097,89.7696176029691,102
-7.6926,53.28823,2021/11/29 00:00:00+00,Mon 29 Nov 2021,534,948,1,3624451,3559859,236562,3861013,3796421,91.3197780329015,89.7920631294031,103
-7.6926,53.28823,2021/11/30 00:00:00+00,Tue 30 Nov 2021,1918,1568,6,3626369,3561427,236568,3862937,3797995,91.365284031699,89.8292910099162,104
-7.6926,53.28823,2021/12/01 00:00:00+00,Wed 01 Dec 2021,1116,1294,1,3627485,3562721,236569,3864054,3799290,91.3917030549095,89.8599200475684,105
-7.6926,53.28823,2021/12/02 00:00:00+00,Thu 02 Dec 2021,1753,1326,1,3629238,3564047,236570,3865808,3800617,91.4331882533975,89.8913059417495,106
-7.6926,53.28823,2021/12/03 00:00:00+00,Fri 03 Dec 2021,1005,1098,4,3630243,3565145,236574,3866817,3801719,91.457052885823,89.917370188462,107
-7.6926,53.28823,2021/12/04 00:00:00+00,Sat 04 Dec 2021,1190,1650,0,3631433,3566795,236574,3868007,3803369,91.4851984879899,89.9563956032312,108
-7.6926,53.28823,2021/12/05 00:00:00+00,Sun 05 Dec 2021,1352,1760,0,3632785,3568555,236574,3869359,3805129,91.5171756763341,89.9980227123184,109
-7.6926,53.28823,2021/12/06 00:00:00+00,Mon 06 Dec 2021,910,1223,0,3633695,3569778,236574,3870269,3806352,91.5386987838735,90.0269488227806,110
-7.6926,53.28823,2021/12/07 00:00:00+00,Tue 07 Dec 2021,463,666,1,3634158,3570444,236575,3870733,3807019,91.5496732035419,90.042724551054,111
-7.6926,53.28823,2021/12/08 00:00:00+00,Wed 08 Dec 2021,788,1369,0,3634946,3571813,236575,3871521,3808388,91.568310795565,90.0751038194292,112
-7.6926,53.28823,2021/12/09 00:00:00+00,Thu 09 Dec 2021,724,1085,0,3635670,3572898,236575,3872245,3809473,91.5854346745304,90.1007659861107,113
-7.6926,53.28823,2021/12/10 00:00:00+00,Fri 10 Dec 2021,807,1447,1,3636477,3574345,236576,3873053,3810921,91.6045453018841,90.1350137440415,114
-7.6926,53.28823,2021/12/11 00:00:00+00,Sat 11 Dec 2021,593,794,0,3637070,3575139,236576,3873646,3811715,91.6185707994344,90.1537932466638,115
-7.6926,53.28823,2021/12/12 00:00:00+00,Sun 12 Dec 2021,680,1173,0,3637750,3576312,236576,3874326,3812888,91.6346540006727,90.1815367687997,116
-7.6926,53.28823,2021/12/13 00:00:00+00,Mon 13 Dec 2021,648,920,0,3638398,3577232,236576,3874974,3813808,91.649980345382,90.2032963940044,117
-7.6926,53.28823,2021/04/23 23:00:00+00,Sat 24 Apr 2021,23540,6929,0,1029140,427834,62,1029202,427896,24.3424454129054,10.1204962897474,118
-7.6926,53.28823,2021/04/24 23:00:00+00,Sun 25 Apr 2021,9664,247,1,1038804,428081,63,1038867,428144,24.5710397363869,10.126361927846,119
-7.6926,53.28823,2021/04/25 23:00:00+00,Mon 26 Apr 2021,15443,2970,1,1054247,431051,64,1054311,431115,24.9363176186266,10.1966313261971,120
-7.6926,53.28823,2021/04/26 23:00:00+00,Tue 27 Apr 2021,25760,7725,2,1080007,438776,66,1080073,438842,25.5456344278898,10.3793885261496,121
-7.6926,53.28823,2021/04/27 23:00:00+00,Wed 28 Apr 2021,25890,8508,1,1105897,447284,67,1105964,447351,26.1580023150349,10.5806414075261,122
-7.6926,53.28823,2021/04/28 23:00:00+00,Thu 29 Apr 2021,31554,11236,0,1137451,458520,67,1137518,458587,26.9043101560212,10.8463926562211,123
-7.6926,53.28823,2021/04/29 23:00:00+00,Fri 30 Apr 2021,35937,13452,0,1173388,471972,67,1173455,472039,27.7542836896945,11.1645562195395,124
-7.6926,53.28823,2021/04/30 23:00:00+00,Sat 01 May 2021,16395,6614,0,1189783,478586,67,1189850,478653,28.1420544019012,11.3209890033477,125
-7.6926,53.28823,2021/05/01 23:00:00+00,Sun 02 May 2021,12314,863,1,1202097,479449,68,1202165,479517,28.4333259066786,11.3414241296268,126
-7.6926,53.28823,2021/05/02 23:00:00+00,Mon 03 May 2021,14106,853,3,1216203,480302,71,1216274,480373,28.7670286806051,11.3616700417737,127
-7.6926,53.28823,2021/05/03 23:00:00+00,Tue 04 May 2021,26451,6695,1,1242654,486997,72,1242726,487069,29.3926652087718,11.5200422704371,128
-7.6926,53.28823,2021/05/04 23:00:00+00,Wed 05 May 2021,31872,13333,63,1274526,500330,135,1274661,500465,30.1479843728048,11.83688133483,129
-7.6926,53.28823,2021/05/05 23:00:00+00,Thu 06 May 2021,37081,14277,119,1311607,514607,254,1311861,514861,31.0278300876014,12.1773721657497,130
-7.6926,53.28823,2021/05/06 23:00:00+00,Fri 07 May 2021,40374,14968,81,1351981,529575,335,1352316,529910,31.9846623024427,12.5333076002114,131
-7.6926,53.28823,2021/05/07 23:00:00+00,Sat 08 May 2021,25409,6963,2,1377390,536538,337,1377727,536875,32.585677341655,12.6980421540704,132
-7.6926,53.28823,2021/05/08 23:00:00+00,Sun 09 May 2021,19550,871,0,1396940,537409,337,1397277,537746,33.0480693772537,12.7186428427153,133
-7.6926,53.28823,2021/05/09 23:00:00+00,Mon 10 May 2021,28611,4534,158,1425551,541943,495,1426046,542438,33.7285070484629,12.829616931259,134
-7.6926,53.28823,2021/05/10 23:00:00+00,Tue 11 May 2021,34128,14726,145,1459679,556669,640,1460319,557309,34.5391240426356,13.1813423512789,135
-7.6926,53.28823,2021/05/11 23:00:00+00,Wed 12 May 2021,31041,20819,147,1490720,577488,787,1491507,578275,35.2767753370732,13.6772252882796,136
-7.6926,53.28823,2021/05/12 23:00:00+00,Thu 13 May 2021,35771,25386,135,1526491,602874,922,1527413,603796,36.1260156659841,14.2808420218098,137
-7.6926,53.28823,2021/05/13 23:00:00+00,Fri 14 May 2021,37979,27862,221,1564470,630736,1143,1565613,631879,37.0295131473075,14.9450545811816,138
-7.6926,53.28823,2021/05/14 23:00:00+00,Sat 15 May 2021,28620,12354,3,1593090,643090,1146,1594236,644236,37.7064976606038,15.2373194601532,139
-7.6926,53.28823,2021/05/15 23:00:00+00,Sun 16 May 2021,23011,1111,1,1616101,644201,1147,1617248,645348,38.2507721119183,15.2636202245309,140
-7.6926,53.28823,2021/05/16 23:00:00+00,Mon 17 May 2021,35189,3866,103,1651290,648067,1250,1652540,649317,39.0854902561817,15.3574940858758,141
-7.6926,53.28823,2021/05/17 23:00:00+00,Tue 18 May 2021,38805,12377,111,1690095,660444,1361,1691456,661805,40.0059224023383,15.6528573462623,142
-7.6926,53.28823,2021/05/18 23:00:00+00,Wed 19 May 2021,36772,17491,194,1726867,677935,1555,1728422,679490,40.8802336037676,16.0711388372886,143
-7.6926,53.28823,2021/05/19 23:00:00+00,Thu 20 May 2021,38846,19551,108,1765713,697486,1663,1767376,699149,41.8015645170522,16.5361089154388,144
-7.6926,53.28823,2021/05/20 23:00:00+00,Fri 21 May 2021,25588,23109,14908,1791301,720595,16571,1807872,737166,42.7593664543211,17.4352781234878,145
-7.6926,53.28823,2021/05/21 23:00:00+00,Sat 22 May 2021,16385,10162,13490,1807686,730757,30061,1837747,760818,43.465962979309,17.9946897053794,146
-7.6926,53.28823,2021/05/22 23:00:00+00,Sun 23 May 2021,8064,5477,10191,1815750,736234,40252,1856002,776486,43.8977259772555,18.3652655833212,147
-7.6926,53.28823,2021/05/23 23:00:00+00,Mon 24 May 2021,22305,8100,8426,1838055,744334,48678,1886733,793012,44.6245684143903,18.7561346769429,148
-7.6926,53.28823,2021/05/24 23:00:00+00,Tue 25 May 2021,30055,16369,3206,1868110,760703,51884,1919994,812587,45.4112498208379,19.2191180067048,149
-7.6926,53.28823,2021/05/25 23:00:00+00,Wed 26 May 2021,19675,25302,3029,1887785,786005,54913,1942698,840918,45.9482395280621,19.8891962041753,150
-7.6926,53.28823,2021/05/26 23:00:00+00,Thu 27 May 2021,16735,35858,540,1904520,821863,55453,1959973,877316,46.3568237948124,20.7500732022174,151
-7.6926,53.28823,2021/05/27 23:00:00+00,Fri 28 May 2021,26751,31710,1515,1931271,853573,56968,1988239,910541,47.0253646274587,21.53590314507,152
-7.6926,53.28823,2021/05/28 23:00:00+00,Sat 29 May 2021,24252,7313,494,1955523,860886,57462,2012985,918348,47.6106512419306,21.7205524863447,153
-7.6926,53.28823,2021/05/29 23:00:00+00,Sun 30 May 2021,24073,1611,183,1979596,862497,57645,2037241,920142,48.1843484908044,21.7629837554937,154
-7.6926,53.28823,2021/05/30 23:00:00+00,Mon 31 May 2021,22278,7226,3410,2001874,869723,61055,2062929,930778,48.7919150693446,22.0145439442727,155
-7.6926,53.28823,2021/05/31 23:00:00+00,Tue 01 Jun 2021,27169,11366,3617,2029043,881089,64672,2093715,945761,49.5200583536384,22.3689183621435,156
-7.6926,53.28823,2021/06/01 23:00:00+00,Wed 02 Jun 2021,18368,20761,3971,2047411,901850,68643,2116054,970493,50.0484151660803,22.9538738518841,157
-7.6926,53.28823,2021/06/02 23:00:00+00,Thu 03 Jun 2021,16433,30555,1951,2063844,932405,70594,2134438,1002999,50.4832292419088,23.722698174604,158
-7.6926,53.28823,2021/06/03 23:00:00+00,Fri 04 Jun 2021,28748,23202,117,2092592,955607,70711,2163303,1026318,51.1659374827046,24.2742337182422,159
-7.6926,53.28823,2021/06/04 23:00:00+00,Sat 05 Jun 2021,20682,11359,2,2113274,966966,70713,2183987,1037679,51.6551506215448,24.542941437753,160
-7.6926,53.28823,2021/06/05 23:00:00+00,Sun 06 Jun 2021,19734,3804,8,2133008,970770,70721,2203729,1041491,52.1220837963167,24.6331019717532,161
-7.6926,53.28823,2021/06/06 23:00:00+00,Mon 07 Jun 2021,19527,4407,2,2152535,975177,70723,2223258,1045900,52.5839791448184,24.7373826103698,162
-7.6926,53.28823,2021/06/07 23:00:00+00,Tue 08 Jun 2021,26265,18371,13,2178800,993548,70736,2249536,1064284,53.2055002656093,25.1721966861983,163
-7.6926,53.28823,2021/06/08 23:00:00+00,Wed 09 Jun 2021,32580,19934,141,2211380,1013482,70877,2282257,1084359,53.9794097181324,25.6470058992236,164
-7.6926,53.28823,2021/06/09 23:00:00+00,Thu 10 Jun 2021,27406,27311,234,2238786,1040793,71111,2309897,1111904,54.6331445449329,26.298493808204,165
-7.6926,53.28823,2021/06/10 23:00:00+00,Fri 11 Jun 2021,26186,32722,4,2264972,1073515,71115,2336087,1144630,55.2525843102695,27.0725215195598,166
-7.6926,53.28823,2021/06/11 23:00:00+00,Sat 12 Jun 2021,11950,19561,75,2276922,1093076,71190,2348112,1164266,55.5369968027542,27.5369476070798,167
-7.6926,53.28823,2021/06/12 23:00:00+00,Sun 13 Jun 2021,8398,18067,807,2285320,1111143,71997,2357317,1183140,55.7547113136333,27.9833510485065,168
-7.6926,53.28823,2021/06/13 23:00:00+00,Mon 14 Jun 2021,15771,31092,10,2301091,1142235,72007,2373098,1214242,56.1279598411926,28.7189682910227,169
-7.6926,53.28823,2021/06/14 23:00:00+00,Tue 15 Jun 2021,14419,41297,178,2315510,1183532,72185,2387695,1255717,56.4732046771841,29.6999253077213,170
-7.6926,53.28823,2021/06/15 23:00:00+00,Wed 16 Jun 2021,13150,48106,190,2328660,1231638,72375,2401035,1304013,56.7887192426515,30.8422110238992,171
-7.6926,53.28823,2021/06/16 23:00:00+00,Thu 17 Jun 2021,21280,42431,497,2349940,1274069,72872,2422812,1346941,57.3037837623054,31.8575340573612,172
-7.6926,53.28823,2021/06/17 23:00:00+00,Fri 18 Jun 2021,11804,49819,521,2361744,1323888,73393,2435137,1397281,57.5952917847481,33.0481639843198,173
-7.6926,53.28823,2021/06/18 23:00:00+00,Sat 19 Jun 2021,6072,32609,400,2367816,1356497,73793,2441609,1430290,57.7483660177095,33.8288851456026,174
-7.6926,53.28823,2021/06/19 23:00:00+00,Sun 20 Jun 2021,8342,26011,158,2376158,1382508,73951,2450109,1456459,57.9494060331872,34.4478282238422,175
-7.6926,53.28823,2021/06/20 23:00:00+00,Mon 21 Jun 2021,15213,32111,533,2391371,1414619,74484,2465855,1489103,58.321826748918,35.2199164903427,176
-7.6926,53.28823,2021/06/21 23:00:00+00,Tue 22 Jun 2021,14882,43309,686,2406253,1457928,75170,2481423,1533098,58.6900374502071,36.2604759586889,177
-7.6926,53.28823,2021/06/22 23:00:00+00,Wed 23 Jun 2021,19798,39118,849,2426051,1497046,76019,2502070,1573065,59.1783754736858,37.2057661114651,178
-7.6926,53.28823,2021/06/23 23:00:00+00,Thu 24 Jun 2021,18783,43999,999,2444834,1541045,77018,2521852,1618063,59.6462547191187,38.2700483016376,179
-7.6926,53.28823,2021/06/24 23:00:00+00,Fri 25 Jun 2021,14924,49874,786,2459758,1590919,77804,2537562,1668723,60.0178239712546,39.4682467938848,180
-7.6926,53.28823,2021/06/25 23:00:00+00,Sat 26 Jun 2021,8801,30306,452,2468559,1621225,78256,2546815,1699481,60.236673766927,40.1957278287158,181
-7.6926,53.28823,2021/06/26 23:00:00+00,Sun 27 Jun 2021,8567,30291,32,2477126,1651516,78288,2555414,1729804,60.4400553072908,40.9129203451077,182
-7.6926,53.28823,2021/06/27 23:00:00+00,Mon 28 Jun 2021,23993,24379,452,2501119,1675895,78740,2579859,1754635,61.0182227400382,41.5002173597344,183
-7.6926,53.28823,2021/06/28 23:00:00+00,Tue 29 Jun 2021,27856,30718,755,2528975,1706613,79495,2608470,1786108,61.6949234321362,42.244609407632,184
-7.6926,53.28823,2021/06/29 23:00:00+00,Wed 30 Jun 2021,22253,36526,530,2551228,1743139,80025,2631253,1823164,62.2337816289161,43.1210492680488,185
-7.6926,53.28823,2021/06/30 23:00:00+00,Thu 01 Jul 2021,14590,48062,584,2565818,1791201,80609,2646427,1871810,62.5926735341936,44.271613102511,186
-7.6926,53.28823,2021/07/01 23:00:00+00,Fri 02 Jul 2021,13346,46981,768,2579164,1838182,81377,2660541,1919559,62.9264945669527,45.4009613023987,187
-7.6926,53.28823,2021/07/02 23:00:00+00,Sat 03 Jul 2021,9095,30179,456,2588259,1868361,81833,2670092,1950194,63.1523925890501,46.1255331699469,188
-7.6926,53.28823,2021/07/03 23:00:00+00,Sun 04 Jul 2021,6281,27634,196,2594540,1895995,82029,2676569,1978024,63.3055850808441,46.7837618323875,189
-7.6926,53.28823,2021/07/04 23:00:00+00,Mon 05 Jul 2021,15232,33071,5301,2609772,1929066,87330,2697102,2016396,63.7912268029387,47.6913274175535,190
-7.6926,53.28823,2021/07/05 23:00:00+00,Tue 06 Jul 2021,12115,48082,5435,2621887,1977148,92765,2714652,2069913,64.2063153054839,48.9570990067677,191
-7.6926,53.28823,2021/07/06 23:00:00+00,Wed 07 Jul 2021,19415,43400,4988,2641302,2020548,97753,2739055,2118301,64.7834893640371,50.101560685466,192
-7.6926,53.28823,2021/07/07 23:00:00+00,Thu 08 Jul 2021,17528,45288,5942,2658830,2065836,103695,2762525,2169531,65.3385963244209,51.3132406846335,193
-7.6926,53.28823,2021/07/08 23:00:00+00,Fri 09 Jul 2021,13285,44780,6491,2672115,2110616,110186,2782301,2220802,65.8063336592547,52.5258904062285,194
-7.6926,53.28823,2021/07/09 23:00:00+00,Sat 10 Jul 2021,8416,23572,4316,2680531,2134188,114502,2795033,2248690,66.1074679506738,53.1854908711277,195
-7.6926,53.28823,2021/07/10 23:00:00+00,Sun 11 Jul 2021,15094,15941,2129,2695625,2150129,116631,2812256,2266760,66.5148223255647,53.6128782922668,196
-7.6926,53.28823,2021/07/11 23:00:00+00,Mon 12 Jul 2021,16918,31411,6036,2712543,2181540,122667,2835210,2304207,67.0577249744206,54.4985659933955,197
-7.6926,53.28823,2021/07/12 23:00:00+00,Tue 13 Jul 2021,19883,36197,8444,2732426,2217737,131111,2863537,2348848,67.727708564825,55.5544045029179,198
-7.6926,53.28823,2021/07/13 23:00:00+00,Wed 14 Jul 2021,20583,35315,9282,2753009,2253052,140393,2893402,2393445,68.4340685721476,56.6092023347132,199
-7.6926,53.28823,2021/07/14 23:00:00+00,Thu 15 Jul 2021,23396,28468,9524,2776405,2281520,149917,2926322,2431437,69.2126847262095,57.507780248599,200
-7.6926,53.28823,2021/07/15 23:00:00+00,Fri 16 Jul 2021,23345,27031,9116,2799750,2308551,159033,2958783,2467584,69.9804447194357,58.3627206532429,201
-7.6926,53.28823,2021/07/16 23:00:00+00,Sat 17 Jul 2021,11355,19121,4631,2811105,2327672,163664,2974769,2491336,70.3585418591329,58.9244974117872,202
-7.6926,53.28823,2021/07/17 23:00:00+00,Sun 18 Jul 2021,16738,15594,1908,2827843,2343266,165572,2993415,2508838,70.7995526977914,59.3384506295391,203
-7.6926,53.28823,2021/07/18 23:00:00+00,Mon 19 Jul 2021,24663,18062,6189,2852506,2361328,171761,3024267,2533089,71.529256998676,59.9120296195803,204
-7.6926,53.28823,2021/07/19 23:00:00+00,Tue 20 Jul 2021,30375,17753,7652,2882881,2379081,179413,3062294,2558494,72.4286627243902,60.5129027481934,205
-7.6926,53.28823,2021/07/20 23:00:00+00,Wed 21 Jul 2021,30095,19464,6831,2912976,2398545,186244,3099220,2584789,73.3020278551585,61.1348259490153,206
-7.6926,53.28823,2021/07/21 23:00:00+00,Thu 22 Jul 2021,33322,15549,6876,2946298,2414094,193120,3139418,2607214,74.2527815660024,61.6652168133786,207
-7.6926,53.28823,2021/07/22 23:00:00+00,Fri 23 Jul 2021,26904,20444,5548,2973202,2434538,198668,3171870,2633206,75.0203286933298,62.2799735289429,208
-7.6926,53.28823,2021/07/23 23:00:00+00,Sat 24 Jul 2021,15308,14494,2232,2988510,2449032,200900,3189410,2649932,75.4351806782097,62.67557297587,209
-7.6926,53.28823,2021/07/24 23:00:00+00,Sun 25 Jul 2021,14626,13457,1016,3003136,2462489,201916,3205052,2664405,75.8051416102217,63.0178849928122,210
-7.6926,53.28823,2021/07/25 23:00:00+00,Mon 26 Jul 2021,23674,17817,3370,3026810,2480306,205286,3232096,2685592,76.4447799841722,63.5189949702153,211
-7.6926,53.28823,2021/07/26 23:00:00+00,Tue 27 Jul 2021,25293,23444,3609,3052103,2503750,208895,3260998,2712645,77.1283633403295,64.1588462100646,212
-7.6926,53.28823,2021/07/27 23:00:00+00,Wed 28 Jul 2021,23260,24906,3225,3075363,2528656,212120,3287483,2740776,77.7547803767916,64.8241940542297,213
-7.6926,53.28823,2021/07/28 23:00:00+00,Thu 29 Jul 2021,19116,27500,2920,3094479,2556156,215040,3309519,2771196,78.2759707039759,65.5436807919747,214
-7.6926,53.28823,2021/07/29 23:00:00+00,Fri 30 Jul 2021,21769,22546,2080,3116248,2578702,217120,3333368,2795822,78.8400416838733,66.1261291944634,215
-7.6926,53.28823,2021/07/30 23:00:00+00,Sat 31 Jul 2021,13624,12184,883,3129872,2590886,218003,3347875,2808889,79.1831578608775,66.435186827669,216
-7.6926,53.28823,2021/07/31 23:00:00+00,Sun 01 Aug 2021,10977,9135,355,3140849,2600021,218358,3359207,2818379,79.4511796791591,66.6596420920082,217
-7.6926,53.28823,2021/08/01 23:00:00+00,Mon 02 Aug 2021,14874,15631,394,3155723,2615652,218752,3374475,2834404,79.8122948504901,67.0386616506,218
-7.6926,53.28823,2021/08/02 23:00:00+00,Tue 03 Aug 2021,17192,25092,1084,3172915,2640744,219836,3392751,2860580,80.2445545355337,67.6577702912053,219
-7.6926,53.28823,2021/08/03 23:00:00+00,Wed 04 Aug 2021,21945,16930,1555,3194860,2657674,221391,3416251,2879065,80.8003710489133,68.094973195453,220
-7.6926,53.28823,2021/08/04 23:00:00+00,Thu 05 Aug 2021,13372,29706,1401,3208232,2687380,222792,3431024,2910172,81.1497785958135,68.8307086968018,221
-7.6926,53.28823,2021/08/05 23:00:00+00,Fri 06 Aug 2021,12032,24421,923,3220264,2711801,223715,3443979,2935516,81.4561872311681,69.4301390676568,222
-7.6926,53.28823,2021/08/06 23:00:00+00,Sat 07 Aug 2021,6252,8196,560,3226516,2719997,224275,3450791,2944272,81.6173030647486,69.6372339353654,223
-7.6926,53.28823,2021/08/07 23:00:00+00,Sun 08 Aug 2021,8546,11787,140,3235062,2731784,224415,3459477,2956199,81.8227423088003,69.9193285547304,224
-7.6926,53.28823,2021/08/08 23:00:00+00,Mon 09 Aug 2021,5439,22698,584,3240501,2754482,224999,3465500,2979481,81.9651968985912,70.4699889830071,225
-7.6926,53.28823,2021/08/09 23:00:00+00,Tue 10 Aug 2021,9205,25663,686,3249706,2780145,225685,3475391,3005830,82.1991365213076,71.0931893792215,226
-7.6926,53.28823,2021/08/10 23:00:00+00,Wed 11 Aug 2021,6906,30903,633,3256612,2811048,226318,3482930,3037366,82.3774471891531,71.8390714884104,227
-7.6926,53.28823,2021/08/11 23:00:00+00,Thu 12 Aug 2021,6635,37982,849,3263247,2849030,227167,3490414,3076197,82.5544570098396,72.7574932344122,228
-7.6926,53.28823,2021/08/12 23:00:00+00,Fri 13 Aug 2021,10804,27927,843,3274051,2876957,228010,3502061,3104967,82.8299291345771,73.4379545573879,229
-7.6926,53.28823,2021/08/13 23:00:00+00,Sat 14 Aug 2021,18043,5643,267,3292094,2882600,228277,3520371,3110877,83.2629929796827,73.5777364975613,230
-7.6926,53.28823,2021/08/14 23:00:00+00,Sun 15 Aug 2021,16955,3606,39,3309049,2886206,228316,3537365,3114522,83.6649311000389,73.6639471865514,231
-7.6926,53.28823,2021/08/15 23:00:00+00,Mon 16 Aug 2021,10101,22875,350,3319150,2909081,228666,3547816,3137747,83.9121157120104,74.2132594641361,232
-7.6926,53.28823,2021/08/16 23:00:00+00,Tue 17 Aug 2021,12775,26611,511,3331925,2935692,229177,3561102,3164869,84.2263530820854,74.8547426758757,233
-7.6926,53.28823,2021/08/17 23:00:00+00,Wed 18 Aug 2021,15139,25518,645,3347064,2961210,229822,3576886,3191032,84.5996725649442,75.4735438435161,234
-7.6926,53.28823,2020/12/28 00:00:00+00,Mon 28 Dec 2020,120,9,5,120,9,5,125,14,0.00295647081584876,0.000331124731375062,235
-7.6926,53.28823,2020/12/29 00:00:00+00,Tue 29 Dec 2020,68,1,0,188,10,5,193,15,0.00456479093967049,0.000354776497901852,236
-7.6926,53.28823,2020/12/30 00:00:00+00,Wed 30 Dec 2020,1047,0,0,1235,10,5,1240,15,0.0293281904932197,0.000354776497901852,237
-7.6926,53.28823,2020/12/31 00:00:00+00,Thu 31 Dec 2020,1022,1,0,2257,11,5,2262,16,0.0535002958835993,0.000378428264428642,238
-7.6926,53.28823,2021/01/01 00:00:00+00,Fri 01 Jan 2021,794,0,0,3051,11,5,3056,16,0.0722797985058706,0.000378428264428642,239
-7.6926,53.28823,2021/01/02 00:00:00+00,Sat 02 Jan 2021,1010,0,0,4061,11,5,4066,16,0.0961680826979286,0.000378428264428642,240
-7.6926,53.28823,2021/01/03 00:00:00+00,Sun 03 Jan 2021,15,0,0,4076,11,5,4081,16,0.0965228591958305,0.000378428264428642,241
-7.6926,53.28823,2021/01/04 00:00:00+00,Mon 04 Jan 2021,1170,2,0,5246,13,5,5251,18,0.124195426032175,0.000425731797482222,242
-7.6926,53.28823,2021/01/05 00:00:00+00,Tue 05 Jan 2021,3495,3,0,8741,16,5,8746,21,0.206858350043306,0.000496687097062593,243
-7.6926,53.28823,2021/01/06 00:00:00+00,Wed 06 Jan 2021,6741,2,0,15482,18,5,15487,23,0.366294908200399,0.000543990630116173,244
-7.6926,53.28823,2021/01/07 00:00:00+00,Thu 07 Jan 2021,11701,3,0,27183,21,5,27188,26,0.64304422833037,0.000614945929696543,245
-7.6926,53.28823,2021/01/08 00:00:00+00,Fri 08 Jan 2021,12652,2,0,39835,23,5,39840,28,0.942286378427318,0.000662249462750123,246
-7.6926,53.28823,2021/01/09 00:00:00+00,Sat 09 Jan 2021,8058,2,0,47893,25,5,47898,30,1.13287231310019,0.000709552995803704,247
-7.6926,53.28823,2021/01/10 00:00:00+00,Sun 10 Jan 2021,4754,1,1,52647,26,6,52653,32,1.24533646293508,0.000756856528857284,248
-7.6926,53.28823,2021/01/11 00:00:00+00,Mon 11 Jan 2021,8315,3,0,60962,29,6,60968,35,1.44200090160534,0.000827811828437654,249
-7.6926,53.28823,2021/01/12 00:00:00+00,Tue 12 Jan 2021,8843,4,0,69805,33,6,69811,39,1.65115347300174,0.000922418894544815,250
-7.6926,53.28823,2021/01/13 00:00:00+00,Wed 13 Jan 2021,9845,2,0,79650,35,6,79656,41,1.88400511445799,0.000969722427598395,251
-7.6926,53.28823,2021/01/14 00:00:00+00,Thu 14 Jan 2021,8039,2,0,87689,37,6,87695,43,2.07414166556686,0.00101702596065198,252
-7.6926,53.28823,2021/01/15 00:00:00+00,Fri 15 Jan 2021,7638,2,0,95327,39,6,95333,45,2.25479385829848,0.00106432949370556,253
-7.6926,53.28823,2021/01/16 00:00:00+00,Sat 16 Jan 2021,5202,2,0,100529,41,6,100535,47,2.37783034777084,0.00111163302675914,254
-7.6926,53.28823,2021/01/17 00:00:00+00,Sun 17 Jan 2021,1095,3,0,101624,44,6,101630,50,2.40372903211768,0.00118258832633951,255
-7.6926,53.28823,2021/01/18 00:00:00+00,Mon 18 Jan 2021,8665,4,0,110289,48,6,110295,54,2.60867158907232,0.00127719539244667,256
-7.6926,53.28823,2021/01/19 00:00:00+00,Tue 19 Jan 2021,8346,15,0,118635,63,6,118641,69,2.80606923250491,0.00163197189034852,257
-7.6926,53.28823,2021/01/20 00:00:00+00,Wed 20 Jan 2021,8416,955,0,127051,1018,6,127057,1024,3.00512249959437,0.0242194089234331,258
-7.6926,53.28823,2021/01/21 00:00:00+00,Thu 21 Jan 2021,8946,955,0,135997,1973,6,136003,1979,3.21671120294304,0.0468068459565176,259
-7.6926,53.28823,2021/01/22 00:00:00+00,Fri 22 Jan 2021,6721,961,0,142718,2934,6,142724,2940,3.37567472576959,0.069536193588763,260
-7.6926,53.28823,2021/01/23 00:00:00+00,Sat 23 Jan 2021,4150,456,0,146868,3390,6,146874,3396,3.47382955685577,0.0803213991249792,261
-7.6926,53.28823,2021/01/24 00:00:00+00,Sun 24 Jan 2021,1162,393,0,148030,3783,6,148036,3789,3.5013129095599,0.0896165433700078,262
-7.6926,53.28823,2021/01/25 00:00:00+00,Mon 25 Jan 2021,1323,1281,0,149353,5064,6,149359,5070,3.53260419667485,0.119914456290826,263
-7.6926,53.28823,2021/01/26 00:00:00+00,Tue 26 Jan 2021,977,3492,0,150330,8556,6,150336,8562,3.55571197257152,0.202506425002377,264
-7.6926,53.28823,2021/01/27 00:00:00+00,Wed 27 Jan 2021,2136,6691,0,152466,15247,6,152472,15253,3.60623214587274,0.36076039483313,265
-7.6926,53.28823,2021/01/28 00:00:00+00,Thu 28 Jan 2021,942,11537,0,153408,26784,6,153414,26790,3.62851210994098,0.633630825252707,266
-7.6926,53.28823,2021/01/29 00:00:00+00,Fri 29 Jan 2021,1530,11517,0,154938,38301,6,154944,38307,3.66469931272697,0.906028220341749,267
-7.6926,53.28823,2021/01/30 00:00:00+00,Sat 30 Jan 2021,597,7792,0,155535,46093,6,155541,46099,3.67881941734346,1.0903227851185,268
-7.6926,53.28823,2021/01/31 00:00:00+00,Sun 31 Jan 2021,204,4079,0,155739,50172,6,155745,50178,3.68364437771493,1.18679834078127,269
-7.6926,53.28823,2021/02/01 00:00:00+00,Mon 01 Feb 2021,970,8328,0,156709,58500,6,156715,58506,3.70658659124591,1.38377025241638,270
-7.6926,53.28823,2021/02/02 00:00:00+00,Tue 02 Feb 2021,784,5093,0,157493,63593,6,157499,63599,3.72512957620292,1.50422869933732,271
-7.6926,53.28823,2021/02/03 00:00:00+00,Wed 03 Feb 2021,1356,6855,0,158849,70448,6,158855,70454,3.75720137161324,1.66636155887847,272
-7.6926,53.28823,2021/02/04 00:00:00+00,Thu 04 Feb 2021,1381,10527,0,160230,80975,6,160236,80981,3.78986446118674,1.91534370510599,273
-7.6926,53.28823,2021/02/05 00:00:00+00,Fri 05 Feb 2021,3354,8597,0,163584,89572,6,163590,89578,3.8691924861176,2.11867794193681,274
-7.6926,53.28823,2021/02/06 00:00:00+00,Sat 06 Feb 2021,870,3860,0,164454,93432,6,164460,93438,3.8897695229959,2.20997376073022,275
-7.6926,53.28823,2021/02/07 00:00:00+00,Sun 07 Feb 2021,303,1290,0,164757,94722,6,164763,94728,3.89693600825352,2.24048453954977,276
-7.6926,53.28823,2021/02/08 00:00:00+00,Mon 08 Feb 2021,1122,868,0,165879,95590,6,165885,95596,3.92347329029658,2.26101427289503,277
-7.6926,53.28823,2021/02/09 00:00:00+00,Tue 09 Feb 2021,4189,527,0,170068,96117,6,170074,96123,4.0225505402773,2.27347875385465,278
-7.6926,53.28823,2021/02/10 00:00:00+00,Wed 10 Feb 2021,8785,572,0,178853,96689,6,178859,96695,4.23033130921515,2.28700756430797,279
-7.6926,53.28823,2021/02/11 00:00:00+00,Thu 11 Feb 2021,6126,429,0,184979,97118,6,184985,97124,4.37522203095827,2.29715417214796,280
-7.6926,53.28823,2021/02/12 00:00:00+00,Fri 12 Feb 2021,4351,514,0,189330,97632,6,189336,97638,4.47813086711633,2.30931118014273,281
-7.6926,53.28823,2021/02/13 00:00:00+00,Sat 13 Feb 2021,1178,1908,0,190508,99540,6,190514,99546,4.50599264808489,2.35443875067585,282
-7.6926,53.28823,2021/02/14 00:00:00+00,Sun 14 Feb 2021,2670,16,0,193178,99556,6,193184,99562,4.56914286471142,2.35481717894028,283
-7.6926,53.28823,2021/02/15 00:00:00+00,Mon 15 Feb 2021,1919,7860,0,195097,107416,6,195103,107422,4.61453060467633,2.54072006384085,284
-7.6926,53.28823,2021/02/16 00:00:00+00,Tue 16 Feb 2021,5590,8139,0,200687,115555,6,200693,115561,4.74674397956109,2.73322179160239,285
-7.6926,53.28823,2021/02/17 00:00:00+00,Wed 17 Feb 2021,9694,8455,0,210381,124010,6,210387,124016,4.97602420427179,2.9331974775864,286
-7.6926,53.28823,2021/02/18 00:00:00+00,Thu 18 Feb 2021,8420,8321,0,218801,132331,6,218807,132337,5.17517207842737,3.13000382685582,287
-7.6926,53.28823,2021/02/19 00:00:00+00,Fri 19 Feb 2021,9357,6561,0,228158,138892,6,228164,138898,5.39648165781854,3.28518306703809,288
-7.6926,53.28823,2021/02/20 00:00:00+00,Sat 20 Feb 2021,5850,3557,1,234008,142449,7,234015,142456,5.53486814376679,3.36933605234041,289
-7.6926,53.28823,2021/02/21 00:00:00+00,Sun 21 Feb 2021,1079,1016,4,235087,143465,11,235098,143476,5.5604830069153,3.39346085419774,290
-7.6926,53.28823,2021/02/22 00:00:00+00,Mon 22 Feb 2021,3904,1096,1,238991,144561,12,239003,144573,5.65284315520242,3.41940684207763,291
-7.6926,53.28823,2021/02/23 00:00:00+00,Tue 23 Feb 2021,13316,1051,0,252307,145612,12,252319,145624,5.96779007827316,3.44426484869728,292
-7.6926,53.28823,2021/02/24 00:00:00+00,Wed 24 Feb 2021,16871,2078,2,269178,147690,14,269192,147704,6.36686633487969,3.49346052307301,293
-7.6926,53.28823,2021/02/25 00:00:00+00,Thu 25 Feb 2021,17996,1733,1,287174,149423,15,287189,149438,6.79252717706233,3.53447268623046,294
-7.6926,53.28823,2021/02/26 00:00:00+00,Fri 26 Feb 2021,16027,2740,0,303201,152163,15,303216,152178,7.17159403918719,3.59927852651387,295
-7.6926,53.28823,2021/02/27 00:00:00+00,Sat 27 Feb 2021,8933,696,1,312134,152859,16,312150,152875,7.38289892133754,3.61576380778304,296
-7.6926,53.28823,2021/02/28 00:00:00+00,Sun 28 Feb 2021,2412,45,1,314546,152904,17,314563,152921,7.43997063396668,3.61685178904327,297
-7.6926,53.28823,2021/03/01 00:00:00+00,Mon 01 Mar 2021,5525,773,0,320071,153677,17,320088,153694,7.5706466440272,3.63513460456848,298
-7.6926,53.28823,2021/03/02 00:00:00+00,Tue 02 Mar 2021,12113,1586,0,332184,155263,17,332201,155280,7.8571404919662,3.67264630627997,299
-7.6926,53.28823,2021/03/03 00:00:00+00,Wed 03 Mar 2021,12775,1483,1,344959,156746,18,344977,156764,8.15931546111248,3.70774552780573,300
-7.6926,53.28823,2021/03/04 00:00:00+00,Thu 04 Mar 2021,18641,1669,0,363600,158415,18,363618,158433,8.60020804093837,3.74722032613894,301
-7.6926,53.28823,2021/03/05 00:00:00+00,Fri 05 Mar 2021,18354,2374,1,381954,160789,19,381973,160808,9.0343362155376,3.80339327164007,302
-7.6926,53.28823,2021/03/06 00:00:00+00,Sat 06 Mar 2021,10361,124,0,392315,160913,19,392334,160932,9.27939216852167,3.80632609068939,303
-7.6926,53.28823,2021/03/07 00:00:00+00,Sun 07 Mar 2021,1476,6,0,393791,160919,19,393810,160938,9.31430217591522,3.80646800128855,304
-7.6926,53.28823,2021/03/08 00:00:00+00,Mon 08 Mar 2021,6577,1476,1,400368,162395,20,400388,162415,9.46988349612844,3.84140166044862,305
-7.6926,53.28823,2021/03/09 00:00:00+00,Tue 09 Mar 2021,13719,3079,2,414087,165474,22,414109,165496,9.79440938464253,3.91427275311766,306
-7.6926,53.28823,2021/03/10 00:00:00+00,Wed 10 Mar 2021,13623,3962,0,427710,169436,22,427732,169458,10.116617400037,4.0079810520968,307
-7.6926,53.28823,2021/03/11 00:00:00+00,Thu 11 Mar 2021,18358,2075,0,446068,171511,22,446090,171533,10.5508165299358,4.05705846763989,308
-7.6926,53.28823,2021/03/12 00:00:00+00,Fri 12 Mar 2021,17220,1313,2,463288,172824,24,463312,172848,10.9581472530602,4.08816054062262,309
-7.6926,53.28823,2021/03/13 00:00:00+00,Sat 13 Mar 2021,8211,158,0,471499,172982,24,471523,173006,11.1523519080117,4.09189751973385,310
-7.6926,53.28823,2021/03/14 00:00:00+00,Sun 14 Mar 2021,325,9,1,471824,172991,25,471849,173016,11.1600623838994,4.09213403739912,311
-7.6926,53.28823,2021/03/15 00:00:00+00,Mon 15 Mar 2021,2541,967,0,474365,173958,25,474390,173983,11.220161522644,4.11500529563053,312
-7.6926,53.28823,2021/03/16 00:00:00+00,Tue 16 Mar 2021,8844,3785,0,483209,177743,25,483234,177768,11.4293377458069,4.20452723193443,313
-7.6926,53.28823,2021/03/17 00:00:00+00,Wed 17 Mar 2021,4809,2385,4,488018,180128,29,488047,180157,11.5431736981003,4.26103130216693,314
-7.6926,53.28823,2021/03/18 00:00:00+00,Thu 18 Mar 2021,11608,4655,1,499626,184783,30,499656,184813,11.8177470557098,4.37115392711566,315
-7.6926,53.28823,2021/03/19 00:00:00+00,Fri 19 Mar 2021,10229,6092,1,509855,190875,31,509886,190906,12.0597046272789,4.51526414056339,316
-7.6926,53.28823,2021/03/20 00:00:00+00,Sat 20 Mar 2021,5121,3089,0,514976,193964,31,515007,193995,12.1808253236626,4.58832444736465,317
-7.6926,53.28823,2021/03/21 00:00:00+00,Sun 21 Mar 2021,3556,40,0,518532,194004,31,518563,194035,12.2649310054319,4.58927051802572,318
-7.6926,53.28823,2021/03/22 00:00:00+00,Mon 22 Mar 2021,7295,2369,0,525827,196373,31,525858,196404,12.4374706422448,4.64530155292769,319
-7.6926,53.28823,2021/03/23 00:00:00+00,Tue 23 Mar 2021,12433,7353,1,538260,203726,32,538292,203758,12.7315567072389,4.8192366439657,320
-7.6926,53.28823,2021/03/24 00:00:00+00,Wed 24 Mar 2021,13496,9740,0,551756,213466,32,551788,213498,13.0507609482845,5.04960484993664,321
-7.6926,53.28823,2021/03/25 00:00:00+00,Thu 25 Mar 2021,20735,10179,2,572491,223645,34,572525,223679,13.5412276307505,5.29040348494589,322
-7.6926,53.28823,2021/03/26 00:00:00+00,Fri 26 Mar 2021,19575,9440,1,592066,233085,35,592101,233120,14.004234612279,5.51369981272531,323
-7.6926,53.28823,2021/03/27 00:00:00+00,Sat 27 Mar 2021,11611,5297,1,603677,238382,36,603713,238418,14.278878925188,5.63900687178425,324
-7.6926,53.28823,2021/03/28 00:00:00+00,Sun 28 Mar 2021,2412,462,0,606089,238844,36,606125,238880,14.3359269860507,5.64993398791962,325
-7.6926,53.28823,2021/03/28 23:00:00+00,Mon 29 Mar 2021,9150,3068,1,615239,241912,37,615276,241949,14.5523643015373,5.72252125939034,326
-7.6926,53.28823,2021/03/29 23:00:00+00,Tue 30 Mar 2021,13211,8613,1,628450,250525,38,628488,250563,14.8648514408893,5.92625757625211,327
-7.6926,53.28823,2021/03/30 23:00:00+00,Wed 31 Mar 2021,15651,10429,0,644101,260954,38,644139,260992,15.2350252388001,6.17292184936001,328
-7.6926,53.28823,2021/03/31 23:00:00+00,Thu 01 Apr 2021,19553,11572,0,663654,272526,38,663692,272564,15.6974882296984,6.44662009160802,329
-7.6926,53.28823,2021/04/01 23:00:00+00,Fri 02 Apr 2021,20015,13672,4,683669,286198,42,683711,286240,16.1709729437982,6.7700816506284,330
-7.6926,53.28823,2021/04/02 23:00:00+00,Sat 03 Apr 2021,7436,4599,0,691105,290797,42,691147,290839,16.3468474796914,6.87885612488511,331
-7.6926,53.28823,2021/04/03 23:00:00+00,Sun 04 Apr 2021,2940,153,0,694045,290950,42,694087,290992,16.4163836732802,6.88247484516371,332
-7.6926,53.28823,2021/04/04 23:00:00+00,Mon 05 Apr 2021,3334,572,1,697379,291522,43,697422,291565,16.495262314647,6.89602730738356,333
-7.6926,53.28823,2021/04/05 23:00:00+00,Tue 06 Apr 2021,11841,8112,3,709220,299634,46,709266,299680,16.7753938373903,7.08796139274846,334
-7.6926,53.28823,2021/04/06 23:00:00+00,Wed 07 Apr 2021,18191,10416,1,727411,310050,47,727458,310097,17.2056667740457,7.33434184465804,335
-7.6926,53.28823,2021/04/07 23:00:00+00,Thu 08 Apr 2021,20025,10509,1,747436,320559,48,747484,320607,17.6793170505112,7.5829219108546,336
-7.6926,53.28823,2021/04/08 23:00:00+00,Fri 09 Apr 2021,20571,9097,2,768007,329656,50,768057,329706,18.1659048432668,7.79812933448186,337
-7.6926,53.28823,2021/04/09 23:00:00+00,Sat 10 Apr 2021,11035,4130,3,779042,333786,53,779095,333839,18.4269730421895,7.89588208553709,338
-7.6926,53.28823,2021/04/10 23:00:00+00,Sun 11 Apr 2021,2785,321,0,781827,334107,53,781880,334160,18.4928432119667,7.90347430259219,339
-7.6926,53.28823,2021/04/11 23:00:00+00,Mon 12 Apr 2021,7653,2719,4,789480,336826,57,789537,336883,18.6739447882623,7.96787806284464,340
-7.6926,53.28823,2021/04/12 23:00:00+00,Tue 13 Apr 2021,11383,8523,0,800863,345349,57,800920,345406,18.9431728466367,8.16946206895247,341
-7.6926,53.28823,2021/04/13 23:00:00+00,Wed 14 Apr 2021,20211,6535,2,821074,351884,59,821133,351943,19.4212460034428,8.32407366673809,342
-7.6926,53.28823,2021/04/14 23:00:00+00,Thu 15 Apr 2021,26972,10725,1,848046,362609,60,848106,362669,20.0592051019699,8.57776251450445,343
-7.6926,53.28823,2021/04/15 23:00:00+00,Fri 16 Apr 2021,27827,9761,1,875873,372370,61,875934,372431,20.7173864608774,8.80865105933897,344
-7.6926,53.28823,2021/04/16 23:00:00+00,Sat 17 Apr 2021,15711,4490,1,891584,376860,62,891646,376922,21.0890030165463,8.91487114281079,345
-7.6926,53.28823,2021/04/17 23:00:00+00,Sun 18 Apr 2021,995,437,0,892579,377297,62,892641,377359,21.1125365242405,8.92520696478299,346
-7.6926,53.28823,2021/04/18 23:00:00+00,Mon 19 Apr 2021,6630,2182,0,899209,379479,62,899271,379541,21.2693477363131,8.97681511934445,347
-7.6926,53.28823,2021/04/19 23:00:00+00,Tue 20 Apr 2021,14941,7238,0,914150,386717,62,914212,386779,21.6227287799898,9.14800660546536,348
-7.6926,53.28823,2021/04/20 23:00:00+00,Wed 21 Apr 2021,26534,9777,0,940684,396494,62,940746,396556,22.2503047530117,9.37924992679778,349
-7.6926,53.28823,2021/04/21 23:00:00+00,Thu 22 Apr 2021,31476,12097,0,972160,408591,62,972222,408653,22.9947677562089,9.66536534647236,350
-7.6926,53.28823,2021/04/22 23:00:00+00,Fri 23 Apr 2021,33440,12314,0,1005600,420905,62,1005662,420967,23.7856828288648,9.95661319948326,351
