X,Y,VaccinationDate,VaccineText,Dose1,Dose2,SingleDose,Dose1Cum,Dose2Cum,SingleDoseCum,PartiallyVacc,FullyVacc,PartialPercent,FullyPercent,ObjectId
-7.6926,53.28823,2021/04/19 23:00:00+00,Tue 20 Apr 2021,14924,7227,0,913091,386265,42,913133,386307,21.5972085239074,9.13684297166471,1
-7.6926,53.28823,2021/04/20 23:00:00+00,Wed 21 Apr 2021,26520,9767,0,939611,396032,42,939653,396074,22.2244533721979,9.36784977533187,2
-7.6926,53.28823,2021/04/21 23:00:00+00,Thu 22 Apr 2021,31453,12082,0,971064,408114,42,971106,408156,22.968372384765,9.65361041850855,3
-7.6926,53.28823,2021/04/22 23:00:00+00,Fri 23 Apr 2021,33419,12295,0,1004483,420409,42,1004525,420451,23.7587907703238,9.94440888795543,4
-7.6926,53.28823,2021/04/23 23:00:00+00,Sat 24 Apr 2021,23526,6927,0,1028009,427336,42,1028051,427378,24.3152222296331,10.1082446746865,5
-7.6926,53.28823,2021/04/24 23:00:00+00,Sun 25 Apr 2021,9657,241,0,1037666,427577,42,1037708,427619,24.5436273389823,10.1139447504195,6
-7.6926,53.28823,2021/04/25 23:00:00+00,Mon 26 Apr 2021,15430,2956,0,1053096,430533,42,1053138,430575,24.9085740964907,10.1838593722727,7
-7.6926,53.28823,2021/04/26 23:00:00+00,Tue 27 Apr 2021,25742,7719,1,1078838,438252,43,1078881,438295,25.5174415221898,10.3664510098595,8
-7.6926,53.28823,2021/04/27 23:00:00+00,Wed 28 Apr 2021,25879,8499,1,1104717,446751,44,1104761,446795,26.1295492399032,10.5674910253372,9
-7.6926,53.28823,2021/04/28 23:00:00+00,Thu 29 Apr 2021,31535,11230,0,1136252,457981,44,1136296,458025,26.8754076973255,10.833100363433,10
-7.6926,53.28823,2021/04/29 23:00:00+00,Fri 30 Apr 2021,35926,13444,0,1172178,471425,44,1172222,471469,27.725121061567,11.1510747126192,11
-7.6926,53.28823,2021/04/30 23:00:00+00,Sat 01 May 2021,16383,6601,0,1188561,478026,44,1188605,478070,28.1126079525754,11.3072000234626,12
-7.6926,53.28823,2021/05/01 23:00:00+00,Sun 02 May 2021,12311,859,1,1200872,478885,45,1200917,478930,28.4038085020532,11.3275405426756,13
-7.6926,53.28823,2021/05/02 23:00:00+00,Mon 03 May 2021,14100,848,1,1214972,479733,46,1215018,479779,28.7373220618475,11.3476208924568,14
-7.6926,53.28823,2021/05/03 23:00:00+00,Tue 04 May 2021,26444,6692,1,1241416,486425,47,1241463,486472,29.3627930276484,11.5059221658206,15
-7.6926,53.28823,2021/05/04 23:00:00+00,Wed 05 May 2021,31855,13318,62,1273271,499743,109,1273380,499852,30.117686459884,11.8223828019491,16
-7.6926,53.28823,2021/05/05 23:00:00+00,Thu 06 May 2021,37072,14260,119,1310343,514003,228,1310571,514231,30.9973193087819,12.1624715528378,17
-7.6926,53.28823,2021/05/06 23:00:00+00,Fri 07 May 2021,40346,14953,81,1350689,528956,309,1350998,529265,31.9534892741604,12.5180522108016,18
-7.6926,53.28823,2021/05/07 23:00:00+00,Sat 08 May 2021,25394,6959,2,1376083,535915,311,1376394,536226,32.5541495368748,12.6826921575946,19
-7.6926,53.28823,2021/05/08 23:00:00+00,Sun 09 May 2021,19546,866,0,1395629,536781,311,1395940,537092,33.0164469654074,12.7031745874068,20
-7.6926,53.28823,2021/05/09 23:00:00+00,Mon 10 May 2021,28596,4527,155,1424225,541308,466,1424691,541774,33.6964589048191,12.8139121582852,21
-7.6926,53.28823,2021/05/10 23:00:00+00,Tue 11 May 2021,34112,14713,142,1458337,556021,608,1458945,556629,34.5066265154278,13.1652591500407,22
-7.6926,53.28823,2021/05/11 23:00:00+00,Wed 12 May 2021,31029,20810,143,1489366,576831,751,1490117,577582,35.2438993816009,13.6608346140765,23
-7.6926,53.28823,2021/05/12 23:00:00+00,Thu 13 May 2021,35764,25372,133,1525130,602203,884,1526014,603087,36.0929268446131,14.2640729193423,24
-7.6926,53.28823,2021/05/13 23:00:00+00,Fri 14 May 2021,37968,27850,221,1563098,630053,1105,1564203,631158,36.9961641565047,14.9280016575158,25
-7.6926,53.28823,2021/05/14 23:00:00+00,Sat 15 May 2021,28614,12339,0,1591712,642392,1105,1592817,643497,37.6729358039023,15.2198408046899,26
-7.6926,53.28823,2021/05/15 23:00:00+00,Sun 16 May 2021,23008,1107,0,1614720,643499,1105,1615825,644604,38.2171156481506,15.246023310235,27
-7.6926,53.28823,2021/05/16 23:00:00+00,Mon 17 May 2021,35179,3857,100,1649899,647356,1205,1651104,648561,39.0515263194493,15.3396133503815,28
-7.6926,53.28823,2021/05/17 23:00:00+00,Tue 18 May 2021,38790,12359,108,1688689,659715,1313,1690002,661028,39.9715327338084,15.634479923671,29
-7.6926,53.28823,2021/05/18 23:00:00+00,Wed 19 May 2021,36759,17471,193,1725448,677186,1506,1726954,678692,40.8455128105063,16.0522647276002,30
-7.6926,53.28823,2021/05/19 23:00:00+00,Thu 20 May 2021,38810,19516,108,1764258,696702,1614,1765872,698316,41.7659922601959,16.516406993922,31
-7.6926,53.28823,2021/05/20 23:00:00+00,Fri 21 May 2021,25571,23070,14908,1789829,719772,16522,1806351,736294,42.7233921174339,17.4146537830764,32
-7.6926,53.28823,2021/05/21 23:00:00+00,Sat 22 May 2021,16374,10145,13489,1806203,729917,30011,1836214,759928,43.4297048212234,17.9736396331706,33
-7.6926,53.28823,2021/05/22 23:00:00+00,Sun 23 May 2021,8059,5469,10189,1814262,735386,40200,1854462,775586,43.8613022568043,18.343978993447,34
-7.6926,53.28823,2021/05/23 23:00:00+00,Mon 24 May 2021,22300,8083,8425,1836562,743469,48625,1885187,792094,44.5880027833399,18.7344223552713,35
-7.6926,53.28823,2021/05/24 23:00:00+00,Tue 25 May 2021,30048,16352,3205,1866610,759821,51830,1918440,811651,45.3744949756552,19.1969799532357,36
-7.6926,53.28823,2021/05/25 23:00:00+00,Wed 26 May 2021,19665,25286,3026,1886275,785107,54856,1941131,839963,45.9111772099146,19.8666087671422,37
-7.6926,53.28823,2021/05/26 23:00:00+00,Thu 27 May 2021,16721,35840,539,1902996,820947,55395,1958391,876342,46.319406700167,20.7270363816203,38
-7.6926,53.28823,2021/05/27 23:00:00+00,Fri 28 May 2021,26745,31694,1513,1929741,852641,56908,1986649,909549,46.9877583186811,21.5124405926754,39
-7.6926,53.28823,2021/05/28 23:00:00+00,Sat 29 May 2021,24247,7300,493,1953988,859941,57401,2011389,917342,47.5729030225539,21.6967588092187,40
-7.6926,53.28823,2021/05/29 23:00:00+00,Sun 30 May 2021,24071,1603,182,1978059,861544,57583,2035642,919127,48.1465293161281,21.738977212469,41
-7.6926,53.28823,2021/05/30 23:00:00+00,Mon 31 May 2021,22270,7208,3409,2000329,868752,60992,2061321,929744,48.7538830287695,21.990088017684,42
-7.6926,53.28823,2021/05/31 23:00:00+00,Tue 01 Jun 2021,27156,11348,3617,2027485,880100,64609,2092094,944709,49.4817188400985,22.3440367037574,43
-7.6926,53.28823,2021/06/01 23:00:00+00,Wed 02 Jun 2021,18359,20745,3970,2045844,900845,68579,2114423,969424,50.0098391348751,22.928590113467,44
-7.6926,53.28823,2021/06/02 23:00:00+00,Thu 03 Jun 2021,16418,30531,1951,2062262,931376,70530,2132792,1001906,50.4442984342057,23.6968467937902,45
-7.6926,53.28823,2021/06/03 23:00:00+00,Fri 04 Jun 2021,28733,23158,112,2090995,954534,70642,2161637,1025176,51.126533639671,24.2472234008686,46
-7.6926,53.28823,2021/06/04 23:00:00+00,Sat 05 Jun 2021,20680,11351,2,2111675,965885,70644,2182319,1036529,51.6156994749781,24.5157419062472,47
-7.6926,53.28823,2021/06/05 23:00:00+00,Sun 06 Jun 2021,19733,3794,7,2131408,969679,70651,2202059,1040330,52.0825853462169,24.6056422708156,48
-7.6926,53.28823,2021/06/06 23:00:00+00,Mon 07 Jun 2021,19526,4391,0,2150934,974070,70651,2221585,1044721,52.544409739419,24.7094971776347,49
-7.6926,53.28823,2021/06/07 23:00:00+00,Tue 08 Jun 2021,26257,18338,12,2177191,992408,70663,2247854,1063071,53.1657179943113,25.1435070934013,50
-7.6926,53.28823,2021/06/08 23:00:00+00,Wed 09 Jun 2021,32573,19901,141,2209764,1012309,70804,2280568,1083113,53.9394618844687,25.6175357981312,51
-7.6926,53.28823,2021/06/09 23:00:00+00,Thu 10 Jun 2021,27402,27292,234,2237166,1039601,71038,2308204,1110639,54.5931021042031,26.2685743235477,52
-7.6926,53.28823,2021/06/10 23:00:00+00,Fri 11 Jun 2021,26185,32698,1,2263351,1072299,71039,2334390,1143338,55.2124472624736,27.0419634372072,53
-7.6926,53.28823,2021/06/11 23:00:00+00,Sat 12 Jun 2021,11945,19533,75,2275296,1091832,71114,2346410,1162946,55.4967414961256,27.5057272752645,54
-7.6926,53.28823,2021/06/12 23:00:00+00,Sun 13 Jun 2021,8396,18059,807,2283692,1109891,71921,2355613,1181812,55.7144087034717,27.9519415025589,55
-7.6926,53.28823,2021/06/13 23:00:00+00,Mon 14 Jun 2021,15770,31073,9,2299462,1140964,71930,2371392,1212894,56.0876099274979,28.6870857097446,56
-7.6926,53.28823,2021/06/14 23:00:00+00,Tue 15 Jun 2021,14415,41268,175,2313877,1182232,72105,2385982,1254337,56.4326892011237,29.6672858699143,57
-7.6926,53.28823,2021/06/15 23:00:00+00,Wed 16 Jun 2021,13148,48073,190,2327025,1230305,72295,2399320,1302600,56.7481564630581,30.8087910777968,58
-7.6926,53.28823,2021/06/16 23:00:00+00,Thu 17 Jun 2021,21272,42381,497,2348297,1272686,72792,2421089,1345478,57.2630317685798,31.8229315229325,59
-7.6926,53.28823,2021/06/17 23:00:00+00,Fri 18 Jun 2021,11798,49786,521,2360095,1322472,73313,2433408,1395785,57.5543978804233,33.0127809415958,60
-7.6926,53.28823,2021/06/18 23:00:00+00,Sat 19 Jun 2021,6068,32593,400,2366163,1355065,73713,2439876,1428778,57.7073775063186,33.7931236746141,61
-7.6926,53.28823,2021/06/19 23:00:00+00,Sun 20 Jun 2021,8339,26001,158,2374502,1381066,73871,2448373,1454937,57.9083465664967,34.4118302351884,62
-7.6926,53.28823,2021/06/20 23:00:00+00,Mon 21 Jun 2021,15212,32095,532,2389714,1413161,74403,2464117,1487564,58.2807199786945,35.183516421658,63
-7.6926,53.28823,2021/06/21 23:00:00+00,Tue 22 Jun 2021,14879,43289,686,2404593,1456450,75089,2479682,1531539,58.648859724684,36.2236028546736,64
-7.6926,53.28823,2021/06/22 23:00:00+00,Wed 23 Jun 2021,19796,39094,847,2424389,1495544,75936,2500325,1571480,59.1371031410965,37.1682780615201,65
-7.6926,53.28823,2021/06/23 23:00:00+00,Thu 24 Jun 2021,18781,43975,999,2443170,1539519,76935,2520105,1616454,59.6049350829964,38.231992609296,66
-7.6926,53.28823,2021/06/24 23:00:00+00,Fri 25 Jun 2021,14924,49857,784,2458094,1589376,77719,2535813,1667095,59.9764570315992,39.4297417179792,67
-7.6926,53.28823,2021/06/25 23:00:00+00,Sat 26 Jun 2021,8798,30294,451,2466892,1619670,78170,2545062,1697840,60.1952122202055,40.1569152798453,68
-7.6926,53.28823,2021/06/26 23:00:00+00,Sun 27 Jun 2021,8565,30272,32,2475457,1649942,78202,2553659,1728144,60.3985464570363,40.8736584126732,69
-7.6926,53.28823,2021/06/27 23:00:00+00,Mon 28 Jun 2021,23988,24359,448,2499445,1674301,78650,2578095,1752951,60.976501023885,41.4603877849033,70
-7.6926,53.28823,2021/06/28 23:00:00+00,Tue 29 Jun 2021,27857,30699,754,2527302,1705000,79404,2606706,1784404,61.653201715983,42.2043067974704,71
-7.6926,53.28823,2021/06/29 23:00:00+00,Wed 30 Jun 2021,22252,36499,529,2549554,1741499,79933,2629487,1821432,62.1920126092298,43.0800844084244,72
-7.6926,53.28823,2021/06/30 23:00:00+00,Thu 01 Jul 2021,14584,48032,581,2564138,1789531,80514,2644652,1870045,62.5506916486085,44.2298677345912,73
-7.6926,53.28823,2021/07/01 23:00:00+00,Fri 02 Jul 2021,13339,46936,767,2577477,1836467,81281,2658758,1917748,62.8843234672354,45.3581279532187,74
-7.6926,53.28823,2021/07/02 23:00:00+00,Sat 03 Jul 2021,9096,30155,455,2586573,1866622,81736,2668309,1948358,63.1102214893328,46.0821085266037,75
-7.6926,53.28823,2021/07/03 23:00:00+00,Sun 04 Jul 2021,6278,27626,196,2592851,1894248,81932,2674783,1976180,63.2633430258273,46.7401479749121,76
-7.6926,53.28823,2021/07/04 23:00:00+00,Mon 05 Jul 2021,15228,33052,5302,2608079,1927300,87234,2695313,2014534,63.7489137926223,47.6472878282806,77
-7.6926,53.28823,2021/07/05 23:00:00+00,Tue 06 Jul 2021,12114,48063,5433,2620193,1975363,92667,2712860,2068030,64.1639313398678,48.9125627303978,78
-7.6926,53.28823,2021/07/06 23:00:00+00,Wed 07 Jul 2021,19415,43390,4987,2639608,2018753,97654,2737262,2116407,64.7410817466546,50.0567642396643,79
-7.6926,53.28823,2021/07/07 23:00:00+00,Thu 08 Jul 2021,17525,45276,5942,2657133,2064029,103596,2760729,2167625,65.2961177517388,51.2681604176334,80
-7.6926,53.28823,2021/07/08 23:00:00+00,Fri 09 Jul 2021,13281,44772,6491,2670414,2108801,110087,2780501,2218888,65.7637604795064,52.4806209250963,81
-7.6926,53.28823,2021/07/09 23:00:00+00,Sat 10 Jul 2021,8415,23564,4316,2678829,2132365,114403,2793232,2246768,66.064871119159,53.1400321758632,82
-7.6926,53.28823,2021/07/10 23:00:00+00,Sun 11 Jul 2021,15094,15936,2129,2693923,2148301,116532,2810455,2264833,66.4722254940499,53.5673013381696,83
-7.6926,53.28823,2021/07/11 23:00:00+00,Mon 12 Jul 2021,16917,31407,6035,2710840,2179708,122567,2833407,2302275,67.0150808393728,54.4528707804657,84
-7.6926,53.28823,2021/07/12 23:00:00+00,Tue 13 Jul 2021,19884,36192,8443,2730724,2215900,131010,2861734,2346910,67.6850644297772,55.508567379389,85
-7.6926,53.28823,2021/07/13 23:00:00+00,Wed 14 Jul 2021,20579,35311,9280,2751303,2251211,140290,2891593,2391501,68.3912825265006,56.5632233005851,86
-7.6926,53.28823,2021/07/14 23:00:00+00,Thu 15 Jul 2021,23388,28449,9521,2774691,2279660,149811,2924502,2429471,69.1696385111308,57.4612808756073,87
-7.6926,53.28823,2021/07/15 23:00:00+00,Fri 16 Jul 2021,23339,27018,9114,2798030,2306678,158925,2956955,2465603,69.9372092902247,58.3158665037533,88
-7.6926,53.28823,2021/07/16 23:00:00+00,Sat 17 Jul 2021,11354,19118,4629,2809384,2325796,163554,2972938,2489350,70.3152354746224,58.877525003465,89
-7.6926,53.28823,2021/07/17 23:00:00+00,Sun 18 Jul 2021,16737,15593,1907,2826121,2341389,165461,2991582,2506850,70.7561990097478,59.2914309176838,90
-7.6926,53.28823,2021/07/18 23:00:00+00,Mon 19 Jul 2021,24659,18057,6188,2850780,2359446,171649,3022429,2531095,71.4857850517997,59.8648679971258,91
-7.6926,53.28823,2021/07/19 23:00:00+00,Tue 20 Jul 2021,30374,17752,7651,2881154,2377198,179300,3060454,2556498,72.3851434739809,60.4656938222059,92
-7.6926,53.28823,2021/07/20 23:00:00+00,Wed 21 Jul 2021,30095,19461,6830,2911249,2396659,186130,3097379,2582789,73.2584849529827,61.0875224159617,93
-7.6926,53.28823,2021/07/21 23:00:00+00,Thu 22 Jul 2021,33320,15550,6873,2944569,2412209,193003,3137572,2605212,74.2091204049939,61.6178659767919,94
-7.6926,53.28823,2021/07/22 23:00:00+00,Fri 23 Jul 2021,26907,20443,5546,2971476,2432652,198549,3170025,2631201,74.9766911840879,62.2325517370567,95
-7.6926,53.28823,2021/07/23 23:00:00+00,Sat 24 Jul 2021,15306,14492,2231,2986782,2447144,200780,3187562,2647924,75.3914722136682,62.6280802286842,96
-7.6926,53.28823,2021/07/24 23:00:00+00,Sun 25 Jul 2021,14625,13453,1016,3001407,2460597,201796,3203203,2662393,75.7614094939137,62.9702976385603,97
-7.6926,53.28823,2021/07/25 23:00:00+00,Mon 26 Jul 2021,23671,17812,3370,3025078,2478409,205166,3230244,2683575,76.4009769125646,63.4712893571308,98
-7.6926,53.28823,2021/07/26 23:00:00+00,Tue 27 Jul 2021,25292,23441,3606,3050370,2501850,208772,3259142,2710622,77.0844656616558,64.1109986863809,99
-7.6926,53.28823,2021/07/27 23:00:00+00,Wed 28 Jul 2021,23258,24910,3225,3073628,2526760,211997,3285625,2738757,77.7108353945848,64.7764411376121,100
-7.6926,53.28823,2021/07/28 23:00:00+00,Thu 29 Jul 2021,19115,27495,2920,3092743,2554255,214917,3307660,2769172,78.2320020700026,65.4958096165245,101
-7.6926,53.28823,2021/07/29 23:00:00+00,Fri 30 Jul 2021,21768,22542,2080,3114511,2576797,216997,3331508,2793794,78.7960493981335,66.0781634119471,102
-7.6926,53.28823,2021/07/30 23:00:00+00,Sat 31 Jul 2021,13624,12183,883,3128135,2588980,217880,3346015,2806860,79.1391655751376,66.3871973933861,103
-7.6926,53.28823,2021/07/31 23:00:00+00,Sun 01 Aug 2021,10977,9134,355,3139112,2598114,218235,3357347,2816349,79.4071873934192,66.6116290059588,104
-7.6926,53.28823,2021/08/01 23:00:00+00,Mon 02 Aug 2021,14872,15627,393,3153984,2613741,218628,3372612,2832369,79.7682316094507,66.990530305718,105
-7.6926,53.28823,2021/08/02 23:00:00+00,Tue 03 Aug 2021,17189,25091,1084,3171173,2638832,219712,3390885,2858544,80.2004203391947,67.6096152945567,106
-7.6926,53.28823,2021/08/03 23:00:00+00,Wed 04 Aug 2021,21942,16929,1554,3193115,2655761,221266,3414381,2877027,80.7561422455082,68.0467708952714,107
-7.6926,53.28823,2021/08/04 23:00:00+00,Thu 05 Aug 2021,13372,29702,1401,3206487,2685463,222667,3429154,2908130,81.1055497924085,68.7824117895542,108
-7.6926,53.28823,2021/08/05 23:00:00+00,Fri 06 Aug 2021,12028,24420,922,3218515,2709883,223589,3442104,2933472,81.4118401689304,69.3817948568761,109
-7.6926,53.28823,2021/08/06 23:00:00+00,Sat 07 Aug 2021,6251,8196,559,3224766,2718079,224148,3448914,2942227,81.5729086989778,69.5888660728181,110
-7.6926,53.28823,2021/08/07 23:00:00+00,Sun 08 Aug 2021,8546,11786,139,3233312,2729865,224287,3457599,2954152,81.778324291263,69.8709133886501,111
-7.6926,53.28823,2021/08/08 23:00:00+00,Mon 09 Aug 2021,5438,22698,584,3238750,2752563,224871,3463621,2977434,81.9207552292873,70.4215738169268,112
-7.6926,53.28823,2021/08/09 23:00:00+00,Tue 10 Aug 2021,9204,25663,685,3247954,2778226,225556,3473510,3003782,82.1546475484707,71.0447505613747,113
-7.6926,53.28823,2020/12/28 00:00:00+00,Mon 28 Dec 2020,113,7,5,113,7,5,118,12,0.00279090845016123,0.000283821198321481,114
-7.6926,53.28823,2020/12/29 00:00:00+00,Tue 29 Dec 2020,68,1,0,181,8,5,186,13,0.00439922857398296,0.000307472964848272,115
-7.6926,53.28823,2020/12/30 00:00:00+00,Wed 30 Dec 2020,1044,0,0,1225,8,5,1230,13,0.0290916728279518,0.000307472964848272,116
-7.6926,53.28823,2020/12/31 00:00:00+00,Thu 31 Dec 2020,1020,1,0,2245,9,5,2250,14,0.0532164746852778,0.000331124731375062,117
-7.6926,53.28823,2021/01/01 00:00:00+00,Fri 01 Jan 2021,798,0,0,3043,9,5,3048,14,0.0720905843736563,0.000331124731375062,118
-7.6926,53.28823,2021/01/02 00:00:00+00,Sat 02 Jan 2021,1009,0,0,4052,9,5,4057,14,0.0959552167991875,0.000331124731375062,119
-7.6926,53.28823,2021/01/03 00:00:00+00,Sun 03 Jan 2021,12,0,0,4064,9,5,4069,14,0.096239037997509,0.000331124731375062,120
-7.6926,53.28823,2021/01/04 00:00:00+00,Mon 04 Jan 2021,1167,1,0,5231,10,5,5236,15,0.123840649534273,0.000354776497901852,121
-7.6926,53.28823,2021/01/05 00:00:00+00,Tue 05 Jan 2021,3490,3,0,8721,13,5,8726,18,0.206385314712771,0.000425731797482222,122
-7.6926,53.28823,2021/01/06 00:00:00+00,Wed 06 Jan 2021,6736,2,0,15457,15,5,15462,20,0.365703614037229,0.000473035330535802,123
-7.6926,53.28823,2021/01/07 00:00:00+00,Thu 07 Jan 2021,11698,2,0,27155,17,5,27160,22,0.64238197886762,0.000520338863589383,124
-7.6926,53.28823,2021/01/08 00:00:00+00,Fri 08 Jan 2021,12650,2,0,39805,19,5,39810,24,0.941576825431515,0.000567642396642963,125
-7.6926,53.28823,2021/01/09 00:00:00+00,Sat 09 Jan 2021,8054,1,0,47859,20,5,47864,25,1.13206815303828,0.000591294163169753,126
-7.6926,53.28823,2021/01/10 00:00:00+00,Sun 10 Jan 2021,4752,1,1,52611,21,6,52617,27,1.24448499934012,0.000638597696223333,127
-7.6926,53.28823,2021/01/11 00:00:00+00,Mon 11 Jan 2021,8308,3,0,60919,24,6,60925,30,1.44098387564469,0.000709552995803704,128
-7.6926,53.28823,2021/01/12 00:00:00+00,Tue 12 Jan 2021,8834,4,0,69753,28,6,69759,34,1.64992358114235,0.000804160061910864,129
-7.6926,53.28823,2021/01/13 00:00:00+00,Wed 13 Jan 2021,9834,2,0,79587,30,6,79593,36,1.88251505316681,0.000851463594964444,130
-7.6926,53.28823,2021/01/14 00:00:00+00,Thu 14 Jan 2021,8034,2,0,87621,32,6,87627,38,2.07253334544304,0.000898767128018024,131
-7.6926,53.28823,2021/01/15 00:00:00+00,Fri 15 Jan 2021,7632,2,0,95253,34,6,95259,40,2.2530436275755,0.000946070661071605,132
-7.6926,53.28823,2021/01/16 00:00:00+00,Sat 16 Jan 2021,5201,1,0,100454,35,6,100460,41,2.37605646528134,0.000969722427598395,133
-7.6926,53.28823,2021/01/17 00:00:00+00,Sun 17 Jan 2021,1093,3,0,101547,38,6,101553,44,2.40190784609512,0.00104067772717877,134
-7.6926,53.28823,2021/01/18 00:00:00+00,Mon 18 Jan 2021,8659,4,0,110206,42,6,110212,48,2.60670849245059,0.00113528479328593,135
-7.6926,53.28823,2021/01/19 00:00:00+00,Tue 19 Jan 2021,8339,14,0,118545,56,6,118551,62,2.8039405735175,0.00146640952466099,136
-7.6926,53.28823,2021/01/20 00:00:00+00,Wed 20 Jan 2021,8406,954,0,126951,1010,6,126957,1016,3.00275732294169,0.0240301947912188,137
-7.6926,53.28823,2021/01/21 00:00:00+00,Thu 21 Jan 2021,8932,955,0,135883,1965,6,135889,1971,3.21401490155898,0.0466176318243033,138
-7.6926,53.28823,2021/01/22 00:00:00+00,Fri 22 Jan 2021,6712,961,0,142595,2926,6,142601,2932,3.3727655584868,0.0693469794565486,139
-7.6926,53.28823,2021/01/23 00:00:00+00,Sat 23 Jan 2021,4143,456,0,146738,3382,6,146744,3388,3.47075482720729,0.0801321849927649,140
-7.6926,53.28823,2021/01/24 00:00:00+00,Sun 24 Jan 2021,1160,393,0,147898,3775,6,147904,3781,3.49819087637837,0.0894273292377934,141
-7.6926,53.28823,2021/01/25 00:00:00+00,Mon 25 Jan 2021,1320,1279,0,149218,5054,6,149224,5060,3.52941120819373,0.119677938625558,142
-7.6926,53.28823,2021/01/26 00:00:00+00,Tue 26 Jan 2021,973,3491,0,150191,8545,6,150197,8551,3.5524243770243,0.202246255570582,143
-7.6926,53.28823,2021/01/27 00:00:00+00,Wed 27 Jan 2021,2129,6691,0,152320,15236,6,152326,15242,3.60277898795983,0.360500225401335,144
-7.6926,53.28823,2021/01/28 00:00:00+00,Thu 28 Jan 2021,938,11536,0,153258,26772,6,153264,26778,3.62496434496196,0.633347004054386,145
-7.6926,53.28823,2021/01/29 00:00:00+00,Fri 29 Jan 2021,1528,11517,0,154786,38289,6,154792,38295,3.6611042442149,0.905744399143428,146
-7.6926,53.28823,2021/01/30 00:00:00+00,Sat 30 Jan 2021,591,7789,0,155377,46078,6,155383,46084,3.67508243823223,1.0899680086206,147
-7.6926,53.28823,2021/01/31 00:00:00+00,Sun 31 Jan 2021,199,4078,0,155576,50156,6,155582,50162,3.67978913977106,1.18641991251685,148
-7.6926,53.28823,2021/02/01 00:00:00+00,Mon 01 Feb 2021,966,8326,0,156542,58482,6,156548,58488,3.70263674623594,1.3833445206189,149
-7.6926,53.28823,2021/02/02 00:00:00+00,Tue 02 Feb 2021,779,5088,0,157321,63570,6,157327,63576,3.72106147236031,1.50368470870721,150
-7.6926,53.28823,2021/02/03 00:00:00+00,Wed 03 Feb 2021,1351,6853,0,158672,70423,6,158678,70429,3.753015008938,1.6657702647153,151
-7.6926,53.28823,2021/02/04 00:00:00+00,Thu 04 Feb 2021,1376,10525,0,160048,80948,6,160054,80954,3.78555983967887,1.91470510740977,152
-7.6926,53.28823,2021/02/05 00:00:00+00,Fri 05 Feb 2021,3350,8594,0,163398,89542,6,163404,89548,3.86479325754361,2.117968388941,153
-7.6926,53.28823,2021/02/06 00:00:00+00,Sat 06 Feb 2021,863,3858,0,164261,93400,6,164267,93406,3.88520473205623,2.20921690420136,154
-7.6926,53.28823,2021/02/07 00:00:00+00,Sun 07 Feb 2021,298,1289,0,164559,94689,6,164565,94695,3.89225295848122,2.23970403125439,155
-7.6926,53.28823,2021/02/08 00:00:00+00,Mon 08 Feb 2021,1117,867,0,165676,95556,6,165682,95562,3.91867198169164,2.26021011283312,156
-7.6926,53.28823,2021/02/09 00:00:00+00,Tue 09 Feb 2021,4183,522,0,169859,96078,6,169865,96084,4.0176073210732,2.2725563349601,157
-7.6926,53.28823,2021/02/10 00:00:00+00,Wed 10 Feb 2021,8781,570,0,178640,96648,6,178646,96654,4.22529348294495,2.28603784188037,158
-7.6926,53.28823,2021/02/11 00:00:00+00,Thu 11 Feb 2021,6116,424,0,184756,97072,6,184762,97078,4.3699476870228,2.29606619088773,159
-7.6926,53.28823,2021/02/12 00:00:00+00,Fri 12 Feb 2021,4348,511,0,189104,97583,6,189110,97589,4.47278556788128,2.30815224358292,160
-7.6926,53.28823,2021/02/13 00:00:00+00,Sat 13 Feb 2021,1171,1909,0,190275,99492,6,190281,99498,4.50048178648415,2.35330346588256,161
-7.6926,53.28823,2021/02/14 00:00:00+00,Sun 14 Feb 2021,2666,16,0,192941,99508,6,192947,99514,4.56353739604457,2.35368189414699,162
-7.6926,53.28823,2021/02/15 00:00:00+00,Mon 15 Feb 2021,1917,7859,0,194858,107367,6,194864,107373,4.60887783247643,2.53956112728104,163
-7.6926,53.28823,2021/02/16 00:00:00+00,Tue 16 Feb 2021,5589,8134,0,200447,115501,6,200453,115507,4.74106755559466,2.73194459620995,164
-7.6926,53.28823,2021/02/17 00:00:00+00,Wed 17 Feb 2021,9690,8449,0,210137,123950,6,210143,123956,4.97025317323926,2.9317783715948,165
-7.6926,53.28823,2021/02/18 00:00:00+00,Thu 18 Feb 2021,8414,8320,0,218551,132270,6,218557,132276,5.16925913679567,3.12856106909769,166
-7.6926,53.28823,2021/02/19 00:00:00+00,Fri 19 Feb 2021,9355,6559,0,227906,138829,6,227912,138835,5.39052141265379,3.28369300574691,167
-7.6926,53.28823,2021/02/20 00:00:00+00,Sat 20 Feb 2021,5844,3557,1,233750,142386,7,233757,142393,5.52876598800288,3.36784599104923,168
-7.6926,53.28823,2021/02/21 00:00:00+00,Sun 21 Feb 2021,1074,1014,2,234824,143400,9,234833,143409,5.5542152887857,3.39187618584044,169
-7.6926,53.28823,2021/02/22 00:00:00+00,Mon 22 Feb 2021,3895,1094,1,238719,144494,10,238729,144504,5.64636257117408,3.41777487018728,170
-7.6926,53.28823,2021/02/23 00:00:00+00,Tue 23 Feb 2021,13309,1049,0,252028,145543,10,252038,145553,5.96114393187913,3.44258557327388,171
-7.6926,53.28823,2021/02/24 00:00:00+00,Wed 24 Feb 2021,16865,2076,2,268893,147619,12,268905,147631,6.3600782778865,3.49173394411655,172
-7.6926,53.28823,2021/02/25 00:00:00+00,Thu 25 Feb 2021,17989,1729,1,286882,149348,13,286895,149361,6.78557355770345,3.5326515002079,173
-7.6926,53.28823,2021/02/26 00:00:00+00,Fri 26 Feb 2021,16007,2737,0,302889,152085,13,302902,152098,7.16416738449778,3.59738638519172,174
-7.6926,53.28823,2021/02/27 00:00:00+00,Sat 27 Feb 2021,8932,696,1,311821,152781,14,311835,152795,7.3754486148816,3.6138716664609,175
-7.6926,53.28823,2021/02/28 00:00:00+00,Sun 28 Feb 2021,2410,45,1,314231,152826,15,314246,152841,7.43247302397769,3.61495964772113,176
-7.6926,53.28823,2021/03/01 00:00:00+00,Mon 01 Mar 2021,5518,772,0,319749,153598,15,319764,153613,7.56298347167252,3.63321881147981,177
-7.6926,53.28823,2021/03/02 00:00:00+00,Tue 02 Mar 2021,12102,1584,0,331851,155182,15,331866,155197,7.84921715017973,3.67068320965825,178
-7.6926,53.28823,2021/03/03 00:00:00+00,Wed 03 Mar 2021,12756,1476,1,344607,156658,16,344623,156674,8.15094273576199,3.70561686881832,179
-7.6926,53.28823,2021/03/04 00:00:00+00,Thu 04 Mar 2021,18627,1667,0,363234,158325,16,363250,158341,8.59150419085651,3.74504436361847,180
-7.6926,53.28823,2021/03/05 00:00:00+00,Fri 05 Mar 2021,18347,2374,1,381581,160699,17,381598,160716,9.02546680309006,3.8012173091196,181
-7.6926,53.28823,2021/03/06 00:00:00+00,Sat 06 Mar 2021,10349,120,0,391930,160819,17,391947,160836,9.27023893487581,3.80405552110282,182
-7.6926,53.28823,2021/03/07 00:00:00+00,Sun 07 Mar 2021,1470,5,0,393400,160824,17,393417,160841,9.30500703167019,3.80417377993545,183
-7.6926,53.28823,2021/03/08 00:00:00+00,Mon 08 Mar 2021,6570,1472,1,399970,162296,18,399988,162314,9.46042278951773,3.83901283202941,184
-7.6926,53.28823,2021/03/09 00:00:00+00,Tue 09 Mar 2021,13699,3075,1,413669,165371,19,413688,165390,9.78445199093475,3.91176566586582,185
-7.6926,53.28823,2021/03/10 00:00:00+00,Wed 10 Mar 2021,13609,3956,0,427278,169327,19,427297,169346,10.1063288815978,4.0053320542458,186
-7.6926,53.28823,2021/03/11 00:00:00+00,Thu 11 Mar 2021,18340,2073,0,445618,171400,19,445637,171419,10.5401022796992,4.05436216625584,187
-7.6926,53.28823,2021/03/12 00:00:00+00,Fri 12 Mar 2021,17201,1311,1,462819,172711,20,462839,172731,10.946959967493,4.08539328393898,188
-7.6926,53.28823,2021/03/13 00:00:00+00,Sat 13 Mar 2021,8200,155,0,471019,172866,20,471039,172886,11.1409044530127,4.08905930775064,189
-7.6926,53.28823,2021/03/14 00:00:00+00,Sun 14 Mar 2021,319,7,1,471338,172873,21,471359,172894,11.1484730183013,4.08924852188285,190
-7.6926,53.28823,2021/03/15 00:00:00+00,Mon 15 Mar 2021,2524,963,0,473862,173836,21,473883,173857,11.2081700770149,4.11202517304815,191
-7.6926,53.28823,2021/03/16 00:00:00+00,Tue 16 Mar 2021,8836,3784,0,482698,177620,21,482719,177641,11.4171570860456,4.20152345758552,192
-7.6926,53.28823,2021/03/17 00:00:00+00,Wed 17 Mar 2021,4800,2383,4,487498,180003,25,487523,180028,11.5307801724403,4.25798022428497,193
-7.6926,53.28823,2021/03/18 00:00:00+00,Thu 18 Mar 2021,11592,4650,1,499090,184653,26,499116,184679,11.8049751017854,4.36798459040107,194
-7.6926,53.28823,2021/03/19 00:00:00+00,Fri 19 Mar 2021,10213,6087,1,509303,190740,27,509330,190767,12.04655424509,4.51197654501617,195
-7.6926,53.28823,2021/03/20 00:00:00+00,Sat 20 Mar 2021,5108,3089,0,514411,193829,27,514438,193856,12.1673674685089,4.58503685181743,196
-7.6926,53.28823,2021/03/21 00:00:00+00,Sun 21 Mar 2021,3536,39,0,517947,193868,27,517974,193895,12.2510001149476,4.58595927071197,197
-7.6926,53.28823,2021/03/22 00:00:00+00,Mon 22 Mar 2021,7281,2365,0,525228,196233,27,525255,196260,12.4232086270291,4.64189569854783,198
-7.6926,53.28823,2021/03/23 00:00:00+00,Tue 23 Mar 2021,12410,7346,1,537638,203579,28,537666,203607,12.7167507013931,4.81566522722016,199
-7.6926,53.28823,2021/03/24 00:00:00+00,Wed 24 Mar 2021,13484,9732,0,551122,213311,28,551150,213339,13.0356711212404,5.04584421905888,200
-7.6926,53.28823,2021/03/25 00:00:00+00,Thu 25 Mar 2021,20717,10174,1,571839,223485,29,571868,223514,13.5256884201424,5.28650094346897,201
-7.6926,53.28823,2021/03/26 00:00:00+00,Fri 26 Mar 2021,19550,9421,0,591389,232906,29,591418,232935,13.9880804557412,5.50932423591786,202
-7.6926,53.28823,2021/03/27 00:00:00+00,Sat 27 Mar 2021,11594,5291,1,602983,238197,30,603013,238227,14.2623226886193,5.63448938437763,203
-7.6926,53.28823,2021/03/28 00:00:00+00,Sun 28 Mar 2021,2404,459,0,605387,238656,30,605417,238686,14.3191815353497,5.64534554521343,204
-7.6926,53.28823,2021/03/28 23:00:00+00,Mon 29 Mar 2021,9131,3061,0,614518,241717,30,614548,241747,14.5351458155058,5.71774360255193,205
-7.6926,53.28823,2021/03/29 23:00:00+00,Tue 30 Mar 2021,13181,8605,1,627699,250322,31,627730,250353,14.846923401862,5.92129070528149,206
-7.6926,53.28823,2021/03/30 23:00:00+00,Wed 31 Mar 2021,15628,10416,0,643327,260738,31,643358,260769,15.2165532091426,6.16764750542453,207
-7.6926,53.28823,2021/03/31 23:00:00+00,Thu 01 Apr 2021,19535,11530,0,662862,272268,31,662893,272299,15.6785904682435,6.44035237347842,208
-7.6926,53.28823,2021/04/01 23:00:00+00,Fri 02 Apr 2021,19998,13666,1,682860,285934,32,682892,285966,16.1516021470128,6.76360106660006,209
-7.6926,53.28823,2021/04/02 23:00:00+00,Sat 03 Apr 2021,7421,4585,0,690281,290519,32,690313,290551,16.3271219064081,6.8720444161254,210
-7.6926,53.28823,2021/04/03 23:00:00+00,Sun 04 Apr 2021,2930,147,0,693211,290666,32,693243,290698,16.3964215823316,6.87552122580483,211
-7.6926,53.28823,2021/04/04 23:00:00+00,Mon 05 Apr 2021,3322,568,1,696533,291234,33,696566,291267,16.4750164025001,6.88897908095858,212
-7.6926,53.28823,2021/04/05 23:00:00+00,Tue 06 Apr 2021,11825,8099,1,708358,299333,34,708392,299367,16.7547221934459,7.08055838982558,213
-7.6926,53.28823,2021/04/06 23:00:00+00,Wed 07 Apr 2021,18170,10405,1,726528,309738,35,726563,309773,17.1844984430042,7.32667867230336,214
-7.6926,53.28823,2021/04/07 23:00:00+00,Thu 08 Apr 2021,20009,10489,0,746537,320227,35,746572,320262,17.6577466394388,7.57476205140286,215
-7.6926,53.28823,2021/04/08 23:00:00+00,Fri 09 Apr 2021,20553,9083,0,767090,329310,35,767125,329345,18.1438613968639,7.78959104676569,216
-7.6926,53.28823,2021/04/09 23:00:00+00,Sat 10 Apr 2021,11018,4125,2,778108,333435,37,778145,333472,18.4045038639891,7.88720188722175,217
-7.6926,53.28823,2021/04/10 23:00:00+00,Sun 11 Apr 2021,2778,312,0,780886,333747,37,780923,333784,18.4702084714005,7.89458123837811,218
-7.6926,53.28823,2021/04/11 23:00:00+00,Mon 12 Apr 2021,7642,2705,1,788528,336452,38,788566,336490,18.6509789229648,7.95858291859961,219
-7.6926,53.28823,2021/04/12 23:00:00+00,Tue 13 Apr 2021,11374,8513,0,799902,344965,38,799940,345003,18.9199941154405,8.15993040704217,220
-7.6926,53.28823,2021/04/13 23:00:00+00,Wed 14 Apr 2021,20197,6524,2,820099,351489,40,820139,351529,19.3977361475151,8.314281835396,221
-7.6926,53.28823,2021/04/14 23:00:00+00,Thu 15 Apr 2021,26954,10712,0,847053,362201,40,847093,362241,20.0352458624782,8.56763955843098,222
-7.6926,53.28823,2021/04/15 23:00:00+00,Fri 16 Apr 2021,27811,9748,1,874864,371949,41,874905,371990,20.6930487931213,8.79822063030066,223
-7.6926,53.28823,2021/04/16 23:00:00+00,Sat 17 Apr 2021,15699,4482,1,890563,376431,42,890605,376473,21.0643815275919,8.90425149964026,224
-7.6926,53.28823,2021/04/17 23:00:00+00,Sun 18 Apr 2021,985,431,0,891548,376862,42,891590,376904,21.0876785176208,8.9144454110133,225
-7.6926,53.28823,2021/04/18 23:00:00+00,Mon 19 Apr 2021,6619,2176,0,898167,379038,42,898209,379080,21.2442295602616,8.9659116549756,226
-7.6926,53.28823,2021/08/10 23:00:00+00,Wed 11 Aug 2021,6905,30900,633,3254859,2809126,226189,3481048,3035315,82.3329345645497,71.790561715264,227
-7.6926,53.28823,2021/08/11 23:00:00+00,Thu 12 Aug 2021,6636,37975,849,3261495,2847101,227038,3488533,3074139,82.5099680370027,72.7088178989001,228
-7.6926,53.28823,2021/08/12 23:00:00+00,Fri 13 Aug 2021,10803,27913,843,3272298,2875014,227881,3500179,3102895,82.7854165099737,73.3889480971444,229
-7.6926,53.28823,2021/08/13 23:00:00+00,Sat 14 Aug 2021,18041,5642,267,3290339,2880656,228148,3518487,3108804,83.2184330515462,73.5287063855512,230
-7.6926,53.28823,2021/08/14 23:00:00+00,Sun 15 Aug 2021,16955,3605,39,3307294,2884261,228187,3535481,3112448,83.6203711719025,73.6148934227749,231
-7.6926,53.28823,2021/08/15 23:00:00+00,Mon 16 Aug 2021,10101,22870,350,3317395,2907131,228537,3545932,3135668,83.8675557838739,74.1640874415269,232
-7.6926,53.28823,2021/08/16 23:00:00+00,Tue 17 Aug 2021,12772,26610,511,3330167,2933741,229048,3559215,3162789,84.1817221986493,74.8055470015,233
-7.6926,53.28823,2021/08/17 23:00:00+00,Wed 18 Aug 2021,15140,25515,645,3345307,2959256,229693,3575000,3188949,84.5550653332747,75.4242772138408,234
-7.6926,53.28823,2021/08/18 23:00:00+00,Thu 19 Aug 2021,11291,25454,522,3356598,2984710,230215,3586813,3214925,84.8344636512557,76.0386555011407,235
-7.6926,53.28823,2021/08/19 23:00:00+00,Fri 20 Aug 2021,14742,22021,664,3371340,3006731,230879,3602219,3237610,85.1988427663674,76.575195824801,236
-7.6926,53.28823,2021/08/20 23:00:00+00,Sat 21 Aug 2021,11802,7813,224,3383142,3014544,231103,3614245,3245647,85.4832789106186,76.7652850723768,237
-7.6926,53.28823,2021/08/21 23:00:00+00,Sun 22 Aug 2021,7984,12160,156,3391126,3026704,231259,3622385,3257963,85.6758042901466,77.0565802289207,238
-7.6926,53.28823,2021/08/22 23:00:00+00,Mon 23 Aug 2021,10796,15147,271,3401922,3041851,231530,3633452,3273381,85.9375583902986,77.4212431652308,239
-7.6926,53.28823,2021/08/23 23:00:00+00,Tue 24 Aug 2021,9638,22708,368,3411560,3064559,231898,3643458,3296457,86.1742179661657,77.967031329603,240
-7.6926,53.28823,2021/08/24 23:00:00+00,Wed 25 Aug 2021,9342,19268,305,3420902,3083827,232203,3653105,3316030,86.4023865578496,78.4299673558318,241
-7.6926,53.28823,2021/08/25 23:00:00+00,Thu 26 Aug 2021,8507,19222,358,3429409,3103049,232561,3661970,3335610,86.6120594681096,78.8930689444264,242
-7.6926,53.28823,2021/08/26 23:00:00+00,Fri 27 Aug 2021,9652,19016,425,3439061,3122065,232986,3672047,3355051,86.8503983194001,79.3528829374737,243
-7.6926,53.28823,2021/08/27 23:00:00+00,Sat 28 Aug 2021,9877,7764,145,3448938,3129829,233131,3682069,3362960,87.0874363235316,79.5399447589341,244
-7.6926,53.28823,2021/08/28 23:00:00+00,Sun 29 Aug 2021,8782,9121,23,3457720,3138950,233154,3690874,3372104,87.2956901278,79.7562165120551,245
-7.6926,53.28823,2021/08/29 23:00:00+00,Mon 30 Aug 2021,5015,10950,77,3462735,3149900,233231,3695966,3383131,87.4161249229544,80.017024541546,246
-7.6926,53.28823,2021/08/30 23:00:00+00,Tue 31 Aug 2021,4010,12668,134,3466745,3162568,233365,3700110,3395933,87.5141378434414,80.319814456622,247
-7.6926,53.28823,2021/08/31 23:00:00+00,Wed 01 Sep 2021,4895,12362,171,3471640,3174930,233536,3705176,3408466,87.6339576926661,80.6162420465022,248
-7.6926,53.28823,2021/09/01 23:00:00+00,Thu 02 Sep 2021,4959,12228,243,3476599,3187158,233779,3710378,3420937,87.7569941821385,80.9112032268578,249
-7.6926,53.28823,2021/09/02 23:00:00+00,Fri 03 Sep 2021,4718,15881,159,3481317,3203039,233938,3715255,3436977,87.8723438474896,81.2905775619475,250
-7.6926,53.28823,2021/09/03 23:00:00+00,Sat 04 Sep 2021,4600,10497,128,3485917,3213536,234066,3719983,3447602,87.9841693996283,81.5418775812947,251
-7.6926,53.28823,2021/09/04 23:00:00+00,Sun 05 Sep 2021,5290,11833,0,3491207,3225369,234066,3725273,3459435,88.109287244555,81.8217489346062,252
-7.6926,53.28823,2021/09/05 23:00:00+00,Mon 06 Sep 2021,2103,9563,68,3493310,3234932,234134,3727444,3469066,88.1606352296847,82.0495390980257,253
-7.6926,53.28823,2021/09/06 23:00:00+00,Tue 07 Sep 2021,2994,9887,134,3496304,3244819,234268,3730572,3479087,88.2346179553805,82.2865534503907,254
-7.6926,53.28823,2021/09/07 23:00:00+00,Wed 08 Sep 2021,2568,14677,178,3498872,3259496,234446,3733318,3493942,88.299565706263,82.6379004421461,255
-7.6926,53.28823,2021/09/08 23:00:00+00,Thu 09 Sep 2021,3075,14677,135,3501947,3274173,234581,3736528,3508754,88.375487876814,82.9882304079409,256
-7.6926,53.28823,2021/09/09 23:00:00+00,Fri 10 Sep 2021,3348,13839,107,3505295,3288012,234688,3739983,3522700,88.4572047301641,83.3180779439236,257
-7.6926,53.28823,2021/09/10 23:00:00+00,Sat 11 Sep 2021,2537,11227,57,3507832,3299239,234745,3742577,3533984,88.5185574125346,83.5849644774118,258
-7.6926,53.28823,2021/09/11 23:00:00+00,Sun 12 Sep 2021,2022,12842,0,3509854,3312081,234745,3744599,3546826,88.5663812844518,83.8887004631489,259
-7.6926,53.28823,2021/09/12 23:00:00+00,Mon 13 Sep 2021,1573,7636,46,3511427,3319717,234791,3746218,3554508,88.6046734944586,84.0703933336077,260
-7.6926,53.28823,2021/09/13 23:00:00+00,Tue 14 Sep 2021,1515,10672,79,3512942,3330389,234870,3747812,3565259,88.6423744103023,84.3246734755372,261
-7.6926,53.28823,2021/09/14 23:00:00+00,Wed 15 Sep 2021,3244,12307,130,3516186,3342696,235000,3751186,3577696,88.7221754705637,84.6188304958309,262
-7.6926,53.28823,2021/09/15 23:00:00+00,Thu 16 Sep 2021,1881,10499,109,3518067,3353195,235109,3753176,3588304,88.769242485952,84.8697284351471,263
-7.6926,53.28823,2021/09/16 23:00:00+00,Fri 17 Sep 2021,2534,14515,89,3520601,3367710,235198,3755799,3602908,88.8312810695518,85.2151388335043,264
-7.6926,53.28823,2021/09/17 23:00:00+00,Sat 18 Sep 2021,2268,11165,40,3522869,3378875,235238,3758107,3614113,88.8858693466956,85.480156877437,265
-7.6926,53.28823,2021/09/18 23:00:00+00,Sun 19 Sep 2021,1853,8455,11,3524722,3387330,235249,3759971,3622579,88.9299562395016,85.6803927328528,266
-7.6926,53.28823,2021/09/19 23:00:00+00,Mon 20 Sep 2021,946,5549,29,3525668,3392879,235278,3760946,3628157,88.9530167118652,85.8123222865393,267
-7.6926,53.28823,2021/09/20 23:00:00+00,Tue 21 Sep 2021,1440,6588,89,3527108,3399467,235367,3762475,3634834,88.9891802628847,85.9702451316386,268
-7.6926,53.28823,2021/09/21 23:00:00+00,Wed 22 Sep 2021,1881,8064,94,3528989,3407531,235461,3764450,3642992,89.0358925017751,86.1631962429642,269
-7.6926,53.28823,2021/09/22 23:00:00+00,Thu 23 Sep 2021,1677,8680,85,3530666,3416211,235546,3766212,3651757,89.0775669143953,86.3705039765715,270
-7.6926,53.28823,2021/09/23 23:00:00+00,Fri 24 Sep 2021,1895,7294,79,3532561,3423505,235625,3768186,3659130,89.1242555015192,86.5448884511735,271
-7.6926,53.28823,2021/09/24 23:00:00+00,Sat 25 Sep 2021,2399,6532,50,3534960,3430037,235675,3770635,3665712,89.1821786777433,86.7005643784529,272
-7.6926,53.28823,2021/09/25 23:00:00+00,Sun 26 Sep 2021,1535,7077,0,3536495,3437114,235675,3772170,3672789,89.2184841393619,86.867947930163,273
-7.6926,53.28823,2021/09/26 23:00:00+00,Mon 27 Sep 2021,1164,3697,45,3537659,3440811,235720,3773379,3676531,89.2470791250928,86.9564528405062,274
-7.6926,53.28823,2021/09/27 23:00:00+00,Tue 28 Sep 2021,1434,5039,89,3539093,3445850,235809,3774902,3681659,89.2831007655131,87.0777390992556,275
-7.6926,53.28823,2021/09/28 23:00:00+00,Wed 29 Sep 2021,1630,3533,72,3540723,3449383,235881,3776604,3685264,89.3233560721417,87.1630037175847,276
-7.6926,53.28823,2021/09/29 23:00:00+00,Thu 30 Sep 2021,1265,3877,77,3541988,3453260,235958,3777946,3689218,89.3550967428206,87.2565228024316,277
-7.6926,53.28823,2021/09/30 23:00:00+00,Fri 01 Oct 2021,1830,5088,37,3543818,3458348,235995,3779813,3694343,89.3992545909261,87.3777381058814,278
-7.6926,53.28823,2021/10/01 23:00:00+00,Sat 02 Oct 2021,1703,4035,39,3545521,3462383,236034,3781555,3698417,89.4404559682158,87.4740954027115,279
-7.6926,53.28823,2021/10/02 23:00:00+00,Sun 03 Oct 2021,1203,2989,8,3546724,3465372,236042,3782766,3701414,89.4690982574798,87.5449797469923,280
-7.6926,53.28823,2021/10/03 23:00:00+00,Mon 04 Oct 2021,328,1156,16,3547052,3466528,236058,3783110,3702586,89.477234465165,87.5726996173617,281
-7.6926,53.28823,2021/10/04 23:00:00+00,Tue 05 Oct 2021,970,2748,68,3548022,3469276,236126,3784148,3705402,89.5017849988198,87.6393029919012,282
-7.6926,53.28823,2021/10/05 23:00:00+00,Wed 06 Oct 2021,973,2488,34,3548995,3471764,236160,3785155,3707924,89.5256023277122,87.6989527470817,283
-7.6926,53.28823,2021/10/06 23:00:00+00,Thu 07 Oct 2021,1197,2626,41,3550192,3474390,236201,3786393,3710591,89.5548832146724,87.7620320084087,284
-7.6926,53.28823,2021/10/07 23:00:00+00,Fri 08 Oct 2021,980,2680,42,3551172,3477070,236243,3787415,3713313,89.5790553200628,87.8264121168946,285
-7.6926,53.28823,2021/10/08 23:00:00+00,Sat 09 Oct 2021,728,2317,18,3551900,3479387,236261,3788161,3715648,89.5966995378918,87.8816389917347,286
-7.6926,53.28823,2021/10/09 23:00:00+00,Sun 10 Oct 2021,1526,3888,0,3553426,3483275,236261,3789687,3719536,89.6327921336117,87.9735970599908,287
-7.6926,53.28823,2021/10/10 23:00:00+00,Mon 11 Oct 2021,323,1065,12,3553749,3484340,236273,3790022,3720613,89.6407154753982,87.9990700125402,288
-7.6926,53.28823,2021/10/11 23:00:00+00,Tue 12 Oct 2021,545,1562,20,3554294,3485902,236293,3790587,3722195,89.6540787234858,88.0364871071856,289
-7.6926,53.28823,2021/10/12 23:00:00+00,Wed 13 Oct 2021,997,1974,9,3555291,3487876,236302,3791593,3724178,89.6778724006117,88.0833885602082,290
-7.6926,53.28823,2021/10/13 23:00:00+00,Thu 14 Oct 2021,695,1510,7,3555986,3489386,236309,3792295,3725695,89.6944759407135,88.1192682900293,291
-7.6926,53.28823,2021/10/14 23:00:00+00,Fri 15 Oct 2021,949,1997,5,3556935,3491383,236314,3793249,3727697,89.7170397259801,88.166619126616,292
-7.6926,53.28823,2021/10/15 23:00:00+00,Sat 16 Oct 2021,1375,2589,11,3558310,3493972,236325,3794635,3730297,89.7498210743862,88.2281137195856,293
-7.6926,53.28823,2021/10/16 23:00:00+00,Sun 17 Oct 2021,1709,2868,1,3560019,3496840,236326,3796345,3733166,89.790265595147,88.295970637751,294
-7.6926,53.28823,2021/10/17 23:00:00+00,Mon 18 Oct 2021,668,1168,3,3560687,3498008,236329,3797016,3734337,89.8061359304865,88.3236668563538,295
-7.6926,53.28823,2021/10/18 23:00:00+00,Tue 19 Oct 2021,1326,1727,10,3562013,3499735,236339,3798352,3736074,89.8377346905663,88.3647499748109,296
-7.6926,53.28823,2021/10/19 23:00:00+00,Wed 20 Oct 2021,2243,2249,0,3564256,3501984,236339,3800595,3738323,89.8907856028859,88.4179427977296,297
-7.6926,53.28823,2021/10/20 23:00:00+00,Thu 21 Oct 2021,1745,1760,8,3566001,3503744,236347,3802348,3740091,89.9322471496074,88.459759120949,298
-7.6926,53.28823,2021/10/21 23:00:00+00,Fri 22 Oct 2021,1477,1886,0,3567478,3505630,236347,3803825,3741977,89.9671808087674,88.5043663526185,299
-7.6926,53.28823,2021/10/22 23:00:00+00,Sat 23 Oct 2021,2002,1658,0,3569480,3507288,236347,3805827,3743635,90.0145316453541,88.5435809815199,300
-7.6926,53.28823,2021/10/23 23:00:00+00,Sun 24 Oct 2021,1942,2171,0,3571422,3509459,236347,3807769,3745806,90.0604633759491,88.5949289666496,301
-7.6926,53.28823,2021/10/24 23:00:00+00,Mon 25 Oct 2021,1210,805,0,3572632,3510264,236347,3808979,3746611,90.0890820134465,88.6139686387037,302
-7.6926,53.28823,2021/10/25 23:00:00+00,Tue 26 Oct 2021,1232,1158,5,3573864,3511422,236352,3810216,3747774,90.1183392486401,88.6414756431743,303
-7.6926,53.28823,2021/10/26 23:00:00+00,Wed 27 Oct 2021,1550,1382,4,3575414,3512804,236356,3811770,3749160,90.1550940938228,88.6742569915804,304
-7.6926,53.28823,2021/10/27 23:00:00+00,Thu 28 Oct 2021,2137,1638,2,3577551,3514442,236358,3813909,3750800,90.2056852224236,88.7130458886844,305
-7.6926,53.28823,2021/10/28 23:00:00+00,Fri 29 Oct 2021,2121,1310,0,3579672,3515752,236358,3816030,3752110,90.2558506192269,88.7440297028345,306
-7.6926,53.28823,2021/10/29 23:00:00+00,Sat 30 Oct 2021,1997,1418,0,3581669,3517170,236358,3818027,3753528,90.3030831969809,88.7775679077695,307
-7.6926,53.28823,2021/10/30 23:00:00+00,Sun 31 Oct 2021,1622,1309,0,3583291,3518479,236358,3819649,3754837,90.3414463622873,88.808528070153,308
-7.6926,53.28823,2021/11/01 00:00:00+00,Mon 01 Nov 2021,246,240,0,3583537,3518719,236358,3819895,3755077,90.3472646968529,88.8142044941195,309
-7.6926,53.28823,2021/11/02 00:00:00+00,Tue 02 Nov 2021,1078,1047,9,3584615,3519766,236367,3820982,3756133,90.3729741670676,88.8391807595718,310
-7.6926,53.28823,2021/11/03 00:00:00+00,Wed 03 Nov 2021,2517,1772,5,3587132,3521538,236372,3823504,3757910,90.4326239222481,88.8812099486899,311
-7.6926,53.28823,2021/11/04 00:00:00+00,Thu 04 Nov 2021,1541,1208,0,3588673,3522746,236372,3825045,3759118,90.4690712944659,88.9097812826542,312
-7.6926,53.28823,2021/11/05 00:00:00+00,Fri 05 Nov 2021,1595,1001,0,3590268,3523747,236372,3826640,3760119,90.5067958620761,88.9334567009475,313
-7.6926,53.28823,2021/11/06 00:00:00+00,Sat 06 Nov 2021,1818,1310,5,3592086,3525057,236377,3828463,3761434,90.5499130324545,88.9645587739303,314
-7.6926,53.28823,2021/11/07 00:00:00+00,Sun 07 Nov 2021,728,763,0,3592814,3525820,236377,3829191,3762197,90.567131518486,88.9826050717902,315
-7.6926,53.28823,2021/11/08 00:00:00+00,Mon 08 Nov 2021,501,481,1,3593315,3526301,236378,3829693,3762679,90.5790047052824,88.9940052232561,316
-7.6926,53.28823,2021/11/09 00:00:00+00,Tue 09 Nov 2021,1366,978,1,3594681,3527279,236379,3831060,3763658,90.6113366701246,89.0171603026859,317
-7.6926,53.28823,2021/11/10 00:00:00+00,Wed 10 Nov 2021,1562,1266,0,3596243,3528545,236379,3832622,3764924,90.6482807294394,89.0471034391088,318
-7.6926,53.28823,2021/11/11 00:00:00+00,Thu 11 Nov 2021,1386,1029,1,3597629,3529574,236380,3834009,3765954,90.6810857296121,89.0714647586314,319
-7.6926,53.28823,2021/11/12 00:00:00+00,Fri 12 Nov 2021,1125,1046,5,3598754,3530620,236385,3835139,3767005,90.7078122257873,89.096322765251,320
-7.6926,53.28823,2021/11/13 00:00:00+00,Sat 13 Nov 2021,1399,1320,1,3600153,3531940,236386,3836539,3768326,90.7409246989248,89.1275667488329,321
-7.6926,53.28823,2021/11/14 00:00:00+00,Sun 14 Nov 2021,1642,1789,0,3601795,3533729,236386,3838181,3770115,90.7797608995618,89.1698797591493,322
-7.6926,53.28823,2021/11/15 00:00:00+00,Mon 15 Nov 2021,1236,526,0,3603031,3534255,236386,3839417,3770641,90.8089944829889,89.1823205883424,323
-7.6926,53.28823,2021/11/16 00:00:00+00,Tue 16 Nov 2021,1296,993,4,3604327,3535248,236390,3840717,3771638,90.8397417794738,89.2059013995696,324
-7.6926,53.28823,2021/11/17 00:00:00+00,Wed 17 Nov 2021,1491,1014,0,3605818,3536262,236390,3842208,3772652,90.8750065633652,89.2298842908278,325
-7.6926,53.28823,2021/11/18 00:00:00+00,Thu 18 Nov 2021,1600,2395,5,3607418,3538657,236395,3843813,3775052,90.9129676486407,89.2866485304921,326
-7.6926,53.28823,2021/11/19 00:00:00+00,Fri 19 Nov 2021,1113,1415,0,3608531,3540072,236395,3844926,3776467,90.939292064785,89.3201157801275,327
-7.6926,53.28823,2021/11/20 00:00:00+00,Sat 20 Nov 2021,1486,2857,10,3610017,3542929,236405,3846422,3779334,90.9746751075091,89.3879253947598,328
-7.6926,53.28823,2021/11/21 00:00:00+00,Sun 21 Nov 2021,1774,2740,0,3611791,3545669,236405,3848196,3782074,91.0166333413276,89.4527312350432,329
-7.6926,53.28823,2021/11/22 00:00:00+00,Mon 22 Nov 2021,676,433,2,3612467,3546102,236407,3848874,3782509,91.0326692390328,89.4630197534824,330
-7.6926,53.28823,2021/11/23 00:00:00+00,Tue 23 Nov 2021,2132,1494,4,3614599,3547596,236411,3851010,3784007,91.083189412334,89.4984500997395,331
-7.6926,53.28823,2021/11/24 00:00:00+00,Wed 24 Nov 2021,1562,2985,0,3616161,3550581,236411,3852572,3786992,91.1201334716489,89.569050622822,332
-7.6926,53.28823,2021/11/25 00:00:00+00,Thu 25 Nov 2021,894,1033,0,3617055,3551614,236411,3853466,3788025,91.1412781509238,89.5934828976441,333
-7.6926,53.28823,2021/11/26 00:00:00+00,Fri 26 Nov 2021,1183,888,13,3618238,3552502,236424,3854662,3788926,91.1695656636899,89.6147931392848,334
-7.6926,53.28823,2021/11/27 00:00:00+00,Sat 27 Nov 2021,1205,1464,0,3619443,3553966,236424,3855867,3790390,91.1980660423546,89.64941932548,335
-7.6926,53.28823,2021/11/28 00:00:00+00,Sun 28 Nov 2021,1964,2219,0,3621407,3556185,236424,3857831,3792609,91.2445181118132,89.701902595403,336
-7.6926,53.28823,2021/11/29 00:00:00+00,Mon 29 Nov 2021,493,867,1,3621900,3557052,236425,3858325,3793477,91.2562020844775,89.7224323287482,337
