X,Y,VaccinationDate,VaccineText,Dose1,Dose2,SingleDose,Dose1Cum,Dose2Cum,SingleDoseCum,PartiallyVacc,FullyVacc,PartialPercent,FullyPercent,ObjectId
-7.6926,53.28823,2022/06/25 23:00:00+00,Sun 26 Jun 2022,174,402,0,3856821,3810037,241233,4098054,4051270,80.3503921098445,79.4330999647271,1
-7.6926,53.28823,2022/06/26 23:00:00+00,Mon 27 Jun 2022,5,35,0,3856826,3810072,241233,4098059,4051305,80.3504901446582,79.4337862084232,2
-7.6926,53.28823,2022/06/27 23:00:00+00,Tue 28 Jun 2022,48,60,0,3856874,3810132,241233,4098107,4051365,80.35143127887,79.434962626188,3
-7.6926,53.28823,2022/06/28 23:00:00+00,Wed 29 Jun 2022,62,81,4,3856936,3810213,241237,4098173,4051450,80.3527253384113,79.4366292180214,4
-7.6926,53.28823,2022/06/29 23:00:00+00,Thu 30 Jun 2022,48,89,0,3856984,3810302,241237,4098221,4051539,80.3536664726231,79.4383742377058,5
-7.6926,53.28823,2022/06/30 23:00:00+00,Fri 01 Jul 2022,45,66,0,3857029,3810368,241237,4098266,4051605,80.3545487859467,79.439668297247,6
-7.6926,53.28823,2022/07/01 23:00:00+00,Sat 02 Jul 2022,181,228,0,3857210,3810596,241237,4098447,4051833,80.3580976462037,79.4441386847532,7
-7.6926,53.28823,2022/07/02 23:00:00+00,Sun 03 Jul 2022,108,274,0,3857318,3810870,241237,4098555,4052107,80.3602151981803,79.4495109925456,8
-7.6926,53.28823,2022/07/03 23:00:00+00,Mon 04 Jul 2022,14,15,1,3857332,3810885,241238,4098570,4052123,80.3605093026215,79.4498247039496,9
-7.6926,53.28823,2022/07/04 23:00:00+00,Tue 05 Jul 2022,50,69,0,3857382,3810954,241238,4098620,4052192,80.3614896507588,79.4511775843791,10
-7.6926,53.28823,2022/07/05 23:00:00+00,Wed 06 Jul 2022,61,83,0,3857443,3811037,241238,4098681,4052275,80.3626856754863,79.452804962287,11
-7.6926,53.28823,2022/07/06 23:00:00+00,Thu 07 Jul 2022,78,77,0,3857521,3811114,241238,4098759,4052352,80.3642150185805,79.4543146984184,12
-7.6926,53.28823,2022/07/07 23:00:00+00,Fri 08 Jul 2022,98,91,0,3857619,3811205,241238,4098857,4052443,80.3661365009297,79.4560989320284,13
-7.6926,53.28823,2022/07/08 23:00:00+00,Sat 09 Jul 2022,119,144,0,3857738,3811349,241238,4098976,4052587,80.3684697294965,79.4589223346638,14
-7.6926,53.28823,2022/07/09 23:00:00+00,Sun 10 Jul 2022,134,219,0,3857872,3811568,241238,4099110,4052806,80.3710970625044,79.4632162595052,15
-7.6926,53.28823,2022/07/10 23:00:00+00,Mon 11 Jul 2022,10,16,0,3857882,3811584,241238,4099120,4052822,80.3712931321319,79.4635299709091,16
-7.6926,53.28823,2022/07/11 23:00:00+00,Tue 12 Jul 2022,38,82,0,3857920,3811666,241238,4099158,4052904,80.3720381967163,79.4651377418543,17
-7.6926,53.28823,2022/07/12 23:00:00+00,Wed 13 Jul 2022,93,74,1,3858013,3811740,241239,4099252,4052979,80.3738812512144,79.4666082640603,18
-7.6926,53.28823,2022/07/13 23:00:00+00,Thu 14 Jul 2022,45,39,0,3858058,3811779,241239,4099297,4053018,80.374763564538,79.4673729356074,19
-7.6926,53.28823,2022/07/14 23:00:00+00,Fri 15 Jul 2022,75,118,1,3858133,3811897,241240,4099373,4053137,80.3762536937067,79.4697061641742,20
-7.6926,53.28823,2022/07/15 23:00:00+00,Sat 16 Jul 2022,122,209,0,3858255,3812106,241240,4099495,4053346,80.3786457431617,79.4738040193882,21
-7.6926,53.28823,2022/07/16 23:00:00+00,Sun 17 Jul 2022,119,165,0,3858374,3812271,241240,4099614,4053511,80.3809789717285,79.4770391682413,22
-7.6926,53.28823,2022/07/17 23:00:00+00,Mon 18 Jul 2022,12,20,0,3858386,3812291,241240,4099626,4053531,80.3812142552815,79.4774313074962,23
-7.6926,53.28823,2022/07/18 23:00:00+00,Tue 19 Jul 2022,29,34,0,3858415,3812325,241240,4099655,4053565,80.3817828572011,79.4780979442296,24
-7.6926,53.28823,2022/07/19 23:00:00+00,Wed 20 Jul 2022,75,66,0,3858490,3812391,241240,4099730,4053631,80.3832533794071,79.4793920037708,25
-7.6926,53.28823,2022/07/20 23:00:00+00,Thu 21 Jul 2022,49,30,0,3858539,3812421,241240,4099779,4053661,80.3842141205816,79.4799802126532,26
-7.6926,53.28823,2022/07/21 23:00:00+00,Fri 22 Jul 2022,73,70,0,3858612,3812491,241240,4099852,4053731,80.3856454288621,79.4813527000454,27
-7.6926,53.28823,2022/07/22 23:00:00+00,Sat 23 Jul 2022,100,175,0,3858712,3812666,241240,4099952,4053906,80.3876061251367,79.484783918526,28
-7.6926,53.28823,2022/07/23 23:00:00+00,Sun 24 Jul 2022,108,230,0,3858820,3812896,241240,4100060,4054136,80.3897236771133,79.4892935199576,29
-7.6926,53.28823,2022/07/24 23:00:00+00,Mon 25 Jul 2022,14,23,0,3858834,3812919,241240,4100074,4054159,80.3899981745918,79.4897444801008,30
-7.6926,53.28823,2022/07/25 23:00:00+00,Tue 26 Jul 2022,17,16,0,3858851,3812935,241240,4100091,4054175,80.3903314929585,79.4900581915047,31
-7.6926,53.28823,2022/07/26 23:00:00+00,Wed 27 Jul 2022,58,72,1,3858909,3813007,241241,4100150,4054248,80.3914883037605,79.4914894997852,32
-7.6926,53.28823,2022/07/27 23:00:00+00,Thu 28 Jul 2022,33,73,0,3858942,3813080,241241,4100183,4054321,80.3921353335311,79.4929208080657,33
-7.6926,53.28823,2022/07/28 23:00:00+00,Fri 29 Jul 2022,70,105,0,3859012,3813185,241241,4100253,4054426,80.3935078209233,79.494979539154,34
-7.6926,53.28823,2022/07/29 23:00:00+00,Sat 30 Jul 2022,100,119,0,3859112,3813304,241241,4100353,4054545,80.395468517198,79.4973127677208,35
-7.6926,53.28823,2022/07/30 23:00:00+00,Sun 31 Jul 2022,32,57,0,3859144,3813361,241241,4100385,4054602,80.3960959400058,79.4984303645974,36
-7.6926,53.28823,2022/07/31 23:00:00+00,Mon 01 Aug 2022,9,15,0,3859153,3813376,241241,4100394,4054617,80.3962724026705,79.4987244690385,37
-7.6926,53.28823,2022/08/01 23:00:00+00,Tue 02 Aug 2022,35,31,0,3859188,3813407,241241,4100429,4054648,80.3969586463667,79.4993322848837,38
-7.6926,53.28823,2022/08/02 23:00:00+00,Wed 03 Aug 2022,89,139,0,3859277,3813546,241241,4100518,4054787,80.3987036660511,79.5020576527054,39
-7.6926,53.28823,2022/08/03 23:00:00+00,Thu 04 Aug 2022,43,54,0,3859320,3813600,241241,4100561,4054841,80.3995467654492,79.5031164286937,40
-7.6926,53.28823,2022/08/04 23:00:00+00,Fri 05 Aug 2022,94,91,0,3859414,3813691,241241,4100655,4054932,80.4013898199473,79.5049006623036,41
-7.6926,53.28823,2022/08/05 23:00:00+00,Sat 06 Aug 2022,74,130,0,3859488,3813821,241241,4100729,4055062,80.4028407351905,79.5074495674606,42
-7.6926,53.28823,2022/08/06 23:00:00+00,Sun 07 Aug 2022,29,80,0,3859517,3813901,241241,4100758,4055142,80.4034093371101,79.5090181244803,43
-7.6926,53.28823,2022/08/07 23:00:00+00,Mon 08 Aug 2022,11,16,0,3859528,3813917,241241,4100769,4055158,80.4036250137004,79.5093318358842,44
-7.6926,53.28823,2022/08/08 23:00:00+00,Tue 09 Aug 2022,46,41,0,3859574,3813958,241241,4100815,4055199,80.4045269339867,79.5101357213568,45
-7.6926,53.28823,2022/08/09 23:00:00+00,Wed 10 Aug 2022,54,94,1,3859628,3814052,241242,4100870,4055294,80.4056053169377,79.5119983828177,46
-7.6926,53.28823,2022/08/10 23:00:00+00,Thu 11 Aug 2022,22,42,0,3859650,3814094,241242,4100892,4055336,80.4060366701181,79.5128218752531,47
-7.6926,53.28823,2022/08/11 23:00:00+00,Fri 12 Aug 2022,66,75,0,3859716,3814169,241242,4100958,4055411,80.4073307296594,79.514292397459,48
-7.6926,53.28823,2022/08/12 23:00:00+00,Sat 13 Aug 2022,102,151,0,3859818,3814320,241242,4101060,4055562,80.4093306398595,79.5172530488337,49
-7.6926,53.28823,2022/08/13 23:00:00+00,Sun 14 Aug 2022,17,26,0,3859835,3814346,241242,4101077,4055588,80.4096639582262,79.5177628298651,50
-7.6926,53.28823,2022/08/14 23:00:00+00,Mon 15 Aug 2022,6,11,0,3859841,3814357,241242,4101083,4055599,80.4097816000027,79.5179785064553,51
-7.6926,53.28823,2022/08/15 23:00:00+00,Tue 16 Aug 2022,41,29,0,3859882,3814386,241242,4101124,4055628,80.4105854854753,79.5185471083749,52
-7.6926,53.28823,2022/08/16 23:00:00+00,Wed 17 Aug 2022,49,58,0,3859931,3814444,241242,4101173,4055686,80.4115462266498,79.5196843122142,53
-7.6926,53.28823,2022/08/17 23:00:00+00,Thu 18 Aug 2022,52,40,0,3859983,3814484,241242,4101225,4055726,80.4125657887126,79.5204685907241,54
-7.6926,53.28823,2022/08/18 23:00:00+00,Fri 19 Aug 2022,69,56,0,3860052,3814540,241242,4101294,4055782,80.4139186691421,79.5215665806379,55
-7.6926,53.28823,2022/08/19 23:00:00+00,Sat 20 Aug 2022,109,127,0,3860161,3814667,241242,4101403,4055909,80.4160558280814,79.5240566649066,56
-7.6926,53.28823,2022/08/20 23:00:00+00,Sun 21 Aug 2022,39,36,0,3860200,3814703,241242,4101442,4055945,80.4168204996286,79.5247625155655,57
-7.6926,53.28823,2022/08/21 23:00:00+00,Mon 22 Aug 2022,12,13,0,3860212,3814716,241242,4101454,4055958,80.4170557831815,79.5250174060812,58
-7.6926,53.28823,2022/08/22 23:00:00+00,Tue 23 Aug 2022,76,72,0,3860288,3814788,241242,4101530,4056030,80.4185459123502,79.5264291073989,59
-7.6926,53.28823,2022/08/23 23:00:00+00,Wed 24 Aug 2022,53,56,0,3860341,3814844,241242,4101583,4056086,80.4195850813758,79.5275270973127,60
-7.6926,53.28823,2022/08/24 23:00:00+00,Thu 25 Aug 2022,38,49,0,3860379,3814893,241242,4101621,4056135,80.4203301459601,79.5284878384873,61
-7.6926,53.28823,2022/08/25 23:00:00+00,Fri 26 Aug 2022,95,90,0,3860474,3814983,241242,4101716,4056225,80.422192807421,79.5302524651344,62
-7.6926,53.28823,2022/08/26 23:00:00+00,Sat 27 Aug 2022,86,119,0,3860560,3815102,241242,4101802,4056344,80.4238790062172,79.5325856937012,63
-7.6926,53.28823,2022/08/27 23:00:00+00,Sun 28 Aug 2022,44,21,0,3860604,3815123,241242,4101846,4056365,80.424741712578,79.5329974399189,64
-7.6926,53.28823,2022/08/28 23:00:00+00,Mon 29 Aug 2022,11,12,0,3860615,3815135,241242,4101857,4056377,80.4249573891682,79.5332327234718,65
-7.6926,53.28823,2022/08/29 23:00:00+00,Tue 30 Aug 2022,41,44,1,3860656,3815179,241243,4101899,4056422,80.4257808816035,79.5341150367954,66
-7.6926,53.28823,2022/08/30 23:00:00+00,Wed 31 Aug 2022,26,29,0,3860682,3815208,241243,4101925,4056451,80.4262906626349,79.534683638715,67
-7.6926,53.28823,2022/08/31 23:00:00+00,Thu 01 Sep 2022,31,32,0,3860713,3815240,241243,4101956,4056483,80.4268984784801,79.5353110615229,68
-7.6926,53.28823,2022/09/01 23:00:00+00,Fri 02 Sep 2022,47,51,0,3860760,3815291,241243,4102003,4056534,80.4278200057292,79.536311016623,69
-7.6926,53.28823,2022/09/02 23:00:00+00,Sat 03 Sep 2022,66,101,0,3860826,3815392,241243,4102069,4056635,80.4291140652704,79.5382913198603,70
-7.6926,53.28823,2022/09/03 23:00:00+00,Sun 04 Sep 2022,58,82,0,3860884,3815474,241243,4102127,4056717,80.4302512691097,79.5398990908055,71
-7.6926,53.28823,2022/09/04 23:00:00+00,Mon 05 Sep 2022,10,6,0,3860894,3815480,241243,4102137,4056723,80.4304473387371,79.540016732582,72
-7.6926,53.28823,2022/09/05 23:00:00+00,Tue 06 Sep 2022,37,22,0,3860931,3815502,241243,4102174,4056745,80.4311727963588,79.5404480857624,73
-7.6926,53.28823,2022/09/06 23:00:00+00,Wed 07 Sep 2022,39,42,0,3860970,3815544,241243,4102213,4056787,80.4319374679059,79.5412715781978,74
-7.6926,53.28823,2022/09/07 23:00:00+00,Thu 08 Sep 2022,31,52,2,3861001,3815596,241245,4102246,4056841,80.4325844976765,79.542330354186,75
-7.6926,53.28823,2022/09/08 23:00:00+00,Fri 09 Sep 2022,59,60,0,3861060,3815656,241245,4102305,4056901,80.4337413084785,79.5435067719508,76
-7.6926,53.28823,2022/09/09 23:00:00+00,Sat 10 Sep 2022,94,135,0,3861154,3815791,241245,4102399,4057036,80.4355843629766,79.5461537119216,77
-7.6926,53.28823,2022/09/10 23:00:00+00,Sun 11 Sep 2022,58,58,0,3861212,3815849,241245,4102457,4057094,80.4367215668159,79.5472909157608,78
-7.6926,53.28823,2022/09/11 23:00:00+00,Mon 12 Sep 2022,11,13,0,3861223,3815862,241245,4102468,4057107,80.4369372434061,79.5475458062765,79
-7.6926,53.28823,2022/09/12 23:00:00+00,Tue 13 Sep 2022,25,25,0,3861248,3815887,241245,4102493,4057132,80.4374274174748,79.5480359803452,80
-7.6926,53.28823,2022/09/13 23:00:00+00,Wed 14 Sep 2022,32,32,0,3861280,3815919,241245,4102525,4057164,80.4380548402827,79.5486634031531,81
-7.6926,53.28823,2022/09/14 23:00:00+00,Thu 15 Sep 2022,32,36,0,3861312,3815955,241245,4102557,4057200,80.4386822630905,79.5493692538119,82
-7.6926,53.28823,2022/09/15 23:00:00+00,Fri 16 Sep 2022,36,56,0,3861348,3816011,241245,4102593,4057256,80.4393881137494,79.5504672437257,83
-7.6926,53.28823,2022/09/16 23:00:00+00,Sat 17 Sep 2022,64,149,0,3861412,3816160,241245,4102657,4057405,80.4406429593652,79.5533886811749,84
-7.6926,53.28823,2022/09/17 23:00:00+00,Sun 18 Sep 2022,30,54,0,3861442,3816214,241245,4102687,4057459,80.4412311682475,79.5544474571632,85
-7.6926,53.28823,2022/09/18 23:00:00+00,Mon 19 Sep 2022,9,11,0,3861451,3816225,241245,4102696,4057470,80.4414076309123,79.5546631337534,86
-7.6926,53.28823,2022/09/19 23:00:00+00,Tue 20 Sep 2022,35,37,0,3861486,3816262,241245,4102731,4057507,80.4420938746084,79.555388591375,87
-7.6926,53.28823,2022/09/20 23:00:00+00,Wed 21 Sep 2022,38,32,0,3861524,3816294,241245,4102769,4057539,80.4428389391927,79.5560160141829,88
-7.6926,53.28823,2022/09/21 23:00:00+00,Thu 22 Sep 2022,37,35,0,3861561,3816329,241245,4102806,4057574,80.4435643968143,79.556702257879,89
-7.6926,53.28823,2022/09/22 23:00:00+00,Fri 23 Sep 2022,35,40,0,3861596,3816369,241245,4102841,4057614,80.4442506405104,79.5574865363889,90
-7.6926,53.28823,2022/09/23 23:00:00+00,Sat 24 Sep 2022,54,104,0,3861650,3816473,241245,4102895,4057718,80.4453094164987,79.5595256605145,91
-7.6926,53.28823,2022/09/24 23:00:00+00,Sun 25 Sep 2022,42,75,0,3861692,3816548,241245,4102937,4057793,80.4461329089341,79.5609961827204,92
-7.6926,53.28823,2022/09/25 23:00:00+00,Mon 26 Sep 2022,20,10,0,3861712,3816558,241245,4102957,4057803,80.446525048189,79.5611922523479,93
-7.6926,53.28823,2022/09/26 23:00:00+00,Tue 27 Sep 2022,24,33,2,3861736,3816591,241247,4102983,4057838,80.4470348292204,79.561878496044,94
-7.6926,53.28823,2022/09/27 23:00:00+00,Wed 28 Sep 2022,27,29,0,3861763,3816620,241247,4103010,4057867,80.4475642172146,79.5624470979636,95
-7.6926,53.28823,2022/09/28 23:00:00+00,Thu 29 Sep 2022,21,23,0,3861784,3816643,241247,4103031,4057890,80.4479759634322,79.5628980581068,96
-7.6926,53.28823,2022/09/29 23:00:00+00,Fri 30 Sep 2022,33,59,0,3861817,3816702,241247,4103064,4057949,80.4486229932029,79.5640548689088,97
-7.6926,53.28823,2022/09/30 23:00:00+00,Sat 01 Oct 2022,49,106,0,3861866,3816808,241247,4103113,4058055,80.4495837343774,79.5661332069599,98
-7.6926,53.28823,2022/10/01 23:00:00+00,Sun 02 Oct 2022,26,47,0,3861892,3816855,241247,4103139,4058102,80.4500935154088,79.567054734209,99
-7.6926,53.28823,2022/10/02 23:00:00+00,Mon 03 Oct 2022,8,1,0,3861900,3816856,241247,4103147,4058103,80.4502503711108,79.5670743411717,100
-7.6926,53.28823,2022/10/03 23:00:00+00,Tue 04 Oct 2022,14,17,0,3861914,3816873,241247,4103161,4058120,80.4505248685892,79.5674076595384,101
-7.6926,53.28823,2022/10/04 23:00:00+00,Wed 05 Oct 2022,32,37,0,3861946,3816910,241247,4103193,4058157,80.4511522913971,79.56813311716,102
-7.6926,53.28823,2022/10/05 23:00:00+00,Thu 06 Oct 2022,37,28,0,3861983,3816938,241247,4103230,4058185,80.4518777490187,79.5686821121169,103
-7.6926,53.28823,2022/10/06 23:00:00+00,Fri 07 Oct 2022,35,40,0,3862018,3816978,241247,4103265,4058225,80.4525639927148,79.5694663906268,104
-7.6926,53.28823,2022/10/07 23:00:00+00,Sat 08 Oct 2022,94,102,0,3862112,3817080,241247,4103359,4058327,80.454407047213,79.5714663008269,105
-7.6926,53.28823,2022/10/08 23:00:00+00,Sun 09 Oct 2022,37,29,0,3862149,3817109,241247,4103396,4058356,80.4551325048346,79.5720349027465,106
-7.6926,53.28823,2022/10/09 23:00:00+00,Mon 10 Oct 2022,2,3,0,3862151,3817112,241247,4103398,4058359,80.4551717187601,79.5720937236348,107
-7.6926,53.28823,2022/10/10 23:00:00+00,Tue 11 Oct 2022,38,16,0,3862189,3817128,241247,4103436,4058375,80.4559167833444,79.5724074350387,108
-7.6926,53.28823,2022/10/11 23:00:00+00,Wed 12 Oct 2022,38,36,0,3862227,3817164,241247,4103474,4058411,80.4566618479288,79.5731132856976,109
-7.6926,53.28823,2023/02/05 00:00:00+00,Sun 05 Feb 2023,29,22,0,3865503,3819923,241252,4106755,4061175,80.520992292699,79.627306930728,110
-7.6926,53.28823,2023/02/06 00:00:00+00,Mon 06 Feb 2023,12,7,0,3865515,3819930,241252,4106767,4061182,80.521227576252,79.6274441794672,111
-7.6926,53.28823,2023/02/07 00:00:00+00,Tue 07 Feb 2023,20,13,0,3865535,3819943,241252,4106787,4061195,80.5216197155069,79.6276990699829,112
-7.6926,53.28823,2023/02/08 00:00:00+00,Wed 08 Feb 2023,25,31,0,3865560,3819974,241252,4106812,4061226,80.5221098895755,79.6283068858281,113
-7.6926,53.28823,2023/02/09 00:00:00+00,Thu 09 Feb 2023,7,15,0,3865567,3819989,241252,4106819,4061241,80.5222471383148,79.6286009902693,114
-7.6926,53.28823,2023/02/10 00:00:00+00,Fri 10 Feb 2023,7,15,0,3865574,3820004,241252,4106826,4061256,80.522384387054,79.6288950947104,115
-7.6926,53.28823,2023/02/11 00:00:00+00,Sat 11 Feb 2023,34,47,0,3865608,3820051,241252,4106860,4061303,80.5230510237874,79.6298166219595,116
-7.6926,53.28823,2023/02/12 00:00:00+00,Sun 12 Feb 2023,17,36,0,3865625,3820087,241252,4106877,4061339,80.523384342154,79.6305224726184,117
-7.6926,53.28823,2023/02/13 00:00:00+00,Mon 13 Feb 2023,1,1,0,3865626,3820088,241252,4106878,4061340,80.5234039491168,79.6305420795811,118
-7.6926,53.28823,2023/02/14 00:00:00+00,Tue 14 Feb 2023,11,23,0,3865637,3820111,241252,4106889,4061363,80.523619625707,79.6309930397243,119
-7.6926,53.28823,2023/02/15 00:00:00+00,Wed 15 Feb 2023,15,13,0,3865652,3820124,241252,4106904,4061376,80.5239137301482,79.63124793024,120
-7.6926,53.28823,2023/02/16 00:00:00+00,Thu 16 Feb 2023,13,11,0,3865665,3820135,241252,4106917,4061387,80.5241686206639,79.6314636068302,121
-7.6926,53.28823,2023/02/17 00:00:00+00,Fri 17 Feb 2023,5,12,0,3865670,3820147,241252,4106922,4061399,80.5242666554776,79.6316988903832,122
-7.6926,53.28823,2023/02/18 00:00:00+00,Sat 18 Feb 2023,21,43,0,3865691,3820190,241252,4106943,4061442,80.5246784016953,79.6325419897812,123
-7.6926,53.28823,2023/02/19 00:00:00+00,Sun 19 Feb 2023,22,31,0,3865713,3820221,241252,4106965,4061473,80.5251097548757,79.6331498056264,124
-7.6926,53.28823,2023/02/20 00:00:00+00,Mon 20 Feb 2023,3,0,0,3865716,3820221,241252,4106968,4061473,80.525168575764,79.6331498056264,125
-7.6926,53.28823,2023/02/21 00:00:00+00,Tue 21 Feb 2023,52,16,0,3865768,3820237,241252,4107020,4061489,80.5261881378268,79.6334635170303,126
-7.6926,53.28823,2023/02/22 00:00:00+00,Wed 22 Feb 2023,22,17,0,3865790,3820254,241252,4107042,4061506,80.5266194910072,79.633796835397,127
-7.6926,53.28823,2023/02/23 00:00:00+00,Thu 23 Feb 2023,21,11,0,3865811,3820265,241252,4107063,4061517,80.5270312372248,79.6340125119872,128
-7.6926,53.28823,2023/02/24 00:00:00+00,Fri 24 Feb 2023,13,13,0,3865824,3820278,241252,4107076,4061530,80.5272861277405,79.6342674025029,129
-7.6926,53.28823,2023/02/25 00:00:00+00,Sat 25 Feb 2023,49,19,0,3865873,3820297,241252,4107125,4061549,80.5282468689151,79.6346399347951,130
-7.6926,53.28823,2023/02/26 00:00:00+00,Sun 26 Feb 2023,78,41,0,3865951,3820338,241252,4107203,4061590,80.5297762120093,79.6354438202677,131
-7.6926,53.28823,2023/02/27 00:00:00+00,Mon 27 Feb 2023,1,2,0,3865952,3820340,241252,4107204,4061592,80.529795818972,79.6354830341932,132
-7.6926,53.28823,2023/02/28 00:00:00+00,Tue 28 Feb 2023,32,11,0,3865984,3820351,241252,4107236,4061603,80.5304232417799,79.6356987107834,133
-7.6926,53.28823,2023/03/01 00:00:00+00,Wed 01 Mar 2023,22,18,0,3866006,3820369,241252,4107258,4061621,80.5308545949603,79.6360516361128,134
-7.6926,53.28823,2023/03/02 00:00:00+00,Thu 02 Mar 2023,20,14,0,3866026,3820383,241252,4107278,4061635,80.5312467342153,79.6363261335913,135
-7.6926,53.28823,2023/03/03 00:00:00+00,Fri 03 Mar 2023,12,13,0,3866038,3820396,241252,4107290,4061648,80.5314820177682,79.636581024107,136
-7.6926,53.28823,2023/03/04 00:00:00+00,Sat 04 Mar 2023,39,25,0,3866077,3820421,241252,4107329,4061673,80.5322466893153,79.6370711981756,137
-7.6926,53.28823,2023/03/05 00:00:00+00,Sun 05 Mar 2023,27,19,0,3866104,3820440,241252,4107356,4061692,80.5327760773095,79.6374437304678,138
-7.6926,53.28823,2023/03/06 00:00:00+00,Mon 06 Mar 2023,1,1,0,3866105,3820441,241252,4107357,4061693,80.5327956842722,79.6374633374305,139
-7.6926,53.28823,2023/03/07 00:00:00+00,Tue 07 Mar 2023,11,14,0,3866116,3820455,241252,4107368,4061707,80.5330113608624,79.637737834909,140
-7.6926,53.28823,2023/03/08 00:00:00+00,Wed 08 Mar 2023,28,27,0,3866144,3820482,241252,4107396,4061734,80.5335603558193,79.6382672229031,141
-7.6926,53.28823,2023/03/09 00:00:00+00,Thu 09 Mar 2023,14,8,0,3866158,3820490,241252,4107410,4061742,80.5338348532978,79.6384240786051,142
-7.6926,53.28823,2023/03/10 00:00:00+00,Fri 10 Mar 2023,10,4,0,3866168,3820494,241252,4107420,4061746,80.5340309229252,79.6385025064561,143
-7.6926,53.28823,2023/03/11 00:00:00+00,Sat 11 Mar 2023,28,23,0,3866196,3820517,241252,4107448,4061769,80.5345799178821,79.6389534665992,144
-7.6926,53.28823,2023/03/12 00:00:00+00,Sun 12 Mar 2023,15,14,0,3866211,3820531,241252,4107463,4061783,80.5348740223233,79.6392279640777,145
-7.6926,53.28823,2023/03/13 00:00:00+00,Mon 13 Mar 2023,2,0,0,3866213,3820531,241252,4107465,4061783,80.5349132362488,79.6392279640777,146
-7.6926,53.28823,2023/03/14 00:00:00+00,Tue 14 Mar 2023,11,17,0,3866224,3820548,241252,4107476,4061800,80.535128912839,79.6395612824444,147
-7.6926,53.28823,2023/03/15 00:00:00+00,Wed 15 Mar 2023,29,24,0,3866253,3820572,241252,4107505,4061824,80.5356975147587,79.6400318495503,148
-7.6926,53.28823,2023/03/16 00:00:00+00,Thu 16 Mar 2023,10,19,0,3866263,3820591,241252,4107515,4061843,80.5358935843861,79.6404043818425,149
-7.6926,53.28823,2023/03/18 00:00:00+00,Sat 18 Mar 2023,19,45,0,3866282,3820636,241252,4107534,4061888,80.5362661166783,79.641286695166,150
-7.6926,53.28823,2023/03/19 00:00:00+00,Sun 19 Mar 2023,13,38,0,3866295,3820674,241252,4107547,4061926,80.536521007194,79.6420317597504,151
-7.6926,53.28823,2023/03/20 00:00:00+00,Mon 20 Mar 2023,9,3,0,3866304,3820677,241252,4107556,4061929,80.5366974698587,79.6420905806386,152
-7.6926,53.28823,2023/03/21 00:00:00+00,Tue 21 Mar 2023,25,24,0,3866329,3820701,241252,4107581,4061953,80.5371876439274,79.6425611477445,153
-7.6926,53.28823,2023/03/22 00:00:00+00,Wed 22 Mar 2023,12,17,0,3866341,3820718,241252,4107593,4061970,80.5374229274803,79.6428944661112,154
-7.6926,53.28823,2023/03/23 00:00:00+00,Thu 23 Mar 2023,9,15,0,3866350,3820733,241252,4107602,4061985,80.537599390145,79.6431885705524,155
-7.6926,53.28823,2023/03/24 00:00:00+00,Fri 24 Mar 2023,10,9,0,3866360,3820742,241252,4107612,4061994,80.5377954597725,79.6433650332171,156
-7.6926,53.28823,2023/03/25 00:00:00+00,Sat 25 Mar 2023,20,44,0,3866380,3820786,241252,4107632,4062038,80.5381875990274,79.644227739578,157
-7.6926,53.28823,2023/03/26 00:00:00+00,Sun 26 Mar 2023,19,44,0,3866399,3820830,241252,4107651,4062082,80.5385601313196,79.6450904459388,158
-7.6926,53.28823,2023/03/27 23:00:00+00,Tue 28 Mar 2023,13,25,0,3866412,3820855,241252,4107664,4062107,80.5388150218353,79.6455806200075,159
-7.6926,53.28823,2023/03/28 23:00:00+00,Wed 29 Mar 2023,12,21,0,3866424,3820876,241252,4107676,4062128,80.5390503053882,79.6459923662251,160
-7.6926,53.28823,2023/03/29 23:00:00+00,Thu 30 Mar 2023,7,16,1,3866431,3820892,241253,4107684,4062145,80.5392071610902,79.6463256845918,161
-7.6926,53.28823,2023/03/30 23:00:00+00,Fri 31 Mar 2023,10,11,0,3866441,3820903,241253,4107694,4062156,80.5394032307177,79.646541361182,162
-7.6926,53.28823,2023/03/31 23:00:00+00,Sat 01 Apr 2023,32,31,0,3866473,3820934,241253,4107726,4062187,80.5400306535256,79.6471491770272,163
-7.6926,53.28823,2023/04/01 23:00:00+00,Sun 02 Apr 2023,29,23,0,3866502,3820957,241253,4107755,4062210,80.5405992554452,79.6476001371703,164
-7.6926,53.28823,2023/04/02 23:00:00+00,Mon 03 Apr 2023,1,0,0,3866503,3820957,241253,4107756,4062210,80.5406188624079,79.6476001371703,165
-7.6926,53.28823,2023/04/03 23:00:00+00,Tue 04 Apr 2023,23,23,0,3866526,3820980,241253,4107779,4062233,80.5410698225511,79.6480510973135,166
-7.6926,53.28823,2023/04/04 23:00:00+00,Wed 05 Apr 2023,6,26,0,3866532,3821006,241253,4107785,4062259,80.5411874643276,79.6485608783449,167
-7.6926,53.28823,2023/04/05 23:00:00+00,Thu 06 Apr 2023,20,22,0,3866552,3821028,241253,4107805,4062281,80.5415796035825,79.6489922315253,168
-7.6926,53.28823,2023/04/06 23:00:00+00,Fri 07 Apr 2023,8,10,0,3866560,3821038,241253,4107813,4062291,80.5417364592845,79.6491883011527,169
-7.6926,53.28823,2023/04/07 23:00:00+00,Sat 08 Apr 2023,12,19,0,3866572,3821057,241253,4107825,4062310,80.5419717428374,79.6495608334449,170
-7.6926,53.28823,2023/04/08 23:00:00+00,Sun 09 Apr 2023,1,3,0,3866573,3821060,241253,4107826,4062313,80.5419913498002,79.6496196543332,171
-7.6926,53.28823,2023/04/10 23:00:00+00,Tue 11 Apr 2023,11,15,0,3866584,3821075,241253,4107837,4062328,80.5422070263904,79.6499137587744,172
-7.6926,53.28823,2023/04/11 23:00:00+00,Wed 12 Apr 2023,7,12,0,3866591,3821087,241253,4107844,4062340,80.5423442751296,79.6501490423273,173
-7.6926,53.28823,2023/04/12 23:00:00+00,Thu 13 Apr 2023,13,17,0,3866604,3821104,241253,4107857,4062357,80.5425991656453,79.650482360694,174
-7.6926,53.28823,2023/04/13 23:00:00+00,Fri 14 Apr 2023,6,7,0,3866610,3821111,241253,4107863,4062364,80.5427168074218,79.6506196094332,175
-7.6926,53.28823,2023/04/14 23:00:00+00,Sat 15 Apr 2023,22,32,0,3866632,3821143,241253,4107885,4062396,80.5431481606022,79.6512470322411,176
-7.6926,53.28823,2023/04/15 23:00:00+00,Sun 16 Apr 2023,28,31,0,3866660,3821174,241253,4107913,4062427,80.5436971555591,79.6518548480862,177
-7.6926,53.28823,2023/04/16 23:00:00+00,Mon 17 Apr 2023,3,0,0,3866663,3821174,241253,4107916,4062427,80.5437559764473,79.6518548480862,178
-7.6926,53.28823,2023/04/17 23:00:00+00,Tue 18 Apr 2023,10,11,0,3866673,3821185,241253,4107926,4062438,80.5439520460748,79.6520705246764,179
-7.6926,53.28823,2023/04/18 23:00:00+00,Wed 19 Apr 2023,14,20,0,3866687,3821205,241253,4107940,4062458,80.5442265435532,79.6524626639314,180
-7.6926,53.28823,2023/04/19 23:00:00+00,Thu 20 Apr 2023,4,6,0,3866691,3821211,241253,4107944,4062464,80.5443049714042,79.6525803057078,181
-7.6926,53.28823,2023/04/20 23:00:00+00,Fri 21 Apr 2023,5,10,0,3866696,3821221,241253,4107949,4062474,80.544403006218,79.6527763753353,182
-7.6926,53.28823,2023/04/21 23:00:00+00,Sat 22 Apr 2023,18,25,0,3866714,3821246,241253,4107967,4062499,80.5447559315474,79.653266549404,183
-7.6926,53.28823,2023/04/22 23:00:00+00,Sun 23 Apr 2023,11,16,0,3866725,3821262,241253,4107978,4062515,80.5449716081376,79.6535802608079,184
-7.6926,53.28823,2023/04/23 23:00:00+00,Mon 24 Apr 2023,1,2,0,3866726,3821264,241253,4107979,4062517,80.5449912151003,79.6536194747334,185
-7.6926,53.28823,2023/04/25 23:00:00+00,Wed 26 Apr 2023,21,12,0,3866747,3821276,241253,4108000,4062529,80.545402961318,79.6538547582863,186
-7.6926,53.28823,2023/04/26 23:00:00+00,Thu 27 Apr 2023,9,8,0,3866756,3821284,241253,4108009,4062537,80.5455794239827,79.6540116139883,187
-7.6926,53.28823,2023/04/27 23:00:00+00,Fri 28 Apr 2023,14,16,0,3866770,3821300,241253,4108023,4062553,80.5458539214612,79.6543253253923,188
-7.6926,53.28823,2023/04/28 23:00:00+00,Sat 29 Apr 2023,13,9,0,3866783,3821309,241253,4108036,4062562,80.5461088119769,79.654501788057,189
-7.6926,53.28823,2023/04/29 23:00:00+00,Sun 30 Apr 2023,6,11,0,3866789,3821320,241253,4108042,4062573,80.5462264537533,79.6547174646472,190
-7.6926,53.28823,2023/05/01 23:00:00+00,Tue 02 May 2023,7,13,0,3866796,3821333,241253,4108049,4062586,80.5463637024926,79.6549723551629,191
-7.6926,53.28823,2023/05/02 23:00:00+00,Wed 03 May 2023,5,11,0,3866801,3821344,241253,4108054,4062597,80.5464617373063,79.6551880317531,192
-7.6926,53.28823,2023/05/03 23:00:00+00,Thu 04 May 2023,8,1,0,3866809,3821345,241253,4108062,4062598,80.5466185930083,79.6552076387158,193
-7.6926,53.28823,2023/05/04 23:00:00+00,Fri 05 May 2023,9,2,0,3866818,3821347,241253,4108071,4062600,80.546795055673,79.6552468526413,194
-7.6926,53.28823,2023/05/05 23:00:00+00,Sat 06 May 2023,13,19,0,3866831,3821366,241253,4108084,4062619,80.5470499461887,79.6556193849335,195
-7.6926,53.28823,2023/05/06 23:00:00+00,Sun 07 May 2023,15,19,0,3866846,3821385,241253,4108099,4062638,80.5473440506299,79.6559919172257,196
-7.6926,53.28823,2023/05/07 23:00:00+00,Mon 08 May 2023,2,1,0,3866848,3821386,241253,4108101,4062639,80.5473832645554,79.6560115241884,197
-7.6926,53.28823,2023/05/08 23:00:00+00,Tue 09 May 2023,13,5,0,3866861,3821391,241253,4108114,4062644,80.5476381550711,79.6561095590021,198
-7.6926,53.28823,2023/05/09 23:00:00+00,Wed 10 May 2023,7,9,0,3866868,3821400,241253,4108121,4062653,80.5477754038103,79.6562860216669,199
-7.6926,53.28823,2023/05/10 23:00:00+00,Thu 11 May 2023,19,8,0,3866887,3821408,241253,4108140,4062661,80.5481479361025,79.6564428773688,200
-7.6926,53.28823,2023/05/11 23:00:00+00,Fri 12 May 2023,17,1,0,3866904,3821409,241253,4108157,4062662,80.5484812544692,79.6564624843316,201
-7.6926,53.28823,2023/05/12 23:00:00+00,Sat 13 May 2023,6,5,0,3866910,3821414,241253,4108163,4062667,80.5485988962456,79.6565605191453,202
-7.6926,53.28823,2023/05/13 23:00:00+00,Sun 14 May 2023,11,13,0,3866921,3821427,241253,4108174,4062680,80.5488145728359,79.656815409661,203
-7.6926,53.28823,2023/05/14 23:00:00+00,Mon 15 May 2023,8,2,0,3866929,3821429,241253,4108182,4062682,80.5489714285378,79.6568546235865,204
-7.6926,53.28823,2023/05/15 23:00:00+00,Tue 16 May 2023,13,3,0,3866942,3821432,241253,4108195,4062685,80.5492263190535,79.6569134444748,205
-7.6926,53.28823,2023/05/16 23:00:00+00,Wed 17 May 2023,14,3,0,3866956,3821435,241253,4108209,4062688,80.549500816532,79.656972265363,206
-7.6926,53.28823,2023/05/17 23:00:00+00,Thu 18 May 2023,24,4,0,3866980,3821439,241253,4108233,4062692,80.5499713836379,79.657050693214,207
-7.6926,53.28823,2023/05/18 23:00:00+00,Fri 19 May 2023,15,2,0,3866995,3821441,241253,4108248,4062694,80.5502654880791,79.6570899071395,208
-7.6926,53.28823,2023/05/19 23:00:00+00,Sat 20 May 2023,13,17,0,3867008,3821458,241253,4108261,4062711,80.5505203785948,79.6574232255062,209
-7.6926,53.28823,2023/05/20 23:00:00+00,Sun 21 May 2023,11,5,0,3867019,3821463,241253,4108272,4062716,80.550736055185,79.6575212603199,210
-7.6926,53.28823,2023/05/21 23:00:00+00,Mon 22 May 2023,12,1,0,3867031,3821464,241253,4108284,4062717,80.5509713387379,79.6575408672826,211
-7.6926,53.28823,2023/05/22 23:00:00+00,Tue 23 May 2023,22,8,0,3867053,3821472,241253,4108306,4062725,80.5514026919183,79.6576977229846,212
-7.6926,53.28823,2023/05/23 23:00:00+00,Wed 24 May 2023,41,1,0,3867094,3821473,241253,4108347,4062726,80.5522065773909,79.6577173299473,213
-7.6926,53.28823,2023/05/24 23:00:00+00,Thu 25 May 2023,13,5,0,3867107,3821478,241253,4108360,4062731,80.5524614679066,79.6578153647611,214
-7.6926,53.28823,2020/12/28 00:00:00+00,Mon 28 Dec 2020,297,23,4,297,23,4,301,27,0.00590169578660095,0.000529387994146929,215
-7.6926,53.28823,2020/12/29 00:00:00+00,Tue 29 Dec 2020,81,3,0,378,26,4,382,30,0.00748985976904174,0.000588208882385477,216
-7.6926,53.28823,2020/12/30 00:00:00+00,Wed 30 Dec 2020,1066,2,0,1444,28,4,1448,32,0.0283908820564724,0.000627422807877842,217
-7.6926,53.28823,2020/12/31 00:00:00+00,Thu 31 Dec 2020,1042,2,0,2486,30,4,2490,34,0.0488213372379946,0.000666636733370208,218
-7.6926,53.28823,2021/01/01 00:00:00+00,Fri 01 Jan 2021,827,1,0,3313,31,4,3317,35,0.0650362954290876,0.00068624369611639,219
-7.6926,53.28823,2021/01/02 00:00:00+00,Sat 02 Jan 2021,1021,0,0,4334,31,4,4338,35,0.08505500439294,0.00068624369611639,220
-7.6926,53.28823,2021/01/03 00:00:00+00,Sun 03 Jan 2021,26,3,1,4360,34,5,4365,39,0.0855843923870869,0.00076467154710112,221
-7.6926,53.28823,2021/01/04 00:00:00+00,Mon 04 Jan 2021,1198,5,0,5558,39,5,5563,44,0.109073533757014,0.000862706360832033,222
-7.6926,53.28823,2021/01/05 00:00:00+00,Tue 05 Jan 2021,3548,14,0,9106,53,5,9111,58,0.178639037580469,0.00113720383927859,223
-7.6926,53.28823,2021/01/06 00:00:00+00,Wed 06 Jan 2021,6798,14,0,15904,67,5,15909,72,0.311927170329019,0.00141170131772515,224
-7.6926,53.28823,2021/01/07 00:00:00+00,Thu 07 Jan 2021,11744,9,0,27648,76,5,27653,81,0.542191340820187,0.00158816398244079,225
-7.6926,53.28823,2021/01/08 00:00:00+00,Fri 08 Jan 2021,12693,8,0,40341,84,5,40346,89,0.791062518957482,0.00174501968441025,226
-7.6926,53.28823,2021/01/09 00:00:00+00,Sat 09 Jan 2021,8083,7,0,48424,91,5,48429,96,0.949545598834876,0.00188226842363353,227
-7.6926,53.28823,2021/01/10 00:00:00+00,Sun 10 Jan 2021,4791,6,1,53215,97,6,53221,103,1.04350216431458,0.00201951716285681,228
-7.6926,53.28823,2021/01/11 00:00:00+00,Mon 11 Jan 2021,8356,8,0,61571,105,6,61577,111,1.20733794502168,0.00217637286482627,229
-7.6926,53.28823,2021/01/12 00:00:00+00,Tue 12 Jan 2021,8902,15,0,70473,120,6,70479,126,1.3818791273882,0.002470477306019,230
-7.6926,53.28823,2021/01/13 00:00:00+00,Wed 13 Jan 2021,9909,6,0,80382,126,6,80388,132,1.57616452124012,0.0025881190824961,231
-7.6926,53.28823,2021/01/14 00:00:00+00,Thu 14 Jan 2021,8102,6,0,88484,132,6,88490,138,1.7350201334097,0.00270576085897319,232
-7.6926,53.28823,2021/01/15 00:00:00+00,Fri 15 Jan 2021,7708,5,0,96192,137,6,96198,143,1.88615060225727,0.00280379567270411,233
-7.6926,53.28823,2021/01/16 00:00:00+00,Sat 16 Jan 2021,5250,3,0,101442,140,6,101448,146,1.98908715667473,0.00286261656094266,234
-7.6926,53.28823,2021/01/17 00:00:00+00,Sun 17 Jan 2021,1117,5,0,102559,145,6,102565,151,2.01098813406222,0.00296065137467357,235
-7.6926,53.28823,2021/01/18 00:00:00+00,Mon 18 Jan 2021,8734,9,1,111293,154,7,111300,161,2.18225495365012,0.00315672100213539,236
-7.6926,53.28823,2021/01/19 00:00:00+00,Tue 19 Jan 2021,8402,21,0,119695,175,7,119702,182,2.34699265464355,0.00356846721980523,237
-7.6926,53.28823,2021/01/20 00:00:00+00,Wed 20 Jan 2021,8460,966,0,128155,1141,7,128162,1148,2.51286755947625,0.0225087932326176,238
-7.6926,53.28823,2021/01/21 00:00:00+00,Thu 21 Jan 2021,9028,967,0,137183,2108,7,137190,2115,2.68987921914879,0.0414687262081761,239
-7.6926,53.28823,2021/01/22 00:00:00+00,Fri 22 Jan 2021,6802,972,0,143985,3080,7,143992,3087,2.82324577974832,0.0605266939974656,240
-7.6926,53.28823,2021/01/23 00:00:00+00,Sat 23 Jan 2021,4201,461,0,148186,3541,7,148193,3548,2.90561463024503,0.0695655038234558,241
-7.6926,53.28823,2021/01/24 00:00:00+00,Sun 24 Jan 2021,1192,400,0,149378,3941,7,149385,3948,2.92898612983848,0.0774082889219288,242
-7.6926,53.28823,2021/01/25 00:00:00+00,Mon 25 Jan 2021,1381,1296,0,150759,5237,7,150766,5244,2.95606334539096,0.102818912640981,243
-7.6926,53.28823,2021/01/26 00:00:00+00,Tue 26 Jan 2021,1014,3508,0,151773,8745,7,151780,8752,2.97594480561559,0.17160013795459,244
-7.6926,53.28823,2021/01/27 00:00:00+00,Wed 27 Jan 2021,2195,6713,0,153968,15458,7,153975,15465,3.01898208884346,0.303221678869713,245
-7.6926,53.28823,2021/01/28 00:00:00+00,Thu 28 Jan 2021,1030,11545,0,154998,27003,7,155005,27010,3.03917726047203,0.529584063774391,246
-7.6926,53.28823,2021/01/29 00:00:00+00,Fri 29 Jan 2021,1599,11527,0,156597,38530,7,156604,38537,3.07052879390318,0.755593523349638,247
-7.6926,53.28823,2021/01/30 00:00:00+00,Sat 30 Jan 2021,661,7796,0,157258,46326,7,157265,46333,3.0834889962784,0.908449404918877,248
-7.6926,53.28823,2021/01/31 00:00:00+00,Sun 31 Jan 2021,242,4088,0,157500,50414,7,157507,50421,3.08823388126298,0.988602668625272,249
-7.6926,53.28823,2021/02/01 00:00:00+00,Mon 01 Feb 2021,1049,8337,1,158549,58751,8,158557,58759,3.10882119214647,1.15208552400294,250
-7.6926,53.28823,2021/02/02 00:00:00+00,Tue 02 Feb 2021,856,5113,1,159405,63864,9,159414,63873,3.12562435921995,1.25235553148692,251
-7.6926,53.28823,2021/02/03 00:00:00+00,Wed 03 Feb 2021,1416,6874,0,160821,70738,9,160830,70747,3.15338781846854,1.38713379340418,252
-7.6926,53.28823,2021/02/04 00:00:00+00,Thu 04 Feb 2021,1462,10543,1,162283,81281,10,162293,81291,3.18207280496621,1.59386960859993,253
-7.6926,53.28823,2021/02/05 00:00:00+00,Fri 05 Feb 2021,3413,8616,0,165696,89897,10,165706,89907,3.24899136881893,1.76280319962104,254
-7.6926,53.28823,2021/02/06 00:00:00+00,Sat 06 Feb 2021,916,3871,0,166612,93768,10,166622,93778,3.26695134669443,1.83870175241151,255
-7.6926,53.28823,2021/02/07 00:00:00+00,Sun 07 Feb 2021,342,1300,2,166954,95068,12,166966,95080,3.27369614187912,1.86423001790704,256
-7.6926,53.28823,2021/02/08 00:00:00+00,Mon 08 Feb 2021,1197,883,0,168151,95951,12,168163,95963,3.2971656762863,1.88154296601192,257
-7.6926,53.28823,2021/02/09 00:00:00+00,Tue 09 Feb 2021,4280,556,3,172431,96507,15,172446,96522,3.3811422977282,1.89250325818703,258
-7.6926,53.28823,2021/02/10 00:00:00+00,Wed 10 Feb 2021,8840,588,0,181271,97095,15,181286,97110,3.55446784840445,1.90403215228179,259
-7.6926,53.28823,2021/02/11 00:00:00+00,Thu 11 Feb 2021,6210,453,0,187481,97548,15,187496,97563,3.67622708705825,1.91291410640581,260
-7.6926,53.28823,2021/02/12 00:00:00+00,Fri 12 Feb 2021,4409,528,0,191890,98076,15,191905,98091,3.76267418580617,1.92326658273579,261
-7.6926,53.28823,2021/02/13 00:00:00+00,Sat 13 Feb 2021,1228,1919,0,193118,99995,15,193133,100010,3.78675153605848,1.96089234424572,262
-7.6926,53.28823,2021/02/14 00:00:00+00,Sun 14 Feb 2021,2712,29,0,195830,100024,15,195845,100039,3.83992561902613,1.96146094616536,263
-7.6926,53.28823,2021/02/15 00:00:00+00,Mon 15 Feb 2021,1979,7901,0,197809,107925,15,197824,107940,3.87872779830082,2.11637555882295,264
-7.6926,53.28823,2021/02/16 00:00:00+00,Tue 16 Feb 2021,5665,8171,0,203474,116096,15,203489,116111,3.98980124225795,2.276584051422,265
-7.6926,53.28823,2021/02/17 00:00:00+00,Wed 17 Feb 2021,9765,8467,0,213239,124563,15,213254,124578,4.18126323347442,2.44259620499393,266
-7.6926,53.28823,2021/02/18 00:00:00+00,Thu 18 Feb 2021,8478,8362,1,221717,132925,16,221733,132941,4.3475106705993,2.60656923444026,267
-7.6926,53.28823,2021/02/19 00:00:00+00,Fri 19 Feb 2021,9406,6595,3,231123,139520,19,231142,139539,4.53199258307813,2.73593597463957,268
-7.6926,53.28823,2021/02/20 00:00:00+00,Sat 20 Feb 2021,5900,3581,2,237023,143101,21,237044,143122,4.6477128772061,2.80618772215914,269
-7.6926,53.28823,2021/02/21 00:00:00+00,Sun 21 Feb 2021,1121,1026,7,238144,144127,28,238172,144155,4.6698295311838,2.82644171467595,270
-7.6926,53.28823,2021/02/22 00:00:00+00,Mon 22 Feb 2021,3958,1132,3,242102,145259,31,242133,145290,4.74749271062143,2.84869561739287,271
-7.6926,53.28823,2021/02/23 00:00:00+00,Tue 23 Feb 2021,13381,1075,1,255483,146334,32,255515,146366,5.00987308609084,2.86979270930776,272
-7.6926,53.28823,2021/02/24 00:00:00+00,Wed 24 Feb 2021,16959,2113,6,272442,148447,38,272480,148485,5.34250520907983,2.91133986336692,273
-7.6926,53.28823,2021/02/25 00:00:00+00,Thu 25 Feb 2021,18114,1770,3,290556,150217,41,290597,150258,5.69772455315242,2.9461030083159,274
-7.6926,53.28823,2021/02/26 00:00:00+00,Fri 26 Feb 2021,16103,2783,1,306659,153000,42,306701,153042,6.01347508121694,3.00068879260127,275
-7.6926,53.28823,2021/02/27 00:00:00+00,Sat 27 Feb 2021,9012,707,1,315671,153707,43,315714,153750,6.19019263644828,3.01457052222557,276
-7.6926,53.28823,2021/02/28 00:00:00+00,Sun 28 Feb 2021,2455,61,2,318126,153768,45,318171,153813,6.23836694391566,3.01580576087858,277
-7.6926,53.28823,2021/03/01 00:00:00+00,Mon 01 Mar 2021,5645,811,0,323771,154579,45,323816,154624,6.34904824861786,3.03170700766573,278
-7.6926,53.28823,2021/03/02 00:00:00+00,Tue 02 Mar 2021,12219,1623,0,335990,156202,45,336035,156247,6.58862572641346,3.06352910820279,279
-7.6926,53.28823,2021/03/03 00:00:00+00,Wed 03 Mar 2021,12930,1517,1,348920,157719,46,348966,157765,6.84216336168435,3.09329247765149,280
-7.6926,53.28823,2021/03/04 00:00:00+00,Thu 04 Mar 2021,18746,1701,5,367666,159420,51,367717,159471,7.20981352013802,3.12674195609648,281
-7.6926,53.28823,2021/03/05 00:00:00+00,Fri 05 Mar 2021,18481,2411,6,386147,161831,57,386204,161888,7.5722874404267,3.174131985054,282
-7.6926,53.28823,2021/03/06 00:00:00+00,Sat 06 Mar 2021,10419,153,5,396566,161984,62,396628,162046,7.7766704200929,3.1772298851679,283
-7.6926,53.28823,2021/03/07 00:00:00+00,Sun 07 Mar 2021,1541,19,5,398107,162003,67,398174,162070,7.8069827844985,3.17770045227381,284
-7.6926,53.28823,2021/03/08 00:00:00+00,Mon 08 Mar 2021,6689,1514,6,404796,163517,73,404869,163590,7.93825140008419,3.20750303564801,285
-7.6926,53.28823,2021/03/09 00:00:00+00,Tue 09 Mar 2021,13869,3116,7,418665,166633,80,418745,166713,8.21031761515022,3.26873558030434,286
-7.6926,53.28823,2021/03/10 00:00:00+00,Wed 10 Mar 2021,13769,4010,3,432434,170643,83,432517,170726,8.48034470609065,3.34741832180477,287
-7.6926,53.28823,2021/03/11 00:00:00+00,Thu 11 Mar 2021,18516,2111,4,450950,172754,87,451037,172841,8.84346565614995,3.38888704801294,288
-7.6926,53.28823,2021/03/12 00:00:00+00,Fri 12 Mar 2021,17366,1353,4,468316,174107,91,468407,174198,9.18403859905114,3.41549369645951,289
-7.6926,53.28823,2021/03/13 00:00:00+00,Sat 13 Mar 2021,8342,181,0,476658,174288,91,476749,174379,9.3475998822798,3.41904255671657,290
-7.6926,53.28823,2021/03/14 00:00:00+00,Sun 14 Mar 2021,400,23,3,477058,174311,94,477152,174405,9.35550148826651,3.41955233774797,291
-7.6926,53.28823,2021/03/15 00:00:00+00,Mon 15 Mar 2021,2683,1007,0,479741,175318,94,479835,175412,9.40810696931451,3.43929654923338,292
-7.6926,53.28823,2021/03/16 00:00:00+00,Tue 16 Mar 2021,8980,3834,2,488721,179152,96,488817,179248,9.58421670870073,3.51450885832773,293
-7.6926,53.28823,2021/03/17 00:00:00+00,Wed 17 Mar 2021,4918,2430,8,493639,181582,104,493743,181686,9.68080060718842,3.56231063350293,294
-7.6926,53.28823,2021/03/18 00:00:00+00,Thu 18 Mar 2021,11761,4697,8,505400,186279,112,505512,186391,9.91155495174825,3.65456139322372,295
-7.6926,53.28823,2021/03/19 00:00:00+00,Fri 19 Mar 2021,10402,6146,2,515802,192425,114,515916,192539,10.1155457921595,3.77510500018725,296
-7.6926,53.28823,2021/03/20 00:00:00+00,Sat 20 Mar 2021,5268,3132,4,521070,195557,118,521188,195675,10.2189136997574,3.83659243535927,297
-7.6926,53.28823,2021/03/21 00:00:00+00,Sun 21 Mar 2021,3661,59,3,524731,195616,121,524852,195737,10.2907536112594,3.83780806704954,298
-7.6926,53.28823,2021/03/22 00:00:00+00,Mon 22 Mar 2021,7438,2425,1,532169,198041,122,532291,198163,10.4366098071283,3.88537455867178,299
-7.6926,53.28823,2021/03/23 00:00:00+00,Tue 23 Mar 2021,12585,7414,6,544754,205455,128,544882,205583,10.6834810750655,4.03085822224845,300
-7.6926,53.28823,2021/03/24 00:00:00+00,Wed 24 Mar 2021,13656,9792,2,558410,215247,130,558540,215377,10.9512729722528,4.22288881538456,301
-7.6926,53.28823,2021/03/25 00:00:00+00,Thu 25 Mar 2021,20903,10237,3,579313,225484,133,579446,225617,11.3611761354245,4.42366411390547,302
-7.6926,53.28823,2021/03/26 00:00:00+00,Fri 26 Mar 2021,19725,9516,1,599038,235000,134,599172,235134,11.7479430825557,4.61026357836089,303
-7.6926,53.28823,2021/03/27 00:00:00+00,Sat 27 Mar 2021,11777,5365,3,610815,240365,137,610952,240502,11.9789131037057,4.7155137543824,304
-7.6926,53.28823,2021/03/28 00:00:00+00,Sun 28 Mar 2021,2505,490,0,613320,240855,137,613457,240992,12.0280285453849,4.72512116612803,305
-7.6926,53.28823,2021/03/28 23:00:00+00,Mon 29 Mar 2021,9298,3133,3,622618,243988,140,622758,244128,12.2103929058872,4.78660860130006,306
-7.6926,53.28823,2021/03/29 23:00:00+00,Tue 30 Mar 2021,13357,8684,4,635975,252672,144,636119,252816,12.4723615351389,4.95695389363889,307
-7.6926,53.28823,2021/03/30 23:00:00+00,Wed 31 Mar 2021,15864,10523,4,651839,263195,148,651987,263343,12.7834848199953,5.16335639046796,308
-7.6926,53.28823,2021/03/31 23:00:00+00,Thu 01 Apr 2021,19742,11599,9,671581,274794,157,671738,274951,13.1707419411952,5.39095401402564,309
-7.6926,53.28823,2021/04/01 23:00:00+00,Fri 02 Apr 2021,20169,13731,9,691750,288525,166,691916,288691,13.5663712354877,5.66035368215819,310
-7.6926,53.28823,2021/04/02 23:00:00+00,Sat 03 Apr 2021,7566,4644,7,699316,293169,173,699489,293342,13.7148547643645,5.75154566589069,311
-7.6926,53.28823,2021/04/03 23:00:00+00,Sun 04 Apr 2021,3052,176,3,702368,293345,176,702544,293521,13.7747540355541,5.75505531222225,312
-7.6926,53.28823,2021/04/04 23:00:00+00,Mon 05 Apr 2021,3462,619,6,705830,293964,182,706012,294146,13.8427509823579,5.76730966393862,313
-7.6926,53.28823,2021/04/05 23:00:00+00,Tue 06 Apr 2021,12023,8163,14,717853,302127,196,718049,302323,14.0787599929337,5.92763579831415,314
-7.6926,53.28823,2021/04/06 23:00:00+00,Wed 07 Apr 2021,18390,10500,12,736243,312627,208,736451,312835,14.4395673213889,6.13374419070202,315
-7.6926,53.28823,2021/04/07 23:00:00+00,Thu 08 Apr 2021,20208,10589,18,756451,323216,226,756677,323442,14.8361377498932,6.34171524455078,316
-7.6926,53.28823,2021/04/08 23:00:00+00,Fri 09 Apr 2021,20690,9175,16,777141,332391,242,777383,332633,15.2421195205156,6.52192283915095,317
-7.6926,53.28823,2021/04/09 23:00:00+00,Sat 10 Apr 2021,11195,4192,12,788336,336583,254,788590,336837,15.4618547520121,6.6043505105359,318
-7.6926,53.28823,2021/04/10 23:00:00+00,Sun 11 Apr 2021,2878,372,9,791214,336955,263,791477,337218,15.5184600534603,6.6118207633422,319
-7.6926,53.28823,2021/04/11 23:00:00+00,Mon 12 Apr 2021,7799,2811,14,799013,339766,277,799290,340043,15.6716492533963,6.66721043310016,320
-7.6926,53.28823,2021/04/12 23:00:00+00,Tue 13 Apr 2021,11538,8601,1,810551,348367,278,810829,348645,15.8978939965245,6.83586952664282,321
-7.6926,53.28823,2021/04/13 23:00:00+00,Wed 14 Apr 2021,20365,6607,2,830916,354974,280,831196,355254,16.297229006776,6.96545194343234,322
-7.6926,53.28823,2021/04/14 23:00:00+00,Thu 15 Apr 2021,27128,10827,1,858044,365801,281,858325,366082,16.8291462991172,7.17775613604801,323
-7.6926,53.28823,2021/08/02 23:00:00+00,Tue 03 Aug 2021,17367,25473,1111,3209842,2668210,223566,3433408,2891776,67.3187027484452,56.6989443023049,324
-7.6926,53.28823,2021/08/03 23:00:00+00,Wed 04 Aug 2021,22151,17350,1577,3231993,2685560,225143,3457136,2910703,67.7839367604866,57.0700452862019,325
-7.6926,53.28823,2021/08/04 23:00:00+00,Thu 05 Aug 2021,13566,30088,1421,3245559,2715648,226564,3472123,2942212,68.0777863111637,57.6878410753713,326
-7.6926,53.28823,2021/08/05 23:00:00+00,Fri 06 Aug 2021,12243,24781,949,3257802,2740429,227513,3485315,2967942,68.3364413637113,58.1923282268306,327
-7.6926,53.28823,2021/08/06 23:00:00+00,Sat 07 Aug 2021,6353,8497,585,3264155,2748926,228098,3492253,2977024,68.4724744712443,58.3703986624914,328
-7.6926,53.28823,2021/08/07 23:00:00+00,Sun 08 Aug 2021,8638,12009,153,3272793,2760935,228251,3501044,2989186,68.644839280746,58.6088585434105,329
-7.6926,53.28823,2021/08/08 23:00:00+00,Mon 09 Aug 2021,5573,23062,601,3278366,2783997,228852,3507218,3012849,68.765892668741,59.0728181028734,330
-7.6926,53.28823,2022/03/09 00:00:00+00,Wed 09 Mar 2022,128,344,1,3837397,3766606,241205,4078602,4007811,79.9689974705057,78.5810009707407,331
-7.6926,53.28823,2021/08/09 23:00:00+00,Tue 10 Aug 2021,9387,26047,718,3287753,2810044,229570,3517323,3039614,68.9640210272911,59.597598460775,332
-7.6926,53.28823,2021/08/10 23:00:00+00,Wed 11 Aug 2021,7050,31262,668,3294803,2841306,230238,3525041,3071544,69.1153475657662,60.2236487812606,333
-7.6926,53.28823,2021/08/11 23:00:00+00,Thu 12 Aug 2021,6799,38325,865,3301602,2879631,231103,3532705,3110734,69.2656153282529,60.9920456512835,334
-7.6926,53.28823,2021/08/12 23:00:00+00,Fri 13 Aug 2021,10959,28255,875,3312561,2907886,231978,3544539,3139864,69.4976441253912,61.5631964760798,335
-7.6926,53.28823,2021/08/13 23:00:00+00,Sat 14 Aug 2021,18156,5868,281,3330717,2913754,232259,3562976,3146013,69.8591376975426,61.6837596900061,336
-7.6926,53.28823,2021/08/14 23:00:00+00,Sun 15 Aug 2021,17009,3745,54,3347726,2917499,232313,3580039,3149812,70.1936913028807,61.7582465414788,337
-7.6926,53.28823,2021/08/15 23:00:00+00,Mon 16 Aug 2021,10210,23188,386,3357936,2940687,232699,3590635,3173386,70.4014466801393,62.2204610812573,338
-7.6926,53.28823,2021/08/16 23:00:00+00,Tue 17 Aug 2021,12887,26892,532,3370823,2967579,233231,3604054,3200810,70.6645525132303,62.7581624276086,339
-7.6926,53.28823,2021/08/17 23:00:00+00,Wed 18 Aug 2021,15254,25806,659,3386077,2993385,233890,3619967,3227275,70.9765581114103,63.2770606966864,340
-7.6926,53.28823,2021/08/18 23:00:00+00,Thu 19 Aug 2021,11384,25751,545,3397461,3019136,234435,3631896,3253571,71.2104495700095,63.79264538906,341
-7.6926,53.28823,2021/08/19 23:00:00+00,Fri 20 Aug 2021,14873,22299,686,3412334,3041435,235121,3647455,3276556,71.5155143033774,64.243311427781,342
-7.6926,53.28823,2021/08/20 23:00:00+00,Sat 21 Aug 2021,11920,8010,246,3424254,3049445,235367,3659621,3284812,71.7540526121474,64.4051865122135,343
-7.6926,53.28823,2021/08/21 23:00:00+00,Sun 22 Aug 2021,8011,12269,162,3432265,3061714,235529,3667794,3297243,71.914300318672,64.6489206661113,344
-7.6926,53.28823,2021/08/22 23:00:00+00,Mon 23 Aug 2021,10894,15427,294,3443159,3077141,235823,3678982,3312964,72.1336630178763,64.957161727444,345
-7.6926,53.28823,2021/08/23 23:00:00+00,Tue 24 Aug 2021,9728,22949,384,3452887,3100090,236207,3689094,3336297,72.3319286251657,65.4146509892007,346
-7.6926,53.28823,2021/08/24 23:00:00+00,Wed 25 Aug 2021,9426,19565,318,3462313,3119655,236525,3698838,3356180,72.5229788701645,65.804496229483,347
-7.6926,53.28823,2021/08/25 23:00:00+00,Thu 26 Aug 2021,8608,19471,370,3470921,3139126,236895,3707816,3376021,72.6990101816997,66.19351797733,348
-7.6926,53.28823,2021/08/26 23:00:00+00,Fri 27 Aug 2021,9741,19255,432,3480662,3158381,237327,3717989,3395708,72.8984718137166,66.5795202529141,349
-7.6926,53.28823,2021/08/27 23:00:00+00,Sat 28 Aug 2021,9939,7954,155,3490601,3166335,237482,3728083,3403817,73.0963844956766,66.7385131138229,350
-7.6926,53.28823,2021/08/28 23:00:00+00,Sun 29 Aug 2021,8808,9208,30,3499409,3175543,237512,3736921,3413055,73.2696708324273,66.9196422356722,351
-7.6926,53.28823,2021/08/29 23:00:00+00,Mon 30 Aug 2021,5077,11183,85,3504486,3186726,237597,3742083,3424323,73.3708819741231,67.1405734918961,352
-7.6926,53.28823,2021/08/30 23:00:00+00,Tue 31 Aug 2021,4090,12927,146,3508576,3199653,237743,3746319,3437396,73.453937068316,67.396895315877,353
-7.6926,53.28823,2021/08/31 23:00:00+00,Wed 01 Sep 2021,5011,12585,184,3513587,3212238,237927,3751514,3450165,73.5557952397824,67.647256623183,354
-7.6926,53.28823,2021/09/01 23:00:00+00,Thu 02 Sep 2021,5017,12400,249,3518604,3224638,238176,3756780,3462814,73.6590455056038,67.8952650949595,355
-7.6926,53.28823,2021/09/02 23:00:00+00,Fri 03 Sep 2021,4790,16127,167,3523394,3240765,238343,3761737,3479108,73.7562372199366,68.2147409459458,356
-7.6926,53.28823,2021/09/03 23:00:00+00,Sat 04 Sep 2021,4635,10602,136,3528029,3251367,238479,3766508,3489846,73.8497820391986,68.4252805119143,357
-7.6926,53.28823,2021/09/04 23:00:00+00,Sun 05 Sep 2021,5310,11916,1,3533339,3263283,238480,3771819,3501763,73.9539146183436,68.6589366869605,358
-7.6926,53.28823,2021/09/05 23:00:00+00,Mon 06 Sep 2021,2175,9716,76,3535514,3272999,238556,3774070,3511555,73.9980498914853,68.8509280661712,359
-7.6926,53.28823,2021/09/06 23:00:00+00,Tue 07 Sep 2021,3045,10054,162,3538559,3283053,238718,3777277,3521771,74.0609294210123,69.0512327975862,360
-7.6926,53.28823,2021/09/07 23:00:00+00,Wed 08 Sep 2021,2617,14830,191,3541176,3297883,238909,3780085,3536792,74.1159857724035,69.3457489849966,361
-7.6926,53.28823,2021/09/08 23:00:00+00,Thu 09 Sep 2021,3133,14851,138,3544309,3312734,239047,3783356,3551781,74.1801201475463,69.6396377495991,362
-7.6926,53.28823,2021/09/09 23:00:00+00,Fri 10 Sep 2021,3399,13965,116,3547708,3326699,239163,3786871,3565862,74.2490386215992,69.9157233920281,363
-7.6926,53.28823,2021/09/10 23:00:00+00,Sat 11 Sep 2021,2572,11357,62,3550280,3338056,239225,3789505,3577281,74.3006833614726,70.1396152996267,364
-7.6926,53.28823,2021/09/11 23:00:00+00,Sun 12 Sep 2021,2045,12891,1,3552325,3350947,239226,3791551,3590173,74.3407992072513,70.3923882633505,365
-7.6926,53.28823,2021/09/12 23:00:00+00,Mon 13 Sep 2021,1628,7766,52,3553953,3358713,239278,3793231,3597991,74.3737389046649,70.5456754981002,366
-7.6926,53.28823,2021/09/13 23:00:00+00,Tue 14 Sep 2021,1562,10810,82,3555515,3369523,239360,3794875,3608883,74.4059727514196,70.7592345363316,367
-7.6926,53.28823,2021/09/14 23:00:00+00,Wed 15 Sep 2021,3294,12394,138,3558809,3381917,239498,3798307,3621415,74.4732638475645,71.0049489934668,368
-7.6926,53.28823,2021/09/15 23:00:00+00,Thu 16 Sep 2021,1923,10592,116,3560732,3392509,239614,3800346,3632123,74.513242444604,71.2149003505529,369
-7.6926,53.28823,2021/09/16 23:00:00+00,Fri 17 Sep 2021,2567,14637,96,3563299,3407146,239710,3803009,3646856,74.565455786397,71.5037697326924,370
-7.6926,53.28823,2021/09/17 23:00:00+00,Sat 18 Sep 2021,2292,11250,48,3565591,3418396,239758,3805349,3658154,74.6113360792231,71.7252891977988,371
-7.6926,53.28823,2021/09/18 23:00:00+00,Sun 19 Sep 2021,1866,8500,16,3567457,3426896,239774,3807231,3666670,74.6482363831114,71.8922620925453,372
-7.6926,53.28823,2021/09/19 23:00:00+00,Mon 20 Sep 2021,969,5652,35,3568426,3432548,239809,3808235,3672357,74.6679217737086,72.0037668896828,373
-7.6926,53.28823,2021/09/20 23:00:00+00,Tue 21 Sep 2021,1480,6697,90,3569906,3439245,239899,3809805,3679144,74.6987047052201,72.1368393458411,374
-7.6926,53.28823,2021/09/21 23:00:00+00,Wed 22 Sep 2021,1904,8179,97,3571810,3447424,239996,3811806,3687420,74.7379382376752,72.2991065695285,375
-7.6926,53.28823,2021/09/22 23:00:00+00,Thu 23 Sep 2021,1693,8748,89,3573503,3456172,240085,3813588,3696257,74.7728778452889,72.4723732993166,376
-7.6926,53.28823,2021/09/23 23:00:00+00,Fri 24 Sep 2021,1917,7414,81,3575420,3463586,240166,3815586,3703752,74.8120525568558,72.6193274850992,377
-7.6926,53.28823,2021/09/24 23:00:00+00,Sat 25 Sep 2021,2428,6625,53,3577848,3470211,240219,3818067,3710430,74.8606974314291,72.7502627823182,378
-7.6926,53.28823,2021/09/25 23:00:00+00,Sun 26 Sep 2021,1549,7105,0,3579397,3477316,240219,3819616,3717535,74.8910686167229,72.8895702526298,379
-7.6926,53.28823,2021/09/26 23:00:00+00,Mon 27 Sep 2021,1181,3851,45,3580578,3481167,240264,3820842,3721431,74.9151067530497,72.965958979489,380
-7.6926,53.28823,2021/09/27 23:00:00+00,Tue 28 Sep 2021,1459,5165,94,3582037,3486332,240358,3822395,3726690,74.9455563661945,73.0690719965711,381
-7.6926,53.28823,2021/09/28 23:00:00+00,Wed 29 Sep 2021,1657,3646,80,3583694,3489978,240438,3824132,3730416,74.9796136604847,73.1421275397634,382
-7.6926,53.28823,2021/09/29 23:00:00+00,Thu 30 Sep 2021,1279,4006,79,3584973,3493984,240517,3825490,3734501,75.006239915894,73.2222219825816,383
-7.6926,53.28823,2021/09/30 23:00:00+00,Fri 01 Oct 2021,1878,5219,42,3586851,3499203,240559,3827410,3739762,75.0438852843666,73.3253742135892,384
-7.6926,53.28823,2021/10/01 23:00:00+00,Sat 02 Oct 2021,1686,4115,41,3588537,3503318,240600,3829137,3743918,75.0777465090293,73.4068607507624,385
-7.6926,53.28823,2021/10/02 23:00:00+00,Sun 03 Oct 2021,1198,3027,9,3589735,3506345,240609,3830344,3746954,75.1014121130639,73.4663874896598,386
-7.6926,53.28823,2021/10/03 23:00:00+00,Mon 04 Oct 2021,353,1250,18,3590088,3507595,240627,3830715,3748222,75.1086862962428,73.4912491184219,387
-7.6926,53.28823,2021/10/04 23:00:00+00,Tue 05 Oct 2021,961,2848,70,3591049,3510443,240697,3831746,3751140,75.1289010748341,73.5484622357153,388
-7.6926,53.28823,2021/10/05 23:00:00+00,Wed 06 Oct 2021,974,2587,40,3592023,3513030,240737,3832760,3753767,75.1487825350587,73.5999697268495,389
-7.6926,53.28823,2021/10/06 23:00:00+00,Thu 07 Oct 2021,1214,2728,44,3593237,3515758,240781,3834018,3756539,75.1734480941934,73.6543202275819,390
-7.6926,53.28823,2021/10/07 23:00:00+00,Fri 08 Oct 2021,917,2767,48,3594154,3518525,240829,3834983,3759354,75.1923688132435,73.7095138277124,391
-7.6926,53.28823,2021/10/08 23:00:00+00,Sat 09 Oct 2021,724,2376,24,3594878,3520901,240853,3835731,3761754,75.2070348213776,73.7565705383033,392
-7.6926,53.28823,2021/10/09 23:00:00+00,Sun 10 Oct 2021,1521,3931,3,3596399,3524832,240856,3837255,3765688,75.2369158326028,73.8337043297468,393
-7.6926,53.28823,2021/10/10 23:00:00+00,Mon 11 Oct 2021,336,1154,20,3596735,3525986,240876,3837611,3766862,75.2438959113405,73.8567229040108,394
-7.6926,53.28823,2021/10/11 23:00:00+00,Tue 12 Oct 2021,564,1637,21,3597299,3527623,240897,3838196,3768520,75.255365984547,73.8892312482439,395
-7.6926,53.28823,2021/10/12 23:00:00+00,Wed 13 Oct 2021,990,2093,11,3598289,3529716,240908,3839197,3770624,75.2749925542559,73.9304842978619,396
-7.6926,53.28823,2021/10/13 23:00:00+00,Thu 14 Oct 2021,656,1626,9,3598945,3531342,240917,3839862,3772259,75.2880311844821,73.9625416819519,397
-7.6926,53.28823,2021/10/14 23:00:00+00,Fri 15 Oct 2021,958,2098,10,3599903,3533440,240927,3840830,3774367,75.3070107244204,74.0038731594209,398
-7.6926,53.28823,2021/10/15 23:00:00+00,Sat 16 Oct 2021,1385,2671,14,3601288,3536111,240941,3842229,3777052,75.3344408653023,74.0565178543944,399
-7.6926,53.28823,2021/10/16 23:00:00+00,Sun 17 Oct 2021,1709,2895,3,3602997,3539006,240944,3843941,3779950,75.3680079855238,74.1133388324328,400
-7.6926,53.28823,2021/10/17 23:00:00+00,Mon 18 Oct 2021,682,1269,6,3603679,3540275,240950,3844629,3781225,75.3814975758932,74.1383377099342,401
-7.6926,53.28823,2021/10/18 23:00:00+00,Tue 19 Oct 2021,1342,1821,13,3605021,3542096,240963,3845984,3783059,75.4080650104142,74.1742968796107,402
-7.6926,53.28823,2021/10/19 23:00:00+00,Wed 20 Oct 2021,2265,2357,1,3607286,3544453,240964,3848250,3785417,75.4524943879971,74.2205300977662,403
-7.6926,53.28823,2021/10/20 23:00:00+00,Thu 21 Oct 2021,1732,1870,11,3609018,3546323,240975,3849993,3787298,75.4866693240637,74.2574107946918,404
-7.6926,53.28823,2021/10/21 23:00:00+00,Fri 22 Oct 2021,1511,1949,3,3610529,3548272,240978,3851507,3789250,75.5163542656614,74.2956835859723,405
-7.6926,53.28823,2021/10/22 23:00:00+00,Sat 23 Oct 2021,2019,1717,1,3612548,3549989,240979,3853527,3790968,75.5559603304087,74.3293683479703,406
-7.6926,53.28823,2021/10/23 23:00:00+00,Sun 24 Oct 2021,1960,2194,2,3614508,3552183,240981,3855489,3793164,75.5944291913167,74.3724252381609,407
-7.6926,53.28823,2021/10/24 23:00:00+00,Mon 25 Oct 2021,1245,872,2,3615753,3553055,240983,3856736,3794038,75.6188790738612,74.389561723601,408
-7.6926,53.28823,2021/10/25 23:00:00+00,Tue 26 Oct 2021,1246,1250,6,3616999,3554305,240989,3857988,3795294,75.6434269912194,74.4141880688102,409
-7.6926,53.28823,2021/10/26 23:00:00+00,Wed 27 Oct 2021,1570,1442,6,3618569,3555747,240995,3859564,3796742,75.6743275645074,74.4425789508667,410
-7.6926,53.28823,2021/10/27 23:00:00+00,Thu 28 Oct 2021,2163,1716,5,3620732,3557463,241000,3861732,3798463,75.7168354597411,74.4763225337529,411
-7.6926,53.28823,2021/10/28 23:00:00+00,Fri 29 Oct 2021,2150,1391,3,3622882,3558854,241003,3863885,3799857,75.7590492505336,74.5036546398211,412
-7.6926,53.28823,2021/10/29 23:00:00+00,Sat 30 Oct 2021,2022,1469,1,3624904,3560323,241004,3865908,3801327,75.7987141361692,74.532476875058,413
-7.6926,53.28823,2021/10/30 23:00:00+00,Sun 31 Oct 2021,1600,1321,0,3626504,3561644,241004,3867508,3802648,75.8300852765631,74.5583776728457,414
-7.6926,53.28823,2021/11/01 00:00:00+00,Mon 01 Nov 2021,299,309,2,3626803,3561953,241006,3867809,3802959,75.8359869723497,74.5644754382597,415
-7.6926,53.28823,2021/11/02 00:00:00+00,Tue 02 Nov 2021,1101,1104,10,3627904,3563057,241016,3868920,3804073,75.8577703079607,74.586317594759,416
-7.6926,53.28823,2021/11/03 00:00:00+00,Wed 03 Nov 2021,2539,1893,7,3630443,3564950,241023,3871466,3805973,75.9076896351125,74.6235708239767,417
-7.6926,53.28823,2021/11/04 00:00:00+00,Thu 04 Nov 2021,1537,1299,2,3631980,3566249,241025,3873005,3807274,75.9378647507788,74.6490794825095,418
-7.6926,53.28823,2021/11/05 00:00:00+00,Fri 05 Nov 2021,1629,1113,5,3633609,3567362,241030,3874639,3808392,75.9699025279061,74.6710000668597,419
-7.6926,53.28823,2021/11/06 00:00:00+00,Sat 06 Nov 2021,1826,1366,6,3635435,3568728,241036,3876471,3809764,76.0058224836571,74.6979008197475,420
-7.6926,53.28823,2021/11/07 00:00:00+00,Sun 07 Nov 2021,701,775,0,3636136,3569503,241036,3877172,3810539,76.0195669645422,74.7130962158758,421
-7.6926,53.28823,2021/11/08 00:00:00+00,Mon 08 Nov 2021,521,542,4,3636657,3570045,241040,3877697,3811085,76.0298606199839,74.7238016175352,422
-7.6926,53.28823,2021/11/09 00:00:00+00,Tue 09 Nov 2021,1375,1077,4,3638032,3571122,241044,3879076,3812166,76.0568986216109,74.7449967442638,423
-7.6926,53.28823,2021/11/10 00:00:00+00,Wed 10 Nov 2021,1602,1373,2,3639634,3572495,241046,3880680,3813541,76.0883481898558,74.7719563180398,424
-7.6926,53.28823,2021/11/11 00:00:00+00,Thu 11 Nov 2021,1397,1131,2,3641031,3573626,241048,3882079,3814674,76.1157783307377,74.7941710068313,425
-7.6926,53.28823,2021/11/12 00:00:00+00,Fri 12 Nov 2021,1145,1163,6,3642176,3574789,241054,3883230,3815843,76.1383459448586,74.8170915462815,426
-7.6926,53.28823,2021/11/13 00:00:00+00,Sat 13 Nov 2021,1397,1386,0,3643573,3576175,241054,3884627,3817229,76.165736871815,74.8442667966478,427
-7.6926,53.28823,2021/11/14 00:00:00+00,Sun 14 Nov 2021,1647,1808,1,3645220,3577983,241055,3886275,3819038,76.1980491464207,74.8797357922556,428
-7.6926,53.28823,2021/11/15 00:00:00+00,Mon 15 Nov 2021,1245,601,1,3646465,3578584,241056,3887521,3819640,76.2224794220024,74.8915391838288,429
-7.6926,53.28823,2021/11/16 00:00:00+00,Tue 16 Nov 2021,1320,1086,5,3647785,3579670,241061,3888846,3820731,76.2484586476411,74.9129303801849,430
-7.6926,53.28823,2021/11/17 00:00:00+00,Wed 17 Nov 2021,1504,1130,3,3649289,3580800,241064,3890353,3821864,76.2780063404996,74.9351450689763,431
-7.6926,53.28823,2021/11/18 00:00:00+00,Thu 18 Nov 2021,1641,2522,5,3650930,3583322,241069,3891999,3824391,76.3102794011798,74.9846918638359,432
-7.6926,53.28823,2021/11/19 00:00:00+00,Fri 19 Nov 2021,1166,1570,0,3652096,3584892,241069,3893165,3825961,76.3331411197419,75.0154747953474,433
-7.6926,53.28823,2022/03/10 00:00:00+00,Thu 10 Mar 2022,257,508,0,3837654,3767114,241205,4078859,4008319,79.9740364599315,78.5909613078158,434
-7.6926,53.28823,2022/03/11 00:00:00+00,Fri 11 Mar 2022,493,2184,0,3838147,3769298,241205,4079352,4010503,79.9837026925654,78.6337829144534,435
-7.6926,53.28823,2022/03/12 00:00:00+00,Sat 12 Mar 2022,473,2393,2,3838620,3771691,241207,4079827,4012898,79.9930159998698,78.6807415902306,436
-7.6926,53.28823,2022/03/13 00:00:00+00,Sun 13 Mar 2022,358,1082,0,3838978,3772773,241207,4080185,4013980,80.0000352925329,78.7019563239219,437
-7.6926,53.28823,2022/03/14 00:00:00+00,Mon 14 Mar 2022,106,123,0,3839084,3772896,241207,4080291,4014103,80.002113630584,78.7043679803397,438
-7.6926,53.28823,2022/03/15 00:00:00+00,Tue 15 Mar 2022,220,756,1,3839304,3773652,241208,4080512,4014860,80.0064467693509,78.7192104511386,439
-7.6926,53.28823,2022/03/16 00:00:00+00,Wed 16 Mar 2022,194,799,0,3839498,3774451,241208,4080706,4015659,80.0102505201237,78.7348764143728,440
-7.6926,53.28823,2022/03/17 00:00:00+00,Thu 17 Mar 2022,1,4,0,3839499,3774455,241208,4080707,4015663,80.0102701270864,78.7349548422237,441
-7.6926,53.28823,2022/03/18 00:00:00+00,Fri 18 Mar 2022,4,7,0,3839503,3774462,241208,4080711,4015670,80.0103485549374,78.735092090963,442
-7.6926,53.28823,2022/03/19 00:00:00+00,Sat 19 Mar 2022,741,2781,0,3840244,3777243,241208,4081452,4018451,80.0248773143324,78.7896190543601,443
-7.6926,53.28823,2022/03/20 00:00:00+00,Sun 20 Mar 2022,395,1402,0,3840639,3778645,241208,4081847,4019853,80.0326220646171,78.8171080161302,444
-7.6926,53.28823,2022/03/21 00:00:00+00,Mon 21 Mar 2022,56,112,0,3840695,3778757,241208,4081903,4019965,80.0337200545309,78.8193039959578,445
-7.6926,53.28823,2022/03/22 00:00:00+00,Tue 22 Mar 2022,140,575,0,3840835,3779332,241208,4082043,4020540,80.0364650293154,78.8305779995369,446
-7.6926,53.28823,2022/03/23 00:00:00+00,Wed 23 Mar 2022,99,221,0,3840934,3779553,241208,4082142,4020761,80.0384061186272,78.8349111383038,447
-7.6926,53.28823,2022/03/24 00:00:00+00,Thu 24 Mar 2022,141,245,0,3841075,3779798,241208,4082283,4021006,80.0411707003744,78.8397148441766,448
-7.6926,53.28823,2022/03/25 00:00:00+00,Fri 25 Mar 2022,433,1625,0,3841508,3781423,241208,4082716,4022631,80.0496605152435,78.8715761586392,449
-7.6926,53.28823,2022/03/26 00:00:00+00,Sat 26 Mar 2022,874,1848,1,3842382,3783271,241209,4083591,4024480,80.0668166076464,78.9078294327568,450
-7.6926,53.28823,2022/03/27 00:00:00+00,Sun 27 Mar 2022,380,804,0,3842762,3784075,241209,4083971,4025284,80.07426725349,78.9235934308048,451
-7.6926,53.28823,2022/03/27 23:00:00+00,Mon 28 Mar 2022,43,54,1,3842805,3784129,241210,4084015,4025339,80.0751299598508,78.9246718137558,452
-7.6926,53.28823,2022/03/28 23:00:00+00,Tue 29 Mar 2022,137,193,3,3842942,3784322,241213,4084155,4025535,80.0778749346353,78.9285147784541,453
-7.6926,53.28823,2022/03/29 23:00:00+00,Wed 30 Mar 2022,109,138,0,3843051,3784460,241213,4084264,4025673,80.0800120935746,78.931220539313,454
-7.6926,53.28823,2022/03/30 23:00:00+00,Thu 31 Mar 2022,226,361,0,3843277,3784821,241213,4084490,4026034,80.0844432671553,78.9382986528644,455
-7.6926,53.28823,2022/03/31 23:00:00+00,Fri 01 Apr 2022,306,906,0,3843583,3785727,241213,4084796,4026940,80.0904429977556,78.9560625611124,456
-7.6926,53.28823,2022/04/01 23:00:00+00,Sat 02 Apr 2022,726,1538,1,3844309,3787265,241214,4085523,4028479,80.1046972596721,78.9862376767788,457
-7.6926,53.28823,2022/04/02 23:00:00+00,Sun 03 Apr 2022,538,817,0,3844847,3788082,241214,4086061,4029296,80.1152458056295,79.0022565653424,458
-7.6926,53.28823,2022/04/03 23:00:00+00,Mon 04 Apr 2022,47,53,0,3844894,3788135,241214,4086108,4029349,80.1161673328786,79.003295734368,459
-7.6926,53.28823,2022/04/04 23:00:00+00,Tue 05 Apr 2022,130,170,0,3845024,3788305,241214,4086238,4029519,80.1187162380356,79.0066289180349,460
-7.6926,53.28823,2022/04/05 23:00:00+00,Wed 06 Apr 2022,157,211,0,3845181,3788516,241214,4086395,4029730,80.1217945311867,79.0107659871743,461
-7.6926,53.28823,2022/04/06 23:00:00+00,Thu 07 Apr 2022,116,181,0,3845297,3788697,241214,4086511,4029911,80.1240689388653,79.0143148474314,462
-7.6926,53.28823,2022/04/07 23:00:00+00,Fri 08 Apr 2022,252,422,2,3845549,3789119,241216,4086765,4030335,80.1290491074028,79.0226281996357,463
-7.6926,53.28823,2022/04/08 23:00:00+00,Sat 09 Apr 2022,559,1019,0,3846108,3790138,241216,4087324,4031354,80.1400093995779,79.0426076946741,464
-7.6926,53.28823,2022/04/09 23:00:00+00,Sun 10 Apr 2022,413,720,0,3846521,3790858,241216,4087737,4032074,80.1481070751921,79.0567247078514,465
-7.6926,53.28823,2022/04/10 23:00:00+00,Mon 11 Apr 2022,69,93,1,3846590,3790951,241217,4087807,4032168,80.1494795625843,79.0585677623495,466
-7.6926,53.28823,2022/04/11 23:00:00+00,Tue 12 Apr 2022,193,179,1,3846783,3791130,241218,4088001,4032348,80.1532833133571,79.0620970156438,467
-7.6926,53.28823,2022/04/12 23:00:00+00,Wed 13 Apr 2022,141,235,0,3846924,3791365,241218,4088142,4032583,80.1560478951043,79.0667046518892,468
-7.6926,53.28823,2022/04/13 23:00:00+00,Thu 14 Apr 2022,357,431,0,3847281,3791796,241218,4088499,4033014,80.1630475808047,79.0751552528328,469
-7.6926,53.28823,2022/04/14 23:00:00+00,Fri 15 Apr 2022,446,990,0,3847727,3792786,241218,4088945,4034004,80.1717922861895,79.0945661459515,470
-7.6926,53.28823,2022/04/15 23:00:00+00,Sat 16 Apr 2022,43,88,0,3847770,3792874,241218,4088988,4034092,80.1726353855876,79.0962915586731,471
-7.6926,53.28823,2022/04/16 23:00:00+00,Sun 17 Apr 2022,1,1,0,3847771,3792875,241218,4088989,4034093,80.1726549925503,79.0963111656359,472
-7.6926,53.28823,2022/04/17 23:00:00+00,Mon 18 Apr 2022,36,62,1,3847807,3792937,241219,4089026,4034156,80.1733804501719,79.0975464042889,473
-7.6926,53.28823,2022/04/18 23:00:00+00,Tue 19 Apr 2022,218,271,1,3848025,3793208,241220,4089245,4034428,80.1776743750134,79.1028794981559,474
-7.6926,53.28823,2022/04/19 23:00:00+00,Wed 20 Apr 2022,253,607,0,3848278,3793815,241220,4089498,4035035,80.1826349365881,79.1147809245428,475
-7.6926,53.28823,2022/04/20 23:00:00+00,Thu 21 Apr 2022,169,236,0,3848447,3794051,241220,4089667,4035271,80.1859485132922,79.1194081677509,476
-7.6926,53.28823,2022/04/21 23:00:00+00,Fri 22 Apr 2022,194,254,0,3848641,3794305,241220,4089861,4035525,80.189752264065,79.1243883362884,477
-7.6926,53.28823,2022/04/22 23:00:00+00,Sat 23 Apr 2022,323,1010,0,3848964,3795315,241220,4090184,4036535,80.196085313032,79.1441913686621,478
-7.6926,53.28823,2022/04/23 23:00:00+00,Sun 24 Apr 2022,181,252,0,3849145,3795567,241220,4090365,4036787,80.1996341732891,79.1491323232741,479
-7.6926,53.28823,2022/04/24 23:00:00+00,Mon 25 Apr 2022,41,60,1,3849186,3795627,241221,4090407,4036848,80.2004576657244,79.1503283480016,480
-7.6926,53.28823,2022/04/25 23:00:00+00,Tue 26 Apr 2022,144,238,0,3849330,3795865,241221,4090551,4037086,80.2032810683599,79.1549948051352,481
-7.6926,53.28823,2022/04/26 23:00:00+00,Wed 27 Apr 2022,123,207,0,3849453,3796072,241221,4090674,4037293,80.2056927247776,79.1590534464237,482
-7.6926,53.28823,2022/04/27 23:00:00+00,Thu 28 Apr 2022,100,130,0,3849553,3796202,241221,4090774,4037423,80.2076534210523,79.1616023515807,483
-7.6926,53.28823,2022/04/28 23:00:00+00,Fri 29 Apr 2022,169,222,0,3849722,3796424,241221,4090943,4037645,80.2109669977564,79.1659550973103,484
-7.6926,53.28823,2022/04/29 23:00:00+00,Sat 30 Apr 2022,281,725,0,3850003,3797149,241221,4091224,4038370,80.2164765542881,79.1801701453013,485
-7.6926,53.28823,2022/04/30 23:00:00+00,Sun 01 May 2022,188,748,0,3850191,3797897,241221,4091412,4039118,80.2201626632843,79.1948361534355,486
-7.6926,53.28823,2022/05/01 23:00:00+00,Mon 02 May 2022,12,26,0,3850203,3797923,241221,4091424,4039144,80.2203979468373,79.1953459344669,487
-7.6926,53.28823,2022/05/02 23:00:00+00,Tue 03 May 2022,95,117,0,3850298,3798040,241221,4091519,4039261,80.2222606082982,79.1976399491082,488
-7.6926,53.28823,2022/05/03 23:00:00+00,Wed 04 May 2022,112,129,0,3850410,3798169,241221,4091631,4039390,80.2244565881257,79.2001692473024,489
-7.6926,53.28823,2022/05/04 23:00:00+00,Thu 05 May 2022,112,167,1,3850522,3798336,241222,4091744,4039558,80.2266721749161,79.2034632170438,490
-7.6926,53.28823,2022/05/05 23:00:00+00,Fri 06 May 2022,135,257,0,3850657,3798593,241222,4091879,4039815,80.2293191148868,79.2085022064696,491
-7.6926,53.28823,2022/05/06 23:00:00+00,Sat 07 May 2022,441,1088,0,3851098,3799681,241222,4092320,4040903,80.2379657854579,79.2298345819374,492
-7.6926,53.28823,2022/05/07 23:00:00+00,Sun 08 May 2022,274,437,0,3851372,3800118,241222,4092594,4041340,80.2433380932503,79.2384028246575,493
-7.6926,53.28823,2022/05/08 23:00:00+00,Mon 09 May 2022,23,32,0,3851395,3800150,241222,4092617,4041372,80.2437890533935,79.2390302474654,494
-7.6926,53.28823,2022/05/09 23:00:00+00,Tue 10 May 2022,80,99,1,3851475,3800249,241223,4092698,4041472,80.2453772173759,79.24099094374,495
-7.6926,53.28823,2022/05/10 23:00:00+00,Wed 11 May 2022,110,132,0,3851585,3800381,241223,4092808,4041604,80.247533983278,79.2435790628225,496
-7.6926,53.28823,2022/05/11 23:00:00+00,Thu 12 May 2022,207,398,0,3851792,3800779,241223,4093015,4042002,80.2515926245665,79.2513826339954,497
-7.6926,53.28823,2022/05/12 23:00:00+00,Fri 13 May 2022,172,327,0,3851964,3801106,241223,4093187,4042329,80.2549650221588,79.2577941108134,498
-7.6926,53.28823,2022/05/13 23:00:00+00,Sat 14 May 2022,333,634,0,3852297,3801740,241223,4093520,4042963,80.2614941407533,79.2702249251945,499
-7.6926,53.28823,2022/05/14 23:00:00+00,Sun 15 May 2022,168,254,0,3852465,3801994,241223,4093688,4043217,80.2647881104946,79.2752050937321,500
-7.6926,53.28823,2022/05/15 23:00:00+00,Mon 16 May 2022,29,41,0,3852494,3802035,241223,4093717,4043258,80.2653567124143,79.2760089792047,501
-7.6926,53.28823,2022/05/16 23:00:00+00,Tue 17 May 2022,96,101,0,3852590,3802136,241223,4093813,4043359,80.2672389808379,79.277989282442,502
-7.6926,53.28823,2022/05/17 23:00:00+00,Wed 18 May 2022,98,123,0,3852688,3802259,241223,4093911,4043482,80.269160463187,79.2804009388598,503
-7.6926,53.28823,2022/05/18 23:00:00+00,Thu 19 May 2022,70,107,0,3852758,3802366,241223,4093981,4043589,80.2705329505793,79.2824988838736,504
-7.6926,53.28823,2022/05/19 23:00:00+00,Fri 20 May 2022,126,210,0,3852884,3802576,241223,4094107,4043799,80.2730034278853,79.2866163460503,505
-7.6926,53.28823,2022/05/20 23:00:00+00,Sat 21 May 2022,392,763,0,3853276,3803339,241223,4094499,4044562,80.2806893572818,79.3015764586257,506
-7.6926,53.28823,2022/05/21 23:00:00+00,Sun 22 May 2022,234,410,0,3853510,3803749,241223,4094733,4044972,80.2852773865644,79.3096153133516,507
-7.6926,53.28823,2022/05/22 23:00:00+00,Mon 23 May 2022,25,35,0,3853535,3803784,241223,4094758,4045007,80.2857675606331,79.3103015570477,508
-7.6926,53.28823,2022/05/23 23:00:00+00,Tue 24 May 2022,62,84,0,3853597,3803868,241223,4094820,4045091,80.2869831923233,79.3119485419184,509
-7.6926,53.28823,2022/05/24 23:00:00+00,Wed 25 May 2022,83,134,1,3853680,3804002,241224,4094904,4045226,80.288630177194,79.3145954818891,510
-7.6926,53.28823,2022/05/25 23:00:00+00,Thu 26 May 2022,97,155,0,3853777,3804157,241224,4095001,4045381,80.2905320525804,79.3176345611148,511
-7.6926,53.28823,2022/05/26 23:00:00+00,Fri 27 May 2022,95,152,2,3853872,3804309,241226,4095098,4045535,80.2924339279668,79.3206540333777,512
-7.6926,53.28823,2022/05/27 23:00:00+00,Sat 28 May 2022,335,580,0,3854207,3804889,241226,4095433,4046115,80.2990022604867,79.3320260717705,513
-7.6926,53.28823,2022/05/28 23:00:00+00,Sun 29 May 2022,181,349,0,3854388,3805238,241226,4095614,4046464,80.3025511207438,79.3388689017689,514
-7.6926,53.28823,2022/05/29 23:00:00+00,Mon 30 May 2022,9,24,0,3854397,3805262,241226,4095623,4046488,80.3027275834085,79.3393394688748,515
-7.6926,53.28823,2022/05/30 23:00:00+00,Tue 31 May 2022,62,80,2,3854459,3805342,241228,4095687,4046570,80.3039824290243,79.34094723982,516
-7.6926,53.28823,2022/05/31 23:00:00+00,Wed 01 Jun 2022,73,102,0,3854532,3805444,241228,4095760,4046672,80.3054137373047,79.3429471500201,517
-7.6926,53.28823,2022/06/01 23:00:00+00,Thu 02 Jun 2022,90,142,0,3854622,3805586,241228,4095850,4046814,80.3071783639519,79.3457313387301,518
-7.6926,53.28823,2022/06/02 23:00:00+00,Fri 03 Jun 2022,58,143,0,3854680,3805729,241228,4095908,4046957,80.3083155677912,79.3485351344028,519
-7.6926,53.28823,2022/06/03 23:00:00+00,Sat 04 Jun 2022,305,607,0,3854985,3806336,241228,4096213,4047564,80.3142956914288,79.3604365607897,520
-7.6926,53.28823,2022/06/04 23:00:00+00,Sun 05 Jun 2022,143,273,0,3855128,3806609,241228,4096356,4047837,80.3170994871015,79.3657892616194,521
-7.6926,53.28823,2022/06/05 23:00:00+00,Mon 06 Jun 2022,6,7,2,3855134,3806616,241230,4096364,4047846,80.3172563428034,79.3659657242842,522
-7.6926,53.28823,2022/06/06 23:00:00+00,Tue 07 Jun 2022,29,54,0,3855163,3806670,241230,4096393,4047900,80.3178249447231,79.3670245002724,523
-7.6926,53.28823,2022/06/07 23:00:00+00,Wed 08 Jun 2022,36,76,0,3855199,3806746,241230,4096429,4047976,80.3185307953819,79.3685146294412,524
-7.6926,53.28823,2022/06/08 23:00:00+00,Thu 09 Jun 2022,73,122,0,3855272,3806868,241230,4096502,4048098,80.3199621036624,79.3709066788962,525
-7.6926,53.28823,2022/06/09 23:00:00+00,Fri 10 Jun 2022,55,108,0,3855327,3806976,241230,4096557,4048206,80.3210404866135,79.3730242308728,526
-7.6926,53.28823,2022/06/10 23:00:00+00,Sat 11 Jun 2022,190,562,0,3855517,3807538,241230,4096747,4048768,80.3247658095352,79.3840433439361,527
-7.6926,53.28823,2022/06/11 23:00:00+00,Sun 12 Jun 2022,143,288,0,3855660,3807826,241230,4096890,4049056,80.3275696052079,79.389690149207,528
-7.6926,53.28823,2022/06/12 23:00:00+00,Mon 13 Jun 2022,17,42,0,3855677,3807868,241230,4096907,4049098,80.3279029235746,79.3905136416424,529
-7.6926,53.28823,2022/06/13 23:00:00+00,Tue 14 Jun 2022,36,55,0,3855713,3807923,241230,4096943,4049153,80.3286087742335,79.3915920245934,530
-7.6926,53.28823,2022/06/14 23:00:00+00,Wed 15 Jun 2022,64,124,0,3855777,3808047,241230,4097007,4049277,80.3298636198492,79.3940232879739,531
-7.6926,53.28823,2022/06/15 23:00:00+00,Thu 16 Jun 2022,41,84,0,3855818,3808131,241230,4097048,4049361,80.3306675053218,79.3956702728446,532
-7.6926,53.28823,2022/06/16 23:00:00+00,Fri 17 Jun 2022,58,95,0,3855876,3808226,241230,4097106,4049456,80.3318047091611,79.3975329343055,533
-7.6926,53.28823,2022/06/17 23:00:00+00,Sat 18 Jun 2022,223,488,0,3856099,3808714,241230,4097329,4049944,80.3361770618535,79.4071011321256,534
-7.6926,53.28823,2022/06/18 23:00:00+00,Sun 19 Jun 2022,79,129,0,3856178,3808843,241230,4097408,4050073,80.3377260119104,79.4096304303199,535
-7.6926,53.28823,2022/06/19 23:00:00+00,Mon 20 Jun 2022,9,28,0,3856187,3808871,241230,4097417,4050101,80.3379024745752,79.4101794252768,536
-7.6926,53.28823,2022/06/20 23:00:00+00,Tue 21 Jun 2022,73,169,2,3856260,3809040,241232,4097492,4050272,80.3393729967811,79.4135322159064,537
-7.6926,53.28823,2022/06/21 23:00:00+00,Wed 22 Jun 2022,60,96,0,3856320,3809136,241232,4097552,4050368,80.3405494145459,79.41541448433,538
-7.6926,53.28823,2022/06/22 23:00:00+00,Thu 23 Jun 2022,62,113,0,3856382,3809249,241232,4097614,4050481,80.3417650462362,79.4176300711203,539
-7.6926,53.28823,2022/06/23 23:00:00+00,Fri 24 Jun 2022,55,93,1,3856437,3809342,241233,4097670,4050575,80.34286303615,79.4194731256185,540
-7.6926,53.28823,2022/06/24 23:00:00+00,Sat 25 Jun 2022,210,293,0,3856647,3809635,241233,4097880,4050868,80.3469804983266,79.4252179657031,541
-7.6926,53.28823,2021/11/20 00:00:00+00,Sat 20 Nov 2021,1549,2955,12,3653645,3587847,241081,3894726,3828928,76.3637475885887,75.0736486538154,542
-7.6926,53.28823,2021/11/21 00:00:00+00,Sun 21 Nov 2021,1790,2773,0,3655435,3590620,241081,3896516,3831701,76.3988440519043,75.1280187615105,543
-7.6926,53.28823,2021/11/22 00:00:00+00,Mon 22 Nov 2021,725,522,3,3656160,3591142,241084,3897244,3832226,76.4131179207836,75.1383124169523,544
-7.6926,53.28823,2021/11/23 00:00:00+00,Tue 23 Nov 2021,2159,1605,8,3658319,3592747,241092,3899411,3833839,76.4556062090545,75.1699384478619,545
-7.6926,53.28823,2021/11/24 00:00:00+00,Wed 24 Nov 2021,1615,3155,2,3659934,3595902,241094,3901028,3836996,76.4873106678151,75.2318376292516,546
-7.6926,53.28823,2021/11/25 00:00:00+00,Thu 25 Nov 2021,981,1193,2,3660915,3597095,241096,3902011,3838191,76.5065843121946,75.2552679497332,547
-7.6926,53.28823,2021/11/26 00:00:00+00,Fri 26 Nov 2021,1279,1117,12,3662194,3598212,241108,3903302,3839320,76.5318969010999,75.2774042106737,548
-7.6926,53.28823,2021/11/27 00:00:00+00,Sat 27 Nov 2021,1200,1569,6,3663394,3599781,241114,3904508,3840895,76.5555428981718,75.3082851769989,549
-7.6926,53.28823,2021/11/28 00:00:00+00,Sun 28 Nov 2021,1961,2267,1,3665355,3602048,241115,3906470,3843163,76.5940117590798,75.3527537685073,550
-7.6926,53.28823,2021/11/29 00:00:00+00,Mon 29 Nov 2021,535,1006,2,3665890,3603054,241117,3907007,3844171,76.6045406980745,75.3725175869554,551
-7.6926,53.28823,2021/11/30 00:00:00+00,Tue 30 Nov 2021,1898,1660,6,3667788,3604714,241123,3908911,3845837,76.6418723551433,75.4051827868905,552
-7.6926,53.28823,2021/12/01 00:00:00+00,Wed 01 Dec 2021,1075,1393,4,3668863,3606107,241127,3909990,3847234,76.6630282679464,75.432573713847,553
-7.6926,53.28823,2021/12/02 00:00:00+00,Thu 02 Dec 2021,1736,1420,0,3670599,3607527,241127,3911726,3848654,76.6970659552738,75.4604156009465,554
-7.6926,53.28823,2021/12/03 00:00:00+00,Fri 03 Dec 2021,1016,1210,3,3671615,3608737,241130,3912745,3849867,76.7170454503121,75.4841988467577,555
-7.6926,53.28823,2021/12/04 00:00:00+00,Sat 04 Dec 2021,1206,1707,3,3672821,3610444,241133,3913954,3851577,76.7407502682723,75.5177267530536,556
-7.6926,53.28823,2021/12/05 00:00:00+00,Sun 05 Dec 2021,1349,1779,2,3674170,3612223,241135,3915305,3853358,76.7672392749424,75.5526467537046,557
-7.6926,53.28823,2021/12/06 00:00:00+00,Mon 06 Dec 2021,942,1307,0,3675112,3613530,241135,3916247,3854665,76.7857090338493,75.5782730540138,558
-7.6926,53.28823,2021/12/07 00:00:00+00,Tue 07 Dec 2021,488,753,2,3675600,3614283,241137,3916737,3855420,76.7953164455949,75.5930763108872,559
-7.6926,53.28823,2021/12/08 00:00:00+00,Wed 08 Dec 2021,799,1528,2,3676399,3615811,241139,3917538,3856950,76.8110216227546,75.6230749638889,560
-7.6926,53.28823,2021/12/09 00:00:00+00,Thu 09 Dec 2021,788,1219,1,3677187,3617030,241140,3918327,3858170,76.8264915163613,75.6469954584392,561
-7.6926,53.28823,2021/12/10 00:00:00+00,Fri 10 Dec 2021,894,1622,1,3678081,3618652,241141,3919222,3859793,76.8440397480192,75.6788175589763,562
-7.6926,53.28823,2021/12/11 00:00:00+00,Sat 11 Dec 2021,644,851,2,3678725,3619503,241143,3919868,3860646,76.8567058459532,75.6955422981988,563
-7.6926,53.28823,2021/12/12 00:00:00+00,Sun 12 Dec 2021,686,1193,0,3679411,3620696,241143,3920554,3861839,76.8701562223971,75.718933404755,564
-7.6926,53.28823,2021/12/13 00:00:00+00,Mon 13 Dec 2021,725,1074,1,3680136,3621770,241144,3921280,3862914,76.8843908773508,75.7400108897071,565
-7.6926,53.28823,2021/12/14 00:00:00+00,Tue 14 Dec 2021,630,1206,3,3680766,3622976,241147,3921913,3864123,76.8968020847691,75.7637157076672,566
-7.6926,53.28823,2021/12/15 00:00:00+00,Wed 15 Dec 2021,790,1260,1,3681556,3624236,241148,3922704,3865384,76.9123111923014,75.7884400876902,567
-7.6926,53.28823,2021/12/16 00:00:00+00,Thu 16 Dec 2021,1049,1554,8,3682605,3625790,241156,3923761,3866946,76.9330357519241,75.8190661634997,568
-7.6926,53.28823,2021/12/17 00:00:00+00,Fri 17 Dec 2021,1198,2462,2,3683803,3628252,241158,3924961,3869410,76.9565641072195,75.8673777197063,569
-7.6926,53.28823,2021/12/18 00:00:00+00,Sat 18 Dec 2021,1251,1186,0,3685054,3629438,241158,3926212,3870596,76.981092417615,75.8906315775233,570
-7.6926,53.28823,2021/12/19 00:00:00+00,Sun 19 Dec 2021,553,894,3,3685607,3630332,241161,3926768,3871493,76.9919938889019,75.9082190231066,571
-7.6926,53.28823,2021/12/20 00:00:00+00,Mon 20 Dec 2021,515,624,1,3686122,3630956,241162,3927284,3872118,77.0021110816789,75.920473374823,572
-7.6926,53.28823,2021/12/21 00:00:00+00,Tue 21 Dec 2021,1401,1825,3,3687523,3632781,241165,3928688,3873946,77.0296392573745,75.956314902723,573
-7.6926,53.28823,2021/12/22 00:00:00+00,Wed 22 Dec 2021,1161,1607,2,3688684,3634388,241167,3929851,3875555,77.0524421550483,75.9878625057816,574
-7.6926,53.28823,2021/12/23 00:00:00+00,Thu 23 Dec 2021,930,1406,0,3689614,3635794,241167,3930781,3876961,77.0706766304023,76.0154298954027,575
-7.6926,53.28823,2021/12/24 00:00:00+00,Fri 24 Dec 2021,101,166,0,3689715,3635960,241167,3930882,3877127,77.0726569336396,76.0186846512186,576
-7.6926,53.28823,2021/12/25 00:00:00+00,Sat 25 Dec 2021,2,7,0,3689717,3635967,241167,3930884,3877134,77.0726961475651,76.0188218999578,577
-7.6926,53.28823,2021/12/26 00:00:00+00,Sun 26 Dec 2021,12,14,0,3689729,3635981,241167,3930896,3877148,77.0729314311181,76.0190963974363,578
-7.6926,53.28823,2021/12/27 00:00:00+00,Mon 27 Dec 2021,393,591,0,3690122,3636572,241167,3931289,3877739,77.0806369674773,76.0306841124193,579
-7.6926,53.28823,2021/12/28 00:00:00+00,Tue 28 Dec 2021,469,752,0,3690591,3637324,241167,3931758,3878491,77.0898326330053,76.0454285484044,580
-7.6926,53.28823,2021/12/29 00:00:00+00,Wed 29 Dec 2021,1060,1318,0,3691651,3638642,241167,3932818,3879809,77.1106160135162,76.0712705253039,581
-7.6926,53.28823,2021/12/30 00:00:00+00,Thu 30 Dec 2021,1050,1206,2,3692701,3639848,241169,3933870,3881017,77.1312425383252,76.0949557363012,582
-7.6926,53.28823,2021/12/31 00:00:00+00,Fri 31 Dec 2021,716,1682,0,3693417,3641530,241169,3934586,3882699,77.1452811236515,76.1279346476403,583
-7.6926,53.28823,2022/01/01 00:00:00+00,Sat 01 Jan 2022,73,101,1,3693490,3641631,241170,3934660,3882801,77.1467320388947,76.1299345578404,584
-7.6926,53.28823,2022/01/02 00:00:00+00,Sun 02 Jan 2022,271,629,0,3693761,3642260,241170,3934931,3883430,77.1520455257989,76.1422673374078,585
-7.6926,53.28823,2022/01/03 00:00:00+00,Mon 03 Jan 2022,3635,731,1,3697396,3642991,241171,3938567,3884162,77.2233364423441,76.156619634138,586
-7.6926,53.28823,2022/01/04 00:00:00+00,Tue 04 Jan 2022,1190,793,1,3698586,3643784,241172,3939758,3884956,77.2466883349748,76.1721875625585,587
-7.6926,53.28823,2022/01/05 00:00:00+00,Wed 05 Jan 2022,2140,918,0,3700726,3644702,241172,3941898,3885874,77.2886472352516,76.1901867543595,588
-7.6926,53.28823,2022/01/06 00:00:00+00,Thu 06 Jan 2022,2454,1700,1,3703180,3646402,241173,3944353,3887575,77.3367823287935,76.2235381979907,589
-7.6926,53.28823,2022/01/07 00:00:00+00,Fri 07 Jan 2022,4856,785,2,3708036,3647187,241175,3949211,3888362,77.4320329538144,76.238968877672,590
-7.6926,53.28823,2022/01/08 00:00:00+00,Sat 08 Jan 2022,9789,747,2,3717825,3647934,241177,3959002,3889111,77.6240047260623,76.2536544927688,591
-7.6926,53.28823,2022/01/09 00:00:00+00,Sun 09 Jan 2022,7117,667,0,3724942,3648601,241177,3966119,3889778,77.7635474799269,76.2667323369206,592
-7.6926,53.28823,2022/01/10 00:00:00+00,Mon 10 Jan 2022,6668,512,1,3731610,3649113,241178,3972788,3890291,77.8943063144812,76.2767907088093,593
-7.6926,53.28823,2022/01/11 00:00:00+00,Tue 11 Jan 2022,4779,1374,1,3736389,3650487,241179,3977568,3891666,77.9880275964079,76.3037502825853,594
-7.6926,53.28823,2022/01/12 00:00:00+00,Wed 12 Jan 2022,7560,929,1,3743949,3651416,241180,3985129,3892596,78.1362758417318,76.3219847579393,595
-7.6926,53.28823,2022/01/13 00:00:00+00,Thu 13 Jan 2022,7323,820,0,3751272,3652236,241180,3992452,3893416,78.2798576299221,76.3380624673912,596
-7.6926,53.28823,2022/01/14 00:00:00+00,Fri 14 Jan 2022,10723,840,0,3761995,3653076,241180,4003175,3894256,78.4901030914494,76.354532316098,597
-7.6926,53.28823,2022/01/15 00:00:00+00,Sat 15 Jan 2022,8362,655,2,3770357,3653731,241182,4011539,3894913,78.6540957278585,76.3674140906222,598
-7.6926,53.28823,2022/01/16 00:00:00+00,Sun 16 Jan 2022,6965,1216,1,3777322,3654947,241183,4018505,3896130,78.7906778303484,76.3912757642843,599
-7.6926,53.28823,2022/01/17 00:00:00+00,Mon 17 Jan 2022,2565,564,0,3779887,3655511,241183,4021070,3896694,78.8409696897924,76.4023340912732,600
-7.6926,53.28823,2022/01/18 00:00:00+00,Tue 18 Jan 2022,4056,456,3,3783943,3655967,241186,4025129,3897153,78.9205543515791,76.4113336871737,601
-7.6926,53.28823,2022/01/19 00:00:00+00,Wed 19 Jan 2022,3487,627,0,3787430,3656594,241186,4028616,3897780,78.988923830675,76.4236272528155,602
-7.6926,53.28823,2022/01/20 00:00:00+00,Thu 20 Jan 2022,3699,940,2,3791129,3657534,241188,4032317,3898722,79.0614891997987,76.4420970117224,603
-7.6926,53.28823,2022/01/21 00:00:00+00,Fri 21 Jan 2022,3253,978,0,3794382,3658512,241188,4035570,3899700,79.125270649612,76.4612726212882,604
-7.6926,53.28823,2022/01/22 00:00:00+00,Sat 22 Jan 2022,4273,645,0,3798655,3659157,241188,4039843,3900345,79.2090512014264,76.4739191122595,605
-7.6926,53.28823,2022/01/23 00:00:00+00,Sun 23 Jan 2022,3094,680,0,3801749,3659837,241188,4042937,3901025,79.2697151441631,76.4872518469269,606
-7.6926,53.28823,2022/01/24 00:00:00+00,Mon 24 Jan 2022,646,469,0,3802395,3660306,241188,4043583,3901494,79.2823812420972,76.4964475124548,607
-7.6926,53.28823,2022/01/25 00:00:00+00,Tue 25 Jan 2022,692,1838,1,3803087,3662144,241189,4044276,3903333,79.2959688672803,76.5325047169451,608
-7.6926,53.28823,2022/01/26 00:00:00+00,Wed 26 Jan 2022,700,898,0,3803787,3663042,241189,4044976,3904231,79.3096937412026,76.5501117694911,609
-7.6926,53.28823,2022/01/27 00:00:00+00,Thu 27 Jan 2022,1279,1180,0,3805066,3664222,241189,4046255,3905411,79.334771046555,76.5732479855316,610
-7.6926,53.28823,2022/01/28 00:00:00+00,Fri 28 Jan 2022,1033,3096,1,3806099,3667318,241190,4047289,3908508,79.3550446460345,76.6339707491566,611
-7.6926,53.28823,2022/01/29 00:00:00+00,Sat 29 Jan 2022,2330,3446,0,3808429,3670764,241190,4049619,3911954,79.4007288692331,76.7015363427799,612
-7.6926,53.28823,2022/01/30 00:00:00+00,Sun 30 Jan 2022,1639,7540,0,3810068,3678304,241190,4051258,3919494,79.4328646811741,76.8493728418861,613
-7.6926,53.28823,2022/01/31 00:00:00+00,Mon 31 Jan 2022,484,1397,0,3810552,3679701,241190,4051742,3920891,79.4423544511433,76.8767637688425,614
-7.6926,53.28823,2022/02/01 00:00:00+00,Tue 01 Feb 2022,752,3422,1,3811304,3683123,241191,4052495,3924314,79.4571184940911,76.9438784023227,615
-7.6926,53.28823,2022/02/02 00:00:00+00,Wed 02 Feb 2022,652,3000,0,3811956,3686123,241191,4053147,3927314,79.4699022338017,77.0026992905613,616
-7.6926,53.28823,2022/02/03 00:00:00+00,Thu 03 Feb 2022,908,2438,1,3812864,3688561,241192,4054056,3929753,79.4877249629379,77.0505206726992,617
-7.6926,53.28823,2022/02/04 00:00:00+00,Fri 04 Feb 2022,1174,6525,0,3814038,3695086,241192,4055230,3936278,79.510743537202,77.178456104618,618
-7.6926,53.28823,2022/02/05 00:00:00+00,Sat 05 Feb 2022,1777,5751,0,3815815,3700837,241192,4057007,3942029,79.5455851100019,77.2912157473713,619
-7.6926,53.28823,2022/02/06 00:00:00+00,Sun 06 Feb 2022,1407,7556,0,3817222,3708393,241192,4058414,3949585,79.5731721065858,77.4393659578815,620
-7.6926,53.28823,2022/02/07 00:00:00+00,Mon 07 Feb 2022,443,1354,0,3817665,3709747,241192,4058857,3950939,79.5818579910824,77.4659137854398,621
-7.6926,53.28823,2022/02/08 00:00:00+00,Tue 08 Feb 2022,900,1240,0,3818565,3710987,241192,4059757,3952179,79.5995042575539,77.4902264192451,622
-7.6926,53.28823,2022/02/09 00:00:00+00,Wed 09 Feb 2022,1335,1785,0,3819900,3712772,241192,4061092,3953964,79.6256795528201,77.525224847747,623
-7.6926,53.28823,2022/02/10 00:00:00+00,Thu 10 Feb 2022,688,2555,1,3820588,3715327,241193,4061781,3956520,79.6391887501522,77.5753402445263,624
-7.6926,53.28823,2022/02/11 00:00:00+00,Fri 11 Feb 2022,546,4927,0,3821134,3720254,241193,4062327,3961447,79.6498941518116,77.6719437499767,625
-7.6926,53.28823,2022/02/12 00:00:00+00,Sat 12 Feb 2022,1397,5463,0,3822531,3725717,241193,4063724,3966910,79.677285078768,77.7790565874591,626
-7.6926,53.28823,2022/02/13 00:00:00+00,Sun 13 Feb 2022,1566,4706,0,3824097,3730423,241193,4065290,3971616,79.7079895824286,77.8713269541426,627
-7.6926,53.28823,2022/02/14 00:00:00+00,Mon 14 Feb 2022,175,954,0,3824272,3731377,241193,4065465,3972570,79.7114208009091,77.8900319966025,628
-7.6926,53.28823,2022/02/15 00:00:00+00,Tue 15 Feb 2022,649,820,1,3824921,3732197,241194,4066115,3973391,79.7241653266941,77.9061293130171,629
-7.6926,53.28823,2022/02/16 00:00:00+00,Wed 16 Feb 2022,799,1787,0,3825720,3733984,241194,4066914,3975178,79.7398312899283,77.9411669554446,630
-7.6926,53.28823,2022/02/17 00:00:00+00,Thu 17 Feb 2022,791,1195,2,3826511,3735179,241196,4067707,3976375,79.7553796113861,77.9646364898517,631
-7.6926,53.28823,2022/02/18 00:00:00+00,Fri 18 Feb 2022,792,3296,0,3827303,3738475,241196,4068499,3979671,79.7709083258811,78.0292610390631,632
-7.6926,53.28823,2022/02/19 00:00:00+00,Sat 19 Feb 2022,980,3557,0,3828283,3742032,241196,4069479,3983228,79.7901231493723,78.0990030055513,633
-7.6926,53.28823,2022/02/20 00:00:00+00,Sun 20 Feb 2022,1365,3588,0,3829648,3745620,241196,4070844,3986816,79.8168866535208,78.1693527878846,634
-7.6926,53.28823,2022/02/21 00:00:00+00,Mon 21 Feb 2022,254,997,1,3829902,3746617,241197,4071099,3987814,79.8218864290211,78.1889205367053,635
-7.6926,53.28823,2022/02/22 00:00:00+00,Tue 22 Feb 2022,477,989,1,3830379,3747606,241198,4071577,3988804,79.8312585572138,78.208331429824,636
-7.6926,53.28823,2022/02/23 00:00:00+00,Wed 23 Feb 2022,829,1274,1,3831208,3748880,241199,4072407,3990079,79.8475323362931,78.2333303073254,637
-7.6926,53.28823,2022/02/24 00:00:00+00,Thu 24 Feb 2022,653,1237,0,3831861,3750117,241199,4073060,3991316,79.8603356829664,78.2575841202424,638
-7.6926,53.28823,2022/02/25 00:00:00+00,Fri 25 Feb 2022,693,1229,0,3832554,3751346,241199,4073753,3992545,79.8739233081495,78.2816810774575,639
-7.6926,53.28823,2022/02/26 00:00:00+00,Sat 26 Feb 2022,959,2094,0,3833513,3753440,241199,4074712,3994639,79.8927263854231,78.322738057448,640
-7.6926,53.28823,2022/02/27 00:00:00+00,Sun 27 Feb 2022,671,1783,0,3834184,3755223,241199,4075383,3996422,79.9058826574258,78.3576972720245,641
-7.6926,53.28823,2022/02/28 00:00:00+00,Mon 28 Feb 2022,80,437,0,3834264,3755660,241199,4075463,3996859,79.9074512144455,78.3662655147445,642
-7.6926,53.28823,2022/03/01 00:00:00+00,Tue 01 Mar 2022,130,940,1,3834394,3756600,241200,4075594,3997800,79.9100197265652,78.3847156666887,643
-7.6926,53.28823,2022/03/02 00:00:00+00,Wed 02 Mar 2022,207,997,2,3834601,3757597,241202,4075803,3998799,79.9141175817792,78.4043030224721,644
-7.6926,53.28823,2022/03/03 00:00:00+00,Thu 03 Mar 2022,279,1278,0,3834880,3758875,241202,4076082,4000077,79.9195879243854,78.4293607208618,645
-7.6926,53.28823,2022/03/04 00:00:00+00,Fri 04 Mar 2022,735,1509,1,3835615,3760384,241203,4076818,4001587,79.9340186489665,78.4589672346085,646
-7.6926,53.28823,2022/03/05 00:00:00+00,Sat 05 Mar 2022,963,3343,0,3836578,3763727,241203,4077781,4004930,79.9529001540911,78.524513311069,647
-7.6926,53.28823,2022/03/06 00:00:00+00,Sun 06 Mar 2022,455,1916,0,3837033,3765643,241203,4078236,4006846,79.9618213221406,78.5620802516907,648
-7.6926,53.28823,2022/03/07 00:00:00+00,Mon 07 Mar 2022,116,125,1,3837149,3765768,241204,4078353,4006972,79.9641153367819,78.5645507289967,649
-7.6926,53.28823,2022/03/08 00:00:00+00,Tue 08 Mar 2022,120,494,0,3837269,3766262,241204,4078473,4007466,79.9664681723115,78.5742365685933,650
-7.6926,53.28823,2022/10/12 23:00:00+00,Thu 13 Oct 2022,50,30,0,3862277,3817194,241247,4103524,4058441,80.4576421960661,79.57370149458,651
-7.6926,53.28823,2022/10/13 23:00:00+00,Fri 14 Oct 2022,68,23,0,3862345,3817217,241247,4103592,4058464,80.4589754695328,79.5741524547231,652
-7.6926,53.28823,2022/10/14 23:00:00+00,Sat 15 Oct 2022,87,121,0,3862432,3817338,241247,4103679,4058585,80.4606812752918,79.5765248972154,653
-7.6926,53.28823,2022/10/15 23:00:00+00,Sun 16 Oct 2022,26,37,1,3862458,3817375,241248,4103706,4058623,80.4612106632859,79.5772699617998,654
-7.6926,53.28823,2022/10/16 23:00:00+00,Mon 17 Oct 2022,17,3,0,3862475,3817378,241248,4103723,4058626,80.4615439816526,79.577328782688,655
-7.6926,53.28823,2022/10/17 23:00:00+00,Tue 18 Oct 2022,46,17,0,3862521,3817395,241248,4103769,4058643,80.4624459019389,79.5776621010547,656
-7.6926,53.28823,2022/10/18 23:00:00+00,Wed 19 Oct 2022,39,41,0,3862560,3817436,241248,4103808,4058684,80.463210573486,79.5784659865273,657
-7.6926,53.28823,2022/10/19 23:00:00+00,Thu 20 Oct 2022,54,10,0,3862614,3817446,241248,4103862,4058694,80.4642693494743,79.5786620561547,658
-7.6926,53.28823,2022/10/20 23:00:00+00,Fri 21 Oct 2022,40,21,0,3862654,3817467,241248,4103902,4058715,80.4650536279841,79.5790738023724,659
-7.6926,53.28823,2022/10/21 23:00:00+00,Sat 22 Oct 2022,85,58,0,3862739,3817525,241248,4103987,4058773,80.4667202198176,79.5802110062117,660
-7.6926,53.28823,2022/10/22 23:00:00+00,Sun 23 Oct 2022,79,48,0,3862818,3817573,241248,4104066,4058821,80.4682691698745,79.5811521404235,661
-7.6926,53.28823,2022/10/23 23:00:00+00,Mon 24 Oct 2022,20,4,0,3862838,3817577,241248,4104086,4058825,80.4686613091295,79.5812305682745,662
-7.6926,53.28823,2022/10/24 23:00:00+00,Tue 25 Oct 2022,33,21,0,3862871,3817598,241248,4104119,4058846,80.4693083389001,79.5816423144922,663
-7.6926,53.28823,2022/10/25 23:00:00+00,Wed 26 Oct 2022,24,23,0,3862895,3817621,241248,4104143,4058869,80.469778906006,79.5820932746353,664
-7.6926,53.28823,2022/10/26 23:00:00+00,Thu 27 Oct 2022,34,35,0,3862929,3817656,241248,4104177,4058904,80.4704455427394,79.5827795183314,665
-7.6926,53.28823,2022/10/27 23:00:00+00,Fri 28 Oct 2022,22,19,0,3862951,3817675,241248,4104199,4058923,80.4708768959198,79.5831520506236,666
-7.6926,53.28823,2022/10/28 23:00:00+00,Sat 29 Oct 2022,87,64,0,3863038,3817739,241248,4104286,4058987,80.4725827016787,79.5844068962394,667
-7.6926,53.28823,2022/10/29 23:00:00+00,Sun 30 Oct 2022,11,6,0,3863049,3817745,241248,4104297,4058993,80.4727983782689,79.5845245380158,668
-7.6926,53.28823,2022/11/01 00:00:00+00,Tue 01 Nov 2022,39,25,0,3863088,3817770,241248,4104336,4059018,80.473563049816,79.5850147120845,669
-7.6926,53.28823,2022/11/02 00:00:00+00,Wed 02 Nov 2022,60,14,0,3863148,3817784,241248,4104396,4059032,80.4747394675808,79.5852892095629,670
-7.6926,53.28823,2022/11/03 00:00:00+00,Thu 03 Nov 2022,45,28,0,3863193,3817812,241248,4104441,4059060,80.4756217809043,79.5858382045198,671
-7.6926,53.28823,2022/11/04 00:00:00+00,Fri 04 Nov 2022,32,22,0,3863225,3817834,241248,4104473,4059082,80.4762492037122,79.5862695577002,672
-7.6926,53.28823,2022/11/05 00:00:00+00,Sat 05 Nov 2022,34,54,0,3863259,3817888,241248,4104507,4059136,80.4769158404456,79.5873283336885,673
-7.6926,53.28823,2022/11/06 00:00:00+00,Sun 06 Nov 2022,56,78,0,3863315,3817966,241248,4104563,4059214,80.4780138303594,79.5888576767828,674
-7.6926,53.28823,2022/11/07 00:00:00+00,Mon 07 Nov 2022,12,3,0,3863327,3817969,241248,4104575,4059217,80.4782491139123,79.588916497671,675
-7.6926,53.28823,2022/11/08 00:00:00+00,Tue 08 Nov 2022,17,32,0,3863344,3818001,241248,4104592,4059249,80.478582432279,79.5895439204789,676
-7.6926,53.28823,2022/11/09 00:00:00+00,Wed 09 Nov 2022,35,32,0,3863379,3818033,241248,4104627,4059281,80.4792686759751,79.5901713432867,677
-7.6926,53.28823,2022/11/10 00:00:00+00,Thu 10 Nov 2022,21,15,0,3863400,3818048,241248,4104648,4059296,80.4796804221928,79.5904654477279,678
-7.6926,53.28823,2022/11/11 00:00:00+00,Fri 11 Nov 2022,25,15,0,3863425,3818063,241248,4104673,4059311,80.4801705962615,79.5907595521691,679
-7.6926,53.28823,2022/11/12 00:00:00+00,Sat 12 Nov 2022,69,87,0,3863494,3818150,241248,4104742,4059398,80.481523476691,79.592465357928,680
-7.6926,53.28823,2022/11/13 00:00:00+00,Sun 13 Nov 2022,38,62,1,3863532,3818212,241249,4104781,4059461,80.482288148238,79.5937005965811,681
-7.6926,53.28823,2022/11/14 00:00:00+00,Mon 14 Nov 2022,4,2,0,3863536,3818214,241249,4104785,4059463,80.482366576089,79.5937398105065,682
-7.6926,53.28823,2022/11/15 00:00:00+00,Tue 15 Nov 2022,13,8,0,3863549,3818222,241249,4104798,4059471,80.4826214666047,79.5938966662085,683
-7.6926,53.28823,2022/11/16 00:00:00+00,Wed 16 Nov 2022,28,20,0,3863577,3818242,241249,4104826,4059491,80.4831704615616,79.5942888054634,684
-7.6926,53.28823,2022/11/17 00:00:00+00,Thu 17 Nov 2022,28,9,1,3863605,3818251,241250,4104855,4059501,80.4837390634813,79.5944848750909,685
-7.6926,53.28823,2022/11/18 00:00:00+00,Fri 18 Nov 2022,15,22,0,3863620,3818273,241250,4104870,4059523,80.4840331679225,79.5949162282713,686
-7.6926,53.28823,2022/11/19 00:00:00+00,Sat 19 Nov 2022,52,57,0,3863672,3818330,241250,4104922,4059580,80.4850527299853,79.5960338251479,687
-7.6926,53.28823,2022/11/20 00:00:00+00,Sun 20 Nov 2022,39,56,0,3863711,3818386,241250,4104961,4059636,80.4858174015324,79.5971318150616,688
-7.6926,53.28823,2022/11/21 00:00:00+00,Mon 21 Nov 2022,4,3,0,3863715,3818389,241250,4104965,4059639,80.4858958293834,79.5971906359499,689
-7.6926,53.28823,2022/11/22 00:00:00+00,Tue 22 Nov 2022,32,22,0,3863747,3818411,241250,4104997,4059661,80.4865232521912,79.5976219891303,690
-7.6926,53.28823,2022/11/23 00:00:00+00,Wed 23 Nov 2022,12,17,0,3863759,3818428,241250,4105009,4059678,80.4867585357442,79.597955307497,691
-7.6926,53.28823,2022/11/24 00:00:00+00,Thu 24 Nov 2022,17,18,0,3863776,3818446,241250,4105026,4059696,80.4870918541109,79.5983082328264,692
-7.6926,53.28823,2022/11/25 00:00:00+00,Fri 25 Nov 2022,7,11,0,3863783,3818457,241250,4105033,4059707,80.4872291028501,79.5985239094166,693
-7.6926,53.28823,2022/11/26 00:00:00+00,Sat 26 Nov 2022,64,63,0,3863847,3818520,241250,4105097,4059770,80.4884839484658,79.5997591480696,694
-7.6926,53.28823,2022/11/27 00:00:00+00,Sun 27 Nov 2022,36,42,0,3863883,3818562,241250,4105133,4059812,80.4891897991247,79.600582640505,695
-7.6926,53.28823,2022/11/28 00:00:00+00,Mon 28 Nov 2022,4,1,0,3863887,3818563,241250,4105137,4059813,80.4892682269757,79.6006022474677,696
-7.6926,53.28823,2022/11/29 00:00:00+00,Tue 29 Nov 2022,21,18,0,3863908,3818581,241250,4105158,4059831,80.4896799731934,79.6009551727971,697
-7.6926,53.28823,2022/11/30 00:00:00+00,Wed 30 Nov 2022,27,13,0,3863935,3818594,241250,4105185,4059844,80.4902093611875,79.6012100633128,698
-7.6926,53.28823,2022/12/01 00:00:00+00,Thu 01 Dec 2022,15,12,0,3863950,3818606,241250,4105200,4059856,80.4905034656287,79.6014453468658,699
-7.6926,53.28823,2022/12/02 00:00:00+00,Fri 02 Dec 2022,8,18,0,3863958,3818624,241250,4105208,4059874,80.4906603213307,79.6017982721952,700
-7.6926,53.28823,2022/12/03 00:00:00+00,Sat 03 Dec 2022,40,71,0,3863998,3818695,241250,4105248,4059945,80.4914445998405,79.6031903665502,701
-7.6926,53.28823,2022/12/04 00:00:00+00,Sun 04 Dec 2022,41,47,0,3864039,3818742,241250,4105289,4059992,80.4922484853131,79.6041118937993,702
-7.6926,53.28823,2022/12/05 00:00:00+00,Mon 05 Dec 2022,9,7,0,3864048,3818749,241250,4105298,4059999,80.4924249479778,79.6042491425385,703
-7.6926,53.28823,2022/12/06 00:00:00+00,Tue 06 Dec 2022,25,30,0,3864073,3818779,241250,4105323,4060029,80.4929151220465,79.6048373514209,704
-7.6926,53.28823,2022/12/07 00:00:00+00,Wed 07 Dec 2022,16,24,0,3864089,3818803,241250,4105339,4060053,80.4932288334504,79.6053079185268,705
-7.6926,53.28823,2022/12/08 00:00:00+00,Thu 08 Dec 2022,11,13,2,3864100,3818816,241252,4105352,4060068,80.4934837239661,79.605602022968,706
-7.6926,53.28823,2022/12/09 00:00:00+00,Fri 09 Dec 2022,13,17,0,3864113,3818833,241252,4105365,4060085,80.4937386144818,79.6059353413347,707
-7.6926,53.28823,2022/12/10 00:00:00+00,Sat 10 Dec 2022,45,44,0,3864158,3818877,241252,4105410,4060129,80.4946209278054,79.6067980476955,708
-7.6926,53.28823,2022/12/11 00:00:00+00,Sun 11 Dec 2022,28,42,0,3864186,3818919,241252,4105438,4060171,80.4951699227623,79.6076215401309,709
-7.6926,53.28823,2022/12/12 00:00:00+00,Mon 12 Dec 2022,5,2,0,3864191,3818921,241252,4105443,4060173,80.495267957576,79.6076607540563,710
-7.6926,53.28823,2022/12/13 00:00:00+00,Tue 13 Dec 2022,17,15,0,3864208,3818936,241252,4105460,4060188,80.4956012759427,79.6079548584975,711
-7.6926,53.28823,2022/12/14 00:00:00+00,Wed 14 Dec 2022,11,20,0,3864219,3818956,241252,4105471,4060208,80.4958169525329,79.6083469977524,712
-7.6926,53.28823,2022/12/15 00:00:00+00,Thu 15 Dec 2022,12,9,0,3864231,3818965,241252,4105483,4060217,80.4960522360859,79.6085234604172,713
-7.6926,53.28823,2022/12/16 00:00:00+00,Fri 16 Dec 2022,9,4,0,3864240,3818969,241252,4105492,4060221,80.4962286987506,79.6086018882682,714
-7.6926,53.28823,2022/12/17 00:00:00+00,Sat 17 Dec 2022,20,43,0,3864260,3819012,241252,4105512,4060264,80.4966208380055,79.6094449876663,715
-7.6926,53.28823,2022/12/18 00:00:00+00,Sun 18 Dec 2022,29,35,0,3864289,3819047,241252,4105541,4060299,80.4971894399251,79.6101312313624,716
-7.6926,53.28823,2022/12/19 00:00:00+00,Mon 19 Dec 2022,4,1,0,3864293,3819048,241252,4105545,4060300,80.4972678677761,79.6101508383251,717
-7.6926,53.28823,2022/12/20 00:00:00+00,Tue 20 Dec 2022,17,18,0,3864310,3819066,241252,4105562,4060318,80.4976011861428,79.6105037636545,718
-7.6926,53.28823,2022/12/21 00:00:00+00,Wed 21 Dec 2022,17,28,0,3864327,3819094,241252,4105579,4060346,80.4979345045095,79.6110527586114,719
-7.6926,53.28823,2022/12/22 00:00:00+00,Thu 22 Dec 2022,6,15,0,3864333,3819109,241252,4105585,4060361,80.498052146286,79.6113468630526,720
-7.6926,53.28823,2022/12/23 00:00:00+00,Fri 23 Dec 2022,19,6,0,3864352,3819115,241252,4105604,4060367,80.4984246785782,79.6114645048291,721
-7.6926,53.28823,2022/12/28 00:00:00+00,Wed 28 Dec 2022,19,24,0,3864371,3819139,241252,4105623,4060391,80.4987972108703,79.611935071935,722
-7.6926,53.28823,2022/12/29 00:00:00+00,Thu 29 Dec 2022,15,12,0,3864386,3819151,241252,4105638,4060403,80.4990913153115,79.612170355488,723
-7.6926,53.28823,2022/12/30 00:00:00+00,Fri 30 Dec 2022,66,31,0,3864452,3819182,241252,4105704,4060434,80.5003853748528,79.6127781713331,724
-7.6926,53.28823,2022/12/31 00:00:00+00,Sat 31 Dec 2022,34,26,0,3864486,3819208,241252,4105738,4060460,80.5010520115862,79.6132879523645,725
-7.6926,53.28823,2023/01/01 00:00:00+00,Sun 01 Jan 2023,6,0,0,3864492,3819208,241252,4105744,4060460,80.5011696533626,79.6132879523645,726
-7.6926,53.28823,2023/01/03 00:00:00+00,Tue 03 Jan 2023,8,14,0,3864500,3819222,241252,4105752,4060474,80.5013265090646,79.6135624498429,727
-7.6926,53.28823,2023/01/04 00:00:00+00,Wed 04 Jan 2023,53,28,0,3864553,3819250,241252,4105805,4060502,80.5023656780901,79.6141114447998,728
-7.6926,53.28823,2023/01/05 00:00:00+00,Thu 05 Jan 2023,22,16,0,3864575,3819266,241252,4105827,4060518,80.5027970312706,79.6144251562038,729
-7.6926,53.28823,2023/01/06 00:00:00+00,Fri 06 Jan 2023,34,21,0,3864609,3819287,241252,4105861,4060539,80.5034636680039,79.6148369024214,730
-7.6926,53.28823,2023/01/07 00:00:00+00,Sat 07 Jan 2023,136,74,0,3864745,3819361,241252,4105997,4060613,80.5061302149374,79.6162878176647,731
-7.6926,53.28823,2023/01/08 00:00:00+00,Sun 08 Jan 2023,51,45,0,3864796,3819406,241252,4106048,4060658,80.5071301700375,79.6171701309882,732
-7.6926,53.28823,2023/01/09 00:00:00+00,Mon 09 Jan 2023,1,2,0,3864797,3819408,241252,4106049,4060660,80.5071497770002,79.6172093449137,733
-7.6926,53.28823,2023/01/10 00:00:00+00,Tue 10 Jan 2023,42,14,0,3864839,3819422,241252,4106091,4060674,80.5079732694356,79.6174838423922,734
-7.6926,53.28823,2023/01/11 00:00:00+00,Wed 11 Jan 2023,58,31,0,3864897,3819453,241252,4106149,4060705,80.5091104732748,79.6180916582373,735
-7.6926,53.28823,2023/01/12 00:00:00+00,Thu 12 Jan 2023,14,12,0,3864911,3819465,241252,4106163,4060717,80.5093849707533,79.6183269417903,736
-7.6926,53.28823,2023/01/13 00:00:00+00,Fri 13 Jan 2023,27,13,0,3864938,3819478,241252,4106190,4060730,80.5099143587474,79.618581832306,737
-7.6926,53.28823,2023/01/14 00:00:00+00,Sat 14 Jan 2023,72,40,0,3865010,3819518,241252,4106262,4060770,80.5113260600651,79.6193661108158,738
-7.6926,53.28823,2023/01/15 00:00:00+00,Sun 15 Jan 2023,60,30,0,3865070,3819548,241252,4106322,4060800,80.5125024778299,79.6199543196982,739
-7.6926,53.28823,2023/01/16 00:00:00+00,Mon 16 Jan 2023,6,2,0,3865076,3819550,241252,4106328,4060802,80.5126201196064,79.6199935336237,740
-7.6926,53.28823,2023/01/17 00:00:00+00,Tue 17 Jan 2023,14,19,0,3865090,3819569,241252,4106342,4060821,80.5128946170848,79.6203660659159,741
-7.6926,53.28823,2023/01/18 00:00:00+00,Wed 18 Jan 2023,33,17,0,3865123,3819586,241252,4106375,4060838,80.5135416468555,79.6206993842825,742
-7.6926,53.28823,2023/01/19 00:00:00+00,Thu 19 Jan 2023,15,7,0,3865138,3819593,241252,4106390,4060845,80.5138357512967,79.6208366330218,743
-7.6926,53.28823,2023/01/20 00:00:00+00,Fri 20 Jan 2023,17,8,0,3865155,3819601,241252,4106407,4060853,80.5141690696633,79.6209934887237,744
-7.6926,53.28823,2023/01/21 00:00:00+00,Sat 21 Jan 2023,73,27,0,3865228,3819628,241252,4106480,4060880,80.5156003779438,79.6215228767179,745
-7.6926,53.28823,2023/01/22 00:00:00+00,Sun 22 Jan 2023,20,13,0,3865248,3819641,241252,4106500,4060893,80.5159925171987,79.6217777672336,746
-7.6926,53.28823,2023/01/23 00:00:00+00,Mon 23 Jan 2023,3,2,0,3865251,3819643,241252,4106503,4060895,80.516051338087,79.6218169811591,747
-7.6926,53.28823,2023/01/24 00:00:00+00,Tue 24 Jan 2023,16,13,0,3865267,3819656,241252,4106519,4060908,80.5163650494909,79.6220718716748,748
-7.6926,53.28823,2023/01/25 00:00:00+00,Wed 25 Jan 2023,24,17,0,3865291,3819673,241252,4106543,4060925,80.5168356165968,79.6224051900415,749
-7.6926,53.28823,2023/01/26 00:00:00+00,Thu 26 Jan 2023,12,12,0,3865303,3819685,241252,4106555,4060937,80.5170709001498,79.6226404735944,750
-7.6926,53.28823,2023/01/27 00:00:00+00,Fri 27 Jan 2023,12,9,0,3865315,3819694,241252,4106567,4060946,80.5173061837027,79.6228169362591,751
-7.6926,53.28823,2023/01/28 00:00:00+00,Sat 28 Jan 2023,24,57,0,3865339,3819751,241252,4106591,4061003,80.5177767508087,79.6239345331357,752
-7.6926,53.28823,2023/01/29 00:00:00+00,Sun 29 Jan 2023,28,28,0,3865367,3819779,241252,4106619,4061031,80.5183257457655,79.6244835280926,753
-7.6926,53.28823,2023/01/30 00:00:00+00,Mon 30 Jan 2023,5,2,0,3865372,3819781,241252,4106624,4061033,80.5184237805793,79.6245227420181,754
-7.6926,53.28823,2023/01/31 00:00:00+00,Tue 31 Jan 2023,23,15,0,3865395,3819796,241252,4106647,4061048,80.5188747407224,79.6248168464592,755
-7.6926,53.28823,2023/02/01 00:00:00+00,Wed 01 Feb 2023,14,38,0,3865409,3819834,241252,4106661,4061086,80.5191492382009,79.6255619110436,756
-7.6926,53.28823,2023/02/02 00:00:00+00,Thu 02 Feb 2023,13,13,0,3865422,3819847,241252,4106674,4061099,80.5194041287166,79.6258168015593,757
-7.6926,53.28823,2023/02/03 00:00:00+00,Fri 03 Feb 2023,14,10,0,3865436,3819857,241252,4106688,4061109,80.519678626195,79.6260128711868,758
-7.6926,53.28823,2023/02/04 00:00:00+00,Sat 04 Feb 2023,38,44,0,3865474,3819901,241252,4106726,4061153,80.5204236907794,79.6268755775476,759
-7.6926,53.28823,2021/04/15 23:00:00+00,Fri 16 Apr 2021,27982,9856,1,886026,375657,282,886308,375939,17.3778079376436,7.37102196783713,760
-7.6926,53.28823,2021/04/16 23:00:00+00,Sat 17 Apr 2021,15864,4571,3,901890,380228,285,902175,380513,17.6889116155373,7.46070421543817,761
-7.6926,53.28823,2021/04/17 23:00:00+00,Sun 18 Apr 2021,1082,489,0,902972,380717,285,903257,381002,17.7101263492286,7.47029202022105,762
-7.6926,53.28823,2021/04/18 23:00:00+00,Mon 19 Apr 2021,6775,2271,0,909747,382988,285,910032,383273,17.842963521834,7.51481943261763,763
-7.6926,53.28823,2021/04/19 23:00:00+00,Tue 20 Apr 2021,15108,7337,1,924855,390325,286,925141,390611,18.1392051219661,7.65869532524912,764
-7.6926,53.28823,2021/04/20 23:00:00+00,Wed 21 Apr 2021,26758,9914,4,951613,400239,290,951903,400529,18.6639266589794,7.85315718176576,765
-7.6926,53.28823,2021/04/21 23:00:00+00,Thu 22 Apr 2021,31651,12201,1,983264,412440,291,983555,412731,19.2845262438216,8.09240134119468,766
-7.6926,53.28823,2021/04/22 23:00:00+00,Fri 23 Apr 2021,33629,12370,3,1016893,424810,294,1017187,425104,19.9439476149012,8.3349982912532,767
-7.6926,53.28823,2021/04/23 23:00:00+00,Sat 24 Apr 2021,23714,7021,2,1040607,431831,296,1040903,432127,20.4089463433897,8.47269799061964,768
-7.6926,53.28823,2021/04/24 23:00:00+00,Sun 25 Apr 2021,9764,313,3,1050371,432144,299,1050670,432443,20.6004475485316,8.47889379084743,769
-7.6926,53.28823,2021/04/25 23:00:00+00,Mon 26 Apr 2021,15610,3066,4,1065981,435210,303,1066284,435513,20.9065906648505,8.53908716647821,770
-7.6926,53.28823,2021/04/26 23:00:00+00,Tue 27 Apr 2021,25937,7830,10,1091918,443040,313,1092231,443353,21.4153325272257,8.69280575440828,771
-7.6926,53.28823,2021/04/27 23:00:00+00,Wed 28 Apr 2021,26062,8638,7,1117980,451678,320,1118300,451998,21.926466439056,8.86230794734903,772
-7.6926,53.28823,2021/04/28 23:00:00+00,Thu 29 Apr 2021,31711,11340,7,1149691,463018,327,1150018,463345,22.5483600834394,9.08478815362997,773
-7.6926,53.28823,2021/04/29 23:00:00+00,Fri 30 Apr 2021,36121,13549,9,1185812,476567,336,1186148,476903,23.256759647459,9.35061935454271,774
-7.6926,53.28823,2021/04/30 23:00:00+00,Sat 01 May 2021,16650,6706,21,1202462,483273,357,1202819,483630,23.5836273234006,9.48251539293628,775
-7.6926,53.28823,2021/05/01 23:00:00+00,Sun 02 May 2021,12487,915,16,1214949,484188,373,1215322,484561,23.8287731786161,9.50076947525297,776
-7.6926,53.28823,2021/05/02 23:00:00+00,Mon 03 May 2021,14289,946,21,1229238,485134,394,1229632,485528,24.109348815514,9.51972940822853,777
-7.6926,53.28823,2021/05/03 23:00:00+00,Tue 04 May 2021,26685,6815,11,1255923,491949,405,1256328,492354,24.6327762929861,9.65356653593397,778
-7.6926,53.28823,2021/05/04 23:00:00+00,Wed 05 May 2021,32158,13478,70,1288081,505427,475,1288556,505902,25.26466948837,9.91920166721926,779
-7.6926,53.28823,2021/05/05 23:00:00+00,Thu 06 May 2021,37319,14389,133,1325400,519816,608,1326008,520424,25.9989894571401,10.2039339802193,780
-7.6926,53.28823,2021/05/06 23:00:00+00,Fri 07 May 2021,40622,15105,99,1366022,534921,707,1366729,535628,26.7974045871274,10.5020382418123,781
-7.6926,53.28823,2021/05/07 23:00:00+00,Sat 08 May 2021,25649,7073,10,1391671,541994,717,1392388,542711,27.3004996442317,10.6409143589435,782
-7.6926,53.28823,2021/05/08 23:00:00+00,Sun 09 May 2021,19688,936,5,1411359,542930,722,1412081,543652,27.6866195615922,10.6593645108876,783
-7.6926,53.28823,2021/05/09 23:00:00+00,Mon 10 May 2021,28878,4670,172,1440237,547600,894,1441131,548494,28.2562018293688,10.7543014245047,784
-7.6926,53.28823,2021/05/10 23:00:00+00,Tue 11 May 2021,33938,14831,153,1474175,562431,1047,1475222,563478,28.9246227963489,11.0480921542935,785
-7.6926,53.28823,2021/05/11 23:00:00+00,Wed 12 May 2021,31327,20941,176,1505502,583372,1223,1506725,584595,29.5423009437419,11.4621323866046,786
-7.6926,53.28823,2021/05/12 23:00:00+00,Thu 13 May 2021,36026,25492,153,1541528,608864,1376,1542904,610240,30.2516612489361,11.9649529462305,787
-7.6926,53.28823,2021/05/13 23:00:00+00,Fri 14 May 2021,38250,27963,237,1579778,636827,1613,1581391,638440,31.0062744241484,12.5178692956728,788
-7.6926,53.28823,2021/05/14 23:00:00+00,Sat 15 May 2021,28900,12471,22,1608678,649298,1635,1610313,650933,31.5733470006935,12.7628190812609,789
-7.6926,53.28823,2021/05/15 23:00:00+00,Sun 16 May 2021,23202,1188,11,1631880,650486,1646,1633526,652132,32.0284834269206,12.7863278295935,790
-7.6926,53.28823,2021/05/16 23:00:00+00,Mon 17 May 2021,35416,3968,120,1667296,654454,1766,1669062,656220,32.725236455069,12.8664810932999,791
-7.6926,53.28823,2021/05/17 23:00:00+00,Tue 18 May 2021,39051,12521,127,1706347,666975,1893,1708240,668868,33.4933980415389,13.1144699581136,792
-7.6926,53.28823,2021/05/18 23:00:00+00,Wed 19 May 2021,37060,17621,212,1743407,684596,2105,1745512,686701,34.2241887570146,13.4641209247663,793
-7.6926,53.28823,2021/05/19 23:00:00+00,Thu 20 May 2021,39127,19651,138,1782534,704247,2243,1784777,706490,34.9940561492435,13.8521231105505,794
-7.6926,53.28823,2021/05/20 23:00:00+00,Fri 21 May 2021,25874,23271,14937,1808408,727518,17180,1825588,744698,35.794235905878,14.6012659431567,795
-7.6926,53.28823,2021/05/21 23:00:00+00,Sat 22 May 2021,16623,10266,13524,1825031,737784,30704,1855735,768488,36.3853270117871,15.0677155868884,796
-7.6926,53.28823,2021/05/22 23:00:00+00,Sun 23 May 2021,8241,5543,10206,1833272,743327,40910,1874182,784237,36.747016653566,15.376505643178,797
-7.6926,53.28823,2021/05/23 23:00:00+00,Mon 24 May 2021,22584,8257,8453,1855856,751584,49363,1905219,800947,37.3555579563192,15.7041379906667,798
-7.6926,53.28823,2021/05/24 23:00:00+00,Tue 25 May 2021,30392,16537,3225,1886248,768121,52588,1938836,820709,38.0146852229576,16.0916107884568,799
-7.6926,53.28823,2021/05/25 23:00:00+00,Wed 26 May 2021,20012,25493,3056,1906260,793614,55644,1961904,849258,38.4669786395866,16.6513699678975,800
-7.6926,53.28823,2021/05/26 23:00:00+00,Thu 27 May 2021,17053,36073,550,1923313,829687,56194,1979507,885881,38.8121200048076,17.369435764551,801
-7.6926,53.28823,2021/05/27 23:00:00+00,Fri 28 May 2021,27077,31852,1562,1950390,861539,57756,2008146,919295,39.3736438108956,18.0245828177519,802
-7.6926,53.28823,2021/05/28 23:00:00+00,Sat 29 May 2021,24518,7408,538,1974908,868947,58294,2033202,927241,39.8649158694639,18.1803797437331,803
-7.6926,53.28823,2021/05/29 23:00:00+00,Sun 30 May 2021,24279,1697,210,1999187,870644,58504,2057691,929148,40.3450707801552,18.21777022169,804
-7.6926,53.28823,2021/05/30 23:00:00+00,Mon 31 May 2021,22630,7326,3445,2021817,877970,61949,2083766,939919,40.8563223337619,18.4289568174292,805
-7.6926,53.28823,2021/05/31 23:00:00+00,Tue 01 Jun 2021,27659,11544,3657,2049476,889514,65606,2115082,955120,41.4703339791213,18.7270022581339,806
-7.6926,53.28823,2021/06/01 23:00:00+00,Wed 02 Jun 2021,18740,20927,4010,2068216,910441,69616,2137832,980057,41.916392381597,19.2159410881355,807
-7.6926,53.28823,2021/06/02 23:00:00+00,Thu 03 Jun 2021,16733,30722,1978,2084949,941163,71594,2156543,1012757,42.2832582615408,19.8570887699356,808
-7.6926,53.28823,2021/06/03 23:00:00+00,Fri 04 Jun 2021,29037,23360,155,2113986,964523,71749,2185735,1036272,42.8556247180274,20.3181464989121,809
-7.6926,53.28823,2021/06/04 23:00:00+00,Sat 05 Jun 2021,20999,11516,37,2134985,976039,71786,2206771,1047825,43.2680767863561,20.5446657395188,810
-7.6926,53.28823,2021/06/05 23:00:00+00,Sun 06 Jun 2021,19980,3927,47,2154965,979966,71833,2226798,1051799,43.6607454292739,20.6225838094721,811
-7.6926,53.28823,2021/06/06 23:00:00+00,Mon 07 Jun 2021,19863,4617,48,2174828,984583,71881,2246709,1056464,44.0511396645131,20.714050290683,812
-7.6926,53.28823,2021/06/07 23:00:00+00,Tue 08 Jun 2021,26454,18362,48,2201282,1002945,71929,2273211,1074874,44.5707633912124,21.0750144748402,813
-7.6926,53.28823,2021/06/08 23:00:00+00,Wed 09 Jun 2021,32856,20143,178,2234138,1023088,72107,2306245,1095195,45.2184597985698,21.4734475648054,814
-7.6926,53.28823,2021/06/09 23:00:00+00,Thu 10 Jun 2021,27739,27519,273,2261877,1050607,72380,2334257,1122987,45.7676900390159,22.0183642734473,815
-7.6926,53.28823,2021/06/10 23:00:00+00,Fri 11 Jun 2021,26491,32924,44,2288368,1083531,72424,2360792,1155955,46.2879607954859,22.6647666212635,816
-7.6926,53.28823,2021/06/11 23:00:00+00,Sat 12 Jun 2021,12245,19745,105,2300613,1103276,72529,2373142,1175805,46.5301067854012,23.0539648317752,817
-7.6926,53.28823,2021/06/12 23:00:00+00,Sun 13 Jun 2021,8568,18190,835,2309181,1121466,73364,2382545,1194830,46.7144710561036,23.4269872980213,818
-7.6926,53.28823,2021/06/13 23:00:00+00,Mon 14 Jun 2021,16057,31332,56,2325238,1152798,73420,2398658,1226218,47.0303980468328,24.0424106446985,819
-7.6926,53.28823,2021/06/14 23:00:00+00,Tue 15 Jun 2021,14750,41611,207,2339988,1194409,73627,2413615,1268036,47.3236593886275,24.8623346128184,820
-7.6926,53.28823,2021/06/15 23:00:00+00,Wed 16 Jun 2021,13516,48415,220,2353504,1242824,73847,2427351,1316671,47.592980628909,25.815919245979,821
-7.6926,53.28823,2021/06/16 23:00:00+00,Thu 17 Jun 2021,21610,42715,536,2375114,1285539,74383,2449497,1359922,48.027196425886,26.6639399917141,822
-7.6926,53.28823,2021/06/17 23:00:00+00,Fri 18 Jun 2021,12041,50052,556,2387155,1335591,74939,2462094,1410530,48.2741853355996,27.6562091623729,823
-7.6926,53.28823,2021/06/18 23:00:00+00,Sat 19 Jun 2021,6351,32830,434,2393506,1368421,75373,2468879,1443794,48.4072185778325,28.3084151711619,824
-7.6926,53.28823,2021/06/19 23:00:00+00,Sun 20 Jun 2021,8543,26160,178,2402049,1394581,75551,2477600,1470132,48.5782108999419,28.8248233559709,825
-7.6926,53.28823,2021/06/20 23:00:00+00,Mon 21 Jun 2021,15524,32371,575,2417573,1426952,76126,2493699,1503078,48.8938633931927,29.4707943506066,826
-7.6926,53.28823,2021/06/21 23:00:00+00,Tue 22 Jun 2021,15177,43582,723,2432750,1470534,76849,2509599,1547383,49.205614100857,30.3394808350762,827
-7.6926,53.28823,2021/06/22 23:00:00+00,Wed 23 Jun 2021,20110,39421,887,2452860,1509955,77736,2530596,1587691,49.6173014976386,31.1297982894494,828
-7.6926,53.28823,2021/06/23 23:00:00+00,Thu 24 Jun 2021,19057,44291,1033,2471917,1554246,78769,2550686,1633015,50.0112053792094,32.0184642689573,829
-7.6926,53.28823,2021/06/24 23:00:00+00,Fri 25 Jun 2021,15241,50145,844,2487158,1604391,79613,2566771,1684004,50.3265833749818,33.0182036924224,830
-7.6926,53.28823,2021/06/25 23:00:00+00,Sat 26 Jun 2021,9096,30600,513,2496254,1634991,80126,2576380,1715117,50.5149866800099,33.6282351243444,831
-7.6926,53.28823,2021/06/26 23:00:00+00,Sun 27 Jun 2021,8752,30498,60,2505006,1665489,80186,2585192,1745675,50.6877632357292,34.2273846919423,832
-7.6926,53.28823,2021/06/27 23:00:00+00,Mon 28 Jun 2021,24263,24688,528,2529269,1690177,80714,2609983,1770891,51.1738394491698,34.72179386455,833
-7.6926,53.28823,2021/06/28 23:00:00+00,Tue 29 Jun 2021,28169,31076,813,2557438,1721253,81527,2638965,1802780,51.7420884434797,35.347040299563,834
-7.6926,53.28823,2021/06/29 23:00:00+00,Wed 30 Jun 2021,22618,36914,593,2580056,1758167,82120,2662176,1840287,52.1971856557813,36.0824386512841,835
-7.6926,53.28823,2021/06/30 23:00:00+00,Thu 01 Jul 2021,15085,48349,644,2595141,1806516,82764,2677905,1889280,52.505583572816,37.0430425771078,836
-7.6926,53.28823,2021/07/01 23:00:00+00,Fri 02 Jul 2021,13719,47313,819,2608860,1853829,83583,2692443,1937412,52.7906295972201,37.9867649080071,837
-7.6926,53.28823,2021/07/02 23:00:00+00,Sat 03 Jul 2021,9339,30507,507,2618199,1884336,84090,2702289,1968426,52.983679752419,38.5948552506172,838
-7.6926,53.28823,2021/07/03 23:00:00+00,Sun 04 Jul 2021,6470,27799,233,2624669,1912135,84323,2708992,1996458,53.1151052237066,39.1444776303182,839
-7.6926,53.28823,2021/07/04 23:00:00+00,Mon 05 Jul 2021,15656,33502,5344,2640325,1945637,89667,2729992,2035304,53.5268514413765,39.9061297051564,840
-7.6926,53.28823,2021/07/05 23:00:00+00,Tue 06 Jul 2021,12430,48325,5491,2652755,1993962,95158,2747913,2089120,53.8782278207508,40.9612980123049,841
-7.6926,53.28823,2021/07/06 23:00:00+00,Wed 07 Jul 2021,19732,43800,5061,2672487,2037762,100219,2772706,2137981,54.3643432481169,41.9193138190462,842
-7.6926,53.28823,2021/07/07 23:00:00+00,Thu 08 Jul 2021,17818,45635,6004,2690305,2083397,106223,2796528,2189620,54.8314203146565,42.9317977682963,843
-7.6926,53.28823,2021/07/08 23:00:00+00,Fri 09 Jul 2021,13543,45129,6534,2703848,2128526,112757,2816605,2241283,55.2250693057116,43.9447522846523,844
-7.6926,53.28823,2021/07/09 23:00:00+00,Sat 10 Jul 2021,8666,23903,4365,2712514,2152429,117122,2829636,2269551,55.4805676372571,44.4990019075614,845
-7.6926,53.28823,2021/07/10 23:00:00+00,Sun 11 Jul 2021,15251,16137,2153,2727765,2168566,119275,2847040,2287841,55.8218072168916,44.8576132561891,846
-7.6926,53.28823,2021/07/11 23:00:00+00,Mon 12 Jul 2021,17142,31795,6096,2744907,2200361,125371,2870278,2325732,56.2774338171874,45.6005406816047,847
-7.6926,53.28823,2021/07/12 23:00:00+00,Tue 13 Jul 2021,20128,36605,8490,2765035,2236966,133861,2898896,2370827,56.8385458770577,46.4847166666438,848
-7.6926,53.28823,2021/07/13 23:00:00+00,Wed 14 Jul 2021,20813,35748,9335,2785848,2272714,143196,2929044,2415910,57.4296565899296,47.3686573681299,849
-7.6926,53.28823,2021/07/14 23:00:00+00,Thu 15 Jul 2021,23686,28878,9587,2809534,2301592,152783,2962317,2454375,58.0820390613833,48.1228391901619,850
-7.6926,53.28823,2021/07/15 23:00:00+00,Fri 16 Jul 2021,23539,27461,9168,2833073,2329053,161951,2995024,2491004,58.7233239919227,48.8410226285918,851
-7.6926,53.28823,2021/07/16 23:00:00+00,Sat 17 Jul 2021,11529,19459,4683,2844602,2348512,166634,3011236,2515146,59.0411920719638,49.3143739232101,852
-7.6926,53.28823,2021/07/17 23:00:00+00,Sun 18 Jul 2021,16879,15845,1934,2861481,2364357,168568,3030049,2532925,59.4100578621078,49.6629661138745,853
-7.6926,53.28823,2021/07/18 23:00:00+00,Mon 19 Jul 2021,24929,18476,6254,2886410,2382833,174822,3061232,2557655,60.021461781422,50.1478463025876,854
-7.6926,53.28823,2021/07/19 23:00:00+00,Tue 20 Jul 2021,30621,18218,7700,2917031,2401051,182522,3099553,2583573,60.7728202008184,50.6560195630432,855
-7.6926,53.28823,2021/07/20 23:00:00+00,Wed 21 Jul 2021,30389,19871,6895,2947420,2420922,189417,3136837,2610339,61.5038461998471,51.1808195279075,856
-7.6926,53.28823,2021/07/21 23:00:00+00,Thu 22 Jul 2021,33570,15958,6939,2980990,2436880,196356,3177346,2633236,62.2981046537322,51.6297601539068,857
-7.6926,53.28823,2021/07/22 23:00:00+00,Fri 23 Jul 2021,27112,20876,5616,3008102,2457756,201972,3210074,2659728,62.9398013304893,52.1491878109787,858
-7.6926,53.28823,2021/07/23 23:00:00+00,Sat 24 Jul 2021,15462,14836,2277,3023564,2472592,204249,3227813,2676841,63.2876092426438,52.4847217644541,859
-7.6926,53.28823,2021/07/24 23:00:00+00,Sun 25 Jul 2021,14748,13664,1046,3038312,2486256,205295,3243607,2691551,63.597281612257,52.7731401864504,860
-7.6926,53.28823,2021/07/25 23:00:00+00,Mon 26 Jul 2021,23874,18348,3424,3062186,2504604,208719,3270905,2713323,64.1325124813023,53.2000229793603,861
-7.6926,53.28823,2021/07/26 23:00:00+00,Tue 27 Jul 2021,25543,23943,3672,3087729,2528547,212391,3300120,2740938,64.705329897932,53.7414692555962,862
-7.6926,53.28823,2021/07/27 23:00:00+00,Wed 28 Jul 2021,23462,25332,3265,3111191,2553879,215656,3326847,2769535,65.2293651912493,54.3021695692487,863
-7.6926,53.28823,2021/07/28 23:00:00+00,Thu 29 Jul 2021,19308,27903,2966,3130499,2581782,218622,3349121,2800404,65.6660906794577,54.9074169022607,864
-7.6926,53.28823,2021/07/29 23:00:00+00,Fri 30 Jul 2021,21983,22984,2125,3152482,2604766,220747,3373229,2825513,66.1387753373427,55.3997281298546,865
-7.6926,53.28823,2021/07/30 23:00:00+00,Sat 31 Jul 2021,13773,12518,907,3166255,2617284,221654,3387909,2838938,66.4266055504567,55.6629516047221,866
-7.6926,53.28823,2021/07/31 23:00:00+00,Sun 01 Aug 2021,11170,9375,370,3177425,2626659,222024,3399449,2848683,66.6528699005476,55.8540214566836,867
-7.6926,53.28823,2021/08/01 23:00:00+00,Mon 02 Aug 2021,15050,16078,431,3192475,2642737,222455,3414930,2865192,66.9564052908213,56.1777128046603,868
