X,Y,VaccinationDate,VaccineText,Dose1,Dose2,SingleDose,Dose1Cum,Dose2Cum,SingleDoseCum,PartiallyVacc,FullyVacc,PartialPercent,FullyPercent,ObjectId
-7.6926,53.28823,2021/11/17 00:00:00+00,Wed 17 Nov 2021,1508,1098,0,3640952,3572671,240583,3881535,3813254,82.4296381304621,80.979598875068,1
-7.6926,53.28823,2021/11/18 00:00:00+00,Thu 18 Nov 2021,1654,2490,5,3642606,3575161,240588,3883194,3815749,82.4648692361094,81.0325835698178,2
-7.6926,53.28823,2021/11/19 00:00:00+00,Fri 19 Nov 2021,1168,1535,0,3643774,3576696,240588,3884362,3817284,82.4896732936114,81.0651813679905,3
-7.6926,53.28823,2021/11/20 00:00:00+00,Sat 20 Nov 2021,1543,2928,12,3645317,3579624,240600,3885917,3820224,82.5226958187962,81.1276162387577,4
-7.6926,53.28823,2021/11/21 00:00:00+00,Sun 21 Nov 2021,1786,2759,0,3647103,3582383,240600,3887703,3822983,82.5606239409697,81.1862073300662,5
-7.6926,53.28823,2021/11/22 00:00:00+00,Mon 22 Nov 2021,716,501,2,3647819,3582884,240602,3888421,3823486,82.5758716407013,81.1968892144185,6
-7.6926,53.28823,2021/11/23 00:00:00+00,Tue 23 Nov 2021,2156,1575,7,3649975,3584459,240609,3890584,3825068,82.6218058670515,81.2304851210695,7
-7.6926,53.28823,2021/11/24 00:00:00+00,Wed 24 Nov 2021,1624,3129,2,3651599,3587588,240611,3892210,3828199,82.6563361731289,81.2969761348016,8
-7.6926,53.28823,2021/11/25 00:00:00+00,Thu 25 Nov 2021,984,1167,1,3652583,3588755,240612,3893195,3829367,82.677253978471,81.3217801923036,9
-7.6926,53.28823,2021/11/26 00:00:00+00,Fri 26 Nov 2021,1287,1093,12,3653870,3589848,240624,3894494,3830472,82.7048399979018,81.3452463597179,10
-7.6926,53.28823,2021/11/27 00:00:00+00,Sat 27 Nov 2021,1201,1557,6,3655071,3591405,240630,3895701,3832035,82.7304722730774,81.3784387757074,11
-7.6926,53.28823,2021/11/28 00:00:00+00,Sun 28 Nov 2021,1960,2254,0,3657031,3593659,240630,3897661,3834289,82.7720955202555,81.4263055099623,12
-7.6926,53.28823,2021/11/29 00:00:00+00,Mon 29 Nov 2021,540,984,1,3657571,3594643,240631,3898202,3835274,82.7835843859308,81.4472233153044,13
-7.6926,53.28823,2021/11/30 00:00:00+00,Tue 30 Nov 2021,1918,1632,6,3659489,3596275,240637,3900126,3836912,82.8244431244873,81.482008457589,14
-7.6926,53.28823,2021/12/01 00:00:00+00,Wed 01 Dec 2021,1075,1363,2,3660564,3597638,240639,3901203,3838277,82.8473146740847,81.5109960761595,15
-7.6926,53.28823,2021/12/02 00:00:00+00,Thu 02 Dec 2021,1769,1396,0,3662333,3599034,240639,3902972,3839673,82.884881778298,81.5406420215986,16
-7.6926,53.28823,2021/12/03 00:00:00+00,Fri 03 Dec 2021,1044,1167,2,3663377,3600201,240641,3904018,3840842,82.9070950010268,81.5654673154513,17
-7.6926,53.28823,2021/12/04 00:00:00+00,Sat 04 Dec 2021,1204,1696,1,3664581,3601897,240642,3905223,3842539,82.9326848035011,81.6015054024214,18
-7.6926,53.28823,2021/12/05 00:00:00+00,Sun 05 Dec 2021,1347,1772,2,3665928,3603669,240644,3906572,3844313,82.961332640462,81.6391786883878,19
-7.6926,53.28823,2021/12/06 00:00:00+00,Mon 06 Dec 2021,934,1283,0,3666862,3604952,240644,3907506,3845596,82.9811673919234,81.666424926209,20
-7.6926,53.28823,2021/12/07 00:00:00+00,Tue 07 Dec 2021,484,736,2,3667346,3605688,240646,3907992,3846334,82.9914882583156,81.6820973529526,21
-7.6926,53.28823,2021/12/08 00:00:00+00,Wed 08 Dec 2021,801,1502,1,3668147,3607190,240647,3908794,3847837,83.0085198114977,81.7140155879061,22
-7.6926,53.28823,2021/12/09 00:00:00+00,Thu 09 Dec 2021,797,1197,0,3668944,3608387,240647,3909591,3849034,83.0254451829267,81.7394354995756,23
-7.6926,53.28823,2021/12/10 00:00:00+00,Fri 10 Dec 2021,891,1602,1,3669835,3609989,240648,3910483,3850637,83.0443880076629,81.7734773695892,24
-7.6926,53.28823,2021/12/11 00:00:00+00,Sat 11 Dec 2021,639,836,1,3670474,3610825,240649,3911123,3851474,83.0579792720476,81.7912521950423,25
-7.6926,53.28823,2021/12/12 00:00:00+00,Sun 12 Dec 2021,689,1190,0,3671163,3612015,240649,3911812,3852664,83.0726111176118,81.8165234522576,26
-7.6926,53.28823,2021/12/13 00:00:00+00,Mon 13 Dec 2021,726,1055,1,3671889,3613070,240650,3912539,3853720,83.0880499444988,81.8389490384924,27
-7.6926,53.28823,2021/12/14 00:00:00+00,Tue 14 Dec 2021,628,1189,1,3672517,3614259,240651,3913168,3854910,83.1014076090269,81.8642202957077,28
-7.6926,53.28823,2021/12/15 00:00:00+00,Wed 15 Dec 2021,794,1236,1,3673311,3615495,240652,3913963,3856147,83.1182905077548,81.8904896614013,29
-7.6926,53.28823,2021/12/16 00:00:00+00,Thu 16 Dec 2021,1055,1526,7,3674366,3617021,240659,3915025,3857680,83.1408435120931,81.9230449868728,30
-7.6926,53.28823,2021/12/17 00:00:00+00,Fri 17 Dec 2021,1210,2439,1,3675576,3619460,240660,3916236,3860120,83.1665607326711,81.9748616823395,31
-7.6926,53.28823,2021/12/18 00:00:00+00,Sat 18 Dec 2021,1258,1180,0,3676834,3620640,240660,3917494,3861300,83.1932760617273,81.9999205760488,32
-7.6926,53.28823,2021/12/19 00:00:00+00,Sun 19 Dec 2021,552,882,1,3677386,3621522,240661,3918047,3862183,83.2050197636097,82.0186722736295,33
-7.6926,53.28823,2021/12/20 00:00:00+00,Mon 20 Dec 2021,526,601,0,3677912,3622123,240661,3918573,3862784,83.2161900840259,82.0314353203408,34
-7.6926,53.28823,2021/12/21 00:00:00+00,Tue 21 Dec 2021,1440,1797,3,3679352,3623920,240664,3920016,3864584,83.2468341379433,82.0696607514228,35
-7.6926,53.28823,2021/12/22 00:00:00+00,Wed 22 Dec 2021,1204,1575,2,3680556,3625495,240666,3921222,3866161,83.2724451767682,82.1031504763207,36
-7.6926,53.28823,2021/12/23 00:00:00+00,Thu 23 Dec 2021,951,1358,0,3681507,3626853,240666,3922173,3867519,83.2926409461898,82.131989440437,37
-7.6926,53.28823,2021/12/24 00:00:00+00,Fri 24 Dec 2021,103,147,0,3681610,3627000,240666,3922276,3867666,83.2948282903018,82.1351111839754,38
-7.6926,53.28823,2021/12/25 00:00:00+00,Sat 25 Dec 2021,2,2,0,3681612,3627002,240666,3922278,3867668,83.294870763003,82.1351536566766,39
-7.6926,53.28823,2021/12/26 00:00:00+00,Sun 26 Dec 2021,11,9,0,3681623,3627011,240666,3922289,3867677,83.2951043628596,82.135344783832,40
-7.6926,53.28823,2021/12/27 00:00:00+00,Mon 27 Dec 2021,390,585,0,3682013,3627596,240666,3922679,3868262,83.303386539594,82.1477680489336,41
-7.6926,53.28823,2021/12/28 00:00:00+00,Tue 28 Dec 2021,469,741,0,3682482,3628337,240666,3923148,3869003,83.3133463880259,82.1635041847291,42
-7.6926,53.28823,2021/12/29 00:00:00+00,Wed 29 Dec 2021,1073,1296,0,3683555,3629633,240666,3924221,3870299,83.3361329922209,82.1910264951081,43
-7.6926,53.28823,2021/12/30 00:00:00+00,Thu 30 Dec 2021,1065,1185,1,3684620,3630818,240667,3925287,3871485,83.3587709419617,82.216212806921,44
-7.6926,53.28823,2021/12/31 00:00:00+00,Fri 31 Dec 2021,717,1674,0,3685337,3632492,240667,3926004,3873159,83.3739974053427,82.2517624578273,45
-7.6926,53.28823,2022/01/01 00:00:00+00,Sat 01 Jan 2022,65,96,0,3685402,3632588,240667,3926069,3873255,83.3753777681318,82.253801147485,46
-7.6926,53.28823,2022/01/02 00:00:00+00,Sun 02 Jan 2022,272,624,0,3685674,3633212,240667,3926341,3873879,83.3811540554953,82.2670526302601,47
-7.6926,53.28823,2022/01/03 00:00:00+00,Mon 03 Jan 2022,3631,720,1,3689305,3633932,240668,3929973,3874600,83.4582844808785,82.2823640390435,48
-7.6926,53.28823,2022/01/04 00:00:00+00,Tue 04 Jan 2022,1191,775,0,3690496,3634707,240668,3931164,3875375,83.4835769744444,82.2988222107593,49
-7.6926,53.28823,2022/01/05 00:00:00+00,Wed 05 Jan 2022,2145,887,0,3692641,3635594,240668,3933309,3876262,83.5291289464838,82.3176588537425,50
-7.6926,53.28823,2022/01/06 00:00:00+00,Thu 06 Jan 2022,2461,1684,1,3695102,3637278,240669,3935771,3877947,83.5814128416637,82.3534421045054,51
-7.6926,53.28823,2022/01/07 00:00:00+00,Fri 07 Jan 2022,4856,771,2,3699958,3638049,240671,3940629,3878720,83.6845790328839,82.36985780352,52
-7.6926,53.28823,2022/01/08 00:00:00+00,Sat 08 Jan 2022,9791,735,1,3709749,3638784,240672,3950421,3879456,83.8925253779699,82.3854877575624,53
-7.6926,53.28823,2022/01/09 00:00:00+00,Sun 09 Jan 2022,7115,663,0,3716864,3639447,240672,3957536,3880119,84.0436220124967,82.399567458011,54
-7.6926,53.28823,2022/01/10 00:00:00+00,Mon 10 Jan 2022,6658,499,0,3723522,3639946,240672,3964194,3880618,84.1850136347989,82.4101643969609,55
-7.6926,53.28823,2022/01/11 00:00:00+00,Tue 11 Jan 2022,4776,1353,1,3728298,3641299,240673,3968971,3881972,84.2864596816204,82.4389184156748,56
-7.6926,53.28823,2022/01/12 00:00:00+00,Wed 12 Jan 2022,7565,899,1,3735863,3642198,240674,3976537,3882872,84.4471339102683,82.4580311312158,57
-7.6926,53.28823,2022/01/13 00:00:00+00,Thu 13 Jan 2022,7327,800,0,3743190,3642998,240674,3983864,3883672,84.6027326511227,82.4750202116967,58
-7.6926,53.28823,2022/01/14 00:00:00+00,Fri 14 Jan 2022,10731,827,0,3753921,3643825,240674,3994595,3884499,84.8306199294231,82.4925826736438,59
-7.6926,53.28823,2022/01/15 00:00:00+00,Sat 15 Jan 2022,8358,646,0,3762279,3644471,240674,4002953,3885145,85.0081133477472,82.5063013561321,60
-7.6926,53.28823,2022/01/16 00:00:00+00,Sun 16 Jan 2022,6966,1214,1,3769245,3645685,240675,4009920,3886360,85.156067002385,82.5321035221125,61
-7.6926,53.28823,2022/01/17 00:00:00+00,Mon 17 Jan 2022,2566,552,0,3771811,3646237,240675,4012486,3886912,85.2105594780275,82.5438259876443,62
-7.6926,53.28823,2022/01/18 00:00:00+00,Tue 18 Jan 2022,4057,437,3,3775868,3646674,240678,4016546,3887352,85.296779061468,82.5531699819088,63
-7.6926,53.28823,2022/01/19 00:00:00+00,Wed 19 Jan 2022,3490,618,0,3779358,3647292,240678,4020036,3887970,85.3708939250658,82.5662940465802,64
-7.6926,53.28823,2022/01/20 00:00:00+00,Thu 20 Jan 2022,3697,931,0,3783055,3648223,240678,4023733,3888901,85.4494047132381,82.5860650889899,65
-7.6926,53.28823,2022/01/21 00:00:00+00,Fri 21 Jan 2022,3253,969,0,3786308,3649192,240678,4026986,3889870,85.5184865617435,82.6066431127223,66
-7.6926,53.28823,2022/01/22 00:00:00+00,Sat 22 Jan 2022,4270,640,0,3790578,3649832,240678,4031256,3890510,85.6091657788102,82.6202343771071,67
-7.6926,53.28823,2022/01/23 00:00:00+00,Sun 23 Jan 2022,3091,677,0,3793669,3650509,240678,4034347,3891187,85.6748073385182,82.634611386464,68
-7.6926,53.28823,2022/01/24 00:00:00+00,Mon 24 Jan 2022,648,458,0,3794317,3650967,240678,4034995,3891645,85.6885684937078,82.6443376350393,69
-7.6926,53.28823,2022/01/25 00:00:00+00,Tue 25 Jan 2022,697,1830,0,3795014,3652797,240678,4035692,3893475,85.7033702300767,82.6832001566393,70
-7.6926,53.28823,2022/01/26 00:00:00+00,Wed 26 Jan 2022,701,887,0,3795715,3653684,240678,4036393,3894362,85.7182569118481,82.7020367996225,71
-7.6926,53.28823,2022/01/27 00:00:00+00,Thu 27 Jan 2022,1274,1166,0,3796989,3654850,240678,4037667,3895528,85.7453120225139,82.7267983844234,72
-7.6926,53.28823,2022/01/28 00:00:00+00,Fri 28 Jan 2022,1031,3090,0,3798020,3657940,240678,4038698,3898618,85.7672066999837,82.7924187077808,73
-7.6926,53.28823,2022/01/29 00:00:00+00,Sat 29 Jan 2022,2328,3442,0,3800348,3661382,240678,4041026,3902060,85.816644924183,82.8655142265498,74
-7.6926,53.28823,2022/01/30 00:00:00+00,Sun 30 Jan 2022,1634,7537,0,3801982,3668919,240678,4042660,3909597,85.8513451210653,83.0255726010303,75
-7.6926,53.28823,2022/01/31 00:00:00+00,Mon 31 Jan 2022,481,1387,0,3802463,3670306,240678,4043141,3910984,85.8615598057044,83.0550274193141,76
-7.6926,53.28823,2022/02/01 00:00:00+00,Tue 01 Feb 2022,754,3410,1,3803217,3673716,240679,4043896,3914395,85.8775932504082,83.1274646112144,77
-7.6926,53.28823,2022/02/02 00:00:00+00,Wed 02 Feb 2022,648,2994,0,3803865,3676710,240679,4044544,3917389,85.8913544055977,83.1910462449142,78
-7.6926,53.28823,2022/02/03 00:00:00+00,Thu 03 Feb 2022,908,2429,1,3804773,3679139,240680,4045453,3919819,85.9106582482941,83.2426505768748,79
-7.6926,53.28823,2022/02/04 00:00:00+00,Fri 04 Feb 2022,1173,6520,0,3805946,3685659,240680,4046626,3926339,85.9355684875492,83.381111582794,80
-7.6926,53.28823,2022/02/05 00:00:00+00,Sat 05 Feb 2022,1777,5748,0,3807723,3691407,240680,4048403,3932087,85.9733054825674,83.5031781260492,81
-7.6926,53.28823,2022/02/06 00:00:00+00,Sun 06 Feb 2022,1407,7555,0,3809130,3698962,240680,4049810,3939642,86.0031850278632,83.6636187548406,82
-7.6926,53.28823,2022/02/07 00:00:00+00,Mon 07 Feb 2022,439,1347,0,3809569,3700309,240680,4050249,3940989,86.012507785777,83.6922241191002,83
-7.6926,53.28823,2022/02/08 00:00:00+00,Tue 08 Feb 2022,902,1234,0,3810471,3701543,240680,4051151,3942223,86.0316629740192,83.718429775742,84
-7.6926,53.28823,2022/02/09 00:00:00+00,Wed 09 Feb 2022,1332,1781,0,3811803,3703324,240680,4052483,3944004,86.0599497930199,83.7562517161626,85
-7.6926,53.28823,2022/02/10 00:00:00+00,Thu 10 Feb 2022,685,2545,0,3812488,3705869,240680,4053168,3946549,86.0744966931817,83.8102982284424,86
-7.6926,53.28823,2022/02/11 00:00:00+00,Fri 11 Feb 2022,550,4915,0,3813038,3710784,240680,4053718,3951464,86.0861766860123,83.9146748916468,87
-7.6926,53.28823,2022/02/12 00:00:00+00,Sat 12 Feb 2022,1399,5460,0,3814437,3716244,240680,4055117,3956924,86.1158863405032,84.0306253659289,88
-7.6926,53.28823,2022/02/13 00:00:00+00,Sun 13 Feb 2022,1568,4705,0,3816005,3720949,240680,4056685,3961629,86.1491849382458,84.1305423955071,89
-7.6926,53.28823,2022/02/14 00:00:00+00,Mon 14 Feb 2022,173,952,0,3816178,3721901,240680,4056858,3962581,86.1528588268997,84.1507594012793,90
-7.6926,53.28823,2022/02/15 00:00:00+00,Tue 15 Feb 2022,649,815,1,3816827,3722716,240681,4057508,3963397,86.1666624547905,84.1680882633698,91
-7.6926,53.28823,2022/02/16 00:00:00+00,Wed 16 Feb 2022,801,1785,0,3817628,3724501,240681,4058309,3965182,86.1836727716219,84.2059951491928,92
-7.6926,53.28823,2022/02/17 00:00:00+00,Thu 17 Feb 2022,793,1188,2,3818421,3725689,240683,4059104,3966372,86.2005556703498,84.2312664064081,93
-7.6926,53.28823,2022/02/18 00:00:00+00,Fri 18 Feb 2022,794,3290,0,3819215,3728979,240683,4059898,3969662,86.2174173327271,84.3011339998857,94
-7.6926,53.28823,2022/02/19 00:00:00+00,Sat 19 Feb 2022,979,3553,0,3820194,3732532,240683,4060877,3973215,86.2382077199656,84.3765867535715,95
-7.6926,53.28823,2022/02/20 00:00:00+00,Sun 20 Feb 2022,1366,3587,0,3821560,3736119,240683,4062243,3976802,86.2672165748867,84.4527615431776,96
-7.6926,53.28823,2022/02/21 00:00:00+00,Mon 21 Feb 2022,251,991,2,3821811,3737110,240685,4062496,3977795,86.2725893715888,84.4738492393245,97
-7.6926,53.28823,2022/02/22 00:00:00+00,Tue 22 Feb 2022,474,976,0,3822285,3738086,240685,4062970,3978771,86.2826554017737,84.4945759175112,98
-7.6926,53.28823,2022/02/23 00:00:00+00,Wed 23 Feb 2022,831,1270,1,3823116,3739356,240686,4063802,3980042,86.3003240454738,84.5215673191252,99
-7.6926,53.28823,2022/02/24 00:00:00+00,Thu 24 Feb 2022,657,1233,0,3823773,3740589,240686,4064459,3981275,86.3142763278187,84.5477517394164,100
-7.6926,53.28823,2022/02/25 00:00:00+00,Fri 25 Feb 2022,691,1221,0,3824464,3741810,240686,4065150,3982496,86.3289506460841,84.5736813235003,101
-7.6926,53.28823,2022/02/26 00:00:00+00,Sat 26 Feb 2022,960,2090,0,3825424,3743900,240686,4066110,3984586,86.3493375426612,84.6180652962566,102
-7.6926,53.28823,2022/02/27 00:00:00+00,Sun 27 Feb 2022,671,1782,0,3826095,3745682,240686,4066781,3986368,86.3635871339145,84.6559084730278,103
-7.6926,53.28823,2022/02/28 00:00:00+00,Mon 28 Feb 2022,82,427,0,3826177,3746109,240686,4066863,3986795,86.3653285146638,84.6649763947345,104
-7.6926,53.28823,2022/03/01 00:00:00+00,Tue 01 Mar 2022,130,939,1,3826307,3747048,240687,4066994,3987735,86.3681104765925,84.6849385642995,105
-7.6926,53.28823,2022/03/02 00:00:00+00,Wed 02 Mar 2022,206,994,2,3826513,3748042,240689,4067202,3988731,86.3725276375176,84.7060899694982,106
-7.6926,53.28823,2022/03/03 00:00:00+00,Thu 03 Mar 2022,279,1272,0,3826792,3749314,240689,4067481,3990003,86.3784525793353,84.7331026074628,107
-7.6926,53.28823,2022/03/04 00:00:00+00,Fri 04 Mar 2022,734,1506,2,3827526,3750820,240691,4068217,3991511,86.3940825333777,84.7651270241693,108
-7.6926,53.28823,2020/12/28 00:00:00+00,Mon 28 Dec 2020,220,18,0,220,18,0,220,18,0.00467199713224321,0.000382254310819899,109
-7.6926,53.28823,2020/12/29 00:00:00+00,Tue 29 Dec 2020,75,2,0,295,20,0,295,20,0.00626472342732613,0.00042472701202211,110
-7.6926,53.28823,2020/12/30 00:00:00+00,Wed 30 Dec 2020,1057,1,0,1352,21,0,1352,21,0.0287115460126947,0.000445963362623216,111
-7.6926,53.28823,2020/12/31 00:00:00+00,Thu 31 Dec 2020,1032,1,0,2384,22,0,2384,22,0.0506274598330356,0.000467199713224322,112
-7.6926,53.28823,2021/01/01 00:00:00+00,Fri 01 Jan 2021,812,0,0,3196,22,0,3196,22,0.0678713765211332,0.000467199713224322,113
-7.6926,53.28823,2021/01/02 00:00:00+00,Sat 02 Jan 2021,1016,0,0,4212,22,0,4212,22,0.0894475087318565,0.000467199713224322,114
-7.6926,53.28823,2021/01/03 00:00:00+00,Sun 03 Jan 2021,20,2,1,4232,24,1,4233,25,0.0898934720944797,0.000530908765027638,115
-7.6926,53.28823,2021/01/04 00:00:00+00,Mon 04 Jan 2021,1187,3,0,5419,27,1,5420,28,0.115101020257992,0.000594617816830955,116
-7.6926,53.28823,2021/01/05 00:00:00+00,Tue 05 Jan 2021,3528,11,0,8947,38,1,8948,39,0.190022865178692,0.000828217673443115,117
-7.6926,53.28823,2021/01/06 00:00:00+00,Wed 06 Jan 2021,6776,11,0,15723,49,1,15724,50,0.333920376851783,0.00106181753005528,118
-7.6926,53.28823,2021/01/07 00:00:00+00,Thu 07 Jan 2021,11724,8,0,27447,57,1,27448,58,0.582895351299144,0.00123170833486412,119
-7.6926,53.28823,2021/01/08 00:00:00+00,Fri 08 Jan 2021,12679,5,0,40126,62,1,40127,63,0.852151040570561,0.00133789008786965,120
-7.6926,53.28823,2021/01/09 00:00:00+00,Sat 09 Jan 2021,8074,7,0,48200,69,1,48201,70,1.02361333532389,0.00148654454207739,121
-7.6926,53.28823,2021/01/10 00:00:00+00,Sun 10 Jan 2021,4780,4,1,52980,73,2,52982,75,1.12514432754777,0.00159272629508291,122
-7.6926,53.28823,2021/01/11 00:00:00+00,Mon 11 Jan 2021,8339,6,0,61319,79,2,61321,81,1.30223425521039,0.00172014439868955,123
-7.6926,53.28823,2021/01/12 00:00:00+00,Tue 12 Jan 2021,8879,10,0,70198,89,2,70200,91,1.49079181219761,0.0019325079047006,124
-7.6926,53.28823,2021/01/13 00:00:00+00,Wed 13 Jan 2021,9878,4,0,80076,93,2,80078,95,1.70056448343533,0.00201745330710502,125
-7.6926,53.28823,2021/01/14 00:00:00+00,Thu 14 Jan 2021,8081,4,0,88157,97,2,88159,99,1.87217543264286,0.00210239870950945,126
-7.6926,53.28823,2021/01/15 00:00:00+00,Fri 15 Jan 2021,7691,2,0,95848,99,2,95850,101,2.03550420511596,0.00214487141071166,127
-7.6926,53.28823,2021/01/16 00:00:00+00,Sat 16 Jan 2021,5232,3,0,101080,102,2,101082,104,2.14661279146095,0.00220858046251497,128
-7.6926,53.28823,2021/01/17 00:00:00+00,Sun 17 Jan 2021,1112,4,0,102192,106,2,102194,108,2.17022761332938,0.0022935258649194,129
-7.6926,53.28823,2021/01/18 00:00:00+00,Mon 18 Jan 2021,8713,8,1,110905,114,3,110908,117,2.35528117246741,0.00248465302032935,130
-7.6926,53.28823,2021/01/19 00:00:00+00,Tue 19 Jan 2021,8379,19,0,119284,133,3,119287,136,2.53322055415407,0.00288814368175035,131
-7.6926,53.28823,2021/01/20 00:00:00+00,Wed 20 Jan 2021,8446,962,0,127730,1095,3,127733,1098,2.71258277133101,0.0233175129600139,132
-7.6926,53.28823,2021/01/21 00:00:00+00,Thu 21 Jan 2021,9004,962,0,136734,2057,3,136737,2060,2.90379487214337,0.0437468822382774,133
-7.6926,53.28823,2021/01/22 00:00:00+00,Fri 22 Jan 2021,6779,967,0,143513,3024,3,143516,3027,3.04775609286826,0.0642824332695464,134
-7.6926,53.28823,2021/01/23 00:00:00+00,Sat 23 Jan 2021,4185,460,0,147698,3484,3,147701,3487,3.13663022013389,0.074051154546055,135
-7.6926,53.28823,2021/01/24 00:00:00+00,Sun 24 Jan 2021,1182,398,0,148880,3882,3,148883,3885,3.16173158654439,0.082503222085295,136
-7.6926,53.28823,2021/01/25 00:00:00+00,Mon 25 Jan 2021,1357,1287,0,150237,5169,3,150240,5172,3.19054931431009,0.109834405308918,137
-7.6926,53.28823,2021/01/26 00:00:00+00,Tue 26 Jan 2021,1001,3500,0,151238,8669,3,151241,8672,3.2118069012618,0.184161632412787,138
-7.6926,53.28823,2021/01/27 00:00:00+00,Wed 27 Jan 2021,2170,6700,0,153408,15369,3,153411,15372,3.2578897820662,0.326445181440194,139
-7.6926,53.28823,2021/01/28 00:00:00+00,Thu 28 Jan 2021,1005,11538,0,154413,26907,3,154416,26910,3.27923231442031,0.57147019467575,140
-7.6926,53.28823,2021/01/29 00:00:00+00,Fri 29 Jan 2021,1575,11526,0,155988,38433,3,155991,38436,3.31267956661705,0.816240371704092,141
-7.6926,53.28823,2021/01/30 00:00:00+00,Sat 30 Jan 2021,633,7793,0,156621,46226,3,156624,46229,3.32612217654755,0.981735251938507,142
-7.6926,53.28823,2021/01/31 00:00:00+00,Sun 31 Jan 2021,225,4086,0,156846,50312,3,156849,50315,3.3309003554328,1.06850698049462,143
-7.6926,53.28823,2021/02/01 00:00:00+00,Mon 01 Feb 2021,1023,8335,0,157869,58647,3,157872,58650,3.35262514209773,1.24551196275484,144
-7.6926,53.28823,2021/02/02 00:00:00+00,Tue 02 Feb 2021,826,5108,0,158695,63755,3,158698,63758,3.37016636769424,1.35398724162529,145
-7.6926,53.28823,2021/02/03 00:00:00+00,Wed 03 Feb 2021,1397,6865,0,160092,70620,3,160095,70623,3.39983354948399,1.49977478850188,146
-7.6926,53.28823,2021/02/04 00:00:00+00,Thu 04 Feb 2021,1428,10541,1,161520,81161,4,161524,81165,3.43018029449297,1.72364839653873,147
-7.6926,53.28823,2021/02/05 00:00:00+00,Fri 05 Feb 2021,3391,8613,0,164911,89774,4,164915,89778,3.50219275938132,1.90655708426605,148
-7.6926,53.28823,2021/02/06 00:00:00+00,Sat 06 Feb 2021,897,3867,0,165808,93641,4,165812,93645,3.52124176587051,1.98867805204053,149
-7.6926,53.28823,2021/02/07 00:00:00+00,Sun 07 Feb 2021,329,1300,2,166137,94941,6,166143,94947,3.52827099791948,2.01632778052317,150
-7.6926,53.28823,2021/02/08 00:00:00+00,Mon 08 Feb 2021,1179,879,0,167316,95820,6,167322,95826,3.55330865527818,2.03499453270154,151
-7.6926,53.28823,2021/02/09 00:00:00+00,Tue 09 Feb 2021,4261,543,2,171577,96363,8,171585,96371,3.64383921789069,2.04656834377914,152
-7.6926,53.28823,2021/02/10 00:00:00+00,Wed 10 Feb 2021,8823,580,0,180400,96943,8,180408,96951,3.83120753924424,2.05888542712778,153
-7.6926,53.28823,2021/02/11 00:00:00+00,Thu 11 Feb 2021,6178,445,0,186578,97388,8,186586,97396,3.96240571325787,2.06833560314527,154
-7.6926,53.28823,2021/02/12 00:00:00+00,Fri 12 Feb 2021,4393,524,0,190971,97912,8,190979,97920,4.05569700144853,2.07946345086025,155
-7.6926,53.28823,2021/02/13 00:00:00+00,Sat 13 Feb 2021,1208,1914,0,192179,99826,8,192187,99834,4.08135051297467,2.12010982591077,156
-7.6926,53.28823,2021/02/14 00:00:00+00,Sun 14 Feb 2021,2698,27,0,194877,99853,8,194885,99861,4.13864618689645,2.120683207377,157
-7.6926,53.28823,2021/02/15 00:00:00+00,Mon 15 Feb 2021,1962,7890,0,196839,107743,8,196847,107751,4.18031190677582,2.28823801361972,158
-7.6926,53.28823,2021/02/16 00:00:00+00,Tue 16 Feb 2021,5648,8158,0,202487,115901,8,202495,115909,4.30025481497086,2.46148416182354,159
-7.6926,53.28823,2022/03/05 00:00:00+00,Sat 05 Mar 2022,963,3341,0,3828489,3754161,240691,4069180,3994852,86.4145331390066,84.8360776715276,160
-7.6926,53.28823,2021/04/14 23:00:00+00,Thu 15 Apr 2021,27124,10805,1,855529,364826,233,855762,365059,18.1732618631033,7.75252091408898,161
-7.6926,53.28823,2021/02/17 00:00:00+00,Wed 17 Feb 2021,9741,8465,0,212228,124366,8,212236,124374,4.50711810617623,2.6412498696619,162
-7.6926,53.28823,2021/02/18 00:00:00+00,Thu 18 Feb 2021,8463,8350,1,220691,132716,9,220700,132725,4.68686257766399,2.81859463353173,163
-7.6926,53.28823,2021/02/19 00:00:00+00,Fri 19 Feb 2021,9384,6582,0,230075,139298,9,230084,139307,4.88614449170476,2.95837229318821,164
-7.6926,53.28823,2021/02/20 00:00:00+00,Sat 20 Feb 2021,5885,3568,2,235960,142866,11,235971,142877,5.01116288769347,3.03418606483415,165
-7.6926,53.28823,2021/02/21 00:00:00+00,Sun 21 Feb 2021,1109,1023,5,237069,143889,16,237085,143905,5.0348201822631,3.05601703325209,166
-7.6926,53.28823,2021/02/22 00:00:00+00,Mon 22 Feb 2021,3943,1123,1,241012,145012,17,241029,145029,5.11857634903386,3.07988669132773,167
-7.6926,53.28823,2021/02/23 00:00:00+00,Tue 23 Feb 2021,13362,1064,1,254374,146076,18,254392,146094,5.40235770211644,3.10250340471791,168
-7.6926,53.28823,2021/02/24 00:00:00+00,Wed 24 Feb 2021,16936,2103,3,271310,148179,21,271331,148200,5.76208024494856,3.14722715908384,169
-7.6926,53.28823,2021/02/25 00:00:00+00,Thu 25 Feb 2021,18087,1755,2,289397,149934,23,289420,149957,6.14622459097196,3.18453942708998,170
-7.6926,53.28823,2021/02/26 00:00:00+00,Fri 26 Feb 2021,16079,2768,0,305476,152702,23,305499,152725,6.48768387228714,3.24332164555384,171
-7.6926,53.28823,2021/02/27 00:00:00+00,Sat 27 Feb 2021,8991,704,1,314467,153406,24,314491,153430,6.67864113689228,3.25829327272762,172
-7.6926,53.28823,2021/02/28 00:00:00+00,Sun 28 Feb 2021,2443,57,2,316910,153463,26,316936,153489,6.73056401411198,3.25954621741309,173
-7.6926,53.28823,2021/03/01 00:00:00+00,Mon 01 Mar 2021,5594,795,0,322504,154258,26,322530,154284,6.84936015937456,3.27642911614096,174
-7.6926,53.28823,2021/03/02 00:00:00+00,Tue 02 Mar 2021,12178,1610,0,334682,155868,26,334708,155894,7.10797643699483,3.31061964060874,175
-7.6926,53.28823,2021/03/03 00:00:00+00,Wed 03 Mar 2021,12901,1504,1,347583,157372,27,347610,157399,7.38196783245029,3.34258034826341,176
-7.6926,53.28823,2021/03/04 00:00:00+00,Thu 04 Mar 2021,18738,1688,4,366321,159060,31,366352,159091,7.77997951541621,3.37851225348048,177
-7.6926,53.28823,2021/03/05 00:00:00+00,Fri 05 Mar 2021,18445,2395,6,384766,161455,37,384803,161492,8.17181142035721,3.42950073127373,178
-7.6926,53.28823,2021/03/06 00:00:00+00,Sat 06 Mar 2021,10394,139,4,395160,161594,41,395201,161635,8.3926269939075,3.43253752940969,179
-7.6926,53.28823,2021/03/07 00:00:00+00,Sun 07 Mar 2021,1520,13,3,396680,161607,44,396724,161651,8.42496995587299,3.43287731101931,180
-7.6926,53.28823,2021/03/08 00:00:00+00,Mon 08 Mar 2021,6666,1495,5,403346,163102,49,403395,163151,8.56663765073296,3.46473183692097,181
-7.6926,53.28823,2021/03/09 00:00:00+00,Tue 09 Mar 2021,13829,3103,6,417175,166205,55,417230,166260,8.86044256129926,3.5307556509398,182
-7.6926,53.28823,2021/03/10 00:00:00+00,Wed 10 Mar 2021,13732,3988,3,430907,170193,58,430965,170251,9.15212383680544,3.61550992618882,183
-7.6926,53.28823,2021/03/11 00:00:00+00,Thu 11 Mar 2021,18480,2099,3,449387,172292,61,449448,172353,9.54463530496568,3.66014873515234,184
-7.6926,53.28823,2021/03/12 00:00:00+00,Fri 12 Mar 2021,17324,1338,4,466711,173630,65,466776,173695,9.91261878818163,3.68864791765902,185
-7.6926,53.28823,2021/03/13 00:00:00+00,Sat 13 Mar 2021,8306,173,0,475017,173803,65,475082,173868,10.0890079162744,3.69232180631301,186
-7.6926,53.28823,2021/03/14 00:00:00+00,Sun 14 Mar 2021,382,19,2,475399,173822,67,475466,173889,10.0971626749052,3.69276776967564,187
-7.6926,53.28823,2021/03/15 00:00:00+00,Mon 15 Mar 2021,2653,992,0,478052,174814,67,478119,174881,10.15350271305,3.71383422947194,188
-7.6926,53.28823,2021/03/16 00:00:00+00,Tue 16 Mar 2021,8941,3823,2,486993,178637,69,487062,178706,10.3434193964757,3.79506327052116,189
-7.6926,53.28823,2021/03/17 00:00:00+00,Wed 17 Mar 2021,4900,2415,6,491893,181052,75,491968,181127,10.4476049325247,3.84647647532644,190
-7.6926,53.28823,2021/03/18 00:00:00+00,Thu 18 Mar 2021,11727,4680,5,503620,185732,80,503700,185812,10.6967497977769,3.94596877789262,191
-7.6926,53.28823,2021/03/19 00:00:00+00,Fri 19 Mar 2021,10368,6128,2,513988,191860,82,514070,191942,10.9169707535103,4.0761476070774,192
-7.6926,53.28823,2021/03/20 00:00:00+00,Sat 20 Mar 2021,5239,3118,4,519227,194978,86,519313,195064,11.0283129397119,4.14244749365405,193
-7.6926,53.28823,2021/03/21 00:00:00+00,Sun 21 Mar 2021,3637,55,3,522864,195033,89,522953,195122,11.1056132558999,4.14367920198891,194
-7.6926,53.28823,2021/03/22 00:00:00+00,Mon 22 Mar 2021,7412,2403,1,530276,197436,90,530366,197526,11.2630383229059,4.19473138883397,195
-7.6926,53.28823,2021/03/23 00:00:00+00,Tue 23 Mar 2021,12562,7389,4,542838,204825,94,542932,204919,11.5298943045594,4.35173172882794,196
-7.6926,53.28823,2021/03/24 00:00:00+00,Wed 24 Mar 2021,13625,9779,2,556463,214604,96,556559,214700,11.8192820542007,4.55944447405736,197
-7.6926,53.28823,2021/03/25 00:00:00+00,Thu 25 Mar 2021,20863,10225,3,577326,224829,99,577425,224928,12.2623997458434,4.77664986800546,198
-7.6926,53.28823,2021/03/26 00:00:00+00,Fri 26 Mar 2021,19695,9497,1,597021,234326,100,597121,234426,12.6806709072827,4.97835272601476,199
-7.6926,53.28823,2021/03/27 00:00:00+00,Sat 27 Mar 2021,11750,5350,3,608771,239676,103,608874,239779,12.9302617358975,5.09203091078248,200
-7.6926,53.28823,2021/03/28 00:00:00+00,Sun 28 Mar 2021,2491,483,0,611262,240159,103,611365,240262,12.9831614852449,5.10228806812281,201
-7.6926,53.28823,2021/03/28 23:00:00+00,Mon 29 Mar 2021,9268,3119,3,620530,243278,106,620636,243384,13.1800436916677,5.16858795469947,202
-7.6926,53.28823,2021/03/29 23:00:00+00,Tue 30 Mar 2021,13324,8665,4,633854,251943,110,633964,252053,13.4630817724793,5.35268587806045,203
-7.6926,53.28823,2021/03/30 23:00:00+00,Wed 31 Mar 2021,15834,10510,4,649688,262453,114,649802,262567,13.7994230932996,5.57596486828047,204
-7.6926,53.28823,2021/03/31 23:00:00+00,Thu 01 Apr 2021,19698,11576,8,669386,274029,122,669508,274151,14.217906618245,5.82196675364368,205
-7.6926,53.28823,2021/04/01 23:00:00+00,Fri 02 Apr 2021,20137,13722,9,689523,287751,131,689654,287882,14.6457341374548,6.11356308374746,206
-7.6926,53.28823,2021/04/02 23:00:00+00,Sat 03 Apr 2021,7548,4635,6,697071,292386,137,697208,292523,14.8061535298956,6.21212098688719,207
-7.6926,53.28823,2021/04/03 23:00:00+00,Sun 04 Apr 2021,3033,169,3,700104,292555,140,700244,292695,14.8706270903205,6.21577363919058,208
-7.6926,53.28823,2021/04/04 23:00:00+00,Mon 05 Apr 2021,3429,606,4,703533,293161,144,703677,293305,14.9435314819341,6.22872781305726,209
-7.6926,53.28823,2021/04/05 23:00:00+00,Tue 06 Apr 2021,11991,8149,11,715524,301310,155,715679,301465,15.1984101618486,6.40201643396228,210
-7.6926,53.28823,2021/04/06 23:00:00+00,Wed 07 Apr 2021,18357,10467,10,733881,311777,165,734046,311942,15.5884582133391,6.62450967921006,211
-7.6926,53.28823,2021/04/07 23:00:00+00,Thu 08 Apr 2021,20184,10574,15,754065,322351,180,754245,322531,16.0174112591308,6.84938139572517,212
-7.6926,53.28823,2021/04/08 23:00:00+00,Fri 09 Apr 2021,20676,9155,16,774741,331506,196,774937,331702,16.4568338257689,7.0441399670879,213
-7.6926,53.28823,2021/04/09 23:00:00+00,Sat 10 Apr 2021,11167,4169,12,785908,335675,208,786116,335883,16.6942349891387,7.13292914895113,214
-7.6926,53.28823,2021/04/10 23:00:00+00,Sun 11 Apr 2021,2860,362,8,788768,336037,216,788984,336253,16.7551408426626,7.14078659867354,215
-7.6926,53.28823,2021/04/11 23:00:00+00,Mon 12 Apr 2021,7775,2796,13,796543,338833,229,796772,339062,16.920529541144,7.20043950751204,216
-7.6926,53.28823,2021/04/12 23:00:00+00,Tue 13 Apr 2021,11511,8593,1,808054,347426,230,808284,347656,17.165002409264,7.38294470457794,217
-7.6926,53.28823,2021/04/13 23:00:00+00,Wed 14 Apr 2021,20351,6595,2,828405,354021,232,828637,354253,17.5972258530483,7.52304090949344,218
-7.6926,53.28823,2022/03/06 00:00:00+00,Sun 06 Mar 2022,455,1915,0,3828944,3756076,240691,4069635,3996767,86.4241956785301,84.8767452829287,219
-7.6926,53.28823,2022/03/07 00:00:00+00,Mon 07 Mar 2022,112,123,0,3829056,3756199,240691,4069747,3996890,86.4265741497974,84.8793573540527,220
-7.6926,53.28823,2022/03/08 00:00:00+00,Tue 08 Mar 2022,119,491,0,3829175,3756690,240691,4069866,3997381,86.4291012755189,84.8897844021978,221
-7.6926,53.28823,2022/03/09 00:00:00+00,Wed 09 Mar 2022,126,343,0,3829301,3757033,240691,4069992,3997724,86.4317770556947,84.897068470454,222
-7.6926,53.28823,2022/03/10 00:00:00+00,Thu 10 Mar 2022,256,507,0,3829557,3757540,240691,4070248,3998231,86.4372135614485,84.9078353002087,223
-7.6926,53.28823,2022/03/11 00:00:00+00,Fri 11 Mar 2022,493,2181,0,3830050,3759721,240691,4070741,4000412,86.4476830822949,84.9541517808698,224
-7.6926,53.28823,2022/03/12 00:00:00+00,Sat 12 Mar 2022,473,2387,2,3830523,3762108,240693,4071216,4002801,86.4577703488304,85.0048854224558,225
-7.6926,53.28823,2022/03/13 00:00:00+00,Sun 13 Mar 2022,358,1082,0,3830881,3763190,240693,4071574,4003883,86.4653729623456,85.0278631538062,226
-7.6926,53.28823,2022/03/14 00:00:00+00,Mon 14 Mar 2022,109,120,0,3830990,3763310,240693,4071683,4004003,86.4676877245611,85.0304115158783,227
-7.6926,53.28823,2022/03/15 00:00:00+00,Tue 15 Mar 2022,220,757,0,3831210,3764067,240693,4071903,4004760,86.4723597216934,85.0464874332833,228
-7.6926,53.28823,2022/03/16 00:00:00+00,Wed 16 Mar 2022,195,797,0,3831405,3764864,240693,4072098,4005557,86.4765008100606,85.0634128047124,229
-7.6926,53.28823,2022/03/18 00:00:00+00,Fri 18 Mar 2022,1,6,0,3831406,3764870,240693,4072099,4005563,86.4765220464112,85.063540222816,230
-7.6926,53.28823,2022/03/19 00:00:00+00,Sat 19 Mar 2022,743,2779,0,3832149,3767649,240693,4072842,4008342,86.4923006549078,85.1225560411365,231
-7.6926,53.28823,2022/03/20 00:00:00+00,Sun 20 Mar 2022,394,1401,0,3832543,3769050,240693,4073236,4009743,86.5006677770447,85.1523081683287,232
-7.6926,53.28823,2022/03/21 00:00:00+00,Mon 21 Mar 2022,54,112,0,3832597,3769162,240693,4073290,4009855,86.5018145399771,85.154686639596,233
-7.6926,53.28823,2022/03/22 00:00:00+00,Tue 22 Mar 2022,137,574,0,3832734,3769736,240693,4073427,4010429,86.5047239200095,85.166876304841,234
-7.6926,53.28823,2022/03/23 00:00:00+00,Wed 23 Mar 2022,100,219,0,3832834,3769955,240693,4073527,4010648,86.5068475550696,85.1715270656227,235
-7.6926,53.28823,2022/03/24 00:00:00+00,Thu 24 Mar 2022,147,239,0,3832981,3770194,240693,4073674,4010887,86.5099692986079,85.1766025534163,236
-7.6926,53.28823,2022/03/25 00:00:00+00,Fri 25 Mar 2022,435,1624,0,3833416,3771818,240693,4074109,4012511,86.5192071111194,85.2110903867925,237
-7.6926,53.28823,2022/03/26 00:00:00+00,Sat 26 Mar 2022,874,1848,0,3834290,3773666,240693,4074983,4014359,86.5377676815448,85.2503351627034,238
-7.6926,53.28823,2022/03/27 00:00:00+00,Sun 27 Mar 2022,380,802,0,3834670,3774468,240693,4075363,4015161,86.5458374947732,85.2673667158854,239
-7.6926,53.28823,2021/04/15 23:00:00+00,Fri 16 Apr 2021,27973,9831,1,883502,374657,234,883736,374891,18.7673275348186,7.96131671319905,240
-7.6926,53.28823,2022/03/27 23:00:00+00,Mon 28 Mar 2022,42,51,0,3834712,3774519,240693,4075405,4015212,86.5467294214984,85.2684497697661,241
-7.6926,53.28823,2022/03/28 23:00:00+00,Tue 29 Mar 2022,139,192,3,3834851,3774711,240696,4075547,4015407,86.5497449832838,85.2725908581333,242
-7.6926,53.28823,2022/03/29 23:00:00+00,Wed 30 Mar 2022,109,134,0,3834960,3774845,240696,4075656,4015541,86.5520597454993,85.2754365291139,243
-7.6926,53.28823,2022/03/30 23:00:00+00,Thu 31 Mar 2022,227,356,0,3835187,3775201,240696,4075883,4015897,86.5568803970858,85.2829966699279,244
-7.6926,53.28823,2022/03/31 23:00:00+00,Fri 01 Apr 2022,308,902,0,3835495,3776103,240696,4076191,4016799,86.5634211930709,85.3021518581701,245
-7.6926,53.28823,2022/04/01 23:00:00+00,Sat 02 Apr 2022,727,1538,0,3836222,3777641,240696,4076918,4018337,86.5788600199579,85.3348133653946,246
-7.6926,53.28823,2022/04/02 23:00:00+00,Sun 03 Apr 2022,536,816,0,3836758,3778457,240696,4077454,4019153,86.5902427038801,85.3521422274851,247
-7.6926,53.28823,2022/04/03 23:00:00+00,Mon 04 Apr 2022,48,51,0,3836806,3778508,240696,4077502,4019204,86.591262048709,85.3532252813657,248
-7.6926,53.28823,2022/04/04 23:00:00+00,Tue 05 Apr 2022,130,165,0,3836936,3778673,240696,4077632,4019369,86.5940227742871,85.3567292792149,249
-7.6926,53.28823,2022/04/05 23:00:00+00,Wed 06 Apr 2022,159,209,0,3837095,3778882,240696,4077791,4019578,86.5973993540327,85.3611676764905,250
-7.6926,53.28823,2022/04/06 23:00:00+00,Thu 07 Apr 2022,120,175,0,3837215,3779057,240696,4077911,4019753,86.5999477161048,85.3648840378457,251
-7.6926,53.28823,2022/04/07 23:00:00+00,Fri 08 Apr 2022,266,418,0,3837481,3779475,240696,4078177,4020171,86.6055965853647,85.373760832397,252
-7.6926,53.28823,2022/04/08 23:00:00+00,Sat 09 Apr 2022,561,1017,0,3838042,3780492,240696,4078738,4021188,86.6175101780519,85.3953582009583,253
-7.6926,53.28823,2022/04/09 23:00:00+00,Sun 10 Apr 2022,412,719,0,3838454,3781211,240696,4079150,4021907,86.6262595544996,85.4106271370405,254
-7.6926,53.28823,2022/04/10 23:00:00+00,Mon 11 Apr 2022,71,93,0,3838525,3781304,240696,4079221,4022000,86.6277673353923,85.4126021176464,255
-7.6926,53.28823,2022/04/11 23:00:00+00,Tue 12 Apr 2022,195,176,0,3838720,3781480,240696,4079416,4022176,86.6319084237595,85.4163397153522,256
-7.6926,53.28823,2022/04/12 23:00:00+00,Wed 13 Apr 2022,144,233,0,3838864,3781713,240696,4079560,4022409,86.634966458246,85.4212877850423,257
-7.6926,53.28823,2022/04/13 23:00:00+00,Thu 14 Apr 2022,361,426,0,3839225,3782139,240696,4079921,4022835,86.642632780813,85.4303344703983,258
-7.6926,53.28823,2022/04/14 23:00:00+00,Fri 15 Apr 2022,448,989,0,3839673,3783128,240696,4080369,4023824,86.6521466658823,85.4513372211428,259
-7.6926,53.28823,2022/04/15 23:00:00+00,Sat 16 Apr 2022,42,88,0,3839715,3783216,240696,4080411,4023912,86.6530385926076,85.4532060199957,260
-7.6926,53.28823,2022/04/16 23:00:00+00,Sun 17 Apr 2022,2,0,0,3839717,3783216,240696,4080413,4023912,86.6530810653088,85.4532060199957,261
-7.6926,53.28823,2022/04/17 23:00:00+00,Mon 18 Apr 2022,36,61,0,3839753,3783277,240696,4080449,4023973,86.6538455739304,85.4545014373824,262
-7.6926,53.28823,2022/04/18 23:00:00+00,Tue 19 Apr 2022,219,268,1,3839972,3783545,240697,4080669,4024242,86.6585175710627,85.4602140156941,263
-7.6926,53.28823,2022/04/19 23:00:00+00,Wed 20 Apr 2022,249,606,0,3840221,3784151,240697,4080918,4024848,86.6638054223623,85.4730832441584,264
-7.6926,53.28823,2022/04/20 23:00:00+00,Thu 21 Apr 2022,172,238,0,3840393,3784389,240697,4081090,4025086,86.6674580746657,85.4781374956014,265
-7.6926,53.28823,2022/04/21 23:00:00+00,Fri 22 Apr 2022,198,251,0,3840591,3784640,240697,4081288,4025337,86.6716628720848,85.4834678196023,266
-7.6926,53.28823,2022/04/22 23:00:00+00,Sat 23 Apr 2022,324,1010,0,3840915,3785650,240697,4081612,4026347,86.6785434496795,85.5049165337094,267
-7.6926,53.28823,2022/04/23 23:00:00+00,Sun 24 Apr 2022,182,253,0,3841097,3785903,240697,4081794,4026600,86.6824084654889,85.5102893304115,268
-7.6926,53.28823,2022/04/24 23:00:00+00,Mon 25 Apr 2022,41,57,0,3841138,3785960,240697,4081835,4026657,86.6832791558636,85.5114998023958,269
-7.6926,53.28823,2022/04/25 23:00:00+00,Tue 26 Apr 2022,144,238,0,3841282,3786198,240697,4081979,4026895,86.6863371903501,85.5165540538388,270
-7.6926,53.28823,2022/04/26 23:00:00+00,Wed 27 Apr 2022,122,208,0,3841404,3786406,240697,4082101,4027103,86.6889280251235,85.5209712147638,271
-7.6926,53.28823,2022/04/27 23:00:00+00,Thu 28 Apr 2022,106,128,0,3841510,3786534,240697,4082207,4027231,86.6911790782872,85.5236894676408,272
-7.6926,53.28823,2022/04/28 23:00:00+00,Fri 29 Apr 2022,176,221,0,3841686,3786755,240697,4082383,4027452,86.694916675993,85.5283827011236,273
-7.6926,53.28823,2022/04/29 23:00:00+00,Sat 30 Apr 2022,281,723,0,3841967,3787478,240697,4082664,4028175,86.7008840905119,85.5437365826082,274
-7.6926,53.28823,2022/04/30 23:00:00+00,Sun 01 May 2022,186,746,0,3842153,3788224,240697,4082850,4028921,86.7048340517237,85.5595789001567,275
-7.6926,53.28823,2022/05/01 23:00:00+00,Mon 02 May 2022,11,26,0,3842164,3788250,240697,4082861,4028947,86.7050676515803,85.5601310452723,276
-7.6926,53.28823,2022/05/02 23:00:00+00,Tue 03 May 2022,100,117,0,3842264,3788367,240697,4082961,4029064,86.7071912866404,85.5626156982926,277
-7.6926,53.28823,2022/05/03 23:00:00+00,Wed 04 May 2022,127,128,0,3842391,3788495,240697,4083088,4029192,86.7098883031667,85.5653339511696,278
-7.6926,53.28823,2022/05/04 23:00:00+00,Thu 05 May 2022,119,163,0,3842510,3788658,240697,4083207,4029355,86.7124154288883,85.5687954763175,279
-7.6926,53.28823,2022/05/05 23:00:00+00,Fri 06 May 2022,143,258,0,3842653,3788916,240697,4083350,4029613,86.7154522270242,85.5742744547726,280
-7.6926,53.28823,2022/05/06 23:00:00+00,Sat 07 May 2022,442,1084,0,3843095,3790000,240697,4083792,4030697,86.7248386939899,85.5972946588242,281
-7.6926,53.28823,2022/05/07 23:00:00+00,Sun 08 May 2022,273,437,0,3843368,3790437,240697,4084065,4031134,86.730636217704,85.6065749440369,282
-7.6926,53.28823,2022/05/08 23:00:00+00,Mon 09 May 2022,27,31,0,3843395,3790468,240697,4084092,4031165,86.7312095991703,85.6072332709055,283
-7.6926,53.28823,2022/05/09 23:00:00+00,Tue 10 May 2022,88,98,1,3843483,3790566,240698,4084181,4031264,86.7330996343738,85.609335669615,284
-7.6926,53.28823,2022/05/10 23:00:00+00,Wed 11 May 2022,127,131,0,3843610,3790697,240698,4084308,4031395,86.7357966509001,85.6121176315438,285
-7.6926,53.28823,2022/05/11 23:00:00+00,Thu 12 May 2022,249,397,0,3843859,3791094,240698,4084557,4031792,86.7410845021998,85.6205484627324,286
-7.6926,53.28823,2022/05/12 23:00:00+00,Fri 13 May 2022,183,325,0,3844042,3791419,240698,4084740,4032117,86.7449707543598,85.6274502766778,287
-7.6926,53.28823,2022/05/13 23:00:00+00,Sat 14 May 2022,333,632,0,3844375,3792051,240698,4085073,4032749,86.7520424591099,85.6408716502577,288
-7.6926,53.28823,2022/05/14 23:00:00+00,Sun 15 May 2022,169,254,0,3844544,3792305,240698,4085242,4033003,86.7556314023615,85.6462656833104,289
-7.6926,53.28823,2022/05/15 23:00:00+00,Mon 16 May 2022,31,39,0,3844575,3792344,240698,4085273,4033042,86.7562897292302,85.6470939009838,290
-7.6926,53.28823,2022/05/16 23:00:00+00,Tue 17 May 2022,104,92,0,3844679,3792436,240698,4085377,4033134,86.7584983096927,85.6490476452391,291
-7.6926,53.28823,2022/05/17 23:00:00+00,Wed 18 May 2022,104,120,0,3844783,3792556,240698,4085481,4033254,86.7607068901552,85.6515960073112,292
-7.6926,53.28823,2022/05/18 23:00:00+00,Thu 19 May 2022,97,103,0,3844880,3792659,240698,4085578,4033357,86.7627668161635,85.6537833514232,293
-7.6926,53.28823,2022/05/19 23:00:00+00,Fri 20 May 2022,128,206,0,3845008,3792865,240698,4085706,4033563,86.7654850690404,85.658158039647,294
-7.6926,53.28823,2022/05/20 23:00:00+00,Sat 21 May 2022,392,762,0,3845400,3793627,240698,4086098,4034325,86.7738097184761,85.674340138805,295
-7.6926,53.28823,2022/05/21 23:00:00+00,Sun 22 May 2022,233,410,0,3845633,3794037,240698,4086331,4034735,86.7787577881661,85.6830470425515,296
-7.6926,53.28823,2022/05/22 23:00:00+00,Mon 23 May 2022,30,34,0,3845663,3794071,240698,4086361,4034769,86.7793948786842,85.6837690784719,297
-7.6926,53.28823,2022/05/23 23:00:00+00,Tue 24 May 2022,79,82,0,3845742,3794153,240698,4086440,4034851,86.7810725503816,85.6855104592212,298
-7.6926,53.28823,2022/05/24 23:00:00+00,Wed 25 May 2022,91,129,0,3845833,3794282,240698,4086531,4034980,86.7830050582863,85.6882499484488,299
-7.6926,53.28823,2022/05/25 23:00:00+00,Thu 26 May 2022,131,154,0,3845964,3794436,240698,4086662,4035134,86.7857870202151,85.6915203464413,300
-7.6926,53.28823,2022/05/26 23:00:00+00,Fri 27 May 2022,98,151,0,3846062,3794587,240698,4086760,4035285,86.787868182574,85.6947270353821,301
-7.6926,53.28823,2022/05/27 23:00:00+00,Sat 28 May 2022,336,578,0,3846398,3795165,240698,4087096,4035863,86.795003596376,85.7070016460295,302
-7.6926,53.28823,2022/05/28 23:00:00+00,Sun 29 May 2022,181,348,0,3846579,3795513,240698,4087277,4036211,86.7988473758348,85.7143918960387,303
-7.6926,53.28823,2022/05/29 23:00:00+00,Mon 30 May 2022,14,21,0,3846593,3795534,240698,4087291,4036232,86.7991446847432,85.7148378594013,304
-7.6926,53.28823,2022/05/30 23:00:00+00,Tue 31 May 2022,65,78,1,3846658,3795612,240699,4087357,4036311,86.8005462838829,85.7165155310988,305
-7.6926,53.28823,2022/05/31 23:00:00+00,Wed 01 Jun 2022,64,100,0,3846722,3795712,240699,4087421,4036411,86.8019054103213,85.7186391661589,306
-7.6926,53.28823,2022/06/01 23:00:00+00,Thu 02 Jun 2022,120,132,0,3846842,3795844,240699,4087541,4036543,86.8044537723935,85.7214423644383,307
-7.6926,53.28823,2022/06/02 23:00:00+00,Fri 03 Jun 2022,63,141,0,3846905,3795985,240699,4087604,4036684,86.8057916624813,85.724436689873,308
-7.6926,53.28823,2022/06/03 23:00:00+00,Sat 04 Jun 2022,305,606,0,3847210,3796591,240699,4087909,4037290,86.8122687494147,85.7373059183373,309
-7.6926,53.28823,2022/06/04 23:00:00+00,Sun 05 Jun 2022,142,273,0,3847352,3796864,240699,4088051,4037563,86.8152843112,85.7431034420514,310
-7.6926,53.28823,2022/06/05 23:00:00+00,Mon 06 Jun 2022,3,5,0,3847355,3796869,240699,4088054,4037568,86.8153480202518,85.7432096238044,311
-7.6926,53.28823,2022/06/06 23:00:00+00,Tue 07 Jun 2022,29,49,0,3847384,3796918,240699,4088083,4037617,86.8159638744193,85.7442502049839,312
-7.6926,53.28823,2022/06/07 23:00:00+00,Wed 08 Jun 2022,42,75,0,3847426,3796993,240699,4088125,4037692,86.8168558011445,85.745842931279,313
-7.6926,53.28823,2022/06/08 23:00:00+00,Thu 09 Jun 2022,84,120,0,3847510,3797113,240699,4088209,4037812,86.818639654595,85.7483912933511,314
-7.6926,53.28823,2022/06/09 23:00:00+00,Fri 10 Jun 2022,58,104,0,3847568,3797217,240699,4088267,4037916,86.8198713629299,85.7505998738136,315
-7.6926,53.28823,2022/06/10 23:00:00+00,Sat 11 Jun 2022,190,556,0,3847758,3797773,240699,4088457,4038472,86.8239062695441,85.7624072847478,316
-7.6926,53.28823,2022/06/11 23:00:00+00,Sun 12 Jun 2022,146,283,0,3847904,3798056,240699,4088603,4038755,86.8270067767318,85.7684171719679,317
-7.6926,53.28823,2022/06/12 23:00:00+00,Mon 13 Jun 2022,21,38,0,3847925,3798094,240699,4088624,4038793,86.8274527400945,85.7692241532908,318
-7.6926,53.28823,2022/06/13 23:00:00+00,Tue 14 Jun 2022,40,49,0,3847965,3798143,240699,4088664,4038842,86.8283021941185,85.7702647344702,319
-7.6926,53.28823,2022/06/14 23:00:00+00,Wed 15 Jun 2022,70,121,0,3848035,3798264,240699,4088734,4038963,86.8297887386606,85.772834332893,320
-7.6926,53.28823,2022/06/15 23:00:00+00,Thu 16 Jun 2022,78,74,0,3848113,3798338,240699,4088812,4039037,86.8314451740075,85.7744058228374,321
-7.6926,53.28823,2022/06/16 23:00:00+00,Fri 17 Jun 2022,55,84,0,3848168,3798422,240699,4088867,4039121,86.8326131732905,85.7761896762879,322
-7.6926,53.28823,2022/06/17 23:00:00+00,Sat 18 Jun 2022,222,484,0,3848390,3798906,240699,4089089,4039605,86.837327643124,85.7864680699789,323
-7.6926,53.28823,2022/06/18 23:00:00+00,Sun 19 Jun 2022,75,128,0,3848465,3799034,240699,4089164,4039733,86.8389203694191,85.7891863228558,324
-7.6926,53.28823,2022/06/19 23:00:00+00,Mon 20 Jun 2022,4,18,0,3848469,3799052,240699,4089168,4039751,86.8390053148215,85.7895685771666,325
-7.6926,53.28823,2021/04/16 23:00:00+00,Sat 17 Apr 2021,15846,4551,3,899348,379208,237,899585,379445,19.1039024554955,8.05802705383648,326
-7.6926,53.28823,2021/04/17 23:00:00+00,Sun 18 Apr 2021,1072,485,0,900420,379693,237,900657,379930,19.1266678233399,8.06832668387802,327
-7.6926,53.28823,2021/04/18 23:00:00+00,Mon 19 Apr 2021,6740,2256,0,907160,381949,237,907397,382186,19.2698008263913,8.11623589083412,328
-7.6926,53.28823,2021/04/19 23:00:00+00,Tue 20 Apr 2021,15088,7313,1,922248,389262,238,922486,389500,19.5902361206114,8.2715585591306,329
-7.6926,53.28823,2021/04/20 23:00:00+00,Wed 21 Apr 2021,26718,9875,4,948966,399137,242,949208,399379,20.1577138813742,8.48135246671892,330
-7.6926,53.28823,2021/04/21 23:00:00+00,Thu 22 Apr 2021,31619,12180,1,980585,411317,243,980828,411560,20.8292072873811,8.74003245339099,331
-7.6926,53.28823,2021/04/22 23:00:00+00,Fri 23 Apr 2021,33614,12352,3,1014199,423669,246,1014445,423915,21.5431096855385,9.00240756506765,332
-7.6926,53.28823,2021/04/23 23:00:00+00,Sat 24 Apr 2021,23699,6988,2,1037898,430657,248,1038146,430905,22.0464324311353,9.15084965576937,333
-7.6926,53.28823,2021/04/24 23:00:00+00,Sun 25 Apr 2021,9748,298,2,1047646,430955,250,1047896,431205,22.2534868494961,9.15722056094971,334
-7.6926,53.28823,2021/04/25 23:00:00+00,Mon 26 Apr 2021,15586,3052,3,1063232,434007,253,1063485,434260,22.5845403190167,9.22209761203608,335
-7.6926,53.28823,2021/04/26 23:00:00+00,Tue 27 Apr 2021,25915,7807,9,1089147,441814,262,1089409,442076,23.1350714719998,9.38808092833433,336
-7.6926,53.28823,2021/04/27 23:00:00+00,Wed 28 Apr 2021,26028,8598,5,1115175,450412,267,1115442,450679,23.6879173871983,9.57077725255564,337
-7.6926,53.28823,2021/04/28 23:00:00+00,Thu 29 Apr 2021,31691,11329,6,1146866,461741,273,1147139,462014,24.3610459922016,9.81149128661917,338
-7.6926,53.28823,2021/04/29 23:00:00+00,Fri 30 Apr 2021,36112,13525,8,1182978,475266,281,1183259,475547,25.1281029759135,10.0988828193039,339
-7.6926,53.28823,2021/04/30 23:00:00+00,Sat 01 May 2021,16575,6686,18,1199553,481952,299,1199852,482251,25.4804777414377,10.2412513137337,340
-7.6926,53.28823,2021/05/01 23:00:00+00,Sun 02 May 2021,12461,909,15,1212014,482861,314,1212328,483175,25.7454224515371,10.2608737016892,341
-7.6926,53.28823,2021/05/02 23:00:00+00,Mon 03 May 2021,14258,922,21,1226272,483783,335,1226607,484118,26.0486563017702,10.280899580306,342
-7.6926,53.28823,2021/05/03 23:00:00+00,Tue 04 May 2021,26660,6786,10,1252932,490569,345,1253277,490914,26.6150297723017,10.4252218189911,343
-7.6926,53.28823,2021/05/04 23:00:00+00,Wed 05 May 2021,32106,13458,69,1285038,504027,414,1285452,504441,27.2983093528923,10.7124859335723,344
-7.6926,53.28823,2021/05/05 23:00:00+00,Thu 06 May 2021,37281,14377,132,1322319,518404,546,1322865,518950,28.0928249379315,11.0206041444437,345
-7.6926,53.28823,2021/05/06 23:00:00+00,Fri 07 May 2021,40596,15069,97,1362915,533473,643,1363558,534116,28.9569957529422,11.3426746376601,346
-7.6926,53.28823,2021/05/07 23:00:00+00,Sat 08 May 2021,25617,7039,10,1388532,540512,653,1389185,541165,29.5012197097968,11.4923696730473,347
-7.6926,53.28823,2021/05/08 23:00:00+00,Sun 09 May 2021,19672,922,5,1408204,541434,658,1408862,542092,29.9190873805747,11.5120557700545,348
-7.6926,53.28823,2021/05/09 23:00:00+00,Mon 10 May 2021,28840,4642,171,1437044,546076,829,1437873,546905,30.5351751478634,11.6142663254976,349
-7.6926,53.28823,2021/05/10 23:00:00+00,Tue 11 May 2021,33920,14819,153,1470964,560895,982,1471946,561877,31.2587613218949,11.9322169666974,350
-7.6926,53.28823,2021/05/11 23:00:00+00,Wed 12 May 2021,31290,20934,171,1502254,581829,1153,1503407,582982,31.9268781481563,12.3804101461337,351
-7.6926,53.28823,2021/05/12 23:00:00+00,Thu 13 May 2021,35999,25474,152,1538253,607303,1305,1539558,608608,32.6945934587368,12.9246128666376,352
-7.6926,53.28823,2021/05/13 23:00:00+00,Fri 14 May 2021,38215,27942,236,1576468,635245,1541,1578009,636786,33.5111523756999,13.5230107538756,353
-7.6926,53.28823,2021/05/14 23:00:00+00,Sat 15 May 2021,28854,12443,22,1605322,647688,1563,1606885,649251,34.1243732356574,13.7877218641184,354
-7.6926,53.28823,2021/05/15 23:00:00+00,Sun 16 May 2021,23171,1173,9,1628493,648861,1572,1630065,650433,34.6166318425911,13.8128232305289,355
-7.6926,53.28823,2021/05/16 23:00:00+00,Mon 17 May 2021,35392,3946,117,1663885,652807,1689,1665574,654496,35.3707134160857,13.8991065230212,356
-7.6926,53.28823,2021/05/17 23:00:00+00,Tue 18 May 2021,39005,12490,127,1702890,665297,1816,1704706,667113,36.2017342878082,14.1670455585553,357
-7.6926,53.28823,2021/05/18 23:00:00+00,Wed 19 May 2021,37024,17585,209,1739914,682882,2025,1741939,684907,36.9924273297392,14.5449251811514,358
-7.6926,53.28823,2021/05/19 23:00:00+00,Thu 20 May 2021,39080,19638,136,1778994,702520,2161,1781155,704681,37.8252320549121,14.9648527779376,359
-7.6926,53.28823,2021/05/20 23:00:00+00,Fri 21 May 2021,25842,23244,14934,1804836,725764,17095,1821931,742859,38.6911654870228,15.7756141711866,360
-7.6926,53.28823,2021/05/21 23:00:00+00,Sat 22 May 2021,16588,10243,13523,1821424,736007,30618,1852042,766625,39.3306132399727,16.2803172795725,361
-7.6926,53.28823,2021/05/22 23:00:00+00,Sun 23 May 2021,8210,5522,10204,1829634,741529,40822,1870456,782351,39.7216593999414,16.6142801291255,362
-7.6926,53.28823,2021/05/23 23:00:00+00,Mon 24 May 2021,22545,8213,8450,1852179,749742,49272,1901451,799014,40.3798800868227,16.9681414391917,363
-7.6926,53.28823,2021/05/24 23:00:00+00,Tue 25 May 2021,30336,16483,3222,1882515,766225,52494,1935009,818719,41.0925295402946,17.3866037277865,364
-7.6926,53.28823,2021/05/25 23:00:00+00,Wed 26 May 2021,19973,25389,3052,1902488,791614,55546,1958034,847160,41.5814965128851,17.9905867752326,365
-7.6926,53.28823,2021/05/26 23:00:00+00,Thu 27 May 2021,17014,36029,550,1919502,827643,56096,1975598,883739,41.9544917748429,18.7673912438704,366
-7.6926,53.28823,2021/05/27 23:00:00+00,Fri 28 May 2021,27037,31817,1558,1946539,859460,57654,2004193,917114,42.5617452202815,19.4761544451823,367
-7.6926,53.28823,2021/05/28 23:00:00+00,Sat 29 May 2021,24468,7382,534,1971007,866842,58188,2029195,925030,43.0926964580103,19.6442613965406,368
-7.6926,53.28823,2021/05/29 23:00:00+00,Sun 30 May 2021,24242,1676,209,1995249,868518,58397,2053646,926915,43.611946466558,19.6842919174237,369
-7.6926,53.28823,2021/05/30 23:00:00+00,Mon 31 May 2021,22579,7324,3443,2017828,875842,61840,2079668,937682,44.1645587818999,19.9129437043458,370
-7.6926,53.28823,2021/05/31 23:00:00+00,Tue 01 Jun 2021,27547,11510,3653,2045375,887352,65493,2110868,952845,44.8271329206544,20.2349504885104,371
-7.6926,53.28823,2021/06/01 23:00:00+00,Wed 02 Jun 2021,18690,20895,4007,2064065,908247,69500,2133565,977747,45.3091343702477,20.7637780911791,372
-7.6926,53.28823,2021/06/02 23:00:00+00,Thu 03 Jun 2021,16683,30706,1976,2080748,938953,71476,2152224,1010429,45.7053834361137,21.4578245015244,373
-7.6926,53.28823,2021/06/03 23:00:00+00,Fri 04 Jun 2021,28995,23344,153,2109743,962297,71629,2181372,1033926,46.3243805834348,21.9568150315986,374
-7.6926,53.28823,2021/06/04 23:00:00+00,Sat 05 Jun 2021,20949,11489,33,2130692,973786,71662,2202354,1045448,46.7699616917472,22.2015002632246,375
-7.6926,53.28823,2021/06/05 23:00:00+00,Sun 06 Jun 2021,19934,3903,45,2150626,977689,71707,2222333,1049396,47.1942427404066,22.2853413753977,376
-7.6926,53.28823,2021/06/06 23:00:00+00,Mon 07 Jun 2021,19806,4584,45,2170432,982273,71752,2242184,1054025,47.6158055361892,22.3836444423302,377
-7.6926,53.28823,2021/06/07 23:00:00+00,Tue 08 Jun 2021,26393,18348,45,2196825,1000621,71797,2268622,1072418,48.1772521733812,22.7742446389364,378
-7.6926,53.28823,2021/06/08 23:00:00+00,Wed 09 Jun 2021,32786,20109,173,2229611,1020730,71970,2301581,1092700,48.877181052843,23.204960301828,379
-7.6926,53.28823,2021/06/09 23:00:00+00,Thu 10 Jun 2021,27681,27482,270,2257292,1048212,72240,2329532,1120452,49.4707582884946,23.7943115037099,380
-7.6926,53.28823,2021/06/10 23:00:00+00,Fri 11 Jun 2021,26427,32893,39,2283719,1081105,72279,2355998,1153384,50.0327995435034,24.4936670017055,381
-7.6926,53.28823,2021/06/11 23:00:00+00,Sat 12 Jun 2021,12208,19713,104,2295927,1100818,72383,2368310,1173201,50.2942614921042,24.9145077615676,382
-7.6926,53.28823,2021/06/12 23:00:00+00,Sun 13 Jun 2021,8544,18169,832,2304471,1118987,73215,2377686,1192202,50.4933735153402,25.3180196593392,383
-7.6926,53.28823,2021/06/13 23:00:00+00,Mon 14 Jun 2021,16015,31299,49,2320486,1150286,73264,2393750,1223550,50.8345142513963,25.9837367779827,384
-7.6926,53.28823,2021/06/14 23:00:00+00,Tue 15 Jun 2021,14688,41578,205,2335174,1191864,73469,2408643,1265333,51.1507872208986,26.8710552151487,385
-7.6926,53.28823,2021/06/15 23:00:00+00,Wed 16 Jun 2021,13465,48386,215,2348639,1240250,73684,2422323,1313934,51.4413004971217,27.903163090713,386
-7.6926,53.28823,2021/06/16 23:00:00+00,Thu 17 Jun 2021,21569,42674,535,2370208,1282924,74219,2444427,1357143,51.9107087908086,28.8207645638361,387
-7.6926,53.28823,2021/06/17 23:00:00+00,Fri 18 Jun 2021,12012,50033,553,2382220,1332957,74772,2456992,1407729,52.1775435361115,29.8950265953437,388
-7.6926,53.28823,2021/06/18 23:00:00+00,Sat 19 Jun 2021,6307,32798,432,2388527,1365755,75204,2463731,1440959,52.3206553028123,30.6007105258184,389
-7.6926,53.28823,2021/06/19 23:00:00+00,Sun 20 Jun 2021,8512,26136,177,2397039,1391891,75381,2472420,1467272,52.5051779531853,31.1595026191853,390
-7.6926,53.28823,2021/06/20 23:00:00+00,Mon 21 Jun 2021,15466,32339,572,2412505,1424230,75953,2488458,1500183,52.8457665441259,31.8584121538183,391
-7.6926,53.28823,2021/06/21 23:00:00+00,Tue 22 Jun 2021,15130,43540,722,2427635,1467770,76675,2504310,1544445,53.1824051738546,32.7983755041244,392
-7.6926,53.28823,2021/06/22 23:00:00+00,Wed 23 Jun 2021,20076,39383,883,2447711,1507153,77558,2525269,1584711,53.6274978461031,33.6534783974285,393
-7.6926,53.28823,2021/06/23 23:00:00+00,Thu 24 Jun 2021,19018,44266,1031,2466729,1551419,78589,2545318,1630008,54.0532654393047,34.6154213706068,394
-7.6926,53.28823,2021/06/24 23:00:00+00,Fri 25 Jun 2021,15201,50115,843,2481930,1601534,79432,2561362,1680966,54.3939814483488,35.6975833245379,395
-7.6926,53.28823,2021/06/25 23:00:00+00,Sat 26 Jun 2021,9055,30548,509,2490985,1632082,79941,2570926,1712023,54.5970859054978,36.3571206651565,396
-7.6926,53.28823,2021/06/26 23:00:00+00,Sun 27 Jun 2021,8721,30473,58,2499706,1662555,79999,2579705,1742554,54.7835198274249,37.0054876853588,397
-7.6926,53.28823,2021/06/27 23:00:00+00,Mon 28 Jun 2021,24221,24635,522,2523927,1687190,80521,2604448,1767711,55.3089708503481,37.5397305574308,398
-7.6926,53.28823,2021/06/28 23:00:00+00,Tue 29 Jun 2021,28142,31020,809,2552069,1718210,81330,2633399,1799540,55.9237844366007,38.2156623607134,399
-7.6926,53.28823,2021/06/29 23:00:00+00,Wed 30 Jun 2021,22561,36858,588,2574630,1755068,81918,2656548,1836986,56.4153847166657,39.0108787453224,400
-7.6926,53.28823,2021/06/30 23:00:00+00,Thu 01 Jul 2021,15002,48309,638,2589632,1803377,82556,2672188,1885933,56.747521240067,40.0503343981947,401
-7.6926,53.28823,2021/07/01 23:00:00+00,Fri 02 Jul 2021,13656,47257,815,2603288,1850634,83371,2686659,1934005,57.0548324696156,41.0712082442911,402
-7.6926,53.28823,2021/07/02 23:00:00+00,Sat 03 Jul 2021,9304,30470,505,2612592,1881104,83876,2696468,1964980,57.2631398326618,41.7290042041603,403
-7.6926,53.28823,2021/07/03 23:00:00+00,Sun 04 Jul 2021,6446,27778,233,2619038,1908882,84109,2703147,1992991,57.4049774183266,42.3238556208479,404
-7.6926,53.28823,2021/07/04 23:00:00+00,Mon 05 Jul 2021,15595,33446,5340,2634633,1942328,89449,2724082,2031777,57.8495604181607,43.1475287152624,405
-7.6926,53.28823,2021/07/05 23:00:00+00,Tue 06 Jul 2021,12405,48286,5485,2647038,1990614,94934,2741972,2085548,58.2294787304145,44.2894285234344,406
-7.6926,53.28823,2021/07/06 23:00:00+00,Wed 07 Jul 2021,19700,43750,5058,2666738,2034364,99992,2766730,2134356,58.7552482985967,45.3259323235732,407
-7.6926,53.28823,2021/07/07 23:00:00+00,Thu 08 Jul 2021,17762,45581,5992,2684500,2079945,105984,2790484,2185929,59.2596965707753,46.421154633124,408
-7.6926,53.28823,2021/07/08 23:00:00+00,Fri 09 Jul 2021,13513,45082,6528,2698013,2125027,112512,2810525,2237539,59.6852942731721,47.517162687647,409
-7.6926,53.28823,2021/07/09 23:00:00+00,Sat 10 Jul 2021,8629,23860,4364,2706642,2148887,116876,2823518,2265763,59.9612181765323,48.1165374470127,410
-7.6926,53.28823,2021/07/10 23:00:00+00,Sun 11 Jul 2021,15226,16105,2153,2721868,2164992,119029,2840897,2284021,60.3302847136289,48.5042707362876,411
-7.6926,53.28823,2021/07/11 23:00:00+00,Mon 12 Jul 2021,17103,31747,6091,2738971,2196739,125120,2864091,2321859,60.8228406294709,49.3078117703323,412
-7.6926,53.28823,2021/07/12 23:00:00+00,Tue 13 Jul 2021,20097,36557,8487,2759068,2233296,133607,2892675,2366903,61.4298604750529,50.2643819468085,413
-7.6926,53.28823,2021/07/13 23:00:00+00,Wed 14 Jul 2021,20790,35695,9332,2779858,2268991,142939,2922797,2411930,62.0695418278594,51.2205911053244,414
-7.6926,53.28823,2021/07/14 23:00:00+00,Thu 15 Jul 2021,23625,28824,9582,2803483,2297815,152521,2956004,2450336,62.7747373222703,52.0361943865105,415
-7.6926,53.28823,2021/07/15 23:00:00+00,Fri 16 Jul 2021,23522,27410,9163,2827005,2325225,161684,2988689,2486909,63.4688474416675,52.8128714370447,416
-7.6926,53.28823,2021/07/16 23:00:00+00,Sat 17 Jul 2021,11494,19420,4676,2838499,2344645,166360,3004859,2511005,63.8122392308873,53.324582541129,417
-7.6926,53.28823,2021/07/17 23:00:00+00,Sun 18 Jul 2021,16854,15812,1930,2855353,2360457,168290,3023643,2528747,64.2111428405785,53.7013578734938,418
-7.6926,53.28823,2021/07/18 23:00:00+00,Mon 19 Jul 2021,24875,18423,6250,2880228,2378880,174540,3054768,2553420,64.8721242530379,54.2253223518749,419
-7.6926,53.28823,2021/07/19 23:00:00+00,Tue 20 Jul 2021,30567,18166,7694,2910795,2397046,182234,3093029,2579280,65.6846482633868,54.7744943784194,420
-7.6926,53.28823,2021/07/20 23:00:00+00,Wed 21 Jul 2021,30347,19834,6886,2941142,2416880,189120,3130262,2606000,66.4753413053178,55.341929666481,421
-7.6926,53.28823,2021/07/21 23:00:00+00,Thu 22 Jul 2021,33523,15925,6932,2974665,2432805,196052,3170717,2628857,67.3344578688855,55.8273289321705,422
-7.6926,53.28823,2021/07/22 23:00:00+00,Fri 23 Jul 2021,27082,20818,5614,3001747,2453623,201666,3203413,2655289,68.0288015881392,56.3886481512589,423
-7.6926,53.28823,2021/07/23 23:00:00+00,Sat 24 Jul 2021,15427,14801,2271,3017174,2468424,203937,3221111,2672361,68.4046425210776,56.751195128721,424
-7.6926,53.28823,2021/07/24 23:00:00+00,Sun 25 Jul 2021,14712,13638,1042,3031886,2482062,204979,3236865,2687041,68.7391999884474,57.0629447555452,425
-7.6926,53.28823,2021/07/25 23:00:00+00,Mon 26 Jul 2021,23820,18278,3419,3055706,2500340,208398,3264104,2708738,69.3176569424709,57.5237098545374,426
-7.6926,53.28823,2021/07/26 23:00:00+00,Tue 27 Jul 2021,25497,23888,3670,3081203,2524228,212068,3293271,2736296,69.9370575804534,58.1089412044026,427
-7.6926,53.28823,2021/07/27 23:00:00+00,Wed 28 Jul 2021,23424,25275,3260,3104627,2549503,215328,3319955,2764831,70.5037283598933,58.7149204688052,428
-7.6926,53.28823,2021/07/28 23:00:00+00,Thu 29 Jul 2021,19254,27852,2959,3123881,2577355,218287,3342168,2795642,70.9754514157956,59.3692336671758,429
-7.6926,53.28823,2021/07/29 23:00:00+00,Fri 30 Jul 2021,21942,22930,2115,3145823,2600285,220402,3366225,2820687,71.4863343022064,59.9010980679805,430
-7.6926,53.28823,2021/07/30 23:00:00+00,Sat 31 Jul 2021,13733,12471,907,3159556,2612756,221309,3380865,2834065,71.7972344750066,60.1851979663221,431
-7.6926,53.28823,2021/07/31 23:00:00+00,Sun 01 Aug 2021,11093,9318,368,3170649,2622074,221677,3392326,2843751,72.0406242892459,60.3908932582444,432
-7.6926,53.28823,2021/08/01 23:00:00+00,Mon 02 Aug 2021,15011,15996,430,3185660,2638070,222107,3407767,2860177,72.3685347788776,60.7397215532182,433
-7.6926,53.28823,2021/08/02 23:00:00+00,Tue 03 Aug 2021,17332,25437,1110,3202992,2663507,223217,3426209,2886724,72.7601755566632,61.3034829526257,434
-7.6926,53.28823,2021/08/03 23:00:00+00,Wed 04 Aug 2021,22097,17284,1574,3225089,2680791,224791,3449880,2905582,73.2628612117419,61.7039580522614,435
-7.6926,53.28823,2021/08/04 23:00:00+00,Thu 05 Aug 2021,13515,30026,1420,3238604,2710817,226211,3464815,2937028,73.5800261079694,62.3717563332637,436
-7.6926,53.28823,2021/08/05 23:00:00+00,Fri 06 Aug 2021,12198,24733,948,3250802,2735550,227159,3477961,2962709,73.8591991729716,62.9171270530507,437
-7.6926,53.28823,2021/08/06 23:00:00+00,Sat 07 Aug 2021,6325,8446,583,3257127,2743996,227742,3484869,2971738,74.005899882924,63.1088700626281,438
-7.6926,53.28823,2021/08/07 23:00:00+00,Sun 08 Aug 2021,8622,11965,153,3265749,2755961,227895,3493644,2983856,74.1922488594487,63.3662121592123,439
-7.6926,53.28823,2021/08/08 23:00:00+00,Mon 09 Aug 2021,5529,23022,600,3271278,2778983,228495,3499773,3007478,74.3224064522829,63.8678572331116,440
-7.6926,53.28823,2021/08/09 23:00:00+00,Tue 10 Aug 2021,9342,25990,713,3280620,2804973,229208,3509828,3034181,74.535937957577,64.434931503213,441
-7.6926,53.28823,2021/08/10 23:00:00+00,Wed 11 Aug 2021,7002,31226,663,3287622,2836199,229871,3517493,3066070,74.6987145849345,65.1121374875316,442
-7.6926,53.28823,2021/08/11 23:00:00+00,Thu 12 Aug 2021,6760,38279,862,3294382,2874478,230733,3525115,3105211,74.8605780492161,65.9433494864095,443
-7.6926,53.28823,2021/08/12 23:00:00+00,Fri 13 Aug 2021,10918,28234,870,3305300,2902712,231603,3536903,3134315,75.1109121501019,66.5614122343041,444
-7.6926,53.28823,2021/08/13 23:00:00+00,Sat 14 Aug 2021,18127,5832,279,3323427,2908544,231882,3555309,3140426,75.5017884192659,66.6911875728274,445
-7.6926,53.28823,2021/08/14 23:00:00+00,Sun 15 Aug 2021,16996,3721,49,3340423,2912265,231931,3572354,3144196,75.8637620152617,66.7712486145936,446
-7.6926,53.28823,2021/08/15 23:00:00+00,Mon 16 Aug 2021,10176,23141,384,3350599,2935406,232315,3582914,3167721,76.0880178776094,67.2708337624846,447
-7.6926,53.28823,2021/08/16 23:00:00+00,Tue 17 Aug 2021,12860,26846,528,3363459,2962252,232843,3596302,3195095,76.372330139457,67.8521576238392,448
-7.6926,53.28823,2021/08/17 23:00:00+00,Wed 18 Aug 2021,15226,25759,657,3378685,2988011,233500,3612185,3221511,76.7096270960543,68.4131370613181,449
-7.6926,53.28823,2021/08/18 23:00:00+00,Thu 19 Aug 2021,11354,25694,543,3390039,3013705,234043,3624082,3247748,76.9622759591557,68.9703151920393,450
-7.6926,53.28823,2021/08/19 23:00:00+00,Fri 20 Aug 2021,14837,22245,686,3404876,3035950,234729,3639605,3270679,77.2919278295367,69.4572859476732,451
-7.6926,53.28823,2021/08/20 23:00:00+00,Sat 21 Aug 2021,11879,7964,245,3416755,3043914,234974,3651729,3278888,77.5493973442245,69.6316151497577,452
-7.6926,53.28823,2021/08/21 23:00:00+00,Sun 22 Aug 2021,8003,12248,161,3424758,3056162,235135,3659893,3291297,77.7227709105319,69.8951370243668,453
-7.6926,53.28823,2021/08/22 23:00:00+00,Mon 23 Aug 2021,10862,15364,289,3435620,3071526,235424,3671044,3306950,77.9595774560848,70.2275496203259,454
-7.6926,53.28823,2021/08/23 23:00:00+00,Tue 24 Aug 2021,9705,22911,383,3445325,3094437,235807,3681132,3330244,78.1738097609488,70.7222291712281,455
-7.6926,53.28823,2021/08/24 23:00:00+00,Wed 25 Aug 2021,9413,19509,313,3454738,3113946,236120,3690858,3350066,78.3803545068951,71.1431761128432,456
-7.6926,53.28823,2021/08/25 23:00:00+00,Thu 26 Aug 2021,8573,19423,367,3463311,3133369,236487,3699798,3369856,78.570207481269,71.5634434912391,457
-7.6926,53.28823,2021/08/26 23:00:00+00,Fri 27 Aug 2021,9718,19198,430,3473029,3152567,236917,3709946,3389484,78.785713967169,71.9802705808375,458
-7.6926,53.28823,2021/08/27 23:00:00+00,Sat 28 Aug 2021,9917,7906,153,3482946,3160473,237070,3720016,3397543,78.9995640177222,72.1514143303318,459
-7.6926,53.28823,2021/08/28 23:00:00+00,Sun 29 Aug 2021,8795,9183,29,3491741,3169656,237099,3728840,3406755,79.1869535754263,72.3470435920692,460
-7.6926,53.28823,2021/08/29 23:00:00+00,Mon 30 Aug 2021,5056,11113,84,3496797,3180769,237183,3733980,3417952,79.296108417516,72.5848270097498,461
-7.6926,53.28823,2021/08/30 23:00:00+00,Tue 31 Aug 2021,4059,12875,142,3500856,3193644,237325,3738181,3430969,79.3853223263912,72.8612605855244,462
-7.6926,53.28823,2021/08/31 23:00:00+00,Wed 01 Sep 2021,4956,12516,180,3505812,3206160,237505,3743317,3443665,79.4943922230785,73.1308772927561,463
-7.6926,53.28823,2021/09/01 23:00:00+00,Thu 02 Sep 2021,5005,12344,247,3510817,3218504,237752,3748569,3456256,79.6059255364355,73.3982641831746,464
-7.6926,53.28823,2021/09/02 23:00:00+00,Fri 03 Sep 2021,4770,16059,165,3515587,3234563,237917,3753504,3472480,79.710726926652,73.7428027353269,465
-7.6926,53.28823,2021/09/03 23:00:00+00,Sat 04 Sep 2021,4628,10575,133,3520215,3245138,238050,3758265,3483188,79.8118331918638,73.9702015775635,466
-7.6926,53.28823,2021/09/04 23:00:00+00,Sun 05 Sep 2021,5305,11896,1,3525520,3257034,238051,3763571,3495085,79.9245132681533,74.2228504406649,467
-7.6926,53.28823,2021/09/05 23:00:00+00,Mon 06 Sep 2021,2155,9664,75,3527675,3266698,238126,3765801,3504824,79.9718703299938,74.4296712591691,468
-7.6926,53.28823,2021/09/06 23:00:00+00,Tue 07 Sep 2021,3026,10005,158,3530701,3276703,238284,3768985,3514987,80.0394868703077,74.6454962903281,469
-7.6926,53.28823,2021/09/07 23:00:00+00,Wed 08 Sep 2021,2607,14807,187,3533308,3291510,238471,3771779,3529981,80.0988212338872,74.9639141312411,470
-7.6926,53.28823,2021/09/08 23:00:00+00,Thu 09 Sep 2021,3112,14806,138,3536420,3306316,238609,3775029,3544925,80.1678393733408,75.281270154624,471
-7.6926,53.28823,2021/09/09 23:00:00+00,Fri 10 Sep 2021,3373,13943,115,3539793,3320259,238724,3778517,3558983,80.2419117642374,75.5798107713743,472
-7.6926,53.28823,2021/09/10 23:00:00+00,Sat 11 Sep 2021,2557,11328,62,3542350,3331587,238786,3781136,3570373,80.2975297664617,75.8216928047209,473
-7.6926,53.28823,2021/09/11 23:00:00+00,Sun 12 Sep 2021,2041,12880,1,3544391,3344467,238787,3783178,3583254,80.3408943943892,76.0952382368138,474
-7.6926,53.28823,2021/09/12 23:00:00+00,Mon 13 Sep 2021,1609,7731,52,3546000,3352198,238839,3784839,3591037,80.3761679727376,76.2605207535422,475
-7.6926,53.28823,2021/09/13 23:00:00+00,Tue 14 Sep 2021,1544,10779,82,3547544,3362977,238921,3786465,3601898,80.410698278815,76.4911687574208,476
-7.6926,53.28823,2021/09/14 23:00:00+00,Wed 15 Sep 2021,3277,12392,138,3550821,3375369,239059,3789880,3614428,80.4832204161178,76.7572602304526,477
-7.6926,53.28823,2021/09/15 23:00:00+00,Thu 16 Sep 2021,1908,10589,115,3552729,3385958,239174,3791903,3625132,80.5261815533838,76.9845741272869,478
-7.6926,53.28823,2021/09/16 23:00:00+00,Fri 17 Sep 2021,2558,14611,94,3555287,3400569,239268,3794555,3639837,80.582500355178,77.2968546628761,479
-7.6926,53.28823,2021/09/17 23:00:00+00,Sat 18 Sep 2021,2287,11227,47,3557574,3411796,239315,3796889,3651111,80.6320659974809,77.536273279553,480
-7.6926,53.28823,2021/09/18 23:00:00+00,Sun 19 Sep 2021,1860,8489,15,3559434,3420285,239330,3798764,3659615,80.671884154858,77.7168672050648,481
-7.6926,53.28823,2021/09/19 23:00:00+00,Mon 20 Sep 2021,952,5610,35,3560386,3425895,239365,3799751,3665260,80.6928444329013,77.836746404208,482
-7.6926,53.28823,2021/09/20 23:00:00+00,Tue 21 Sep 2021,1463,6665,90,3561849,3432560,239455,3801304,3672015,80.7258244853848,77.9801979525185,483
-7.6926,53.28823,2021/09/21 23:00:00+00,Wed 22 Sep 2021,1893,8150,97,3563742,3440710,239552,3803294,3680262,80.768084823081,78.1553341359258,484
-7.6926,53.28823,2021/09/22 23:00:00+00,Thu 23 Sep 2021,1698,8732,89,3565440,3449442,239641,3805081,3689083,80.8060341816052,78.3426599845782,485
-7.6926,53.28823,2021/09/23 23:00:00+00,Fri 24 Sep 2021,1909,7384,79,3567349,3456826,239720,3807069,3696546,80.8482520466002,78.5011468691142,486
-7.6926,53.28823,2021/09/24 23:00:00+00,Sat 25 Sep 2021,2414,6594,52,3569763,3463420,239772,3809535,3703192,80.9006208871825,78.6422836552092,487
-7.6926,53.28823,2021/09/25 23:00:00+00,Sun 26 Sep 2021,1548,7097,0,3571311,3470517,239772,3811083,3710289,80.933494757913,78.7929980354252,488
-7.6926,53.28823,2021/09/26 23:00:00+00,Mon 27 Sep 2021,1176,3817,45,3572487,3474334,239817,3812304,3714151,80.959424341997,78.8750128214467,489
-7.6926,53.28823,2021/09/27 23:00:00+00,Tue 28 Sep 2021,1449,5128,93,3573936,3479462,239910,3813846,3719372,80.9921707946239,78.9858878079351,490
-7.6926,53.28823,2021/09/28 23:00:00+00,Wed 29 Sep 2021,1651,3614,79,3575587,3483076,239989,3815576,3723065,81.0289096811638,79.0643136507049,491
-7.6926,53.28823,2021/09/29 23:00:00+00,Thu 30 Sep 2021,1280,3961,78,3576867,3487037,240067,3816934,3727104,81.0577486452801,79.1500872707828,492
-7.6926,53.28823,2021/09/30 23:00:00+00,Fri 01 Oct 2021,1844,5173,41,3578711,3492210,240108,3818819,3732318,81.0977791661632,79.260813602817,493
-7.6926,53.28823,2021/10/01 23:00:00+00,Sat 02 Oct 2021,1710,4085,40,3580421,3496295,240148,3820569,3736443,81.1349427797151,79.3484135490465,494
-7.6926,53.28823,2021/10/02 23:00:00+00,Sun 03 Oct 2021,1196,3015,9,3581617,3499310,240157,3821774,3739467,81.1605325821895,79.4126322732643,495
-7.6926,53.28823,2021/10/03 23:00:00+00,Mon 04 Oct 2021,335,1234,18,3581952,3500544,240175,3822127,3740719,81.1680290139517,79.4392201842169,496
-7.6926,53.28823,2021/10/04 23:00:00+00,Tue 05 Oct 2021,964,2820,70,3582916,3503364,240245,3823161,3743609,81.1899874004732,79.500593237454,497
-7.6926,53.28823,2021/10/05 23:00:00+00,Wed 06 Oct 2021,978,2567,38,3583894,3505931,240283,3824177,3746214,81.2115635326839,79.5559139307699,498
-7.6926,53.28823,2021/10/06 23:00:00+00,Thu 07 Oct 2021,1212,2694,44,3585106,3508625,240327,3825433,3748952,81.2382363890389,79.6140590587158,499
-7.6926,53.28823,2021/10/07 23:00:00+00,Fri 08 Oct 2021,965,2778,48,3586071,3511403,240375,3826446,3751778,81.2597488121978,79.6740729855145,500
-7.6926,53.28823,2021/10/08 23:00:00+00,Sat 09 Oct 2021,732,2379,23,3586803,3513782,240398,3827201,3754180,81.2757822569016,79.7250826996583,501
-7.6926,53.28823,2021/10/09 23:00:00+00,Sun 10 Oct 2021,1502,3915,1,3588305,3517697,240399,3828704,3758096,81.3077004918551,79.8082442486123,502
-7.6926,53.28823,2021/10/10 23:00:00+00,Mon 11 Oct 2021,331,1122,19,3588636,3518819,240418,3829054,3759237,81.3151332145655,79.8324749246481,503
-7.6926,53.28823,2021/10/11 23:00:00+00,Tue 12 Oct 2021,558,1608,20,3589194,3520427,240438,3829632,3760865,81.3274078252129,79.8670477034267,504
-7.6926,53.28823,2021/10/12 23:00:00+00,Wed 13 Oct 2021,997,2071,11,3590191,3522498,240449,3830640,3762947,81.3488140666189,79.9112617853782,505
-7.6926,53.28823,2021/10/13 23:00:00+00,Thu 14 Oct 2021,683,1596,8,3590874,3524094,240457,3831331,3764551,81.3634883848842,79.9453248917424,506
-7.6926,53.28823,2021/10/14 23:00:00+00,Fri 15 Oct 2021,950,2064,8,3591824,3526158,240465,3832289,3766623,81.3838328087601,79.9893266101879,507
-7.6926,53.28823,2021/10/15 23:00:00+00,Sat 16 Oct 2021,1369,2635,14,3593193,3528793,240479,3833672,3769272,81.4132026816414,80.0455817029302,508
-7.6926,53.28823,2021/10/16 23:00:00+00,Sun 17 Oct 2021,1702,2888,2,3594895,3531681,240481,3835376,3772162,81.4493894230657,80.1069547561674,509
-7.6926,53.28823,2021/10/17 23:00:00+00,Mon 18 Oct 2021,670,1239,6,3595565,3532920,240487,3836052,3773407,81.463745196072,80.1333940126658,510
-7.6926,53.28823,2021/10/18 23:00:00+00,Tue 19 Oct 2021,1333,1792,13,3596898,3534712,240500,3837398,3775212,81.4923293239811,80.1717256255008,511
-7.6926,53.28823,2021/10/19 23:00:00+00,Wed 20 Oct 2021,2252,2317,0,3599150,3537029,240500,3839650,3777529,81.5401535855348,80.2209302498435,512
-7.6926,53.28823,2021/10/20 23:00:00+00,Thu 21 Oct 2021,1738,1826,11,3600888,3538855,240511,3841399,3779366,81.5772959627361,80.2599414258978,513
-7.6926,53.28823,2021/10/21 23:00:00+00,Fri 22 Oct 2021,1501,1919,3,3602389,3540774,240514,3842903,3781288,81.6092354340402,80.3007576917531,514
-7.6926,53.28823,2021/10/22 23:00:00+00,Sat 23 Oct 2021,2009,1694,1,3604398,3542468,240515,3844913,3782983,81.6519204987484,80.336753306022,515
-7.6926,53.28823,2021/10/23 23:00:00+00,Sun 24 Oct 2021,1948,2184,2,3606346,3544652,240517,3846863,3785169,81.6933313824206,80.383175968436,516
-7.6926,53.28823,2021/10/24 23:00:00+00,Mon 25 Oct 2021,1219,841,2,3607565,3545493,240519,3848084,3786012,81.7192609665045,80.4010782119927,517
-7.6926,53.28823,2021/10/25 23:00:00+00,Tue 26 Oct 2021,1237,1219,6,3608802,3546712,240525,3849327,3787237,81.7456577503017,80.4270927414791,518
-7.6926,53.28823,2021/10/26 23:00:00+00,Wed 27 Oct 2021,1556,1415,5,3610358,3548127,240530,3850888,3788657,81.77880769359,80.4572483593326,519
-7.6926,53.28823,2021/10/27 23:00:00+00,Thu 28 Oct 2021,2150,1686,4,3612508,3549813,240534,3853042,3790347,81.8245507927848,80.4931377918485,520
-7.6926,53.28823,2021/10/28 23:00:00+00,Fri 29 Oct 2021,2132,1354,1,3614640,3551167,240535,3855175,3791702,81.869847928617,80.521913046913,521
-7.6926,53.28823,2021/10/29 23:00:00+00,Sat 30 Oct 2021,2014,1445,0,3616654,3552612,240535,3857189,3793147,81.9126179387276,80.5525995735316,522
-7.6926,53.28823,2021/10/30 23:00:00+00,Sun 31 Oct 2021,1593,1317,0,3618247,3553929,240535,3858782,3794464,81.9464474452352,80.5805678472733,523
-7.6926,53.28823,2021/11/01 00:00:00+00,Mon 01 Nov 2021,265,273,2,3618512,3554202,240537,3859049,3794739,81.9521175508457,80.5864078436886,524
-7.6926,53.28823,2021/11/02 00:00:00+00,Tue 02 Nov 2021,1093,1081,10,3619605,3555283,240547,3860152,3795830,81.9755412455587,80.6095767021944,525
-7.6926,53.28823,2021/11/03 00:00:00+00,Wed 03 Nov 2021,2529,1863,6,3622134,3557146,240553,3862687,3797699,82.0293753943325,80.6492674414678,526
-7.6926,53.28823,2021/11/04 00:00:00+00,Thu 04 Nov 2021,1536,1266,1,3623670,3558412,240554,3864224,3798966,82.0620156652064,80.6761738976794,527
-7.6926,53.28823,2021/11/05 00:00:00+00,Fri 05 Nov 2021,1631,1078,3,3625301,3559490,240557,3865858,3800047,82.0967158620886,80.6991303926792,528
-7.6926,53.28823,2021/11/06 00:00:00+00,Sat 06 Nov 2021,1813,1345,5,3627114,3560835,240562,3867676,3801397,82.1353235474814,80.7277994659907,529
-7.6926,53.28823,2021/11/07 00:00:00+00,Sun 07 Nov 2021,693,771,0,3627807,3561606,240562,3868369,3802168,82.150040338448,80.7441726923042,530
-7.6926,53.28823,2021/11/08 00:00:00+00,Mon 08 Nov 2021,515,526,3,3628322,3562132,240565,3868887,3802697,82.1610407680593,80.7554067217722,531
-7.6926,53.28823,2021/11/09 00:00:00+00,Tue 09 Nov 2021,1368,1050,3,3629690,3563182,240568,3870258,3803750,82.1901558047335,80.7777685989551,532
-7.6926,53.28823,2021/11/10 00:00:00+00,Wed 10 Nov 2021,1615,1350,1,3631305,3564532,240569,3871874,3805101,82.2244737473048,80.8064589086172,533
-7.6926,53.28823,2021/11/11 00:00:00+00,Thu 11 Nov 2021,1386,1099,2,3632691,3565631,240571,3873262,3806202,82.2539498019392,80.829840130629,534
-7.6926,53.28823,2021/11/12 00:00:00+00,Fri 12 Nov 2021,1144,1138,6,3633835,3566769,240577,3874412,3807346,82.2783716051304,80.8541345157167,535
-7.6926,53.28823,2021/11/13 00:00:00+00,Sat 13 Nov 2021,1400,1362,0,3635235,3568131,240577,3875812,3808708,82.308102495972,80.8830584252354,536
-7.6926,53.28823,2021/11/14 00:00:00+00,Sun 14 Nov 2021,1646,1802,0,3636881,3569933,240577,3877458,3810510,82.3430575290614,80.9213263290186,537
-7.6926,53.28823,2021/11/15 00:00:00+00,Mon 15 Nov 2021,1245,579,1,3638126,3570512,240578,3878704,3811090,82.3695180219104,80.9336434123672,538
-7.6926,53.28823,2021/11/16 00:00:00+00,Tue 16 Nov 2021,1318,1061,5,3639444,3571573,240583,3880027,3812156,82.3976137137557,80.956281362108,539
