X,Y,VaccinationDate,VaccineText,Dose1,Dose2,SingleDose,Dose1Cum,Dose2Cum,SingleDoseCum,PartiallyVacc,FullyVacc,PartialPercent,FullyPercent,ObjectId
-7.6926,53.28823,2021/07/27 23:00:00+00,Wed 28 Jul 2021,23360,25115,3244,3093117,2541805,214072,3307189,2755877,70.2326251081196,58.5247701855229,1
-7.6926,53.28823,2021/07/28 23:00:00+00,Thu 29 Jul 2021,19181,27727,2941,3112298,2569532,217013,3329311,2786545,70.7024156561172,59.1760465857576,2
-7.6926,53.28823,2021/07/29 23:00:00+00,Fri 30 Jul 2021,21857,22782,2103,3134155,2592314,219116,3353271,2811430,71.2112386165197,59.7045131704661,3
-7.6926,53.28823,2021/07/30 23:00:00+00,Sat 31 Jul 2021,13677,12352,898,3147832,2604666,220014,3367846,2824680,71.5207584265308,59.9858948159307,4
-7.6926,53.28823,2021/07/31 23:00:00+00,Sun 01 Aug 2021,11033,9232,359,3158865,2613898,220373,3379238,2834271,71.7626829325786,60.189572654546,5
-7.6926,53.28823,2021/08/01 23:00:00+00,Mon 02 Aug 2021,14950,15859,415,3173815,2629757,220788,3394603,2850545,72.0889794595646,60.5351730242283,6
-7.6926,53.28823,2021/08/02 23:00:00+00,Tue 03 Aug 2021,17267,25294,1095,3191082,2655051,221883,3412965,2876934,72.4789213293021,61.0955790802409,7
-7.6926,53.28823,2021/08/03 23:00:00+00,Wed 04 Aug 2021,22033,17132,1566,3213115,2672183,223449,3436564,2895632,72.9800779671376,61.4926563637804,8
-7.6926,53.28823,2021/08/04 23:00:00+00,Thu 05 Aug 2021,13451,29900,1415,3226566,2702083,224864,3451430,2926947,73.2957775551736,62.157672682854,9
-7.6926,53.28823,2021/08/05 23:00:00+00,Fri 06 Aug 2021,12118,24617,936,3238684,2726700,225800,3464484,2952500,73.5729968759205,62.7003251497641,10
-7.6926,53.28823,2021/08/06 23:00:00+00,Sat 07 Aug 2021,6299,8347,572,3244983,2735047,226372,3471355,2961419,73.7189118409007,62.8897321607753,11
-7.6926,53.28823,2021/08/07 23:00:00+00,Sun 08 Aug 2021,8582,11886,150,3253565,2746933,226522,3480087,2973455,73.9043476543495,63.1453328766102,12
-7.6926,53.28823,2021/08/08 23:00:00+00,Mon 09 Aug 2021,5490,22888,593,3259055,2769821,227115,3486170,2996936,74.033528375056,63.6439836250748,13
-7.6926,53.28823,2021/08/09 23:00:00+00,Tue 10 Aug 2021,9270,25858,699,3268325,2795679,227814,3496139,3023493,74.2452335541984,64.2079573879883,14
-7.6926,53.28823,2021/08/10 23:00:00+00,Wed 11 Aug 2021,6948,31074,646,3275273,2826753,228460,3503733,3055213,74.4065024006633,64.8815744290554,15
-7.6926,53.28823,2021/08/11 23:00:00+00,Thu 12 Aug 2021,6698,38167,854,3281971,2864920,229314,3511285,3094234,74.5668793204028,65.7102380658611,16
-7.6926,53.28823,2021/08/12 23:00:00+00,Fri 13 Aug 2021,10858,28115,853,3292829,2893035,230167,3522996,3123202,74.8155782222923,66.325412670074,17
-7.6926,53.28823,2021/08/13 23:00:00+00,Sat 14 Aug 2021,18080,5757,273,3310909,2898792,230440,3541349,3129232,75.2053289648744,66.4534678641986,18
-7.6926,53.28823,2021/08/14 23:00:00+00,Sun 15 Aug 2021,16969,3670,43,3327878,2902462,230483,3558361,3132945,75.5666017613004,66.5323184339805,19
-7.6926,53.28823,2021/08/15 23:00:00+00,Mon 16 Aug 2021,10139,23026,376,3338017,2925488,230859,3568876,3156347,75.7899019878711,67.0292915107476,20
-7.6926,53.28823,2021/08/16 23:00:00+00,Tue 17 Aug 2021,12841,26763,522,3350858,2952251,231381,3582239,3183632,76.0736833409537,67.6087253368988,21
-7.6926,53.28823,2021/08/17 23:00:00+00,Wed 18 Aug 2021,15178,25663,650,3366036,2977914,232031,3598067,3209945,76.4098122982679,68.1675174302657,22
-7.6926,53.28823,2021/08/18 23:00:00+00,Thu 19 Aug 2021,11326,25591,536,3377362,3003505,232567,3609929,3236072,76.6617178890983,68.7223595624207,23
-7.6926,53.28823,2021/08/19 23:00:00+00,Fri 20 Aug 2021,14798,22137,677,3392160,3025642,233244,3625404,3258886,76.9903504146504,69.2068456650344,24
-7.6926,53.28823,2021/08/20 23:00:00+00,Sat 21 Aug 2021,11832,7900,238,3403992,3033542,233482,3637474,3267024,77.2466731664057,69.3796670862262,25
-7.6926,53.28823,2021/08/21 23:00:00+00,Sun 22 Aug 2021,7991,12208,159,3411983,3045750,233641,3645624,3279391,77.4197494238047,69.64229703411,26
-7.6926,53.28823,2021/08/22 23:00:00+00,Mon 23 Aug 2021,10831,15270,280,3422814,3061020,233921,3656735,3294941,77.6557065153336,69.9725222859572,27
-7.6926,53.28823,2021/08/23 23:00:00+00,Tue 24 Aug 2021,9718,22824,382,3432532,3083844,234303,3666835,3318147,77.8701936564048,70.4653330380065,28
-7.6926,53.28823,2021/08/24 23:00:00+00,Wed 25 Aug 2021,9383,19414,308,3441915,3103258,234611,3676526,3337869,78.0759951300801,70.8841563445615,29
-7.6926,53.28823,2021/08/25 23:00:00+00,Thu 26 Aug 2021,8543,19340,363,3450458,3122598,234974,3685432,3357572,78.2651260685335,71.3025761604551,30
-7.6926,53.28823,2021/08/26 23:00:00+00,Fri 27 Aug 2021,9682,19115,429,3460140,3141713,235403,3695543,3377116,78.4798468094613,71.7176193966031,31
-7.6926,53.28823,2021/08/27 23:00:00+00,Sat 28 Aug 2021,9899,7848,151,3470039,3149561,235554,3705593,3385115,78.6932721330024,71.8874889650613,32
-7.6926,53.28823,2021/08/28 23:00:00+00,Sun 29 Aug 2021,8786,9156,27,3478825,3158717,235581,3714406,3394298,78.8804280908499,72.0825023726313,33
-7.6926,53.28823,2021/08/29 23:00:00+00,Mon 30 Aug 2021,5036,11037,80,3483861,3169754,235661,3719522,3405415,78.9890732605252,72.3185868822638,34
-7.6926,53.28823,2021/08/30 23:00:00+00,Tue 31 Aug 2021,4037,12786,140,3487898,3182540,235801,3723699,3418341,79.077777496986,72.5930879501337,35
-7.6926,53.28823,2021/08/31 23:00:00+00,Wed 01 Sep 2021,4923,12456,178,3492821,3194996,235979,3728800,3430975,79.1861041214023,72.861388003628,36
-7.6926,53.28823,2021/09/01 23:00:00+00,Thu 02 Sep 2021,4985,12297,244,3497806,3207293,236223,3734029,3443516,79.2971489986954,73.1277130765165,37
-7.6926,53.28823,2021/09/02 23:00:00+00,Fri 03 Sep 2021,4744,15983,163,3502550,3223276,236386,3738936,3459662,79.4013557710951,73.4705951933219,38
-7.6926,53.28823,2021/09/03 23:00:00+00,Sat 04 Sep 2021,4609,10535,131,3507159,3233811,236517,3743676,3470328,79.5020160729443,73.6971021088333,39
-7.6926,53.28823,2021/09/04 23:00:00+00,Sun 05 Sep 2021,5301,11866,1,3512460,3245677,236518,3748978,3482195,79.6146112038314,73.9491138814166,40
-7.6926,53.28823,2021/09/05 23:00:00+00,Mon 06 Sep 2021,2132,9630,73,3514592,3255307,236591,3751183,3491898,79.6614373569068,74.1551701912992,41
-7.6926,53.28823,2021/09/06 23:00:00+00,Tue 07 Sep 2021,3020,9939,153,3517612,3265246,236744,3754356,3501990,79.7288202973641,74.3694874415655,42
-7.6926,53.28823,2021/09/07 23:00:00+00,Wed 08 Sep 2021,2583,14742,184,3520195,3279988,236928,3757123,3516916,79.7875812794774,74.6864612106376,43
-7.6926,53.28823,2021/09/08 23:00:00+00,Thu 09 Sep 2021,3094,14748,136,3523289,3294736,237064,3760353,3531800,79.856174691919,75.0025430529845,44
-7.6926,53.28823,2021/09/09 23:00:00+00,Fri 10 Sep 2021,3360,13898,114,3526649,3308634,237178,3763827,3545812,79.9299497739072,75.3001067976072,45
-7.6926,53.28823,2021/09/10 23:00:00+00,Sat 11 Sep 2021,2544,11282,59,3529193,3319916,237237,3766430,3557153,79.9852279945219,75.5409482497743,46
-7.6926,53.28823,2021/09/11 23:00:00+00,Sun 12 Sep 2021,2027,12856,1,3531220,3332772,237238,3768458,3570010,80.0282953135409,75.8139840094527,47
-7.6926,53.28823,2021/09/12 23:00:00+00,Mon 13 Sep 2021,1592,7694,50,3532812,3340466,237288,3770100,3577754,80.0631654012279,75.9784383085077,48
-7.6926,53.28823,2021/09/13 23:00:00+00,Tue 14 Sep 2021,1530,10732,81,3534342,3351198,237369,3771711,3588567,80.0973771620463,76.2080669675574,49
-7.6926,53.28823,2021/09/14 23:00:00+00,Wed 15 Sep 2021,3262,12364,134,3537604,3363562,237503,3775107,3601065,80.1694958086877,76.4734788773701,50
-7.6926,53.28823,2021/09/15 23:00:00+00,Thu 16 Sep 2021,1893,10558,111,3539497,3374120,237614,3777111,3611734,80.2120534552923,76.7000495019333,51
-7.6926,53.28823,2021/09/16 23:00:00+00,Fri 17 Sep 2021,2550,14571,90,3542047,3388691,237704,3779751,3626395,80.2681174208792,77.0113956380961,52
-7.6926,53.28823,2021/09/17 23:00:00+00,Sat 18 Sep 2021,2277,11202,43,3544324,3399893,237747,3782071,3637640,80.3173857542738,77.2501984006055,53
-7.6926,53.28823,2021/09/18 23:00:00+00,Sun 19 Sep 2021,1856,8475,12,3546180,3408368,237759,3783939,3646127,80.3570552571966,77.4304313081571,54
-7.6926,53.28823,2021/09/19 23:00:00+00,Mon 20 Sep 2021,943,5585,32,3547123,3413953,237791,3784914,3651744,80.3777606990327,77.5497158894835,55
-7.6926,53.28823,2021/09/20 23:00:00+00,Tue 21 Sep 2021,1451,6631,90,3548574,3420584,237881,3786455,3658465,80.410485915309,77.6924454018735,56
-7.6926,53.28823,2021/09/21 23:00:00+00,Wed 22 Sep 2021,1887,8105,96,3550461,3428689,237977,3788438,3666666,80.452597598551,77.8666047131532,57
-7.6926,53.28823,2021/09/22 23:00:00+00,Thu 23 Sep 2021,1686,8729,87,3552147,3437418,238064,3790211,3675482,80.4902496481668,78.0538243800525,58
-7.6926,53.28823,2021/09/23 23:00:00+00,Fri 24 Sep 2021,1904,7357,79,3554051,3444775,238143,3792194,3682918,80.5323613314088,78.2117378831223,59
-7.6926,53.28823,2021/09/24 23:00:00+00,Sat 25 Sep 2021,2406,6564,51,3556457,3451339,238194,3794651,3689533,80.5845390448357,78.3522163423487,60
-7.6926,53.28823,2021/09/25 23:00:00+00,Sun 26 Sep 2021,1538,7085,0,3557995,3458424,238194,3796189,3696618,80.6172005520602,78.5026758863575,61
-7.6926,53.28823,2020/12/28 00:00:00+00,Mon 28 Dec 2020,171,24,4,171,24,4,175,28,0.00371636135519347,0.000594617816830955,62
-7.6926,53.28823,2021/09/26 23:00:00+00,Mon 27 Sep 2021,1164,3767,45,3559159,3462191,238239,3797398,3700430,80.6428752999369,78.5836288548489,63
-7.6926,53.28823,2021/09/27 23:00:00+00,Tue 28 Sep 2021,1437,5093,91,3560596,3467284,238330,3798926,3705614,80.6753244436554,78.693718096365,64
-7.6926,53.28823,2021/09/28 23:00:00+00,Wed 29 Sep 2021,1641,3578,76,3562237,3470862,238406,3800643,3709268,80.7117872576375,78.7713157214615,65
-7.6926,53.28823,2021/09/29 23:00:00+00,Thu 30 Sep 2021,1276,3926,77,3563513,3474788,238483,3801996,3713271,80.7405200400008,78.8563248329177,66
-7.6926,53.28823,2021/09/30 23:00:00+00,Fri 01 Oct 2021,1835,5139,41,3565348,3479927,238524,3803872,3718451,80.7803594337285,78.9663291290314,67
-7.6926,53.28823,2021/10/01 23:00:00+00,Sat 02 Oct 2021,1704,4062,39,3567052,3483989,238563,3805615,3722552,80.8173743928262,79.0534194028466,68
-7.6926,53.28823,2021/10/02 23:00:00+00,Sun 03 Oct 2021,1194,3001,9,3568246,3486990,238572,3806818,3725562,80.8429217225993,79.1173408181559,69
-7.6926,53.28823,2021/10/03 23:00:00+00,Mon 04 Oct 2021,333,1201,17,3568579,3488191,238589,3807168,3726780,80.8503544453097,79.143206693188,70
-7.6926,53.28823,2021/10/04 23:00:00+00,Tue 05 Oct 2021,957,2788,69,3569536,3490979,238658,3808194,3729637,80.8721429410264,79.2038789468554,71
-7.6926,53.28823,2021/10/05 23:00:00+00,Wed 06 Oct 2021,971,2524,35,3570507,3493503,238693,3809200,3732196,80.8935067097312,79.2582227680436,72
-7.6926,53.28823,2021/10/06 23:00:00+00,Thu 07 Oct 2021,1197,2662,44,3571704,3496165,238737,3810441,3734902,80.9198610208271,79.3156883327702,73
-7.6926,53.28823,2021/10/07 23:00:00+00,Fri 08 Oct 2021,975,2743,45,3572679,3498908,238782,3811461,3737690,80.9415220984403,79.3748952782461,74
-7.6926,53.28823,2021/10/08 23:00:00+00,Sat 09 Oct 2021,729,2345,20,3573408,3501253,238802,3812210,3740055,80.9574281250405,79.4251192474177,75
-7.6926,53.28823,2021/10/09 23:00:00+00,Sun 10 Oct 2021,1500,3902,0,3574908,3505155,238802,3813710,3743957,80.9892826509421,79.5079834874632,76
-7.6926,53.28823,2021/10/10 23:00:00+00,Mon 11 Oct 2021,330,1089,15,3575238,3506244,238817,3814055,3745061,80.9966091918995,79.5314284185268,77
-7.6926,53.28823,2021/10/11 23:00:00+00,Tue 12 Oct 2021,561,1578,20,3575799,3507822,238837,3814636,3746659,81.0089475115988,79.5653641067874,78
-7.6926,53.28823,2021/10/12 23:00:00+00,Wed 13 Oct 2021,1029,2011,9,3576828,3509833,238846,3815674,3748679,81.0309908435227,79.6082615350016,79
-7.6926,53.28823,2021/10/13 23:00:00+00,Thu 14 Oct 2021,686,1548,7,3577514,3511381,238853,3816367,3750234,81.0457076344893,79.6412840601864,80
-7.6926,53.28823,2021/10/14 23:00:00+00,Fri 15 Oct 2021,952,2033,7,3578466,3513414,238860,3817326,3752274,81.0660732947157,79.6846062154126,81
-7.6926,53.28823,2021/10/15 23:00:00+00,Sat 16 Oct 2021,1372,2607,12,3579838,3516021,238872,3818710,3754893,81.0954644039477,79.7402242176369,82
-7.6926,53.28823,2021/10/16 23:00:00+00,Sun 17 Oct 2021,1698,2882,2,3581536,3518903,238874,3820410,3757777,81.1315661999696,79.8014698527705,83
-7.6926,53.28823,2021/10/17 23:00:00+00,Mon 18 Oct 2021,666,1199,4,3582202,3520102,238878,3821080,3758980,81.1457945548723,79.8270171825436,84
-7.6926,53.28823,2021/10/18 23:00:00+00,Tue 19 Oct 2021,1330,1748,12,3583532,3521850,238890,3822422,3760740,81.174293737379,79.8643931596016,85
-7.6926,53.28823,2021/10/19 23:00:00+00,Wed 20 Oct 2021,2244,2280,0,3585776,3524130,238890,3824666,3763020,81.2219481081278,79.9128120389721,86
-7.6926,53.28823,2021/10/20 23:00:00+00,Thu 21 Oct 2021,1743,1788,10,3587519,3525918,238900,3826419,3764818,81.2591754307316,79.9509949973529,87
-7.6926,53.28823,2021/10/21 23:00:00+00,Fri 22 Oct 2021,1491,1891,1,3589010,3527809,238901,3827911,3766710,81.2908600658284,79.9911741726902,88
-7.6926,53.28823,2021/10/22 23:00:00+00,Sat 23 Oct 2021,2007,1671,0,3591017,3529480,238901,3829918,3768381,81.3334814214848,80.0266601145446,89
-7.6926,53.28823,2021/10/23 23:00:00+00,Sun 24 Oct 2021,1943,2175,2,3592960,3531655,238903,3831863,3770558,81.374786123404,80.0728916498032,90
-7.6926,53.28823,2021/10/24 23:00:00+00,Mon 25 Oct 2021,1216,816,1,3594176,3532471,238904,3833080,3771375,81.4006307620856,80.0902417482443,91
-7.6926,53.28823,2021/10/25 23:00:00+00,Tue 26 Oct 2021,1236,1184,6,3595412,3533655,238910,3834322,3772565,81.4270063095321,80.1155130054596,92
-7.6926,53.28823,2021/10/26 23:00:00+00,Wed 27 Oct 2021,1549,1392,5,3596961,3535047,238915,3835876,3773962,81.4600075983662,80.1451801872494,93
-7.6926,53.28823,2021/10/27 23:00:00+00,Thu 28 Oct 2021,2141,1660,2,3599102,3536707,238917,3838019,3775624,81.5055170977044,80.1804750019484,94
-7.6926,53.28823,2021/10/28 23:00:00+00,Fri 29 Oct 2021,2131,1331,0,3601233,3538038,238917,3840150,3776955,81.5507717608354,80.2087405845985,95
-7.6926,53.28823,2021/10/29 23:00:00+00,Sat 30 Oct 2021,2005,1430,0,3603238,3539468,238917,3842155,3778385,81.5933506437906,80.2391085659581,96
-7.6926,53.28823,2021/10/30 23:00:00+00,Sun 31 Oct 2021,1624,1312,0,3604862,3540780,238917,3843779,3779697,81.6278384771668,80.2669706579467,97
-7.6926,53.28823,2021/11/01 00:00:00+00,Mon 01 Nov 2021,258,257,2,3605120,3541037,238919,3844039,3779956,81.6333599283231,80.2724708727524,98
-7.6926,53.28823,2021/11/02 00:00:00+00,Tue 02 Nov 2021,1087,1067,9,3606207,3542104,238928,3845135,3781032,81.6566349685819,80.2953211859992,99
-7.6926,53.28823,2021/11/03 00:00:00+00,Wed 03 Nov 2021,2534,1825,5,3608741,3543929,238933,3847674,3782862,81.7105540627581,80.3341837075992,100
-7.6926,53.28823,2021/11/04 00:00:00+00,Thu 04 Nov 2021,1541,1247,1,3610282,3545176,238934,3849216,3784110,81.743300515385,80.3606866731494,101
-7.6926,53.28823,2021/11/05 00:00:00+00,Fri 05 Nov 2021,1627,1053,1,3611909,3546229,238935,3850844,3785164,81.7778732941636,80.383069786683,102
-7.6926,53.28823,2021/11/06 00:00:00+00,Sat 06 Nov 2021,1819,1336,5,3613728,3547565,238940,3852668,3786505,81.81660839766,80.4115477328391,103
-7.6926,53.28823,2021/11/07 00:00:00+00,Sun 07 Nov 2021,726,765,0,3614454,3548330,238940,3853394,3787270,81.8320259881964,80.4277935410489,104
-7.6926,53.28823,2021/11/08 00:00:00+00,Mon 08 Nov 2021,506,510,1,3614960,3548840,238941,3853901,3787781,81.8427928179512,80.4386453162061,105
-7.6926,53.28823,2021/11/09 00:00:00+00,Tue 09 Nov 2021,1375,1024,1,3616335,3549864,238942,3855277,3788806,81.8720140363783,80.4604125755722,106
-7.6926,53.28823,2021/11/10 00:00:00+00,Wed 10 Nov 2021,1624,1313,0,3617959,3551177,238942,3856901,3790119,81.9065018697545,80.4882959039114,107
-7.6926,53.28823,2020/12/29 00:00:00+00,Tue 29 Dec 2020,72,1,0,243,25,4,247,29,0.00524537859847306,0.00061585416743206,108
-7.6926,53.28823,2020/12/30 00:00:00+00,Wed 30 Dec 2020,1053,1,0,1296,26,4,1300,30,0.0276072557814372,0.000637090518033166,109
-7.6926,53.28823,2020/12/31 00:00:00+00,Thu 31 Dec 2020,1026,1,0,2322,27,4,2326,31,0.0493957514981714,0.000658326868634271,110
-7.6926,53.28823,2021/01/01 00:00:00+00,Fri 01 Jan 2021,806,0,0,3128,27,4,3132,31,0.0665122500826625,0.000658326868634271,111
-7.6926,53.28823,2021/01/02 00:00:00+00,Sat 02 Jan 2021,1015,0,0,4143,27,4,4147,31,0.0880671459427846,0.000658326868634271,112
-7.6926,53.28823,2021/01/03 00:00:00+00,Sun 03 Jan 2021,18,2,0,4161,29,4,4165,33,0.0884494002536045,0.000700799569836482,113
-7.6926,53.28823,2021/01/04 00:00:00+00,Mon 04 Jan 2021,1186,3,0,5347,32,4,5351,36,0.113635712066516,0.000764508621639799,114
-7.6926,53.28823,2021/01/05 00:00:00+00,Tue 05 Jan 2021,3512,6,0,8859,38,4,8863,42,0.188217775377598,0.000891926725246432,115
-7.6926,53.28823,2021/01/06 00:00:00+00,Wed 06 Jan 2021,6762,7,0,15621,45,4,15625,49,0.331817978142274,0.00104058117945417,116
-7.6926,53.28823,2021/01/07 00:00:00+00,Thu 07 Jan 2021,11712,7,0,27333,52,4,27337,56,0.580538116382422,0.00118923563366191,117
-7.6926,53.28823,2021/01/08 00:00:00+00,Fri 08 Jan 2021,12668,5,0,40001,57,4,40005,61,0.849560205797226,0.00129541738666744,118
-7.6926,53.28823,2021/01/09 00:00:00+00,Sat 09 Jan 2021,8070,3,0,48071,60,4,48075,64,1.02093755514815,0.00135912643847075,119
-7.6926,53.28823,2021/01/10 00:00:00+00,Sun 10 Jan 2021,4766,3,1,52837,63,5,52842,68,1.12217123846362,0.00144407184087518,120
-7.6926,53.28823,2021/01/11 00:00:00+00,Mon 11 Jan 2021,8329,7,0,61166,70,5,61171,75,1.29904880262023,0.00159272629508291,121
-7.6926,53.28823,2021/01/12 00:00:00+00,Tue 12 Jan 2021,8865,7,0,70031,77,5,70036,82,1.48730905069903,0.00174138074929065,122
-7.6926,53.28823,2021/01/13 00:00:00+00,Wed 13 Jan 2021,9866,5,0,79897,82,5,79902,87,1.69682688572953,0.00184756250229618,123
-7.6926,53.28823,2021/01/14 00:00:00+00,Thu 14 Jan 2021,8061,4,0,87958,86,5,87963,91,1.86801310792504,0.0019325079047006,124
-7.6926,53.28823,2021/01/15 00:00:00+00,Fri 15 Jan 2021,7667,2,0,95625,88,5,95630,93,2.03083220798372,0.00197498060590281,125
-7.6926,53.28823,2021/01/16 00:00:00+00,Sat 16 Jan 2021,5212,2,0,100837,90,5,100842,95,2.14151606731668,0.00201745330710502,126
-7.6926,53.28823,2021/01/17 00:00:00+00,Sun 17 Jan 2021,1106,4,0,101943,94,5,101948,99,2.16500347108151,0.00210239870950945,127
-7.6926,53.28823,2021/01/18 00:00:00+00,Mon 18 Jan 2021,8686,6,0,110629,100,5,110634,105,2.34946241240271,0.00222981681311608,128
-7.6926,53.28823,2021/01/19 00:00:00+00,Tue 19 Jan 2021,8363,18,0,118992,118,5,118997,123,2.52706201247975,0.00261207112393598,129
-7.6926,53.28823,2021/01/20 00:00:00+00,Wed 20 Jan 2021,8430,957,0,127422,1075,5,127427,1080,2.70608444804707,0.022935258649194,130
-7.6926,53.28823,2021/01/21 00:00:00+00,Thu 21 Jan 2021,8973,958,0,136395,2033,5,136400,2038,2.89663822199079,0.0432796825250531,131
-7.6926,53.28823,2021/01/22 00:00:00+00,Fri 22 Jan 2021,6749,965,0,143144,2998,5,143149,3003,3.03996235219765,0.0637727608551199,132
-7.6926,53.28823,2021/01/23 00:00:00+00,Sat 23 Jan 2021,4171,459,0,147315,3457,5,147320,3462,3.12853917055487,0.0735202457810273,133
-7.6926,53.28823,2021/01/24 00:00:00+00,Sun 24 Jan 2021,1174,397,0,148489,3854,5,148494,3859,3.15347064616056,0.0819510769696662,134
-7.6926,53.28823,2021/01/25 00:00:00+00,Mon 25 Jan 2021,1343,1284,0,149832,5138,5,149837,5143,3.18199106501785,0.109218551141486,135
-7.6926,53.28823,2021/01/26 00:00:00+00,Tue 26 Jan 2021,995,3495,0,150827,8633,5,150832,8638,3.20312123386595,0.18343959649235,136
-7.6926,53.28823,2021/01/27 00:00:00+00,Wed 27 Jan 2021,2151,6697,0,152978,15330,5,152983,15335,3.24880062400893,0.325659436467953,137
-7.6926,53.28823,2021/01/28 00:00:00+00,Thu 28 Jan 2021,970,11534,0,153948,26864,5,153953,26869,3.269399884092,0.570599504301104,138
-7.6926,53.28823,2021/01/29 00:00:00+00,Fri 29 Jan 2021,1551,11524,0,155499,38388,5,155504,38393,3.30233746387431,0.815327208628244,139
-7.6926,53.28823,2021/01/30 00:00:00+00,Sat 30 Jan 2021,612,7793,0,156111,46181,5,156116,46186,3.31533411044219,0.98082208886266,140
-7.6926,53.28823,2021/01/31 00:00:00+00,Sun 31 Jan 2021,209,4083,0,156320,50264,5,156325,50269,3.31977250771782,1.06753010836697,141
-7.6926,53.28823,2021/02/01 00:00:00+00,Mon 01 Feb 2021,997,8335,0,157317,58599,5,157322,58604,3.34094514926712,1.24453509062719,142
-7.6926,53.28823,2021/02/02 00:00:00+00,Tue 02 Feb 2021,815,5102,0,158132,63701,5,158137,63706,3.35825277500702,1.35288295139403,143
-7.6926,53.28823,2021/02/03 00:00:00+00,Wed 03 Feb 2021,1381,6861,0,159513,70562,5,159518,70567,3.38758017518715,1.49858555286821,144
-7.6926,53.28823,2021/02/04 00:00:00+00,Thu 04 Feb 2021,1409,10532,1,160922,81094,6,160928,81100,3.41752342953471,1.72226803374966,145
-7.6926,53.28823,2021/02/05 00:00:00+00,Fri 05 Feb 2021,3367,8605,0,164289,89699,6,164295,89705,3.48902622200863,1.90500683067217,146
-7.6926,53.28823,2021/02/06 00:00:00+00,Sat 06 Feb 2021,886,3863,0,165175,93562,6,165181,93568,3.50784162864121,1.98704285304424,147
-7.6926,53.28823,2021/02/07 00:00:00+00,Sun 07 Feb 2021,317,1295,1,165492,94857,7,165499,94864,3.51459478813236,2.01456516342327,148
-7.6926,53.28823,2021/02/08 00:00:00+00,Mon 08 Feb 2021,1150,872,0,166642,95729,7,166649,95736,3.53901659132363,2.03308326114744,149
-7.6926,53.28823,2021/02/09 00:00:00+00,Tue 09 Feb 2021,4222,533,1,170864,96262,8,170872,96270,3.6286976999121,2.04442347236843,150
-7.6926,53.28823,2021/02/10 00:00:00+00,Wed 10 Feb 2021,8800,578,0,179664,96840,8,179672,96848,3.81557758520183,2.05669808301587,151
-7.6926,53.28823,2021/02/11 00:00:00+00,Thu 11 Feb 2021,6160,438,0,185824,97278,8,185832,97286,3.94639350490464,2.06599960457915,152
-7.6926,53.28823,2021/02/12 00:00:00+00,Fri 12 Feb 2021,4369,519,0,190193,97797,8,190201,97805,4.03917512068087,2.07702127054113,153
-7.6926,53.28823,2021/02/13 00:00:00+00,Sat 13 Feb 2021,1197,1910,0,191390,99707,8,191398,99715,4.06459503235039,2.11758270018924,154
-7.6926,53.28823,2021/02/14 00:00:00+00,Sun 14 Feb 2021,2685,23,0,194075,99730,8,194083,99738,4.12161463371436,2.11807113625306,155
-7.6926,53.28823,2021/02/15 00:00:00+00,Mon 15 Feb 2021,1944,7874,0,196019,107604,8,196027,107612,4.16289809928291,2.28528616088617,156
-7.6926,53.28823,2021/02/16 00:00:00+00,Tue 16 Feb 2021,5621,8156,0,201640,115760,8,201648,115768,4.28226762601173,2.45848983638878,157
-7.6926,53.28823,2021/02/17 00:00:00+00,Wed 17 Feb 2021,9712,8460,0,211352,124220,8,211360,124228,4.48851506304966,2.63814936247414,158
-7.6926,53.28823,2021/02/18 00:00:00+00,Thu 18 Feb 2021,8446,8342,0,219798,132562,8,219806,132570,4.6678772802266,2.81530299918856,159
-7.6926,53.28823,2021/02/19 00:00:00+00,Fri 19 Feb 2021,9370,6577,0,229168,139139,8,229176,139147,4.86686188535896,2.95497447709203,160
-7.6926,53.28823,2021/02/20 00:00:00+00,Sat 20 Feb 2021,5874,3565,2,235042,142704,10,235052,142714,4.99164668149105,3.03072453968617,161
-7.6926,53.28823,2021/02/21 00:00:00+00,Sun 21 Feb 2021,1099,1020,4,236141,143724,14,236155,143738,5.01507037620407,3.05247056270171,162
-7.6926,53.28823,2021/02/22 00:00:00+00,Mon 22 Feb 2021,3929,1113,1,240070,144837,15,240085,144852,5.09852923406642,3.07612785727134,163
-7.6926,53.28823,2021/02/23 00:00:00+00,Tue 23 Feb 2021,13341,1058,0,253411,145895,15,253426,145910,5.38184338743577,3.09859591620731,164
-7.6926,53.28823,2021/02/24 00:00:00+00,Wed 24 Feb 2021,16917,2090,2,270328,147985,17,270345,148002,5.74114120325587,3.14302236166482,165
-7.6926,53.28823,2021/02/25 00:00:00+00,Thu 25 Feb 2021,18061,1746,2,288389,149731,19,288408,149750,6.12473340416364,3.18014350251555,166
-7.6926,53.28823,2021/02/26 00:00:00+00,Fri 26 Feb 2021,16061,2756,0,304450,152487,19,304469,152506,6.465810431168,3.2386708847722,167
-7.6926,53.28823,2021/02/27 00:00:00+00,Sat 27 Feb 2021,8972,700,1,313422,153187,20,313442,153207,6.65636420511172,3.25355756654357,168
-7.6926,53.28823,2021/02/28 00:00:00+00,Sun 28 Feb 2021,2428,48,1,315850,153235,21,315871,153256,6.7079473007218,3.25459814772303,169
-7.6926,53.28823,2021/03/01 00:00:00+00,Mon 01 Mar 2021,5567,782,0,321417,154017,21,321438,154038,6.82617006451816,3.27120497389309,170
-7.6926,53.28823,2021/03/02 00:00:00+00,Tue 02 Mar 2021,12156,1600,0,333573,155617,21,333594,155638,7.0843191424252,3.30518313485486,171
-7.6926,53.28823,2021/03/03 00:00:00+00,Wed 03 Mar 2021,12861,1496,1,346434,157113,22,346456,157135,7.35746108385661,3.33697395170472,172
-7.6926,53.28823,2021/03/04 00:00:00+00,Thu 04 Mar 2021,18707,1679,3,365141,158792,25,365166,158817,7.7547932036033,3.37269349341578,173
-7.6926,53.28823,2021/03/05 00:00:00+00,Fri 05 Mar 2021,18411,2387,6,383552,161179,31,383583,161210,8.14590307262386,3.42351208040422,174
-7.6926,53.28823,2021/03/06 00:00:00+00,Sat 06 Mar 2021,10422,132,3,393974,161311,34,394008,161345,8.36729202764039,3.42637898773537,175
-7.6926,53.28823,2021/03/07 00:00:00+00,Sun 07 Mar 2021,1503,9,1,395477,161320,35,395512,161355,8.39923149894445,3.42659135124138,176
-7.6926,53.28823,2021/03/08 00:00:00+00,Mon 08 Mar 2021,6635,1489,3,402112,162809,38,402150,162847,8.54019839423458,3.45827598633823,177
-7.6926,53.28823,2021/03/09 00:00:00+00,Tue 09 Mar 2021,13790,3090,2,415902,165899,40,415942,165939,8.83309014172503,3.52393878239685,178
-7.6926,53.28823,2021/03/10 00:00:00+00,Wed 10 Mar 2021,13688,3970,3,429590,169869,43,429633,169912,9.12383701780477,3.60831080333504,179
-7.6926,53.28823,2021/03/11 00:00:00+00,Thu 11 Mar 2021,18435,2092,2,448025,171961,45,448070,172006,9.51537161383735,3.65277972149376,180
-7.6926,53.28823,2021/03/12 00:00:00+00,Fri 12 Mar 2021,17292,1327,3,465317,173288,48,465365,173336,9.88265429748347,3.68102406779323,181
-7.6926,53.28823,2021/03/13 00:00:00+00,Sat 13 Mar 2021,8258,167,0,473575,173455,48,473623,173503,10.0580240807474,3.68457053834361,182
-7.6926,53.28823,2021/03/14 00:00:00+00,Sun 14 Mar 2021,364,16,1,473939,173471,49,473988,173520,10.0657753487168,3.68493155630383,183
-7.6926,53.28823,2021/03/15 00:00:00+00,Mon 15 Mar 2021,2610,984,0,476549,174455,49,476598,174504,10.1212022237857,3.70582812529532,184
-7.6926,53.28823,2021/03/16 00:00:00+00,Tue 16 Mar 2021,8914,3807,2,485463,178262,51,485514,178313,10.3105455257451,3.78671738473493,185
-7.6926,53.28823,2021/03/17 00:00:00+00,Wed 17 Mar 2021,4858,2402,6,490321,180664,57,490378,180721,10.4138391350689,3.83785451698239,186
-7.6926,53.28823,2021/03/18 00:00:00+00,Thu 18 Mar 2021,11685,4674,2,502006,185338,59,502065,185397,10.662028364544,3.93715569239316,187
-7.6926,53.28823,2021/03/19 00:00:00+00,Fri 19 Mar 2021,10315,6107,2,512321,191445,61,512382,191506,10.8811237936956,4.06688855821531,188
-7.6926,53.28823,2021/03/20 00:00:00+00,Sat 20 Mar 2021,5206,3109,2,517527,194554,63,517590,194617,10.9917227076262,4.13295484493535,189
-7.6926,53.28823,2021/03/21 00:00:00+00,Sun 21 Mar 2021,3609,48,3,521136,194602,66,521202,194668,11.0684284059974,4.13403789881601,190
-7.6926,53.28823,2021/03/22 00:00:00+00,Mon 22 Mar 2021,7364,2392,1,528500,196994,67,528567,197061,11.2248341281745,4.18485648580446,191
-7.6926,53.28823,2021/03/23 00:00:00+00,Tue 23 Mar 2021,12534,7373,3,541034,204367,70,541104,204437,11.4910742556606,4.34149580783821,192
-7.6926,53.28823,2021/03/24 00:00:00+00,Wed 24 Mar 2021,13575,9764,1,554609,214131,71,554680,214202,11.7793789514212,4.548868771458,193
-7.6926,53.28823,2021/03/25 00:00:00+00,Thu 25 Mar 2021,20814,10205,2,575423,224336,73,575496,224409,12.2214348255338,4.76562820204349,194
-7.6926,53.28823,2021/03/26 00:00:00+00,Fri 26 Mar 2021,19664,9477,1,595087,233813,74,595161,233887,12.6390476601046,4.96690633304077,195
-7.6926,53.28823,2021/03/27 00:00:00+00,Sat 27 Mar 2021,11702,5326,0,606789,239139,74,606863,239213,12.8875554348387,5.08001113634226,196
-7.6926,53.28823,2021/03/28 00:00:00+00,Sun 28 Mar 2021,2464,477,0,609253,239616,74,609327,239690,12.9398818027198,5.09014087557898,197
-7.6926,53.28823,2021/03/28 23:00:00+00,Mon 29 Mar 2021,9218,3099,3,618471,242715,77,618548,242792,13.1357021916126,5.15601603514361,198
-7.6926,53.28823,2021/03/29 23:00:00+00,Tue 30 Mar 2021,13285,8652,4,631756,251367,81,631837,251448,13.4179120547507,5.33983788594678,199
-7.6926,53.28823,2021/03/30 23:00:00+00,Wed 31 Mar 2021,15768,10486,3,647524,261853,84,647608,261937,13.7528305400807,5.56258596740178,200
-7.6926,53.28823,2021/03/31 23:00:00+00,Thu 01 Apr 2021,19640,11604,6,667164,273457,90,667254,273547,14.1700398839901,5.80913999788061,201
-7.6926,53.28823,2021/04/01 23:00:00+00,Fri 02 Apr 2021,20094,13705,6,687258,287162,96,687354,287258,14.5968905310723,6.10031160097237,202
-7.6926,53.28823,2021/04/02 23:00:00+00,Sat 03 Apr 2021,7508,4629,5,694766,291791,101,694867,291892,14.7564392331384,6.19872084965789,203
-7.6926,53.28823,2021/04/03 23:00:00+00,Sun 04 Apr 2021,2995,166,1,697761,291957,102,697863,292059,14.8200633395393,6.20226732020828,204
-7.6926,53.28823,2021/04/04 23:00:00+00,Mon 05 Apr 2021,3391,592,3,701152,292549,105,701257,292654,14.8921395134795,6.21490294881594,205
-7.6926,53.28823,2021/04/05 23:00:00+00,Tue 06 Apr 2021,11927,8143,6,713079,300692,111,713190,300803,15.1455528852024,6.38795796986434,206
-7.6926,53.28823,2021/04/06 23:00:00+00,Wed 07 Apr 2021,18301,10441,4,731380,311133,115,731495,311248,15.5342842829557,6.60977165189289,207
-7.6926,53.28823,2021/04/07 23:00:00+00,Thu 08 Apr 2021,20126,10542,13,751506,321675,128,751634,321803,15.9619631477113,6.83392133248756,208
-7.6926,53.28823,2021/04/08 23:00:00+00,Fri 09 Apr 2021,20656,9137,15,772162,330812,143,772305,330955,16.4009397509868,7.02827641318888,209
-7.6926,53.28823,2021/04/09 23:00:00+00,Sat 10 Apr 2021,11128,4144,12,783290,334956,155,783445,335111,16.6375126966831,7.11653468628707,210
-7.6926,53.28823,2021/04/10 23:00:00+00,Sun 11 Apr 2021,2828,342,3,786118,335298,158,786276,335456,16.6976328052348,7.12386122724445,211
-7.6926,53.28823,2021/04/11 23:00:00+00,Mon 12 Apr 2021,7725,2771,7,793843,338069,165,794008,338234,16.8618322680826,7.18285580921432,212
-7.6926,53.28823,2021/11/11 00:00:00+00,Thu 11 Nov 2021,1399,1081,1,3619358,3552258,238943,3858301,3791201,81.936232760596,80.5112736352619,213
-7.6926,53.28823,2021/11/12 00:00:00+00,Fri 12 Nov 2021,1154,1096,5,3620512,3553354,238948,3859460,3792302,81.9608456909427,80.5346548572737,214
-7.6926,53.28823,2021/11/13 00:00:00+00,Sat 13 Nov 2021,1412,1352,0,3621924,3554706,238948,3860872,3793654,81.9908314179915,80.5633664032864,215
-7.6926,53.28823,2021/11/14 00:00:00+00,Sun 14 Nov 2021,1650,1798,0,3623574,3556504,238948,3862522,3795452,82.0258713964833,80.6015493616672,216
-7.6926,53.28823,2021/11/15 00:00:00+00,Mon 15 Nov 2021,1245,562,0,3624819,3557066,238948,3863767,3796014,82.0523106529817,80.613484190705,217
-7.6926,53.28823,2021/11/16 00:00:00+00,Tue 16 Nov 2021,1319,1045,5,3626138,3558111,238953,3865091,3797064,82.0804275811775,80.6357823588361,218
-7.6926,53.28823,2021/11/17 00:00:00+00,Wed 17 Nov 2021,1518,1079,0,3627656,3559190,238953,3866609,3798143,82.11266436139,80.6586963811347,219
-7.6926,53.28823,2021/11/18 00:00:00+00,Thu 18 Nov 2021,1668,2459,5,3629324,3561649,238958,3868282,3800607,82.1481927759457,80.7110227490159,220
-7.6926,53.28823,2021/11/19 00:00:00+00,Fri 19 Nov 2021,1184,1510,0,3630508,3563159,238958,3869466,3802117,82.1733366150574,80.7430896384235,221
-7.6926,53.28823,2021/11/20 00:00:00+00,Sat 20 Nov 2021,1540,2919,10,3632048,3566078,238968,3871016,3805046,82.2062529584891,80.8052909093342,222
-7.6926,53.28823,2021/11/21 00:00:00+00,Sun 21 Nov 2021,1786,2751,0,3633834,3568829,238968,3872802,3807797,82.2441810806627,80.8637121098378,223
-7.6926,53.28823,2021/11/22 00:00:00+00,Mon 22 Nov 2021,713,485,2,3634547,3569314,238970,3873517,3808284,82.2593650713425,80.8740542125805,224
-7.6926,53.28823,2021/11/23 00:00:00+00,Tue 23 Nov 2021,2162,1554,4,3636709,3570868,238974,3875683,3809842,82.3053630067444,80.9071404468171,225
-7.6926,53.28823,2021/11/24 00:00:00+00,Wed 24 Nov 2021,1622,3112,1,3638331,3573980,238975,3877306,3812955,82.33982960377,80.9732492062383,226
-7.6926,53.28823,2021/11/25 00:00:00+00,Thu 25 Nov 2021,1005,1153,1,3639336,3575133,238976,3878312,3814109,82.3611933724748,80.997755954832,227
-7.6926,53.28823,2021/11/26 00:00:00+00,Fri 26 Nov 2021,1291,1074,12,3640627,3576207,238988,3879615,3815195,82.388864337308,81.0208186315848,228
-7.6926,53.28823,2021/11/27 00:00:00+00,Sat 27 Nov 2021,1224,1546,5,3641851,3577753,238993,3880844,3816746,82.4149638121968,81.0537562113671,229
-7.6926,53.28823,2021/11/28 00:00:00+00,Sun 28 Nov 2021,1968,2250,0,3643819,3580003,238993,3882812,3818996,82.4567569501797,81.1015380002196,230
-7.6926,53.28823,2021/11/29 00:00:00+00,Mon 29 Nov 2021,550,969,1,3644369,3580972,238994,3883363,3819966,82.468458179361,81.1221372603027,231
-7.6926,53.28823,2021/11/30 00:00:00+00,Tue 30 Nov 2021,1929,1614,5,3646298,3582586,238999,3885297,3821585,82.5095292814235,81.1565189119258,232
-7.6926,53.28823,2021/12/01 00:00:00+00,Wed 01 Dec 2021,1088,1350,1,3647386,3583936,239000,3886386,3822936,82.5326556672281,81.1852092215879,233
-7.6926,53.28823,2021/12/02 00:00:00+00,Thu 02 Dec 2021,1781,1390,0,3649167,3585326,239000,3888167,3824326,82.5704776076487,81.2147277489235,234
-7.6926,53.28823,2021/12/03 00:00:00+00,Fri 03 Dec 2021,1040,1159,3,3650207,3586485,239003,3889210,3825488,82.5926271213256,81.239404388322,235
-7.6926,53.28823,2021/12/04 00:00:00+00,Sat 04 Dec 2021,1203,1692,0,3651410,3588177,239003,3890413,3827180,82.6181744510987,81.275336293539,236
-7.6926,53.28823,2021/12/05 00:00:00+00,Sun 05 Dec 2021,1348,1770,0,3652758,3589947,239003,3891761,3828950,82.646801051709,81.312924634103,237
-7.6926,53.28823,2021/12/06 00:00:00+00,Mon 06 Dec 2021,935,1269,0,3653693,3591216,239003,3892696,3830219,82.6666570395211,81.3398735630158,238
-7.6926,53.28823,2021/12/07 00:00:00+00,Tue 07 Dec 2021,482,724,1,3654175,3591940,239004,3893179,3830944,82.6769141968614,81.3552699172016,239
-7.6926,53.28823,2021/12/08 00:00:00+00,Wed 08 Dec 2021,813,1481,0,3654988,3593421,239004,3893992,3832425,82.6941793499001,81.3867209524418,240
-7.6926,53.28823,2021/12/09 00:00:00+00,Thu 09 Dec 2021,792,1176,0,3655780,3594597,239004,3894784,3833601,82.7109985395762,81.4116949007487,241
-7.6926,53.28823,2021/12/10 00:00:00+00,Fri 10 Dec 2021,888,1592,1,3656668,3596189,239005,3895673,3835194,82.7298776552606,81.4455244072563,242
-7.6926,53.28823,2021/12/11 00:00:00+00,Sat 11 Dec 2021,640,833,0,3657308,3597022,239005,3896313,3836027,82.7434689196453,81.463214287307,243
-7.6926,53.28823,2021/12/12 00:00:00+00,Sun 12 Dec 2021,692,1188,0,3658000,3598210,239005,3897005,3837215,82.7581644742612,81.4884430718211,244
-7.6926,53.28823,2021/12/13 00:00:00+00,Mon 13 Dec 2021,718,1042,0,3658718,3599252,239005,3897723,3838257,82.7734121739928,81.5105713491475,245
-7.6926,53.28823,2021/12/14 00:00:00+00,Tue 14 Dec 2021,627,1169,1,3659345,3600421,239006,3898351,3839427,82.7867486021703,81.5354178793508,246
-7.6926,53.28823,2021/12/15 00:00:00+00,Wed 15 Dec 2021,792,1212,1,3660137,3601633,239007,3899144,3840640,82.803589028197,81.5611775726299,247
-7.6926,53.28823,2021/12/16 00:00:00+00,Thu 16 Dec 2021,1056,1499,7,3661193,3603132,239014,3900207,3842146,82.826163268886,81.5931595166352,248
-7.6926,53.28823,2021/12/17 00:00:00+00,Fri 17 Dec 2021,1204,2418,1,3662397,3605550,239015,3901412,3844565,82.8517530713603,81.6445302487393,249
-7.6926,53.28823,2021/12/18 00:00:00+00,Sat 18 Dec 2021,1265,1165,0,3663662,3606715,239015,3902677,3845730,82.8786170548707,81.6692705971895,250
-7.6926,53.28823,2021/12/19 00:00:00+00,Sun 19 Dec 2021,558,877,0,3664220,3607592,239015,3903235,3846607,82.8904669385061,81.6878948766667,251
-7.6926,53.28823,2021/12/20 00:00:00+00,Mon 20 Dec 2021,535,572,0,3664755,3608164,239015,3903770,3847179,82.9018283860777,81.7000420692105,252
-7.6926,53.28823,2021/12/21 00:00:00+00,Tue 21 Dec 2021,1459,1762,2,3666214,3609926,239017,3905231,3848943,82.9328546943059,81.7375029916709,253
-7.6926,53.28823,2021/12/22 00:00:00+00,Wed 22 Dec 2021,1239,1534,2,3667453,3611460,239019,3906472,3850479,82.9592090054019,81.7701220261942,254
-7.6926,53.28823,2021/12/23 00:00:00+00,Thu 23 Dec 2021,962,1319,0,3668415,3612779,239019,3907434,3851798,82.9796383746801,81.798132772637,255
-7.6926,53.28823,2021/12/24 00:00:00+00,Fri 24 Dec 2021,100,134,0,3668515,3612913,239019,3907534,3851932,82.9817620097403,81.8009784436176,256
-7.6926,53.28823,2021/12/25 00:00:00+00,Sat 25 Dec 2021,1,0,0,3668516,3612913,239019,3907535,3851932,82.9817832460909,81.8009784436176,257
-7.6926,53.28823,2021/12/26 00:00:00+00,Sun 26 Dec 2021,8,6,0,3668524,3612919,239019,3907543,3851938,82.9819531368957,81.8011058617212,258
-7.6926,53.28823,2021/12/27 00:00:00+00,Mon 27 Dec 2021,387,581,0,3668911,3613500,239019,3907930,3852519,82.9901716045783,81.8134441814205,259
-7.6926,53.28823,2021/12/28 00:00:00+00,Tue 28 Dec 2021,457,733,0,3669368,3614233,239019,3908387,3853252,82.999876616803,81.8290104264111,260
-7.6926,53.28823,2021/12/29 00:00:00+00,Wed 29 Dec 2021,1079,1267,0,3670447,3615500,239019,3909466,3854519,83.0227906391016,81.8559168826227,261
-7.6926,53.28823,2021/12/30 00:00:00+00,Thu 30 Dec 2021,1061,1160,1,3671508,3616660,239020,3910528,3855680,83.04534364344,81.8805722856705,262
-7.6926,53.28823,2021/12/31 00:00:00+00,Fri 31 Dec 2021,719,1662,0,3672227,3618322,239020,3911247,3857342,83.0606125795222,81.9158671003696,263
-7.6926,53.28823,2022/01/01 00:00:00+00,Sat 01 Jan 2022,66,95,0,3672293,3618417,239020,3911313,3857437,83.0620141786618,81.9178845536767,264
-7.6926,53.28823,2022/01/02 00:00:00+00,Sun 02 Jan 2022,271,620,0,3672564,3619037,239020,3911584,3858057,83.0677692296747,81.9310510910494,265
-7.6926,53.28823,2022/01/03 00:00:00+00,Mon 03 Jan 2022,3630,716,0,3676194,3619753,239020,3915214,3858773,83.1448571823568,81.9462563180798,266
-7.6926,53.28823,2022/01/04 00:00:00+00,Tue 04 Jan 2022,1192,751,0,3677386,3620504,239020,3916406,3859524,83.1701709122733,81.9622048173812,267
-7.6926,53.28823,2022/01/05 00:00:00+00,Wed 05 Jan 2022,2142,856,0,3679528,3621360,239020,3918548,3860380,83.2156591752608,81.9803831334957,268
-7.6926,53.28823,2022/01/06 00:00:00+00,Thu 06 Jan 2022,2460,1640,0,3681988,3623000,239020,3921008,3862020,83.2679005977396,82.0152107484816,269
-7.6926,53.28823,2022/01/07 00:00:00+00,Fri 07 Jan 2022,4838,742,0,3686826,3623742,239020,3925846,3862762,83.3706420619477,82.0309681206276,270
-7.6926,53.28823,2022/01/08 00:00:00+00,Sat 08 Jan 2022,9791,724,1,3696617,3624466,239021,3935638,3863487,83.5785884070337,82.0463644748134,271
-7.6926,53.28823,2022/01/09 00:00:00+00,Sun 09 Jan 2022,7113,660,0,3703730,3625126,239021,3942751,3864147,83.7296425688594,82.0603804662101,272
-7.6926,53.28823,2022/01/10 00:00:00+00,Mon 10 Jan 2022,6652,471,0,3710382,3625597,239021,3949403,3864618,83.870906773058,82.0703827873432,273
-7.6926,53.28823,2022/01/11 00:00:00+00,Tue 11 Jan 2022,4765,1314,1,3715147,3626911,239022,3954169,3865933,83.9721192200228,82.0983085883837,274
-7.6926,53.28823,2022/01/12 00:00:00+00,Wed 12 Jan 2022,7553,856,1,3722700,3627767,239023,3961723,3866790,84.1325386124636,82.1165081408488,275
-7.6926,53.28823,2022/01/13 00:00:00+00,Thu 13 Jan 2022,7315,764,0,3730015,3628531,239023,3969038,3867554,84.2878825171107,82.1327327127081,276
-7.6926,53.28823,2022/01/14 00:00:00+00,Fri 14 Jan 2022,10719,791,0,3740734,3629322,239023,3979757,3868345,84.5155149592039,82.1495306660335,277
-7.6926,53.28823,2022/01/15 00:00:00+00,Sat 15 Jan 2022,8349,633,0,3749083,3629955,239023,3988106,3868978,84.6928172503725,82.162973275964,278
-7.6926,53.28823,2022/01/16 00:00:00+00,Sun 16 Jan 2022,6968,1207,1,3756051,3631162,239024,3995075,3870186,84.8408133777116,82.1886267874902,279
-7.6926,53.28823,2022/01/17 00:00:00+00,Mon 17 Jan 2022,2557,537,0,3758608,3631699,239024,3997632,3870723,84.8951147261987,82.200030707763,280
-7.6926,53.28823,2022/01/18 00:00:00+00,Tue 18 Jan 2022,4056,410,3,3762664,3632109,239027,4001691,3871136,84.9813130732886,82.2088013205612,281
-7.6926,53.28823,2022/01/19 00:00:00+00,Wed 19 Jan 2022,3482,589,0,3766146,3632698,239027,4005173,3871725,85.0552580460816,82.2213095310653,282
-7.6926,53.28823,2022/01/20 00:00:00+00,Thu 20 Jan 2022,3687,904,0,3769833,3633602,239027,4008860,3872629,85.1335564707479,82.2405071920087,283
-7.6926,53.28823,2022/01/21 00:00:00+00,Fri 21 Jan 2022,3245,949,0,3773078,3634551,239027,4012105,3873578,85.2024684284485,82.2606604887291,284
-7.6926,53.28823,2022/01/22 00:00:00+00,Sat 22 Jan 2022,4270,628,0,3777348,3635179,239027,4016375,3874206,85.2931476455152,82.2739969169066,285
-7.6926,53.28823,2022/01/23 00:00:00+00,Sun 23 Jan 2022,3092,676,0,3780440,3635855,239027,4019467,3874882,85.3588104415738,82.288352689913,286
-7.6926,53.28823,2022/01/24 00:00:00+00,Mon 24 Jan 2022,640,451,0,3781080,3636306,239027,4020107,3875333,85.3724017059585,82.2979302840341,287
-7.6926,53.28823,2022/01/25 00:00:00+00,Tue 25 Jan 2022,696,1819,0,3781776,3638125,239027,4020803,3877152,85.3871822059769,82.3365592057775,288
-7.6926,53.28823,2022/01/26 00:00:00+00,Wed 26 Jan 2022,696,875,0,3782472,3639000,239027,4021499,3878027,85.4019627059953,82.3551410125534,289
-7.6926,53.28823,2022/01/27 00:00:00+00,Thu 27 Jan 2022,1271,1151,0,3783743,3640151,239027,4022770,3879178,85.4289541076093,82.3795840520953,290
-7.6926,53.28823,2022/01/28 00:00:00+00,Fri 28 Jan 2022,1023,3069,0,3784766,3643220,239027,4023793,3882247,85.4506788942742,82.4447584120901,291
-7.6926,53.28823,2022/01/29 00:00:00+00,Sat 29 Jan 2022,2323,3440,0,3787089,3646660,239027,4026116,3885687,85.5000109367206,82.5178114581579,292
-7.6926,53.28823,2022/01/30 00:00:00+00,Sun 30 Jan 2022,1634,7533,0,3788723,3654193,239027,4027750,3893220,85.5347111336028,82.677784887236,293
-7.6926,53.28823,2022/01/31 00:00:00+00,Mon 31 Jan 2022,476,1371,1,3789199,3655564,239028,4028227,3894592,85.5448408728395,82.7069211602608,294
-7.6926,53.28823,2022/02/01 00:00:00+00,Tue 01 Feb 2022,744,3398,1,3789943,3658962,239029,4028972,3897991,85.5606619540373,82.7791035159539,295
-7.6926,53.28823,2022/02/02 00:00:00+00,Wed 02 Feb 2022,639,2977,0,3790582,3661939,239029,4029611,3900968,85.5742319820714,82.8423241316934,296
-7.6926,53.28823,2022/02/03 00:00:00+00,Thu 03 Feb 2022,906,2410,1,3791488,3664349,239030,4030518,3903379,85.5934933520666,82.8935249729927,297
-7.6926,53.28823,2022/02/04 00:00:00+00,Fri 04 Feb 2022,1165,6486,0,3792653,3670835,239030,4031683,3909865,85.6182337005169,83.0312639429914,298
-7.6926,53.28823,2022/02/05 00:00:00+00,Sat 05 Feb 2022,1776,5743,0,3794429,3676578,239030,4033459,3915608,85.6559494591845,83.1532243044936,299
-7.6926,53.28823,2022/02/06 00:00:00+00,Sun 06 Feb 2022,1407,7555,0,3795836,3684133,239030,4034866,3923163,85.6858290044802,83.313664933285,300
-7.6926,53.28823,2022/02/07 00:00:00+00,Mon 07 Feb 2022,434,1335,0,3796270,3685468,239030,4035300,3924498,85.6950455806411,83.3420154613374,301
-7.6926,53.28823,2022/02/08 00:00:00+00,Tue 08 Feb 2022,893,1213,0,3797163,3686681,239030,4036193,3925711,85.7140096417279,83.3677751546166,302
-7.6926,53.28823,2022/02/09 00:00:00+00,Wed 09 Feb 2022,1335,1742,0,3798498,3688423,239030,4037528,3927453,85.7423601697804,83.4047688773637,303
-7.6926,53.28823,2022/02/10 00:00:00+00,Thu 10 Feb 2022,687,2525,0,3799185,3690948,239030,4038215,3929978,85.7569495426433,83.4583906626315,304
-7.6926,53.28823,2022/02/11 00:00:00+00,Fri 11 Feb 2022,553,4893,0,3799738,3695841,239030,4038768,3934871,85.7686932445257,83.5623001261227,305
-7.6926,53.28823,2022/02/12 00:00:00+00,Sat 12 Feb 2022,1396,5454,0,3801134,3701295,239030,4040164,3940325,85.7983391899649,83.6781231823011,306
-7.6926,53.28823,2022/02/13 00:00:00+00,Sun 13 Feb 2022,1567,4705,0,3802701,3706000,239030,4041731,3945030,85.8316165513568,83.7780402118793,307
-7.6926,53.28823,2022/02/14 00:00:00+00,Mon 14 Feb 2022,170,936,1,3802871,3706936,239031,4041902,3945967,85.8352479673096,83.7979386723926,308
-7.6926,53.28823,2022/02/15 00:00:00+00,Tue 15 Feb 2022,643,791,1,3803514,3707727,239032,4042546,3946759,85.8489241770967,83.8147578620686,309
-7.6926,53.28823,2022/02/16 00:00:00+00,Wed 16 Feb 2022,787,1766,0,3804301,3709493,239032,4043333,3948525,85.8656371850198,83.8522612572302,310
-7.6926,53.28823,2022/02/17 00:00:00+00,Thu 17 Feb 2022,773,1142,2,3805074,3710635,239034,4044108,3949669,85.8820953567357,83.8765556423178,311
-7.6926,53.28823,2022/02/18 00:00:00+00,Fri 18 Feb 2022,787,3241,0,3805861,3713876,239034,4044895,3952910,85.8988083646587,83.945382654616,312
-7.6926,53.28823,2022/02/19 00:00:00+00,Sat 19 Feb 2022,974,3527,0,3806835,3717403,239034,4045869,3956437,85.9194925701442,84.0202832631861,313
-7.6926,53.28823,2022/02/20 00:00:00+00,Sun 20 Feb 2022,1363,3586,0,3808198,3720989,239034,4047232,3960023,85.9484377160135,84.0964368164417,314
-7.6926,53.28823,2022/02/21 00:00:00+00,Mon 21 Feb 2022,247,965,1,3808445,3721954,239035,4047480,3960989,85.9537043309626,84.1169511311224,315
-7.6926,53.28823,2022/02/22 00:00:00+00,Tue 22 Feb 2022,466,939,0,3808911,3722893,239035,4047946,3961928,85.9636004703427,84.1368920643368,316
-7.6926,53.28823,2022/02/23 00:00:00+00,Wed 23 Feb 2022,814,1219,1,3809725,3724112,239036,4048761,3963148,85.9809080960826,84.1628004120702,317
-7.6926,53.28823,2021/04/12 23:00:00+00,Tue 13 Apr 2021,11458,8571,1,805301,346640,166,805467,346806,17.1051796096207,7.364893806567,318
-7.6926,53.28823,2021/04/13 23:00:00+00,Wed 14 Apr 2021,20310,6568,2,825611,353208,168,825779,353376,17.5365323630303,7.50441663001627,319
-7.6926,53.28823,2021/04/14 23:00:00+00,Thu 15 Apr 2021,27080,10768,1,852691,363976,169,852860,364145,18.1116339736589,7.73311088963957,320
-7.6926,53.28823,2021/04/15 23:00:00+00,Fri 16 Apr 2021,27923,9809,1,880614,373785,170,880784,373955,18.7046378278441,7.94143948903642,321
-7.6926,53.28823,2021/04/16 23:00:00+00,Sat 17 Apr 2021,15816,4528,1,896430,378313,171,896601,378484,19.0405331853018,8.03761892090882,322
-7.6926,53.28823,2021/04/17 23:00:00+00,Sun 18 Apr 2021,1043,461,0,897473,378774,171,897644,378945,19.0626826989788,8.04740887853593,323
-7.6926,53.28823,2021/04/18 23:00:00+00,Mon 19 Apr 2021,6708,2226,0,904181,381000,171,904352,381171,19.205136138811,8.09468099497399,324
-7.6926,53.28823,2021/04/19 23:00:00+00,Tue 20 Apr 2021,15032,7274,1,919213,388274,172,919385,388446,19.5243821973974,8.24917544559704,325
-7.6926,53.28823,2021/04/20 23:00:00+00,Wed 21 Apr 2021,26649,9835,2,945862,398109,174,946036,398283,20.0903521772675,8.45807742646011,326
-7.6926,53.28823,2021/04/21 23:00:00+00,Thu 22 Apr 2021,31575,12153,1,977437,410262,175,977612,410437,20.760911183848,8.71618403166595,327
-7.6926,53.28823,2021/04/22 23:00:00+00,Fri 23 Apr 2021,33536,12345,1,1010973,422607,176,1011149,422783,21.4731146739572,8.9783680161872,328
-7.6926,53.28823,2021/04/23 23:00:00+00,Sat 24 Apr 2021,23644,6975,0,1034617,429582,176,1034793,429758,21.9752269475698,9.12649156162991,329
-7.6926,53.28823,2021/04/24 23:00:00+00,Sun 25 Apr 2021,9711,279,2,1044328,429861,178,1044506,430039,22.1814956209583,9.13245897614882,330
-7.6926,53.28823,2021/04/25 23:00:00+00,Mon 26 Apr 2021,15524,3024,1,1059852,432885,179,1060031,433064,22.5111899640405,9.19669893671716,331
-7.6926,53.28823,2021/04/26 23:00:00+00,Tue 27 Apr 2021,25867,7775,5,1085719,440660,184,1085903,440844,23.0606168267923,9.36191774439376,332
-7.6926,53.28823,2021/04/27 23:00:00+00,Wed 28 Apr 2021,25982,8564,5,1111701,449224,189,1111890,449413,23.6124858698632,9.54389203269464,333
-7.6926,53.28823,2021/04/28 23:00:00+00,Thu 29 Apr 2021,31641,11308,4,1143342,460532,193,1143535,460725,24.2845101846352,9.78411763069434,334
-7.6926,53.28823,2021/04/29 23:00:00+00,Fri 30 Apr 2021,36060,13495,5,1179402,474027,198,1179600,474225,25.0503991690641,10.0708083638093,335
-7.6926,53.28823,2021/04/30 23:00:00+00,Sat 01 May 2021,16504,6659,14,1195906,480686,212,1196118,480898,25.4011812082931,10.2125185313704,336
-7.6926,53.28823,2021/05/01 23:00:00+00,Sun 02 May 2021,12396,891,9,1208302,481577,221,1208523,481798,25.6646181374999,10.2316312469114,337
-7.6926,53.28823,2021/05/02 23:00:00+00,Mon 03 May 2021,14204,898,14,1222506,482475,235,1222741,482710,25.9665565703464,10.2509987986596,338
-7.6926,53.28823,2021/05/03 23:00:00+00,Tue 04 May 2021,26574,6750,6,1249080,489225,241,1249321,489466,26.5310187693238,10.3944715833207,339
-7.6926,53.28823,2021/05/04 23:00:00+00,Wed 05 May 2021,32011,13409,68,1281091,502634,309,1281400,502943,27.2122596602566,10.6806738803718,340
-7.6926,53.28823,2021/05/05 23:00:00+00,Thu 06 May 2021,37205,14348,130,1318296,516982,439,1318735,517421,28.0051188099489,10.9881337643746,341
-7.6926,53.28823,2021/05/06 23:00:00+00,Fri 07 May 2021,40516,15032,91,1358812,532014,530,1359342,532544,28.867463298808,11.3092910945151,342
-7.6926,53.28823,2021/05/07 23:00:00+00,Sat 08 May 2021,25545,7005,9,1384357,539019,539,1384896,539558,29.4101370020686,11.4582428576313,343
-7.6926,53.28823,2021/05/08 23:00:00+00,Sun 09 May 2021,19617,900,1,1403974,539919,540,1404514,540459,29.8267517281611,11.4773768095229,344
-7.6926,53.28823,2021/05/09 23:00:00+00,Mon 10 May 2021,28747,4603,167,1432721,544522,707,1433428,545229,30.4407795694415,11.5786742018902,345
-7.6926,53.28823,2021/05/10 23:00:00+00,Tue 11 May 2021,33854,14784,149,1466575,559306,856,1467431,560162,31.1628791989309,11.8957966254165,346
-7.6926,53.28823,2021/05/11 23:00:00+00,Wed 12 May 2021,31206,20904,163,1497781,580210,1019,1498800,581229,31.829042280937,12.34318282353,347
-7.6926,53.28823,2021/05/12 23:00:00+00,Thu 13 May 2021,35914,25448,146,1533695,605658,1165,1534860,606823,32.5948250836128,12.8867059808147,348
-7.6926,53.28823,2021/05/13 23:00:00+00,Fri 14 May 2021,38117,27929,230,1571812,633587,1395,1573207,634982,33.4091754201134,13.4847003773912,349
-7.6926,53.28823,2021/05/14 23:00:00+00,Sat 15 May 2021,28778,12415,13,1600590,646002,1408,1601998,647410,34.0205911902698,13.7486257426617,350
-7.6926,53.28823,2021/05/15 23:00:00+00,Sun 16 May 2021,23107,1143,5,1623697,647145,1413,1625110,648558,34.5114057253626,13.7730050731518,351
-7.6926,53.28823,2021/05/16 23:00:00+00,Mon 17 May 2021,35319,3914,110,1659016,651059,1523,1660539,652582,35.2637883908092,13.8584601479706,352
-7.6926,53.28823,2021/05/17 23:00:00+00,Tue 18 May 2021,38971,12453,118,1697987,663512,1641,1699628,665153,36.0938960994558,14.1254223113771,353
-7.6926,53.28823,2021/05/18 23:00:00+00,Wed 19 May 2021,36939,17559,200,1734926,681071,1841,1736767,682912,36.8825929244302,14.5025586617022,354
-7.6926,53.28823,2021/05/19 23:00:00+00,Thu 20 May 2021,38989,19637,127,1773915,700708,1968,1775883,702676,37.7132740145431,14.9222738949824,355
-7.6926,53.28823,2021/05/20 23:00:00+00,Fri 21 May 2021,25747,23205,14926,1799662,723913,16894,1816556,740807,38.5770201025418,15.7320371797532,356
-7.6926,53.28823,2021/05/21 23:00:00+00,Sat 22 May 2021,16515,10226,13510,1816177,734139,30404,1846581,764543,39.21464152934,16.236103197621,357
-7.6926,53.28823,2021/05/22 23:00:00+00,Sun 23 May 2021,8160,5511,10200,1824337,739650,40604,1864941,780254,39.6045409263763,16.569747501915,358
-7.6926,53.28823,2021/05/23 23:00:00+00,Mon 24 May 2021,22460,8171,8441,1846797,747821,49045,1895842,796866,40.2607653963011,16.9225257581006,359
-7.6926,53.28823,2021/05/24 23:00:00+00,Tue 25 May 2021,30217,16470,3216,1877014,764291,52261,1929275,816552,40.9707603059479,17.3405845560339,360
-7.6926,53.28823,2021/05/25 23:00:00+00,Wed 26 May 2021,19850,25384,3043,1896864,789675,55304,1952168,844979,41.456924080259,17.9442702945715,361
-7.6926,53.28823,2021/05/26 23:00:00+00,Thu 27 May 2021,16918,35953,546,1913782,825628,55850,1969632,881478,41.8277957071567,18.7193758551613,362
-7.6926,53.28823,2021/05/27 23:00:00+00,Fri 28 May 2021,26911,31773,1548,1940693,857401,57398,1998091,914799,42.4321610089135,19.4269922935407,363
-7.6926,53.28823,2021/05/28 23:00:00+00,Sat 29 May 2021,24388,7361,522,1965081,864762,57920,2023001,922682,42.9611585023871,19.5943984453292,364
-7.6926,53.28823,2021/05/29 23:00:00+00,Sun 30 May 2021,24172,1653,203,1989253,866415,58123,2047376,924538,43.478794548289,19.6338131120449,365
-7.6926,53.28823,2021/05/30 23:00:00+00,Mon 31 May 2021,22461,7285,3432,2011714,873700,61555,2073269,935255,44.0286673744034,19.8614030814369,366
-7.6926,53.28823,2021/05/31 23:00:00+00,Tue 01 Jun 2021,27397,11453,3636,2039111,885153,65191,2104302,950344,44.6876950426076,20.181838375657,367
-7.6926,53.28823,2021/06/01 23:00:00+00,Wed 02 Jun 2021,18568,20838,3992,2057679,905991,69183,2126862,975174,45.1667871121685,20.7091369610825,368
-7.6926,53.28823,2021/06/02 23:00:00+00,Thu 03 Jun 2021,16571,30648,1968,2074250,936639,71151,2145401,1007790,45.5604878159624,21.4017817722881,369
-7.6926,53.28823,2021/06/03 23:00:00+00,Fri 04 Jun 2021,28919,23305,137,2103169,959944,71288,2174457,1031232,46.1775312190281,21.8996043030793,370
-7.6926,53.28823,2021/06/04 23:00:00+00,Sat 05 Jun 2021,20849,11437,24,2124018,971381,71312,2195330,1042693,46.620797565125,22.1429941173185,371
-7.6926,53.28823,2021/06/05 23:00:00+00,Sun 06 Jun 2021,19845,3863,32,2143863,975244,71344,2215207,1046588,47.0429125060232,22.2257097029098,372
-7.6926,53.28823,2021/06/06 23:00:00+00,Mon 07 Jun 2021,19695,4512,36,2163558,979756,71380,2234938,1051136,47.4619269397336,22.3222926254437,373
-7.6926,53.28823,2021/06/07 23:00:00+00,Tue 08 Jun 2021,26308,18271,33,2189866,998027,71413,2261279,1069440,48.0213136509173,22.7110027868463,374
-7.6926,53.28823,2021/06/08 23:00:00+00,Wed 09 Jun 2021,32671,20042,161,2222537,1018069,71574,2294111,1089643,48.7185455138528,23.1400407780404,375
-7.6926,53.28823,2021/06/09 23:00:00+00,Thu 10 Jun 2021,27579,27407,253,2250116,1045476,71827,2321943,1117303,49.3095956237828,23.727438235667,376
-7.6926,53.28823,2021/06/10 23:00:00+00,Fri 11 Jun 2021,26331,32816,23,2276447,1078292,71850,2348297,1150142,49.8692584075243,24.4248187530567,377
-7.6926,53.28823,2021/06/11 23:00:00+00,Sat 12 Jun 2021,12103,19661,96,2288550,1097953,71946,2360496,1169899,50.1283206485072,24.8443853318827,378
-7.6926,53.28823,2021/06/12 23:00:00+00,Sun 13 Jun 2021,8487,18127,823,2297037,1116080,72769,2369806,1188849,50.3260310726035,25.2468141757737,379
-7.6926,53.28823,2021/06/13 23:00:00+00,Mon 14 Jun 2021,15936,31242,32,2312973,1147322,72801,2385774,1220123,50.6651331190019,25.9109598044727,380
-7.6926,53.28823,2021/06/14 23:00:00+00,Tue 15 Jun 2021,14591,41459,194,2327564,1188781,72995,2400559,1261776,50.9791125626393,26.7955175160605,381
-7.6926,53.28823,2021/06/15 23:00:00+00,Wed 16 Jun 2021,13327,48305,205,2340891,1237086,73200,2414091,1310286,51.2664828589734,27.8256928837201,382
-7.6926,53.28823,2021/06/16 23:00:00+00,Thu 17 Jun 2021,21475,42576,519,2362366,1279662,73719,2436085,1353381,51.7335551540941,28.7408734128748,383
-7.6926,53.28823,2021/06/17 23:00:00+00,Fri 18 Jun 2021,11932,49968,539,2374298,1329630,74258,2448556,1403888,51.9983936824405,29.8134577726848,384
-7.6926,53.28823,2021/06/18 23:00:00+00,Sat 19 Jun 2021,6228,32722,421,2380526,1362352,74679,2455205,1437031,52.1395941775873,30.5172941406573,385
-7.6926,53.28823,2021/06/19 23:00:00+00,Sun 20 Jun 2021,8450,26090,170,2388976,1388442,74849,2463825,1463291,52.3226515197688,31.0749607074423,386
-7.6926,53.28823,2021/06/20 23:00:00+00,Mon 21 Jun 2021,15384,32246,556,2404360,1420688,75405,2479765,1496093,52.6611589483504,31.7715554798598,387
-7.6926,53.28823,2021/06/21 23:00:00+00,Tue 22 Jun 2021,15049,43450,705,2419409,1464138,76110,2495519,1540248,52.9957164157203,32.7092465406516,388
-7.6926,53.28823,2021/06/22 23:00:00+00,Wed 23 Jun 2021,19975,39287,867,2439384,1503425,76977,2516361,1580402,53.4383244349485,33.5619709626884,389
-7.6926,53.28823,2021/06/23 23:00:00+00,Thu 24 Jun 2021,18920,44161,1022,2458304,1547586,77999,2536303,1625585,53.8618197386357,34.5214929918981,390
-7.6926,53.28823,2021/06/24 23:00:00+00,Fri 25 Jun 2021,15099,50052,812,2473403,1597638,78811,2552214,1676449,54.1997113130499,35.6016587288728,391
-7.6926,53.28823,2021/06/25 23:00:00+00,Sat 26 Jun 2021,8962,30459,482,2482365,1628097,79293,2561658,1707390,54.4002674081268,36.2587326528216,392
-7.6926,53.28823,2021/06/26 23:00:00+00,Sun 27 Jun 2021,8661,30403,46,2491026,1658500,79339,2570365,1737839,54.5851723128106,36.9053582922746,393
-7.6926,53.28823,2021/06/27 23:00:00+00,Mon 28 Jun 2021,24127,24539,500,2515153,1683039,79839,2594992,1762878,55.108159919064,37.4370952749757,394
-7.6926,53.28823,2021/06/28 23:00:00+00,Tue 29 Jun 2021,28047,30899,790,2543200,1713938,80629,2623829,1794567,55.7205525613481,38.1100539891741,395
-7.6926,53.28823,2021/06/29 23:00:00+00,Wed 30 Jun 2021,22448,36737,560,2565648,1750675,81189,2646837,1831864,56.2091585159783,38.9021061575436,396
-7.6926,53.28823,2021/06/30 23:00:00+00,Thu 01 Jul 2021,14825,48207,616,2580473,1798882,81805,2662278,1880687,56.53706900561,39.9389285029413,397
-7.6926,53.28823,2021/07/01 23:00:00+00,Fri 02 Jul 2021,13545,47145,800,2594018,1846027,82605,2676623,1928632,56.8417044549829,40.9571053325113,398
-7.6926,53.28823,2021/07/02 23:00:00+00,Sat 03 Jul 2021,9228,30376,488,2603246,1876403,83093,2686339,1959496,57.0480368374232,41.6125440574639,399
-7.6926,53.28823,2021/07/03 23:00:00+00,Sun 04 Jul 2021,6378,27717,219,2609624,1904120,83312,2692936,1987432,57.1881330423387,42.2058027478564,400
-7.6926,53.28823,2021/07/04 23:00:00+00,Mon 05 Jul 2021,15456,33310,5321,2625080,1937430,88633,2713713,2026063,57.6293606987779,43.0261842079277,401
-7.6926,53.28823,2021/07/05 23:00:00+00,Tue 06 Jul 2021,12280,48228,5463,2637360,1985658,94096,2731456,2079754,58.0061572674933,44.1663851080516,402
-7.6926,53.28823,2021/07/06 23:00:00+00,Wed 07 Jul 2021,19578,43626,5036,2656938,2029284,99132,2756070,2128416,58.5288688011889,45.1997884010026,403
-7.6926,53.28823,2021/07/07 23:00:00+00,Thu 08 Jul 2021,17658,45476,5974,2674596,2074760,105106,2779702,2179866,59.0307262385942,46.2923986394295,404
-7.6926,53.28823,2021/07/08 23:00:00+00,Fri 09 Jul 2021,13420,44993,6515,2688016,2119753,111621,2799637,2231374,59.4540728878273,47.3862405861912,405
-7.6926,53.28823,2021/07/09 23:00:00+00,Sat 10 Jul 2021,8539,23747,4346,2696555,2143500,115967,2812522,2259467,59.7277032653225,47.9828333836281,406
-7.6926,53.28823,2021/07/10 23:00:00+00,Sun 11 Jul 2021,15170,16041,2142,2711725,2159541,118109,2829834,2277650,60.0953469669288,48.368973946608,407
-7.6926,53.28823,2021/07/11 23:00:00+00,Mon 12 Jul 2021,17022,31626,6068,2728747,2191167,124177,2852924,2315344,60.5856943023084,49.1694569461661,408
-7.6926,53.28823,2021/07/12 23:00:00+00,Tue 13 Jul 2021,20004,36417,8469,2748751,2227584,132646,2881397,2360230,61.1903569129736,50.1226717792473,409
-7.6926,53.28823,2021/07/13 23:00:00+00,Wed 14 Jul 2021,20696,35554,9311,2769447,2263138,141957,2911404,2405095,61.827596085461,51.0754406489659,410
-7.6926,53.28823,2021/07/14 23:00:00+00,Thu 15 Jul 2021,23520,28703,9550,2792967,2291841,151507,2944474,2443348,62.5298821998396,51.88779476851,411
-7.6926,53.28823,2021/07/15 23:00:00+00,Fri 16 Jul 2021,23457,27265,9145,2816424,2319106,160652,2977076,2479758,63.2222297021368,52.6610102938962,412
-7.6926,53.28823,2021/07/16 23:00:00+00,Sat 17 Jul 2021,11426,19320,4662,2827850,2338426,165314,2993164,2503740,63.5638801106074,53.1703004540119,413
-7.6926,53.28823,2021/07/17 23:00:00+00,Sun 18 Jul 2021,16805,15720,1921,2844655,2354146,167235,3011890,2521381,63.9615520119637,53.544930914966,414
-7.6926,53.28823,2021/07/18 23:00:00+00,Mon 19 Jul 2021,24783,18277,6222,2869438,2372423,173457,3042895,2545880,64.619985062351,54.0652002683425,415
-7.6926,53.28823,2021/07/19 23:00:00+00,Tue 20 Jul 2021,30478,18034,7682,2899916,2390457,181139,3081055,2571596,65.4303642012892,54.6113142604006,416
-7.6926,53.28823,2021/07/20 23:00:00+00,Wed 21 Jul 2021,30231,19692,6867,2930147,2410149,188006,3118153,2598155,66.218190335889,55.1753304960153,417
-7.6926,53.28823,2021/07/21 23:00:00+00,Thu 22 Jul 2021,33435,15784,6912,2963582,2425933,194918,3158500,2620851,67.0750133735918,55.657310709258,418
-7.6926,53.28823,2021/07/22 23:00:00+00,Fri 23 Jul 2021,27001,20685,5583,2990583,2446618,200501,3191084,2647119,67.7669786215782,56.2151471668478,419
-7.6926,53.28823,2021/07/23 23:00:00+00,Sat 24 Jul 2021,15367,14691,2253,3005950,2461309,202754,3208704,2664063,68.1411631191697,56.574975891433,420
-7.6926,53.28823,2021/07/24 23:00:00+00,Sun 25 Jul 2021,14666,13567,1028,3020616,2474876,203782,3224398,2678658,68.4744464055034,56.8849204284561,421
-7.6926,53.28823,2021/07/25 23:00:00+00,Mon 26 Jul 2021,23750,18098,3398,3044366,2492974,207180,3251546,2700154,69.0509708516223,57.3414170209775,422
-7.6926,53.28823,2021/07/26 23:00:00+00,Tue 27 Jul 2021,25391,23716,3648,3069757,2516690,210828,3280585,2727518,69.6676532367278,57.9225285188261,423
