X,Y,VaccinationDate,VaccineText,Dose1,Dose2,SingleDose,Dose1Cum,Dose2Cum,SingleDoseCum,PartiallyVacc,FullyVacc,PartialPercent,FullyPercent,ObjectId
-7.6926,53.28823,2021/04/26 23:00:00+00,Tue 27 Apr 2021,25773,7730,3,1080855,438972,79,1080934,439051,25.5659985988693,10.3843317453537,1
-7.6926,53.28823,2021/04/27 23:00:00+00,Wed 28 Apr 2021,25899,8516,1,1106754,447488,80,1106834,447568,26.1785793519132,10.5857738408624,2
-7.6926,53.28823,2021/04/28 23:00:00+00,Thu 29 Apr 2021,31571,11248,0,1138325,458736,80,1138405,458816,26.9252892729305,10.8518089107557,3
-7.6926,53.28823,2021/04/29 23:00:00+00,Fri 30 Apr 2021,35960,13458,0,1174285,472194,80,1174365,472274,27.7758067972339,11.1701143846733,4
-7.6926,53.28823,2021/04/30 23:00:00+00,Sat 01 May 2021,16406,6618,1,1190691,478812,81,1190772,478893,28.1638613306389,11.3266654273141,5
-7.6926,53.28823,2021/05/01 23:00:00+00,Sun 02 May 2021,12322,866,2,1203013,479678,83,1203096,479761,28.4553457013151,11.3471951606594,6
-7.6926,53.28823,2021/05/02 23:00:00+00,Mon 03 May 2021,14117,859,3,1217130,480537,86,1217216,480623,28.7893086446734,11.3675829834054,7
-7.6926,53.28823,2021/05/03 23:00:00+00,Tue 04 May 2021,26465,6702,1,1243595,487239,87,1243682,487326,29.4152762975714,11.5261207744345,8
-7.6926,53.28823,2021/05/04 23:00:00+00,Wed 05 May 2021,31889,13341,63,1275484,500580,150,1275634,500730,30.1709975416354,11.8431490529596,9
-7.6926,53.28823,2021/05/05 23:00:00+00,Thu 06 May 2021,37093,14285,120,1312577,514865,270,1312847,515135,31.0511507293968,12.183852749778,10
-7.6926,53.28823,2021/05/06 23:00:00+00,Fri 07 May 2021,40394,14980,81,1352971,529845,351,1353322,530196,32.0084559795687,12.540072005438,11
-7.6926,53.28823,2021/05/07 23:00:00+00,Sat 08 May 2021,25427,6970,2,1378398,536815,353,1378751,537168,32.6098967505784,12.7049721216628,12
-7.6926,53.28823,2021/05/08 23:00:00+00,Sun 09 May 2021,19557,872,1,1397955,537687,354,1398309,538041,33.0724780003094,12.7256201138407,13
-7.6926,53.28823,2021/05/09 23:00:00+00,Mon 10 May 2021,28621,4541,159,1426576,542228,513,1427089,542741,33.7531758409504,12.8367834165166,14
-7.6926,53.28823,2021/05/10 23:00:00+00,Tue 11 May 2021,34145,14732,145,1460721,556960,658,1461379,557618,34.564194915154,13.1886507471357,15
-7.6926,53.28823,2021/05/11 23:00:00+00,Wed 12 May 2021,31053,20829,148,1491774,577789,806,1492580,578595,35.3021536825564,13.6847938535681,16
-7.6926,53.28823,2021/05/12 23:00:00+00,Thu 13 May 2021,35783,25395,135,1527557,603184,941,1528498,604125,36.1516778326656,14.2886234529971,17
-7.6926,53.28823,2021/05/13 23:00:00+00,Fri 14 May 2021,37991,27877,221,1565548,631061,1162,1566710,632223,37.0554591351873,14.9531907888668,18
-7.6926,53.28823,2021/05/14 23:00:00+00,Sat 15 May 2021,28634,12358,6,1594182,643419,1168,1595350,644587,37.7328457285146,15.2456212302041,19
-7.6926,53.28823,2021/05/15 23:00:00+00,Sun 16 May 2021,23018,1120,1,1617200,644539,1169,1618369,645708,38.2772857421948,15.2721348604806,20
-7.6926,53.28823,2021/05/16 23:00:00+00,Mon 17 May 2021,35205,3875,105,1652405,648414,1274,1653679,649688,39.1124296182558,15.3662688912572,21
-7.6926,53.28823,2021/05/17 23:00:00+00,Tue 18 May 2021,38821,12381,111,1691226,660795,1385,1692611,662180,40.0332401926768,15.6617267587099,22
-7.6926,53.28823,2021/05/18 23:00:00+00,Wed 19 May 2021,36786,17496,194,1728012,678291,1579,1729591,679870,40.9078825188375,16.0801265085688,23
-7.6926,53.28823,2021/05/19 23:00:00+00,Thu 20 May 2021,38860,19561,109,1766872,697852,1688,1768560,699540,41.8295682086199,16.5453567561508,24
-7.6926,53.28823,2021/05/20 23:00:00+00,Fri 21 May 2021,25602,23123,14909,1792474,720975,16597,1809071,737572,42.7877249223867,17.4448807406976,25
-7.6926,53.28823,2021/05/21 23:00:00+00,Sat 22 May 2021,16395,10173,13491,1808869,731148,30088,1838957,761236,43.4945816168064,18.0045761437876,26
-7.6926,53.28823,2021/05/22 23:00:00+00,Sun 23 May 2021,8077,5480,10191,1816946,736628,40279,1857225,776907,43.9266520877178,18.3752229770289,27
-7.6926,53.28823,2021/05/23 23:00:00+00,Mon 24 May 2021,22312,8110,8427,1839258,744738,48706,1887964,793444,44.6536837389848,18.7663522400825,28
-7.6926,53.28823,2021/05/24 23:00:00+00,Tue 25 May 2021,30066,16385,3207,1869324,761123,51913,1921237,813036,45.4406489666307,19.2297376498753,29
-7.6926,53.28823,2021/05/25 23:00:00+00,Wed 26 May 2021,19690,25312,3029,1889014,786435,54942,1943956,841377,45.9779934503528,19.9000523650111,30
-7.6926,53.28823,2021/05/26 23:00:00+00,Thu 27 May 2021,16748,35876,540,1905762,822311,55482,1961244,877793,46.386885190068,20.7613550948507,31
-7.6926,53.28823,2021/05/27 23:00:00+00,Fri 28 May 2021,26767,31720,1514,1932529,854031,56996,1989525,911027,47.0557807992121,21.547397903602,32
-7.6926,53.28823,2021/05/28 23:00:00+00,Sat 29 May 2021,24263,7321,496,1956792,861352,57492,2014284,918844,47.6413748866489,21.7322837625419,33
-7.6926,53.28823,2021/05/29 23:00:00+00,Sun 30 May 2021,24082,1615,185,1980874,862967,57677,2038551,920644,48.2153323049545,21.7748569422902,34
-7.6926,53.28823,2021/05/30 23:00:00+00,Mon 31 May 2021,22290,7234,3411,2003164,870201,61088,2064252,931289,48.8232063564596,22.0266299969678,35
-7.6926,53.28823,2021/05/31 23:00:00+00,Tue 01 Jun 2021,27188,11381,3618,2030352,881582,64706,2095058,946288,49.5518226760839,22.3813828431032,36
-7.6926,53.28823,2021/06/01 23:00:00+00,Wed 02 Jun 2021,18377,20768,3971,2048729,902350,68677,2117406,971027,50.0803923544246,22.9665038952094,37
-7.6926,53.28823,2021/06/02 23:00:00+00,Thu 03 Jun 2021,16448,30565,1952,2065177,932915,70629,2135806,1003544,50.5155848585175,23.7355883873611,38
-7.6926,53.28823,2021/06/03 23:00:00+00,Fri 04 Jun 2021,28767,23212,118,2093944,956127,70747,2164691,1026874,51.1987661346438,24.2873841004311,39
-7.6926,53.28823,2021/06/04 23:00:00+00,Sat 05 Jun 2021,20689,11377,3,2114633,967504,70750,2185383,1038254,51.6881684876162,24.556541203506,40
-7.6926,53.28823,2021/06/05 23:00:00+00,Sun 06 Jun 2021,19737,3812,8,2134370,971316,70758,2205128,1042074,52.1551726176876,24.6468909516383,41
-7.6926,53.28823,2021/06/06 23:00:00+00,Mon 07 Jun 2021,19534,4421,2,2153904,975737,70760,2224664,1046497,52.617233528555,24.7515027149863,42
-7.6926,53.28823,2021/06/07 23:00:00+00,Tue 08 Jun 2021,26272,18397,13,2180176,994134,70773,2250949,1064907,53.2389202117117,25.1869317367445,43
-7.6926,53.28823,2021/06/08 23:00:00+00,Wed 09 Jun 2021,32589,19956,143,2212765,1014090,70916,2283681,1085006,54.0130898336666,25.6623085921664,44
-7.6926,53.28823,2021/06/09 23:00:00+00,Thu 10 Jun 2021,27411,27325,235,2240176,1041415,71151,2311327,1112566,54.6669665710662,26.3141512776448,45
-7.6926,53.28823,2021/06/10 23:00:00+00,Fri 11 Jun 2021,26194,32739,5,2266370,1074154,71156,2337526,1145310,55.2866192023016,27.088604720798,46
-7.6926,53.28823,2021/06/11 23:00:00+00,Sat 12 Jun 2021,11963,19576,76,2278333,1093730,71232,2349565,1164962,55.5713628195176,27.5534092365825,47
-7.6926,53.28823,2021/06/12 23:00:00+00,Sun 13 Jun 2021,8401,18083,810,2286734,1111813,72042,2358776,1183855,55.7892192409959,28.0002620615731,48
-7.6926,53.28823,2021/06/13 23:00:00+00,Mon 14 Jun 2021,15781,31125,12,2302515,1142938,72054,2374569,1214992,56.1627515897535,28.7367071159178,49
-7.6926,53.28823,2021/06/14 23:00:00+00,Tue 15 Jun 2021,14430,41318,179,2316945,1184256,72233,2389178,1256489,56.5082802469434,29.71818447148,50
-7.6926,53.28823,2021/06/15 23:00:00+00,Wed 16 Jun 2021,13156,48130,190,2330101,1232386,72423,2402524,1304809,56.8239367230099,30.8610378300545,51
-7.6926,53.28823,2021/06/16 23:00:00+00,Thu 17 Jun 2021,21291,42453,499,2351392,1274839,72922,2424314,1347761,57.3393087156287,31.8769285059132,52
-7.6926,53.28823,2021/06/17 23:00:00+00,Fri 18 Jun 2021,11811,49841,522,2363203,1324680,73444,2436647,1398124,57.6310059522036,33.0681024235019,53
-7.6926,53.28823,2021/06/18 23:00:00+00,Sat 19 Jun 2021,6078,32625,400,2369281,1357305,73844,2443125,1431149,57.7842220957641,33.8492020130492,54
-7.6926,53.28823,2021/06/19 23:00:00+00,Sun 20 Jun 2021,8348,26026,158,2377629,1383331,74002,2451631,1457333,57.985404021841,34.4684998677866,55
-7.6926,53.28823,2021/06/20 23:00:00+00,Mon 21 Jun 2021,15221,32124,533,2392850,1415455,74535,2467385,1489990,58.358013951704,35.240895607252,56
-7.6926,53.28823,2021/06/21 23:00:00+00,Tue 22 Jun 2021,14890,43337,686,2407740,1458792,75221,2482961,1534013,58.7264138671253,36.2821173250609,57
-7.6926,53.28823,2021/06/22 23:00:00+00,Wed 23 Jun 2021,19804,39141,850,2427544,1497933,76071,2503615,1574004,59.2149174529696,37.2279751202338,58
-7.6926,53.28823,2021/06/23 23:00:00+00,Thu 24 Jun 2021,18787,44025,1000,2446331,1541958,77071,2523402,1619029,59.6829149572352,38.2928959081025,59
-7.6926,53.28823,2021/06/24 23:00:00+00,Fri 25 Jun 2021,14933,49899,788,2461264,1591857,77859,2539123,1669716,60.0547443788029,39.4917329980459,60
-7.6926,53.28823,2021/06/25 23:00:00+00,Sat 26 Jun 2021,8806,30326,452,2470070,1622183,78311,2548381,1700494,60.2737124333079,40.2196870682074,61
-7.6926,53.28823,2021/06/26 23:00:00+00,Sun 27 Jun 2021,8571,30304,32,2478641,1652487,78343,2556984,1730830,60.4771885807379,40.9371870575641,62
-7.6926,53.28823,2021/06/27 23:00:00+00,Mon 28 Jun 2021,23995,24395,457,2502636,1676882,78800,2581436,1755682,61.055521575851,41.5249807592879,63
-7.6926,53.28823,2021/06/28 23:00:00+00,Tue 29 Jun 2021,27864,30742,755,2530500,1707624,79555,2610055,1787179,61.7324114820812,42.2699404495822,64
-7.6926,53.28823,2021/06/29 23:00:00+00,Wed 30 Jun 2021,22265,36544,530,2552765,1744168,80085,2632850,1824253,62.2715535000594,43.1468060417965,65
-7.6926,53.28823,2021/06/30 23:00:00+00,Thu 01 Jul 2021,14602,48084,584,2567367,1792252,80669,2648036,1872921,62.6307292265352,44.2978902151223,66
-7.6926,53.28823,2021/07/01 23:00:00+00,Fri 02 Jul 2021,13355,47001,769,2580722,1839253,81438,2662160,1920691,62.9647867769596,45.427735102107,67
-7.6926,53.28823,2021/07/02 23:00:00+00,Sat 03 Jul 2021,9099,30208,458,2589821,1869461,81896,2671717,1951357,63.1908267096561,46.1530401744176,68
-7.6926,53.28823,2021/07/03 23:00:00+00,Sun 04 Jul 2021,6286,27643,196,2596107,1897104,82092,2678199,1979196,63.3441374602828,46.8114817027569,69
-7.6926,53.28823,2021/07/04 23:00:00+00,Mon 05 Jul 2021,15239,33098,5302,2611346,1930202,87394,2698740,2017596,63.8299683965096,47.7197095373856,70
-7.6926,53.28823,2021/07/05 23:00:00+00,Tue 06 Jul 2021,12123,48117,5438,2623469,1978319,92832,2716301,2071151,64.2453170684865,48.9863798937279,71
-7.6926,53.28823,2021/07/06 23:00:00+00,Wed 07 Jul 2021,19417,43420,4990,2642886,2021739,97822,2740708,2119561,64.8225857341059,50.1313619112898,72
-7.6926,53.28823,2021/07/07 23:00:00+00,Thu 08 Jul 2021,17534,45300,5942,2660420,2067039,103764,2764184,2170803,65.3778346050888,51.3433257316556,73
-7.6926,53.28823,2021/07/08 23:00:00+00,Fri 09 Jul 2021,13289,44800,6491,2673709,2111839,110255,2783964,2222094,65.8456665469887,52.5564484885812,74
-7.6926,53.28823,2021/07/09 23:00:00+00,Sat 10 Jul 2021,8420,23590,4317,2682129,2135429,114572,2796701,2250001,66.1469190972405,53.2164983370443,75
-7.6926,53.28823,2021/07/10 23:00:00+00,Sun 11 Jul 2021,15095,15952,2129,2697224,2151381,116701,2813925,2268082,66.5542971238979,53.6441459276152,76
-7.6926,53.28823,2021/07/11 23:00:00+00,Mon 12 Jul 2021,16919,31433,6037,2714143,2182814,122738,2836881,2305552,67.0972470762869,54.530377619374,77
-7.6926,53.28823,2021/07/12 23:00:00+00,Tue 13 Jul 2021,19887,36210,8444,2734030,2219024,131182,2865212,2350206,67.7673252737574,55.5865236018613,78
-7.6926,53.28823,2021/07/13 23:00:00+00,Wed 14 Jul 2021,20588,35338,9287,2754618,2254362,140469,2895087,2394831,68.4739217987452,56.6419836831193,79
-7.6926,53.28823,2021/07/14 23:00:00+00,Thu 15 Jul 2021,23399,28489,9522,2778017,2282851,149991,2928008,2432842,69.2525616045737,57.5410109805691,80
-7.6926,53.28823,2021/07/15 23:00:00+00,Fri 16 Jul 2021,23350,27044,9117,2801367,2309895,159108,2960475,2469003,70.020463508399,58.3962825099444,81
-7.6926,53.28823,2021/07/16 23:00:00+00,Sat 17 Jul 2021,11356,19136,4631,2812723,2329031,163739,2976462,2492770,70.3985842998628,58.9584140449866,82
-7.6926,53.28823,2021/07/17 23:00:00+00,Sun 18 Jul 2021,16740,15605,1908,2829463,2344636,165647,2995110,2510283,70.8396424420544,59.3726274321703,83
-7.6926,53.28823,2021/07/18 23:00:00+00,Mon 19 Jul 2021,24665,18074,6192,2854128,2362710,171839,3025967,2534549,71.5694650017715,59.9465611987094,84
-7.6926,53.28823,2021/07/19 23:00:00+00,Tue 20 Jul 2021,30376,17766,7652,2884504,2380476,179491,3063995,2559967,72.4688943792523,60.5477418002873,85
-7.6926,53.28823,2021/07/20 23:00:00+00,Wed 21 Jul 2021,30097,19486,6831,2914601,2399962,186322,3100923,2586284,73.3423068135536,61.1701853399729,86
-7.6926,53.28823,2021/07/21 23:00:00+00,Thu 22 Jul 2021,33321,15572,6881,2947922,2415534,193203,3141125,2608737,74.2931551314636,61.7012384537989,87
-7.6926,53.28823,2021/07/22 23:00:00+00,Fri 23 Jul 2021,26906,20460,5549,2974828,2435994,198752,3173580,2634746,75.0607732140906,62.3163972493942,88
-7.6926,53.28823,2021/07/23 23:00:00+00,Sat 24 Jul 2021,15311,14503,2233,2990139,2450497,200985,3191124,2651482,75.4757198060366,62.7122332139865,89
-7.6926,53.28823,2021/07/24 23:00:00+00,Sun 25 Jul 2021,14628,13464,1016,3004767,2463961,202001,3206768,2665962,75.8457280415817,63.0547107932944,90
-7.6926,53.28823,2021/07/25 23:00:00+00,Mon 26 Jul 2021,23673,17822,3371,3028440,2481783,205372,3233812,2687155,76.4853664155322,63.5559626812967,91
-7.6926,53.28823,2021/07/26 23:00:00+00,Tue 27 Jul 2021,25300,23456,3610,3053740,2505239,208982,3262722,2714221,77.1691389858217,64.1961213941108,92
-7.6926,53.28823,2021/07/27 23:00:00+00,Wed 28 Jul 2021,23259,24921,3226,3076999,2530160,212208,3289207,2742368,77.7955560222837,64.8618476665404,93
-7.6926,53.28823,2021/07/28 23:00:00+00,Thu 29 Jul 2021,19120,27514,2920,3096119,2557674,215128,3311247,2772802,78.3168409565342,65.5816655290167,94
-7.6926,53.28823,2021/07/29 23:00:00+00,Fri 30 Jul 2021,21770,22555,2080,3117889,2580229,217208,3335097,2797437,78.8809355881981,66.1643267974042,95
-7.6926,53.28823,2021/07/30 23:00:00+00,Sat 31 Jul 2021,13624,12189,883,3131513,2592418,218091,3349604,2810509,79.2240517652023,66.4735026894424,96
-7.6926,53.28823,2021/07/31 23:00:00+00,Sun 01 Aug 2021,10980,9137,355,3142493,2601555,218446,3360939,2820001,79.4921445387835,66.6980052573147,97
-7.6926,53.28823,2021/08/01 23:00:00+00,Mon 02 Aug 2021,14875,15642,394,3157368,2617197,218840,3376208,2836037,79.853283361881,67.0772849853383,98
-7.6926,53.28823,2021/08/02 23:00:00+00,Tue 03 Aug 2021,17194,25102,1084,3174562,2642299,219924,3394486,2862223,80.2855903504577,67.6966301436088,99
-7.6926,53.28823,2021/08/03 23:00:00+00,Wed 04 Aug 2021,21949,16928,1555,3196511,2659227,221479,3417990,2880706,80.8415014709034,68.1337857443235,100
-7.6926,53.28823,2021/08/04 23:00:00+00,Thu 05 Aug 2021,13372,29711,1402,3209883,2688938,222881,3432764,2911819,81.1909326695702,68.8696631562715,101
-7.6926,53.28823,2021/08/05 23:00:00+00,Fri 06 Aug 2021,12034,24428,923,3221917,2713366,223804,3445721,2937170,81.4973886084578,69.4692590894921,102
-7.6926,53.28823,2021/08/06 23:00:00+00,Sat 07 Aug 2021,6253,8198,560,3228170,2721564,224364,3452534,2945928,81.6585280938048,69.6764012607338,103
-7.6926,53.28823,2021/08/07 23:00:00+00,Sun 08 Aug 2021,8547,11790,142,3236717,2733354,224506,3461223,2957860,81.8640382931561,69.9586141389314,104
-7.6926,53.28823,2021/08/08 23:00:00+00,Mon 09 Aug 2021,5439,22705,585,3242156,2756059,225091,3467247,2981150,82.0065165347135,70.5094637813404,105
-7.6926,53.28823,2021/08/09 23:00:00+00,Tue 10 Aug 2021,9210,25665,689,3251366,2781724,225780,3477146,3007504,82.2406453715622,71.1327824363874,106
-7.6926,53.28823,2021/08/10 23:00:00+00,Wed 11 Aug 2021,6909,30906,633,3258275,2812630,226413,3484688,3039043,82.4190269947072,71.8787355008758,107
-7.6926,53.28823,2021/08/11 23:00:00+00,Thu 12 Aug 2021,6640,37988,849,3264915,2850618,227262,3492177,3077880,82.5961550742263,72.7972991574768,108
-7.6926,53.28823,2021/08/12 23:00:00+00,Fri 13 Aug 2021,10803,27940,843,3275718,2878558,228105,3503823,3106663,82.8716035471973,73.4780679534174,109
-7.6926,53.28823,2021/08/13 23:00:00+00,Sat 14 Aug 2021,18043,5647,267,3293761,2884205,228372,3522133,3112577,83.3046673923029,73.6179445006568,110
-7.6926,53.28823,2021/08/14 23:00:00+00,Sun 15 Aug 2021,16955,3607,39,3310716,2887812,228411,3539127,3116223,83.7066055126591,73.7041788414135,111
-7.6926,53.28823,2021/08/15 23:00:00+00,Mon 16 Aug 2021,10102,22877,351,3320818,2910689,228762,3549580,3139451,83.9538374281637,74.2535620742978,112
-7.6926,53.28823,2021/08/16 23:00:00+00,Tue 17 Aug 2021,12785,26613,512,3333603,2937302,229274,3562877,3166576,84.2683349676704,74.895116241337,113
-7.6926,53.28823,2021/08/17 23:00:00+00,Wed 18 Aug 2021,15140,25519,645,3348743,2962821,229919,3578662,3192740,84.6416781022958,75.5139410607439,114
-7.6926,53.28823,2021/08/18 23:00:00+00,Thu 19 Aug 2021,11295,25456,524,3360038,2988277,230443,3590481,3218720,84.9212183308759,76.1284139551099,115
-7.6926,53.28823,2021/08/19 23:00:00+00,Fri 20 Aug 2021,14749,22023,664,3374787,3010300,231107,3605894,3241407,85.2857630083533,76.6650015823032,116
-7.6926,53.28823,2021/08/20 23:00:00+00,Sat 21 Aug 2021,11801,7821,226,3386588,3018121,231333,3617921,3249454,85.570222804371,76.8553273475443,117
-7.6926,53.28823,2021/08/21 23:00:00+00,Sun 22 Aug 2021,7984,12163,156,3394572,3030284,231489,3626061,3261773,85.7627481838991,77.1466934593878,118
-7.6926,53.28823,2021/08/22 23:00:00+00,Mon 23 Aug 2021,10800,15158,271,3405372,3045442,231760,3637132,3277202,86.0245968911172,77.5116165651296,119
-7.6926,53.28823,2021/08/23 23:00:00+00,Tue 24 Aug 2021,9643,22709,369,3415015,3068151,232129,3647144,3300280,86.2613983775834,78.0574520330349,120
-7.6926,53.28823,2020/12/28 00:00:00+00,Mon 28 Dec 2020,126,9,6,126,9,6,132,15,0.0031220331815363,0.000354776497901852,121
-7.6926,53.28823,2021/08/24 23:00:00+00,Wed 25 Aug 2021,9346,19273,305,3424361,3087424,232434,3656795,3319858,86.4896615763335,78.5205063180964,122
-7.6926,53.28823,2021/08/25 23:00:00+00,Thu 26 Aug 2021,8512,19229,358,3432873,3106653,232792,3665665,3339445,86.6994527454261,78.9837734690566,123
-7.6926,53.28823,2021/08/26 23:00:00+00,Fri 27 Aug 2021,9654,19020,424,3442527,3125673,233216,3675743,3358889,86.9378152484831,79.4436584174035,124
-7.6926,53.28823,2021/08/27 23:00:00+00,Sat 28 Aug 2021,9879,7770,145,3452406,3133443,233361,3685767,3366804,87.1749005561476,79.6308621494631,125
-7.6926,53.28823,2021/08/28 23:00:00+00,Sun 29 Aug 2021,8781,9123,23,3461187,3142566,233384,3694571,3375950,87.3831307086495,79.8471812061171,126
-7.6926,53.28823,2021/08/29 23:00:00+00,Mon 30 Aug 2021,5017,10953,78,3466204,3153519,233462,3699666,3386981,87.5036364591035,80.1080838426741,127
-7.6926,53.28823,2021/08/30 23:00:00+00,Tue 31 Aug 2021,4012,12673,135,3470216,3166192,233597,3703813,3399789,87.6017203348901,80.4110156683493,128
-7.6926,53.28823,2021/08/31 23:00:00+00,Wed 01 Sep 2021,4894,12367,171,3475110,3178559,233768,3708878,3412327,87.7215165323483,80.7075615170621,129
-7.6926,53.28823,2021/09/01 23:00:00+00,Thu 02 Sep 2021,4961,12228,243,3480071,3190787,234011,3714082,3424798,87.8446003253537,81.0025226974177,130
-7.6926,53.28823,2021/09/02 23:00:00+00,Fri 03 Sep 2021,4718,15891,159,3484789,3206678,234170,3718959,3440848,87.9599499907049,81.3821335501727,131
-7.6926,53.28823,2021/09/03 23:00:00+00,Sat 04 Sep 2021,4601,10500,128,3489390,3217178,234298,3723688,3451476,88.0717991946101,81.6335045248195,132
-7.6926,53.28823,2021/09/04 23:00:00+00,Sun 05 Sep 2021,5291,11834,1,3494681,3229012,234299,3728980,3463311,88.1969643430698,81.913423181664,133
-7.6926,53.28823,2021/09/05 23:00:00+00,Mon 06 Sep 2021,2108,9564,68,3496789,3238576,234367,3731156,3472943,88.2484305870321,82.1412369968501,134
-7.6926,53.28823,2021/09/06 23:00:00+00,Tue 07 Sep 2021,2998,9891,136,3499787,3248467,234503,3734290,3482970,88.3225552233271,82.3783932598142,135
-7.6926,53.28823,2021/09/07 23:00:00+00,Wed 08 Sep 2021,2571,14681,178,3502358,3263148,234681,3737039,3497829,88.3875739295092,82.7298348586358,136
-7.6926,53.28823,2021/09/08 23:00:00+00,Thu 09 Sep 2021,3076,14677,135,3505434,3277825,234816,3740250,3512641,88.4635197518268,83.0801648244306,137
-7.6926,53.28823,2021/09/09 23:00:00+00,Fri 10 Sep 2021,3351,13842,108,3508785,3291667,234924,3743709,3526591,88.5453312122429,83.4101069674793,138
-7.6926,53.28823,2021/09/10 23:00:00+00,Sat 11 Sep 2021,2537,11228,57,3511322,3302895,234981,3746303,3537876,88.6066838946134,83.6770171527341,139
-7.6926,53.28823,2021/09/11 23:00:00+00,Sun 12 Sep 2021,2023,12842,0,3513345,3315737,234981,3748326,3550718,88.6545314182971,83.9807531384712,140
-7.6926,53.28823,2021/09/12 23:00:00+00,Mon 13 Sep 2021,1572,7638,46,3514917,3323375,235027,3749944,3558402,88.6927999765375,84.162493312463,141
-7.6926,53.28823,2021/09/13 23:00:00+00,Tue 14 Sep 2021,1518,10675,79,3516435,3334050,235106,3751541,3569156,88.7305718476807,84.4168444096921,142
-7.6926,53.28823,2021/09/14 23:00:00+00,Wed 15 Sep 2021,3246,12309,130,3519681,3346359,235236,3754917,3581595,88.8104202114752,84.7110487335189,143
-7.6926,53.28823,2021/09/15 23:00:00+00,Thu 16 Sep 2021,1881,10507,109,3521562,3356866,235345,3756907,3592211,88.8574872268635,84.9621358869673,144
-7.6926,53.28823,2021/09/16 23:00:00+00,Fri 17 Sep 2021,2538,14515,89,3524100,3371381,235434,3759534,3606815,88.9196204175294,85.3075462853245,145
-7.6926,53.28823,2021/09/17 23:00:00+00,Sat 18 Sep 2021,2273,11165,40,3526373,3382546,235474,3761847,3618020,88.9743269535058,85.5725643292572,146
-7.6926,53.28823,2021/09/18 23:00:00+00,Sun 19 Sep 2021,1854,8455,11,3528227,3391001,235485,3763712,3626486,89.0184374980783,85.772800184673,147
-7.6926,53.28823,2021/09/19 23:00:00+00,Mon 20 Sep 2021,947,5551,29,3529174,3396552,235514,3764688,3632066,89.0415216222084,85.9047770418925,148
-7.6926,53.28823,2021/09/20 23:00:00+00,Tue 21 Sep 2021,1442,6590,89,3530616,3403142,235603,3766219,3638745,89.077732476761,86.0627471905249,149
-7.6926,53.28823,2021/09/21 23:00:00+00,Wed 22 Sep 2021,1884,8068,94,3532500,3411210,235697,3768197,3646907,89.1245156709509,86.2557929089166,150
-7.6926,53.28823,2021/09/22 23:00:00+00,Thu 23 Sep 2021,1681,8681,85,3534181,3419891,235782,3769963,3655673,89.1662846906373,86.4631242942904,151
-7.6926,53.28823,2021/09/23 23:00:00+00,Fri 24 Sep 2021,1899,7303,79,3536080,3427194,235861,3771941,3663055,89.2130678848272,86.6377216347912,152
-7.6926,53.28823,2021/09/24 23:00:00+00,Sat 25 Sep 2021,2400,6532,50,3538480,3433726,235911,3774391,3669637,89.2710147128179,86.7933975620705,153
-7.6926,53.28823,2021/09/25 23:00:00+00,Sun 26 Sep 2021,1536,7079,0,3540016,3440805,235911,3775927,3676716,89.307343826203,86.9608284173137,154
-7.6926,53.28823,2021/09/26 23:00:00+00,Mon 27 Sep 2021,1166,3700,45,3541182,3444505,235956,3777138,3680461,89.335986115467,87.0494042829565,155
-7.6926,53.28823,2021/09/27 23:00:00+00,Tue 28 Sep 2021,1437,5043,89,3542619,3449548,236045,3778664,3685593,89.3720787111869,87.170785148772,156
-7.6926,53.28823,2021/09/28 23:00:00+00,Wed 29 Sep 2021,1636,3534,72,3544255,3453082,236117,3780372,3689199,89.4124759284146,87.2560734188676,157
-7.6926,53.28823,2021/09/29 23:00:00+00,Thu 30 Sep 2021,1265,3878,77,3545520,3456960,236194,3781714,3693154,89.4442165990936,87.349616155481,158
-7.6926,53.28823,2021/09/30 23:00:00+00,Fri 01 Oct 2021,1831,5089,38,3547351,3462049,236232,3783583,3698281,89.4884217507321,87.4708787624639,159
-7.6926,53.28823,2021/10/01 23:00:00+00,Sat 02 Oct 2021,1703,4035,39,3549054,3466084,236271,3785325,3702355,89.5296231280218,87.567236059294,160
-7.6926,53.28823,2021/10/02 23:00:00+00,Sun 03 Oct 2021,1203,2989,9,3550257,3469073,236280,3786537,3705353,89.5582890690523,87.6381440553413,161
-7.6926,53.28823,2021/10/03 23:00:00+00,Mon 04 Oct 2021,330,1158,16,3550587,3470231,236296,3786883,3706527,89.5664725802706,87.6659112292438,162
-7.6926,53.28823,2021/10/04 23:00:00+00,Tue 05 Oct 2021,969,2749,68,3551556,3472980,236364,3787920,3709344,89.5909994621588,87.7325382555498,163
-7.6926,53.28823,2021/10/05 23:00:00+00,Wed 06 Oct 2021,979,2495,34,3552535,3475475,236398,3788933,3711873,89.6149587016505,87.792353573096,164
-7.6926,53.28823,2021/10/06 23:00:00+00,Thu 07 Oct 2021,1204,2626,41,3553739,3478101,236439,3790178,3714540,89.6444051509763,87.855432834423,165
-7.6926,53.28823,2021/10/07 23:00:00+00,Fri 08 Oct 2021,981,2687,42,3554720,3480788,236481,3791201,3717269,89.6686009081332,87.9199785052746,166
-7.6926,53.28823,2021/10/08 23:00:00+00,Sat 09 Oct 2021,729,2317,18,3555449,3483105,236499,3791948,3719604,89.6862687777287,87.9752053801146,167
-7.6926,53.28823,2021/10/09 23:00:00+00,Sun 10 Oct 2021,1528,3889,0,3556977,3486994,236499,3793476,3723493,89.7224086769817,88.0671871001373,168
-7.6926,53.28823,2021/10/10 23:00:00+00,Mon 11 Oct 2021,327,1064,12,3557304,3488058,236511,3793815,3724569,89.7304266258343,88.0926364009201,169
-7.6926,53.28823,2021/10/11 23:00:00+00,Tue 12 Oct 2021,561,1561,20,3557865,3489619,236531,3794396,3726150,89.7441683021863,88.130029843799,170
-7.6926,53.28823,2021/10/12 23:00:00+00,Wed 13 Oct 2021,1004,1976,9,3558869,3491595,236540,3795409,3728135,89.768127541678,88.1769786003547,171
-7.6926,53.28823,2021/10/13 23:00:00+00,Thu 14 Oct 2021,698,1514,7,3559567,3493109,236547,3796114,3729656,89.7848020370793,88.2129529372419,172
-7.6926,53.28823,2021/10/14 23:00:00+00,Fri 15 Oct 2021,951,1999,5,3560518,3495108,236552,3797070,3731660,89.807413125879,88.2603510773616,173
-7.6926,53.28823,2021/10/15 23:00:00+00,Sat 16 Oct 2021,1375,2589,11,3561893,3497697,236563,3798456,3734260,89.8401944742851,88.3218456703313,174
-7.6926,53.28823,2021/10/16 23:00:00+00,Sun 17 Oct 2021,1709,2873,2,3563602,3500570,236565,3800167,3737135,89.8806626468124,88.3898444990958,175
-7.6926,53.28823,2021/10/17 23:00:00+00,Mon 18 Oct 2021,669,1169,3,3564271,3501739,236568,3800839,3738307,89.8965566339184,88.4175643694652,176
-7.6926,53.28823,2021/10/18 23:00:00+00,Tue 19 Oct 2021,1333,1729,10,3565604,3503468,236578,3802182,3740046,89.9283209563639,88.4586947914553,177
-7.6926,53.28823,2021/10/19 23:00:00+00,Wed 20 Oct 2021,2242,2254,0,3567846,3505722,236578,3804424,3742300,89.981348216917,88.5120058732067,178
-7.6926,53.28823,2021/10/20 23:00:00+00,Thu 21 Oct 2021,1753,1765,8,3569599,3507487,236586,3806185,3744073,90.0229989777707,88.5539404552587,179
-7.6926,53.28823,2021/10/21 23:00:00+00,Fri 22 Oct 2021,1490,1899,1,3571089,3509386,236587,3807676,3745973,90.0582637616621,88.5988788116596,180
-7.6926,53.28823,2021/10/22 23:00:00+00,Sat 23 Oct 2021,2005,1661,0,3573094,3511047,236587,3809681,3747634,90.1056855535483,88.6381643958606,181
-7.6926,53.28823,2021/10/23 23:00:00+00,Sun 24 Oct 2021,1943,2171,0,3575037,3513218,236587,3811624,3749805,90.1516409359099,88.6895123809902,182
-7.6926,53.28823,2021/10/24 23:00:00+00,Mon 25 Oct 2021,1213,806,0,3576250,3514024,236587,3812837,3750611,90.1803305287068,88.7085757048108,183
-7.6926,53.28823,2021/10/25 23:00:00+00,Tue 26 Oct 2021,1233,1162,5,3577483,3515186,236592,3814075,3751778,90.209611415667,88.7361773163476,184
-7.6926,53.28823,2021/10/26 23:00:00+00,Wed 27 Oct 2021,1552,1384,4,3579035,3516570,236596,3815631,3753166,90.2464135643827,88.7690059682868,185
-7.6926,53.28823,2021/10/27 23:00:00+00,Thu 28 Oct 2021,2142,1640,2,3581177,3518210,236598,3817775,3754808,90.2971229518161,88.8078421689238,186
-7.6926,53.28823,2021/10/28 23:00:00+00,Fri 29 Oct 2021,2129,1314,0,3583306,3519524,236598,3819904,3756122,90.3474775627517,88.83892059014,187
-7.6926,53.28823,2021/10/29 23:00:00+00,Sat 30 Oct 2021,2000,1420,0,3585306,3520944,236598,3821904,3757542,90.3947810958053,88.872506098608,188
-7.6926,53.28823,2021/10/30 23:00:00+00,Sun 31 Oct 2021,1626,1308,0,3586932,3522252,236598,3823530,3758850,90.4332388681778,88.903442609225,189
-7.6926,53.28823,2021/11/01 00:00:00+00,Mon 01 Nov 2021,254,242,0,3587186,3522494,236598,3823784,3759092,90.4392464168756,88.9091663367245,190
-7.6926,53.28823,2021/11/02 00:00:00+00,Tue 02 Nov 2021,1082,1051,9,3588268,3523545,236607,3824875,3760152,90.4650504941564,88.9342372092429,191
-7.6926,53.28823,2021/11/03 00:00:00+00,Wed 03 Nov 2021,2537,1790,5,3590805,3525335,236612,3827417,3761947,90.5251732846675,88.9766921301585,192
-7.6926,53.28823,2021/11/04 00:00:00+00,Thu 04 Nov 2021,1549,1211,0,3592354,3526546,236612,3828966,3763158,90.5618098710174,89.0053344194225,193
-7.6926,53.28823,2021/11/05 00:00:00+00,Fri 05 Nov 2021,1631,1011,0,3593985,3527557,236612,3830597,3764169,90.6003859022226,89.029246355381,194
-7.6926,53.28823,2021/11/06 00:00:00+00,Sat 06 Nov 2021,1822,1315,5,3595807,3528872,236617,3832424,3765489,90.6435976796671,89.0604666871964,195
-7.6926,53.28823,2021/11/07 00:00:00+00,Sun 07 Nov 2021,729,764,0,3596536,3529636,236617,3833153,3766253,90.6608398174651,89.0785366368229,196
-7.6926,53.28823,2021/11/08 00:00:00+00,Mon 08 Nov 2021,509,487,1,3597045,3530123,236618,3833663,3766741,90.6729022183938,89.0900786988879,197
-7.6926,53.28823,2021/11/09 00:00:00+00,Tue 09 Nov 2021,1375,990,1,3598420,3531113,236619,3835039,3767732,90.7054470491347,89.113517599516,198
-7.6926,53.28823,2021/11/10 00:00:00+00,Wed 10 Nov 2021,1602,1278,0,3600022,3532391,236619,3836641,3769010,90.7433371791106,89.1437445571372,199
-7.6926,53.28823,2021/11/11 00:00:00+00,Thu 11 Nov 2021,1403,1042,1,3601425,3533433,236620,3838045,3770053,90.7765442593142,89.1684133496247,200
-7.6926,53.28823,2021/11/12 00:00:00+00,Fri 12 Nov 2021,1154,1073,5,3602579,3534506,236625,3839204,3771131,90.8039566567187,89.1939099539405,201
-7.6926,53.28823,2021/11/13 00:00:00+00,Sat 13 Nov 2021,1412,1329,0,3603991,3535835,236625,3840616,3772460,90.8373529510546,89.2253431516547,202
-7.6926,53.28823,2021/11/14 00:00:00+00,Sun 14 Nov 2021,1648,1798,0,3605639,3537633,236625,3842264,3774258,90.8763310622907,89.2678690278698,203
-7.6926,53.28823,2021/11/15 00:00:00+00,Mon 15 Nov 2021,1248,548,0,3606887,3538181,236625,3843512,3774806,90.9058484669162,89.2808301959265,204
-7.6926,53.28823,2021/11/16 00:00:00+00,Tue 16 Nov 2021,1324,1017,4,3608211,3539198,236629,3844840,3775827,90.9372580128637,89.3049786495504,205
-7.6926,53.28823,2021/11/17 00:00:00+00,Wed 17 Nov 2021,1506,1044,0,3609717,3540242,236629,3846346,3776871,90.9728775732531,89.3296710938043,206
-7.6926,53.28823,2021/11/18 00:00:00+00,Thu 18 Nov 2021,1654,2427,5,3611371,3542669,236634,3848005,3779303,91.012115853921,89.3871921899975,207
-7.6926,53.28823,2021/11/19 00:00:00+00,Fri 19 Nov 2021,1173,1457,0,3612544,3544126,236634,3849178,3780760,91.0398593760569,89.421652813827,208
-7.6926,53.28823,2021/11/20 00:00:00+00,Sat 20 Nov 2021,1529,2892,10,3614073,3547018,236644,3850717,3783662,91.0762594447417,89.4902902402878,209
-7.6926,53.28823,2021/11/21 00:00:00+00,Sun 21 Nov 2021,1784,2749,0,3615857,3549767,236644,3852501,3786411,91.1184541962255,89.5553089464699,210
-7.6926,53.28823,2021/11/22 00:00:00+00,Mon 22 Nov 2021,709,461,2,3616566,3550228,236646,3853212,3786874,91.135270602226,89.5662597143718,211
-7.6926,53.28823,2021/11/23 00:00:00+00,Tue 23 Nov 2021,2167,1526,4,3618733,3551754,236650,3855383,3788404,91.1866185873557,89.6024469171578,212
-7.6926,53.28823,2021/11/24 00:00:00+00,Wed 24 Nov 2021,1616,3068,0,3620349,3554822,236650,3856999,3791472,91.224839842063,89.675010536862,213
-7.6926,53.28823,2021/11/25 00:00:00+00,Thu 25 Nov 2021,1003,1101,0,3621352,3555923,236650,3858002,3792573,91.2485625638893,89.701051131808,214
-7.6926,53.28823,2021/11/26 00:00:00+00,Fri 26 Nov 2021,1286,1045,13,3622638,3556968,236663,3859301,3793631,91.2792862086076,89.7260747007933,215
-7.6926,53.28823,2021/11/27 00:00:00+00,Sat 27 Nov 2021,1228,1514,5,3623866,3558482,236668,3860534,3795150,91.3084488367352,89.7620017341475,216
-7.6926,53.28823,2021/11/28 00:00:00+00,Sun 28 Nov 2021,1972,2243,0,3625838,3560725,236668,3862506,3797393,91.355090120326,89.8150526464671,217
-7.6926,53.28823,2021/11/29 00:00:00+00,Mon 29 Nov 2021,536,954,1,3626374,3561679,236669,3863043,3798348,91.3677911189509,89.8376400835002,218
-7.6926,53.28823,2021/11/30 00:00:00+00,Tue 30 Nov 2021,1928,1575,6,3628302,3563254,236675,3864977,3799929,91.4135336354137,89.8750335263791,219
-7.6926,53.28823,2021/12/01 00:00:00+00,Wed 01 Dec 2021,1130,1302,1,3629432,3564556,236676,3866108,3801232,91.4402837833555,89.9058517781635,220
-7.6926,53.28823,2021/12/02 00:00:00+00,Thu 02 Dec 2021,1799,1342,1,3631231,3565898,236677,3867908,3802575,91.4828569631037,89.9376161006089,221
-7.6926,53.28823,2021/12/03 00:00:00+00,Fri 03 Dec 2021,1015,1114,4,3632246,3567012,236681,3868927,3803693,91.5069581131945,89.9640587755859,222
-7.6926,53.28823,2021/12/04 00:00:00+00,Sat 04 Dec 2021,1195,1659,0,3633441,3568671,236681,3870122,3805352,91.535221974194,90.0032970562538,223
-7.6926,53.28823,2021/12/05 00:00:00+00,Sun 05 Dec 2021,1351,1762,0,3634792,3570433,236681,3871473,3807114,91.5671755107717,90.044971468874,224
-7.6926,53.28823,2021/12/06 00:00:00+00,Mon 06 Dec 2021,917,1232,0,3635709,3571665,236681,3872390,3808346,91.5888641806768,90.074110445235,225
-7.6926,53.28823,2021/12/07 00:00:00+00,Tue 07 Dec 2021,468,677,1,3636177,3572342,236682,3872859,3809024,91.5999568591779,90.0901463429402,226
-7.6926,53.28823,2021/12/08 00:00:00+00,Wed 08 Dec 2021,799,1392,0,3636976,3573734,236682,3873658,3810416,91.6188546206328,90.1230696019455,227
-7.6926,53.28823,2021/12/09 00:00:00+00,Thu 09 Dec 2021,776,1110,0,3637752,3574844,236682,3874434,3811526,91.6372083914575,90.1493230627902,228
-7.6926,53.28823,2021/12/10 00:00:00+00,Fri 10 Dec 2021,847,1483,1,3638599,3576327,236683,3875282,3813010,91.6572650894723,90.184422284316,229
-7.6926,53.28823,2021/12/11 00:00:00+00,Sat 11 Dec 2021,614,806,0,3639213,3577133,236683,3875896,3813816,91.6717872741197,90.2034856081366,230
-7.6926,53.28823,2021/12/12 00:00:00+00,Sun 12 Dec 2021,684,1182,0,3639897,3578315,236683,3876580,3814998,91.687965082424,90.2314419961712,231
-7.6926,53.28823,2021/12/13 00:00:00+00,Mon 13 Dec 2021,694,986,0,3640591,3579301,236683,3877274,3815984,91.7043794083936,90.2547626379667,232
-7.6926,53.28823,2021/12/14 00:00:00+00,Tue 14 Dec 2021,587,1087,1,3641178,3580388,236684,3877862,3817072,91.7182866471114,90.2804957599478,233
-7.6926,53.28823,2021/12/15 00:00:00+00,Wed 15 Dec 2021,763,1102,1,3641941,3581490,236685,3878626,3818175,91.7363565967378,90.3065836584269,234
-7.6926,53.28823,2021/12/16 00:00:00+00,Thu 16 Dec 2021,983,1318,7,3642924,3582808,236692,3879616,3819500,91.7597718455994,90.3379222490749,235
-7.6926,53.28823,2021/12/17 00:00:00+00,Fri 17 Dec 2021,1131,2238,0,3644055,3585046,236692,3880747,3821738,91.7865219935412,90.3908549025618,236
-7.6926,53.28823,2021/12/18 00:00:00+00,Sat 18 Dec 2021,1207,1083,0,3645262,3586129,236692,3881954,3822821,91.815069675739,90.4164697657103,237
-7.6926,53.28823,2021/12/19 00:00:00+00,Sun 19 Dec 2021,513,835,1,3645775,3586964,236693,3882468,3823657,91.8272266837338,90.4362426425267,238
-7.6926,53.28823,2021/12/20 00:00:00+00,Mon 20 Dec 2021,424,410,0,3646199,3587374,236693,3882892,3824067,91.8372550327411,90.4459398668027,239
-7.6926,53.28823,2020/12/29 00:00:00+00,Tue 29 Dec 2020,69,1,0,195,10,6,201,16,0.00475400507188481,0.000378428264428642,240
-7.6926,53.28823,2020/12/30 00:00:00+00,Wed 30 Dec 2020,1048,0,0,1243,10,6,1249,16,0.0295410563919609,0.000378428264428642,241
-7.6926,53.28823,2020/12/31 00:00:00+00,Thu 31 Dec 2020,1022,1,0,2265,11,6,2271,17,0.0537131617823404,0.000402080030955432,242
-7.6926,53.28823,2021/01/01 00:00:00+00,Fri 01 Jan 2021,795,0,0,3060,11,6,3066,17,0.0725163161711385,0.000402080030955432,243
-7.6926,53.28823,2021/01/02 00:00:00+00,Sat 02 Jan 2021,1010,0,0,4070,11,6,4076,17,0.0964046003631965,0.000402080030955432,244
-7.6926,53.28823,2021/01/03 00:00:00+00,Sun 03 Jan 2021,16,0,0,4086,11,6,4092,17,0.0967830286276252,0.000402080030955432,245
-7.6926,53.28823,2021/01/04 00:00:00+00,Mon 04 Jan 2021,1172,1,0,5258,12,6,5264,18,0.124502898997023,0.000425731797482222,246
-7.6926,53.28823,2021/01/05 00:00:00+00,Tue 05 Jan 2021,3498,3,0,8756,15,6,8762,21,0.207236778307735,0.000496687097062593,247
-7.6926,53.28823,2021/01/06 00:00:00+00,Wed 06 Jan 2021,6744,3,0,15500,18,6,15506,24,0.366744291764408,0.000567642396642963,248
-7.6926,53.28823,2021/01/07 00:00:00+00,Thu 07 Jan 2021,11702,3,0,27202,21,6,27208,27,0.643517263660906,0.000638597696223333,249
-7.6926,53.28823,2021/01/08 00:00:00+00,Fri 08 Jan 2021,12652,3,0,39854,24,6,39860,30,0.942759413757854,0.000709552995803704,250
-7.6926,53.28823,2021/01/09 00:00:00+00,Sat 09 Jan 2021,8061,3,0,47915,27,6,47921,33,1.13341630373031,0.000780508295384074,251
-7.6926,53.28823,2021/01/10 00:00:00+00,Sun 10 Jan 2021,4755,1,1,52670,28,7,52677,35,1.24590410533172,0.000827811828437654,252
-7.6926,53.28823,2021/01/11 00:00:00+00,Mon 11 Jan 2021,8317,3,0,60987,31,7,60994,38,1.44261584753504,0.000898767128018024,253
-7.6926,53.28823,2021/01/12 00:00:00+00,Tue 12 Jan 2021,8842,4,0,69829,35,7,69836,42,1.65174476716491,0.000993374194125185,254
-7.6926,53.28823,2021/01/13 00:00:00+00,Wed 13 Jan 2021,9846,2,0,79675,37,7,79682,44,1.88462006038769,0.00104067772717877,255
-7.6926,53.28823,2021/01/14 00:00:00+00,Thu 14 Jan 2021,8040,2,0,87715,39,7,87722,46,2.07478026326308,0.00108798126023235,256
-7.6926,53.28823,2021/01/15 00:00:00+00,Fri 15 Jan 2021,7642,2,0,95357,41,7,95364,48,2.25552706306081,0.00113528479328593,257
-7.6926,53.28823,2021/01/16 00:00:00+00,Sat 16 Jan 2021,5202,2,0,100559,43,7,100566,50,2.37856355253318,0.00118258832633951,258
-7.6926,53.28823,2021/01/17 00:00:00+00,Sun 17 Jan 2021,1097,4,0,101656,47,7,101663,54,2.40450954041306,0.00127719539244667,259
-7.6926,53.28823,2021/01/18 00:00:00+00,Mon 18 Jan 2021,8668,4,0,110324,51,7,110331,58,2.60952305266728,0.00137180245855383,260
-7.6926,53.28823,2021/01/19 00:00:00+00,Tue 19 Jan 2021,8349,15,0,118673,66,7,118680,73,2.80699165139945,0.00172657895645568,261
-7.6926,53.28823,2021/01/20 00:00:00+00,Wed 20 Jan 2021,8418,955,0,127091,1021,7,127098,1028,3.00609222202197,0.0243140159895402,262
-7.6926,53.28823,2021/01/21 00:00:00+00,Thu 21 Jan 2021,8948,955,0,136039,1976,7,136046,1983,3.21772822890369,0.0469014530226248,263
-7.6926,53.28823,2021/01/22 00:00:00+00,Fri 22 Jan 2021,6726,961,0,142765,2937,7,142772,2944,3.37681001056288,0.0696308006548701,264
-7.6926,53.28823,2021/01/23 00:00:00+00,Sat 23 Jan 2021,4151,456,0,146916,3393,7,146923,3400,3.47498849341558,0.0804160061910864,265
-7.6926,53.28823,2021/01/24 00:00:00+00,Sun 24 Jan 2021,1165,393,0,148081,3786,7,148088,3793,3.50254280141929,0.0897111504361149,266
-7.6926,53.28823,2021/01/25 00:00:00+00,Mon 25 Jan 2021,1323,1281,0,149404,5067,7,149411,5074,3.53383408853424,0.120009063356933,267
-7.6926,53.28823,2021/01/26 00:00:00+00,Tue 26 Jan 2021,978,3492,0,150382,8559,7,150389,8566,3.55696551619744,0.202601032068484,268
-7.6926,53.28823,2021/01/27 00:00:00+00,Wed 27 Jan 2021,2137,6692,0,152519,15251,7,152526,15258,3.60750934126519,0.360878653665764,269
-7.6926,53.28823,2021/01/28 00:00:00+00,Thu 28 Jan 2021,946,11537,0,153465,26788,7,153472,26795,3.62988391239953,0.633749084085341,270
-7.6926,53.28823,2021/01/29 00:00:00+00,Fri 29 Jan 2021,1533,11520,0,154998,38308,7,155005,38315,3.6661420704851,0.906217434473963,271
-7.6926,53.28823,2021/01/30 00:00:00+00,Sat 30 Jan 2021,598,7792,0,155596,46100,7,155603,46107,3.68028582686812,1.09051199925071,272
-7.6926,53.28823,2021/01/31 00:00:00+00,Sun 31 Jan 2021,204,4079,0,155800,50179,7,155807,50186,3.68511078723959,1.18698755491349,273
-7.6926,53.28823,2021/02/01 00:00:00+00,Mon 01 Feb 2021,970,8328,0,156770,58507,7,156777,58514,3.70805300077057,1.3839594665486,274
-7.6926,53.28823,2021/02/02 00:00:00+00,Tue 02 Feb 2021,787,5096,0,157557,63603,7,157564,63610,3.72666694102716,1.50448886876912,275
-7.6926,53.28823,2021/02/03 00:00:00+00,Wed 03 Feb 2021,1357,6855,0,158914,70458,7,158921,70465,3.75876238820401,1.66662172831027,276
-7.6926,53.28823,2021/02/04 00:00:00+00,Thu 04 Feb 2021,1382,10528,0,160296,80986,7,160303,80993,3.79144912954404,1.91562752630431,277
-7.6926,53.28823,2021/02/05 00:00:00+00,Fri 05 Feb 2021,3357,8598,0,163653,89584,7,163660,89591,3.87084810977447,2.11898541490165,278
-7.6926,53.28823,2021/02/06 00:00:00+00,Sat 06 Feb 2021,871,3859,0,164524,93443,7,164531,93450,3.8914487984193,2.21025758192854,279
-7.6926,53.28823,2021/02/07 00:00:00+00,Sun 07 Feb 2021,304,1292,0,164828,94735,7,164835,94742,3.89863893544345,2.24081566428115,280
-7.6926,53.28823,2021/02/08 00:00:00+00,Mon 08 Feb 2021,1122,869,0,165950,95604,7,165957,95611,3.92517621748651,2.26136904939293,281
-7.6926,53.28823,2021/02/09 00:00:00+00,Tue 09 Feb 2021,4195,527,0,170145,96131,7,170152,96138,4.02439537806639,2.27383353035255,282
-7.6926,53.28823,2021/02/10 00:00:00+00,Wed 10 Feb 2021,8787,573,0,178932,96704,7,178939,96711,4.2322234505373,2.2873859925724,283
-7.6926,53.28823,2021/02/11 00:00:00+00,Thu 11 Feb 2021,6127,429,0,185059,97133,7,185066,97140,4.37713782404694,2.29753260041239,284
-7.6926,53.28823,2021/02/12 00:00:00+00,Fri 12 Feb 2021,4353,514,0,189412,97647,7,189419,97654,4.48009396373806,2.30968960840716,285
-7.6926,53.28823,2021/02/13 00:00:00+00,Sat 13 Feb 2021,1180,1907,0,190592,99554,7,190599,99561,4.50800304823967,2.35479352717375,286
-7.6926,53.28823,2021/02/14 00:00:00+00,Sun 14 Feb 2021,2670,17,0,193262,99571,7,193269,99578,4.5711532648662,2.35519560720471,287
-7.6926,53.28823,2021/02/15 00:00:00+00,Mon 15 Feb 2021,1921,7862,0,195183,107433,7,195190,107440,4.61658830836416,2.54114579563833,288
-7.6926,53.28823,2021/02/16 00:00:00+00,Tue 16 Feb 2021,5593,8141,0,200776,115574,7,200783,115581,4.7488726385485,2.73369482693293,289
-7.6926,53.28823,2021/02/17 00:00:00+00,Wed 17 Feb 2021,9696,8456,0,210472,124030,7,210479,124037,4.97820016679226,2.93369416468347,290
-7.6926,53.28823,2021/02/18 00:00:00+00,Thu 18 Feb 2021,8425,8323,0,218897,132353,7,218904,132360,5.17746629978046,3.13054781748594,291
-7.6926,53.28823,2021/02/19 00:00:00+00,Fri 19 Feb 2021,9358,6561,0,228255,138914,7,228262,138921,5.39879953093817,3.28572705766821,292
-7.6926,53.28823,2021/02/20 00:00:00+00,Sat 20 Feb 2021,5852,3558,1,234107,142472,8,234115,142480,5.53723332041947,3.36990369473706,293
-7.6926,53.28823,2021/02/21 00:00:00+00,Sun 21 Feb 2021,1085,1016,4,235192,143488,12,235204,143500,5.56299009416714,3.39402849659438,294
-7.6926,53.28823,2021/02/22 00:00:00+00,Mon 22 Feb 2021,3906,1097,1,239098,144585,13,239111,144598,5.65539754598731,3.4199981362408,295
-7.6926,53.28823,2021/02/23 00:00:00+00,Tue 23 Feb 2021,13318,1052,0,252416,145637,13,252429,145650,5.9703917725911,3.44487979462698,296
-7.6926,53.28823,2021/02/24 00:00:00+00,Wed 24 Feb 2021,16882,2079,2,269298,147716,15,269313,147731,6.36972819862943,3.49409912076923,297
-7.6926,53.28823,2021/02/25 00:00:00+00,Thu 25 Feb 2021,18004,1734,1,287302,149450,16,287318,149466,6.79557825494428,3.53513493569321,298
-7.6926,53.28823,2021/02/26 00:00:00+00,Fri 26 Feb 2021,16033,2741,0,303335,152191,16,303351,152207,7.17478702766831,3.59996442774314,299
-7.6926,53.28823,2021/02/27 00:00:00+00,Sat 27 Feb 2021,8938,697,1,312273,152888,17,312290,152905,7.38621016865129,3.61647336077884,300
-7.6926,53.28823,2021/02/28 00:00:00+00,Sun 28 Feb 2021,2415,46,1,314688,152934,18,314706,152952,7.44335283658001,3.6175849938056,301
-7.6926,53.28823,2021/03/01 00:00:00+00,Mon 01 Mar 2021,5530,774,0,320218,153708,18,320236,153726,7.57414710547316,3.63589146109734,302
-7.6926,53.28823,2021/03/02 00:00:00+00,Tue 02 Mar 2021,12120,1587,0,332338,155295,18,332356,155313,7.86080651577786,3.67342681457535,303
-7.6926,53.28823,2021/03/03 00:00:00+00,Wed 03 Mar 2021,12798,1483,1,345136,156778,19,345155,156797,8.16352547555424,3.70852603610111,304
-7.6926,53.28823,2021/03/04 00:00:00+00,Thu 04 Mar 2021,18647,1670,1,363783,158448,20,363803,158468,8.60458361774583,3.74804813796738,305
-7.6926,53.28823,2021/03/05 00:00:00+00,Fri 05 Mar 2021,18364,2376,2,382147,160824,22,382169,160846,9.03897196177685,3.80429203876808,306
-7.6926,53.28823,2021/03/06 00:00:00+00,Sat 06 Mar 2021,10363,124,0,392510,160948,22,392532,160970,9.28407521829398,3.80722485781741,307
-7.6926,53.28823,2021/03/07 00:00:00+00,Sun 07 Mar 2021,1478,6,0,393988,160954,22,394010,160976,9.31903252922057,3.80736676841657,308
-7.6926,53.28823,2021/03/08 00:00:00+00,Mon 08 Mar 2021,6587,1478,1,400575,162432,23,400598,162455,9.47485036709907,3.84234773110969,309
-7.6926,53.28823,2021/03/09 00:00:00+00,Tue 09 Mar 2021,13725,3080,2,414300,165512,25,414325,165537,9.79951816621232,3.91524247554526,310
-7.6926,53.28823,2021/03/10 00:00:00+00,Wed 10 Mar 2021,13630,3964,0,427930,169476,25,427955,169501,10.1218917439725,4.00899807805745,311
-7.6926,53.28823,2021/03/11 00:00:00+00,Thu 11 Mar 2021,18364,2077,0,446294,171553,25,446319,171578,10.5562327844704,4.0581227971336,312
-7.6926,53.28823,2021/03/12 00:00:00+00,Fri 12 Mar 2021,17226,1317,2,463520,172870,27,463547,172897,10.963705418194,4.08931947718243,313
-7.6926,53.28823,2021/03/13 00:00:00+00,Sat 13 Mar 2021,8218,158,0,471738,173028,27,471765,173055,11.1580756355111,4.09305645629366,314
-7.6926,53.28823,2021/03/14 00:00:00+00,Sun 14 Mar 2021,333,10,1,472071,173038,28,472099,173066,11.1659753255311,4.09331662572546,315
-7.6926,53.28823,2021/03/15 00:00:00+00,Mon 15 Mar 2021,2555,968,0,474626,174006,28,474654,174034,11.226405589007,4.11621153572339,316
-7.6926,53.28823,2021/03/16 00:00:00+00,Tue 16 Mar 2021,8849,3786,0,483475,177792,28,483503,177820,11.4357000710026,4.20575712379382,317
-7.6926,53.28823,2021/03/17 00:00:00+00,Wed 17 Mar 2021,4818,2389,5,488293,180181,33,488326,180214,11.5497725409613,4.26237945285895,318
-7.6926,53.28823,2021/03/18 00:00:00+00,Thu 18 Mar 2021,11621,4658,1,499914,184839,34,499948,184873,11.8246533715357,4.37257303310727,319
-7.6926,53.28823,2021/03/19 00:00:00+00,Fri 19 Mar 2021,10242,6091,1,510156,190930,35,510191,190965,12.0669184160696,4.51665959478848,320
-7.6926,53.28823,2021/03/20 00:00:00+00,Sat 20 Mar 2021,5130,3090,2,515286,194020,37,515323,194057,12.1882992818851,4.58979085688931,321
-7.6926,53.28823,2021/03/21 00:00:00+00,Sun 21 Mar 2021,3564,40,0,518850,194060,37,518887,194097,12.2725941777865,4.59073692755038,322
-7.6926,53.28823,2021/03/22 00:00:00+00,Mon 22 Mar 2021,7305,2370,0,526155,196430,37,526192,196467,12.4453703322647,4.64679161421887,323
-7.6926,53.28823,2021/03/23 00:00:00+00,Tue 23 Mar 2021,12450,7353,2,538605,203783,39,538644,203822,12.7398821290563,4.82075035702342,324
-7.6926,53.28823,2021/03/24 00:00:00+00,Wed 24 Mar 2021,13506,9742,0,552111,213525,39,552150,213564,13.0593228877672,5.05116586652741,325
-7.6926,53.28823,2021/03/25 00:00:00+00,Thu 25 Mar 2021,20754,10181,2,572865,223706,41,572906,223747,13.5502389537972,5.29201180506971,326
-7.6926,53.28823,2021/03/26 00:00:00+00,Fri 26 Mar 2021,19583,9444,1,592448,233150,42,592490,233192,14.0134351494579,5.51540273991524,327
-7.6926,53.28823,2021/03/27 00:00:00+00,Sat 27 Mar 2021,11632,5300,1,604080,238450,43,604123,238493,14.288576149464,5.64078075427376,328
-7.6926,53.28823,2021/03/28 00:00:00+00,Sun 28 Mar 2021,2426,464,0,606506,238914,43,606549,238957,14.345955335058,5.65175517394219,329
-7.6926,53.28823,2021/03/28 23:00:00+00,Mon 29 Mar 2021,9162,3072,1,615668,241986,44,615712,242030,14.562676471743,5.72443705247901,330
-7.6926,53.28823,2021/03/29 23:00:00+00,Tue 30 Mar 2021,13221,8617,1,628889,250603,45,628934,250648,14.8754001287602,5.92826797640689,331
-7.6926,53.28823,2021/03/30 23:00:00+00,Wed 31 Mar 2021,15680,10432,0,644569,261035,45,644614,261080,15.2462598279003,6.17500320481436,332
-7.6926,53.28823,2021/03/31 23:00:00+00,Thu 01 Apr 2021,19565,11577,0,664134,272612,45,664179,272657,15.7090066399969,6.44881970589501,333
-7.6926,53.28823,2021/04/01 23:00:00+00,Fri 02 Apr 2021,20027,13675,4,684161,286287,49,684210,286336,16.1827751752951,6.77235222021497,334
-7.6926,53.28823,2021/04/02 23:00:00+00,Sat 03 Apr 2021,7443,4603,0,691604,290890,49,691653,290939,16.358815273554,6.88122130153779,335
-7.6926,53.28823,2021/04/03 23:00:00+00,Sun 04 Apr 2021,2949,154,0,694553,291044,49,694602,291093,16.4285643330415,6.88486367358292,336
-7.6926,53.28823,2021/04/04 23:00:00+00,Mon 05 Apr 2021,3350,573,1,697903,291617,50,697953,291667,16.5078214026727,6.89843978756929,337
-7.6926,53.28823,2021/04/05 23:00:00+00,Tue 06 Apr 2021,11854,8118,4,709757,299735,54,709811,299789,16.7882840501474,7.09053943529988,338
-7.6926,53.28823,2021/04/06 23:00:00+00,Wed 07 Apr 2021,18211,10418,3,727968,310153,57,728025,310210,17.2190773256664,7.33701449427556,339
-7.6926,53.28823,2021/04/07 23:00:00+00,Thu 08 Apr 2021,20044,10515,1,748012,320668,58,748070,320726,17.6931769856959,7.58573647107129,340
-7.6926,53.28823,2021/04/08 23:00:00+00,Fri 09 Apr 2021,20587,9104,2,768599,329772,60,768659,329832,18.180143206716,7.80110945706424,341
-7.6926,53.28823,2021/04/09 23:00:00+00,Sat 10 Apr 2021,11052,4132,3,779651,333904,63,779714,333967,18.4416134856696,7.89890951165252,342
-7.6926,53.28823,2021/04/10 23:00:00+00,Sun 11 Apr 2021,2788,325,0,782439,334229,63,782502,334292,18.5075546107463,7.90659633577372,343
-7.6926,53.28823,2021/04/11 23:00:00+00,Mon 12 Apr 2021,7666,2720,5,790105,336949,68,790173,337017,18.6889873117733,7.97104739955923,344
-7.6926,53.28823,2021/04/12 23:00:00+00,Tue 13 Apr 2021,11397,8526,0,801502,345475,68,801570,345543,18.9585464948792,8.17270236096664,345
-7.6926,53.28823,2021/04/13 23:00:00+00,Wed 14 Apr 2021,20222,6541,2,821724,352016,70,821794,352086,19.436879821117,8.32745586935143,346
-7.6926,53.28823,2021/04/14 23:00:00+00,Thu 15 Apr 2021,26988,10730,1,848712,362746,71,848783,362817,20.0752173479085,8.58126297595041,347
-7.6926,53.28823,2021/04/15 23:00:00+00,Fri 16 Apr 2021,27851,9767,1,876563,372513,72,876635,372585,20.7339663492127,8.8122934313841,348
-7.6926,53.28823,2021/04/16 23:00:00+00,Sat 17 Apr 2021,15729,4491,1,892292,377004,73,892365,377077,21.1060086366791,8.91853716662244,349
-7.6926,53.28823,2021/04/17 23:00:00+00,Sun 18 Apr 2021,1002,440,0,893294,377444,73,893367,377517,21.1297077067389,8.92894394389423,350
-7.6926,53.28823,2021/04/18 23:00:00+00,Mon 19 Apr 2021,6644,2186,0,899938,379630,73,900011,379703,21.2868500435429,8.98064670552179,351
-7.6926,53.28823,2021/04/19 23:00:00+00,Tue 20 Apr 2021,14954,7244,0,914892,386874,73,914965,386947,21.6405385601845,9.15198010224186,352
-7.6926,53.28823,2021/04/20 23:00:00+00,Wed 21 Apr 2021,26554,9783,1,941446,396657,74,941520,396731,22.2686112203034,9.38338898593997,353
-7.6926,53.28823,2021/04/21 23:00:00+00,Thu 22 Apr 2021,31490,12106,0,972936,408763,74,973010,408837,23.0134053482321,9.66971727151329,354
-7.6926,53.28823,2021/04/22 23:00:00+00,Fri 23 Apr 2021,33458,12319,0,1006394,421082,74,1006468,421156,23.8047461526854,9.96108338335682,355
-7.6926,53.28823,2021/04/23 23:00:00+00,Sat 24 Apr 2021,23559,6937,0,1029953,428019,74,1030027,428093,24.36195812029,10.1251556877532,356
-7.6926,53.28823,2021/04/24 23:00:00+00,Sun 25 Apr 2021,9676,247,1,1039629,428266,75,1039704,428341,24.5908362649698,10.1310213258518,357
-7.6926,53.28823,2021/04/25 23:00:00+00,Mon 26 Apr 2021,15453,2976,1,1055082,431242,76,1055158,431318,24.9563506648748,10.2014326348021,358
