X,Y,VaccinationDate,VaccineText,Dose1,Dose2,SingleDose,Dose1Cum,Dose2Cum,SingleDoseCum,PartiallyVacc,FullyVacc,PartialPercent,FullyPercent,ObjectId
-7.6926,53.28823,2021/12/17 00:00:00+00,Fri 17 Dec 2021,1214,2433,1,3671372,3615064,240139,3911511,3855203,83.0662189760809,81.8704425464338,1
-7.6926,53.28823,2021/12/18 00:00:00+00,Sat 18 Dec 2021,1262,1172,0,3672634,3616236,240139,3912773,3856375,83.0930192505395,81.8953315493383,2
-7.6926,53.28823,2021/12/19 00:00:00+00,Sun 19 Dec 2021,560,877,0,3673194,3617113,240139,3913333,3857252,83.1049116068761,81.9139558288155,3
-7.6926,53.28823,2021/12/20 00:00:00+00,Mon 20 Dec 2021,539,591,0,3673733,3617704,240139,3913872,3857843,83.1163579998501,81.9265065120207,4
-7.6926,53.28823,2021/12/21 00:00:00+00,Tue 21 Dec 2021,1459,1781,3,3675192,3619485,240142,3915334,3859627,83.1474055444289,81.9643921614931,5
-7.6926,53.28823,2021/12/22 00:00:00+00,Wed 22 Dec 2021,1227,1556,2,3676419,3621041,240144,3916563,3861185,83.1735050193176,81.9974783957296,6
-7.6926,53.28823,2021/12/23 00:00:00+00,Thu 23 Dec 2021,958,1344,0,3677377,3622385,240144,3917521,3862529,83.1938494431935,82.0260200509375,7
-7.6926,53.28823,2021/12/24 00:00:00+00,Fri 24 Dec 2021,104,140,0,3677481,3622525,240144,3917625,3862669,83.196058023656,82.0289931400217,8
-7.6926,53.28823,2021/12/25 00:00:00+00,Sat 25 Dec 2021,2,0,0,3677483,3622525,240144,3917627,3862669,83.1961004963572,82.0289931400217,9
-7.6926,53.28823,2021/12/26 00:00:00+00,Sun 26 Dec 2021,10,7,0,3677493,3622532,240144,3917637,3862676,83.1963128598632,82.0291417944759,10
-7.6926,53.28823,2021/12/27 00:00:00+00,Mon 27 Dec 2021,388,581,0,3677881,3623113,240144,3918025,3863257,83.2045525638965,82.0414801141751,11
-7.6926,53.28823,2021/12/28 00:00:00+00,Tue 28 Dec 2021,464,737,0,3678345,3623850,240144,3918489,3863994,83.2144062305754,82.0571313045681,12
-7.6926,53.28823,2021/12/29 00:00:00+00,Wed 29 Dec 2021,1080,1285,0,3679425,3625135,240144,3919569,3865279,83.2373414892246,82.0844200150906,13
-7.6926,53.28823,2021/12/30 00:00:00+00,Thu 30 Dec 2021,1070,1173,1,3680495,3626308,240145,3920640,3866453,83.2600856207183,82.1093514906962,14
-7.6926,53.28823,2021/12/31 00:00:00+00,Fri 31 Dec 2021,721,1668,0,3681216,3627976,240145,3921361,3868121,83.2753970295017,82.1447737234989,15
-7.6926,53.28823,2022/01/01 00:00:00+00,Sat 01 Jan 2022,71,96,0,3681287,3628072,240145,3921432,3868217,83.2769048103944,82.1468124131566,16
-7.6926,53.28823,2022/01/02 00:00:00+00,Sun 02 Jan 2022,270,623,0,3681557,3628695,240145,3921702,3868840,83.2826386250567,82.1600426595811,17
-7.6926,53.28823,2022/01/03 00:00:00+00,Mon 03 Jan 2022,3633,717,1,3685190,3629412,240146,3925336,3869558,83.3598115231411,82.1752903593127,18
-7.6926,53.28823,2022/01/04 00:00:00+00,Tue 04 Jan 2022,1192,763,0,3686382,3630175,240146,3926528,3870321,83.3851252530577,82.1914936948213,19
-7.6926,53.28823,2022/01/05 00:00:00+00,Wed 05 Jan 2022,2143,884,0,3688525,3631059,240146,3928671,3871205,83.4306347523958,82.2102666287527,20
-7.6926,53.28823,2022/01/06 00:00:00+00,Thu 06 Jan 2022,2464,1667,0,3690989,3632726,240146,3931135,3872872,83.482961120277,82.2456676252047,21
-7.6926,53.28823,2022/01/07 00:00:00+00,Fri 07 Jan 2022,4859,765,0,3695848,3633491,240146,3935994,3873637,83.5861485478477,82.2619134334146,22
-7.6926,53.28823,2022/01/08 00:00:00+00,Sat 08 Jan 2022,9792,733,1,3705640,3634224,240147,3945787,3874371,83.7941161292844,82.2775009147558,23
-7.6926,53.28823,2022/01/09 00:00:00+00,Sun 09 Jan 2022,7115,662,0,3712755,3634886,240147,3952902,3875033,83.9452127638112,82.2915593788537,24
-7.6926,53.28823,2022/01/10 00:00:00+00,Mon 10 Jan 2022,6656,489,0,3719411,3635375,240147,3959558,3875522,84.0865619134122,82.3019439542977,25
-7.6926,53.28823,2022/01/11 00:00:00+00,Tue 11 Jan 2022,4774,1344,1,3724185,3636719,240148,3964333,3876867,84.1879654875325,82.3305068458562,26
-7.6926,53.28823,2022/01/12 00:00:00+00,Wed 12 Jan 2022,7560,888,1,3731745,3637607,240149,3971894,3877756,84.3485335344274,82.3493859615405,27
-7.6926,53.28823,2022/01/13 00:00:00+00,Thu 13 Jan 2022,7328,789,0,3739073,3638396,240149,3979222,3878545,84.5041535116323,82.3661414421648,28
-7.6926,53.28823,2022/01/14 00:00:00+00,Fri 14 Jan 2022,10729,818,0,3749802,3639214,240149,3989951,3879363,84.7319983172316,82.3835127769565,29
-7.6926,53.28823,2022/01/15 00:00:00+00,Sat 15 Jan 2022,8354,637,0,3758156,3639851,240149,3998305,3880000,84.9094067901532,82.3970403322894,30
-7.6926,53.28823,2022/01/16 00:00:00+00,Sun 16 Jan 2022,6966,1212,1,3765122,3641063,240150,4005272,3881213,85.0573604447911,82.4228000255686,31
-7.6926,53.28823,2022/01/17 00:00:00+00,Mon 17 Jan 2022,2565,546,0,3767687,3641609,240150,4007837,3881759,85.1118316840829,82.4343950729968,32
-7.6926,53.28823,2022/01/18 00:00:00+00,Tue 18 Jan 2022,4064,426,3,3771751,3642035,240153,4011904,3882188,85.1981999219776,82.4435054674046,33
-7.6926,53.28823,2022/01/19 00:00:00+00,Wed 19 Jan 2022,3488,611,0,3775239,3642646,240153,4015392,3882799,85.2722723128743,82.4564808776219,34
-7.6926,53.28823,2022/01/20 00:00:00+00,Thu 20 Jan 2022,3697,924,1,3778936,3643570,240154,4019090,3883724,85.3508043373972,82.4761245019279,35
-7.6926,53.28823,2022/01/21 00:00:00+00,Fri 21 Jan 2022,3254,965,0,3782190,3644535,240154,4022344,3884689,85.4199074222532,82.496617580258,36
-7.6926,53.28823,2022/01/22 00:00:00+00,Sat 22 Jan 2022,4271,638,0,3786461,3645173,240154,4026615,3885327,85.5106078756705,82.5101663719415,37
-7.6926,53.28823,2022/01/23 00:00:00+00,Sun 23 Jan 2022,3092,677,0,3789553,3645850,240154,4029707,3886004,85.5762706717291,82.5245433812985,38
-7.6926,53.28823,2022/01/24 00:00:00+00,Mon 24 Jan 2022,645,457,0,3790198,3646307,240154,4030352,3886461,85.5899681178668,82.5342483935232,39
-7.6926,53.28823,2022/01/25 00:00:00+00,Tue 25 Jan 2022,697,1829,0,3790895,3648136,240154,4031049,3888290,85.6047698542358,82.5730896787726,40
-7.6926,53.28823,2022/01/26 00:00:00+00,Wed 26 Jan 2022,701,884,0,3791596,3649020,240154,4031750,3889174,85.6196565360072,82.591862612704,41
-7.6926,53.28823,2022/01/27 00:00:00+00,Thu 27 Jan 2022,1275,1162,0,3792871,3650182,240154,4033025,3890336,85.6467328830236,82.6165392521025,42
-7.6926,53.28823,2022/01/28 00:00:00+00,Fri 28 Jan 2022,1031,3090,0,3793902,3653272,240154,4034056,3893426,85.6686275604933,82.6821595754599,43
-7.6926,53.28823,2022/01/29 00:00:00+00,Sat 29 Jan 2022,2325,3441,0,3796227,3656713,240154,4036381,3896867,85.7180020756409,82.7552338578783,44
-7.6926,53.28823,2022/01/30 00:00:00+00,Sun 30 Jan 2022,1634,7537,0,3797861,3664250,240154,4038015,3904404,85.7527022725231,82.9152922323588,45
-7.6926,53.28823,2022/01/31 00:00:00+00,Mon 31 Jan 2022,480,1384,0,3798341,3665634,240154,4038495,3905788,85.7628957208117,82.9446833415907,46
-7.6926,53.28823,2022/02/01 00:00:00+00,Tue 01 Feb 2022,763,3412,1,3799104,3669046,240155,4039259,3909201,85.7791202926709,83.0171630061923,47
-7.6926,53.28823,2022/02/02 00:00:00+00,Wed 02 Feb 2022,644,2991,0,3799748,3672037,240155,4039903,3912192,85.792796502458,83.0806809308402,48
-7.6926,53.28823,2021/04/24 23:00:00+00,Sun 25 Apr 2021,9740,298,2,1046775,430685,234,1047009,430919,22.2346502065129,9.15114696467779,49
-7.6926,53.28823,2022/02/03 00:00:00+00,Thu 03 Feb 2022,911,2427,1,3800659,3674464,240156,4040815,3914620,85.8121640542062,83.1322427900997,50
-7.6926,53.28823,2022/02/04 00:00:00+00,Fri 04 Feb 2022,1170,6514,0,3801829,3680978,240156,4041985,3921134,85.8370105844095,83.2705763779153,51
-7.6926,53.28823,2022/02/05 00:00:00+00,Sat 05 Feb 2022,1778,5746,0,3803607,3686724,240156,4043763,3926880,85.8747688157783,83.3926004484693,52
-7.6926,53.28823,2022/02/06 00:00:00+00,Sun 06 Feb 2022,1408,7555,0,3805015,3694279,240156,4045171,3934435,85.9046695974246,83.5530410772606,53
-7.6926,53.28823,2022/02/07 00:00:00+00,Mon 07 Feb 2022,439,1348,0,3805454,3695627,240156,4045610,3935783,85.9139923553385,83.5816676778709,54
-7.6926,53.28823,2022/02/08 00:00:00+00,Tue 08 Feb 2022,897,1231,0,3806351,3696858,240156,4046507,3937014,85.9330413618277,83.6078096254609,55
-7.6926,53.28823,2022/02/09 00:00:00+00,Wed 09 Feb 2022,1332,1779,0,3807683,3698637,240156,4047839,3938793,85.9613281808284,83.6455890931802,56
-7.6926,53.28823,2022/02/10 00:00:00+00,Thu 10 Feb 2022,690,2540,0,3808373,3701177,240156,4048529,3941333,85.9759812627431,83.699529423707,57
-7.6926,53.28823,2022/02/11 00:00:00+00,Fri 11 Feb 2022,557,4909,0,3808930,3706086,240156,4049086,3946242,85.987809910028,83.8037786688079,58
-7.6926,53.28823,2022/02/12 00:00:00+00,Sat 12 Feb 2022,1395,5460,0,3810325,3711546,240156,4050481,3951702,86.0174346191165,83.9197291430899,59
-7.6926,53.28823,2022/02/13 00:00:00+00,Sun 13 Feb 2022,1567,4707,0,3811892,3716253,240156,4052048,3956409,86.0507119805084,84.0196886453693,60
-7.6926,53.28823,2022/02/14 00:00:00+00,Mon 14 Feb 2022,175,948,1,3812067,3717201,240157,4052224,3957358,86.0544495782142,84.0398419420897,61
-7.6926,53.28823,2022/02/15 00:00:00+00,Tue 15 Feb 2022,649,811,1,3812716,3718012,240158,4052874,3958170,86.0682532061049,84.0570858587779,62
-7.6926,53.28823,2022/02/16 00:00:00+00,Wed 16 Feb 2022,793,1782,0,3813509,3719794,240158,4053667,3959952,86.0850936321316,84.094929035549,63
-7.6926,53.28823,2022/02/17 00:00:00+00,Thu 17 Feb 2022,795,1183,2,3814304,3720977,240160,4054464,3961137,86.1020190035607,84.1200941110113,64
-7.6926,53.28823,2022/02/18 00:00:00+00,Fri 18 Feb 2022,797,3288,0,3815101,3724265,240160,4055261,3964425,86.1189443749898,84.1899192317878,65
-7.6926,53.28823,2022/02/19 00:00:00+00,Sat 19 Feb 2022,977,3550,0,3816078,3727815,240160,4056238,3967975,86.1396922895271,84.2653082764217,66
-7.6926,53.28823,2022/02/20 00:00:00+00,Sun 20 Feb 2022,1367,3587,0,3817445,3731402,240160,4057605,3971562,86.1687223807988,84.3414830660278,67
-7.6926,53.28823,2022/02/21 00:00:00+00,Mon 21 Feb 2022,252,988,2,3817697,3732390,240162,4057859,3972552,86.1741164138515,84.362507053123,68
-7.6926,53.28823,2022/02/22 00:00:00+00,Tue 22 Feb 2022,475,971,0,3818172,3733361,240162,4058334,3973523,86.184203680387,84.3831275495566,69
-7.6926,53.28823,2022/02/23 00:00:00+00,Wed 23 Feb 2022,829,1270,1,3819001,3734631,240163,4059164,3974794,86.2018298513859,84.4101189511706,70
-7.6926,53.28823,2022/02/24 00:00:00+00,Thu 24 Feb 2022,658,1226,0,3819659,3735857,240163,4059822,3976020,86.2158033700814,84.4361547170076,71
-7.6926,53.28823,2022/02/25 00:00:00+00,Fri 25 Feb 2022,690,1219,0,3820349,3737076,240163,4060512,3977239,86.2304564519962,84.4620418283903,72
-7.6926,53.28823,2022/02/26 00:00:00+00,Sat 26 Feb 2022,959,2088,0,3821308,3739164,240163,4061471,3979327,86.2508221122227,84.5063833284454,73
-7.6926,53.28823,2022/02/27 00:00:00+00,Sun 27 Feb 2022,671,1780,0,3821979,3740944,240163,4062142,3981107,86.265071703476,84.5441840325154,74
-7.6926,53.28823,2022/02/28 00:00:00+00,Mon 28 Feb 2022,86,424,0,3822065,3741368,240163,4062228,3981531,86.2668980296277,84.5531882451703,75
-7.6926,53.28823,2022/03/01 00:00:00+00,Tue 01 Mar 2022,126,939,0,3822191,3742307,240163,4062354,3982470,86.2695738098034,84.5731291783847,76
-7.6926,53.28823,2022/03/02 00:00:00+00,Wed 02 Mar 2022,206,988,2,3822397,3743295,240165,4062562,3983460,86.2739909707284,84.5941531654798,77
-7.6926,53.28823,2022/03/03 00:00:00+00,Thu 03 Mar 2022,274,1274,0,3822671,3744569,240165,4062836,3984734,86.2798097307932,84.6212082761456,78
-7.6926,53.28823,2022/03/04 00:00:00+00,Fri 04 Mar 2022,731,1500,2,3823402,3746069,240167,4063569,3986236,86.2953759757838,84.6531052747485,79
-7.6926,53.28823,2022/03/05 00:00:00+00,Sat 05 Mar 2022,963,3340,0,3824365,3749409,240167,4064532,3989576,86.3158265814126,84.7240346857562,80
-7.6926,53.28823,2022/03/06 00:00:00+00,Sun 06 Mar 2022,456,1914,0,3824821,3751323,240167,4064988,3991490,86.3255103572867,84.7646810608067,81
-7.6926,53.28823,2022/03/07 00:00:00+00,Mon 07 Mar 2022,111,119,0,3824932,3751442,240167,4065099,3991609,86.3278675922035,84.7672081865282,82
-7.6926,53.28823,2022/03/08 00:00:00+00,Tue 08 Mar 2022,119,492,0,3825051,3751934,240167,4065218,3992101,86.330394717925,84.777656471024,83
-7.6926,53.28823,2022/03/09 00:00:00+00,Wed 09 Mar 2022,124,335,0,3825175,3752269,240167,4065342,3992436,86.3330280253995,84.7847706484753,84
-7.6926,53.28823,2022/03/10 00:00:00+00,Thu 10 Mar 2022,255,507,0,3825430,3752776,240167,4065597,3992943,86.3384432948028,84.7955374782301,85
-7.6926,53.28823,2022/03/11 00:00:00+00,Fri 11 Mar 2022,496,2175,0,3825926,3754951,240167,4066093,3995118,86.348976524701,84.8417265407875,86
-7.6926,53.28823,2022/03/12 00:00:00+00,Sat 12 Mar 2022,473,2388,2,3826399,3757339,240169,4066568,3997508,86.3590637912365,84.8924814187241,87
-7.6926,53.28823,2022/03/13 00:00:00+00,Sun 13 Mar 2022,359,1081,0,3826758,3758420,240169,4066927,3998589,86.3666876411023,84.9154379137239,88
-7.6926,53.28823,2022/03/14 00:00:00+00,Mon 14 Mar 2022,107,120,0,3826865,3758540,240169,4067034,3998709,86.3689599306166,84.9179862757961,89
-7.6926,53.28823,2022/03/15 00:00:00+00,Tue 15 Mar 2022,224,755,0,3827089,3759295,240169,4067258,3999464,86.3737168731512,84.9340197204999,90
-7.6926,53.28823,2022/03/16 00:00:00+00,Wed 16 Mar 2022,197,793,0,3827286,3760088,240169,4067455,4000257,86.3779004342197,84.9508601465266,91
-7.6926,53.28823,2022/03/18 00:00:00+00,Fri 18 Mar 2022,3,6,0,3827289,3760094,240169,4067458,4000263,86.3779641432715,84.9509875646302,92
-7.6926,53.28823,2022/03/19 00:00:00+00,Sat 19 Mar 2022,742,2777,0,3828031,3762871,240169,4068200,4003040,86.3937215154175,85.0099609102494,93
-7.6926,53.28823,2022/03/20 00:00:00+00,Sun 20 Mar 2022,394,1399,0,3828425,3764270,240169,4068594,4004439,86.4020886375543,85.0396705647404,94
-7.6926,53.28823,2022/03/21 00:00:00+00,Mon 21 Mar 2022,52,109,0,3828477,3764379,240169,4068646,4004548,86.4031929277856,85.0419853269559,95
-7.6926,53.28823,2022/03/22 00:00:00+00,Tue 22 Mar 2022,138,568,0,3828615,3764947,240169,4068784,4005116,86.4061235441685,85.0540475740974,96
-7.6926,53.28823,2022/03/23 00:00:00+00,Wed 23 Mar 2022,95,219,0,3828710,3765166,240169,4068879,4005335,86.4081409974756,85.058698334879,97
-7.6926,53.28823,2022/03/24 00:00:00+00,Thu 24 Mar 2022,147,235,0,3828857,3765401,240169,4069026,4005570,86.411262741014,85.0636888772703,98
-7.6926,53.28823,2022/03/25 00:00:00+00,Fri 25 Mar 2022,433,1613,0,3829290,3767014,240169,4069459,4007183,86.4204580808243,85.0979431107898,99
-7.6926,53.28823,2022/03/26 00:00:00+00,Sat 26 Mar 2022,871,1847,0,3830161,3768861,240169,4070330,4009030,86.4389549421978,85.1371666503501,100
-7.6926,53.28823,2022/03/27 00:00:00+00,Sun 27 Mar 2022,379,801,0,3830540,3769662,240169,4070709,4009831,86.4470035190757,85.1541769671816,101
-7.6926,53.28823,2022/03/27 23:00:00+00,Mon 28 Mar 2022,37,51,0,3830577,3769713,240169,4070746,4009882,86.4477892640479,85.1552600210622,102
-7.6926,53.28823,2022/03/28 23:00:00+00,Tue 29 Mar 2022,136,183,3,3830713,3769896,240172,4070885,4010068,86.4507411167814,85.159209982274,103
-7.6926,53.28823,2022/03/29 23:00:00+00,Wed 30 Mar 2022,107,133,0,3830820,3770029,240172,4070992,4010201,86.4530134062958,85.162034416904,104
-7.6926,53.28823,2022/03/30 23:00:00+00,Thu 31 Mar 2022,217,344,0,3831037,3770373,240172,4071209,4010545,86.4576216943762,85.1693397215108,105
-7.6926,53.28823,2022/03/31 23:00:00+00,Fri 01 Apr 2022,308,897,0,3831345,3771270,240172,4071517,4011442,86.4641624903613,85.1883887279999,106
-7.6926,53.28823,2022/04/01 23:00:00+00,Sat 02 Apr 2022,725,1537,0,3832070,3772807,240172,4072242,4012979,86.4795588445472,85.2210289988738,107
-7.6926,53.28823,2022/04/02 23:00:00+00,Sun 03 Apr 2022,533,818,0,3832603,3773625,240172,4072775,4013797,86.4908778194175,85.2384003336655,108
-7.6926,53.28823,2022/04/03 23:00:00+00,Mon 04 Apr 2022,45,48,0,3832648,3773673,240172,4072820,4013845,86.4918334551946,85.2394196784944,109
-7.6926,53.28823,2022/04/04 23:00:00+00,Tue 05 Apr 2022,129,163,1,3832777,3773836,240173,4072950,4014009,86.4945941807727,85.242902439993,110
-7.6926,53.28823,2022/04/05 23:00:00+00,Wed 06 Apr 2022,157,202,0,3832934,3774038,240173,4073107,4014211,86.4979282878171,85.2471921828144,111
-7.6926,53.28823,2022/04/06 23:00:00+00,Thu 07 Apr 2022,113,150,0,3833047,3774188,240173,4073220,4014361,86.500327995435,85.2503776354046,112
-7.6926,53.28823,2022/04/07 23:00:00+00,Fri 08 Apr 2022,258,393,0,3833305,3774581,240173,4073478,4014754,86.5058069738901,85.2587235211908,113
-7.6926,53.28823,2022/04/08 23:00:00+00,Sat 09 Apr 2022,558,1007,0,3833863,3775588,240173,4074036,4015761,86.5176568575255,85.2801085262461,114
-7.6926,53.28823,2022/04/09 23:00:00+00,Sun 10 Apr 2022,409,719,0,3834272,3776307,240173,4074445,4016480,86.5263425249214,85.2953774623283,115
-7.6926,53.28823,2022/04/10 23:00:00+00,Mon 11 Apr 2022,68,79,0,3834340,3776386,240173,4074513,4016559,86.5277865967623,85.2970551340258,116
-7.6926,53.28823,2022/04/11 23:00:00+00,Tue 12 Apr 2022,187,163,2,3834527,3776549,240175,4074702,4016724,86.5318002670259,85.300559131875,117
-7.6926,53.28823,2021/04/25 23:00:00+00,Mon 26 Apr 2021,15563,3041,3,1062338,433726,237,1062575,433963,22.5652152399697,9.21579041590756,118
-7.6926,53.28823,2021/04/26 23:00:00+00,Tue 27 Apr 2021,25905,7804,9,1088243,441530,246,1088489,441776,23.1155340294467,9.38171002315399,119
-7.6926,53.28823,2021/04/27 23:00:00+00,Wed 28 Apr 2021,26018,8585,5,1114261,450115,251,1114512,450366,23.6681675811393,9.56413027481749,120
-7.6926,53.28823,2021/04/28 23:00:00+00,Thu 29 Apr 2021,31680,11331,6,1145941,461446,257,1146198,461703,24.3410625862859,9.80488678158222,121
-7.6926,53.28823,2021/04/29 23:00:00+00,Fri 30 Apr 2021,36110,13518,8,1182051,474964,265,1182316,475229,25.1080770972967,10.0921296598128,122
-7.6926,53.28823,2021/04/30 23:00:00+00,Sat 01 May 2021,16552,6684,18,1198603,481648,283,1198886,481931,25.459963426757,10.2344556815414,123
-7.6926,53.28823,2021/05/01 23:00:00+00,Sun 02 May 2021,12429,907,14,1211032,482555,297,1211329,482852,25.7242073372866,10.254014360445,124
-7.6926,53.28823,2021/05/02 23:00:00+00,Mon 03 May 2021,14242,912,21,1225274,483467,318,1225592,483785,26.0271014059101,10.2738278755558,125
-7.6926,53.28823,2021/05/03 23:00:00+00,Tue 04 May 2021,26635,6779,9,1251909,490246,327,1252236,490573,26.592922731326,10.4179802234361,126
-7.6926,53.28823,2021/05/04 23:00:00+00,Wed 05 May 2021,32082,13448,69,1283991,503694,396,1284387,504090,27.2756926395021,10.7050319745113,127
-7.6926,53.28823,2021/05/05 23:00:00+00,Thu 06 May 2021,37257,14371,132,1321248,518065,528,1321776,518593,28.0696985521269,11.0130227672791,128
-7.6926,53.28823,2021/05/06 23:00:00+00,Fri 07 May 2021,40579,15065,97,1361827,533130,625,1362452,533755,28.9335083491774,11.3350083150931,129
-7.6926,53.28823,2021/05/07 23:00:00+00,Sat 08 May 2021,25598,7035,10,1387425,540165,635,1388060,540800,29.4773288153705,11.4846184050779,130
-7.6926,53.28823,2021/05/08 23:00:00+00,Sun 09 May 2021,19660,920,4,1407085,541085,639,1407724,541724,29.8949204135907,11.5042407930333,131
-7.6926,53.28823,2021/05/09 23:00:00+00,Mon 10 May 2021,28813,4631,170,1435898,545716,809,1436707,546525,30.5104135630625,11.6061965122692,132
-7.6926,53.28823,2021/05/10 23:00:00+00,Tue 11 May 2021,33910,14805,151,1469808,560521,960,1470768,561481,31.2337449008868,11.9238073718593,133
-7.6926,53.28823,2021/05/11 23:00:00+00,Wed 12 May 2021,31270,20927,169,1501078,581448,1129,1502207,582577,31.9013945274349,12.3718094241403,134
-7.6926,53.28823,2021/05/12 23:00:00+00,Thu 13 May 2021,35979,25479,151,1537057,606927,1280,1538337,608207,32.6686638746529,12.9160970900466,135
-7.6926,53.28823,2021/05/13 23:00:00+00,Fri 14 May 2021,38200,27959,235,1575257,634886,1515,1576772,636401,33.4848830100064,13.5148347588942,136
-7.6926,53.28823,2021/05/14 23:00:00+00,Sat 15 May 2021,28841,12440,20,1604098,647326,1535,1605633,648861,34.0977853247049,13.7794396873839,137
-7.6926,53.28823,2021/05/15 23:00:00+00,Sun 16 May 2021,23160,1166,9,1627258,648492,1544,1628802,650036,34.5898103317819,13.8043923993402,138
-7.6926,53.28823,2021/05/16 23:00:00+00,Mon 17 May 2021,35371,3936,113,1662629,652428,1657,1664286,654085,35.3433609965115,13.8903783829241,139
-7.6926,53.28823,2021/05/17 23:00:00+00,Tue 18 May 2021,39027,12481,124,1701656,664909,1781,1703437,666690,36.1747853588954,14.158062582251,140
-7.6926,53.28823,2021/05/18 23:00:00+00,Wed 19 May 2021,37007,17585,204,1738663,682494,1985,1740648,684479,36.9650112011131,14.5358360230941,141
-7.6926,53.28823,2021/05/19 23:00:00+00,Thu 20 May 2021,39061,19642,134,1777724,702136,2119,1779843,704255,37.7973699629235,14.9558060925816,142
-7.6926,53.28823,2021/05/20 23:00:00+00,Fri 21 May 2021,25808,23248,14933,1803532,725384,17052,1820584,742436,38.6625601227631,15.7666311948824,143
-7.6926,53.28823,2021/05/21 23:00:00+00,Sat 22 May 2021,16570,10246,13522,1820102,735630,30574,1850676,766204,39.3016043850516,16.2713767759695,144
-7.6926,53.28823,2021/05/22 23:00:00+00,Sun 23 May 2021,8204,5517,10204,1828306,741147,40778,1869084,781925,39.6925231269167,16.6052334437694,145
-7.6926,53.28823,2021/05/23 23:00:00+00,Mon 24 May 2021,22519,8205,8448,1850825,749352,49226,1900051,798578,40.3501491959812,16.9588823903296,146
-7.6926,53.28823,2021/05/24 23:00:00+00,Tue 25 May 2021,30294,16478,3221,1881119,765830,52447,1933566,818277,41.0618854863772,17.3772172608208,147
-7.6926,53.28823,2021/05/25 23:00:00+00,Wed 26 May 2021,19939,25382,3048,1901058,791212,55495,1956553,846707,41.5500454776448,17.9809667084103,148
-7.6926,53.28823,2021/05/26 23:00:00+00,Thu 27 May 2021,16973,36014,551,1918031,827226,56046,1974077,883272,41.9221912855786,18.7574738681397,149
-7.6926,53.28823,2021/05/27 23:00:00+00,Fri 28 May 2021,26997,31812,1558,1945028,859038,57604,2002632,916642,42.5285952769932,19.4661308876986,150
-7.6926,53.28823,2021/05/28 23:00:00+00,Sat 29 May 2021,24443,7382,533,1969471,866420,58137,2027608,924557,43.0589943696064,19.6342166027063,151
-7.6926,53.28823,2021/05/29 23:00:00+00,Sun 30 May 2021,24217,1668,209,1993688,868088,58346,2052034,926434,43.577713469389,19.6740772327846,152
-7.6926,53.28823,2021/05/30 23:00:00+00,Mon 31 May 2021,22545,7311,3439,2016233,875399,61785,2078018,937184,44.1295188034081,19.9023680017465,153
-7.6926,53.28823,2021/05/31 23:00:00+00,Tue 01 Jun 2021,27492,11501,3647,2043725,886900,65432,2109157,952332,44.7907975247759,20.224056240652,154
-7.6926,53.28823,2021/06/01 23:00:00+00,Wed 02 Jun 2021,18650,20879,4004,2062375,907779,69436,2131811,977215,45.2718858112934,20.7524803526593,155
-7.6926,53.28823,2021/06/02 23:00:00+00,Thu 03 Jun 2021,16644,30698,1972,2079019,938477,71408,2150427,1009885,45.6672217140835,21.4462719267975,156
-7.6926,53.28823,2021/06/03 23:00:00+00,Fri 04 Jun 2021,28973,23335,150,2107992,961812,71558,2179550,1033370,46.2856879526395,21.9450076206644,157
-7.6926,53.28823,2021/06/04 23:00:00+00,Sat 05 Jun 2021,20925,11478,33,2128917,973290,71591,2200508,1044881,46.7307593885375,22.1894592524337,158
-7.6926,53.28823,2021/06/05 23:00:00+00,Sun 06 Jun 2021,19905,3893,39,2148822,977183,71630,2220452,1048813,47.154297164926,22.2729605829973,159
-7.6926,53.28823,2021/06/06 23:00:00+00,Mon 07 Jun 2021,19773,4564,40,2168595,981747,71670,2240265,1053417,47.5750529793857,22.3707327411648,160
-7.6926,53.28823,2021/06/07 23:00:00+00,Tue 08 Jun 2021,26366,18332,40,2194961,1000079,71710,2266671,1071789,48.1358200533585,22.7608869744083,161
-7.6926,53.28823,2021/06/08 23:00:00+00,Wed 09 Jun 2021,32748,20092,172,2227709,1020171,71882,2299591,1092053,48.8349207151468,23.1912203829891,162
-7.6926,53.28823,2021/06/09 23:00:00+00,Thu 10 Jun 2021,27641,27473,268,2255350,1047644,72150,2327500,1119794,49.4276060240731,23.7803379850144,163
-7.6926,53.28823,2021/06/10 23:00:00+00,Fri 11 Jun 2021,26396,32882,38,2281746,1080526,72188,2353934,1152714,49.9889677158627,24.4794386468028,164
-7.6926,53.28823,2021/06/11 23:00:00+00,Sat 12 Jun 2021,12179,19705,103,2293925,1100231,72291,2366216,1172522,50.2497925739455,24.9000882795095,165
-7.6926,53.28823,2021/06/12 23:00:00+00,Sun 13 Jun 2021,8528,18158,829,2302453,1118389,73120,2375573,1191509,50.44850110652,25.3033028683726,166
-7.6926,53.28823,2021/06/13 23:00:00+00,Mon 14 Jun 2021,15985,31287,45,2318438,1149676,73165,2391603,1222841,50.7889198066558,25.9686802054065,167
-7.6926,53.28823,2021/06/14 23:00:00+00,Tue 15 Jun 2021,14662,41555,201,2333100,1191231,73366,2406466,1264597,51.10455568564,26.8554252611062,168
-7.6926,53.28823,2021/06/15 23:00:00+00,Wed 16 Jun 2021,13422,48368,211,2346522,1239599,73577,2420099,1313176,51.3940708533849,27.8870659369573,169
-7.6926,53.28823,2021/06/16 23:00:00+00,Thu 17 Jun 2021,21538,42656,534,2368060,1282255,74111,2442171,1356366,51.8627995838525,28.8042639194191,170
-7.6926,53.28823,2021/06/17 23:00:00+00,Fri 18 Jun 2021,11983,50021,548,2380043,1332276,74659,2454702,1406935,52.1289122932349,29.8781649329664,171
-7.6926,53.28823,2021/06/18 23:00:00+00,Sat 19 Jun 2021,6282,32775,431,2386325,1365051,75090,2461415,1440141,52.2714719148201,30.5833391910267,172
-7.6926,53.28823,2021/06/19 23:00:00+00,Sun 20 Jun 2021,8488,26127,172,2394813,1391178,75262,2470075,1466440,52.4553787110257,31.1418339754852,173
-7.6926,53.28823,2021/06/20 23:00:00+00,Mon 21 Jun 2021,15439,32308,567,2410252,1423486,75829,2486081,1499315,52.795287738747,31.8399790014965,174
-7.6926,53.28823,2021/06/21 23:00:00+00,Tue 22 Jun 2021,15102,43513,716,2425354,1466999,76545,2501899,1543544,53.1312043325553,32.7792415522328,175
-7.6926,53.28823,2021/06/22 23:00:00+00,Wed 23 Jun 2021,20055,39357,878,2445409,1506356,77423,2522832,1583779,53.5757448596882,33.6336861186683,176
-7.6926,53.28823,2021/06/23 23:00:00+00,Thu 24 Jun 2021,18986,44236,1030,2464395,1550592,78453,2542848,1629045,54.00081165332,34.5949707649779,177
-7.6926,53.28823,2021/06/24 23:00:00+00,Fri 25 Jun 2021,15172,50107,833,2479567,1600699,79286,2558853,1679985,54.3406994446907,35.6767504645983,178
-7.6926,53.28823,2021/06/25 23:00:00+00,Sat 26 Jun 2021,9017,30529,497,2488584,1631228,79783,2568367,1711011,54.5427420843096,36.3356294783482,179
-7.6926,53.28823,2021/06/26 23:00:00+00,Sun 27 Jun 2021,8700,30450,54,2497284,1661678,79837,2577121,1741515,54.7286450974717,36.9834231170843,180
-7.6926,53.28823,2021/06/27 23:00:00+00,Mon 28 Jun 2021,24192,24616,514,2521476,1686294,80351,2601827,1766645,55.2533103754226,37.5170926076901,181
-7.6926,53.28823,2021/06/28 23:00:00+00,Tue 29 Jun 2021,28116,30984,805,2549592,1717278,81156,2630748,1798434,55.8674868711571,38.1921749569486,182
-7.6926,53.28823,2021/06/29 23:00:00+00,Wed 30 Jun 2021,22518,36831,574,2572110,1754109,81730,2653840,1835839,56.3578766792379,38.986520651183,183
-7.6926,53.28823,2021/06/30 23:00:00+00,Thu 01 Jul 2021,14939,48288,632,2587049,1802397,82362,2669411,1884759,56.6885478944477,40.025402922589,184
-7.6926,53.28823,2021/07/01 23:00:00+00,Fri 02 Jul 2021,13620,47224,811,2600669,1849621,83173,2683842,1932794,56.9950096699722,41.0454910237131,185
-7.6926,53.28823,2021/07/02 23:00:00+00,Sat 03 Jul 2021,9280,30448,503,2609949,1880069,83676,2693625,1963745,57.2027648879029,41.702777311168,186
-7.6926,53.28823,2021/07/03 23:00:00+00,Sun 04 Jul 2021,6414,27761,230,2616363,1907830,83906,2700269,1991736,57.3438592012966,42.2972040008435,187
-7.6926,53.28823,2021/07/04 23:00:00+00,Mon 05 Jul 2021,15547,33400,5331,2631910,1941230,89237,2721147,2030467,57.7872317291465,43.1197090959749,188
-7.6926,53.28823,2021/07/05 23:00:00+00,Tue 06 Jul 2021,12363,48264,5479,2644273,1989494,94716,2738989,2084210,58.1661306965714,44.2610142863301,189
-7.6926,53.28823,2021/07/06 23:00:00+00,Wed 07 Jul 2021,19650,43719,5050,2663923,2033213,99766,2763689,2132979,58.6906685564187,45.2966898687955,190
-7.6926,53.28823,2021/07/07 23:00:00+00,Thu 08 Jul 2021,17722,45557,5987,2681645,2078770,105753,2787398,2184523,59.1941611928203,46.3912963241788,191
-7.6926,53.28823,2021/07/08 23:00:00+00,Fri 09 Jul 2021,13484,45070,6522,2695129,2123840,112275,2807404,2236115,59.6190156229461,47.4869221243911,192
-7.6926,53.28823,2021/07/09 23:00:00+00,Sat 10 Jul 2021,8593,23840,4357,2703722,2147680,116632,2820354,2264312,59.8940263632304,48.0857235022904,193
-7.6926,53.28823,2021/07/10 23:00:00+00,Sun 11 Jul 2021,15208,16092,2148,2718930,2163772,118780,2837710,2282552,60.2626044642631,48.4730745372546,194
-7.6926,53.28823,2021/07/11 23:00:00+00,Mon 12 Jul 2021,17070,31708,6086,2736000,2195480,124866,2860866,2320346,60.7543533987823,49.2756811718728,195
-7.6926,53.28823,2021/07/12 23:00:00+00,Tue 13 Jul 2021,20060,36524,8479,2756060,2232004,133345,2889405,2365349,61.3604176085873,50.2313806579743,196
-7.6926,53.28823,2021/07/13 23:00:00+00,Wed 14 Jul 2021,20753,35655,9325,2776813,2267659,142670,2919483,2410329,61.9991645619674,51.1865917080121,197
-7.6926,53.28823,2021/07/14 23:00:00+00,Thu 15 Jul 2021,23577,28791,9567,2800390,2296450,152237,2952627,2448687,62.7030221662904,52.0011756443693,198
-7.6926,53.28823,2021/07/15 23:00:00+00,Fri 16 Jul 2021,23504,27365,9157,2823894,2323815,161394,2985288,2485209,63.3966226132731,52.7767696410229,199
-7.6926,53.28823,2021/07/16 23:00:00+00,Sat 17 Jul 2021,11465,19394,4671,2835359,2343209,166065,3001424,2509274,63.7392923665725,53.2878224182385,200
-7.6926,53.28823,2021/07/17 23:00:00+00,Sun 18 Jul 2021,16829,15781,1922,2852188,2358990,167987,3020175,2526977,64.1374951766939,53.6637695329298,201
-7.6926,53.28823,2021/07/18 23:00:00+00,Mon 19 Jul 2021,24838,18370,6238,2877026,2377360,174225,3051251,2551585,64.7974360079738,54.1863536485218,202
-7.6926,53.28823,2021/07/19 23:00:00+00,Tue 20 Jul 2021,30527,18125,7689,2907553,2395485,181914,3089467,2577399,65.6090043825457,54.7345488029388,203
-7.6926,53.28823,2021/07/20 23:00:00+00,Wed 21 Jul 2021,30306,19793,6880,2937859,2415278,188794,3126653,2604072,66.3986993159984,55.3009859825221,204
-7.6926,53.28823,2021/07/21 23:00:00+00,Thu 22 Jul 2021,33492,15882,6928,2971351,2431160,195722,3167073,2626882,67.2570726072951,55.7853871397333,205
-7.6926,53.28823,2021/07/22 23:00:00+00,Fri 23 Jul 2021,27052,20772,5608,2998403,2451932,201330,3199733,2653262,67.9506518179272,56.3456020685904,206
-7.6926,53.28823,2021/07/23 23:00:00+00,Sat 24 Jul 2021,15409,14768,2264,3013812,2466700,203594,3217406,2670294,68.3259618421005,56.7072995920285,207
-7.6926,53.28823,2021/07/24 23:00:00+00,Sun 25 Jul 2021,14690,13613,1037,3028502,2480313,204631,3233133,2684944,68.6599459280041,57.0184121283347,208
-7.6926,53.28823,2021/07/25 23:00:00+00,Mon 26 Jul 2021,23788,18229,3415,3052290,2498542,208046,3260336,2706588,69.237638373406,57.478051700745,209
-7.6926,53.28823,2021/07/26 23:00:00+00,Tue 27 Jul 2021,25454,23829,3659,3077744,2522371,211705,3289449,2734076,69.855892248456,58.0617965060682,210
-7.6926,53.28823,2021/07/27 23:00:00+00,Wed 28 Jul 2021,23397,25226,3254,3101141,2547597,214959,3316100,2762556,70.421862228326,58.6666077711877,211
-7.6926,53.28823,2021/07/28 23:00:00+00,Thu 29 Jul 2021,19223,27807,2953,3120364,2575404,217912,3338276,2793316,70.8927995392561,59.3198379156777,212
-7.6926,53.28823,2021/07/29 23:00:00+00,Fri 30 Jul 2021,21906,22881,2113,3142270,2598285,220025,3362295,2818310,71.4028754443441,59.8506192626017,213
-7.6926,53.28823,2021/07/30 23:00:00+00,Sat 31 Jul 2021,13707,12425,901,3155977,2610710,220926,3376903,2831636,71.713096053925,60.133614870712,214
-7.6926,53.28823,2021/07/31 23:00:00+00,Sun 01 Aug 2021,11071,9283,368,3167048,2619993,221294,3388342,2841287,71.9560186684511,60.3385668903633,215
-7.6926,53.28823,2021/08/01 23:00:00+00,Mon 02 Aug 2021,14980,15950,423,3182028,2635943,221717,3403745,2857660,72.2831221767599,60.6862696587552,216
-7.6926,53.28823,2021/08/02 23:00:00+00,Tue 03 Aug 2021,17302,25382,1103,3199330,2661325,222820,3422150,2884145,72.6739772095733,61.2487144044255,217
-7.6926,53.28823,2021/08/03 23:00:00+00,Wed 04 Aug 2021,22069,17235,1571,3221399,2678560,224391,3445790,2902951,73.1760045377834,61.6480852138299,218
-7.6926,53.28823,2021/08/04 23:00:00+00,Thu 05 Aug 2021,13495,29981,1419,3234894,2708541,225810,3460704,2934351,73.4927234706483,62.3149066227046,219
-7.6926,53.28823,2021/08/05 23:00:00+00,Fri 06 Aug 2021,12162,24697,946,3247056,2733238,226756,3473812,2959994,73.7710895543276,62.8594703611687,220
-7.6926,53.28823,2021/08/06 23:00:00+00,Sat 07 Aug 2021,6315,8411,580,3253371,2741649,227336,3480707,2968985,73.9175141917222,63.0504063894233,221
-7.6926,53.28823,2021/08/07 23:00:00+00,Sun 08 Aug 2021,8603,11935,153,3261974,2753584,227489,3489463,2981073,74.1034596775855,63.3071113954894,222
-7.6926,53.28823,2021/08/08 23:00:00+00,Mon 09 Aug 2021,5509,22970,597,3267483,2776554,228086,3495569,3004640,74.2331288343558,63.8075884701057,223
-7.6926,53.28823,2021/08/09 23:00:00+00,Tue 10 Aug 2021,9312,25933,708,3276795,2802487,228794,3505589,3031281,74.4459170673789,64.3733460864698,224
-7.6926,53.28823,2021/08/10 23:00:00+00,Wed 11 Aug 2021,6979,31186,656,3283774,2833673,229450,3513224,3063123,74.6080566042183,65.0495539623101,225
-7.6926,53.28823,2021/08/11 23:00:00+00,Thu 12 Aug 2021,6732,38231,857,3290506,2871904,230307,3520813,3102211,74.7692192689301,65.8796404346062,226
-7.6926,53.28823,2021/08/12 23:00:00+00,Fri 13 Aug 2021,10889,28190,864,3301395,2900094,231171,3532566,3131265,75.0188100975449,66.4966413649707,227
-7.6926,53.28823,2021/08/13 23:00:00+00,Sat 14 Aug 2021,18109,5811,277,3319504,2905905,231448,3550952,3137353,75.4092616396969,66.6259282674302,228
-7.6926,53.28823,2021/08/14 23:00:00+00,Sun 15 Aug 2021,16988,3703,47,3336492,2909608,231495,3567987,3141103,75.7710228721867,66.7055645821844,229
-7.6926,53.28823,2020/12/28 00:00:00+00,Mon 28 Dec 2020,202,17,0,202,17,0,202,17,0.00428974282142332,0.000361017960218794,230
-7.6926,53.28823,2021/08/15 23:00:00+00,Mon 16 Aug 2021,10158,23083,381,3346650,2932691,231876,3578526,3164567,75.9948327711717,67.2038543126887,231
-7.6926,53.28823,2021/08/16 23:00:00+00,Tue 17 Aug 2021,12845,26811,524,3359495,2959502,232400,3591895,3191902,76.2787415423579,67.7843499563699,232
-7.6926,53.28823,2021/08/17 23:00:00+00,Wed 18 Aug 2021,15202,25729,655,3374697,2985231,233055,3607752,3218286,76.6154863538396,68.3446498306295,233
-7.6926,53.28823,2021/08/18 23:00:00+00,Thu 19 Aug 2021,11341,25648,539,3386038,3010879,233594,3619632,3244473,76.8677741989808,68.9007661438206,234
-7.6926,53.28823,2021/08/19 23:00:00+00,Fri 20 Aug 2021,14822,22201,684,3400860,3033080,234278,3635138,3267358,77.1970650514015,69.3867600273269,235
-7.6926,53.28823,2020/12/29 00:00:00+00,Tue 29 Dec 2020,74,2,0,276,19,0,276,19,0.00586123276590512,0.000403490661421005,236
-7.6926,53.28823,2020/12/30 00:00:00+00,Wed 30 Dec 2020,1057,1,0,1333,20,0,1333,20,0.0283080553512737,0.00042472701202211,237
-7.6926,53.28823,2020/12/31 00:00:00+00,Thu 31 Dec 2020,1031,1,0,2364,21,0,2364,21,0.0502027328210135,0.000445963362623216,238
-7.6926,53.28823,2021/01/01 00:00:00+00,Fri 01 Jan 2021,809,0,0,3173,21,0,3173,21,0.0673829404573078,0.000445963362623216,239
-7.6926,53.28823,2021/01/02 00:00:00+00,Sat 02 Jan 2021,1015,0,0,4188,21,0,4188,21,0.0889378363174299,0.000445963362623216,240
-7.6926,53.28823,2021/01/03 00:00:00+00,Sun 03 Jan 2021,20,2,1,4208,23,1,4209,24,0.0893837996800531,0.000509672414426533,241
-7.6926,53.28823,2021/01/04 00:00:00+00,Mon 04 Jan 2021,1186,3,0,5394,26,1,5395,27,0.114570111492964,0.000573381466229849,242
-7.6926,53.28823,2021/01/05 00:00:00+00,Tue 05 Jan 2021,3524,10,0,8918,36,1,8919,37,0.18940701101126,0.000785744972240904,243
-7.6926,53.28823,2021/01/06 00:00:00+00,Wed 06 Jan 2021,6772,8,0,15690,44,1,15691,45,0.333219577281947,0.000955635777049748,244
-7.6926,53.28823,2021/01/07 00:00:00+00,Thu 07 Jan 2021,11719,8,0,27409,52,1,27410,53,0.582088369976302,0.00112552658185859,245
-7.6926,53.28823,2021/01/08 00:00:00+00,Fri 08 Jan 2021,12675,5,0,40084,57,1,40085,58,0.851259113845315,0.00123170833486412,246
-7.6926,53.28823,2021/01/09 00:00:00+00,Sat 09 Jan 2021,8072,6,0,48156,63,1,48157,64,1.02267893589744,0.00135912643847075,247
-7.6926,53.28823,2021/01/10 00:00:00+00,Sun 10 Jan 2021,4777,4,1,52933,67,2,52935,69,1.12414621906952,0.00146530819147628,248
-7.6926,53.28823,2021/01/11 00:00:00+00,Mon 11 Jan 2021,8336,7,0,61269,74,2,61271,76,1.30117243768034,0.00161396264568402,249
-7.6926,53.28823,2021/01/12 00:00:00+00,Tue 12 Jan 2021,8876,9,0,70145,83,2,70147,85,1.48966628561575,0.00180508980109397,250
-7.6926,53.28823,2021/01/13 00:00:00+00,Wed 13 Jan 2021,9876,6,0,80021,89,2,80023,91,1.69939648415227,0.0019325079047006,251
-7.6926,53.28823,2021/01/14 00:00:00+00,Thu 14 Jan 2021,8076,5,0,88097,94,2,88099,96,1.8709012516068,0.00203868965770613,252
-7.6926,53.28823,2021/01/15 00:00:00+00,Fri 15 Jan 2021,7685,2,0,95782,96,2,95784,98,2.03410260597629,0.00208116235890834,253
-7.6926,53.28823,2021/01/16 00:00:00+00,Sat 16 Jan 2021,5226,3,0,101008,99,2,101010,101,2.14508377421767,0.00214487141071166,254
-7.6926,53.28823,2021/01/17 00:00:00+00,Sun 17 Jan 2021,1110,4,0,102118,103,2,102120,105,2.1686561233849,0.00222981681311608,255
-7.6926,53.28823,2021/01/18 00:00:00+00,Mon 18 Jan 2021,8704,7,1,110822,110,3,110825,113,2.35351855536752,0.00239970761792492,256
-7.6926,53.28823,2021/01/19 00:00:00+00,Tue 19 Jan 2021,8371,18,0,119193,128,3,119196,131,2.53128804624937,0.00278196192874482,257
-7.6926,53.28823,2021/01/20 00:00:00+00,Wed 20 Jan 2021,8439,961,0,127632,1089,3,127635,1092,2.7105016089721,0.0231900948564072,258
-7.6926,53.28823,2021/01/21 00:00:00+00,Thu 21 Jan 2021,8994,962,0,136626,2051,3,136629,2054,2.90150134627845,0.0436194641346707,259
-7.6926,53.28823,2021/01/22 00:00:00+00,Fri 22 Jan 2021,6768,968,0,143394,3019,3,143397,3022,3.04522896714673,0.0641762515165409,260
-7.6926,53.28823,2021/01/23 00:00:00+00,Sat 23 Jan 2021,4179,460,0,147573,3479,3,147576,3482,3.13397567630875,0.0739449727930494,261
-7.6926,53.28823,2021/01/24 00:00:00+00,Sun 24 Jan 2021,1180,397,0,148753,3876,3,148756,3879,3.15903457001805,0.0823758039816883,262
-7.6926,53.28823,2021/01/25 00:00:00+00,Mon 25 Jan 2021,1350,1285,0,150103,5161,3,150106,5164,3.18770364332955,0.109664514504109,263
-7.6926,53.28823,2021/01/26 00:00:00+00,Tue 26 Jan 2021,1000,3498,0,151103,8659,3,151106,8662,3.20893999393065,0.183949268906776,264
-7.6926,53.28823,2021/01/27 00:00:00+00,Wed 27 Jan 2021,2161,6699,0,153264,15358,3,153267,15361,3.25483174757964,0.326211581583582,265
-7.6926,53.28823,2021/01/28 00:00:00+00,Thu 28 Jan 2021,990,11538,0,154254,26896,3,154257,26899,3.27585573467473,0.571236594819137,266
-7.6926,53.28823,2021/01/29 00:00:00+00,Fri 29 Jan 2021,1566,11526,0,155820,38422,3,155823,38425,3.30911185971607,0.81600677184748,267
-7.6926,53.28823,2021/01/30 00:00:00+00,Sat 30 Jan 2021,625,7792,0,156445,46214,3,156448,46217,3.32238457884176,0.981480415731294,268
-7.6926,53.28823,2021/01/31 00:00:00+00,Sun 31 Jan 2021,218,4086,0,156663,50300,3,156666,50303,3.3270141032728,1.06825214428741,269
-7.6926,53.28823,2021/02/01 00:00:00+00,Mon 01 Feb 2021,1012,8334,0,157675,58634,3,157678,58637,3.34850529008112,1.24523589019702,270
-7.6926,53.28823,2021/02/02 00:00:00+00,Tue 02 Feb 2021,822,5106,0,158497,63740,3,158500,63743,3.36596157027522,1.35366869636627,271
-7.6926,53.28823,2021/02/03 00:00:00+00,Wed 03 Feb 2021,1390,6862,0,159887,70602,3,159890,70605,3.39548009761076,1.49939253419106,272
-7.6926,53.28823,2021/02/04 00:00:00+00,Thu 04 Feb 2021,1417,10541,1,161304,81143,4,161308,81147,3.42559324276313,1.72326614222791,273
-7.6926,53.28823,2021/02/05 00:00:00+00,Fri 05 Feb 2021,3379,8611,0,164683,89754,4,164687,89758,3.49735087144427,1.90613235725403,274
-7.6926,53.28823,2021/02/06 00:00:00+00,Sat 06 Feb 2021,890,3866,0,165573,93620,4,165577,93624,3.51625122347925,1.9882320886779,275
-7.6926,53.28823,2021/02/07 00:00:00+00,Sun 07 Feb 2021,324,1299,2,165897,94919,6,165903,94925,3.52317427377521,2.01586058080994,276
-7.6926,53.28823,2021/02/08 00:00:00+00,Mon 08 Feb 2021,1161,878,0,167058,95797,6,167064,95803,3.54782967682309,2.03450609663771,277
-7.6926,53.28823,2021/02/09 00:00:00+00,Tue 09 Feb 2021,4248,536,2,171306,96333,8,171314,96341,3.63808416687779,2.04593125326111,278
-7.6926,53.28823,2021/02/10 00:00:00+00,Wed 10 Feb 2021,8817,580,0,180123,96913,8,180131,96921,3.82532507012774,2.05824833660975,279
-7.6926,53.28823,2021/02/11 00:00:00+00,Thu 11 Feb 2021,6178,444,0,186301,97357,8,186309,97365,3.95652324414137,2.06767727627664,280
-7.6926,53.28823,2021/02/12 00:00:00+00,Fri 12 Feb 2021,4387,522,0,190688,97879,8,190696,97887,4.04968711422842,2.07876265129042,281
-7.6926,53.28823,2021/02/13 00:00:00+00,Sat 13 Feb 2021,1204,1914,0,191892,99793,8,191900,99801,4.07525568035215,2.11940902634093,282
-7.6926,53.28823,2021/02/14 00:00:00+00,Sun 14 Feb 2021,2692,25,0,194584,99818,8,194592,99826,4.13242393617033,2.11993993510596,283
-7.6926,53.28823,2021/02/15 00:00:00+00,Mon 15 Feb 2021,1955,7885,0,196539,107703,8,196547,107711,4.17394100159549,2.28738855959568,284
-7.6926,53.28823,2021/02/16 00:00:00+00,Tue 16 Feb 2021,5643,8157,0,202182,115860,8,202190,115868,4.29377772803753,2.46061347144889,285
-7.6926,53.28823,2021/02/17 00:00:00+00,Wed 17 Feb 2021,9735,8462,0,211917,124322,8,211925,124330,4.50051360113929,2.64031547023545,286
-7.6926,53.28823,2021/02/18 00:00:00+00,Thu 18 Feb 2021,8453,8349,1,220370,132671,9,220379,132680,4.68004570912103,2.81763899775468,287
-7.6926,53.28823,2021/02/19 00:00:00+00,Fri 19 Feb 2021,9384,6581,0,229754,139252,9,229763,139261,4.87932762316181,2.95739542106056,288
-7.6926,53.28823,2021/02/20 00:00:00+00,Sat 20 Feb 2021,5883,3567,2,235637,142819,11,235648,142830,5.00430354644931,3.0331879563559,289
-7.6926,53.28823,2021/02/21 00:00:00+00,Sun 21 Feb 2021,1107,1021,5,236744,143840,16,236760,143856,5.02791836831774,3.05497645207264,290
-7.6926,53.28823,2021/02/22 00:00:00+00,Mon 22 Feb 2021,3938,1120,1,240682,144960,17,240699,144977,5.1115683533355,3.07878240109648,291
-7.6926,53.28823,2021/02/23 00:00:00+00,Tue 23 Feb 2021,13353,1062,0,254035,146022,17,254052,146039,5.39513734291206,3.10133540543485,292
-7.6926,53.28823,2021/02/24 00:00:00+00,Wed 24 Feb 2021,16934,2101,3,270969,148123,20,270989,148143,5.75481741304298,3.14601668709958,293
-7.6926,53.28823,2021/02/25 00:00:00+00,Thu 25 Feb 2021,18080,1750,2,289049,149873,22,289071,149895,6.13881310461217,3.18322277335271,294
-7.6926,53.28823,2021/02/26 00:00:00+00,Fri 26 Feb 2021,16076,2765,0,305125,152638,22,305147,152660,6.48020867687555,3.24194128276477,295
-7.6926,53.28823,2021/02/27 00:00:00+00,Sat 27 Feb 2021,8985,703,1,314110,153341,23,314133,153364,6.67103852337708,3.25689167358795,296
-7.6926,53.28823,2021/02/28 00:00:00+00,Sun 28 Feb 2021,2441,52,2,316551,153393,25,316576,153418,6.72291892789558,3.25803843652041,297
-7.6926,53.28823,2021/03/01 00:00:00+00,Mon 01 Mar 2021,5585,787,0,322136,154180,25,322161,154205,6.84152394600276,3.27475144444348,298
-7.6926,53.28823,2021/03/02 00:00:00+00,Tue 02 Mar 2021,12171,1605,0,334307,155785,25,334332,155810,7.09999156916881,3.30883578715825,299
-7.6926,53.28823,2021/03/03 00:00:00+00,Wed 03 Mar 2021,12882,1502,1,347189,157287,26,347215,157313,7.37357947396285,3.34075402211171,300
-7.6926,53.28823,2021/03/04 00:00:00+00,Thu 04 Mar 2021,18730,1685,3,365919,158972,29,365948,159001,7.77140002977336,3.37660098192638,301
-7.6926,53.28823,2021/03/05 00:00:00+00,Fri 05 Mar 2021,18434,2391,6,384353,161363,35,384388,161398,8.16299833485775,3.42750451431723,302
-7.6926,53.28823,2021/03/06 00:00:00+00,Sat 06 Mar 2021,10392,137,4,394745,161500,39,394784,161539,8.38377143570684,3.43049883975199,303
-7.6926,53.28823,2021/03/07 00:00:00+00,Sun 07 Mar 2021,1519,10,3,396264,161510,42,396306,161552,8.41609316132173,3.4307749123098,304
-7.6926,53.28823,2021/03/08 00:00:00+00,Mon 08 Mar 2021,6661,1493,5,402925,163003,47,402972,163050,8.55765467442869,3.46258696551026,305
-7.6926,53.28823,2021/03/09 00:00:00+00,Tue 09 Mar 2021,13809,3100,5,416734,166103,52,416786,166155,8.85101362163237,3.52852583412669,306
-7.6926,53.28823,2021/03/10 00:00:00+00,Wed 10 Mar 2021,13724,3982,3,430458,170085,55,430513,170140,9.14252500633374,3.61315269127209,307
-7.6926,53.28823,2021/03/11 00:00:00+00,Thu 11 Mar 2021,18465,2093,3,448923,172178,58,448981,172236,9.53471792923496,3.65766408213201,308
-7.6926,53.28823,2021/03/12 00:00:00+00,Fri 12 Mar 2021,17319,1334,3,466242,173512,61,466303,173573,9.90257399434731,3.68605708288569,309
-7.6926,53.28823,2021/03/13 00:00:00+00,Sat 13 Mar 2021,8296,171,0,474538,173683,61,474599,173744,10.0787507589341,3.68968849883848,310
-7.6926,53.28823,2021/03/14 00:00:00+00,Sun 14 Mar 2021,378,18,2,474916,173701,63,474979,173764,10.0868205721625,3.6901132258505,311
-7.6926,53.28823,2021/03/15 00:00:00+00,Mon 15 Mar 2021,2649,989,0,477565,174690,63,477628,174753,10.1430756649048,3.71111597659499,312
-7.6926,53.28823,2021/03/16 00:00:00+00,Tue 16 Mar 2021,8931,3816,2,486496,178506,65,486561,178571,10.3327799848245,3.79219636319001,313
-7.6926,53.28823,2021/03/17 00:00:00+00,Wed 17 Mar 2021,4893,2417,6,491389,180923,71,491460,180994,10.4368168664193,3.84365204069649,314
-7.6926,53.28823,2021/03/18 00:00:00+00,Thu 18 Mar 2021,11718,4675,5,503107,185598,76,503183,185674,10.6857706045161,3.94303816150967,315
-7.6926,53.28823,2021/03/19 00:00:00+00,Fri 19 Mar 2021,10357,6123,2,513464,191721,78,513542,191799,10.9057579603929,4.07311080894144,316
-7.6926,53.28823,2021/03/20 00:00:00+00,Sat 20 Mar 2021,5236,3116,3,518700,194837,81,518781,194918,11.0170152011921,4.13934698646629,317
-7.6926,53.28823,2021/03/21 00:00:00+00,Sun 21 Mar 2021,3631,53,3,522331,194890,84,522415,194974,11.0941880992765,4.14053622209995,318
-7.6926,53.28823,2021/03/22 00:00:00+00,Mon 22 Mar 2021,7400,2398,1,529731,197288,85,529816,197373,11.2513583300753,4.191482227192,319
-7.6926,53.28823,2021/03/23 00:00:00+00,Tue 23 Mar 2021,12557,7378,3,542288,204666,88,542376,204754,11.5180868936252,4.34822773097876,320
-7.6926,53.28823,2021/03/24 00:00:00+00,Wed 24 Mar 2021,13618,9780,2,555906,214446,90,555996,214536,11.8073259888123,4.55596171255877,321
-7.6926,53.28823,2021/03/25 00:00:00+00,Thu 25 Mar 2021,20855,10217,3,576761,224663,93,576854,224756,12.2502737896501,4.77299721570207,322
-7.6926,53.28823,2021/03/26 00:00:00+00,Fri 26 Mar 2021,19692,9492,1,596453,234155,94,596547,234249,12.6684812420377,4.97459389195837,323
-7.6926,53.28823,2021/03/27 00:00:00+00,Sat 27 Mar 2021,11734,5341,3,608187,239496,97,608284,239593,12.9177322890429,5.08808094957068,324
-7.6926,53.28823,2021/03/28 00:00:00+00,Sun 28 Mar 2021,2487,482,0,610674,239978,97,610771,240075,12.9705470929878,5.09831687056041,325
-7.6926,53.28823,2021/03/28 23:00:00+00,Mon 29 Mar 2021,9251,3113,3,619925,243091,100,620025,243191,13.1670682814505,5.16448933903345,326
-7.6926,53.28823,2021/03/29 23:00:00+00,Tue 30 Mar 2021,13316,8661,4,633241,251752,104,633345,251856,13.4499364714572,5.34850231699203,327
-7.6926,53.28823,2021/03/30 23:00:00+00,Wed 31 Mar 2021,15821,10503,3,649062,262255,107,649169,262362,13.7859804833691,5.57161141640725,328
-7.6926,53.28823,2021/03/31 23:00:00+00,Thu 01 Apr 2021,19681,11579,8,668743,273834,115,668858,273949,14.2041029903542,5.81767701082226,329
-7.6926,53.28823,2021/04/01 23:00:00+00,Fri 02 Apr 2021,20124,13716,7,688867,287550,122,688989,287672,14.6316119643051,6.10910345012123,330
-7.6926,53.28823,2021/04/02 23:00:00+00,Sat 03 Apr 2021,7537,4640,5,696404,292190,127,696531,292317,14.7917765205386,6.20774629866336,331
-7.6926,53.28823,2021/04/03 23:00:00+00,Sun 04 Apr 2021,3023,168,3,699427,292358,130,699557,292488,14.8560377174576,6.21137771461615,332
-7.6926,53.28823,2021/04/04 23:00:00+00,Mon 05 Apr 2021,3421,607,4,702848,292965,134,702982,293099,14.9287722182664,6.22435312483343,333
-7.6926,53.28823,2021/04/05 23:00:00+00,Tue 06 Apr 2021,11976,8157,11,714824,301122,145,714969,301267,15.1833323529218,6.39781163654326,334
-7.6926,53.28823,2021/04/06 23:00:00+00,Wed 07 Apr 2021,18345,10462,9,733169,311584,154,733323,311738,15.5731043318545,6.62017746368743,335
-7.6926,53.28823,2021/04/07 23:00:00+00,Thu 08 Apr 2021,20171,10569,14,753340,322153,168,753508,322321,16.0017600687378,6.84492176209893,336
-7.6926,53.28823,2021/04/08 23:00:00+00,Fri 09 Apr 2021,20682,9153,16,774022,331306,184,774206,331490,16.4413100534795,7.03963786076047,337
-7.6926,53.28823,2021/04/09 23:00:00+00,Sat 10 Apr 2021,11156,4160,12,785178,335466,196,785374,335662,16.6784776169926,7.12823591546828,338
-7.6926,53.28823,2021/04/10 23:00:00+00,Sun 11 Apr 2021,2855,354,7,788033,335820,203,788236,336023,16.739256052413,7.13590223803528,339
-7.6926,53.28823,2021/04/11 23:00:00+00,Mon 12 Apr 2021,7765,2787,13,795798,338607,216,796014,338823,16.9044323873884,7.19536401971838,340
-7.6926,53.28823,2021/04/12 23:00:00+00,Tue 13 Apr 2021,11493,8589,1,807291,347196,217,807508,347413,17.1485230011975,7.37778427138187,341
-7.6926,53.28823,2021/04/13 23:00:00+00,Wed 14 Apr 2021,20338,6592,2,827629,353788,219,827848,354007,17.580470372424,7.51781676724556,342
-7.6926,53.28823,2021/04/14 23:00:00+00,Thu 15 Apr 2021,27109,10791,1,854738,364579,220,854958,364799,18.15618783722,7.74699946293269,343
-7.6926,53.28823,2021/04/15 23:00:00+00,Fri 16 Apr 2021,27967,9827,1,882705,374406,221,882926,374627,18.7501260908317,7.95571031664036,344
-7.6926,53.28823,2021/04/16 23:00:00+00,Sat 17 Apr 2021,15839,4548,2,898544,378954,223,898767,379177,19.0865311207038,8.05233571187539,345
-7.6926,53.28823,2021/04/17 23:00:00+00,Sun 18 Apr 2021,1065,479,0,899609,379433,223,899832,379656,19.109147834094,8.06250792381332,346
-7.6926,53.28823,2021/04/18 23:00:00+00,Mon 19 Apr 2021,6733,2247,0,906342,381680,223,906565,381903,19.2521321826912,8.110226003614,347
-7.6926,53.28823,2021/04/19 23:00:00+00,Tue 20 Apr 2021,15074,7310,1,921416,388990,224,921640,389214,19.5722701680029,8.26548496285869,348
-7.6926,53.28823,2021/04/20 23:00:00+00,Wed 21 Apr 2021,26700,9871,4,948116,398861,228,948344,399089,20.1393656744548,8.4751939250446,349
-7.6926,53.28823,2021/04/21 23:00:00+00,Thu 22 Apr 2021,31612,12180,1,979728,411041,229,979957,411270,20.8107104260076,8.73387391171667,350
-7.6926,53.28823,2021/04/22 23:00:00+00,Fri 23 Apr 2021,33613,12363,1,1013341,423404,230,1013571,423634,21.5245491151131,8.99644015054874,351
-7.6926,53.28823,2021/04/23 23:00:00+00,Sat 24 Apr 2021,23694,6983,2,1037035,430387,232,1037267,430619,22.0277656789569,9.14477605949746,352
-7.6926,53.28823,2021/08/20 23:00:00+00,Sat 21 Aug 2021,11856,7942,243,3412716,3041022,234521,3647237,3275543,77.4540036573243,69.560579556997,353
-7.6926,53.28823,2021/08/21 23:00:00+00,Sun 22 Aug 2021,8000,12231,161,3420716,3053253,234682,3655398,3287935,77.6273135145799,69.8237404136459,354
-7.6926,53.28823,2021/08/22 23:00:00+00,Mon 23 Aug 2021,10844,15331,288,3431560,3068584,234970,3666530,3303554,77.8637165694714,70.1554309736845,355
-7.6926,53.28823,2021/08/23 23:00:00+00,Tue 24 Aug 2021,9689,22876,383,3441249,3091460,235353,3676602,3326813,78.0776090927258,70.6493672523157,356
-7.6926,53.28823,2021/08/24 23:00:00+00,Wed 25 Aug 2021,9401,19477,312,3450650,3110937,235665,3686315,3346602,78.2838777661143,71.0696133943609,357
-7.6926,53.28823,2021/08/25 23:00:00+00,Thu 26 Aug 2021,8560,19391,365,3459210,3130328,236030,3695240,3366358,78.4734121952292,71.4891587368364,358
-7.6926,53.28823,2021/08/26 23:00:00+00,Fri 27 Aug 2021,9703,19163,430,3468913,3149491,236460,3705373,3385951,78.6886001358702,71.9052425541638,359
-7.6926,53.28823,2021/08/27 23:00:00+00,Sat 28 Aug 2021,9906,7882,152,3478819,3157373,236612,3715431,3393985,78.9021953502161,72.0758553948931,360
-7.6926,53.28823,2021/08/28 23:00:00+00,Sun 29 Aug 2021,8790,9170,28,3487609,3166543,236640,3724249,3403183,79.0894574898166,72.2711873477221,361
-7.6926,53.28823,2021/08/29 23:00:00+00,Mon 30 Aug 2021,5042,11082,82,3492651,3177625,236722,3729373,3414347,79.1982725502967,72.5082699658328,362
-7.6926,53.28823,2021/08/30 23:00:00+00,Tue 31 Aug 2021,4049,12841,141,3496700,3190466,236863,3733563,3427329,79.2872528593153,72.7839602693364,363
-7.6926,53.28823,2021/08/31 23:00:00+00,Wed 01 Sep 2021,4936,12503,179,3501636,3202969,237042,3738678,3440011,79.39587679264,73.0532796676596,364
-7.6926,53.28823,2021/09/01 23:00:00+00,Thu 02 Sep 2021,4999,12328,246,3506635,3215297,237288,3743923,3452585,79.5072614515428,73.3203055401179,365
-7.6926,53.28823,2021/09/02 23:00:00+00,Fri 03 Sep 2021,4758,16025,165,3511393,3231322,237453,3748846,3468775,79.611808005552,73.6641220563498,366
-7.6926,53.28823,2021/09/03 23:00:00+00,Sat 04 Sep 2021,4619,10552,133,3516012,3241874,237586,3753598,3479460,79.7127231436085,73.8910324625226,367
-7.6926,53.28823,2021/09/04 23:00:00+00,Sun 05 Sep 2021,5304,11886,1,3521316,3253760,237587,3758903,3491347,79.8253819835473,74.143468962118,368
-7.6926,53.28823,2021/09/05 23:00:00+00,Mon 06 Sep 2021,2142,9650,75,3523458,3263410,237662,3761120,3501072,79.87246297283,74.3499924717137,369
-7.6926,53.28823,2021/09/06 23:00:00+00,Tue 07 Sep 2021,3013,9984,154,3526471,3273394,237816,3764287,3511210,79.9397184951837,74.5652865941077,370
-7.6926,53.28823,2021/09/07 23:00:00+00,Wed 08 Sep 2021,2591,14788,186,3529062,3288182,238002,3767064,3526184,79.998691840803,74.8832797080087,371
-7.6926,53.28823,2021/09/08 23:00:00+00,Thu 09 Sep 2021,3105,14775,137,3532167,3302957,238139,3770306,3541096,80.0675400894518,75.1999561681723,372
-7.6926,53.28823,2021/09/09 23:00:00+00,Fri 10 Sep 2021,3370,13925,115,3535537,3316882,238254,3773791,3555136,80.1415487712966,75.4981145306119,373
-7.6926,53.28823,2021/09/10 23:00:00+00,Sat 11 Sep 2021,2549,11309,62,3538086,3328191,238316,3776402,3566507,80.1969968827161,75.739593073297,374
-7.6926,53.28823,2021/09/11 23:00:00+00,Sun 12 Sep 2021,2037,12872,1,3540123,3341063,238317,3778440,3579380,80.2402765652411,76.0129686145851,375
-7.6926,53.28823,2021/09/12 23:00:00+00,Mon 13 Sep 2021,1600,7710,51,3541723,3348773,238368,3780091,3587141,80.2753377800836,76.1777839316003,376
-7.6926,53.28823,2021/09/13 23:00:00+00,Tue 14 Sep 2021,1539,10768,81,3543262,3359541,238449,3781711,3597990,80.3097406680574,76.4081770992717,377
-7.6926,53.28823,2021/09/14 23:00:00+00,Wed 15 Sep 2021,3268,12379,136,3546530,3371920,238585,3785115,3610505,80.3820292055035,76.6739500270445,378
-7.6926,53.28823,2021/09/15 23:00:00+00,Thu 16 Sep 2021,1900,10580,113,3548430,3382500,238698,3787128,3621198,80.4247779792636,76.9010303240221,379
-7.6926,53.28823,2021/09/16 23:00:00+00,Fri 17 Sep 2021,2555,14602,92,3550985,3397102,238790,3789775,3635892,80.4809905993047,77.2130772597548,380
-7.6926,53.28823,2021/09/17 23:00:00+00,Sat 18 Sep 2021,2282,11216,45,3553267,3408318,238835,3792102,3647153,80.5304075871534,77.4522198038738,381
-7.6926,53.28823,2021/09/18 23:00:00+00,Sun 19 Sep 2021,1858,8485,13,3555125,3416803,238848,3793973,3655651,80.5701407991281,77.632686311282,382
-7.6926,53.28823,2021/09/19 23:00:00+00,Mon 20 Sep 2021,948,5598,33,3556073,3422401,238881,3794954,3661282,80.5909736590678,77.7522682015168,383
-7.6926,53.28823,2021/09/20 23:00:00+00,Tue 21 Sep 2021,1460,6653,90,3557533,3429054,238971,3796504,3668025,80.6238900024995,77.8954649136201,384
-7.6926,53.28823,2021/09/21 23:00:00+00,Wed 22 Sep 2021,1892,8122,96,3559425,3437176,239067,3798492,3676243,80.6661078674945,78.06998524286,385
-7.6926,53.28823,2021/09/22 23:00:00+00,Thu 23 Sep 2021,1692,8744,88,3561117,3445920,239155,3800272,3685075,80.7039085715645,78.2575446913689,386
-7.6926,53.28823,2021/09/23 23:00:00+00,Fri 24 Sep 2021,1903,7379,79,3563020,3453299,239234,3802254,3692533,80.7459990184559,78.415925394152,387
-7.6926,53.28823,2021/09/24 23:00:00+00,Sat 25 Sep 2021,2411,6579,51,3565431,3459878,239285,3804716,3699163,80.7982829136358,78.5567223986373,388
-7.6926,53.28823,2021/09/25 23:00:00+00,Sun 26 Sep 2021,1537,7091,0,3566968,3466969,239285,3806253,3706254,80.8309231845097,78.7073093607497,389
-7.6926,53.28823,2021/09/26 23:00:00+00,Mon 27 Sep 2021,1171,3784,45,3568139,3470753,239330,3807469,3710083,80.8567465868406,78.7886233472014,390
-7.6926,53.28823,2021/09/27 23:00:00+00,Tue 28 Sep 2021,1441,5114,91,3569580,3475867,239421,3809001,3715288,80.8892806759615,78.8991585520801,391
-7.6926,53.28823,2021/09/28 23:00:00+00,Wed 29 Sep 2021,1649,3605,78,3571229,3479472,239499,3810728,3718971,80.9259558534496,78.977372031344,392
-7.6926,53.28823,2021/09/29 23:00:00+00,Thu 30 Sep 2021,1279,3943,77,3572508,3483415,239576,3812084,3722991,80.9547523448647,79.0627421607605,393
-7.6926,53.28823,2021/09/30 23:00:00+00,Fri 01 Oct 2021,1838,5155,42,3574346,3488570,239618,3813964,3728188,80.9946766839948,79.1731074748344,394
-7.6926,53.28823,2021/10/01 23:00:00+00,Sat 02 Oct 2021,1707,4076,40,3576053,3492646,239658,3815711,3732304,81.0317765884949,79.2605162939086,395
-7.6926,53.28823,2021/10/02 23:00:00+00,Sun 03 Oct 2021,1194,3011,9,3577247,3495657,239667,3816914,3735324,81.0573239182681,79.3246500727239,396
-7.6926,53.28823,2021/10/03 23:00:00+00,Mon 04 Oct 2021,336,1219,18,3577583,3496876,239685,3817268,3736561,81.0648415863809,79.3509194384174,397
-7.6926,53.28823,2021/10/04 23:00:00+00,Tue 05 Oct 2021,960,2810,69,3578543,3499686,239754,3818297,3739440,81.0866937911494,79.412058891798,398
-7.6926,53.28823,2021/10/05 23:00:00+00,Wed 06 Oct 2021,970,2549,36,3579513,3502235,239790,3819303,3742025,81.1080575598541,79.4669548581019,399
-7.6926,53.28823,2021/10/06 23:00:00+00,Thu 07 Oct 2021,1205,2678,44,3580718,3504913,239834,3820552,3744747,81.1345817617549,79.5247602044381,400
-7.6926,53.28823,2021/10/07 23:00:00+00,Fri 08 Oct 2021,974,2770,47,3581692,3507683,239881,3821573,3747564,81.1562640757186,79.5845830040814,401
-7.6926,53.28823,2021/10/08 23:00:00+00,Sat 09 Oct 2021,730,2366,23,3582422,3510049,239904,3822326,3749953,81.1722550477213,79.6353166456675,402
-7.6926,53.28823,2021/10/09 23:00:00+00,Sun 10 Oct 2021,1501,3909,1,3583923,3513958,239905,3823828,3753863,81.2041520463241,79.7183507765178,403
-7.6926,53.28823,2021/10/10 23:00:00+00,Mon 11 Oct 2021,329,1106,16,3584252,3515064,239921,3824173,3754985,81.2114785872815,79.7421779618922,404
-7.6926,53.28823,2021/10/11 23:00:00+00,Tue 12 Oct 2021,562,1598,20,3584814,3516662,239941,3824755,3756603,81.2238381433313,79.7765383771648,405
-7.6926,53.28823,2021/10/12 23:00:00+00,Wed 13 Oct 2021,1001,2047,11,3585815,3518709,239952,3825767,3758661,81.2453293301397,79.8202427867019,406
-7.6926,53.28823,2021/10/13 23:00:00+00,Thu 14 Oct 2021,689,1571,7,3586504,3520280,239959,3826463,3760239,81.260109830158,79.8537537479504,407
-7.6926,53.28823,2021/10/14 23:00:00+00,Fri 15 Oct 2021,948,2057,7,3587452,3522337,239966,3827418,3762303,81.2803905449821,79.8975855755911,408
-7.6926,53.28823,2021/10/15 23:00:00+00,Sat 16 Oct 2021,1368,2624,13,3588820,3524961,239979,3828799,3764940,81.3097179451622,79.9535858321262,409
-7.6926,53.28823,2021/10/16 23:00:00+00,Sun 17 Oct 2021,1701,2883,2,3590521,3527844,239981,3830502,3767825,81.3458834502359,80.0148527036104,410
-7.6926,53.28823,2021/10/17 23:00:00+00,Mon 18 Oct 2021,668,1221,4,3591189,3529065,239985,3831174,3769050,81.3601542778399,80.0408672330968,411
-7.6926,53.28823,2021/10/18 23:00:00+00,Tue 19 Oct 2021,1329,1777,14,3592518,3530842,239999,3832517,3770841,81.3886746966971,80.0789015370234,412
-7.6926,53.28823,2021/10/19 23:00:00+00,Wed 20 Oct 2021,2245,2300,0,3594763,3533142,239999,3834762,3773141,81.4363503037966,80.1277451434059,413
-7.6926,53.28823,2021/10/20 23:00:00+00,Thu 21 Oct 2021,1743,1803,11,3596506,3534945,240010,3836516,3774955,81.4735988627509,80.1662678833963,414
-7.6926,53.28823,2021/10/21 23:00:00+00,Fri 22 Oct 2021,1496,1906,2,3598002,3536851,240012,3838014,3776863,81.5054109159514,80.2067868403432,415
-7.6926,53.28823,2021/10/22 23:00:00+00,Sat 23 Oct 2021,2009,1677,1,3600011,3538528,240013,3840024,3778541,81.5480959806596,80.2424214366519,416
-7.6926,53.28823,2021/10/23 23:00:00+00,Sun 24 Oct 2021,1945,2181,2,3601956,3540709,240015,3841971,3780724,81.58944315528,80.2887803900141,417
-7.6926,53.28823,2021/10/24 23:00:00+00,Mon 25 Oct 2021,1216,833,2,3603172,3541542,240017,3843189,3781559,81.6153090303121,80.306512742766,418
-7.6926,53.28823,2021/10/25 23:00:00+00,Tue 26 Oct 2021,1235,1195,6,3604407,3542737,240023,3844430,3782760,81.6416633414081,80.3320175998379,419
-7.6926,53.28823,2021/10/26 23:00:00+00,Wed 27 Oct 2021,1555,1402,5,3605962,3544139,240028,3845990,3784167,81.6747920483458,80.3618971451337,420
-7.6926,53.28823,2021/10/27 23:00:00+00,Thu 28 Oct 2021,2144,1670,3,3608106,3545809,240031,3848137,3785840,81.7203864930864,80.3974255596893,421
-7.6926,53.28823,2021/10/28 23:00:00+00,Fri 29 Oct 2021,2134,1346,0,3610240,3547155,240031,3850271,3787186,81.7657048652692,80.4260096875984,422
-7.6926,53.28823,2021/10/29 23:00:00+00,Sat 30 Oct 2021,2009,1435,0,3612249,3548590,240031,3852280,3788621,81.8083686936268,80.456483850711,423
-7.6926,53.28823,2021/10/30 23:00:00+00,Sun 31 Oct 2021,1624,1315,0,3613873,3549905,240031,3853904,3789936,81.842856527003,80.4844096517514,424
-7.6926,53.28823,2021/11/01 00:00:00+00,Mon 01 Nov 2021,264,261,2,3614137,3550166,240033,3854170,3790199,81.8485053962629,80.4899948119595,425
-7.6926,53.28823,2021/11/02 00:00:00+00,Tue 02 Nov 2021,1087,1076,9,3615224,3551242,240042,3855266,3791284,81.8717804365217,80.5130362523617,426
-7.6926,53.28823,2021/11/03 00:00:00+00,Wed 03 Nov 2021,2533,1842,5,3617757,3553084,240047,3857804,3793131,81.9256782943473,80.552259791922,427
-7.6926,53.28823,2021/11/04 00:00:00+00,Thu 04 Nov 2021,1541,1253,1,3619298,3554337,240048,3859346,3794385,81.9584247469742,80.5788901755758,428
-7.6926,53.28823,2021/11/05 00:00:00+00,Fri 05 Nov 2021,1627,1066,2,3620925,3555403,240050,3860975,3795453,81.9930187621034,80.6015705980178,429
-7.6926,53.28823,2021/11/06 00:00:00+00,Sat 06 Nov 2021,1817,1337,5,3622742,3556740,240055,3862797,3796795,82.0317113928986,80.6300697805244,430
-7.6926,53.28823,2021/11/07 00:00:00+00,Sun 07 Nov 2021,724,767,0,3623466,3557507,240055,3863521,3797562,82.0470865107338,80.6463580614355,431
-7.6926,53.28823,2021/11/08 00:00:00+00,Mon 08 Nov 2021,513,517,2,3623979,3558024,240057,3864036,3798081,82.0580232312934,80.6573797273975,432
-7.6926,53.28823,2021/11/09 00:00:00+00,Tue 09 Nov 2021,1374,1042,1,3625353,3559066,240058,3865411,3799124,82.0872232133699,80.6795292410744,433
-7.6926,53.28823,2021/11/10 00:00:00+00,Wed 10 Nov 2021,1625,1328,0,3626978,3560394,240058,3867036,3800452,82.1217322830967,80.7077311146727,434
-7.6926,53.28823,2021/11/11 00:00:00+00,Thu 11 Nov 2021,1395,1089,1,3628373,3561483,240059,3868432,3801542,82.1513782285358,80.7308787368279,435
-7.6926,53.28823,2021/11/12 00:00:00+00,Fri 12 Nov 2021,1150,1120,5,3629523,3562603,240064,3869587,3802667,82.1759062134801,80.7547696312541,436
-7.6926,53.28823,2021/11/13 00:00:00+00,Sat 13 Nov 2021,1407,1358,0,3630930,3563961,240064,3870994,3804025,82.2057857587759,80.7836085953704,437
-7.6926,53.28823,2021/11/14 00:00:00+00,Sun 14 Nov 2021,1646,1801,0,3632576,3565762,240064,3872640,3805826,82.2407407918653,80.821855262803,438
-7.6926,53.28823,2021/11/15 00:00:00+00,Mon 15 Nov 2021,1245,574,0,3633821,3566336,240064,3873885,3806400,82.2671800483637,80.8340449280481,439
-7.6926,53.28823,2021/11/16 00:00:00+00,Tue 16 Nov 2021,1317,1052,5,3635138,3567388,240069,3875207,3807457,82.2952545038583,80.8564917506334,440
-7.6926,53.28823,2021/11/17 00:00:00+00,Wed 17 Nov 2021,1516,1089,0,3636654,3568477,240069,3876723,3808546,82.3274488113696,80.879618136438,441
-7.6926,53.28823,2021/11/18 00:00:00+00,Thu 18 Nov 2021,1662,2474,5,3638316,3570951,240074,3878390,3811025,82.3628498078216,80.9322630495782,442
-7.6926,53.28823,2021/11/19 00:00:00+00,Fri 19 Nov 2021,1177,1527,0,3639493,3572478,240074,3879567,3812552,82.3878449924791,80.9646909569461,443
-7.6926,53.28823,2021/11/20 00:00:00+00,Sat 20 Nov 2021,1540,2922,12,3641033,3575400,240086,3881119,3815486,82.4208038086121,81.0269984096097,444
-7.6926,53.28823,2021/11/21 00:00:00+00,Sun 21 Nov 2021,1786,2753,0,3642819,3578153,240086,3882905,3818239,82.4587319307856,81.0854620828146,445
-7.6926,53.28823,2021/11/22 00:00:00+00,Mon 22 Nov 2021,707,493,2,3643526,3578646,240088,3883614,3818734,82.4737885033618,81.0959740763621,446
-7.6926,53.28823,2021/11/23 00:00:00+00,Tue 23 Nov 2021,2162,1561,6,3645688,3580207,240094,3885782,3820301,82.519828911465,81.129251437754,447
-7.6926,53.28823,2021/11/24 00:00:00+00,Wed 24 Nov 2021,1627,3118,2,3647315,3583325,240096,3887411,3823421,82.5544229265942,81.1955088516295,448
-7.6926,53.28823,2021/11/25 00:00:00+00,Thu 25 Nov 2021,993,1163,1,3648308,3584488,240097,3888405,3824585,82.5755318590917,81.2202279637292,449
-7.6926,53.28823,2021/11/26 00:00:00+00,Fri 26 Nov 2021,1288,1081,12,3649596,3585569,240109,3889705,3825678,82.6031391148732,81.2434392949362,450
-7.6926,53.28823,2021/11/27 00:00:00+00,Sat 27 Nov 2021,1221,1553,5,3650817,3587122,240114,3890931,3827236,82.6291748807101,81.2765255291727,451
-7.6926,53.28823,2021/11/28 00:00:00+00,Sun 28 Nov 2021,1966,2251,0,3652783,3589373,240114,3892897,3829487,82.6709255459919,81.3243285543758,452
-7.6926,53.28823,2021/11/29 00:00:00+00,Mon 29 Nov 2021,545,980,1,3653328,3590353,240115,3893443,3830468,82.6825205934201,81.3451614143155,453
-7.6926,53.28823,2021/11/30 00:00:00+00,Tue 30 Nov 2021,1923,1621,6,3655251,3591974,240121,3895372,3832095,82.7234855137296,81.3797129567435,454
-7.6926,53.28823,2021/12/01 00:00:00+00,Wed 01 Dec 2021,1082,1353,1,3656333,3593327,240122,3896455,3833449,82.7464844814306,81.4084669754574,455
-7.6926,53.28823,2021/12/02 00:00:00+00,Thu 02 Dec 2021,1771,1397,0,3658104,3594724,240122,3898226,3834846,82.7840940583452,81.4381341572471,456
-7.6926,53.28823,2021/12/03 00:00:00+00,Fri 03 Dec 2021,1046,1165,3,3659150,3595889,240125,3899275,3836014,82.8063709901257,81.4629382147492,457
-7.6926,53.28823,2021/12/04 00:00:00+00,Sat 04 Dec 2021,1201,1695,1,3660351,3597584,240126,3900477,3837710,82.8318970835483,81.4989550653687,458
-7.6926,53.28823,2021/12/05 00:00:00+00,Sun 05 Dec 2021,1348,1770,1,3661699,3599354,240127,3901826,3839481,82.8605449205092,81.5365646422832,459
-7.6926,53.28823,2021/12/06 00:00:00+00,Mon 06 Dec 2021,932,1278,0,3662631,3600632,240127,3902758,3840759,82.8803371992694,81.5637046983514,460
-7.6926,53.28823,2021/12/07 00:00:00+00,Tue 07 Dec 2021,486,731,1,3663117,3601363,240128,3903245,3841491,82.8906793020121,81.5792497069914,461
-7.6926,53.28823,2021/12/08 00:00:00+00,Wed 08 Dec 2021,811,1491,0,3663928,3602854,240128,3904056,3842982,82.9079019823496,81.6109131057377,462
-7.6926,53.28823,2021/12/09 00:00:00+00,Thu 09 Dec 2021,795,1188,0,3664723,3604042,240128,3904851,3844170,82.9247848810775,81.6361418902518,463
-7.6926,53.28823,2021/12/10 00:00:00+00,Fri 10 Dec 2021,894,1593,1,3665617,3605635,240129,3905746,3845764,82.9437914148655,81.66999263311,464
-7.6926,53.28823,2021/12/11 00:00:00+00,Sat 11 Dec 2021,638,834,0,3666255,3606469,240129,3906384,3846598,82.957340206549,81.6877037495113,465
-7.6926,53.28823,2021/12/12 00:00:00+00,Sun 12 Dec 2021,691,1188,0,3666946,3607657,240129,3907075,3847786,82.9720145248144,81.7129325340254,466
-7.6926,53.28823,2021/12/13 00:00:00+00,Mon 13 Dec 2021,723,1044,0,3667669,3608701,240129,3907798,3848830,82.987368406299,81.735103284053,467
-7.6926,53.28823,2021/12/14 00:00:00+00,Tue 14 Dec 2021,627,1186,1,3668296,3609887,240130,3908426,3850017,83.0007048344765,81.7603108322165,468
-7.6926,53.28823,2021/12/15 00:00:00+00,Wed 15 Dec 2021,798,1228,1,3669094,3611115,240131,3909225,3851246,83.0176726786067,81.7864103071052,469
-7.6926,53.28823,2021/12/16 00:00:00+00,Thu 16 Dec 2021,1064,1516,7,3670158,3612631,240138,3910296,3852769,83.0404168101005,81.8187532690707,470
