﻿Date_HPSC,Hospitals,TotalLabs,NonHospitals,Positive,PRate,Test24,Test7,Pos7,PosR7,FID
2020/03/18 11:00:00+00,9,6457,6448,395,6.1,0,0,0,0,1
2020/03/19 11:00:00+00,40,7403,7363,465,6.3,946,0,0,0,2
2020/03/20 11:00:00+00,599,8872,8273,570,6.4,1469,0,0,0,3
2020/03/21 11:00:00+00,1261,10436,9175,625,6,1564,0,0,0,4
2020/03/22 11:00:00+00,1370,11414,10044,744,6.5,978,0,0,0,5
2020/03/23 11:00:00+00,2944,13995,11051,857,6.1,2581,0,0,0,6
2020/03/24 11:00:00+00,3360,15561,12201,986,6.3,1566,0,0,0,7
2020/03/25 11:00:00+00,3865,17336,13471,1136,6.6,1775,10879,741,6.8,8
2020/03/26 11:00:00+00,5975,20712,14737,1584,7.6,3376,13309,1119,8.4,9
2020/03/27 11:00:00+00,7721,23653,15932,1891,8,2941,14781,1321,8.9,10
2020/03/28 11:00:00+00,8583,25859,17276,2555,9.9,2206,15423,1930,12.5,11
2020/03/29 11:00:00+00,9417,27475,18058,2843,10.3,1616,16061,2099,13.1,12
2020/03/30 11:00:00+00,10192,28872,18680,3279,11.4,1397,14877,2422,16.3,13
2020/03/31 11:00:00+00,11204,30800,19596,3661,11.9,1928,15239,2675,17.6,14
2020/04/01 11:00:00+00,12613,32809,20196,4077,12.4,2009,15473,2941,19,15
2020/04/02 11:00:00+00,13731,34784,21053,4444,12.8,1975,14072,2860,20.3,16
2020/04/03 11:00:00+00,14707,36641,21934,4914,13.4,1857,12988,3023,23.3,17
2020/04/04 11:00:00+00,15846,38490,22644,5374,14,1849,12631,2819,22.3,18
2020/04/05 11:00:00+00,16976,41321,24345,5692,13.8,2831,13846,2849,20.6,19
2020/04/06 11:00:00+00,17852,47438,29586,6547,13.8,6117,18566,3268,17.6,20
2020/04/07 11:00:00+00,18734,49291,30557,7042,14.3,1853,18491,3381,18.3,21
2020/04/08 11:00:00+00,20161,53019,32858,7661,14.4,3728,20210,3584,17.7,22
2020/04/09 11:00:00+00,21678,58506,36828,8470,14.5,5487,23722,4026,17,23
2020/04/10 11:00:00+00,23225,65465,42240,9304,14.2,6959,28824,4390,15.2,24
2020/04/11 11:00:00+00,24663,72455,47792,10523,14.5,6990,33965,5149,15.2,25
2020/04/12 11:00:00+00,25497,78177,52680,11440,14.6,5722,36856,5748,15.6,26
2020/04/13 11:00:00+00,26422,86604,60182,12817,14.8,8427,39166,6270,16,27
2020/04/14 11:00:00+00,27475,90879,63404,13704,15.1,4275,41588,6662,16,28
2020/04/15 11:00:00+00,28661,93915,65254,14357,15.3,3036,40896,6696,16.4,29
2020/04/16 11:00:00+00,30295,97559,67264,15082,15.5,3644,39053,6612,16.9,30
2020/04/17 11:00:00+00,31643,101870,70227,15992,15.7,4311,36405,6688,18.4,31
2020/04/18 11:00:00+00,33261,104123,70862,16429,15.8,2253,31668,5906,18.6,32
2020/04/19 11:00:00+00,34430,106436,72006,16803,15.8,2313,28259,5363,19,33
2020/04/20 11:00:00+00,35690,108062,72372,17035,15.8,1626,21458,4218,19.7,34
2020/04/21 11:00:00+00,37151,111819,74668,17742,15.9,3757,20940,4038,19.3,35
2020/04/22 11:00:00+00,39158,117182,78024,19002,16.2,5363,23267,4645,20,36
2020/04/23 11:00:00+00,42165,122053,79888,19570,16,4871,24494,4488,18.3,37
2020/04/24 11:00:00+00,44164,127633,83469,20174,15.8,5580,25763,4182,16.2,38
2020/04/25 11:00:00+00,46318,133265,86947,20560,15.4,5632,29142,4131,14.2,39
2020/04/26 11:00:00+00,50433,141863,91430,21653,15.3,8598,35427,4850,13.7,40
2020/04/27 11:00:00+00,52058,146963,94905,22010,15,5100,38901,4975,12.8,41
2020/04/28 11:00:00+00,54406,153269,98863,22377,14.6,6306,41450,4635,11.2,42
2020/04/29 11:00:00+00,57233,161428,104195,22797,14.1,8159,44246,3795,8.6,43
2020/04/30 11:00:00+00,59972,169646,109674,23097,13.6,8218,47593,3527,7.4,44
2020/05/01 11:00:00+00,62993,177097,114104,23359,13.2,7451,49464,3185,6.4,45
2020/05/02 11:00:00+00,65813,189173,123360,23806,12.6,12076,55908,3246,5.8,46
2020/05/03 11:00:00+00,67646,198972,131326,24130,12.1,9799,57109,2477,4.3,47
2020/05/04 11:00:00+00,69144,207589,138445,24457,11.8,8617,60626,2447,4,48
2020/05/05 11:00:00+00,70592,215101,144509,24661,11.5,7512,61832,2284,3.7,49
2020/05/06 11:00:00+00,72979,222916,149937,24940,11.2,7815,61488,2143,3.5,50
2020/05/07 11:00:00+00,75251,228619,153368,25141,11,5703,58973,2044,3.5,51
2020/05/08 11:00:00+00,77323,233592,156269,25304,10.8,4973,56495,1945,3.4,52
2020/05/09 11:00:00+00,79521,241249,161728,25501,10.6,7657,52076,1695,3.3,53
2020/05/10 11:00:00+00,80836,247766,166930,25826,10.4,6517,48794,1696,3.5,54
2020/05/11 11:00:00+00,81958,253140,171182,25991,10.3,5374,45551,1534,3.4,55
2020/05/12 11:00:00+00,83620,259278,175658,26127,10.1,6138,44177,1466,3.3,56
2020/05/13 11:00:00+00,85746,263952,178206,26338,10,4674,41036,1398,3.4,57
2020/05/14 11:00:00+00,87819,270162,182343,26557,9.8,6210,41543,1416,3.4,58
2020/05/15 11:00:00+00,89824,275861,186037,26665,9.7,5699,42269,1361,3.2,59
2020/05/16 11:00:00+00,92023,282195,190172,26777,9.5,6334,40946,1276,3.1,60
2020/05/17 11:00:00+00,93560,288652,195092,26903,9.3,6457,40886,1077,2.6,61
2020/05/18 11:00:00+00,94678,292616,197938,26984,9.2,3964,39476,993,2.5,62
2020/05/19 11:00:00+00,96468,295894,199426,27043,9.1,3278,36616,916,2.5,63
2020/05/20 11:00:00+00,98919,300658,201739,27137,9,4764,36706,799,2.2,64
2020/05/21 11:00:00+00,101247,305932,204685,27263,8.9,5274,35770,706,2,65
2020/05/22 11:00:00+00,103646,311305,207659,27375,8.8,5373,35444,710,2,66
2020/05/23 11:00:00+00,105733,315581,209848,27453,8.7,4276,33386,676,2,67
2020/05/24 11:00:00+00,107213,319090,211877,27510,8.6,3509,30438,607,2,68
2020/05/25 11:00:00+00,108516,322619,214103,27608,8.6,3529,30003,624,2.1,69
2020/05/26 11:00:00+00,110419,326134,215715,27675,8.5,3515,30240,632,2.1,70
2020/05/27 11:00:00+00,112792,329571,216779,27742,8.4,3437,28913,605,2.1,71
2020/05/28 11:00:00+00,115121,333382,218261,27786,8.3,3811,27450,523,1.9,72
2020/05/29 11:00:00+00,117491,337746,220255,27858,8.2,4364,26441,483,1.8,73
2020/05/30 11:00:00+00,119314,341169,221855,27928,8.2,3423,25588,475,1.9,74
2020/05/31 11:00:00+00,120546,344643,224097,27998,8.1,3474,25553,488,1.9,75
2020/06/01 11:00:00+00,121639,346928,225289,28040,8.1,2285,24309,432,1.8,76
2020/06/02 11:00:00+00,122914,348755,225841,28064,8,1827,22621,389,1.7,77
2020/06/03 11:00:00+00,124901,351241,226340,28104,8,2486,21670,362,1.7,78
2020/06/04 11:00:00+00,127081,354340,227259,28137,7.9,3099,20958,351,1.7,79
2020/06/05 11:00:00+00,129063,357574,228511,28173,7.9,3234,19828,315,1.6,80
2020/06/06 11:00:00+00,130852,360680,229828,28200,7.8,3106,19511,272,1.4,81
2020/06/07 11:00:00+00,132261,363508,231247,28221,7.8,2828,18865,223,1.2,82
2020/06/08 11:00:00+00,133472,365468,231996,28230,7.7,1960,18540,190,1,83
2020/06/09 11:00:00+00,135322,367823,232501,28249,7.7,2355,19068,185,1,84
2020/06/10 11:00:00+00,137540,370498,232958,28268,7.6,2675,19257,164,0.9,85
2020/06/11 11:00:00+00,139793,374738,234945,28297,7.6,4240,20398,160,0.8,86
2020/06/12 11:00:00+00,141611,377747,236136,28341,7.5,3009,20173,168,0.8,87
2020/06/13 11:00:00+00,143295,380459,237164,28357,7.5,2712,19779,157,0.8,88
2020/06/14 11:00:00+00,144634,382971,238337,28370,7.4,2512,19463,149,0.8,89
2020/06/15 11:00:00+00,145722,384685,238963,28391,7.4,1714,19217,161,0.8,90
2020/06/16 11:00:00+00,147610,386797,239187,28396,7.3,2112,18974,147,0.8,91
2020/06/17 11:00:00+00,149898,390217,240319,28418,7.3,3420,19719,150,0.8,92
2020/06/18 11:00:00+00,151964,393576,241612,28431,7.2,3359,18838,134,0.7,93
2020/06/19 11:00:00+00,154043,396737,242694,28460,7.2,3161,18990,119,0.6,94
2020/06/20 11:00:00+00,155659,399461,243802,28474,7.1,2724,19002,117,0.6,95
2020/06/21 11:00:00+00,156959,401620,244661,28483,7.1,2159,18649,113,0.6,96
2020/06/22 11:00:00+00,158097,403118,245021,28489,7.1,1498,18433,98,0.5,97
2020/06/23 11:00:00+00,160078,405234,245156,28495,7,2116,18437,99,0.5,98
2020/06/24 11:00:00+00,162300,408486,246186,28517,7,3252,18269,99,0.5,99
2020/06/25 11:00:00+00,164475,411469,246994,28529,6.9,2983,17893,98,0.5,100
2020/06/26 11:00:00+00,166261,415158,248897,28566,6.9,3689,18421,106,0.6,101
2020/06/27 11:00:00+00,168054,419165,251111,28570,6.8,4007,19704,96,0.5,102
2020/06/28 11:00:00+00,169394,421889,252495,28574,6.8,2724,20269,91,0.4,103
2020/06/29 11:00:00+00,170577,425229,254652,28602,6.7,3340,22111,113,0.5,104
2020/06/30 11:00:00+00,172717,429820,257103,28609,6.7,4591,24586,114,0.5,105
2020/07/01 11:00:00+00,175273,434371,259098,28631,6.6,4551,25885,114,0.4,106
2020/07/02 11:00:00+00,177813,438163,260350,28639,6.5,3792,26694,110,0.4,107
2020/07/03 11:00:00+00,179954,446212,266258,28649,6.4,8049,31054,83,0.3,108
2020/07/04 11:00:00+00,182043,454524,272481,28678,6.3,8312,35359,108,0.3,109
2020/07/05 11:00:00+00,183576,461524,277948,28686,6.2,7000,39635,112,0.3,110
2020/07/06 11:00:00+00,184957,468053,283096,28706,6.1,6529,42824,104,0.2,111
2020/07/07 11:00:00+00,187331,474214,286883,28717,6.1,6161,44394,108,0.2,112
2020/07/08 11:00:00+00,190106,478575,288469,28737,6,4361,44204,106,0.2,113
2020/07/09 11:00:00+00,192807,482520,289713,28764,6,3945,44357,125,0.3,114
2020/07/10 11:00:00+00,194940,491850,296910,28785,5.9,9330,45638,136,0.3,115
2020/07/11 11:00:00+00,196963,500779,303816,28826,5.8,8929,46255,148,0.3,116
2020/07/12 11:00:00+00,198501,509496,310995,28840,5.7,8717,47972,154,0.3,117
2020/07/13 11:00:00+00,199803,517160,317357,28859,5.6,7664,49107,153,0.3,118
2020/07/14 11:00:00+00,202340,523560,321220,28874,5.5,6400,49346,157,0.3,119
2020/07/15 11:00:00+00,205307,527947,322640,28891,5.5,4387,49372,154,0.3,120
2020/07/16 11:00:00+00,207814,532263,324449,28915,5.4,4316,49743,151,0.3,121
2020/07/17 11:00:00+00,210035,541775,331740,28941,5.3,9512,49925,156,0.3,122
2020/07/18 11:00:00+00,212183,551018,338835,28955,5.3,9243,50239,129,0.3,123
2020/07/19 11:00:00+00,213795,559648,345853,28968,5.2,8630,50152,128,0.3,124
2020/07/20 11:00:00+00,215141,568063,352922,28999,5.1,8415,50903,140,0.3,125
2020/07/21 11:00:00+00,217649,574737,357088,29012,5,6674,51177,138,0.3,126
2020/07/22 11:00:00+00,220464,579356,358892,29030,5,4619,51409,139,0.3,127
2020/07/23 11:00:00+00,222991,583423,360432,29042,5,4067,51160,127,0.2,128
2020/07/24 11:00:00+00,225180,592403,367223,29058,4.9,8980,50628,117,0.2,129
2020/07/25 11:00:00+00,227351,601291,373940,29089,4.8,8888,50273,134,0.3,130
2020/07/26 11:00:00+00,228917,609307,380390,29113,4.8,8016,49659,145,0.3,131
2020/07/27 11:00:00+00,230354,615111,384757,29143,4.7,5804,47048,144,0.3,132
2020/07/28 11:00:00+00,232696,620076,387380,29159,4.7,4965,45339,147,0.3,133
2020/07/29 11:00:00+00,235512,624816,389304,29205,4.7,4740,45460,175,0.4,134
2020/07/30 11:00:00+00,238024,629199,391175,29261,4.7,4383,45776,219,0.5,135
2020/07/31 11:00:00+00,240195,633055,392860,29290,4.6,3856,40652,232,0.6,136
2020/08/01 11:00:00+00,241949,636361,394412,29343,4.6,3306,35070,254,0.7,137
2020/08/02 11:00:00+00,243364,639492,396128,29397,4.6,3131,30185,284,0.9,138
2020/08/03 11:00:00+00,244735,642533,397798,29473,4.6,3041,27422,330,1.2,139
2020/08/04 11:00:00+00,246273,644524,398251,29479,4.6,1991,24448,320,1.3,140
2020/08/05 11:00:00+00,248780,648285,399505,29531,4.6,3761,23469,326,1.4,141
2020/08/06 11:00:00+00,251437,653118,401681,29604,4.5,4833,23919,343,1.4,142
2020/08/07 11:00:00+00,253810,658098,404288,29698,4.5,4980,25043,408,1.6,143
2020/08/08 11:00:00+00,255930,662978,407048,29835,4.5,4880,26617,492,1.8,144
2020/08/09 11:00:00+00,257717,667085,409368,29890,4.5,4107,27593,493,1.8,145
2020/08/10 11:00:00+00,259256,670959,411703,29950,4.5,3874,28426,477,1.7,146
2020/08/11 11:00:00+00,261982,674985,413003,30003,4.4,4026,30461,524,1.7,147
2020/08/12 11:00:00+00,265198,680828,415630,30083,4.4,5843,32543,552,1.7,148
2020/08/13 11:00:00+00,268038,687900,419862,30146,4.4,7072,34782,542,1.6,149
2020/08/14 11:00:00+00,270560,699237,428677,30284,4.3,11337,41139,586,1.4,150
2020/08/15 11:00:00+00,272744,709890,437146,30406,4.3,10653,46912,571,1.2,151
2020/08/16 11:00:00+00,274508,720242,445734,30495,4.2,10352,53157,605,1.1,152
2020/08/17 11:00:00+00,276314,725775,449461,30665,4.2,5533,54816,715,1.3,153
2020/08/18 11:00:00+00,279075,730114,451039,30696,4.2,4339,55129,693,1.3,154
2020/08/19 11:00:00+00,282276,736306,454030,30786,4.2,6192,55478,703,1.3,155
2020/08/20 11:00:00+00,285356,747722,462366,30928,4.1,11416,59822,782,1.3,156
2020/08/21 11:00:00+00,287831,760802,472971,31022,4.1,13080,61565,738,1.2,157
2020/08/22 11:00:00+00,290101,767560,477459,31179,4.1,6758,57670,773,1.3,158
2020/08/23 11:00:00+00,292007,772998,480991,31302,4,5438,52756,807,1.5,159
2020/08/24 11:00:00+00,293817,777836,484019,31394,4,4838,52061,729,1.4,160
2020/08/25 11:00:00+00,296623,782851,486228,31495,4,5015,52737,799,1.5,161
2020/08/26 11:00:00+00,300223,790499,490276,31600,4,7648,54193,814,1.5,162
2020/08/27 11:00:00+00,303544,802773,499229,31729,4,12274,55051,801,1.5,163
2020/08/28 11:00:00+00,306557,815076,508519,31836,3.9,12303,54274,814,1.5,164
2020/08/29 11:00:00+00,309183,825016,515833,31949,3.9,9940,57456,770,1.3,165
2020/08/30 11:00:00+00,311394,830675,519281,31998,3.9,5659,57677,696,1.2,166
2020/08/31 11:00:00+00,313303,840015,526712,32157,3.8,9340,62179,763,1.2,167
2020/09/01 11:00:00+00,316293,844907,528614,32247,3.8,4892,62056,752,1.2,168
2020/09/02 11:00:00+00,319982,852208,532226,32352,3.8,7301,61709,752,1.2,169
2020/09/03 11:00:00+00,323512,864709,541197,32489,3.8,12501,61936,760,1.2,170
2020/09/04 11:00:00+00,326646,878773,552127,32644,3.7,14064,63697,808,1.3,171
2020/09/05 11:00:00+00,329455,890095,560640,32798,3.7,11322,65079,849,1.3,172
2020/09/06 11:00:00+00,331483,900438,568955,32972,3.7,10343,69763,974,1.4,173
2020/09/07 11:00:00+00,333647,906691,573044,33204,3.7,6253,66676,1047,1.6,174
2020/09/08 11:00:00+00,337102,913369,576267,33323,3.6,6678,68462,1076,1.6,175
2020/09/09 11:00:00+00,341203,924118,582915,33479,3.6,10749,71910,1127,1.6,176
2020/09/10 11:00:00+00,345211,936481,591270,33601,3.6,12363,71772,1112,1.5,177
2020/09/11 11:00:00+00,348881,949554,600673,33828,3.6,13073,70781,1184,1.7,178
2020/09/12 11:00:00+00,352652,961784,609132,34076,3.5,12230,71689,1278,1.8,179
2020/09/13 11:00:00+00,354970,971599,616629,34293,3.5,9815,71161,1321,1.9,180
2020/09/14 11:00:00+00,357221,981487,624266,34554,3.5,9888,74796,1350,1.8,181
2020/09/15 11:00:00+00,360768,989607,628839,34865,3.5,8120,76238,1542,2,182
2020/09/16 11:00:00+00,365342,1001848,636506,35136,3.5,12241,77730,1657,2.1,183
2020/09/17 11:00:00+00,369508,1016511,647003,35384,3.5,14663,80030,1783,2.2,184
2020/09/18 11:00:00+00,373126,1031017,657891,35672,3.5,14506,81463,1844,2.3,185
2020/09/19 11:00:00+00,376789,1045397,668608,35869,3.4,14380,83613,1793,2.1,186
2020/09/20 11:00:00+00,379441,1057535,678094,36261,3.4,12138,85936,1968,2.3,187
2020/09/21 11:00:00+00,381619,1067566,685947,36515,3.4,10031,86079,1961,2.3,188
2020/09/22 11:00:00+00,385786,1080149,694363,36814,3.4,12583,90542,1949,2.2,189
2020/09/23 11:00:00+00,390534,1092820,702286,37130,3.4,12671,90972,1994,2.2,190
2020/09/24 11:00:00+00,394777,1107176,712399,37513,3.4,14356,90665,2129,2.3,191
2020/09/25 11:00:00+00,398316,1121714,723398,37943,3.4,14538,90697,2271,2.5,192
2020/09/26 11:00:00+00,401967,1133522,731555,38345,3.4,11808,88125,2476,2.8,193
2020/09/27 11:00:00+00,404891,1145400,740509,38727,3.4,11878,87865,2466,2.8,194
2020/09/28 11:00:00+00,407509,1155266,747757,39016,3.4,9866,87700,2501,2.9,195
2020/09/29 11:00:00+00,411790,1167939,756149,39295,3.4,12673,87790,2481,2.8,196
2020/09/30 11:00:00+00,416381,1181186,764805,39735,3.4,13247,88366,2605,2.9,197
2020/10/01 11:00:00+00,420649,1195710,775061,40246,3.4,14524,88534,2733,3.1,198
2020/10/02 11:00:00+00,424431,1208383,783952,40704,3.4,12673,86669,2761,3.2,199
2020/10/03 11:00:00+00,428355,1222004,793649,41314,3.4,13621,88482,2969,3.4,200
2020/10/04 11:00:00+00,431187,1233299,802112,41739,3.4,11295,87899,3012,3.4,201
2020/10/05 11:00:00+00,433864,1245465,811601,42242,3.4,12166,90199,3226,3.6,202
2020/10/06 11:00:00+00,438439,1257111,818672,42758,3.4,11646,89172,3463,3.9,203
2020/10/07 11:00:00+00,443129,1271653,828524,43383,3.4,14542,90467,3648,4,204
2020/10/08 11:00:00+00,447954,1287533,839579,44136,3.4,15880,91823,3890,4.2,205
2020/10/09 11:00:00+00,452464,1304055,851591,44993,3.5,16522,95672,4289,4.5,206
2020/10/10 11:00:00+00,456665,1319689,863024,45940,3.5,15634,97685,4626,4.7,207
2020/10/11 11:00:00+00,459615,1327687,868072,46522,3.5,7998,94388,4783,5.1,208
2020/10/12 11:00:00+00,462489,1341675,879186,47520,3.5,13988,96210,5278,5.5,209
2020/10/13 11:00:00+00,466734,1356980,890246,48409,3.6,15305,99869,5651,5.7,210
