X,Y,VaccinationDate,VaccineText,Dose1,Dose2,SingleDose,Dose1Cum,Dose2Cum,SingleDoseCum,PartiallyVacc,FullyVacc,PartialPercent,FullyPercent,ObjectId
-7.6926,53.28823,2021/08/12 23:00:00+00,Fri 13 Aug 2021,10877,28175,861,3299887,2899078,230974,3530861,3130052,74.98260211977,66.4708816716915,1
-7.6926,53.28823,2021/08/13 23:00:00+00,Sat 14 Aug 2021,18097,5803,277,3317984,2904881,231251,3549235,3136132,75.3727988257148,66.5999986833463,2
-7.6926,53.28823,2021/08/14 23:00:00+00,Sun 15 Aug 2021,16979,3693,47,3334963,2908574,231298,3566261,3139872,75.7343689310492,66.6794226345944,3
-7.6926,53.28823,2021/08/15 23:00:00+00,Mon 16 Aug 2021,10156,23073,379,3345119,2931647,231677,3576796,3163324,75.9580938846318,67.1774575288915,4
-7.6926,53.28823,2021/08/16 23:00:00+00,Tue 17 Aug 2021,12854,26812,523,3357973,2958459,232200,3590173,3190659,76.2421725466228,67.7579531725727,5
-7.6926,53.28823,2021/08/17 23:00:00+00,Wed 18 Aug 2021,15193,25718,654,3373166,2984177,232854,3606020,3217031,76.5787049945985,68.3179982106251,6
-7.6926,53.28823,2021/08/18 23:00:00+00,Thu 19 Aug 2021,11338,25636,537,3384504,3009813,233391,3617895,3243204,76.8308866579867,68.8738172149078,7
-7.6926,53.28823,2021/08/19 23:00:00+00,Fri 20 Aug 2021,14818,22181,683,3399322,3031994,234074,3633396,3266068,77.1600713286544,69.3593651350515,8
-7.6926,53.28823,2021/08/20 23:00:00+00,Sat 21 Aug 2021,11849,7932,241,3411171,3039926,234315,3645486,3274241,77.4168188074218,69.5329298285143,9
-7.6926,53.28823,2021/08/21 23:00:00+00,Sun 22 Aug 2021,7994,12221,160,3419165,3052147,234475,3653640,3286622,77.5899800102232,69.7958570853066,10
-7.6926,53.28823,2021/08/22 23:00:00+00,Mon 23 Aug 2021,10841,15320,285,3430006,3067467,234760,3664766,3302227,77.8262556470111,70.1272503364369,11
-7.6926,53.28823,2021/08/23 23:00:00+00,Tue 24 Aug 2021,9725,22873,382,3439731,3090340,235142,3674873,3325482,78.0408914425364,70.6211016696656,12
-7.6926,53.28823,2021/08/24 23:00:00+00,Wed 25 Aug 2021,9397,19461,310,3449128,3109801,235452,3684580,3345253,78.2470326978214,71.0409655574,13
-7.6926,53.28823,2021/08/25 23:00:00+00,Thu 26 Aug 2021,8556,19378,363,3457684,3129179,235815,3693499,3364994,78.4364397088326,71.4601923546165,14
-7.6926,53.28823,2021/08/26 23:00:00+00,Fri 27 Aug 2021,9699,19153,430,3467383,3148332,236245,3703628,3384577,78.6515427040712,71.8760638084379,15
-7.6926,53.28823,2021/08/27 23:00:00+00,Sat 28 Aug 2021,9906,7873,152,3477289,3156205,236397,3713686,3392602,78.8651379184172,72.0464855220118,16
-7.6926,53.28823,2021/08/28 23:00:00+00,Sun 29 Aug 2021,8791,9167,28,3486080,3165372,236425,3722505,3401797,79.0524212943683,72.241753765789,17
-7.6926,53.28823,2021/08/29 23:00:00+00,Mon 30 Aug 2021,5039,11071,82,3491119,3176443,236507,3727626,3412950,79.1611726457966,72.4786027840431,18
-7.6926,53.28823,2021/08/30 23:00:00+00,Tue 31 Aug 2021,4045,12819,140,3495164,3189262,236647,3731811,3425909,79.2500467730622,72.7538046514828,19
-7.6926,53.28823,2021/08/31 23:00:00+00,Wed 01 Sep 2021,4927,12490,179,3500091,3201752,236826,3736917,3438578,79.3584795792314,73.0228479772482,20
-7.6926,53.28823,2021/09/01 23:00:00+00,Thu 02 Sep 2021,4996,12318,246,3505087,3214070,237072,3742159,3451142,79.4698005290824,73.2896614862005,21
-7.6926,53.28823,2021/09/02 23:00:00+00,Fri 03 Sep 2021,4753,16016,163,3509840,3230086,237235,3747075,3467321,79.5741984286375,73.6332444025758,22
-7.6926,53.28823,2021/09/03 23:00:00+00,Sat 04 Sep 2021,4617,10547,132,3514457,3240633,237367,3751824,3478000,79.6750498576421,73.860027390645,23
-7.6926,53.28823,2021/09/04 23:00:00+00,Sun 05 Sep 2021,5303,11879,1,3519760,3252512,237368,3757128,3489880,79.7876874612304,74.1123152357861,24
-7.6926,53.28823,2021/09/05 23:00:00+00,Mon 06 Sep 2021,2135,9644,75,3521895,3262156,237443,3759338,3499599,79.8346197960588,74.3187113272783,25
-7.6926,53.28823,2021/09/06 23:00:00+00,Tue 07 Sep 2021,3020,9971,153,3524915,3272127,237596,3762511,3509723,79.9020027365161,74.5337081407639,26
-7.6926,53.28823,2021/09/07 23:00:00+00,Wed 08 Sep 2021,2590,14774,185,3527505,3286901,237781,3765286,3524682,79.9609336094342,74.8513827094058,27
-7.6926,53.28823,2021/09/08 23:00:00+00,Thu 09 Sep 2021,3106,14766,137,3530611,3301667,237918,3768529,3539585,80.0298030944336,75.1678680424141,28
-7.6926,53.28823,2021/09/09 23:00:00+00,Fri 10 Sep 2021,3363,13918,115,3533974,3315585,238033,3772007,3553618,80.1036631218242,75.4658777503994,29
-7.6926,53.28823,2021/09/10 23:00:00+00,Sat 11 Sep 2021,2549,11301,62,3536523,3326886,238095,3774618,3564981,80.1591112332437,75.7071864022798,30
-7.6926,53.28823,2021/09/11 23:00:00+00,Sun 12 Sep 2021,2032,12866,1,3538555,3339752,238096,3776651,3577848,80.2022847340158,75.9804345254642,31
-7.6926,53.28823,2021/09/12 23:00:00+00,Mon 13 Sep 2021,1597,7705,50,3540152,3347457,238146,3778298,3585603,80.2372610034558,76.1451224243758,32
-7.6926,53.28823,2021/09/13 23:00:00+00,Tue 14 Sep 2021,1535,10760,81,3541687,3358217,238227,3779914,3596444,80.2715789460272,76.3753457012424,33
-7.6926,53.28823,2021/09/14 23:00:00+00,Wed 15 Sep 2021,3268,12374,136,3544955,3370591,238363,3783318,3608954,80.3438674834733,76.6410124472622,34
-7.6926,53.28823,2021/09/15 23:00:00+00,Thu 16 Sep 2021,1897,10573,113,3546852,3381164,238476,3785328,3619640,80.3865525481816,76.8679440897856,35
-7.6926,53.28823,2021/09/16 23:00:00+00,Fri 17 Sep 2021,2553,14592,92,3549405,3395756,238568,3787973,3634324,80.4427226955215,77.1797786620122,36
-7.6926,53.28823,2021/09/17 23:00:00+00,Sat 18 Sep 2021,2278,11211,43,3551683,3406967,238611,3790294,3645578,80.4920122652667,77.4187725516771,37
-7.6926,53.28823,2021/09/18 23:00:00+00,Sun 19 Sep 2021,1856,8485,13,3553539,3415452,238624,3792163,3654076,80.5317030045401,77.5992390590852,38
-7.6926,53.28823,2021/09/19 23:00:00+00,Mon 20 Sep 2021,945,5595,33,3554484,3421047,238657,3793141,3659704,80.552472155428,77.7187572402683,39
-7.6926,53.28823,2021/09/20 23:00:00+00,Tue 21 Sep 2021,1459,6648,90,3555943,3427695,238747,3794690,3666442,80.5853672625091,77.8618477706185,40
-7.6926,53.28823,2021/09/21 23:00:00+00,Wed 22 Sep 2021,1891,8119,96,3557834,3435814,238843,3796677,3674657,80.6275638911535,78.0363043908066,41
-7.6926,53.28823,2021/09/22 23:00:00+00,Thu 23 Sep 2021,1690,8741,88,3559524,3444555,238931,3798455,3683486,80.6653221225223,78.2238001302638,42
-7.6926,53.28823,2021/09/23 23:00:00+00,Fri 24 Sep 2021,1904,7367,79,3561428,3451922,239010,3800438,3690932,80.7074338057643,78.3819259968396,43
-7.6926,53.28823,2021/09/24 23:00:00+00,Sat 25 Sep 2021,2410,6572,51,3563838,3458494,239061,3802899,3697555,80.7596964645936,78.5225743468707,44
-7.6926,53.28823,2021/09/25 23:00:00+00,Sun 26 Sep 2021,1537,7089,0,3565375,3465583,239061,3804436,3704644,80.7923367354675,78.673118836282,45
-7.6926,53.28823,2021/09/26 23:00:00+00,Mon 27 Sep 2021,1169,3775,45,3566544,3469358,239106,3805650,3708464,80.8181176650972,78.7542416955782,46
-7.6926,53.28823,2021/09/27 23:00:00+00,Tue 28 Sep 2021,1441,5105,91,3567985,3474463,239197,3807182,3713660,80.8506517542181,78.8645857733015,47
-7.6926,53.28823,2021/09/28 23:00:00+00,Wed 29 Sep 2021,1643,3594,78,3569628,3478057,239275,3808903,3717332,80.8871995136026,78.9425656527088,48
-7.6926,53.28823,2021/09/29 23:00:00+00,Thu 30 Sep 2021,1280,3939,77,3570908,3481996,239352,3810260,3721348,80.9160172413683,79.0278508367228,49
-7.6926,53.28823,2021/09/30 23:00:00+00,Fri 01 Oct 2021,1835,5143,41,3572743,3487139,239393,3812136,3726532,80.955856635096,79.137940078239,50
-7.6926,53.28823,2021/10/01 23:00:00+00,Sat 02 Oct 2021,1705,4071,40,3574448,3491210,239433,3813881,3730643,80.9929140668949,79.2252427155601,51
-7.6926,53.28823,2021/10/02 23:00:00+00,Sun 03 Oct 2021,1194,3009,9,3575642,3494219,239442,3815084,3733661,81.0184613966681,79.2893340216742,52
-7.6926,53.28823,2021/10/03 23:00:00+00,Mon 04 Oct 2021,335,1210,18,3575977,3495429,239460,3815437,3734889,81.0259578284303,79.3154122602124,53
-7.6926,53.28823,2021/10/04 23:00:00+00,Tue 05 Oct 2021,959,2805,69,3576936,3498234,239529,3816465,3737763,81.0477887968482,79.37644553184,54
-7.6926,53.28823,2021/10/05 23:00:00+00,Wed 06 Oct 2021,969,2542,36,3577905,3500776,239565,3817470,3740341,81.0691313292023,79.4311928436896,55
-7.6926,53.28823,2021/10/06 23:00:00+00,Thu 07 Oct 2021,1202,2670,44,3579107,3503446,239609,3818716,3743055,81.0955918220513,79.488828299221,56
-7.6926,53.28823,2021/10/07 23:00:00+00,Fri 08 Oct 2021,975,2765,45,3580082,3506211,239654,3819736,3745865,81.1172528996644,79.5485024444101,57
-7.6926,53.28823,2021/10/08 23:00:00+00,Sat 09 Oct 2021,729,2358,23,3580811,3508569,239677,3820488,3748246,81.1332226353164,79.5990661951914,58
-7.6926,53.28823,2021/10/09 23:00:00+00,Sun 10 Oct 2021,1499,3904,1,3582310,3512473,239678,3821988,3752151,81.1650771612181,79.6819941442887,59
-7.6926,53.28823,2021/10/10 23:00:00+00,Mon 11 Oct 2021,330,1100,15,3582640,3513573,239693,3822333,3753266,81.1724037021755,79.7056726752089,60
-7.6926,53.28823,2021/10/11 23:00:00+00,Tue 12 Oct 2021,562,1588,20,3583202,3515161,239713,3822915,3754874,81.1847632582253,79.7398207269755,61
-7.6926,53.28823,2021/10/12 23:00:00+00,Wed 13 Oct 2021,999,2033,9,3584201,3517194,239722,3823923,3756916,81.2061694996312,79.783185354903,62
-7.6926,53.28823,2021/10/13 23:00:00+00,Thu 14 Oct 2021,688,1567,7,3584889,3518761,239729,3824618,3758490,81.220928763299,79.8166113707491,63
-7.6926,53.28823,2021/10/14 23:00:00+00,Fri 15 Oct 2021,949,2045,7,3585838,3520806,239736,3825574,3760542,81.2412307144737,79.8601883621826,64
-7.6926,53.28823,2021/10/15 23:00:00+00,Sat 16 Oct 2021,1371,2617,13,3587209,3523423,239749,3826958,3763172,81.2706218237056,79.9160399642635,65
-7.6926,53.28823,2021/10/16 23:00:00+00,Sun 17 Oct 2021,1698,2881,2,3588907,3526304,239751,3828658,3766055,81.3067236197275,79.9772643630465,66
-7.6926,53.28823,2021/10/17 23:00:00+00,Mon 18 Oct 2021,668,1215,4,3589575,3527519,239755,3829330,3767274,81.3209944473314,80.0031514744292,67
-7.6926,53.28823,2021/10/18 23:00:00+00,Tue 19 Oct 2021,1330,1771,12,3590905,3529290,239767,3830672,3769057,81.3494936298381,80.041015887551,68
-7.6926,53.28823,2021/10/19 23:00:00+00,Wed 20 Oct 2021,2243,2290,0,3593148,3531580,239767,3832915,3771347,81.3971267642364,80.0896471304275,69
-7.6926,53.28823,2021/10/20 23:00:00+00,Thu 21 Oct 2021,1747,1799,10,3594895,3533379,239777,3834672,3773156,81.4344390322425,80.1280636886649,70
-7.6926,53.28823,2021/10/21 23:00:00+00,Fri 22 Oct 2021,1491,1901,2,3596386,3535280,239779,3836165,3775059,81.46614490369,80.1684764638588,71
-7.6926,53.28823,2021/10/22 23:00:00+00,Sat 23 Oct 2021,2009,1674,1,3598395,3536954,239780,3838175,3776734,81.5088299683982,80.2040473511157,72
-7.6926,53.28823,2021/10/23 23:00:00+00,Sun 24 Oct 2021,1943,2179,2,3600338,3539133,239782,3840120,3778915,81.5501346703173,80.2503638317767,73
-7.6926,53.28823,2021/10/24 23:00:00+00,Mon 25 Oct 2021,1216,827,2,3601554,3539960,239784,3841338,3779744,81.5760005453495,80.267968766425,74
-7.6926,53.28823,2021/10/25 23:00:00+00,Tue 26 Oct 2021,1235,1193,6,3602789,3541153,239790,3842579,3780943,81.6023548564455,80.2934311507957,75
-7.6926,53.28823,2021/10/26 23:00:00+00,Wed 27 Oct 2021,1550,1400,5,3604339,3542553,239795,3844134,3782348,81.6353773816302,80.3232682233903,76
-7.6926,53.28823,2021/10/27 23:00:00+00,Thu 28 Oct 2021,2145,1668,3,3606484,3544221,239798,3846282,3784019,81.6809930627214,80.3587541652447,77
-7.6926,53.28823,2021/10/28 23:00:00+00,Fri 29 Oct 2021,2132,1341,0,3608616,3545562,239798,3848414,3785360,81.7262689622029,80.3872321114008,78
-7.6926,53.28823,2021/10/29 23:00:00+00,Sat 30 Oct 2021,2008,1433,0,3610624,3546995,239798,3850422,3786793,81.7689115542099,80.4176638018122,79
-7.6926,53.28823,2021/10/30 23:00:00+00,Sun 31 Oct 2021,1623,1314,0,3612247,3548309,239798,3852045,3788107,81.8033781512355,80.445568366502,80
-7.6926,53.28823,2021/11/01 00:00:00+00,Mon 01 Nov 2021,260,261,2,3612507,3548570,239800,3852307,3788370,81.808942075093,80.4511535267101,81
-7.6926,53.28823,2021/11/02 00:00:00+00,Tue 02 Nov 2021,1087,1074,9,3613594,3549644,239809,3853403,3789453,81.8322171153518,80.4741524944111,82
-7.6926,53.28823,2021/11/03 00:00:00+00,Wed 03 Nov 2021,2532,1837,5,3616126,3551481,239814,3855940,3791295,81.8860937368268,80.5132698522184,83
-7.6926,53.28823,2021/11/04 00:00:00+00,Thu 04 Nov 2021,1542,1250,1,3617668,3552731,239815,3857483,3792546,81.9188614258043,80.5398365268203,84
-7.6926,53.28823,2021/11/05 00:00:00+00,Fri 05 Nov 2021,1626,1063,2,3619294,3553794,239817,3859111,3793611,81.9534342045829,80.5624532402105,85
-7.6926,53.28823,2021/11/06 00:00:00+00,Sat 06 Nov 2021,1817,1337,5,3621111,3555131,239822,3860933,3794953,81.9921268353781,80.5909524227172,86
-7.6926,53.28823,2021/11/07 00:00:00+00,Sun 07 Nov 2021,725,765,0,3621836,3555896,239822,3861658,3795718,82.0075231895639,80.607198230927,87
-7.6926,53.28823,2021/11/08 00:00:00+00,Mon 08 Nov 2021,514,513,2,3622350,3556409,239824,3862174,3796233,82.0184811464741,80.6181349514866,88
-7.6926,53.28823,2021/11/09 00:00:00+00,Tue 09 Nov 2021,1373,1041,1,3623723,3557450,239825,3863548,3797275,82.0476598922,80.640263228813,89
-7.6926,53.28823,2021/11/10 00:00:00+00,Wed 10 Nov 2021,1626,1323,0,3625349,3558773,239825,3865174,3798598,82.0821901982774,80.6683589206582,90
-7.6926,53.28823,2021/11/11 00:00:00+00,Thu 11 Nov 2021,1397,1086,1,3626746,3559859,239826,3866572,3799685,82.1118786164178,80.6914428337616,91
-7.6926,53.28823,2021/11/12 00:00:00+00,Fri 12 Nov 2021,1150,1117,5,3627896,3560976,239831,3867727,3800807,82.1364066013621,80.7152700191361,92
-7.6926,53.28823,2021/11/13 00:00:00+00,Sat 13 Nov 2021,1411,1358,0,3629307,3562334,239831,3869138,3802165,82.1663710920602,80.7441089832524,93
-7.6926,53.28823,2021/11/14 00:00:00+00,Sun 14 Nov 2021,1648,1800,0,3630955,3564134,239831,3870786,3803965,82.2013685978508,80.7823344143344,94
-7.6926,53.28823,2021/11/15 00:00:00+00,Mon 15 Nov 2021,1244,568,0,3632199,3564702,239831,3872030,3804533,82.2277866179986,80.7943966614758,95
-7.6926,53.28823,2021/11/16 00:00:00+00,Tue 16 Nov 2021,1317,1050,5,3633516,3565752,239836,3873352,3805588,82.2558610734933,80.81680101136,96
-7.6926,53.28823,2021/11/17 00:00:00+00,Wed 17 Nov 2021,1518,1087,0,3635034,3566839,239836,3874870,3806675,82.2880978537058,80.8398849244634,97
-7.6926,53.28823,2021/11/18 00:00:00+00,Thu 18 Nov 2021,1663,2472,5,3636697,3569311,239841,3876538,3809152,82.3235200865084,80.8924873649023,98
-7.6926,53.28823,2021/11/19 00:00:00+00,Fri 19 Nov 2021,1179,1524,0,3637876,3570835,239841,3877717,3810676,82.3485577438671,80.9248515632184,99
-7.6926,53.28823,2021/11/20 00:00:00+00,Sat 20 Nov 2021,1540,2922,11,3639416,3573757,239852,3879268,3813609,82.3814953236494,80.9871377795314,100
-7.6926,53.28823,2021/11/21 00:00:00+00,Sun 21 Nov 2021,1787,2752,0,3641203,3576509,239852,3881055,3816361,82.4194446821736,81.0455802163857,101
-7.6926,53.28823,2021/11/22 00:00:00+00,Mon 22 Nov 2021,710,491,2,3641913,3577000,239854,3881767,3816854,82.4345649638016,81.056049737232,102
-7.6926,53.28823,2021/11/23 00:00:00+00,Tue 23 Nov 2021,2163,1556,6,3644076,3578556,239860,3883936,3818416,82.4806266082554,81.0892209168709,103
-7.6926,53.28823,2021/11/24 00:00:00+00,Wed 24 Nov 2021,1626,3118,2,3645702,3581674,239862,3885564,3821536,82.515199387034,81.1554783307464,104
-7.6926,53.28823,2021/11/25 00:00:00+00,Thu 25 Nov 2021,997,1160,1,3646699,3582834,239863,3886562,3822697,82.5363932649339,81.1801337337943,105
-7.6926,53.28823,2021/11/26 00:00:00+00,Fri 26 Nov 2021,1289,1076,12,3647988,3583910,239875,3887863,3823785,82.5640217570659,81.2032388832483,106
-7.6926,53.28823,2021/11/27 00:00:00+00,Sat 27 Nov 2021,1222,1550,5,3649210,3585460,239880,3889090,3825340,82.5900787592535,81.236261408433,107
-7.6926,53.28823,2021/11/28 00:00:00+00,Sun 28 Nov 2021,1966,2251,0,3651176,3587711,239880,3891056,3827591,82.6318294245353,81.2840644336361,108
-7.6926,53.28823,2021/11/29 00:00:00+00,Mon 29 Nov 2021,553,977,1,3651729,3588688,239881,3891610,3828569,82.6435943627683,81.304833584524,109
-7.6926,53.28823,2021/11/30 00:00:00+00,Tue 30 Nov 2021,1924,1619,6,3653653,3590307,239887,3893540,3830194,82.6845805194284,81.3393426542508,110
-7.6926,53.28823,2021/12/01 00:00:00+00,Wed 01 Dec 2021,1082,1352,1,3654735,3591659,239888,3894623,3831547,82.7075794871294,81.3680754366141,111
-7.6926,53.28823,2021/12/02 00:00:00+00,Thu 02 Dec 2021,1775,1398,0,3656510,3593057,239888,3896398,3832945,82.7452740094464,81.3977638547544,112
-7.6926,53.28823,2021/12/03 00:00:00+00,Fri 03 Dec 2021,1042,1163,3,3657552,3594220,239891,3897443,3834111,82.7674659958245,81.4225254395553,113
-7.6926,53.28823,2021/12/04 00:00:00+00,Sat 04 Dec 2021,1200,1695,0,3658752,3595915,239891,3898643,3835806,82.7929496165458,81.4585210538242,114
-7.6926,53.28823,2021/12/05 00:00:00+00,Sun 05 Dec 2021,1348,1770,0,3660100,3597685,239891,3899991,3837576,82.8215762171561,81.4961093943881,115
-7.6926,53.28823,2021/12/06 00:00:00+00,Mon 06 Dec 2021,935,1277,0,3661035,3598962,239891,3900926,3838853,82.8414322049682,81.5232282141057,116
-7.6926,53.28823,2021/12/07 00:00:00+00,Tue 07 Dec 2021,485,729,1,3661520,3599691,239892,3901412,3839583,82.8517530713603,81.5387307500445,117
-7.6926,53.28823,2021/12/08 00:00:00+00,Wed 08 Dec 2021,812,1488,0,3662332,3601179,239892,3902224,3841071,82.8689969880484,81.570330439739,118
-7.6926,53.28823,2021/12/09 00:00:00+00,Thu 09 Dec 2021,796,1188,0,3663128,3602367,239892,3903020,3842259,82.8859011231269,81.5955592242531,119
-7.6926,53.28823,2021/12/10 00:00:00+00,Fri 10 Dec 2021,892,1589,1,3664020,3603956,239893,3903913,3843849,82.9048651842137,81.6293250217089,120
-7.6926,53.28823,2021/12/11 00:00:00+00,Sat 11 Dec 2021,636,835,0,3664656,3604791,239893,3904549,3844684,82.918371503196,81.6470573744608,121
-7.6926,53.28823,2021/12/12 00:00:00+00,Sun 12 Dec 2021,691,1188,0,3665347,3605979,239893,3905240,3845872,82.9330458214613,81.6722861589749,122
-7.6926,53.28823,2021/12/13 00:00:00+00,Mon 13 Dec 2021,721,1045,0,3666068,3607024,239893,3905961,3846917,82.9483572302447,81.6944781453531,123
-7.6926,53.28823,2021/12/14 00:00:00+00,Tue 14 Dec 2021,630,1180,1,3666698,3608204,239894,3906592,3848098,82.961757367474,81.719558275413,124
-7.6926,53.28823,2021/12/15 00:00:00+00,Wed 15 Dec 2021,793,1227,1,3667491,3609431,239895,3907386,3849326,82.9786190298513,81.7456365139511,125
-7.6926,53.28823,2021/12/16 00:00:00+00,Thu 16 Dec 2021,1065,1515,7,3668556,3610946,239902,3908458,3850848,83.0013843976957,81.777958239566,126
-7.6926,53.28823,2021/12/17 00:00:00+00,Fri 17 Dec 2021,1213,2433,1,3669769,3613379,239903,3909672,3853282,83.0271653273254,81.8296475169291,127
-7.6926,53.28823,2021/12/18 00:00:00+00,Sat 18 Dec 2021,1264,1168,0,3671033,3614547,239903,3910936,3854450,83.0540080744852,81.8544515744312,128
-7.6926,53.28823,2021/12/19 00:00:00+00,Sun 19 Dec 2021,558,877,0,3671591,3615424,239903,3911494,3855327,83.0658579581206,81.8730758539083,129
-7.6926,53.28823,2021/12/20 00:00:00+00,Mon 20 Dec 2021,540,588,0,3672131,3616012,239903,3912034,3855915,83.0773255874452,81.8855628280618,130
-7.6926,53.28823,2021/12/21 00:00:00+00,Tue 21 Dec 2021,1467,1778,3,3673598,3617790,239906,3913504,3857696,83.1085430228289,81.9233847684824,131
-7.6926,53.28823,2021/12/22 00:00:00+00,Wed 22 Dec 2021,1235,1550,2,3674833,3619340,239908,3914741,3859248,83.1348123885224,81.9563435846153,132
-7.6926,53.28823,2021/12/23 00:00:00+00,Thu 23 Dec 2021,967,1341,0,3675800,3620681,239908,3915708,3860589,83.1553479395537,81.9848215307714,133
-7.6926,53.28823,2021/12/24 00:00:00+00,Fri 24 Dec 2021,102,137,0,3675902,3620818,239908,3915810,3860726,83.157514047315,81.9877309108037,134
-7.6926,53.28823,2021/12/25 00:00:00+00,Sat 25 Dec 2021,1,0,0,3675903,3620818,239908,3915811,3860726,83.1575352836656,81.9877309108037,135
-7.6926,53.28823,2021/12/26 00:00:00+00,Sun 26 Dec 2021,10,6,0,3675913,3620824,239908,3915821,3860732,83.1577476471716,81.9878583289073,136
-7.6926,53.28823,2021/12/27 00:00:00+00,Mon 27 Dec 2021,388,581,0,3676301,3621405,239908,3916209,3861313,83.1659873512048,82.0001966486066,137
-7.6926,53.28823,2021/12/28 00:00:00+00,Tue 28 Dec 2021,463,736,0,3676764,3622141,239908,3916672,3862049,83.1758197815332,82.015826602649,138
-7.6926,53.28823,2021/12/29 00:00:00+00,Wed 29 Dec 2021,1082,1278,0,3677846,3623419,239908,3917754,3863327,83.1987975128836,82.0429666587172,139
-7.6926,53.28823,2021/12/30 00:00:00+00,Thu 30 Dec 2021,1072,1171,1,3678918,3624590,239909,3918827,3864499,83.2215841170785,82.0678556616217,140
-7.6926,53.28823,2021/12/31 00:00:00+00,Fri 31 Dec 2021,721,1666,0,3679639,3626256,239909,3919548,3866165,83.2368955258619,82.1032354217231,141
-7.6926,53.28823,2022/01/01 00:00:00+00,Sat 01 Jan 2022,67,95,0,3679706,3626351,239909,3919615,3866260,83.2383183613522,82.1052528750302,142
-7.6926,53.28823,2022/01/02 00:00:00+00,Sun 02 Jan 2022,270,622,0,3679976,3626973,239909,3919885,3866882,83.2440521760145,82.1184618851041,143
-7.6926,53.28823,2022/01/03 00:00:00+00,Mon 03 Jan 2022,3631,715,0,3683607,3627688,239909,3923516,3867597,83.3211613650471,82.1336458757839,144
-7.6926,53.28823,2022/01/04 00:00:00+00,Tue 04 Jan 2022,1192,759,0,3684799,3628447,239909,3924708,3868356,83.3464750949637,82.1497642658902,145
-7.6926,53.28823,2022/01/05 00:00:00+00,Wed 05 Jan 2022,2142,880,0,3686941,3629327,239909,3926850,3869236,83.3919633579512,82.1684522544191,146
-7.6926,53.28823,2022/01/06 00:00:00+00,Thu 06 Jan 2022,2465,1661,1,3689406,3630988,239910,3929316,3870898,83.4443321985335,82.2037470691182,147
-7.6926,53.28823,2022/01/07 00:00:00+00,Fri 07 Jan 2022,4854,759,0,3694260,3631747,239910,3934170,3871657,83.5474134443513,82.2198654592244,148
-7.6926,53.28823,2022/01/08 00:00:00+00,Sat 08 Jan 2022,9792,730,1,3704052,3632477,239911,3943963,3872388,83.7553810257879,82.2353892315138,149
-7.6926,53.28823,2022/01/09 00:00:00+00,Sun 09 Jan 2022,7115,665,0,3711167,3633142,239911,3951078,3873053,83.9064776603148,82.2495114046636,150
-7.6926,53.28823,2022/01/10 00:00:00+00,Mon 10 Jan 2022,6654,487,0,3717821,3633629,239911,3957732,3873540,84.0477843372146,82.2598535074063,151
-7.6926,53.28823,2022/01/11 00:00:00+00,Tue 11 Jan 2022,4771,1338,1,3722592,3634967,239912,3962504,3874879,84.149124202283,82.2882889808612,152
-7.6926,53.28823,2022/01/12 00:00:00+00,Wed 12 Jan 2022,7560,884,1,3730152,3635851,239913,3970065,3875764,84.309692249178,82.3070831511431,153
-7.6926,53.28823,2022/01/13 00:00:00+00,Thu 13 Jan 2022,7322,787,0,3737474,3636638,239913,3977387,3876551,84.4651848082793,82.3237961590662,154
-7.6926,53.28823,2022/01/14 00:00:00+00,Fri 14 Jan 2022,10731,813,0,3748205,3637451,239913,3988118,3877364,84.6930720865798,82.3410613121049,155
-7.6926,53.28823,2022/01/15 00:00:00+00,Sat 15 Jan 2022,8354,636,0,3756559,3638087,239913,3996472,3878000,84.8704805595014,82.3545676310872,156
-7.6926,53.28823,2022/01/16 00:00:00+00,Sun 16 Jan 2022,6966,1211,1,3763525,3639298,239914,4003439,3879212,85.0184342141393,82.3803060880158,157
-7.6926,53.28823,2022/01/17 00:00:00+00,Mon 17 Jan 2022,2564,545,0,3766089,3639843,239914,4006003,3879757,85.0728842170805,82.3918798990934,158
-7.6926,53.28823,2022/01/18 00:00:00+00,Tue 18 Jan 2022,4061,425,3,3770150,3640268,239917,4010067,3880185,85.1591887459234,82.4009690571506,159
-7.6926,53.28823,2022/01/19 00:00:00+00,Wed 19 Jan 2022,3481,613,0,3773631,3640881,239917,4013548,3880798,85.2331124823659,82.4139869400691,160
-7.6926,53.28823,2022/01/20 00:00:00+00,Thu 20 Jan 2022,3692,920,1,3777323,3641801,239918,4017241,3881719,85.3115383251357,82.4335456189727,161
-7.6926,53.28823,2022/01/21 00:00:00+00,Fri 21 Jan 2022,3251,963,0,3780574,3642764,239918,4020492,3882682,85.3805777009399,82.4539962246016,162
-7.6926,53.28823,2022/01/22 00:00:00+00,Sat 22 Jan 2022,4271,636,0,3784845,3643400,239918,4024763,3883318,85.4712781543573,82.4675025435839,163
-7.6926,53.28823,2022/01/23 00:00:00+00,Sun 23 Jan 2022,3092,677,0,3787937,3644077,239918,4027855,3883995,85.5369409504159,82.4818795529408,164
-7.6926,53.28823,2022/01/24 00:00:00+00,Mon 24 Jan 2022,645,457,0,3788582,3644534,239918,4028500,3884452,85.5506383965536,82.4915845651655,165
-7.6926,53.28823,2022/01/25 00:00:00+00,Tue 25 Jan 2022,698,1828,0,3789280,3646362,239918,4029198,3886280,85.5654613692732,82.5304046140644,166
-7.6926,53.28823,2022/01/26 00:00:00+00,Wed 26 Jan 2022,701,880,0,3789981,3647242,239918,4029899,3887160,85.5803480510445,82.5490926025933,167
-7.6926,53.28823,2022/01/27 00:00:00+00,Thu 27 Jan 2022,1273,1159,0,3791254,3648401,239918,4031172,3888319,85.6073819253597,82.57370553294,168
-7.6926,53.28823,2022/01/28 00:00:00+00,Fri 28 Jan 2022,1029,3089,0,3792283,3651490,239918,4032201,3891408,85.6292341301283,82.6393046199468,169
-7.6926,53.28823,2022/01/29 00:00:00+00,Sat 29 Jan 2022,2325,3441,0,3794608,3654931,239918,4034526,3894849,85.6786086452759,82.7123789023652,170
-7.6926,53.28823,2022/01/30 00:00:00+00,Sun 30 Jan 2022,1634,7536,0,3796242,3662467,239918,4036160,3902385,85.7133088421581,82.8724160404952,171
-7.6926,53.28823,2022/01/31 00:00:00+00,Mon 31 Jan 2022,480,1379,0,3796722,3663846,239918,4036640,3903764,85.7235022904466,82.9017009679741,172
-7.6926,53.28823,2022/02/01 00:00:00+00,Tue 01 Feb 2022,751,3410,1,3797473,3667256,239919,4037392,3907175,85.7394720260986,82.9741381598745,173
-7.6926,53.28823,2022/02/02 00:00:00+00,Wed 02 Feb 2022,643,2988,0,3798116,3670244,239919,4038035,3910163,85.7531269995351,83.0375923754706,174
-7.6926,53.28823,2022/02/03 00:00:00+00,Thu 03 Feb 2022,912,2423,1,3799028,3672667,239920,4038948,3912587,85.7725157876339,83.0890692893277,175
-7.6926,53.28823,2022/02/04 00:00:00+00,Fri 04 Feb 2022,1170,6509,0,3800198,3679176,239920,4040118,3919096,85.7973623178372,83.2272966953903,176
-7.6926,53.28823,2022/02/05 00:00:00+00,Sat 05 Feb 2022,1778,5745,0,3801976,3684921,239920,4041896,3924841,85.835120549206,83.3492995295936,177
-7.6926,53.28823,2022/02/06 00:00:00+00,Sun 06 Feb 2022,1408,7555,0,3803384,3692476,239920,4043304,3932396,85.8650213308524,83.5097401583849,178
-7.6926,53.28823,2022/02/07 00:00:00+00,Mon 07 Feb 2022,435,1348,0,3803819,3693824,239920,4043739,3933744,85.8742591433638,83.5383667589952,179
-7.6926,53.28823,2022/02/08 00:00:00+00,Tue 08 Feb 2022,897,1226,0,3804716,3695050,239920,4044636,3934970,85.893308149853,83.5644025248322,180
-7.6926,53.28823,2022/02/09 00:00:00+00,Wed 09 Feb 2022,1332,1770,0,3806048,3696820,239920,4045968,3936740,85.9215949688537,83.6019908653961,181
-7.6926,53.28823,2022/02/10 00:00:00+00,Thu 10 Feb 2022,688,2539,0,3806736,3699359,239920,4046656,3939279,85.9362055780673,83.6559099595724,182
-7.6926,53.28823,2022/02/11 00:00:00+00,Fri 11 Feb 2022,557,4907,0,3807293,3704266,239920,4047213,3944186,85.9480342253521,83.760116731972,183
-7.6926,53.28823,2022/02/12 00:00:00+00,Sat 12 Feb 2022,1395,5459,0,3808688,3709725,239920,4048608,3949645,85.9776589344406,83.8760459699034,184
-7.6926,53.28823,2022/02/13 00:00:00+00,Sun 13 Feb 2022,1567,4706,0,3810255,3714431,239920,4050175,3954351,86.0109362958326,83.9759842358322,185
-7.6926,53.28823,2022/02/14 00:00:00+00,Mon 14 Feb 2022,172,948,1,3810427,3715379,239921,4050348,3955300,86.0146101844866,83.9961375325527,186
-7.6926,53.28823,2022/02/15 00:00:00+00,Tue 15 Feb 2022,646,806,1,3811073,3716185,239922,4050995,3956107,86.0283501033255,84.0132752674878,187
-7.6926,53.28823,2022/02/16 00:00:00+00,Wed 16 Feb 2022,793,1780,0,3811866,3717965,239922,4051788,3957887,86.0451905293521,84.0510759715577,188
-7.6926,53.28823,2022/02/17 00:00:00+00,Thu 17 Feb 2022,789,1178,2,3812655,3719143,239924,4052579,3959067,86.0619884826776,84.076134865267,189
-7.6926,53.28823,2022/02/18 00:00:00+00,Fri 18 Feb 2022,797,3282,0,3813452,3722425,239924,4053376,3962349,86.0789138541067,84.1458325679399,190
-7.6926,53.28823,2022/02/19 00:00:00+00,Sat 19 Feb 2022,976,3548,0,3814428,3725973,239924,4054352,3965897,86.0996405322934,84.2211791398726,191
-7.6926,53.28823,2022/02/20 00:00:00+00,Sun 20 Feb 2022,1367,3587,0,3815795,3729560,239924,4055719,3969484,86.1286706235651,84.2973539294787,192
-7.6926,53.28823,2022/02/21 00:00:00+00,Mon 21 Feb 2022,251,986,1,3816046,3730546,239925,4055971,3970471,86.1340221839166,84.318314207522,193
-7.6926,53.28823,2022/02/22 00:00:00+00,Tue 22 Feb 2022,476,963,0,3816522,3731509,239925,4056447,3971434,86.1441306868027,84.3387648131509,194
-7.6926,53.28823,2022/02/23 00:00:00+00,Wed 23 Feb 2022,828,1259,1,3817350,3732768,239926,4057276,3972694,86.161735621451,84.3655226149083,195
-7.6926,53.28823,2022/02/24 00:00:00+00,Thu 24 Feb 2022,658,1219,0,3818008,3733987,239926,4057934,3973913,86.1757091401465,84.391409726291,196
-7.6926,53.28823,2022/02/25 00:00:00+00,Fri 25 Feb 2022,690,1213,0,3818698,3735200,239926,4058624,3975126,86.1903622220613,84.4171694195702,197
-7.6926,53.28823,2022/02/26 00:00:00+00,Sat 26 Feb 2022,956,2086,0,3819654,3737286,239926,4059580,3977212,86.210664173236,84.4614684469241,198
-7.6926,53.28823,2022/02/27 00:00:00+00,Sun 27 Feb 2022,670,1781,0,3820324,3739067,239926,4060250,3978993,86.2248925281387,84.4992903873447,199
-7.6926,53.28823,2022/02/28 00:00:00+00,Mon 28 Feb 2022,83,421,0,3820407,3739488,239926,4060333,3979414,86.2266551452386,84.5082308909477,200
-7.6926,53.28823,2022/03/01 00:00:00+00,Tue 01 Mar 2022,122,935,0,3820529,3740423,239926,4060455,3980349,86.2292459800119,84.5280868787598,201
-7.6926,53.28823,2022/03/02 00:00:00+00,Wed 02 Mar 2022,200,988,2,3820729,3741411,239928,4060657,3981339,86.2335357228333,84.5491108658549,202
-7.6926,53.28823,2022/03/03 00:00:00+00,Thu 03 Mar 2022,269,1270,0,3820998,3742681,239928,4060926,3982609,86.239248301145,84.5760810311183,203
-7.6926,53.28823,2022/03/04 00:00:00+00,Fri 04 Mar 2022,728,1485,2,3821726,3744166,239930,4061656,3984096,86.2547508370838,84.6076594844621,204
-7.6926,53.28823,2022/03/05 00:00:00+00,Sat 05 Mar 2022,961,3331,0,3822687,3747497,239930,4062617,3987427,86.2751589700115,84.6783977683144,205
-7.6926,53.28823,2022/03/06 00:00:00+00,Sun 06 Mar 2022,456,1914,0,3823143,3749411,239930,4063073,3989341,86.2848427458856,84.7190441433649,206
-7.6926,53.28823,2022/03/07 00:00:00+00,Mon 07 Mar 2022,112,112,0,3823255,3749523,239930,4063185,3989453,86.2872212171529,84.7214226146322,207
-7.6926,53.28823,2022/03/08 00:00:00+00,Tue 08 Mar 2022,117,485,0,3823372,3750008,239930,4063302,3989938,86.2897058701733,84.7317222446738,208
-7.6926,53.28823,2022/03/09 00:00:00+00,Wed 09 Mar 2022,117,320,0,3823489,3750328,239930,4063419,3990258,86.2921905231936,84.7385178768661,209
-7.6926,53.28823,2022/03/10 00:00:00+00,Thu 10 Mar 2022,253,501,0,3823742,3750829,239930,4063672,3990759,86.2975633198957,84.7491572885173,210
-7.6926,53.28823,2022/03/11 00:00:00+00,Fri 11 Mar 2022,496,2164,0,3824238,3752993,239930,4064168,3992923,86.3080965497938,84.7951127512181,211
-7.6926,53.28823,2022/03/12 00:00:00+00,Sat 12 Mar 2022,472,2379,2,3824710,3755372,239932,4064642,3995304,86.3181625799787,84.8456765019993,212
-7.6926,53.28823,2022/03/13 00:00:00+00,Sun 13 Mar 2022,362,1078,0,3825072,3756450,239932,4065004,3996382,86.3258501388964,84.8685692879473,213
-7.6926,53.28823,2022/03/14 00:00:00+00,Mon 14 Mar 2022,99,110,0,3825171,3756560,239932,4065103,3996492,86.3279525376059,84.8709052865134,214
-7.6926,53.28823,2022/03/15 00:00:00+00,Tue 15 Mar 2022,215,741,0,3825386,3757301,239932,4065318,3997233,86.3325183529851,84.8866414223088,215
-7.6926,53.28823,2022/03/16 00:00:00+00,Wed 16 Mar 2022,187,781,1,3825573,3758082,239933,4065506,3998015,86.3365107868981,84.9032482484789,216
-7.6926,53.28823,2022/03/18 00:00:00+00,Fri 18 Mar 2022,2,6,0,3825575,3758088,239933,4065508,3998021,86.3365532595993,84.9033756665825,217
-7.6926,53.28823,2022/03/19 00:00:00+00,Sat 19 Mar 2022,741,2775,0,3826316,3760863,239933,4066249,4000796,86.3522893953947,84.9623065395006,218
-7.6926,53.28823,2022/03/20 00:00:00+00,Sun 20 Mar 2022,387,1392,0,3826703,3762255,239933,4066636,4002188,86.3605078630773,84.9918675395373,219
-7.6926,53.28823,2022/03/21 00:00:00+00,Mon 21 Mar 2022,53,97,0,3826756,3762352,239933,4066689,4002285,86.3616333896592,84.9939274655456,220
-7.6926,53.28823,2022/03/22 00:00:00+00,Tue 22 Mar 2022,129,557,0,3826885,3762909,239933,4066818,4002842,86.3643728788868,85.0057561128304,221
-7.6926,53.28823,2022/03/23 00:00:00+00,Wed 23 Mar 2022,94,207,0,3826979,3763116,239933,4066912,4003049,86.3663690958433,85.0101520374049,222
-7.6926,53.28823,2022/03/24 00:00:00+00,Thu 24 Mar 2022,133,211,0,3827112,3763327,239933,4067045,4003260,86.3691935304732,85.0146329073817,223
-7.6926,53.28823,2022/03/25 00:00:00+00,Fri 25 Mar 2022,412,1548,0,3827524,3764875,239933,4067457,4004808,86.3779429069209,85.0475067781122,224
-7.6926,53.28823,2022/03/26 00:00:00+00,Sat 26 Mar 2022,842,1825,0,3828366,3766700,239933,4068299,4006633,86.395823914127,85.0862631179592,225
-7.6926,53.28823,2022/03/27 00:00:00+00,Sun 27 Mar 2022,381,796,0,3828747,3767496,239933,4068680,4007429,86.403914963706,85.1031672530377,226
-7.6926,53.28823,2022/03/27 23:00:00+00,Mon 28 Mar 2022,19,16,0,3828766,3767512,239933,4068699,4007445,86.4043184543674,85.1035070346473,227
-7.6926,53.28823,2020/12/28 00:00:00+00,Mon 28 Dec 2020,201,21,0,201,21,0,201,21,0.00426850647082221,0.000445963362623216,228
-7.6926,53.28823,2020/12/29 00:00:00+00,Tue 29 Dec 2020,74,2,0,275,23,0,275,23,0.00583999641530402,0.000488436063825427,229
-7.6926,53.28823,2020/12/30 00:00:00+00,Wed 30 Dec 2020,1057,1,0,1332,24,0,1332,24,0.0282868190006726,0.000509672414426533,230
-7.6926,53.28823,2020/12/31 00:00:00+00,Thu 31 Dec 2020,1031,1,0,2363,25,0,2363,25,0.0501814964704123,0.000530908765027638,231
-7.6926,53.28823,2021/01/01 00:00:00+00,Fri 01 Jan 2021,806,0,0,3169,25,0,3169,25,0.0672979950549034,0.000530908765027638,232
-7.6926,53.28823,2021/01/02 00:00:00+00,Sat 02 Jan 2021,1015,0,0,4184,25,0,4184,25,0.0888528909150255,0.000530908765027638,233
-7.6926,53.28823,2021/01/03 00:00:00+00,Sun 03 Jan 2021,19,2,1,4203,27,1,4204,28,0.0892776179270476,0.000594617816830955,234
-7.6926,53.28823,2021/01/04 00:00:00+00,Mon 04 Jan 2021,1186,3,0,5389,30,1,5390,31,0.114463929739959,0.000658326868634271,235
-7.6926,53.28823,2021/01/05 00:00:00+00,Tue 05 Jan 2021,3524,9,0,8913,39,1,8914,40,0.189300829258255,0.000849454024044221,236
-7.6926,53.28823,2021/01/06 00:00:00+00,Wed 06 Jan 2021,6769,8,0,15682,47,1,15683,48,0.333049686477138,0.00101934482885307,237
-7.6926,53.28823,2021/01/07 00:00:00+00,Thu 07 Jan 2021,11718,8,0,27400,55,1,27401,56,0.581897242820892,0.00118923563366191,238
-7.6926,53.28823,2021/01/08 00:00:00+00,Fri 08 Jan 2021,12674,5,0,40074,60,1,40075,61,0.851046750339304,0.00129541738666744,239
-7.6926,53.28823,2021/01/09 00:00:00+00,Sat 09 Jan 2021,8073,6,0,48147,66,1,48148,67,1.02248780874203,0.00142283549027407,240
-7.6926,53.28823,2021/01/10 00:00:00+00,Sun 10 Jan 2021,4776,3,1,52923,69,2,52925,71,1.12393385556351,0.00150778089267849,241
-7.6926,53.28823,2021/01/11 00:00:00+00,Mon 11 Jan 2021,8337,7,0,61260,76,2,61262,78,1.30098131052493,0.00165643534688623,242
-7.6926,53.28823,2021/01/12 00:00:00+00,Tue 12 Jan 2021,8876,9,0,70136,85,2,70138,87,1.48947515846034,0.00184756250229618,243
-7.6926,53.28823,2021/01/13 00:00:00+00,Wed 13 Jan 2021,9876,5,0,80012,90,2,80014,92,1.69920535699686,0.00195374425530171,244
-7.6926,53.28823,2021/01/14 00:00:00+00,Thu 14 Jan 2021,8077,5,0,88089,95,2,88091,97,1.87073136080199,0.00205992600830724,245
-7.6926,53.28823,2021/01/15 00:00:00+00,Fri 15 Jan 2021,7682,2,0,95771,97,2,95773,99,2.03386900611968,0.00210239870950945,246
-7.6926,53.28823,2021/01/16 00:00:00+00,Sat 16 Jan 2021,5224,3,0,100995,100,2,100997,102,2.14480770165985,0.00216610776131276,247
-7.6926,53.28823,2021/01/17 00:00:00+00,Sun 17 Jan 2021,1109,4,0,102104,104,2,102106,106,2.16835881447648,0.00225105316371719,248
-7.6926,53.28823,2021/01/18 00:00:00+00,Mon 18 Jan 2021,8704,7,0,110808,111,2,110810,113,2.3532000101085,0.00239970761792492,249
-7.6926,53.28823,2021/01/19 00:00:00+00,Tue 19 Jan 2021,8371,18,0,119179,129,2,119181,131,2.53096950099036,0.00278196192874482,250
-7.6926,53.28823,2021/01/20 00:00:00+00,Wed 20 Jan 2021,8439,961,0,127618,1090,2,127620,1092,2.71018306371309,0.0231900948564072,251
-7.6926,53.28823,2021/01/21 00:00:00+00,Thu 21 Jan 2021,8989,962,0,136607,2052,2,136609,2054,2.90107661926642,0.0436194641346707,252
-7.6926,53.28823,2021/01/22 00:00:00+00,Fri 22 Jan 2021,6767,968,0,143374,3020,2,143376,3022,3.04478300378411,0.0641762515165409,253
-7.6926,53.28823,2021/01/23 00:00:00+00,Sat 23 Jan 2021,4177,460,0,147551,3480,2,147553,3482,3.13348724024492,0.0739449727930494,254
-7.6926,53.28823,2021/01/24 00:00:00+00,Sun 24 Jan 2021,1180,397,0,148731,3877,2,148733,3879,3.15854613395423,0.0823758039816883,255
-7.6926,53.28823,2021/01/25 00:00:00+00,Mon 25 Jan 2021,1348,1285,0,150079,5162,2,150081,5164,3.18717273456452,0.109664514504109,256
-7.6926,53.28823,2021/01/26 00:00:00+00,Tue 26 Jan 2021,999,3498,0,151078,8660,2,151080,8662,3.20838784881502,0.183949268906776,257
-7.6926,53.28823,2021/01/27 00:00:00+00,Wed 27 Jan 2021,2161,6698,0,153239,15358,2,153241,15360,3.25427960246401,0.326190345232981,258
-7.6926,53.28823,2021/01/28 00:00:00+00,Thu 28 Jan 2021,984,11538,0,154223,26896,2,154225,26898,3.2751761714555,0.571215358468536,259
-7.6926,53.28823,2021/01/29 00:00:00+00,Fri 29 Jan 2021,1567,11525,0,155790,38421,2,155792,38423,3.30845353284743,0.815964299146277,260
-7.6926,53.28823,2021/01/30 00:00:00+00,Sat 30 Jan 2021,624,7793,0,156414,46214,2,156416,46216,3.32170501562252,0.981459179380693,261
-7.6926,53.28823,2021/01/31 00:00:00+00,Sun 31 Jan 2021,217,4086,0,156631,50300,2,156633,50302,3.32631330370296,1.06823090793681,262
-7.6926,53.28823,2021/02/01 00:00:00+00,Mon 01 Feb 2021,1011,8336,0,157642,58636,2,157644,58638,3.34778325416068,1.24525712654763,263
-7.6926,53.28823,2021/02/02 00:00:00+00,Tue 02 Feb 2021,824,5107,0,158466,63743,2,158468,63745,3.36528200705599,1.35371116906747,264
-7.6926,53.28823,2021/02/03 00:00:00+00,Wed 03 Feb 2021,1390,6862,0,159856,70605,2,159858,70607,3.39480053439153,1.49943500689226,265
-7.6926,53.28823,2021/02/04 00:00:00+00,Thu 04 Feb 2021,1415,10541,1,161271,81146,3,161274,81149,3.42487120684269,1.72330861492911,266
-7.6926,53.28823,2021/02/05 00:00:00+00,Fri 05 Feb 2021,3378,8612,0,164649,89758,3,164652,89761,3.49660759917323,1.90619606630583,267
-7.6926,53.28823,2021/02/06 00:00:00+00,Sat 06 Feb 2021,890,3866,0,165539,93624,3,165542,93627,3.51550795120821,1.98829579772971,268
-7.6926,53.28823,2021/02/07 00:00:00+00,Sun 07 Feb 2021,323,1299,1,165862,94923,4,165866,94927,3.52238852880297,2.01590305351114,269
-7.6926,53.28823,2021/02/08 00:00:00+00,Mon 08 Feb 2021,1160,879,0,167022,95802,4,167026,95806,3.54702269550025,2.03456980568952,270
-7.6926,53.28823,2021/02/09 00:00:00+00,Tue 09 Feb 2021,4243,536,2,171265,96338,6,171271,96344,3.63717100380194,2.04599496231291,271
-7.6926,53.28823,2021/02/10 00:00:00+00,Wed 10 Feb 2021,8815,579,0,180080,96917,6,180086,96923,3.82436943435069,2.05829080931095,272
-7.6926,53.28823,2021/02/11 00:00:00+00,Thu 11 Feb 2021,6174,442,0,186254,97359,6,186260,97365,3.95548266296191,2.06767727627664,273
-7.6926,53.28823,2021/02/12 00:00:00+00,Fri 12 Feb 2021,4384,522,0,190638,97881,6,190644,97887,4.04858282399716,2.07876265129042,274
-7.6926,53.28823,2021/02/13 00:00:00+00,Sat 13 Feb 2021,1203,1913,0,191841,99794,6,191847,99800,4.07413015377029,2.11938778999033,275
-7.6926,53.28823,2021/02/14 00:00:00+00,Sun 14 Feb 2021,2691,25,0,194532,99819,6,194538,99825,4.13127717323787,2.11991869875536,276
-7.6926,53.28823,2021/02/15 00:00:00+00,Mon 15 Feb 2021,1955,7884,0,196487,107703,6,196493,107709,4.17279423866303,2.28734608689447,277
-7.6926,53.28823,2021/02/16 00:00:00+00,Tue 16 Feb 2021,5637,8158,0,202124,115861,6,202130,115867,4.29250354700146,2.46059223509829,278
-7.6926,53.28823,2021/02/17 00:00:00+00,Wed 17 Feb 2021,9730,8462,0,211854,124323,6,211860,124329,4.49913323835022,2.64029423388485,279
-7.6926,53.28823,2021/02/18 00:00:00+00,Thu 18 Feb 2021,8454,8349,0,220308,132672,6,220314,132678,4.67866534633196,2.81759652505348,280
-7.6926,53.28823,2021/02/19 00:00:00+00,Fri 19 Feb 2021,9386,6582,0,229694,139254,6,229700,139260,4.87798973307394,2.95737418470996,281
-7.6926,53.28823,2021/02/20 00:00:00+00,Sat 20 Feb 2021,5884,3567,2,235578,142821,8,235586,142829,5.00298689271205,3.0331667200053,282
-7.6926,53.28823,2021/02/21 00:00:00+00,Sun 21 Feb 2021,1106,1021,4,236684,143842,12,236696,143854,5.02655924187927,3.05493397937143,283
-7.6926,53.28823,2021/02/22 00:00:00+00,Mon 22 Feb 2021,3937,1119,1,240621,144961,13,240634,144974,5.11018799054643,3.07871869204467,284
-7.6926,53.28823,2021/02/23 00:00:00+00,Tue 23 Feb 2021,13357,1061,0,253978,146022,13,253991,146035,5.39384192552539,3.10125046003244,285
-7.6926,53.28823,2021/02/24 00:00:00+00,Wed 24 Feb 2021,16931,2102,3,270909,148124,16,270925,148140,5.75345828660451,3.14595297804777,286
-7.6926,53.28823,2021/02/25 00:00:00+00,Thu 25 Feb 2021,18079,1749,2,288988,149873,18,289006,149891,6.1374327418231,3.18313782795031,287
-7.6926,53.28823,2021/02/26 00:00:00+00,Fri 26 Feb 2021,16082,2764,0,305070,152637,18,305088,152655,6.47895573219008,3.24183510101176,288
-7.6926,53.28823,2021/02/27 00:00:00+00,Sat 27 Feb 2021,8990,703,1,314060,153340,19,314079,153359,6.66989176044462,3.25678549183494,289
-7.6926,53.28823,2021/02/28 00:00:00+00,Sun 28 Feb 2021,2440,51,1,316500,153391,20,316520,153411,6.72172969226192,3.2578897820662,290
-7.6926,53.28823,2021/03/01 00:00:00+00,Mon 01 Mar 2021,5582,786,0,322082,154177,20,322102,154197,6.84027100131729,3.27458155363867,291
-7.6926,53.28823,2021/03/02 00:00:00+00,Tue 02 Mar 2021,12172,1604,0,334254,155781,20,334274,155801,7.09875986083395,3.30864466000284,292
-7.6926,53.28823,2021/03/03 00:00:00+00,Wed 03 Mar 2021,12885,1502,1,347139,157283,21,347160,157304,7.37241147467979,3.3405628949563,293
-7.6926,53.28823,2021/03/04 00:00:00+00,Thu 04 Mar 2021,18728,1686,3,365867,158969,24,365891,158993,7.7701895577891,3.37643109112157,294
-7.6926,53.28823,2021/03/05 00:00:00+00,Fri 05 Mar 2021,18435,2391,6,384302,161360,30,384332,161390,8.16180909922409,3.42733462351242,295
-7.6926,53.28823,2021/03/06 00:00:00+00,Sat 06 Mar 2021,10425,136,4,394727,161496,34,394761,161530,8.38328299964302,3.43030771259658,296
-7.6926,53.28823,2021/03/07 00:00:00+00,Sun 07 Mar 2021,1518,10,2,396245,161506,36,396281,161542,8.4155622525567,3.43056254880379,297
-7.6926,53.28823,2021/03/08 00:00:00+00,Mon 08 Mar 2021,6657,1493,4,402902,162999,40,402942,163039,8.55701758391066,3.46235336565364,298
-7.6926,53.28823,2021/03/09 00:00:00+00,Tue 09 Mar 2021,13811,3100,5,416713,166099,45,416758,166144,8.85041900381554,3.52829223427008,299
-7.6926,53.28823,2021/03/10 00:00:00+00,Wed 10 Mar 2021,13720,3982,3,430433,170081,48,430481,170129,9.14184544311451,3.61291909141548,300
-7.6926,53.28823,2021/03/11 00:00:00+00,Thu 11 Mar 2021,18465,2096,3,448898,172177,51,448949,172228,9.53403836601572,3.6574941913272,301
-7.6926,53.28823,2021/03/12 00:00:00+00,Fri 12 Mar 2021,17315,1332,3,466213,173509,54,466267,173563,9.90180948572567,3.68584471937968,302
-7.6926,53.28823,2021/03/13 00:00:00+00,Sat 13 Mar 2021,8294,172,0,474507,173681,54,474561,173735,10.0779437776112,3.68949737168307,303
-7.6926,53.28823,2021/03/14 00:00:00+00,Sun 14 Mar 2021,374,17,1,474881,173698,55,474936,173753,10.0859074090867,3.68987962599389,304
-7.6926,53.28823,2021/03/15 00:00:00+00,Mon 15 Mar 2021,2640,988,0,477521,174686,55,477576,174741,10.1419713746736,3.71086114038778,305
-7.6926,53.28823,2021/03/16 00:00:00+00,Tue 16 Mar 2021,8929,3813,2,486450,178499,57,486507,178556,10.331633221892,3.791877817931,306
-7.6926,53.28823,2021/03/17 00:00:00+00,Wed 17 Mar 2021,4885,2416,6,491335,180915,63,491398,180978,10.4355002126821,3.84331225908688,307
-7.6926,53.28823,2021/03/18 00:00:00+00,Thu 18 Mar 2021,11710,4678,5,503045,185593,68,503113,185661,10.684284059974,3.94276208895185,308
-7.6926,53.28823,2021/03/19 00:00:00+00,Fri 19 Mar 2021,10355,6121,2,513400,191714,70,513470,191784,10.9042289431497,4.07279226368242,309
-7.6926,53.28823,2021/03/20 00:00:00+00,Sat 20 Mar 2021,5228,3116,2,518628,194830,72,518700,194902,11.0152950567934,4.13900720485667,310
-7.6926,53.28823,2021/03/21 00:00:00+00,Sun 21 Mar 2021,3628,53,3,522256,194883,75,522331,194958,11.092404245826,4.14019644049033,311
-7.6926,53.28823,2021/03/22 00:00:00+00,Mon 22 Mar 2021,7394,2397,1,529650,197280,76,529726,197356,11.2494470585212,4.19112120923178,312
-7.6926,53.28823,2021/03/23 00:00:00+00,Tue 23 Mar 2021,12564,7382,3,542214,204662,79,542293,204741,11.5163242765253,4.34795165842095,313
-7.6926,53.28823,2021/03/24 00:00:00+00,Wed 24 Mar 2021,13609,9781,1,555823,214443,80,555903,214523,11.8053510082064,4.55568564000096,314
-7.6926,53.28823,2021/03/25 00:00:00+00,Thu 25 Mar 2021,20853,10219,3,576676,224662,83,576759,224745,12.248256336343,4.77276361584546,315
-7.6926,53.28823,2021/03/26 00:00:00+00,Fri 26 Mar 2021,19691,9495,1,596367,234157,84,596451,234241,12.66644255238,4.97442400115356,316
-7.6926,53.28823,2021/03/27 00:00:00+00,Sat 27 Mar 2021,11728,5341,3,608095,239498,87,608182,239585,12.9155661812816,5.08791105876587,317
-7.6926,53.28823,2021/03/28 00:00:00+00,Sun 28 Mar 2021,2481,481,0,610576,239979,87,610663,240066,12.9682535671229,5.098125743405,318
-7.6926,53.28823,2021/03/28 23:00:00+00,Mon 29 Mar 2021,9245,3113,3,619821,243092,90,619911,243182,13.1646473374819,5.16429821187804,319
-7.6926,53.28823,2021/03/29 23:00:00+00,Tue 30 Mar 2021,13315,8659,4,633136,251751,94,633230,251845,13.447494291138,5.34826871713542,320
-7.6926,53.28823,2021/03/30 23:00:00+00,Wed 31 Mar 2021,15814,10502,3,648950,262253,97,649047,262350,13.7833896485957,5.57135658020003,321
-7.6926,53.28823,2021/03/31 23:00:00+00,Thu 01 Apr 2021,19673,11603,7,668623,273856,104,668727,273960,14.2013210284255,5.81791061067887,322
-7.6926,53.28823,2021/04/01 23:00:00+00,Fri 02 Apr 2021,20120,13717,7,688743,287573,111,688854,287684,14.6287450569739,6.10935828632844,323
-7.6926,53.28823,2021/04/02 23:00:00+00,Sat 03 Apr 2021,7536,4650,5,696279,292223,116,696395,292339,14.7888883768569,6.20821349837659,324
-7.6926,53.28823,2021/04/03 23:00:00+00,Sun 04 Apr 2021,3023,168,3,699302,292391,119,699421,292510,14.8531495737758,6.21184491432938,325
-7.6926,53.28823,2021/04/04 23:00:00+00,Mon 05 Apr 2021,3418,603,4,702720,292994,123,702843,293117,14.9258203655328,6.22473537914425,326
-7.6926,53.28823,2021/04/05 23:00:00+00,Tue 06 Apr 2021,11970,8156,10,714690,301150,133,714823,301283,15.1802318457341,6.39815141815288,327
-7.6926,53.28823,2021/04/06 23:00:00+00,Wed 07 Apr 2021,18336,10460,9,733026,311610,142,733168,311752,15.5698126975113,6.62047477259585,328
-7.6926,53.28823,2021/04/07 23:00:00+00,Thu 08 Apr 2021,20168,10567,14,753194,322177,156,753350,322333,15.9984047253428,6.84517659830615,329
-7.6926,53.28823,2021/04/08 23:00:00+00,Fri 09 Apr 2021,20679,9154,16,773873,331331,172,774045,331503,16.4378910010327,7.03991393331828,330
-7.6926,53.28823,2021/04/09 23:00:00+00,Sat 10 Apr 2021,11151,4158,12,785024,335489,184,785208,335673,16.6749523827929,7.12846951532489,331
-7.6926,53.28823,2021/04/10 23:00:00+00,Sun 11 Apr 2021,2849,352,6,787873,335841,190,788063,336031,16.735582163759,7.13607212884009,332
-7.6926,53.28823,2021/04/11 23:00:00+00,Mon 12 Apr 2021,7756,2781,11,795629,338622,201,795830,338823,16.9005248988778,7.19536401971838,333
-7.6926,53.28823,2021/04/12 23:00:00+00,Tue 13 Apr 2021,11488,8586,1,807117,347208,202,807319,347410,17.1445093309339,7.37772056233007,334
-7.6926,53.28823,2021/04/13 23:00:00+00,Wed 14 Apr 2021,20333,6587,2,827450,353795,204,827654,353999,17.5763505204074,7.51764687644075,335
-7.6926,53.28823,2021/04/14 23:00:00+00,Thu 15 Apr 2021,27111,10790,1,854561,364585,205,854766,364790,18.1521104579046,7.74680833577728,336
-7.6926,53.28823,2021/04/15 23:00:00+00,Fri 16 Apr 2021,27964,9827,1,882525,374412,206,882731,374618,18.7459850024645,7.95551918948495,337
-7.6926,53.28823,2021/04/16 23:00:00+00,Sat 17 Apr 2021,15838,4545,2,898363,378957,208,898571,379165,19.082368795986,8.05208087566818,338
-7.6926,53.28823,2021/04/17 23:00:00+00,Sun 18 Apr 2021,1064,476,0,899427,379433,208,899635,379641,19.1049642730256,8.0621893785543,339
-7.6926,53.28823,2021/04/18 23:00:00+00,Mon 19 Apr 2021,6729,2244,0,906156,381677,208,906364,381885,19.2478636762204,8.10984374930318,340
-7.6926,53.28823,2021/04/19 23:00:00+00,Tue 20 Apr 2021,15070,7299,1,921226,388976,209,921435,389185,19.5679167161297,8.26486910869125,341
-7.6926,53.28823,2021/04/20 23:00:00+00,Wed 21 Apr 2021,26697,9871,3,947923,398847,212,948135,399059,20.1349272771792,8.47455683452657,342
-7.6926,53.28823,2021/04/21 23:00:00+00,Thu 22 Apr 2021,31615,12177,1,979538,411024,213,979751,411237,20.8063357377837,8.73317311214683,343
-7.6926,53.28823,2021/04/22 23:00:00+00,Fri 23 Apr 2021,33578,12362,1,1013116,423386,214,1013330,423600,21.5194311546183,8.9957181146283,344
-7.6926,53.28823,2021/04/23 23:00:00+00,Sat 24 Apr 2021,23692,6979,2,1036808,430365,216,1037024,430581,22.0226052457609,9.14396907817462,345
-7.6926,53.28823,2021/04/24 23:00:00+00,Sun 25 Apr 2021,9736,297,2,1046544,430662,218,1046762,430880,22.2294048279144,9.15031874700435,346
-7.6926,53.28823,2021/04/25 23:00:00+00,Mon 26 Apr 2021,15554,3039,3,1062098,433701,221,1062319,433922,22.5597787342158,9.21491972553291,347
-7.6926,53.28823,2021/04/26 23:00:00+00,Tue 27 Apr 2021,25897,7801,8,1087995,441502,229,1088224,441731,23.1099063965375,9.38075438737694,348
-7.6926,53.28823,2021/04/27 23:00:00+00,Wed 28 Apr 2021,26018,8587,5,1114013,450089,234,1114247,450323,23.66253994823,9.56321711174164,349
-7.6926,53.28823,2021/04/28 23:00:00+00,Thu 29 Apr 2021,31670,11333,5,1145683,461422,239,1145922,461661,24.33520135352,9.80399485485698,350
-7.6926,53.28823,2021/04/29 23:00:00+00,Fri 30 Apr 2021,36104,13515,8,1181787,474937,247,1182034,475184,25.1020884464272,10.0911740240357,351
-7.6926,53.28823,2021/04/30 23:00:00+00,Sat 01 May 2021,16541,6681,18,1198328,481618,265,1198593,481883,25.4537411760309,10.2334363367125,352
-7.6926,53.28823,2021/05/01 23:00:00+00,Sun 02 May 2021,12421,903,13,1210749,482521,278,1211027,482799,25.717793959405,10.2528888338631,353
-7.6926,53.28823,2021/05/02 23:00:00+00,Mon 03 May 2021,14239,911,18,1224988,483432,296,1225284,483728,26.020560609925,10.2726174035716,354
-7.6926,53.28823,2021/05/03 23:00:00+00,Tue 04 May 2021,26624,6774,9,1251612,490206,305,1251917,490511,26.5861483354842,10.4166635696989,355
-7.6926,53.28823,2021/05/04 23:00:00+00,Wed 05 May 2021,32078,13444,69,1283690,503650,374,1284064,504024,27.268833298258,10.7036303753716,356
-7.6926,53.28823,2021/05/05 23:00:00+00,Thu 06 May 2021,37256,14370,132,1320946,518020,506,1321452,518526,28.0628179745321,11.0115999317888,357
-7.6926,53.28823,2021/05/06 23:00:00+00,Fri 07 May 2021,40574,15063,95,1361520,533083,601,1362121,533684,28.9264791171285,11.3335005342004,358
-7.6926,53.28823,2021/05/07 23:00:00+00,Sat 08 May 2021,25585,7030,10,1387105,540113,611,1387716,540724,29.4700235107637,11.4830044424322,359
-7.6926,53.28823,2021/05/08 23:00:00+00,Sun 09 May 2021,19646,915,3,1406751,541028,614,1407365,541642,29.8872965637249,11.502499412284,360
-7.6926,53.28823,2021/05/09 23:00:00+00,Mon 10 May 2021,28799,4629,171,1435550,545657,785,1436335,546442,30.5025136406389,11.6044338951693,361
-7.6926,53.28823,2021/05/10 23:00:00+00,Tue 11 May 2021,33907,14806,150,1469457,560463,935,1470392,561398,31.2257600330608,11.9220447547594,362
-7.6926,53.28823,2021/05/11 23:00:00+00,Wed 12 May 2021,31265,20925,167,1500722,581388,1102,1501824,582490,31.8932610051547,12.369961861638,363
-7.6926,53.28823,2021/05/12 23:00:00+00,Thu 13 May 2021,35967,25479,150,1536689,606867,1252,1537941,608119,32.6602542798148,12.9142282911937,364
-7.6926,53.28823,2021/05/13 23:00:00+00,Fri 14 May 2021,38187,27958,235,1574876,634825,1487,1576363,636312,33.4761973426105,13.5129447236907,365
-7.6926,53.28823,2021/05/14 23:00:00+00,Sat 15 May 2021,28825,12434,19,1603701,647259,1506,1605207,648765,34.0887386393488,13.7774009977262,366
-7.6926,53.28823,2021/05/15 23:00:00+00,Sun 16 May 2021,23148,1161,9,1626849,648420,1515,1628364,649935,34.5805088102186,13.8022475279295,367
-7.6926,53.28823,2021/05/16 23:00:00+00,Mon 17 May 2021,35364,3932,112,1662213,652352,1627,1663840,653979,35.3338895841434,13.8881273297604,368
-7.6926,53.28823,2021/05/17 23:00:00+00,Tue 18 May 2021,39013,12476,123,1701226,664828,1750,1702976,666578,36.1649954012683,14.1556841109837,369
-7.6926,53.28823,2021/05/18 23:00:00+00,Wed 19 May 2021,36990,17582,203,1738216,682410,1953,1740169,684363,36.9548389891752,14.5333726064244,370
-7.6926,53.28823,2021/05/19 23:00:00+00,Thu 20 May 2021,39057,19659,131,1777273,702069,2084,1779357,704153,37.7870490965313,14.9536399848203,371
-7.6926,53.28823,2021/05/20 23:00:00+00,Fri 21 May 2021,25797,23236,14931,1803070,725305,17015,1820085,742320,38.6519631838131,15.7641677782127,372
-7.6926,53.28823,2021/05/21 23:00:00+00,Sat 22 May 2021,16560,10244,13522,1819630,735549,30537,1850167,766086,39.2907950825956,16.2688708865985,373
-7.6926,53.28823,2021/05/22 23:00:00+00,Sun 23 May 2021,8193,5516,10203,1827823,741065,40740,1868563,781805,39.6814589882535,16.6026850816973,374
-7.6926,53.28823,2021/05/23 23:00:00+00,Mon 24 May 2021,22504,8201,8446,1850327,749266,49186,1899513,798452,40.3387240393578,16.9562066101539,375
-7.6926,53.28823,2021/05/24 23:00:00+00,Tue 25 May 2021,30280,16505,3220,1880607,765771,52406,1933013,818177,41.0501417844948,17.3750936257607,376
-7.6926,53.28823,2021/05/25 23:00:00+00,Wed 26 May 2021,19931,25428,3048,1900538,791199,55454,1955992,846653,41.5381318849576,17.9798199454778,377
-7.6926,53.28823,2021/05/26 23:00:00+00,Thu 27 May 2021,16967,36004,550,1917505,827203,56004,1973509,883207,41.9101290384372,18.7560935053506,378
-7.6926,53.28823,2021/05/27 23:00:00+00,Fri 28 May 2021,26983,31809,1557,1944488,859012,57561,2002049,916573,42.5162144845927,19.4646655795071,379
-7.6926,53.28823,2021/05/28 23:00:00+00,Sat 29 May 2021,24430,7377,533,1968918,866389,58094,2027012,924483,43.0463375046481,19.6326451127618,380
-7.6926,53.28823,2021/05/29 23:00:00+00,Sun 30 May 2021,24205,1663,208,1993123,868052,58302,2051425,926354,43.5647805318729,19.6723783247365,381
-7.6926,53.28823,2021/05/30 23:00:00+00,Mon 31 May 2021,22529,7311,3436,2015652,875363,61738,2077390,937101,44.1161823752306,19.9006053846466,382
-7.6926,53.28823,2021/05/31 23:00:00+00,Tue 01 Jun 2021,27469,11493,3646,2043121,886856,65384,2108505,952240,44.776951424184,20.2221024963967,383
-7.6926,53.28823,2021/06/01 23:00:00+00,Wed 02 Jun 2021,18631,20875,4000,2061752,907731,69384,2131136,977115,45.2575512746376,20.7503567175992,384
-7.6926,53.28823,2021/06/02 23:00:00+00,Thu 03 Jun 2021,16627,30697,1970,2078379,938428,71354,2149733,1009782,45.6524836867664,21.4440845826855,385
-7.6926,53.28823,2021/06/03 23:00:00+00,Fri 04 Jun 2021,28962,23334,148,2107341,961762,71502,2178843,1033264,46.2706738527646,21.9427565675007,386
-7.6926,53.28823,2021/06/04 23:00:00+00,Sat 05 Jun 2021,20910,11473,32,2128251,973235,71534,2199785,1044769,46.7154055070529,22.1870807811664,387
-7.6926,53.28823,2021/06/05 23:00:00+00,Sun 06 Jun 2021,19896,3889,39,2148147,977124,71573,2219720,1048697,47.138752156286,22.2704971663276,388
-7.6926,53.28823,2021/06/06 23:00:00+00,Mon 07 Jun 2021,19755,4557,37,2167902,981681,71610,2239512,1053291,47.559062007383,22.368056960989,389
-7.6926,53.28823,2021/06/07 23:00:00+00,Tue 08 Jun 2021,26357,18325,39,2194259,1000006,71649,2265908,1071655,48.1196167178498,22.7580413034277,390
-7.6926,53.28823,2021/06/08 23:00:00+00,Wed 09 Jun 2021,32733,20083,168,2226992,1020089,71817,2298809,1091906,48.8183138889768,23.1880986394507,391
-7.6926,53.28823,2021/06/09 23:00:00+00,Thu 10 Jun 2021,27624,27463,267,2254616,1047552,72084,2326700,1119636,49.4106169435922,23.7769826416194,392
-7.6926,53.28823,2021/06/10 23:00:00+00,Fri 11 Jun 2021,26384,32870,37,2281000,1080422,72121,2353121,1152543,49.971702562824,24.47580723085,393
-7.6926,53.28823,2021/06/11 23:00:00+00,Sat 12 Jun 2021,12166,19699,101,2293166,1100121,72222,2365388,1172343,50.2322088756478,24.8962869727519,394
-7.6926,53.28823,2021/06/12 23:00:00+00,Sun 13 Jun 2021,8522,18155,829,2301688,1118276,73051,2374739,1191327,50.4307899901187,25.2994378525632,395
-7.6926,53.28823,2021/06/13 23:00:00+00,Mon 14 Jun 2021,15976,31277,44,2317664,1149553,73095,2390759,1222648,50.7709963267484,25.9645815897405,396
-7.6926,53.28823,2021/06/14 23:00:00+00,Tue 15 Jun 2021,14647,41537,201,2332311,1191090,73296,2405607,1264386,51.0863136604736,26.8509443911294,397
-7.6926,53.28823,2021/06/15 23:00:00+00,Wed 16 Jun 2021,13399,48364,211,2345710,1239454,73507,2419217,1312961,51.3753403921547,27.8825001215781,398
-7.6926,53.28823,2021/06/16 23:00:00+00,Thu 17 Jun 2021,21532,42643,532,2367242,1282097,74039,2441281,1356136,51.8438992318175,28.7993795587808,399
-7.6926,53.28823,2021/06/17 23:00:00+00,Fri 18 Jun 2021,11978,50016,546,2379220,1332113,74585,2453805,1406698,52.1098632867457,29.8731319178739,400
-7.6926,53.28823,2021/06/18 23:00:00+00,Sat 19 Jun 2021,6270,32767,430,2385490,1364880,75015,2460505,1439895,52.2521468357731,30.5781150487788,401
-7.6926,53.28823,2021/06/19 23:00:00+00,Sun 20 Jun 2021,8478,26117,172,2393968,1390997,75187,2469155,1466184,52.4358412684727,31.1363974697313,402
-7.6926,53.28823,2021/06/20 23:00:00+00,Mon 21 Jun 2021,15421,32298,564,2409389,1423295,75751,2485140,1499046,52.7753043328314,31.8342664231848,403
-7.6926,53.28823,2021/06/21 23:00:00+00,Tue 22 Jun 2021,15089,43501,714,2424478,1466796,76465,2500943,1543261,53.1109023813806,32.7732316650127,404
-7.6926,53.28823,2021/06/22 23:00:00+00,Wed 23 Jun 2021,20037,39348,877,2444515,1506144,77342,2521857,1583486,53.5550394178522,33.6274638679422,405
-7.6926,53.28823,2021/06/23 23:00:00+00,Thu 24 Jun 2021,18973,44220,1029,2463488,1550364,78371,2541859,1628735,53.9798089025755,34.5883874962916,406
-7.6926,53.28823,2021/06/24 23:00:00+00,Fri 25 Jun 2021,15162,50095,830,2478650,1600459,79201,2557851,1679660,54.3194206213884,35.6698486506529,407
-7.6926,53.28823,2021/06/25 23:00:00+00,Sat 26 Jun 2021,9007,30522,492,2487657,1630981,79693,2567350,1710674,54.5211447157483,36.3284728281956,408
-7.6926,53.28823,2021/06/26 23:00:00+00,Sun 27 Jun 2021,8693,30445,52,2496350,1661426,79745,2576095,1741171,54.7068566017549,36.9761178124775,409
-7.6926,53.28823,2021/06/27 23:00:00+00,Mon 28 Jun 2021,24178,24602,512,2520528,1686028,80257,2600785,1766285,55.2311820980962,37.5094475214737,410
-7.6926,53.28823,2021/06/28 23:00:00+00,Tue 29 Jun 2021,28104,30973,804,2548632,1717001,81061,2629693,1798062,55.845082521273,38.184275034525,411
-7.6926,53.28823,2021/06/29 23:00:00+00,Wed 30 Jun 2021,22508,36825,572,2571140,1753826,81633,2652773,1835459,56.3352174931465,38.9784508379545,412
-7.6926,53.28823,2021/06/30 23:00:00+00,Thu 01 Jul 2021,14917,48277,629,2586057,1802103,82262,2668319,1884365,56.6653577995913,40.0170358004522,413
-7.6926,53.28823,2021/07/01 23:00:00+00,Fri 02 Jul 2021,13601,47209,810,2599658,1849312,83072,2682730,1932384,56.9713948481038,41.0367841199667,414
-7.6926,53.28823,2021/07/02 23:00:00+00,Sat 03 Jul 2021,9269,30433,498,2608927,1879745,83570,2692497,1963315,57.1788102844248,41.6936456804095,415
-7.6926,53.28823,2021/07/03 23:00:00+00,Sun 04 Jul 2021,6405,27752,228,2615332,1907497,83798,2699130,1991295,57.3196709979619,42.2878387702284,416
-7.6926,53.28823,2021/07/04 23:00:00+00,Mon 05 Jul 2021,15525,33382,5330,2630857,1940879,89128,2719985,2030007,57.762555089748,43.1099403746984,417
-7.6926,53.28823,2021/07/05 23:00:00+00,Tue 06 Jul 2021,12339,48261,5477,2643196,1989140,94605,2737801,2083745,58.1409019120573,44.2511393833006,418
-7.6926,53.28823,2021/07/06 23:00:00+00,Wed 07 Jul 2021,19636,43709,5045,2662832,2032849,99650,2762482,2132499,58.6650362812432,45.2864964205069,419
-7.6926,53.28823,2021/07/07 23:00:00+00,Thu 08 Jul 2021,17705,45540,5984,2680537,2078389,105634,2786171,2184023,59.1681041906328,46.3806781488783,420
-7.6926,53.28823,2021/07/08 23:00:00+00,Fri 09 Jul 2021,13469,45050,6520,2694006,2123439,112154,2806160,2235593,59.5925976027983,47.4758367493773,421
-7.6926,53.28823,2021/07/09 23:00:00+00,Sat 10 Jul 2021,8581,23823,4355,2702587,2147262,116509,2819096,2263771,59.8673110341742,48.0742346366153,422
-7.6926,53.28823,2021/07/10 23:00:00+00,Sun 11 Jul 2021,15200,16082,2149,2717787,2163344,118658,2836445,2282002,60.2357404807528,48.461394544424,423
-7.6926,53.28823,2021/07/11 23:00:00+00,Mon 12 Jul 2021,17055,31680,6080,2734842,2195024,124738,2859580,2319762,60.7270434519093,49.2632791431217,424
-7.6926,53.28823,2021/07/12 23:00:00+00,Tue 13 Jul 2021,20044,36508,8479,2754886,2231532,133217,2888103,2364749,61.3327678801047,50.2186388476137,425
-7.6926,53.28823,2021/07/13 23:00:00+00,Wed 14 Jul 2021,20737,35638,9321,2775623,2267170,142538,2918161,2409708,61.9710901064727,51.1734039342888,426
-7.6926,53.28823,2021/07/14 23:00:00+00,Thu 15 Jul 2021,23568,28779,9563,2799191,2295949,152101,2951292,2448050,62.6746716382379,51.9876480890364,427
-7.6926,53.28823,2021/07/15 23:00:00+00,Fri 16 Jul 2021,23493,27352,9156,2822684,2323301,161257,2983941,2484558,63.3680172490134,52.7629447767815,428
-7.6926,53.28823,2021/07/16 23:00:00+00,Sat 17 Jul 2021,11457,19382,4669,2834141,2342683,165926,3000067,2508609,63.7104746388068,53.2737002450887,429
-7.6926,53.28823,2021/07/17 23:00:00+00,Sun 18 Jul 2021,16822,15768,1922,2850963,2358451,167848,3018811,2526299,64.108528794474,53.6493712872223,430
-7.6926,53.28823,2021/07/18 23:00:00+00,Mon 19 Jul 2021,24828,18351,6232,2875791,2376802,174080,3049871,2550882,64.7681298441443,54.1714244940493,431
-7.6926,53.28823,2021/07/19 23:00:00+00,Tue 20 Jul 2021,30517,18100,7689,2906308,2394902,181769,3088077,2576671,65.5794858552101,54.7190887397012,432
-7.6926,53.28823,2021/07/20 23:00:00+00,Wed 21 Jul 2021,30294,19772,6880,2936602,2414674,188649,3125251,2603323,66.3689259524556,55.2850799559218,433
-7.6926,53.28823,2021/07/21 23:00:00+00,Thu 22 Jul 2021,33480,15867,6925,2970082,2430541,195574,3165656,2626115,67.2269806984933,55.7690988588222,434
-7.6926,53.28823,2021/07/22 23:00:00+00,Fri 23 Jul 2021,27039,20752,5602,2997121,2451293,201176,3198297,2652469,67.920156418464,56.3287616425638,435
-7.6926,53.28823,2021/07/23 23:00:00+00,Sat 24 Jul 2021,15397,14752,2261,3012518,2466045,203437,3215955,2669482,68.2951478973783,56.6900556753404,436
-7.6926,53.28823,2021/07/24 23:00:00+00,Sun 25 Jul 2021,14680,13602,1033,3027198,2479647,204470,3231668,2684117,68.6288346743735,57.0008496663876,437
-7.6926,53.28823,2021/07/25 23:00:00+00,Mon 26 Jul 2021,23779,18208,3404,3050977,2497855,207874,3258851,2705729,69.2061023927633,57.4598096755786,438
-7.6926,53.28823,2021/07/26 23:00:00+00,Tue 27 Jul 2021,25431,23803,3660,3076408,2521658,211534,3287942,2733192,69.8238890681001,58.0430235721368,439
-7.6926,53.28823,2021/07/27 23:00:00+00,Wed 28 Jul 2021,23382,25204,3250,3099790,2546862,214784,3314574,2761646,70.3894555573087,58.6472826921407,440
-7.6926,53.28823,2021/07/28 23:00:00+00,Thu 29 Jul 2021,19210,27793,2952,3119000,2574655,217736,3336736,2792391,70.8600955593304,59.3001942913716,441
-7.6926,53.28823,2021/07/29 23:00:00+00,Fri 30 Jul 2021,21893,22860,2109,3140893,2597515,219845,3360738,2817360,71.3698104464582,59.8304447295307,442
-7.6926,53.28823,2021/07/30 23:00:00+00,Sat 31 Jul 2021,13698,12413,900,3154591,2609928,220745,3375336,2830673,71.6798186925331,60.1131642650832,443
-7.6926,53.28823,2021/07/31 23:00:00+00,Sun 01 Aug 2021,11059,9270,367,3165650,2619198,221112,3386762,2840310,71.9224652345013,60.317818975826,444
-7.6926,53.28823,2021/08/01 23:00:00+00,Mon 02 Aug 2021,14967,15929,420,3180617,2635127,221532,3402149,2856659,72.2492289612006,60.6650120718035,445
-7.6926,53.28823,2021/08/02 23:00:00+00,Tue 03 Aug 2021,17292,25366,1103,3197909,2660493,222635,3420544,2883128,72.6398716305079,61.2271170358642,446
-7.6926,53.28823,2021/08/03 23:00:00+00,Wed 04 Aug 2021,22059,17212,1571,3219968,2677705,224206,3444174,2901911,73.141686595212,61.6259994092047,447
-7.6926,53.28823,2021/08/04 23:00:00+00,Thu 05 Aug 2021,13482,29956,1418,3233450,2707661,225624,3459074,2933285,73.4581082191685,62.2922686729638,448
-7.6926,53.28823,2021/08/05 23:00:00+00,Fri 06 Aug 2021,12151,24678,942,3245601,2732339,226566,3472167,2958905,73.7361557575888,62.8363439753641,449
-7.6926,53.28823,2021/08/06 23:00:00+00,Sat 07 Aug 2021,6310,8395,578,3251911,2740734,227144,3479055,2967878,73.8824317405292,63.0268977493078,450
-7.6926,53.28823,2021/08/07 23:00:00+00,Sun 08 Aug 2021,8594,11925,153,3260505,2752659,227297,3487802,2979956,74.068186099237,63.283390391868,451
-7.6926,53.28823,2021/08/08 23:00:00+00,Mon 09 Aug 2021,5505,22951,597,3266010,2775610,227894,3493904,3003504,74.197770310605,63.7834639758228,452
-7.6926,53.28823,2021/08/09 23:00:00+00,Tue 10 Aug 2021,9297,25920,708,3275307,2801530,228602,3503909,3030132,74.410239998369,64.3489455196291,453
-7.6926,53.28823,2021/08/10 23:00:00+00,Wed 11 Aug 2021,6976,31157,655,3282283,2832687,229257,3511540,3061944,74.5722945898061,65.0245163049514,454
-7.6926,53.28823,2021/08/11 23:00:00+00,Thu 12 Aug 2021,6727,38216,856,3289010,2870903,230113,3519123,3101016,74.7333298364143,65.8542629956379,455
