X,Y,VaccinationDate,VaccineText,Dose1,Dose2,SingleDose,Dose1Cum,Dose2Cum,SingleDoseCum,PartiallyVacc,FullyVacc,PartialPercent,FullyPercent,ObjectId
-7.6926,53.28823,2021/08/10 23:00:00+00,Wed 11 Aug 2021,7022,31244,666,3290858,2838543,230078,3520936,3068621,73.37547272398,63.9493352011319,1
-7.6926,53.28823,2021/08/11 23:00:00+00,Thu 12 Aug 2021,6788,38303,865,3297646,2876846,230943,3528589,3107789,73.5349594322748,64.7655870488374,2
-7.6926,53.28823,2021/08/12 23:00:00+00,Fri 13 Aug 2021,10938,28229,874,3308584,2905075,231817,3540401,3136892,73.7811187160038,65.3720866792442,3
-7.6926,53.28823,2021/08/13 23:00:00+00,Sat 14 Aug 2021,18144,5854,281,3326728,2910929,232098,3558826,3143027,74.1650913542283,65.4999386268972,4
-7.6926,53.28823,2021/08/14 23:00:00+00,Sun 15 Aug 2021,17003,3739,52,3343731,2914668,232150,3575881,3146818,74.5205135167747,65.5789421694485,5
-7.6926,53.28823,2021/08/15 23:00:00+00,Mon 16 Aug 2021,10197,23165,386,3353928,2937833,232536,3586464,3170369,74.7410607314465,66.0697394341879,6
-7.6926,53.28823,2021/08/16 23:00:00+00,Tue 17 Aug 2021,12876,26873,530,3366804,2964706,233066,3599870,3197772,75.0204385978257,66.6408114670381,7
-7.6926,53.28823,2021/08/17 23:00:00+00,Wed 18 Aug 2021,15242,25779,658,3382046,2990485,233724,3615770,3224209,75.3517908337968,67.1917522885707,8
-7.6926,53.28823,2021/08/18 23:00:00+00,Thu 19 Aug 2021,11369,25726,545,3393415,3016211,234269,3627684,3250480,75.6000757733792,67.7392337094008,9
-7.6926,53.28823,2021/08/19 23:00:00+00,Fri 20 Aug 2021,14856,22269,686,3408271,3038480,234955,3643226,3273435,75.9239673741002,68.217610475232,10
-7.6926,53.28823,2021/08/20 23:00:00+00,Sat 21 Aug 2021,11898,7990,246,3420169,3046470,235201,3655370,3281671,76.1770454592344,68.3892467655124,11
-7.6926,53.28823,2021/08/21 23:00:00+00,Sun 22 Aug 2021,8005,12260,162,3428174,3058730,235363,3663537,3294093,76.3472438058493,68.6481183048353,12
-7.6926,53.28823,2021/08/22 23:00:00+00,Mon 23 Aug 2021,10877,15396,291,3439051,3074126,235654,3674705,3309780,76.5799822820333,68.9750316712302,13
-7.6926,53.28823,2021/08/23 23:00:00+00,Tue 24 Aug 2021,9718,22926,384,3448769,3097052,236038,3684807,3333090,76.7905055705729,69.4608065530219,14
-7.6926,53.28823,2021/08/24 23:00:00+00,Wed 25 Aug 2021,9423,19542,317,3458192,3116594,236355,3694547,3352949,76.9934848648093,69.8746634117735,15
-7.6926,53.28823,2021/08/25 23:00:00+00,Thu 26 Aug 2021,8595,19453,369,3466787,3136047,236724,3703511,3372771,77.1802925027493,70.2877491992842,16
-7.6926,53.28823,2021/08/26 23:00:00+00,Fri 27 Aug 2021,9731,19226,432,3476518,3155273,237156,3713674,3392429,77.3920870168483,70.6974172656188,17
-7.6926,53.28823,2021/08/27 23:00:00+00,Sat 28 Aug 2021,9930,7939,153,3486448,3163212,237309,3723757,3400521,77.6022143498859,70.8660526299885,18
-7.6926,53.28823,2021/08/28 23:00:00+00,Sun 29 Aug 2021,8801,9195,30,3495249,3172407,237339,3732588,3409746,77.7862502993111,71.0582994461416,19
-7.6926,53.28823,2021/08/29 23:00:00+00,Mon 30 Aug 2021,5069,11150,85,3500318,3183557,237424,3737742,3420981,77.8936584391976,71.2924341864646,20
-7.6926,53.28823,2021/08/30 23:00:00+00,Tue 31 Aug 2021,4075,12911,145,3504393,3196468,237569,3741962,3434037,77.9816022401912,71.5645181356998,21
-7.6926,53.28823,2021/08/31 23:00:00+00,Wed 01 Sep 2021,4981,12550,183,3509374,3209018,237752,3747126,3446770,78.0892187777104,71.8298708413992,22
-7.6926,53.28823,2021/09/01 23:00:00+00,Thu 02 Sep 2021,5012,12370,248,3514386,3221388,238000,3752386,3459388,78.1988359325033,72.0928269743227,23
-7.6926,53.28823,2021/09/02 23:00:00+00,Fri 03 Sep 2021,4784,16092,166,3519170,3237480,238166,3757336,3475646,78.301992760683,72.431639845544,24
-7.6926,53.28823,2021/09/03 23:00:00+00,Sat 04 Sep 2021,4631,10589,136,3523801,3248069,238302,3762103,3486371,78.4013359121846,72.6551463066,25
-7.6926,53.28823,2021/09/04 23:00:00+00,Sun 05 Sep 2021,5311,11910,1,3529112,3259979,238303,3767415,3498282,78.5120367346675,72.9033687268926,26
-7.6926,53.28823,2021/09/05 23:00:00+00,Mon 06 Sep 2021,2167,9695,76,3531279,3269674,238379,3769658,3508053,78.558780323679,73.1069940537903,27
-7.6926,53.28823,2021/09/06 23:00:00+00,Tue 07 Sep 2021,3035,10030,160,3534314,3279704,238539,3772853,3518243,78.6253633673223,73.3193512414976,28
-7.6926,53.28823,2021/09/07 23:00:00+00,Wed 08 Sep 2021,2613,14803,191,3536927,3294507,238730,3775657,3533237,78.6837980635275,73.6318226519474,29
-7.6926,53.28823,2021/09/08 23:00:00+00,Thu 09 Sep 2021,3124,14820,138,3540051,3309327,238868,3778919,3548195,78.7517773713098,73.9435438309195,30
-7.6926,53.28823,2021/09/09 23:00:00+00,Fri 10 Sep 2021,3389,13950,116,3543440,3323277,238984,3782424,3562261,78.8248207415663,74.236675941056,31
-7.6926,53.28823,2021/09/10 23:00:00+00,Sat 11 Sep 2021,2563,11345,62,3546003,3334622,239046,3785049,3573668,78.8795251201464,74.4743951206612,32
-7.6926,53.28823,2021/09/11 23:00:00+00,Sun 12 Sep 2021,2043,12884,1,3548046,3347506,239047,3787093,3586553,78.9221215962675,74.7429154703774,33
-7.6926,53.28823,2021/09/12 23:00:00+00,Mon 13 Sep 2021,1622,7748,52,3549668,3355254,239099,3788767,3594353,78.9570073599792,74.9054656238727,34
-7.6926,53.28823,2021/09/13 23:00:00+00,Tue 14 Sep 2021,1550,10791,82,3551218,3366045,239181,3790399,3605226,78.9910178536336,75.1320563698925,35
-7.6926,53.28823,2021/09/14 23:00:00+00,Wed 15 Sep 2021,3288,12379,138,3554506,3378424,239319,3793825,3617743,79.0624148825919,75.3929076867258,36
-7.6926,53.28823,2021/09/15 23:00:00+00,Thu 16 Sep 2021,1919,10581,115,3556425,3389005,239434,3795859,3628439,79.1048029610803,75.6158097946471,37
-7.6926,53.28823,2021/09/16 23:00:00+00,Fri 17 Sep 2021,2563,14622,95,3558988,3403627,239529,3798517,3643156,79.1601950518483,75.9225085906714,38
-7.6926,53.28823,2021/09/17 23:00:00+00,Sat 18 Sep 2021,2291,11241,48,3561279,3414868,239577,3800856,3654445,79.2089392581336,76.1577686782109,39
-7.6926,53.28823,2021/09/18 23:00:00+00,Sun 19 Sep 2021,1864,8495,16,3563143,3423363,239593,3802736,3662956,79.2481180130786,76.3351359033902,40
-7.6926,53.28823,2021/09/19 23:00:00+00,Mon 20 Sep 2021,963,5632,35,3564106,3428995,239628,3803734,3668623,79.2689160968207,76.4532348418335,41
-7.6926,53.28823,2021/09/20 23:00:00+00,Tue 21 Sep 2021,1476,6679,90,3565582,3435674,239718,3805300,3675392,79.3015511660994,76.5942991993988,42
-7.6926,53.28823,2021/09/21 23:00:00+00,Wed 22 Sep 2021,1901,8158,97,3567483,3443832,239815,3807298,3683647,79.3431890131101,76.7663314451813,43
-7.6926,53.28823,2021/09/22 23:00:00+00,Thu 23 Sep 2021,1690,8733,89,3569173,3452565,239904,3809077,3692469,79.380262951965,76.9501798367371,44
-7.6926,53.28823,2021/09/23 23:00:00+00,Fri 24 Sep 2021,1913,7396,80,3571086,3459961,239984,3811070,3699945,79.4217966001593,77.1059779069334,45
-7.6926,53.28823,2021/09/24 23:00:00+00,Sat 25 Sep 2021,2422,6608,53,3573508,3466569,240037,3813545,3706606,79.4733750142492,77.2447915700657,46
-7.6926,53.28823,2021/09/25 23:00:00+00,Sun 26 Sep 2021,1549,7101,0,3575057,3473670,240037,3815094,3713707,79.5056558075523,77.3927747290362,47
-7.6926,53.28823,2021/09/26 23:00:00+00,Mon 27 Sep 2021,1179,3828,45,3576236,3477498,240082,3816318,3717580,79.5311636777931,77.4734871321756,48
-7.6926,53.28823,2021/09/27 23:00:00+00,Tue 28 Sep 2021,1454,5148,93,3577690,3482646,240175,3817865,3722821,79.5634027915696,77.5827083314664,49
-7.6926,53.28823,2021/09/28 23:00:00+00,Wed 29 Sep 2021,1653,3631,80,3579343,3486277,240255,3819598,3726532,79.5995181013142,77.6600446929563,50
-7.6926,53.28823,2021/09/29 23:00:00+00,Thu 30 Sep 2021,1275,3983,78,3580618,3490260,240333,3820951,3730593,79.6277143010166,77.7446749715902,51
-7.6926,53.28823,2021/09/30 23:00:00+00,Fri 01 Oct 2021,1868,5191,42,3582486,3495451,240375,3822861,3735826,79.6675182488597,77.8537294527749,52
-7.6926,53.28823,2021/10/01 23:00:00+00,Sat 02 Oct 2021,1683,4101,40,3584169,3499552,240415,3824584,3739967,79.7034251609715,77.9400269124703,53
-7.6926,53.28823,2021/10/02 23:00:00+00,Sun 03 Oct 2021,1197,3022,9,3585366,3502574,240424,3825790,3742998,79.7285579154735,78.0031922349375,54
-7.6926,53.28823,2021/10/03 23:00:00+00,Mon 04 Oct 2021,343,1236,18,3585709,3503810,240442,3826151,3744252,79.7360810700135,78.0293252980763,55
-7.6926,53.28823,2021/10/04 23:00:00+00,Tue 05 Oct 2021,960,2835,70,3586669,3506645,240512,3827181,3747157,79.7575460261802,78.0898648103717,56
-7.6926,53.28823,2021/10/05 23:00:00+00,Wed 06 Oct 2021,971,2580,40,3587640,3509225,240552,3828192,3749777,79.7786150268447,78.1444649901355,57
-7.6926,53.28823,2021/10/06 23:00:00+00,Thu 07 Oct 2021,1213,2710,44,3588853,3511935,240596,3829449,3752531,79.8048106092734,78.2018576981773,58
-7.6926,53.28823,2021/10/07 23:00:00+00,Fri 08 Oct 2021,915,2745,48,3589768,3514680,240644,3830412,3755324,79.8248793013011,78.2600631569866,59
-7.6926,53.28823,2021/10/08 23:00:00+00,Sat 09 Oct 2021,722,2368,23,3590490,3517048,240667,3831157,3757715,79.8404049249362,78.3098910309618,60
-7.6926,53.28823,2021/10/09 23:00:00+00,Sun 10 Oct 2021,1516,3925,3,3592006,3520973,240670,3832676,3761643,79.8720605253413,78.391749621081,61
-7.6926,53.28823,2021/10/10 23:00:00+00,Mon 11 Oct 2021,335,1135,19,3592341,3522108,240689,3833030,3762797,79.8794378015383,78.415798707893,62
-7.6926,53.28823,2021/10/11 23:00:00+00,Tue 12 Oct 2021,563,1623,21,3592904,3523731,240710,3833614,3764441,79.8916082232872,78.4500592787066,63
-7.6926,53.28823,2021/10/12 23:00:00+00,Wed 13 Oct 2021,989,2079,11,3593893,3525810,240721,3834614,3766531,79.9124479865559,78.4936143839381,64
-7.6926,53.28823,2021/10/13 23:00:00+00,Thu 14 Oct 2021,652,1607,9,3594545,3527417,240730,3835275,3768147,79.9262230700764,78.5272914413801,65
-7.6926,53.28823,2021/10/14 23:00:00+00,Fri 15 Oct 2021,957,2079,9,3595502,3529496,240739,3836241,3770235,79.9463542813939,78.570804867085,66
-7.6926,53.28823,2021/10/15 23:00:00+00,Sat 16 Oct 2021,1383,2650,14,3596885,3532146,240753,3837638,3772899,79.9754674306802,78.6263219964327,67
-7.6926,53.28823,2021/10/16 23:00:00+00,Sun 17 Oct 2021,1704,2892,2,3598589,3535038,240755,3839344,3775793,80.0110200668165,78.686632271332,68
-7.6926,53.28823,2021/10/17 23:00:00+00,Mon 18 Oct 2021,679,1255,6,3599268,3536293,240761,3840029,3777054,80.0252953046555,78.7129112128138,69
-7.6926,53.28823,2021/10/18 23:00:00+00,Tue 19 Oct 2021,1340,1808,13,3600608,3538101,240774,3841382,3778875,80.0534915043579,78.750860421726,70
-7.6926,53.28823,2021/10/19 23:00:00+00,Wed 20 Oct 2021,2261,2336,0,3602869,3540437,240774,3843643,3781211,80.1006102091083,78.7995421087215,71
-7.6926,53.28823,2021/10/20 23:00:00+00,Thu 21 Oct 2021,1728,1851,11,3604597,3542288,240785,3845382,3783073,80.1368505574324,78.8383457479276,72
-7.6926,53.28823,2021/10/21 23:00:00+00,Fri 22 Oct 2021,1507,1934,3,3606104,3544222,240788,3846892,3785010,80.168318599968,78.878712369379,73
-7.6926,53.28823,2021/10/22 23:00:00+00,Sat 23 Oct 2021,2018,1704,1,3608122,3545926,240789,3848911,3786715,80.2103940820074,78.914244165752,74
-7.6926,53.28823,2021/10/23 23:00:00+00,Sun 24 Oct 2021,1954,2189,2,3610076,3548115,240791,3850867,3788906,80.2511566589608,78.9599040870735,75
-7.6926,53.28823,2021/10/24 23:00:00+00,Mon 25 Oct 2021,1232,859,2,3611308,3548974,240793,3852101,3789767,80.2768729268343,78.9778471232478,76
-7.6926,53.28823,2021/10/25 23:00:00+00,Tue 26 Oct 2021,1244,1235,6,3612552,3550209,240799,3853351,3791008,80.3029226309201,79.0037092694642,77
-7.6926,53.28823,2021/10/26 23:00:00+00,Wed 27 Oct 2021,1567,1431,6,3614119,3551640,240805,3854924,3792445,80.3357035785416,79.0336560092812,78
-7.6926,53.28823,2021/10/27 23:00:00+00,Thu 28 Oct 2021,2158,1696,5,3616277,3553336,240810,3857087,3794146,80.3807799864917,79.0691044466011,79
-7.6926,53.28823,2021/10/28 23:00:00+00,Fri 29 Oct 2021,2145,1375,2,3618422,3554711,240812,3859234,3795523,80.4255229582294,79.097800800622,80
-7.6926,53.28823,2021/10/29 23:00:00+00,Sat 30 Oct 2021,2020,1455,1,3620442,3556166,240813,3861255,3796979,80.4676401197953,79.1281434959411,81
-7.6926,53.28823,2021/10/30 23:00:00+00,Sun 31 Oct 2021,1597,1320,0,3622039,3557486,240813,3862852,3798299,80.5009212217353,79.1556519834557,82
-7.6926,53.28823,2021/11/01 00:00:00+00,Mon 01 Nov 2021,288,294,2,3622327,3557780,240815,3863142,3798595,80.5069647530832,79.1618205533833,83
-7.6926,53.28823,2021/11/02 00:00:00+00,Tue 02 Nov 2021,1099,1098,10,3623426,3558878,240825,3864251,3799703,80.5300760505481,79.1849110110849,84
-7.6926,53.28823,2021/11/03 00:00:00+00,Wed 03 Nov 2021,2538,1881,7,3625964,3560759,240832,3866796,3801591,80.5831132480668,79.224256484136,85
-7.6926,53.28823,2021/11/04 00:00:00+00,Thu 04 Nov 2021,1536,1286,2,3627500,3562045,240834,3868334,3802879,80.6151648039739,79.251098099226,86
-7.6926,53.28823,2021/11/05 00:00:00+00,Fri 05 Nov 2021,1630,1102,4,3629130,3563147,240838,3869968,3803985,80.6492169771548,79.2741468774011,87
-7.6926,53.28823,2021/11/06 00:00:00+00,Sat 06 Nov 2021,1821,1357,6,3630951,3564504,240844,3871795,3805348,80.6872912246466,79.3025514747363,88
-7.6926,53.28823,2021/11/07 00:00:00+00,Sun 07 Nov 2021,697,775,0,3631648,3565279,240844,3872492,3806123,80.7018165396448,79.3187022912694,89
-7.6926,53.28823,2021/11/08 00:00:00+00,Mon 08 Nov 2021,516,532,4,3632164,3565811,240848,3873012,3806659,80.7126532165445,79.3298724043814,90
-7.6926,53.28823,2021/11/09 00:00:00+00,Tue 09 Nov 2021,1372,1068,4,3633536,3566879,240852,3874388,3807731,80.7413287308022,79.3522126306054,91
-7.6926,53.28823,2021/11/10 00:00:00+00,Wed 10 Nov 2021,1599,1366,2,3635135,3568245,240854,3875989,3809099,80.7746931917952,79.3807214267569,92
-7.6926,53.28823,2021/11/11 00:00:00+00,Thu 11 Nov 2021,1390,1123,2,3636525,3569368,240856,3877381,3810224,80.8037021422651,79.4041661604341,93
-7.6926,53.28823,2021/11/12 00:00:00+00,Fri 12 Nov 2021,1143,1159,6,3637668,3570527,240862,3878530,3811389,80.8276470302608,79.428444484642,94
-7.6926,53.28823,2021/11/13 00:00:00+00,Sat 13 Nov 2021,1396,1384,0,3639064,3571911,240862,3879926,3812773,80.8567393397838,79.4572867170058,95
-7.6926,53.28823,2021/11/14 00:00:00+00,Sun 14 Nov 2021,1646,1808,1,3640710,3573719,240863,3881573,3814582,80.8910624298872,79.4949858487587,96
-7.6926,53.28823,2021/11/15 00:00:00+00,Mon 15 Nov 2021,1241,596,1,3641951,3574315,240864,3882815,3815179,80.9169454158669,79.5074271874301,97
-7.6926,53.28823,2021/11/16 00:00:00+00,Tue 16 Nov 2021,1314,1079,5,3643265,3575394,240869,3884134,3816263,80.9444330636182,79.5300174908133,98
-7.6926,53.28823,2021/11/17 00:00:00+00,Wed 17 Nov 2021,1504,1122,3,3644769,3576516,240872,3885641,3817388,80.975838586864,79.5534622244905,99
-7.6926,53.28823,2021/11/18 00:00:00+00,Thu 18 Nov 2021,1639,2507,5,3646408,3579023,240877,3887285,3819900,81.0100991576776,79.6058117098213,100
-7.6926,53.28823,2021/11/19 00:00:00+00,Fri 19 Nov 2021,1165,1558,0,3647573,3580581,240877,3888450,3821458,81.0343774818856,79.6382800609938,101
-7.6926,53.28823,2021/11/20 00:00:00+00,Sat 20 Nov 2021,1547,2946,12,3649120,3583527,240889,3890009,3824416,81.0668666728213,79.6999240807424,102
-7.6926,53.28823,2021/11/21 00:00:00+00,Sun 21 Nov 2021,1790,2768,0,3650910,3586295,240889,3891799,3827184,81.1041698490722,79.75760854547,103
-7.6926,53.28823,2021/11/22 00:00:00+00,Mon 22 Nov 2021,724,520,3,3651634,3586815,240892,3892526,3827707,81.1193203569685,79.7685077416595,104
-7.6926,53.28823,2021/11/23 00:00:00+00,Tue 23 Nov 2021,2155,1597,8,3653789,3588412,240900,3894689,3829312,81.1643967649185,79.8019555617056,105
-7.6926,53.28823,2021/11/24 00:00:00+00,Wed 24 Nov 2021,1613,3150,2,3655402,3591562,240902,3896304,3832464,81.1980529825973,79.8676424955283,106
-7.6926,53.28823,2021/11/25 00:00:00+00,Thu 25 Nov 2021,981,1187,1,3656383,3592749,240903,3897286,3833652,81.2185176301271,79.8924001342914,107
-7.6926,53.28823,2021/11/26 00:00:00+00,Fri 26 Nov 2021,1279,1109,12,3657662,3593858,240915,3898577,3834773,81.2454217645069,79.9157615089156,108
-7.6926,53.28823,2021/11/27 00:00:00+00,Sat 27 Nov 2021,1202,1566,6,3658864,3595424,240921,3899785,3836345,81.2705961985354,79.9485216167738,109
-7.6926,53.28823,2021/11/28 00:00:00+00,Sun 28 Nov 2021,1961,2261,1,3660825,3597685,240922,3901747,3838607,81.3114838140685,79.9956611612875,110
-7.6926,53.28823,2021/11/29 00:00:00+00,Mon 29 Nov 2021,536,998,2,3661361,3598683,240924,3902285,3839607,81.322695606707,80.0165009245561,111
-7.6926,53.28823,2021/11/30 00:00:00+00,Tue 30 Nov 2021,1894,1649,6,3663255,3600332,240930,3904185,3841262,81.3622911569174,80.0509907327657,112
-7.6926,53.28823,2021/12/01 00:00:00+00,Wed 01 Dec 2021,1071,1388,4,3664326,3601720,240934,3905260,3842654,81.3846939024312,80.0799996832356,113
-7.6926,53.28823,2021/12/02 00:00:00+00,Thu 02 Dec 2021,1737,1413,0,3666063,3603133,240934,3906997,3844067,81.4208925712287,80.1094462687342,114
-7.6926,53.28823,2021/12/03 00:00:00+00,Fri 03 Dec 2021,1013,1195,2,3667076,3604328,240936,3908012,3845264,81.4420449309464,80.1343914653667,115
-7.6926,53.28823,2021/12/04 00:00:00+00,Sat 04 Dec 2021,1204,1702,1,3668280,3606030,240937,3909217,3846967,81.4671568456851,80.1698815822132,116
-7.6926,53.28823,2021/12/05 00:00:00+00,Sun 05 Dec 2021,1347,1777,2,3669627,3607807,240939,3910566,3848746,81.4952696863345,80.2069555210681,117
-7.6926,53.28823,2021/12/06 00:00:00+00,Mon 06 Dec 2021,936,1303,0,3670563,3609110,240939,3911502,3850049,81.5147757047539,80.2341097326071,118
-7.6926,53.28823,2021/12/07 00:00:00+00,Tue 07 Dec 2021,483,745,2,3671046,3609855,240941,3911987,3850796,81.5248829899392,80.2496770357687,119
-7.6926,53.28823,2021/12/08 00:00:00+00,Wed 08 Dec 2021,795,1525,2,3671841,3611380,240943,3912784,3852323,81.5414922812643,80.2814993542799,120
-7.6926,53.28823,2021/12/09 00:00:00+00,Thu 09 Dec 2021,784,1212,1,3672625,3612592,240944,3913569,3853536,81.5578514954302,80.3067779871248,121
-7.6926,53.28823,2021/12/10 00:00:00+00,Fri 10 Dec 2021,891,1617,1,3673516,3614209,240945,3914461,3855154,81.5764405642658,80.3404967240934,122
-7.6926,53.28823,2021/12/11 00:00:00+00,Sat 11 Dec 2021,643,844,2,3674159,3615053,240947,3915106,3856000,81.589882211574,80.3581271638187,123
-7.6926,53.28823,2021/12/12 00:00:00+00,Sun 12 Dec 2021,685,1193,0,3674844,3616246,240947,3915791,3857193,81.604157449413,80.3829890013981,124
-7.6926,53.28823,2021/12/13 00:00:00+00,Mon 13 Dec 2021,720,1071,1,3675564,3617317,240948,3916512,3858265,81.6191829187297,80.4053292276221,125
-7.6926,53.28823,2021/12/14 00:00:00+00,Tue 14 Dec 2021,632,1203,3,3676196,3618520,240951,3917147,3859471,81.6324161684053,80.4304619821241,126
-7.6926,53.28823,2021/12/15 00:00:00+00,Wed 15 Dec 2021,790,1260,1,3676986,3619780,240952,3917938,3860732,81.6489004211508,80.4567409236058,127
-7.6926,53.28823,2021/12/16 00:00:00+00,Thu 16 Dec 2021,1046,1545,8,3678032,3621325,240960,3918992,3862285,81.6708655316359,80.489105075962,128
-7.6926,53.28823,2021/12/17 00:00:00+00,Fri 17 Dec 2021,1196,2460,1,3679228,3623785,240961,3920189,3864746,81.6958107282684,80.5403917333661,129
-7.6926,53.28823,2021/12/18 00:00:00+00,Sat 18 Dec 2021,1251,1184,0,3680479,3624969,240961,3921440,3865930,81.7218812721175,80.5650660130761,130
-7.6926,53.28823,2021/12/19 00:00:00+00,Sun 19 Dec 2021,550,889,1,3681029,3625858,240962,3921991,3866820,81.7333639816785,80.5836134023852,131
-7.6926,53.28823,2021/12/20 00:00:00+00,Mon 20 Dec 2021,515,616,1,3681544,3626474,240963,3922507,3867437,81.7441172995251,80.5964715363219,132
-7.6926,53.28823,2021/12/21 00:00:00+00,Tue 21 Dec 2021,1405,1817,3,3682949,3628291,240966,3923915,3869257,81.7734596862073,80.6343999054708,133
-7.6926,53.28823,2021/12/22 00:00:00+00,Wed 22 Dec 2021,1165,1599,2,3684114,3629890,240968,3925082,3870858,81.7977796899418,80.6677643664639,134
-7.6926,53.28823,2021/12/23 00:00:00+00,Thu 23 Dec 2021,928,1397,0,3685042,3631287,240968,3926010,3872255,81.8171189902551,80.6968775157502,135
-7.6926,53.28823,2021/12/24 00:00:00+00,Fri 24 Dec 2021,101,162,0,3685143,3631449,240968,3926111,3872417,81.8192238063452,80.7002535573997,136
-7.6926,53.28823,2021/12/25 00:00:00+00,Sat 25 Dec 2021,1,6,0,3685144,3631455,240968,3926112,3872423,81.8192446461085,80.7003785959793,137
-7.6926,53.28823,2021/12/26 00:00:00+00,Sun 26 Dec 2021,12,11,0,3685156,3631466,240968,3926124,3872434,81.8194947232677,80.7006078333753,138
-7.6926,53.28823,2021/12/27 00:00:00+00,Mon 27 Dec 2021,391,589,0,3685547,3632055,240968,3926515,3873023,81.8276430707058,80.7128824539405,139
-7.6926,53.28823,2021/12/28 00:00:00+00,Tue 28 Dec 2021,467,749,0,3686014,3632804,240968,3926982,3873772,81.8373752401522,80.7284914366287,140
-7.6926,53.28823,2021/12/29 00:00:00+00,Wed 29 Dec 2021,1058,1311,0,3687072,3634115,240968,3928040,3875083,81.8594237096904,80.7558123662738,141
-7.6926,53.28823,2021/12/30 00:00:00+00,Thu 30 Dec 2021,1049,1198,1,3688121,3635313,240969,3929090,3876282,81.8813054611225,80.7807992424329,142
-7.6926,53.28823,2021/12/31 00:00:00+00,Fri 31 Dec 2021,712,1682,0,3688833,3636995,240969,3929802,3877964,81.8961433725697,80.8158517242507,143
-7.6926,53.28823,2022/01/01 00:00:00+00,Sat 01 Jan 2022,69,100,0,3688902,3637095,240969,3929871,3878064,81.8975813162353,80.8179357005776,144
-7.6926,53.28823,2022/01/02 00:00:00+00,Sun 02 Jan 2022,271,629,0,3689173,3637724,240969,3930142,3878693,81.9032288920811,80.8310439116736,145
-7.6926,53.28823,2022/01/03 00:00:00+00,Mon 03 Jan 2022,3631,728,1,3692804,3638452,240970,3933774,3879422,81.9789189122727,80.8462360990964,146
-7.6926,53.28823,2022/01/04 00:00:00+00,Tue 04 Jan 2022,1187,783,1,3693991,3639235,240971,3934962,3880206,82.0036765510359,80.862574473499,147
-7.6926,53.28823,2022/01/05 00:00:00+00,Wed 05 Jan 2022,2139,911,0,3696130,3640146,240971,3937101,3881117,82.0482528046674,80.8815594978367,148
-7.6926,53.28823,2022/01/06 00:00:00+00,Thu 06 Jan 2022,2456,1697,1,3698586,3641843,240972,3939558,3882815,82.0994561030185,80.9169454158669,149
-7.6926,53.28823,2022/01/07 00:00:00+00,Fri 07 Jan 2022,4854,783,2,3703440,3642626,240974,3944414,3883600,82.2006539934509,80.9333046300327,150
-7.6926,53.28823,2022/01/08 00:00:00+00,Sat 08 Jan 2022,9789,742,2,3713229,3643368,240976,3954205,3884344,82.404696115614,80.9488094139046,151
-7.6926,53.28823,2022/01/09 00:00:00+00,Sun 09 Jan 2022,7116,667,0,3720345,3644035,240976,3961321,3885011,82.5529918710335,80.9627095360048,152
-7.6926,53.28823,2022/01/10 00:00:00+00,Mon 10 Jan 2022,6662,508,1,3727007,3644543,240977,3967984,3885520,82.6918472136924,80.9733169755085,153
-7.6926,53.28823,2022/01/11 00:00:00+00,Tue 11 Jan 2022,4781,1368,1,3731788,3645911,240978,3972766,3886889,82.791502961643,81.0018466114232,154
-7.6926,53.28823,2022/01/12 00:00:00+00,Wed 12 Jan 2022,7557,927,1,3739345,3646838,240979,3980324,3887817,82.9490098924272,81.0211859117365,155
-7.6926,53.28823,2022/01/13 00:00:00+00,Thu 13 Jan 2022,7321,816,0,3746666,3647654,240979,3987645,3888633,83.1015777993168,81.0381911585637,156
-7.6926,53.28823,2022/01/14 00:00:00+00,Fri 14 Jan 2022,10723,835,0,3757389,3648489,240979,3998368,3889468,83.3250425808463,81.055592360893,157
-7.6926,53.28823,2022/01/15 00:00:00+00,Sat 15 Jan 2022,8363,652,2,3765752,3649141,240981,4006733,3890122,83.4993672005884,81.0692215660707,158
-7.6926,53.28823,2022/01/16 00:00:00+00,Sun 16 Jan 2022,6965,1215,1,3772717,3650356,240982,4013699,3891338,83.6445369915176,81.0945627182053,159
-7.6926,53.28823,2022/01/17 00:00:00+00,Mon 17 Jan 2022,2562,561,0,3775279,3650917,240982,4016261,3891899,83.6979284650118,81.1062538253991,160
-7.6926,53.28823,2022/01/18 00:00:00+00,Tue 18 Jan 2022,4056,451,3,3779335,3651368,240985,4020320,3892353,83.7825170641192,81.115715077923,161
-7.6926,53.28823,2022/01/19 00:00:00+00,Wed 19 Jan 2022,3486,622,0,3782821,3651990,240985,4023806,3892975,83.8551644788736,81.1286774106761,162
-7.6926,53.28823,2022/01/20 00:00:00+00,Thu 20 Jan 2022,3698,938,0,3786519,3652928,240985,4027504,3893913,83.932229923441,81.1482251086221,163
-7.6926,53.28823,2022/01/21 00:00:00+00,Fri 21 Jan 2022,3252,977,0,3789771,3653905,240985,4030756,3894890,84.0000008335905,81.1685855573355,164
-7.6926,53.28823,2022/01/22 00:00:00+00,Sat 22 Jan 2022,4270,644,0,3794041,3654549,240985,4035026,3895534,84.0889866227476,81.1820063648805,165
-7.6926,53.28823,2022/01/23 00:00:00+00,Sun 23 Jan 2022,3093,679,0,3797134,3655228,240985,4038119,3896213,84.1534440105374,81.1961565641399,166
-7.6926,53.28823,2022/01/24 00:00:00+00,Mon 24 Jan 2022,646,466,0,3797780,3655694,240985,4038765,3896679,84.1669064976089,81.2058678938231,167
-7.6926,53.28823,2022/01/25 00:00:00+00,Tue 25 Jan 2022,692,1836,0,3798472,3657530,240985,4039457,3898515,84.1813276137908,81.2441296991843,168
-7.6926,53.28823,2022/01/26 00:00:00+00,Wed 26 Jan 2022,700,897,0,3799172,3658427,240985,4040157,3899412,84.1959154480789,81.2628229668362,169
-7.6926,53.28823,2022/01/27 00:00:00+00,Thu 27 Jan 2022,1273,1178,0,3800445,3659605,240985,4041430,3900590,84.2224444667198,81.2873722079667,170
-7.6926,53.28823,2022/01/28 00:00:00+00,Fri 28 Jan 2022,1028,3093,1,3801473,3662698,240986,4042459,3903684,84.2438885831233,81.3518504355198,171
-7.6926,53.28823,2022/01/29 00:00:00+00,Sat 29 Jan 2022,2328,3445,0,3803801,3666143,240986,4044787,3907129,84.2924035520126,81.4236434199802,172
-7.6926,53.28823,2022/01/30 00:00:00+00,Sun 30 Jan 2022,1639,7536,0,3805440,3673679,240986,4046426,3914665,84.3265599240099,81.5806918759726,173
-7.6926,53.28823,2022/01/31 00:00:00+00,Mon 31 Jan 2022,481,1394,0,3805921,3675073,240986,4046907,3916059,84.3365838501421,81.609742505969,174
-7.6926,53.28823,2022/02/01 00:00:00+00,Tue 01 Feb 2022,749,3419,1,3806670,3678492,240987,4047657,3919479,84.3522136725936,81.6810144963477,175
-7.6926,53.28823,2022/02/02 00:00:00+00,Wed 02 Feb 2022,650,2996,0,3807320,3681488,240987,4048307,3922475,84.3657595187182,81.7434504271005,176
-7.6926,53.28823,2022/02/03 00:00:00+00,Thu 03 Feb 2022,907,2436,1,3808227,3683924,240988,4049215,3924912,84.3846820237661,81.7942369301862,177
-7.6926,53.28823,2022/02/04 00:00:00+00,Fri 04 Feb 2022,1172,6522,0,3809399,3690446,240988,4050387,3931434,84.4091062263169,81.9301538662241,178
-7.6926,53.28823,2022/02/05 00:00:00+00,Sat 05 Feb 2022,1777,5750,0,3811176,3696196,240988,4052164,3937184,84.4461384856453,82.0499825050187,179
-7.6926,53.28823,2022/02/06 00:00:00+00,Sun 06 Feb 2022,1407,7555,0,3812583,3703751,240988,4053571,3944739,84.4754600325642,82.2074269165132,180
-7.6926,53.28823,2022/02/07 00:00:00+00,Mon 07 Feb 2022,439,1351,0,3813022,3705102,240988,4054010,3946090,84.4846086886391,82.2355814366891,181
-7.6926,53.28823,2022/02/08 00:00:00+00,Tue 08 Feb 2022,899,1238,0,3813921,3706340,240988,4054909,3947328,84.5033436358176,82.2613810636157,182
-7.6926,53.28823,2022/02/09 00:00:00+00,Wed 09 Feb 2022,1335,1784,0,3815256,3708124,240988,4056244,3949112,84.5311647197812,82.2985592012869,183
-7.6926,53.28823,2022/02/10 00:00:00+00,Thu 10 Feb 2022,686,2551,0,3815942,3710675,240988,4056930,3951663,84.5454607973835,82.3517214373852,184
-7.6926,53.28823,2022/02/11 00:00:00+00,Fri 11 Feb 2022,546,4920,0,3816488,3715595,240988,4057476,3956583,84.5568393081282,82.4542530726668,185
-7.6926,53.28823,2022/02/12 00:00:00+00,Sat 12 Feb 2022,1397,5462,0,3817885,3721057,240988,4058873,3962045,84.5859524574145,82.56807985964,186
-7.6926,53.28823,2022/02/13 00:00:00+00,Sun 13 Feb 2022,1566,4706,0,3819451,3725763,240988,4060439,3966751,84.6185875266931,82.6661517855822,187
-7.6926,53.28823,2022/02/14 00:00:00+00,Mon 14 Feb 2022,174,954,0,3819625,3726717,240988,4060613,3967705,84.6222136455019,82.6860329197405,188
-7.6926,53.28823,2022/02/15 00:00:00+00,Tue 15 Feb 2022,649,818,1,3820274,3727535,240989,4061263,3968524,84.6357594916265,82.7031006858575,189
-7.6926,53.28823,2022/02/16 00:00:00+00,Wed 16 Feb 2022,798,1786,0,3821072,3729321,240989,4062061,3970310,84.6523896227148,82.7403205030552,190
-7.6926,53.28823,2022/02/17 00:00:00+00,Thu 17 Feb 2022,790,1193,2,3821862,3730514,240991,4062853,3971505,84.6688947152236,82.7652240201612,191
-7.6926,53.28823,2022/02/18 00:00:00+00,Fri 18 Feb 2022,790,3294,0,3822652,3733808,240991,4063643,3974799,84.6853581282058,82.8338702003681,192
-7.6926,53.28823,2022/02/19 00:00:00+00,Sat 19 Feb 2022,980,3555,0,3823632,3737363,240991,4064623,3978354,84.7057810962091,82.907955558788,193
-7.6926,53.28823,2022/02/20 00:00:00+00,Sun 20 Feb 2022,1366,3588,0,3824998,3740951,240991,4065989,3981942,84.734248212834,82.9827286293959,194
-7.6926,53.28823,2022/02/21 00:00:00+00,Mon 21 Feb 2022,254,995,1,3825252,3741946,240992,4066244,3982938,84.7395623524675,83.0034850336114,195
-7.6926,53.28823,2022/02/22 00:00:00+00,Tue 22 Feb 2022,475,981,1,3825727,3742927,240993,4066720,3983920,84.7494820797834,83.0239496811412,196
-7.6926,53.28823,2022/02/23 00:00:00+00,Wed 23 Feb 2022,829,1273,1,3826556,3744200,240994,4067550,3985194,84.7667790832963,83.0504995395454,197
-7.6926,53.28823,2022/02/24 00:00:00+00,Thu 24 Feb 2022,655,1232,0,3827211,3745432,240994,4068205,3986426,84.7804291282373,83.0761741278924,198
-7.6926,53.28823,2022/02/25 00:00:00+00,Fri 25 Feb 2022,692,1227,0,3827903,3746659,240994,4068897,3987653,84.7948502444192,83.101744517423,199
-7.6926,53.28823,2022/02/26 00:00:00+00,Sat 26 Feb 2022,959,2092,0,3828862,3748751,240994,4069856,3989745,84.8148355773938,83.1453413021809,200
-7.6926,53.28823,2022/02/27 00:00:00+00,Sun 27 Feb 2022,671,1783,0,3829533,3750534,240994,4070527,3991528,84.828819058547,83.1824986000889,201
-7.6926,53.28823,2022/02/28 00:00:00+00,Mon 28 Feb 2022,80,432,0,3829613,3750966,240994,4070607,3991960,84.8304862396085,83.191501377821,202
-7.6926,53.28823,2022/03/01 00:00:00+00,Tue 01 Mar 2022,132,936,0,3829745,3751902,240994,4070739,3992896,84.83323708836,83.2110073962404,203
-7.6926,53.28823,2022/03/02 00:00:00+00,Wed 02 Mar 2022,206,997,2,3829951,3752899,240996,4070947,3993895,84.8375717591198,83.2318263197457,204
-7.6926,53.28823,2022/03/03 00:00:00+00,Thu 03 Mar 2022,278,1277,0,3830229,3754176,240996,4071225,3995172,84.8433652133085,83.2584386974398,205
-7.6926,53.28823,2022/03/04 00:00:00+00,Fri 04 Mar 2022,735,1508,1,3830964,3755684,240997,4071961,3996681,84.8587032790742,83.2898859002121,206
-7.6926,53.28823,2022/03/05 00:00:00+00,Sat 05 Mar 2022,962,3341,0,3831926,3759025,240997,4072923,4000022,84.8787511313386,83.3595115492926,207
-7.6926,53.28823,2022/03/06 00:00:00+00,Sun 06 Mar 2022,455,1915,0,3832381,3760940,240997,4073378,4001937,84.8882332236259,83.399419695952,208
-7.6926,53.28823,2022/03/07 00:00:00+00,Mon 07 Mar 2022,115,124,1,3832496,3761064,240998,4073494,4002062,84.890650636165,83.4020246663606,209
-7.6926,53.28823,2022/03/08 00:00:00+00,Tue 08 Mar 2022,120,493,0,3832616,3761557,240998,4073614,4002555,84.8931514077573,83.412298669652,210
-7.6926,53.28823,2022/03/09 00:00:00+00,Wed 09 Mar 2022,129,345,1,3832745,3761902,240999,4073744,4002901,84.8958605769822,83.419509227743,211
-7.6926,53.28823,2022/03/10 00:00:00+00,Thu 10 Mar 2022,258,508,0,3833003,3762410,240999,4074002,4003409,84.9012372359055,83.4300958274834,212
-7.6926,53.28823,2022/03/11 00:00:00+00,Fri 11 Mar 2022,492,2182,0,3833495,3764592,240999,4074494,4005591,84.9114903994337,83.4755681909356,213
-7.6926,53.28823,2022/03/12 00:00:00+00,Sat 12 Mar 2022,473,2391,2,3833968,3766983,241001,4074969,4007984,84.9213892869863,83.5254377444374,214
-7.6926,53.28823,2022/03/13 00:00:00+00,Sun 13 Mar 2022,358,1082,0,3834326,3768065,241001,4075327,4009066,84.9288499222364,83.547986368294,215
-7.6926,53.28823,2022/03/14 00:00:00+00,Mon 14 Mar 2022,109,122,0,3834435,3768187,241001,4075436,4009188,84.9311214564327,83.5505288194128,216
-7.6926,53.28823,2022/03/15 00:00:00+00,Tue 15 Mar 2022,222,755,1,3834657,3768942,241002,4075659,4009944,84.9357687236416,83.5662836804439,217
-7.6926,53.28823,2022/03/16 00:00:00+00,Wed 16 Mar 2022,195,798,0,3834852,3769740,241002,4075854,4010742,84.939832477479,83.5829138115323,218
-7.6926,53.28823,2022/03/18 00:00:00+00,Fri 18 Mar 2022,3,6,0,3834855,3769746,241002,4075857,4010748,84.9398949967688,83.5830388501119,219
-7.6926,53.28823,2022/03/19 00:00:00+00,Sat 19 Mar 2022,743,2778,0,3835598,3772524,241002,4076600,4013526,84.9553789408774,83.6409317124721,220
-7.6926,53.28823,2022/03/20 00:00:00+00,Sun 20 Mar 2022,395,1402,0,3835993,3773926,241002,4076995,4014928,84.9636106473685,83.6701490605747,221
-7.6926,53.28823,2022/03/21 00:00:00+00,Mon 21 Mar 2022,56,112,0,3836049,3774038,241002,4077051,4015040,84.9647776741115,83.6724831140608,222
-7.6926,53.28823,2022/03/22 00:00:00+00,Tue 22 Mar 2022,141,575,0,3836190,3774613,241002,4077192,4015615,84.9677160807324,83.6844659779403,223
-7.6926,53.28823,2022/03/23 00:00:00+00,Wed 23 Mar 2022,102,221,0,3836292,3774834,241002,4077294,4015836,84.9698417365858,83.6890715656226,224
-7.6926,53.28823,2022/03/24 00:00:00+00,Thu 24 Mar 2022,147,245,0,3836439,3775079,241002,4077441,4016081,84.9729051817863,83.6941773076234,225
-7.6926,53.28823,2022/03/25 00:00:00+00,Fri 25 Mar 2022,434,1625,0,3836873,3776704,241002,4077875,4017706,84.9819496390449,83.728041922935,226
-7.6926,53.28823,2021/04/19 23:00:00+00,Tue 20 Apr 2021,15097,7324,1,923521,389724,259,923780,389983,19.2513565122906,8.12715339878825,227
-7.6926,53.28823,2022/07/16 23:00:00+00,Sun 17 Jul 2022,119,165,0,3853821,3807493,241025,4094846,4048518,85.3356212614767,84.3701567087679,228
-7.6926,53.28823,2021/04/20 23:00:00+00,Wed 21 Apr 2021,26735,9895,4,950256,399619,263,950519,399882,19.8085909423303,8.33344621538437,229
-7.6926,53.28823,2021/04/21 23:00:00+00,Thu 22 Apr 2021,31635,12189,1,981891,411808,264,982155,412072,20.4678776930966,8.58748292962891,230
-7.6926,53.28823,2021/04/22 23:00:00+00,Fri 23 Apr 2021,33612,12360,3,1015503,424168,267,1015770,424435,21.1684063353714,8.84512492291893,231
-7.6926,53.28823,2021/04/23 23:00:00+00,Sat 24 Apr 2021,23707,7003,2,1039210,431171,269,1039479,431440,21.6624962827072,8.99110746461565,232
-7.6926,53.28823,2021/04/24 23:00:00+00,Sun 25 Apr 2021,9755,309,3,1048965,431480,272,1049237,431752,21.8658506926825,8.99760947075546,233
-7.6926,53.28823,2021/04/25 23:00:00+00,Mon 26 Apr 2021,15599,3058,3,1064564,434538,275,1064839,434813,22.1909926791996,9.06139998612072,234
-7.6926,53.28823,2021/04/26 23:00:00+00,Tue 27 Apr 2021,25920,7823,9,1090484,442361,284,1090768,442645,22.7313469009917,9.22461701204059,235
-7.6926,53.28823,2021/04/27 23:00:00+00,Wed 28 Apr 2021,26045,8620,5,1116529,450981,289,1116818,451270,23.2742227341394,9.40435997023248,236
-7.6926,53.28823,2022/07/17 23:00:00+00,Mon 18 Jul 2022,14,18,0,3853835,3807511,241025,4094860,4048536,85.3359130181625,84.3705318245067,237
-7.6926,53.28823,2021/04/28 23:00:00+00,Thu 29 Apr 2021,31694,11329,6,1148223,462310,295,1148518,462605,23.9348432297548,9.64057868688235,238
-7.6926,53.28823,2021/04/29 23:00:00+00,Fri 30 Apr 2021,36098,13542,8,1184321,475852,303,1184624,476155,24.6872837223318,9.92295747917222,239
-7.6926,53.28823,2021/04/30 23:00:00+00,Sat 01 May 2021,16602,6698,19,1200923,482550,322,1201245,482872,25.0336614276196,10.0629381690476,240
-7.6926,53.28823,2021/05/01 23:00:00+00,Sun 02 May 2021,12469,911,16,1213392,483461,338,1213730,483799,25.2938458720284,10.0822566295976,241
-7.6926,53.28823,2021/05/02 23:00:00+00,Mon 03 May 2021,14273,930,21,1227665,484391,359,1228024,484750,25.5917294481902,10.1020752444661,242
-7.6926,53.28823,2021/05/03 23:00:00+00,Tue 04 May 2021,26664,6801,10,1254329,491192,369,1254698,491561,26.1476092936175,10.2440148720887,243
-7.6926,53.28823,2021/05/04 23:00:00+00,Wed 05 May 2021,32123,13464,70,1286452,504656,439,1286891,505095,26.8185037925243,10.5260602281662,244
-7.6926,53.28823,2021/05/05 23:00:00+00,Thu 06 May 2021,37299,14380,133,1323751,519036,572,1324323,519608,27.5985778111955,10.8285077124838,245
-7.6926,53.28823,2021/05/06 23:00:00+00,Fri 07 May 2021,40597,15088,98,1364348,534124,670,1365018,534794,28.4466519774122,11.1449803574811,246
-7.6926,53.28823,2021/05/07 23:00:00+00,Sat 08 May 2021,25631,7061,10,1389979,541185,680,1390659,541865,28.981004347383,11.2923383235536,247
-7.6926,53.28823,2021/05/08 23:00:00+00,Sun 09 May 2021,19673,931,5,1409652,542116,685,1410337,542801,29.391089208983,11.311844341973,248
-7.6926,53.28823,2021/05/09 23:00:00+00,Mon 10 May 2021,28854,4655,171,1438506,546771,856,1439362,547627,29.9959633378549,11.4124170395074,249
-7.6926,53.28823,2021/05/10 23:00:00+00,Tue 11 May 2021,33927,14819,153,1472433,561590,1009,1473442,562599,30.7061824700496,11.7244299751653,250
-7.6926,53.28823,2021/05/11 23:00:00+00,Wed 12 May 2021,31301,20927,174,1503734,582517,1183,1504917,583700,31.3621140189296,12.1641698198965,251
-7.6926,53.28823,2021/05/12 23:00:00+00,Thu 13 May 2021,36006,25486,152,1539740,608003,1335,1541075,609338,32.1156381791965,12.6984596705775,252
-7.6926,53.28823,2021/05/13 23:00:00+00,Fri 14 May 2021,38230,27953,237,1577970,635956,1572,1579542,637528,32.9172813528508,13.2859325971201,253
-7.6926,53.28823,2021/05/14 23:00:00+00,Sat 15 May 2021,28875,12462,22,1606845,648418,1594,1608439,650012,33.5194879920242,13.5460962017656,254
-7.6926,53.28823,2021/05/15 23:00:00+00,Sun 16 May 2021,23187,1181,11,1630032,649599,1605,1631637,651204,34.0029288203298,13.5709371995818,255
-7.6926,53.28823,2021/05/16 23:00:00+00,Mon 17 May 2021,35399,3957,120,1665431,653556,1725,1667156,655281,34.7431363718681,13.655900914428,256
-7.6926,53.28823,2021/05/17 23:00:00+00,Tue 18 May 2021,39022,12510,127,1704453,666066,1852,1706305,667918,35.5589922640715,13.9192530028536,257
-7.6926,53.28823,2021/05/18 23:00:00+00,Wed 19 May 2021,37038,17603,211,1741491,683669,2063,1743554,685732,36.3352526060645,14.2904925457209,258
-7.6926,53.28823,2021/05/19 23:00:00+00,Thu 20 May 2021,39095,19644,136,1780586,703313,2199,1782785,705512,37.1528173588559,14.7027030631743,259
-7.6926,53.28823,2021/05/20 23:00:00+00,Fri 21 May 2021,25845,23257,14934,1806431,726570,17133,1823564,743703,38.0026420651872,15.4985944621663,260
-7.6926,53.28823,2021/05/21 23:00:00+00,Sat 22 May 2021,16593,10257,13523,1823024,736827,30656,1853680,767483,38.6302523757851,15.9941640326943,261
-7.6926,53.28823,2021/05/22 23:00:00+00,Sun 23 May 2021,8224,5534,10205,1831248,742361,40861,1872109,783222,39.0143083730626,16.3221610667791,262
-7.6926,53.28823,2021/05/23 23:00:00+00,Mon 24 May 2021,22558,8236,8452,1853806,750597,49313,1903119,799910,39.6605494320227,16.669935036206,263
-7.6926,53.28823,2021/05/24 23:00:00+00,Tue 25 May 2021,30360,16514,3224,1884166,767111,52537,1936703,819648,40.3604320416362,17.0812702836021,264
-7.6926,53.28823,2021/05/25 23:00:00+00,Wed 26 May 2021,19985,25469,3054,1904151,792580,55591,1959742,848171,40.840559347582,17.6756828513131,265
-7.6926,53.28823,2021/05/26 23:00:00+00,Thu 27 May 2021,17018,36057,550,1921169,828637,56141,1977310,884778,41.2066723086852,18.4385640652876,266
-7.6926,53.28823,2021/05/27 23:00:00+00,Fri 28 May 2021,27048,31834,1562,1948217,860471,57703,2005920,918174,41.8028979358006,19.1345287994066,267
-7.6926,53.28823,2021/05/28 23:00:00+00,Sat 29 May 2021,24493,7396,537,1972710,867867,58240,2030950,926107,42.3245172104143,19.2998506414167,268
-7.6926,53.28823,2021/05/29 23:00:00+00,Sun 30 May 2021,24259,1685,210,1996969,869552,58450,2055419,928002,42.8344453778343,19.3393419928107,269
-7.6926,53.28823,2021/05/30 23:00:00+00,Mon 31 May 2021,22599,7315,3445,2019568,876867,61895,2081463,938762,43.3771961724024,19.5635778455811,270
-7.6926,53.28823,2021/05/31 23:00:00+00,Tue 01 Jun 2021,27601,11525,3654,2047169,888392,65549,2112718,953941,44.0285429733632,19.8799046122356,271
-7.6926,53.28823,2021/06/01 23:00:00+00,Wed 02 Jun 2021,18715,20917,4008,2065884,909309,69557,2135441,978866,44.5020849141162,20.399335711706,272
-7.6926,53.28823,2021/06/02 23:00:00+00,Thu 03 Jun 2021,16699,30709,1978,2082583,940018,71535,2154118,1011553,44.8913091726843,21.0805250536676,273
-7.6926,53.28823,2021/06/03 23:00:00+00,Fri 04 Jun 2021,28995,23345,153,2111578,963363,71688,2183266,1035051,45.4987465924382,21.5702178109538,274
-7.6926,53.28823,2021/06/04 23:00:00+00,Sat 05 Jun 2021,20973,11501,35,2132551,974864,71723,2204274,1046587,45.9365483391855,21.8106253200206,275
-7.6926,53.28823,2021/06/05 23:00:00+00,Sun 06 Jun 2021,19951,3918,47,2152502,978782,71770,2224272,1050552,46.3533019250315,21.8932549813807,276
-7.6926,53.28823,2021/06/06 23:00:00+00,Mon 07 Jun 2021,19841,4604,47,2172343,983386,71817,2244160,1055203,46.7677631369179,21.9901807203431,277
-7.6926,53.28823,2021/06/07 23:00:00+00,Tue 08 Jun 2021,26421,18346,46,2198764,1001732,71863,2270627,1073595,47.3193291513486,22.3734656463796,278
-7.6926,53.28823,2021/06/08 23:00:00+00,Wed 09 Jun 2021,32813,20128,175,2231577,1021860,72038,2303615,1093898,48.006791262054,22.7965753600225,279
-7.6926,53.28823,2021/06/09 23:00:00+00,Thu 10 Jun 2021,27710,27507,273,2259287,1049367,72311,2331598,1121678,48.5899503575999,23.3755039836249,280
-7.6926,53.28823,2021/06/10 23:00:00+00,Fri 11 Jun 2021,26455,32912,42,2285742,1082279,72353,2358095,1154632,49.1421415649287,24.0622575423792,281
-7.6926,53.28823,2021/06/11 23:00:00+00,Sat 12 Jun 2021,12221,19728,105,2297963,1102007,72458,2370421,1174465,49.3990124869778,24.4755725672859,282
-7.6926,53.28823,2021/06/12 23:00:00+00,Sun 13 Jun 2021,8558,18178,835,2306521,1120185,73293,2379814,1193478,49.5947603833599,24.8717989863122,283
-7.6926,53.28823,2021/06/13 23:00:00+00,Mon 14 Jun 2021,16026,31313,52,2322547,1151498,73345,2395892,1224843,49.9298220971929,25.5254381612327,284
-7.6926,53.28823,2021/06/14 23:00:00+00,Tue 15 Jun 2021,14707,41594,206,2337254,1193092,73551,2410805,1266643,50.2406054868179,26.3965402658612,285
-7.6926,53.28823,2021/06/15 23:00:00+00,Wed 16 Jun 2021,13477,48399,219,2350731,1241491,73770,2424501,1315261,50.526026884545,27.4097278764552,286
-7.6926,53.28823,2021/06/16 23:00:00+00,Thu 17 Jun 2021,21579,42694,535,2372310,1284185,74305,2446615,1358490,50.9868774094674,28.3106100027946,287
-7.6926,53.28823,2021/06/17 23:00:00+00,Fri 18 Jun 2021,12021,50024,554,2384331,1334209,74859,2459190,1409068,51.2489374325703,29.3646435493951,288
-7.6926,53.28823,2021/06/18 23:00:00+00,Sat 19 Jun 2021,6328,32818,434,2390659,1367027,75293,2465952,1442320,51.3898559117928,30.0576073576035,289
-7.6926,53.28823,2021/06/19 23:00:00+00,Sun 20 Jun 2021,8520,26144,178,2399179,1393171,75471,2474650,1468642,51.5711201727033,30.6061516063602,290
-7.6926,53.28823,2021/06/20 23:00:00+00,Mon 21 Jun 2021,15492,32345,575,2414671,1425516,76046,2490717,1501562,51.9059526491403,31.2921966131634,291
-7.6926,53.28823,2021/06/21 23:00:00+00,Tue 22 Jun 2021,15150,43552,722,2429821,1469068,76768,2506589,1545836,52.2367213717399,32.2148562921185,292
-7.6926,53.28823,2021/06/22 23:00:00+00,Wed 23 Jun 2021,20104,39407,884,2449925,1508475,77652,2527577,1586127,52.6741063232218,33.0545111939746,293
-7.6926,53.28823,2021/06/23 23:00:00+00,Thu 24 Jun 2021,19028,44276,1032,2468953,1552751,78684,2547637,1631435,53.0921519743904,33.9987191881495,294
-7.6926,53.28823,2021/06/24 23:00:00+00,Fri 25 Jun 2021,15217,50126,843,2484170,1602877,79527,2563697,1682404,53.4268385724845,35.0609010821881,295
-7.6926,53.28823,2021/06/25 23:00:00+00,Sat 26 Jun 2021,9072,30574,511,2493242,1633451,80038,2573280,1713489,53.6265460238878,35.7087051233933,296
-7.6926,53.28823,2021/06/26 23:00:00+00,Sun 27 Jun 2021,8740,30481,59,2501982,1663932,80097,2582079,1744029,53.8099151008884,36.3451514936171,297
-7.6926,53.28823,2021/06/27 23:00:00+00,Mon 28 Jun 2021,24243,24663,527,2526225,1688595,80624,2606849,1769219,54.3261160370523,36.8701051303538,298
-7.6926,53.28823,2021/06/28 23:00:00+00,Tue 29 Jun 2021,28152,31057,812,2554377,1719652,81436,2635813,1801088,54.9297189403647,37.5342475459616,299
-7.6926,53.28823,2021/06/29 23:00:00+00,Wed 30 Jun 2021,22584,36879,589,2576961,1756531,82025,2658986,1838556,55.4126387745886,38.3150717961104,300
-7.6926,53.28823,2021/06/30 23:00:00+00,Thu 01 Jul 2021,15040,48304,642,2592001,1804835,82667,2674668,1887502,55.7394479421672,39.3350948490566,301
-7.6926,53.28823,2021/07/01 23:00:00+00,Fri 02 Jul 2021,13690,47273,817,2605691,1852108,83484,2689175,1935592,56.0417703879051,40.3372790646447,302
-7.6926,53.28823,2021/07/02 23:00:00+00,Sat 03 Jul 2021,9322,30486,506,2615013,1882594,83990,2699003,1966584,56.2465835813092,40.983145007866,303
-7.6926,53.28823,2021/07/03 23:00:00+00,Sun 04 Jul 2021,6458,27786,233,2621471,1910380,84223,2705694,1994603,56.3860224373395,41.5670543348896,304
-7.6926,53.28823,2021/07/04 23:00:00+00,Mon 05 Jul 2021,15628,33475,5342,2637099,1943855,89565,2726664,2033420,56.8230322730826,42.3759914256878,305
-7.6926,53.28823,2021/07/05 23:00:00+00,Tue 06 Jul 2021,12406,48302,5488,2649505,1992157,95053,2744558,2087210,57.1959389970114,43.4969622919071,306
-7.6926,53.28823,2021/07/06 23:00:00+00,Wed 07 Jul 2021,19709,43766,5059,2669214,2035923,100112,2769326,2136035,57.7120982536487,44.5144637334978,307
-7.6926,53.28823,2021/07/07 23:00:00+00,Thu 08 Jul 2021,17793,45607,5997,2687007,2081530,106109,2793116,2187639,58.2078762218093,45.5898788772119,308
-7.6926,53.28823,2021/07/08 23:00:00+00,Fri 09 Jul 2021,13530,45096,6531,2700537,2126626,112640,2813177,2239266,58.6259427127412,46.6657733354812,309
-7.6926,53.28823,2021/07/09 23:00:00+00,Sat 10 Jul 2021,8644,23882,4364,2709181,2150508,117004,2826185,2267512,58.8970263533394,47.2544132887668,310
-7.6926,53.28823,2021/07/10 23:00:00+00,Sun 11 Jul 2021,15241,16119,2153,2724422,2166627,119157,2843579,2285784,59.2595131956339,47.6351974432111,311
-7.6926,53.28823,2021/07/11 23:00:00+00,Mon 12 Jul 2021,17122,31782,6092,2741544,2198409,125249,2866793,2323658,59.7432874601518,48.424482637247,312
-7.6926,53.28823,2021/07/12 23:00:00+00,Tue 13 Jul 2021,20116,36574,8490,2761660,2234983,133739,2895399,2368722,60.3394297282141,49.3636057291844,313
-7.6926,53.28823,2021/07/13 23:00:00+00,Wed 14 Jul 2021,20803,35721,9335,2782463,2270704,143074,2925537,2413778,60.9674985136039,50.3025621030155,314
-7.6926,53.28823,2021/07/14 23:00:00+00,Thu 15 Jul 2021,23659,28842,9585,2806122,2299546,152659,2958781,2452205,61.6602956037061,51.103371686139,315
-7.6926,53.28823,2021/07/15 23:00:00+00,Fri 16 Jul 2021,23519,27433,9168,2829641,2326979,161827,2991468,2488806,62.3414849456676,51.8661278615339,316
-7.6926,53.28823,2021/07/16 23:00:00+00,Sat 17 Jul 2021,11515,19433,4677,2841156,2346412,166504,3007660,2512916,62.6789223925132,52.3685745539405,317
-7.6926,53.28823,2021/07/17 23:00:00+00,Sun 18 Jul 2021,16870,15823,1931,2858026,2362235,168435,3026461,2530670,63.0707307817266,52.7385637110117,318
-7.6926,53.28823,2021/07/18 23:00:00+00,Mon 19 Jul 2021,24904,18449,6253,2882930,2380684,174688,3057618,2555372,63.7200352858872,53.2533475432732,319
-7.6926,53.28823,2021/07/19 23:00:00+00,Tue 20 Jul 2021,30599,18185,7699,2913529,2398869,182387,3095916,2581256,64.518156539549,53.7927639757183,320
-7.6926,53.28823,2021/07/20 23:00:00+00,Wed 21 Jul 2021,30367,19847,6894,2943896,2418716,189281,3133177,2607997,65.2946669587012,54.3500400852846,321
-7.6926,53.28823,2021/07/21 23:00:00+00,Thu 22 Jul 2021,33543,15940,6936,2977439,2434656,196217,3173656,2630873,66.1382397360519,54.8267705098177,322
-7.6926,53.28823,2021/07/22 23:00:00+00,Fri 23 Jul 2021,27081,20839,5615,3004520,2455495,201832,3206352,2657327,66.8196166358829,55.3780656073259,323
-7.6926,53.28823,2021/07/23 23:00:00+00,Sat 24 Jul 2021,15444,14818,2276,3019964,2470313,204108,3224072,2674421,67.1888972410029,55.7343005206398,324
-7.6926,53.28823,2021/07/24 23:00:00+00,Sun 25 Jul 2021,14739,13651,1046,3034703,2483964,205154,3239857,2689118,67.5178529041982,56.0405825213988,325
-7.6926,53.28823,2021/07/25 23:00:00+00,Mon 26 Jul 2021,23848,18316,3422,3058551,2502280,208576,3267127,2710856,68.0861532485335,56.4935972953322,326
-7.6926,53.28823,2021/07/26 23:00:00+00,Tue 27 Jul 2021,25522,23916,3672,3084073,2526196,212248,3296321,2738444,68.6945492973978,57.068524684387,327
-7.6926,53.28823,2021/07/27 23:00:00+00,Wed 28 Jul 2021,23447,25296,3265,3107520,2551492,215513,3323033,2767005,69.2512210538293,57.6637291631022,328
-7.6926,53.28823,2021/07/28 23:00:00+00,Thu 29 Jul 2021,19288,27879,2962,3126808,2579371,218475,3345283,2797846,69.7149057865562,58.3064483020699,329
-7.6926,53.28823,2021/07/29 23:00:00+00,Fri 30 Jul 2021,21960,22956,2123,3148768,2602327,220598,3369366,2822925,70.2167898053545,58.8290887250837,330
-7.6926,53.28823,2021/07/30 23:00:00+00,Sat 31 Jul 2021,13754,12494,907,3162522,2614821,221505,3384027,2836326,70.5223215746358,59.1083623926466,331
-7.6926,53.28823,2021/07/31 23:00:00+00,Sun 01 Aug 2021,11142,9343,369,3173664,2624164,221874,3395538,2846038,70.762208089621,59.3107581735115,332
-7.6926,53.28823,2021/08/01 23:00:00+00,Mon 02 Aug 2021,15030,16042,430,3188694,2640206,222304,3410998,2862510,71.0843908297539,59.6540307540723,333
-7.6926,53.28823,2021/08/02 23:00:00+00,Tue 03 Aug 2021,17354,25460,1111,3206048,2665666,223415,3429463,2889081,71.4691970585091,60.2077641038829,334
-7.6926,53.28823,2021/08/03 23:00:00+00,Wed 04 Aug 2021,22125,17310,1575,3228173,2682976,224990,3453163,2907966,71.9630994479755,60.6013230332109,335
-7.6926,53.28823,2021/08/04 23:00:00+00,Thu 05 Aug 2021,13541,30058,1421,3241714,2713034,226411,3468125,2939445,72.2749039860007,61.2573379411439,336
-7.6926,53.28823,2021/08/05 23:00:00+00,Fri 06 Aug 2021,12220,24750,949,3253934,2737784,227360,3481294,2965144,72.5493428284852,61.7928990173843,337
-7.6926,53.28823,2021/08/06 23:00:00+00,Sat 07 Aug 2021,6341,8466,583,3260275,2746250,227943,3488218,2974193,72.6936373493572,61.9814780352021,338
-7.6926,53.28823,2021/08/07 23:00:00+00,Sun 08 Aug 2021,8633,11987,153,3268908,2758237,228096,3497004,2986333,72.8767355094353,62.2344727612832,339
-7.6926,53.28823,2021/08/08 23:00:00+00,Mon 09 Aug 2021,5555,23043,600,3274463,2781280,228696,3503159,3009976,73.0050042523537,62.7271872842433,340
-7.6926,53.28823,2021/08/09 23:00:00+00,Tue 10 Aug 2021,9373,26019,716,3283836,2807299,229412,3513248,3036711,73.2152566239709,63.28433835523,341
-7.6926,53.28823,2020/12/28 00:00:00+00,Mon 28 Dec 2020,252,15,2,252,15,2,254,17,0.00529329987023079,0.000354275975566628,342
-7.6926,53.28823,2022/07/18 23:00:00+00,Tue 19 Jul 2022,30,33,0,3853865,3807544,241025,4094890,4048569,85.3365382110605,84.3712195366946,343
-7.6926,53.28823,2022/07/19 23:00:00+00,Wed 20 Jul 2022,78,66,0,3853943,3807610,241025,4094968,4048635,85.3381637125955,84.3725949610703,344
-7.6926,53.28823,2022/07/20 23:00:00+00,Thu 21 Jul 2022,52,30,0,3853995,3807640,241025,4095020,4048665,85.3392473802855,84.3732201539683,345
-7.6926,53.28823,2022/07/21 23:00:00+00,Fri 22 Jul 2022,73,70,0,3854068,3807710,241025,4095093,4048735,85.3407686830041,84.3746789373971,346
-7.6926,53.28823,2022/07/22 23:00:00+00,Sat 23 Jul 2022,99,175,0,3854167,3807885,241025,4095192,4048910,85.3428318195677,84.3783258959692,347
-7.6926,53.28823,2022/07/23 23:00:00+00,Sun 24 Jul 2022,108,231,0,3854275,3808116,241025,4095300,4049141,85.3450825140007,84.3831398812842,348
-7.6926,53.28823,2022/07/24 23:00:00+00,Mon 25 Jul 2022,15,23,0,3854290,3808139,241025,4095315,4049164,85.3453951104497,84.3836191958394,349
-7.6926,53.28823,2022/07/25 23:00:00+00,Tue 26 Jul 2022,18,16,0,3854308,3808155,241025,4095333,4049180,85.3457702261885,84.3839526320517,350
-7.6926,53.28823,2022/07/26 23:00:00+00,Wed 27 Jul 2022,60,72,1,3854368,3808227,241026,4095394,4049253,85.3470414517479,84.3854739347703,351
-7.6926,53.28823,2022/07/27 23:00:00+00,Thu 28 Jul 2022,48,71,0,3854416,3808298,241026,4095442,4049324,85.3480417603848,84.3869535579624,352
-7.6926,53.28823,2022/07/28 23:00:00+00,Fri 29 Jul 2022,71,105,0,3854487,3808403,241026,4095513,4049429,85.3495213835769,84.3891417331056,353
-7.6926,53.28823,2022/07/29 23:00:00+00,Sat 30 Jul 2022,100,119,0,3854587,3808522,241026,4095613,4049548,85.3516053599037,84.3916216649345,354
-7.6926,53.28823,2022/07/30 23:00:00+00,Sun 31 Jul 2022,32,57,0,3854619,3808579,241026,4095645,4049605,85.3522722323283,84.3928095314408,355
-7.6926,53.28823,2022/07/31 23:00:00+00,Mon 01 Aug 2022,9,15,0,3854628,3808594,241026,4095654,4049620,85.3524597901978,84.3931221278899,356
-7.6926,53.28823,2022/08/01 23:00:00+00,Tue 02 Aug 2022,38,28,0,3854666,3808622,241026,4095692,4049648,85.353251701202,84.3937056412614,357
-7.6926,53.28823,2022/08/02 23:00:00+00,Wed 03 Aug 2022,93,139,0,3854759,3808761,241026,4095785,4049787,85.355189799186,84.3966023683557,358
-7.6926,53.28823,2022/08/03 23:00:00+00,Thu 04 Aug 2022,45,52,0,3854804,3808813,241026,4095830,4049839,85.356127588533,84.3976860360457,359
-7.6926,53.28823,2022/08/04 23:00:00+00,Fri 05 Aug 2022,96,91,0,3854900,3808904,241026,4095926,4049930,85.3581282058068,84.3995824545031,360
-7.6926,53.28823,2022/08/05 23:00:00+00,Sat 06 Aug 2022,74,130,0,3854974,3809034,241026,4096000,4050060,85.3596703482887,84.4022916237281,361
-7.6926,53.28823,2022/08/06 23:00:00+00,Sun 07 Aug 2022,28,80,0,3855002,3809114,241026,4096028,4050140,85.3602538616602,84.4039588047896,362
-7.6926,53.28823,2022/08/07 23:00:00+00,Mon 08 Aug 2022,11,15,0,3855013,3809129,241026,4096039,4050155,85.3604830990562,84.4042714012386,363
-7.6926,53.28823,2022/08/08 23:00:00+00,Tue 09 Aug 2022,47,42,0,3855060,3809171,241026,4096086,4050197,85.3614625679298,84.4051466712959,364
-7.6926,53.28823,2022/08/09 23:00:00+00,Wed 10 Aug 2022,55,94,0,3855115,3809265,241026,4096141,4050291,85.3626087549096,84.4071056090431,365
-7.6926,53.28823,2022/08/10 23:00:00+00,Thu 11 Aug 2022,45,39,0,3855160,3809304,241026,4096186,4050330,85.3635465442567,84.4079183598106,366
-7.6926,53.28823,2022/08/11 23:00:00+00,Fri 12 Aug 2022,70,75,0,3855230,3809379,241026,4096256,4050405,85.3650053276855,84.4094813420557,367
-7.6926,53.28823,2022/08/12 23:00:00+00,Sat 13 Aug 2022,103,151,0,3855333,3809530,241026,4096359,4050556,85.3671518233022,84.4126281463093,368
-7.6926,53.28823,2022/08/13 23:00:00+00,Sun 14 Aug 2022,17,26,0,3855350,3809556,241026,4096376,4050582,85.3675060992777,84.4131699801543,369
-7.6926,53.28823,2022/08/14 23:00:00+00,Mon 15 Aug 2022,7,11,0,3855357,3809567,241026,4096383,4050593,85.3676519776206,84.4133992175502,370
-7.6926,53.28823,2022/08/15 23:00:00+00,Tue 16 Aug 2022,41,28,0,3855398,3809595,241026,4096424,4050621,85.3685064079146,84.4139827309218,371
-7.6926,53.28823,2022/08/16 23:00:00+00,Wed 17 Aug 2022,51,58,0,3855449,3809653,241026,4096475,4050679,85.3695692358413,84.4151914371914,372
-7.6926,53.28823,2022/08/17 23:00:00+00,Thu 18 Aug 2022,55,39,0,3855504,3809692,241026,4096530,4050718,85.3707154228211,84.4160041879588,373
-7.6926,53.28823,2022/08/18 23:00:00+00,Fri 19 Aug 2022,72,56,0,3855576,3809748,241026,4096602,4050774,85.3722158857764,84.4171712147019,374
-7.6926,53.28823,2022/08/19 23:00:00+00,Sat 20 Aug 2022,108,127,0,3855684,3809875,241026,4096710,4050901,85.3744665802094,84.419817864637,375
-7.6926,53.28823,2022/08/20 23:00:00+00,Sun 21 Aug 2022,39,36,0,3855723,3809911,241026,4096749,4050937,85.3752793309769,84.4205680961146,376
-7.6926,53.28823,2022/08/21 23:00:00+00,Mon 22 Aug 2022,12,13,0,3855735,3809924,241026,4096761,4050950,85.3755294081361,84.4208390130372,377
-7.6926,53.28823,2022/08/22 23:00:00+00,Tue 23 Aug 2022,77,72,0,3855812,3809996,241026,4096838,4051022,85.3771340699078,84.4223394759925,378
-7.6926,53.28823,2022/08/23 23:00:00+00,Wed 24 Aug 2022,53,55,0,3855865,3810051,241026,4096891,4051077,85.3782385773611,84.4234856629723,379
-7.6926,53.28823,2022/08/24 23:00:00+00,Thu 25 Aug 2022,40,49,0,3855905,3810100,241026,4096931,4051126,85.3790721678918,84.4245068113724,380
-7.6926,53.28823,2022/08/25 23:00:00+00,Fri 26 Aug 2022,98,89,0,3856003,3810189,241026,4097029,4051215,85.3811144646921,84.4263615503033,381
-7.6926,53.28823,2022/08/26 23:00:00+00,Sat 27 Aug 2022,86,119,0,3856089,3810308,241026,4097115,4051334,85.3829066843332,84.4288414821323,382
-7.6926,53.28823,2022/08/27 23:00:00+00,Sun 28 Aug 2022,44,20,0,3856133,3810328,241026,4097159,4051354,85.383823633917,84.4292582773977,383
-7.6926,53.28823,2022/08/28 23:00:00+00,Mon 29 Aug 2022,13,12,0,3856146,3810340,241026,4097172,4051366,85.3840945508395,84.4295083545569,384
-7.6926,53.28823,2022/08/29 23:00:00+00,Tue 30 Aug 2022,40,44,0,3856186,3810384,241026,4097212,4051410,85.3849281413703,84.4304253041407,385
-7.6926,53.28823,2022/08/30 23:00:00+00,Wed 31 Aug 2022,28,30,0,3856214,3810414,241026,4097240,4051440,85.3855116547418,84.4310504970388,386
-7.6926,53.28823,2022/08/31 23:00:00+00,Thu 01 Sep 2022,32,29,0,3856246,3810443,241026,4097272,4051469,85.3861785271664,84.4316548501736,387
-7.6926,53.28823,2022/09/01 23:00:00+00,Fri 02 Sep 2022,47,51,0,3856293,3810494,241026,4097319,4051520,85.38715799604,84.4327176781003,388
-7.6926,53.28823,2022/09/02 23:00:00+00,Sat 03 Sep 2022,73,101,0,3856366,3810595,241026,4097392,4051621,85.3886792987586,84.4348224941904,389
-7.6926,53.28823,2022/09/03 23:00:00+00,Sun 04 Sep 2022,58,82,0,3856424,3810677,241026,4097450,4051703,85.3898880050282,84.4365313547784,390
-7.6926,53.28823,2022/09/04 23:00:00+00,Mon 05 Sep 2022,9,5,0,3856433,3810682,241026,4097459,4051708,85.3900755628976,84.4366355535948,391
-7.6926,53.28823,2022/09/05 23:00:00+00,Tue 06 Sep 2022,42,22,0,3856475,3810704,241026,4097501,4051730,85.3909508329549,84.4370940283867,392
-7.6926,53.28823,2022/09/06 23:00:00+00,Wed 07 Sep 2022,49,42,0,3856524,3810746,241026,4097550,4051772,85.3919719813551,84.437969298444,393
-7.6926,53.28823,2022/09/07 23:00:00+00,Thu 08 Sep 2022,39,49,2,3856563,3810795,241028,4097591,4051823,85.3928264116491,84.4390321263707,394
-7.6926,53.28823,2022/09/08 23:00:00+00,Fri 09 Sep 2022,60,61,0,3856623,3810856,241028,4097651,4051884,85.3940767974452,84.44030335193,395
-7.6926,53.28823,2022/09/09 23:00:00+00,Sat 10 Sep 2022,94,135,0,3856717,3810991,241028,4097745,4052019,85.3960357351925,84.4431167199713,396
-7.6926,53.28823,2022/09/10 23:00:00+00,Sun 11 Sep 2022,58,58,0,3856775,3811049,241028,4097803,4052077,85.397244441462,84.4443254262409,397
-7.6926,53.28823,2022/09/11 23:00:00+00,Mon 12 Sep 2022,13,13,0,3856788,3811062,241028,4097816,4052090,85.3975153583845,84.4445963431634,398
-7.6926,53.28823,2022/09/12 23:00:00+00,Tue 13 Sep 2022,28,25,0,3856816,3811087,241028,4097844,4052115,85.3980988717561,84.4451173372451,399
-7.6926,53.28823,2022/09/13 23:00:00+00,Wed 14 Sep 2022,35,33,0,3856851,3811120,241028,4097879,4052148,85.3988282634705,84.445805049433,400
-7.6926,53.28823,2022/09/14 23:00:00+00,Thu 15 Sep 2022,51,35,0,3856902,3811155,241028,4097930,4052183,85.3998910913972,84.4465344411474,401
-7.6926,53.28823,2022/09/15 23:00:00+00,Fri 16 Sep 2022,37,56,0,3856939,3811211,241028,4097967,4052239,85.4006621626381,84.4477014678904,402
-7.6926,53.28823,2022/09/16 23:00:00+00,Sat 17 Sep 2022,67,149,0,3857006,3811360,241028,4098034,4052388,85.4020584267771,84.4508065926174,403
-7.6926,53.28823,2022/09/17 23:00:00+00,Sun 18 Sep 2022,30,53,0,3857036,3811413,241028,4098064,4052441,85.4026836196752,84.4519111000707,404
-7.6926,53.28823,2022/09/18 23:00:00+00,Mon 19 Sep 2022,11,11,0,3857047,3811424,241028,4098075,4052452,85.4029128570711,84.4521403374666,405
-7.6926,53.28823,2022/09/19 23:00:00+00,Tue 20 Sep 2022,38,37,0,3857085,3811461,241028,4098113,4052489,85.4037047680753,84.4529114087076,406
-7.6926,53.28823,2022/09/20 23:00:00+00,Wed 21 Sep 2022,40,32,0,3857125,3811493,241028,4098153,4052521,85.4045383586061,84.4535782811322,407
-7.6926,53.28823,2022/09/21 23:00:00+00,Thu 22 Sep 2022,62,34,0,3857187,3811527,241028,4098215,4052555,85.4058304239287,84.4542868330833,408
-7.6926,53.28823,2022/09/22 23:00:00+00,Fri 23 Sep 2022,38,39,0,3857225,3811566,241028,4098253,4052594,85.4066223349329,84.4550995838508,409
-7.6926,53.28823,2022/09/23 23:00:00+00,Sat 24 Sep 2022,56,103,0,3857281,3811669,241028,4098309,4052697,85.407789361676,84.4572460794674,410
-7.6926,53.28823,2022/09/24 23:00:00+00,Sun 25 Sep 2022,42,74,0,3857323,3811743,241028,4098351,4052771,85.4086646317332,84.4587882219493,411
-7.6926,53.28823,2022/09/25 23:00:00+00,Mon 26 Sep 2022,23,10,0,3857346,3811753,241028,4098374,4052781,85.4091439462884,84.458996619582,412
-7.6926,53.28823,2022/09/26 23:00:00+00,Tue 27 Sep 2022,29,33,2,3857375,3811786,241030,4098405,4052816,85.4097899789498,84.4597260112964,413
-7.6926,53.28823,2022/09/27 23:00:00+00,Wed 28 Sep 2022,43,27,0,3857418,3811813,241030,4098448,4052843,85.4106860887703,84.4602886849047,414
-7.6926,53.28823,2022/09/28 23:00:00+00,Thu 29 Sep 2022,30,23,0,3857448,3811836,241030,4098478,4052866,85.4113112816684,84.4607679994598,415
-7.6926,53.28823,2022/09/29 23:00:00+00,Fri 30 Sep 2022,39,58,0,3857487,3811894,241030,4098517,4052924,85.4121240324358,84.4619767057294,416
-7.6926,53.28823,2022/09/30 23:00:00+00,Sat 01 Oct 2022,51,105,0,3857538,3811999,241030,4098568,4053029,85.4131868603625,84.4641648808726,417
-7.6926,53.28823,2022/10/01 23:00:00+00,Sun 02 Oct 2022,26,47,0,3857564,3812046,241030,4098594,4053076,85.4137286942075,84.4651443497462,418
-7.6926,53.28823,2022/10/02 23:00:00+00,Mon 03 Oct 2022,19,1,0,3857583,3812047,241030,4098613,4053077,85.4141246497096,84.4651651895095,419
-7.6926,53.28823,2022/10/03 23:00:00+00,Tue 04 Oct 2022,29,17,0,3857612,3812064,241030,4098642,4053094,85.4147290028444,84.4655194654851,420
-7.6926,53.28823,2022/10/04 23:00:00+00,Wed 05 Oct 2022,48,37,0,3857660,3812101,241030,4098690,4053131,85.4157293114813,84.466290536726,421
-7.6926,53.28823,2022/10/05 23:00:00+00,Thu 06 Oct 2022,57,25,0,3857717,3812126,241030,4098747,4053156,85.4169171779876,84.4668115308077,422
-7.6926,53.28823,2022/10/06 23:00:00+00,Fri 07 Oct 2022,80,38,0,3857797,3812164,241030,4098827,4053194,85.4185843590491,84.4676034418119,423
-7.6926,53.28823,2022/10/07 23:00:00+00,Sat 08 Oct 2022,102,99,0,3857899,3812263,241030,4098929,4053293,85.4207100149025,84.4696665783755,424
-7.6926,53.28823,2022/10/08 23:00:00+00,Sun 09 Oct 2022,28,24,0,3857927,3812287,241030,4098957,4053317,85.421293528274,84.470166732694,425
-7.6926,53.28823,2022/10/09 23:00:00+00,Mon 10 Oct 2022,19,3,0,3857946,3812290,241030,4098976,4053320,85.4216894837761,84.4702292519838,426
-7.6926,53.28823,2020/12/29 00:00:00+00,Tue 29 Dec 2020,79,3,0,331,18,2,333,20,0.00693964116845218,0.000416795265372503,427
-7.6926,53.28823,2022/10/10 23:00:00+00,Tue 11 Oct 2022,67,11,0,3858013,3812301,241030,4099043,4053331,85.4230857479151,84.4704584893797,428
-7.6926,53.28823,2022/10/11 23:00:00+00,Wed 12 Oct 2022,49,30,0,3858062,3812331,241030,4099092,4053361,85.4241068963153,84.4710836822778,429
-7.6926,53.28823,2022/10/12 23:00:00+00,Thu 13 Oct 2022,71,15,0,3858133,3812346,241030,4099163,4053376,85.4255865195074,84.4713962787268,430
-7.6926,53.28823,2022/10/13 23:00:00+00,Fri 14 Oct 2022,122,16,0,3858255,3812362,241030,4099285,4053392,85.4281289706261,84.4717297149391,431
-7.6926,53.28823,2022/10/14 23:00:00+00,Sat 15 Oct 2022,72,101,0,3858327,3812463,241030,4099357,4053493,85.4296294335815,84.4738345310293,432
-7.6926,53.28823,2022/10/15 23:00:00+00,Sun 16 Oct 2022,18,26,1,3858345,3812489,241031,4099376,4053520,85.4300253890836,84.4743972046375,433
-7.6926,53.28823,2022/10/16 23:00:00+00,Mon 17 Oct 2022,65,3,9,3858410,3812492,241040,4099450,4053532,85.4315675315655,84.4746472817967,434
-7.6926,53.28823,2022/10/17 23:00:00+00,Tue 18 Oct 2022,115,5,0,3858525,3812497,241040,4099565,4053537,85.4339641043414,84.4747514806131,435
-7.6926,53.28823,2022/10/18 23:00:00+00,Wed 19 Oct 2022,71,10,0,3858596,3812507,241040,4099636,4053547,85.4354437275334,84.4749598782458,436
-7.6926,53.28823,2022/10/19 23:00:00+00,Thu 20 Oct 2022,109,3,0,3858705,3812510,241040,4099745,4053550,85.4377152617297,84.4750223975356,437
-7.6926,53.28823,2022/10/20 23:00:00+00,Fri 21 Oct 2022,117,10,0,3858822,3812520,241040,4099862,4053560,85.4401535140321,84.4752307951683,438
-7.6926,53.28823,2022/10/21 23:00:00+00,Sat 22 Oct 2022,69,45,0,3858891,3812565,241040,4099931,4053605,85.4415914576977,84.4761685845153,439
-7.6926,53.28823,2022/10/22 23:00:00+00,Sun 23 Oct 2022,55,32,0,3858946,3812597,241040,4099986,4053637,85.4427376446775,84.47683545694,440
-7.6926,53.28823,2022/10/23 23:00:00+00,Mon 24 Oct 2022,81,2,0,3859027,3812599,241040,4100067,4053639,85.4444256655022,84.4768771364665,441
-7.6926,53.28823,2022/10/24 23:00:00+00,Tue 25 Oct 2022,52,12,0,3859079,3812611,241040,4100119,4053651,85.4455093331922,84.4771272136257,442
-7.6926,53.28823,2022/10/25 23:00:00+00,Wed 26 Oct 2022,32,7,0,3859111,3812618,241040,4100151,4053658,85.4461762056168,84.4772730919686,443
-7.6926,53.28823,2022/10/26 23:00:00+00,Thu 27 Oct 2022,52,11,0,3859163,3812629,241040,4100203,4053669,85.4472598733067,84.4775023293645,444
-7.6926,53.28823,2022/10/27 23:00:00+00,Fri 28 Oct 2022,52,7,0,3859215,3812636,241040,4100255,4053676,85.4483435409967,84.4776482077074,445
-7.6926,53.28823,2022/10/28 23:00:00+00,Sat 29 Oct 2022,62,44,0,3859277,3812680,241040,4100317,4053720,85.4496356063194,84.4785651572912,446
-7.6926,53.28823,2022/10/29 23:00:00+00,Sun 30 Oct 2022,2,1,0,3859279,3812681,241040,4100319,4053721,85.4496772858459,84.4785859970545,447
-7.6926,53.28823,2022/10/31 00:00:00+00,Mon 31 Oct 2022,1,0,0,3859280,3812681,241040,4100320,4053721,85.4496981256092,84.4785859970545,448
-7.6926,53.28823,2022/11/01 00:00:00+00,Tue 01 Nov 2022,36,4,0,3859316,3812685,241040,4100356,4053725,85.4504483570868,84.4786693561076,449
-7.6926,53.28823,2022/11/02 00:00:00+00,Wed 02 Nov 2022,100,2,0,3859416,3812687,241040,4100456,4053727,85.4525323334137,84.4787110356341,450
-7.6926,53.28823,2022/11/03 00:00:00+00,Thu 03 Nov 2022,33,7,0,3859449,3812694,241040,4100489,4053734,85.4532200456016,84.478856913977,451
-7.6926,53.28823,2020/12/30 00:00:00+00,Wed 30 Dec 2020,1063,2,0,1394,20,2,1396,22,0.0290923095230007,0.000458474791909754,452
-7.6926,53.28823,2020/12/31 00:00:00+00,Thu 31 Dec 2020,1038,1,0,2432,21,2,2434,23,0.0507239837958337,0.000479314555178379,453
-7.6926,53.28823,2021/01/01 00:00:00+00,Fri 01 Jan 2021,818,0,0,3250,21,2,3252,23,0.0677709101495691,0.000479314555178379,454
-7.6926,53.28823,2021/01/02 00:00:00+00,Sat 02 Jan 2021,1019,0,0,4269,21,2,4271,23,0.0890066289202981,0.000479314555178379,455
-7.6926,53.28823,2021/01/03 00:00:00+00,Sun 03 Jan 2021,22,3,1,4291,24,3,4294,27,0.0894859434754765,0.00056267360825288,456
-7.6926,53.28823,2021/01/04 00:00:00+00,Mon 04 Jan 2021,1195,5,0,5486,29,3,5489,32,0.114389460581484,0.000666872424596006,457
-7.6926,53.28823,2021/01/05 00:00:00+00,Tue 05 Jan 2021,3540,13,0,9026,42,3,9029,45,0.188162222552417,0.000937789347088133,458
-7.6926,53.28823,2021/01/06 00:00:00+00,Wed 06 Jan 2021,6785,13,0,15811,55,3,15814,58,0.329560016330039,0.00120870626958026,459
-7.6926,53.28823,2021/01/07 00:00:00+00,Thu 07 Jan 2021,11736,9,0,27547,64,3,27550,67,0.574135478050624,0.00139626413899789,460
-7.6926,53.28823,2021/01/08 00:00:00+00,Fri 08 Jan 2021,12684,6,0,40231,70,3,40234,73,0.838467035349865,0.00152130271860964,461
-7.6926,53.28823,2021/01/09 00:00:00+00,Sat 09 Jan 2021,8076,7,0,48307,77,3,48310,80,1.00676896350728,0.00166718106149001,462
-7.6926,53.28823,2021/01/10 00:00:00+00,Sun 10 Jan 2021,4787,4,1,53094,81,4,53098,85,1.10654975003746,0.00177137987783314,463
-7.6926,53.28823,2021/01/11 00:00:00+00,Mon 11 Jan 2021,8347,7,0,61441,88,4,61445,92,1.28049925404067,0.00191725822071352,464
-7.6926,53.28823,2021/01/12 00:00:00+00,Tue 12 Jan 2021,8890,13,0,70331,101,4,70335,105,1.46576474949875,0.00218817514320564,465
-7.6926,53.28823,2021/01/13 00:00:00+00,Wed 13 Jan 2021,9898,4,0,80229,105,4,80233,109,1.6720367263316,0.00227153419628014,466
-7.6926,53.28823,2021/01/14 00:00:00+00,Thu 14 Jan 2021,8095,5,0,88324,110,4,88328,114,1.84073460999112,0.00237573301262327,467
-7.6926,53.28823,2021/01/15 00:00:00+00,Fri 15 Jan 2021,7698,4,0,96022,114,4,96026,118,2.001159107633,0.00245909206569777,468
-7.6926,53.28823,2021/01/16 00:00:00+00,Sat 16 Jan 2021,5243,2,0,101265,116,4,101269,120,2.1104219864504,0.00250077159223502,469
-7.6926,53.28823,2021/01/17 00:00:00+00,Sun 17 Jan 2021,1115,5,0,102380,121,4,102384,125,2.13365832249492,0.00260497040857815,470
-7.6926,53.28823,2021/01/18 00:00:00+00,Mon 18 Jan 2021,8721,9,1,111101,130,5,111106,135,2.31542273772387,0.0028133680412644,471
-7.6926,53.28823,2021/01/19 00:00:00+00,Tue 19 Jan 2021,8393,21,0,119494,151,5,119499,156,2.49033087083744,0.00325100306990553,472
-7.6926,53.28823,2021/01/20 00:00:00+00,Wed 20 Jan 2021,8451,964,0,127945,1115,5,127950,1120,2.66644771022059,0.0233405348608602,473
-7.6926,53.28823,2021/01/21 00:00:00+00,Thu 21 Jan 2021,9010,964,0,136955,2079,5,136960,2084,2.8542139772709,0.0434300666518149,474
-7.6926,53.28823,2021/01/22 00:00:00+00,Fri 22 Jan 2021,6788,969,0,143743,3048,5,143748,3053,2.99567429033833,0.0636237972591127,475
-7.6926,53.28823,2021/01/23 00:00:00+00,Sat 23 Jan 2021,4198,460,0,147941,3508,5,147946,3513,3.08315961654002,0.0732100883626802,476
-7.6926,53.28823,2021/01/24 00:00:00+00,Sun 24 Jan 2021,1186,399,0,149127,3907,5,149132,3912,3.10787557577661,0.0815251539068617,477
-7.6926,53.28823,2021/01/25 00:00:00+00,Mon 25 Jan 2021,1367,1291,0,150494,5198,5,150499,5203,3.13636353216482,0.108429288286657,478
-7.6926,53.28823,2021/01/26 00:00:00+00,Tue 26 Jan 2021,1006,3505,0,151500,8703,5,151505,8708,3.15732833401306,0.181472658543188,479
-7.6926,53.28823,2021/01/27 00:00:00+00,Wed 27 Jan 2021,2184,6705,0,153684,15408,5,153689,15413,3.20284237699173,0.32120327125932,480
-7.6926,53.28823,2021/01/28 00:00:00+00,Thu 28 Jan 2021,1020,11542,0,154704,26950,5,154709,26955,3.22409893552573,0.561735818905791,481
-7.6926,53.28823,2021/01/29 00:00:00+00,Fri 29 Jan 2021,1591,11526,0,156295,38476,5,156300,38481,3.25725499888611,0.801934930339965,482
-7.6926,53.28823,2021/01/30 00:00:00+00,Sat 30 Jan 2021,652,7793,0,156947,46269,5,156952,46274,3.27084252453726,0.964339205492361,483
-7.6926,53.28823,2021/01/31 00:00:00+00,Sun 31 Jan 2021,235,4086,0,157182,50355,5,157187,50360,3.27573986890538,1.04949047820796,484
-7.6926,53.28823,2021/02/01 00:00:00+00,Mon 01 Feb 2021,1034,8332,1,158216,58687,6,158222,58693,3.29730902388841,1.22314822552542,485
-7.6926,53.28823,2021/02/02 00:00:00+00,Tue 02 Feb 2021,841,5109,0,159057,63796,6,159063,63802,3.31483526479733,1.32961857606482,486
-7.6926,53.28823,2021/02/03 00:00:00+00,Wed 03 Feb 2021,1409,6868,0,160466,70664,6,160472,70670,3.34419849124282,1.47274607019374,487
-7.6926,53.28823,2021/02/04 00:00:00+00,Thu 04 Feb 2021,1452,10540,1,161918,81204,7,161925,81211,3.37447866727213,1.69241801480832,488
-7.6926,53.28823,2021/02/05 00:00:00+00,Fri 05 Feb 2021,3401,8616,0,165319,89820,7,165326,89827,3.44535470214873,1.87197341513079,489
-7.6926,53.28823,2021/02/06 00:00:00+00,Sat 06 Feb 2021,909,3869,0,166228,93689,7,166235,93696,3.46429804695991,1.9526024592171,490
-7.6926,53.28823,2021/02/07 00:00:00+00,Sun 07 Feb 2021,336,1301,2,166564,94990,9,166573,94999,3.4713418869447,1.97975667075612,491
-7.6926,53.28823,2021/02/08 00:00:00+00,Mon 08 Feb 2021,1193,881,0,167757,95871,9,167766,95880,3.49620372452417,1.99811650219578,492
-7.6926,53.28823,2021/02/09 00:00:00+00,Tue 09 Feb 2021,4272,551,3,172029,96422,12,172041,96434,3.58529371249754,2.0096617310466,493
-7.6926,53.28823,2021/02/10 00:00:00+00,Wed 10 Feb 2021,8831,584,0,180860,97006,12,180872,97018,3.76932966192277,2.02183215279548,494
-7.6926,53.28823,2021/02/11 00:00:00+00,Thu 11 Feb 2021,6197,448,0,187057,97454,12,187069,97466,3.89847367489844,2.03116836673982,495
-7.6926,53.28823,2021/02/12 00:00:00+00,Fri 12 Feb 2021,4401,526,0,191458,97980,12,191470,97992,3.99018947304366,2.04213008221912,496
-7.6926,53.28823,2021/02/13 00:00:00+00,Sat 13 Feb 2021,1217,1917,0,192675,99897,12,192687,99909,4.01555146494158,2.08207990840507,497
-7.6926,53.28823,2021/02/14 00:00:00+00,Sun 14 Feb 2021,2704,27,0,195379,99924,12,195391,99936,4.07190218481994,2.08264258201333,498
-7.6926,53.28823,2021/02/15 00:00:00+00,Mon 15 Feb 2021,1967,7892,0,197346,107816,12,197358,107828,4.11289399916933,2.24710999372931,499
-7.6926,53.28823,2021/02/16 00:00:00+00,Tue 16 Feb 2021,5659,8164,0,203005,115980,12,203017,115992,4.23082621950648,2.41724582105437,500
-7.6926,53.28823,2021/02/17 00:00:00+00,Wed 17 Feb 2021,9755,8465,0,212760,124445,12,212772,124457,4.43411811019192,2.59365441712328,501
-7.6926,53.28823,2021/02/18 00:00:00+00,Thu 18 Feb 2021,8471,8357,1,221231,132802,13,221244,132815,4.61067258460371,2.76783315852245,502
-7.6926,53.28823,2021/02/19 00:00:00+00,Fri 19 Feb 2021,9400,6588,1,230631,139390,14,230645,139404,4.80658719909205,2.90514635869942,503
-7.6926,53.28823,2021/02/20 00:00:00+00,Sat 20 Feb 2021,5897,3574,2,236528,142964,16,236544,142980,4.92952096261367,2.97966935214803,504
-7.6926,53.28823,2021/02/21 00:00:00+00,Sun 21 Feb 2021,1116,1025,6,237644,143989,22,237666,144011,4.95290317700107,3.00115514807798,505
-7.6926,53.28823,2021/02/22 00:00:00+00,Mon 22 Feb 2021,3953,1123,1,241597,145112,23,241620,145135,5.03530360096521,3.02457904199191,506
-7.6926,53.28823,2021/02/23 00:00:00+00,Tue 23 Feb 2021,13369,1073,1,254966,146185,24,254990,146209,5.31393123586673,3.04696094774242,507
-7.6926,53.28823,2021/02/24 00:00:00+00,Wed 24 Feb 2021,16948,2108,5,271914,148293,29,271943,148322,5.66722774255974,3.09099536752902,508
-7.6926,53.28823,2021/02/25 00:00:00+00,Thu 25 Feb 2021,18105,1762,3,290019,150055,32,290051,150087,6.044594175828,3.12777754969815,509
-7.6926,53.28823,2021/02/26 00:00:00+00,Fri 26 Feb 2021,16086,2772,0,306105,152827,32,306137,152859,6.3798226077671,3.18554537347878,510
-7.6926,53.28823,2021/02/27 00:00:00+00,Sat 27 Feb 2021,9006,706,1,315111,153533,33,315144,153566,6.56752635552761,3.20027908610969,511
-7.6926,53.28823,2021/02/28 00:00:00+00,Sun 28 Feb 2021,2450,59,2,317561,153592,35,317596,153627,6.61862545506228,3.20155031166908,512
-7.6926,53.28823,2021/03/01 00:00:00+00,Mon 01 Mar 2021,5612,802,0,323173,154394,35,323208,154429,6.7355782065258,3.21826380181052,513
-7.6926,53.28823,2021/03/02 00:00:00+00,Tue 02 Mar 2021,12196,1615,0,335369,156009,35,335404,156044,6.98973995934996,3.25192001948935,514
-7.6926,53.28823,2021/03/03 00:00:00+00,Wed 03 Mar 2021,12915,1510,1,348284,157519,36,348320,157555,7.25890634172752,3.28340890178824,515
-7.6926,53.28823,2021/03/04 00:00:00+00,Thu 04 Mar 2021,18732,1695,5,367016,159214,41,367057,159255,7.64938098609175,3.3188364993449,516
-7.6926,53.28823,2021/03/05 00:00:00+00,Fri 05 Mar 2021,18461,2403,6,385477,161617,47,385524,161664,8.03422889437345,3.36903948905902,517
-7.6926,53.28823,2021/03/06 00:00:00+00,Sat 06 Mar 2021,10410,148,5,395887,161765,52,395939,161817,8.25127502881618,3.37222797283912,518
-7.6926,53.28823,2021/03/07 00:00:00+00,Sun 07 Mar 2021,1533,14,3,397420,161779,55,397475,161834,8.28328490519679,3.37258224881469,519
-7.6926,53.28823,2021/03/08 00:00:00+00,Mon 08 Mar 2021,6681,1505,5,404101,163284,60,404161,163344,8.42261956241082,3.40405029135031,520
-7.6926,53.28823,2021/03/09 00:00:00+00,Tue 09 Mar 2021,13850,3111,6,417951,166395,66,418017,166461,8.71137532226089,3.46900783345861,521
-7.6926,53.28823,2021/03/10 00:00:00+00,Wed 10 Mar 2021,13751,3994,3,431702,170389,69,431771,170458,8.99800542625756,3.55230436724331,522
-7.6926,53.28823,2021/03/11 00:00:00+00,Thu 11 Mar 2021,18499,2106,3,450201,172495,72,450273,172567,9.38358272625366,3.59625542797684,523
-7.6926,53.28823,2021/03/12 00:00:00+00,Fri 12 Mar 2021,17342,1348,4,467543,173843,76,467619,173919,9.74506925991123,3.62443078791602,524
-7.6926,53.28823,2021/03/13 00:00:00+00,Sat 13 Mar 2021,8322,178,0,475865,174021,76,475941,174097,9.91849776983273,3.62814026577784,525
-7.6926,53.28823,2021/03/14 00:00:00+00,Sun 14 Mar 2021,389,22,2,476254,174043,78,476332,174121,9.92664611727077,3.62864042009628,526
-7.6926,53.28823,2021/03/15 00:00:00+00,Mon 15 Mar 2021,2671,1000,0,478925,175043,78,479003,175121,9.98230912496126,3.64948018336491,527
-7.6926,53.28823,2021/03/16 00:00:00+00,Tue 16 Mar 2021,8963,3827,2,487888,178870,80,487968,178950,10.1691376026645,3.72927563692047,528
-7.6926,53.28823,2021/03/17 00:00:00+00,Wed 17 Mar 2021,4894,2423,7,492782,181293,87,492869,181380,10.271273282444,3.77991626166323,529
-7.6926,53.28823,2021/03/18 00:00:00+00,Thu 18 Mar 2021,11741,4688,5,504523,185981,92,504615,186073,10.5160571417973,3.87771727068289,530
-7.6926,53.28823,2021/03/19 00:00:00+00,Fri 19 Mar 2021,10387,6138,2,514910,192119,94,515004,192213,10.732561442395,4.00567341715225,531
-7.6926,53.28823,2021/03/20 00:00:00+00,Sat 20 Mar 2021,5258,3125,4,520168,195244,98,520266,195342,10.8422202767145,4.07088103641978,532
-7.6926,53.28823,2021/03/21 00:00:00+00,Sun 21 Mar 2021,3651,56,3,523819,195300,101,523920,195401,10.9183687716981,4.07211058245263,533
-7.6926,53.28823,2021/03/22 00:00:00+00,Mon 22 Mar 2021,7426,2414,1,531245,197714,102,531347,197816,11.0731456934942,4.12243861074636,534
-7.6926,53.28823,2021/03/23 00:00:00+00,Tue 23 Mar 2021,12571,7402,4,543816,205116,106,543922,205222,11.3352057165971,4.2767778975138,535
-7.6926,53.28823,2021/03/24 00:00:00+00,Wed 24 Mar 2021,13641,9784,2,557457,214900,108,557565,215008,11.619522606871,4.48071582086056,536
-7.6926,53.28823,2021/03/25 00:00:00+00,Thu 25 Mar 2021,20880,10226,3,578337,225126,111,578448,225237,12.0547193832097,4.69388575933533,537
-7.6926,53.28823,2021/03/26 00:00:00+00,Fri 26 Mar 2021,19710,9503,1,598047,234629,112,598159,234741,12.4654919569976,4.89194686944034,538
-7.6926,53.28823,2021/03/27 00:00:00+00,Sat 27 Mar 2021,11764,5362,3,609811,239991,115,609926,240106,12.7107134513795,5.00375219937652,539
-7.6926,53.28823,2021/03/28 00:00:00+00,Sun 28 Mar 2021,2495,487,0,612306,240478,115,612421,240593,12.7627086607347,5.01390116408834,540
-7.6926,53.28823,2021/03/28 23:00:00+00,Mon 29 Mar 2021,9287,3128,3,621593,243606,118,621711,243724,12.9563100615002,5.0791504628824,541
-7.6926,53.28823,2021/03/29 23:00:00+00,Tue 30 Mar 2021,13344,8675,4,634937,252281,122,635059,252403,13.2344792216098,5.2600187682908,542
-7.6926,53.28823,2021/03/30 23:00:00+00,Wed 31 Mar 2021,15841,10505,4,650778,262786,126,650904,262912,13.5646852706012,5.47902384048078,543
-7.6926,53.28823,2021/03/31 23:00:00+00,Thu 01 Apr 2021,19710,11581,9,670488,274367,135,670623,274502,13.9756245624952,5.72055669676415,544
-7.6926,53.28823,2021/04/01 23:00:00+00,Fri 02 Apr 2021,20157,13726,9,690645,288093,144,690789,288237,14.3958792285703,6.00679084525871,545
-7.6926,53.28823,2021/04/02 23:00:00+00,Sat 03 Apr 2021,7552,4639,7,698197,292732,151,698348,292883,14.5534069991179,6.10361238540475,546
-7.6926,53.28823,2021/04/03 23:00:00+00,Sun 04 Apr 2021,3045,171,3,701242,292903,154,701396,293057,14.6169265975606,6.10723850421349,547
-7.6926,53.28823,2021/04/04 23:00:00+00,Mon 05 Apr 2021,3446,613,5,704688,293516,159,704847,293675,14.6888446206006,6.1201174779135,548
-7.6926,53.28823,2021/04/05 23:00:00+00,Tue 06 Apr 2021,12007,8154,12,716695,301670,171,716866,301841,14.9393177353263,6.29029498476509,549
-7.6926,53.28823,2021/04/06 23:00:00+00,Wed 07 Apr 2021,18375,10488,12,735070,312158,183,735253,312341,15.3224984625465,6.50911249908565,550
-7.6926,53.28823,2021/04/07 23:00:00+00,Thu 08 Apr 2021,20194,10568,17,755264,322726,200,755464,322926,15.7436909179686,6.72970139328405,551
-7.6926,53.28823,2021/04/08 23:00:00+00,Fri 09 Apr 2021,20682,9166,16,775946,331892,216,776162,332108,16.1750323381027,6.92105209961657,552
-7.6926,53.28823,2021/04/09 23:00:00+00,Sat 10 Apr 2021,11185,4182,12,787131,336074,228,787359,336302,16.4083751674215,7.00845406676518,553
-7.6926,53.28823,2021/04/10 23:00:00+00,Sun 11 Apr 2021,2868,367,9,789999,336441,237,790236,336678,16.4683311663453,7.01628981775419,554
-7.6926,53.28823,2021/04/11 23:00:00+00,Mon 12 Apr 2021,7786,2803,13,797785,339244,250,798035,339494,16.6308604800773,7.07497459111864,555
-7.6926,53.28823,2021/04/12 23:00:00+00,Tue 13 Apr 2021,11525,8592,1,809310,347836,251,809561,348087,16.8710595915115,7.25405067688593,556
-7.6926,53.28823,2021/04/13 23:00:00+00,Wed 14 Apr 2021,20351,6595,2,829661,354431,253,829914,354684,17.2952112933178,7.39153059516905,557
-7.6926,53.28823,2021/04/14 23:00:00+00,Thu 15 Apr 2021,27110,10817,1,856771,365248,254,857025,365502,17.8601981152935,7.61697515420904,558
-7.6926,53.28823,2021/04/15 23:00:00+00,Fri 16 Apr 2021,27967,9840,1,884738,375088,255,884993,375343,18.4430446143904,7.82205926453558,559
-7.6926,53.28823,2021/04/16 23:00:00+00,Sat 17 Apr 2021,15855,4562,3,900593,379650,258,900851,379908,18.7735215803043,7.91719278385685,560
-7.6926,53.28823,2021/04/17 23:00:00+00,Sun 18 Apr 2021,1076,486,0,901669,380136,258,901927,380394,18.7959451655813,7.92732090880541,561
-7.6926,53.28823,2021/04/18 23:00:00+00,Mon 19 Apr 2021,6755,2264,0,908424,382400,258,908682,382658,18.9367177664609,7.97450213284557,562
-7.6926,53.28823,2022/03/26 00:00:00+00,Sat 26 Mar 2022,874,1848,1,3837747,3778552,241003,4078750,4019555,85.0001844319049,83.7665746452187,563
-7.6926,53.28823,2022/03/27 00:00:00+00,Sun 27 Mar 2022,380,803,0,3838127,3779355,241003,4079130,4020358,85.008103541947,83.7833089751234,564
-7.6926,53.28823,2022/03/27 23:00:00+00,Mon 28 Mar 2022,44,53,1,3838171,3779408,241004,4079175,4020412,85.0090413312941,83.7844343223399,565
-7.6926,53.28823,2022/03/28 23:00:00+00,Tue 29 Mar 2022,137,193,3,3838308,3779601,241007,4079315,4020608,85.0119588981517,83.7885189159405,566
-7.6926,53.28823,2022/03/29 23:00:00+00,Wed 30 Mar 2022,109,135,0,3838417,3779736,241007,4079424,4020743,85.014230432348,83.7913322839818,567
-7.6926,53.28823,2022/03/30 23:00:00+00,Thu 31 Mar 2022,227,359,0,3838644,3780095,241007,4079651,4021102,85.01896105861,83.7988137589952,568
-7.6926,53.28823,2022/03/31 23:00:00+00,Fri 01 Apr 2022,306,905,0,3838950,3781000,241007,4079957,4022007,85.0253380261702,83.8176737447533,569
-7.6926,53.28823,2022/04/01 23:00:00+00,Sat 02 Apr 2022,729,1538,1,3839679,3782538,241008,4080687,4023546,85.0405510533563,83.8497461404237,570
-7.6926,53.28823,2022/04/02 23:00:00+00,Sun 03 Apr 2022,538,815,0,3840217,3783353,241008,4081225,4024361,85.0517628459948,83.8667305474877,571
-7.6926,53.28823,2022/04/03 23:00:00+00,Mon 04 Apr 2022,50,51,0,3840267,3783404,241008,4081275,4024412,85.0528048341582,83.8677933754144,572
-7.6926,53.28823,2022/04/04 23:00:00+00,Tue 05 Apr 2022,130,169,0,3840397,3783573,241008,4081405,4024581,85.0555140033831,83.8713152954068,573
-7.6926,53.28823,2022/04/05 23:00:00+00,Wed 06 Apr 2022,158,210,0,3840555,3783783,241008,4081563,4024791,85.0588066859796,83.8756916456932,574
-7.6926,53.28823,2022/04/06 23:00:00+00,Thu 07 Apr 2022,117,177,0,3840672,3783960,241008,4081680,4024968,85.061244938282,83.8793802837917,575
-7.6926,53.28823,2022/04/07 23:00:00+00,Fri 08 Apr 2022,256,422,2,3840928,3784382,241010,4081938,4025392,85.0666215972053,83.8882163434176,576
-7.6926,53.28823,2022/04/08 23:00:00+00,Sat 09 Apr 2022,558,1018,0,3841486,3785400,241010,4082496,4026410,85.0782501851092,83.9094312224251,577
-7.6926,53.28823,2022/04/09 23:00:00+00,Sun 10 Apr 2022,413,719,0,3841899,3786119,241010,4082909,4027129,85.0868570073391,83.9244150122152,578
-7.6926,53.28823,2022/04/10 23:00:00+00,Mon 11 Apr 2022,70,93,1,3841969,3786212,241011,4082980,4027223,85.0883366305312,83.9263739499625,579
-7.6926,53.28823,2022/04/11 23:00:00+00,Tue 12 Apr 2022,197,178,0,3842166,3786390,241011,4083177,4027401,85.0924420638951,83.9300834278243,580
-7.6926,53.28823,2022/04/12 23:00:00+00,Wed 13 Apr 2022,142,234,0,3842308,3786624,241011,4083319,4027635,85.0954013102793,83.9349599324292,581
-7.6926,53.28823,2022/04/13 23:00:00+00,Thu 14 Apr 2022,359,431,0,3842667,3787055,241011,4083678,4028066,85.1028827852927,83.9439418703979,582
-7.6926,53.28823,2022/04/14 23:00:00+00,Fri 15 Apr 2022,445,990,0,3843112,3788045,241011,4084123,4029056,85.1121564799473,83.9645732360339,583
-7.6926,53.28823,2022/04/15 23:00:00+00,Sat 16 Apr 2022,43,88,0,3843155,3788133,241011,4084166,4029144,85.1130525897678,83.9664071352015,584
-7.6926,53.28823,2022/04/16 23:00:00+00,Sun 17 Apr 2022,1,1,0,3843156,3788134,241011,4084167,4029145,85.1130734295311,83.9664279749648,585
-7.6926,53.28823,2022/04/17 23:00:00+00,Mon 18 Apr 2022,36,62,1,3843192,3788196,241012,4084204,4029208,85.113844500772,83.9677408800507,586
-7.6926,53.28823,2022/04/18 23:00:00+00,Tue 19 Apr 2022,218,270,1,3843410,3788466,241013,4084423,4029479,85.1184084089278,83.9733884558965,587
-7.6926,53.28823,2022/04/19 23:00:00+00,Wed 20 Apr 2022,250,607,0,3843660,3789073,241013,4084673,4030086,85.123618349745,83.9860381922006,588
-7.6926,53.28823,2022/04/20 23:00:00+00,Thu 21 Apr 2022,170,236,0,3843830,3789309,241013,4084843,4030322,85.1271611095007,83.990956376332,589
-7.6926,53.28823,2022/04/21 23:00:00+00,Fri 22 Apr 2022,194,254,0,3844024,3789563,241013,4085037,4030576,85.1312040235748,83.9962496762022,590
-7.6926,53.28823,2022/04/22 23:00:00+00,Sat 23 Apr 2022,322,1010,0,3844346,3790573,241013,4085359,4031586,85.1379144273473,84.0172978371035,591
-7.6926,53.28823,2022/04/23 23:00:00+00,Sun 24 Apr 2022,181,252,0,3844527,3790825,241013,4085540,4031838,85.1416864244989,84.0225494574472,592
-7.6926,53.28823,2022/04/24 23:00:00+00,Mon 25 Apr 2022,41,59,1,3844568,3790884,241014,4085582,4031898,85.1425616945562,84.0237998432433,593
-7.6926,53.28823,2022/04/25 23:00:00+00,Tue 26 Apr 2022,144,238,0,3844712,3791122,241014,4085726,4032136,85.1455626204668,84.0287597069012,594
-7.6926,53.28823,2022/04/26 23:00:00+00,Wed 27 Apr 2022,122,208,0,3844834,3791330,241014,4085848,4032344,85.1481050715856,84.0330943776611,595
-7.6926,53.28823,2022/04/27 23:00:00+00,Thu 28 Apr 2022,101,130,0,3844935,3791460,241014,4085949,4032474,85.1502098876758,84.035803546886,596
-7.6926,53.28823,2022/04/28 23:00:00+00,Fri 29 Apr 2022,168,222,0,3845103,3791682,241014,4086117,4032696,85.1537109679049,84.0404299743317,597
-7.6926,53.28823,2022/04/29 23:00:00+00,Sat 30 Apr 2022,281,723,0,3845384,3792405,241014,4086398,4033419,85.1595669413834,84.0554971231749,598
-7.6926,53.28823,2022/04/30 23:00:00+00,Sun 01 May 2022,187,746,0,3845571,3793151,241014,4086585,4034165,85.1634639771146,84.0710435865733,599
-7.6926,53.28823,2022/05/01 23:00:00+00,Mon 02 May 2022,12,26,0,3845583,3793177,241014,4086597,4034191,85.1637140542738,84.0715854204183,600
-7.6926,53.28823,2022/05/02 23:00:00+00,Tue 03 May 2022,96,118,0,3845679,3793295,241014,4086693,4034309,85.1657146715476,84.074044512484,601
-7.6926,53.28823,2022/05/03 23:00:00+00,Wed 04 May 2022,113,128,0,3845792,3793423,241014,4086806,4034437,85.168069564797,84.0767120021823,602
-7.6926,53.28823,2022/05/04 23:00:00+00,Thu 05 May 2022,112,165,0,3845904,3793588,241014,4086918,4034602,85.170403618283,84.0801505631217,603
-7.6926,53.28823,2022/05/05 23:00:00+00,Fri 06 May 2022,138,257,0,3846042,3793845,241014,4087056,4034859,85.1732795056141,84.0855063822817,604
-7.6926,53.28823,2022/05/06 23:00:00+00,Sat 07 May 2022,441,1088,0,3846483,3794933,241014,4087497,4035947,85.1824698412156,84.108180044718,605
-7.6926,53.28823,2022/05/07 23:00:00+00,Sun 08 May 2022,274,437,0,3846757,3795370,241014,4087771,4036384,85.1881799363512,84.1172870212663,606
-7.6926,53.28823,2022/05/08 23:00:00+00,Mon 09 May 2022,23,32,0,3846780,3795402,241014,4087794,4036416,85.1886592509064,84.1179538936909,607
-7.6926,53.28823,2022/05/09 23:00:00+00,Tue 10 May 2022,80,98,1,3846860,3795500,241015,4087875,4036515,85.1903472717311,84.1200170302545,608
-7.6926,53.28823,2022/05/10 23:00:00+00,Wed 11 May 2022,112,132,0,3846972,3795632,241015,4087987,4036647,85.1926813252172,84.122767879006,609
-7.6926,53.28823,2022/05/11 23:00:00+00,Thu 12 May 2022,207,398,0,3847179,3796030,241015,4088194,4037045,85.1969951562138,84.1310621047869,610
-7.6926,53.28823,2022/05/12 23:00:00+00,Fri 13 May 2022,173,327,0,3847352,3796357,241015,4088367,4037372,85.2006004352593,84.1378767073758,611
-7.6926,53.28823,2022/05/13 23:00:00+00,Sat 14 May 2022,333,633,0,3847685,3796990,241015,4088700,4038005,85.2075400764277,84.1510682775248,612
-7.6926,53.28823,2022/05/14 23:00:00+00,Sun 15 May 2022,168,254,0,3847853,3797244,241015,4088868,4038259,85.2110411566569,84.156361577395,613
-7.6926,53.28823,2022/05/15 23:00:00+00,Mon 16 May 2022,31,41,0,3847884,3797285,241015,4088899,4038300,85.2116871893182,84.157216007689,614
-7.6926,53.28823,2022/05/16 23:00:00+00,Tue 17 May 2022,97,100,0,3847981,3797385,241015,4088996,4038400,85.2137086463553,84.1592999840159,615
-7.6926,53.28823,2022/05/17 23:00:00+00,Wed 18 May 2022,96,122,0,3848077,3797507,241015,4089092,4038522,85.2157092636291,84.1618424351347,616
-7.6926,53.28823,2022/05/18 23:00:00+00,Thu 19 May 2022,75,106,0,3848152,3797613,241015,4089167,4038628,85.2172722458742,84.1640514500411,617
-7.6926,53.28823,2022/05/19 23:00:00+00,Fri 20 May 2022,125,208,0,3848277,3797821,241015,4089292,4038836,85.2198772162828,84.168386120801,618
-7.6926,53.28823,2022/05/20 23:00:00+00,Sat 21 May 2022,392,762,0,3848669,3798583,241015,4089684,4039598,85.2280464034841,84.1842660204117,619
-7.6926,53.28823,2022/05/21 23:00:00+00,Sun 22 May 2022,234,409,0,3848903,3798992,241015,4089918,4040007,85.2329229080889,84.1927894835886,620
-7.6926,53.28823,2022/05/22 23:00:00+00,Mon 23 May 2022,26,35,0,3848929,3799027,241015,4089944,4040042,85.2334647419339,84.193518875303,621
-7.6926,53.28823,2022/05/23 23:00:00+00,Tue 24 May 2022,64,83,0,3848993,3799110,241015,4090008,4040125,85.2347984867831,84.1952485756543,622
-7.6926,53.28823,2022/05/24 23:00:00+00,Wed 25 May 2022,85,134,1,3849078,3799244,241016,4090094,4040260,85.2365907064242,84.1980619436955,623
-7.6926,53.28823,2022/05/25 23:00:00+00,Thu 26 May 2022,98,155,0,3849176,3799399,241016,4090192,4040415,85.2386330032245,84.2012921070022,624
-7.6926,53.28823,2022/05/26 23:00:00+00,Fri 27 May 2022,95,152,0,3849271,3799551,241016,4090287,4040567,85.2406127807351,84.204459751019,625
-7.6926,53.28823,2022/05/27 23:00:00+00,Sat 28 May 2022,334,580,0,3849605,3800131,241016,4090621,4041147,85.2475732616668,84.2165468137148,626
-7.6926,53.28823,2022/05/28 23:00:00+00,Sun 29 May 2022,182,349,0,3849787,3800480,241016,4090803,4041496,85.2513660985817,84.2238198910956,627
-7.6926,53.28823,2022/05/29 23:00:00+00,Mon 30 May 2022,8,23,0,3849795,3800503,241016,4090811,4041519,85.2515328166878,84.2242992056507,628
-7.6926,53.28823,2022/05/30 23:00:00+00,Tue 31 May 2022,65,79,1,3849860,3800582,241017,4090877,4041599,85.2529082410635,84.2259663867122,629
-7.6926,53.28823,2022/05/31 23:00:00+00,Wed 01 Jun 2022,67,102,1,3849927,3800684,241018,4090945,4041702,85.2543253449658,84.2281128823289,630
-7.6926,53.28823,2022/06/01 23:00:00+00,Thu 02 Jun 2022,91,138,0,3850018,3800822,241018,4091036,4041840,85.2562217634233,84.23098876966,631
-7.6926,53.28823,2022/06/02 23:00:00+00,Fri 03 Jun 2022,60,143,0,3850078,3800965,241018,4091096,4041983,85.2574721492194,84.2339688558074,632
-7.6926,53.28823,2022/06/03 23:00:00+00,Sat 04 Jun 2022,305,607,0,3850383,3801572,241018,4091401,4042590,85.2638282770163,84.2466185921114,633
-7.6926,53.28823,2022/06/04 23:00:00+00,Sun 05 Jun 2022,143,273,0,3850526,3801845,241018,4091544,4042863,85.2668083631637,84.2523078474838,634
-7.6926,53.28823,2022/06/05 23:00:00+00,Mon 06 Jun 2022,4,7,1,3850530,3801852,241019,4091549,4042871,85.2669125619801,84.2524745655899,635
-7.6926,53.28823,2022/06/06 23:00:00+00,Tue 07 Jun 2022,29,50,0,3850559,3801902,241019,4091578,4042921,85.2675169151149,84.2535165537534,636
-7.6926,53.28823,2022/06/07 23:00:00+00,Wed 08 Jun 2022,36,76,0,3850595,3801978,241019,4091614,4042997,85.2682671465925,84.2551003757618,637
-7.6926,53.28823,2022/06/08 23:00:00+00,Thu 09 Jun 2022,73,122,0,3850668,3802100,241019,4091687,4043119,85.2697884493111,84.2576428268805,638
-7.6926,53.28823,2022/06/09 23:00:00+00,Fri 10 Jun 2022,56,108,0,3850724,3802208,241019,4091743,4043227,85.2709554760542,84.2598935213136,639
-7.6926,53.28823,2022/06/10 23:00:00+00,Sat 11 Jun 2022,189,561,0,3850913,3802769,241019,4091932,4043788,85.2748941913119,84.2715846285073,640
-7.6926,53.28823,2022/06/11 23:00:00+00,Sun 12 Jun 2022,143,288,0,3851056,3803057,241019,4092075,4044076,85.2778742774593,84.2775864803286,641
-7.6926,53.28823,2022/06/12 23:00:00+00,Mon 13 Jun 2022,17,44,0,3851073,3803101,241019,4092092,4044120,85.2782285534349,84.2785034299124,642
-7.6926,53.28823,2022/06/13 23:00:00+00,Tue 14 Jun 2022,37,55,0,3851110,3803156,241019,4092129,4044175,85.2789996246759,84.2796496168922,643
-7.6926,53.28823,2022/06/14 23:00:00+00,Wed 15 Jun 2022,66,123,0,3851176,3803279,241019,4092195,4044298,85.2803750490516,84.2822129077743,644
-7.6926,53.28823,2022/06/15 23:00:00+00,Thu 16 Jun 2022,42,85,0,3851218,3803364,241019,4092237,4044383,85.2812503191089,84.2839842876521,645
-7.6926,53.28823,2022/06/16 23:00:00+00,Fri 17 Jun 2022,57,95,0,3851275,3803459,241019,4092294,4044478,85.2824381856152,84.2859640651626,646
-7.6926,53.28823,2022/06/17 23:00:00+00,Sat 18 Jun 2022,223,488,0,3851498,3803947,241019,4092517,4044966,85.2870854528241,84.2961338696377,647
-7.6926,53.28823,2022/06/18 23:00:00+00,Sun 19 Jun 2022,80,129,0,3851578,3804076,241019,4092597,4045095,85.2887526338856,84.2988221990993,648
-7.6926,53.28823,2022/06/19 23:00:00+00,Mon 20 Jun 2022,9,28,0,3851587,3804104,241019,4092606,4045123,85.288940191755,84.2994057124709,649
-7.6926,53.28823,2022/06/20 23:00:00+00,Tue 21 Jun 2022,74,169,1,3851661,3804273,241020,4092681,4045293,85.2905031740001,84.3029484722265,650
-7.6926,53.28823,2022/06/21 23:00:00+00,Wed 22 Jun 2022,60,93,0,3851721,3804366,241020,4092741,4045386,85.2917535597963,84.3048865702105,651
-7.6926,53.28823,2022/06/22 23:00:00+00,Thu 23 Jun 2022,64,114,0,3851785,3804480,241020,4092805,4045500,85.2930873046455,84.3072623032231,652
-7.6926,53.28823,2022/06/23 23:00:00+00,Fri 24 Jun 2022,55,93,1,3851840,3804573,241021,4092861,4045594,85.2942543313885,84.3092212409704,653
-7.6926,53.28823,2022/06/24 23:00:00+00,Sat 25 Jun 2022,210,293,0,3852050,3804866,241021,4093071,4045887,85.2986306816749,84.3153272916081,654
-7.6926,53.28823,2022/06/25 23:00:00+00,Sun 26 Jun 2022,174,402,0,3852224,3805268,241021,4093245,4046289,85.3022568004836,84.3237048764421,655
-7.6926,53.28823,2022/06/26 23:00:00+00,Mon 27 Jun 2022,4,33,0,3852228,3805301,241021,4093249,4046322,85.3023401595367,84.3243925886299,656
-7.6926,53.28823,2022/06/27 23:00:00+00,Tue 28 Jun 2022,48,60,0,3852276,3805361,241021,4093297,4046382,85.3033404681736,84.3256429744261,657
-7.6926,53.28823,2022/06/28 23:00:00+00,Wed 29 Jun 2022,63,81,3,3852339,3805442,241024,4093363,4046466,85.3047158925493,84.3273935145406,658
-7.6926,53.28823,2022/06/29 23:00:00+00,Thu 30 Jun 2022,49,88,0,3852388,3805530,241024,4093412,4046554,85.3057370409495,84.3292274137083,659
-7.6926,53.28823,2022/06/30 23:00:00+00,Fri 01 Jul 2022,46,64,0,3852434,3805594,241024,4093458,4046618,85.3066956700599,84.3305611585575,660
-7.6926,53.28823,2022/07/01 23:00:00+00,Sat 02 Jul 2022,182,228,0,3852616,3805822,241024,4093640,4046846,85.3104885069748,84.3353126245827,661
-7.6926,53.28823,2022/07/02 23:00:00+00,Sun 03 Jul 2022,108,273,0,3852724,3806095,241024,4093748,4047119,85.3127392014078,84.341001879955,662
-7.6926,53.28823,2022/07/03 23:00:00+00,Mon 04 Jul 2022,13,15,0,3852737,3806110,241024,4093761,4047134,85.3130101183303,84.3413144764041,663
-7.6926,53.28823,2022/07/04 23:00:00+00,Tue 05 Jul 2022,51,69,0,3852788,3806179,241024,4093812,4047203,85.314072946257,84.3427524200696,664
-7.6926,53.28823,2022/07/05 23:00:00+00,Wed 06 Jul 2022,60,83,0,3852848,3806262,241024,4093872,4047286,85.3153233320531,84.3444821204209,665
-7.6926,53.28823,2022/07/06 23:00:00+00,Thu 07 Jul 2022,76,76,0,3852924,3806338,241024,4093948,4047362,85.3169071540615,84.3460659424293,666
-7.6926,53.28823,2022/07/07 23:00:00+00,Fri 08 Jul 2022,99,90,0,3853023,3806428,241024,4094047,4047452,85.3189702906251,84.3479415211235,667
-7.6926,53.28823,2022/07/08 23:00:00+00,Sat 09 Jul 2022,119,143,0,3853142,3806571,241024,4094166,4047595,85.321450222454,84.3509216072709,668
-7.6926,53.28823,2022/07/09 23:00:00+00,Sun 10 Jul 2022,132,219,0,3853274,3806790,241024,4094298,4047814,85.3242010712055,84.3554855154267,669
-7.6926,53.28823,2022/07/10 23:00:00+00,Mon 11 Jul 2022,11,16,0,3853285,3806806,241024,4094309,4047830,85.3244303086015,84.355818951639,670
-7.6926,53.28823,2022/07/11 23:00:00+00,Tue 12 Jul 2022,43,81,0,3853328,3806887,241024,4094352,4047911,85.325326418422,84.3575069724638,671
-7.6926,53.28823,2022/07/12 23:00:00+00,Wed 13 Jul 2022,99,74,0,3853427,3806961,241024,4094451,4047985,85.3273895549856,84.3590491149457,672
-7.6926,53.28823,2022/07/13 23:00:00+00,Thu 14 Jul 2022,71,39,0,3853498,3807000,241024,4094522,4048024,85.3288691781777,84.3598618657131,673
-7.6926,53.28823,2022/07/14 23:00:00+00,Fri 15 Jul 2022,80,118,1,3853578,3807118,241025,4094603,4048143,85.3305571990024,84.3623417975421,674
-7.6926,53.28823,2022/07/15 23:00:00+00,Sat 16 Jul 2022,124,210,0,3853702,3807328,241025,4094727,4048353,85.3331413296478,84.3667181478285,675
