X,Y,VaccinationDate,VaccineText,Dose1,Dose2,SingleDose,Dose1Cum,Dose2Cum,SingleDoseCum,PartiallyVacc,FullyVacc,PartialPercent,FullyPercent,ObjectId
-7.6926,53.28823,2021/04/12 23:00:00+00,Tue 13 Apr 2021,11368,8484,0,798554,344310,13,798567,344323,18.8875202399992,8.14384720580395,1
-7.6926,53.28823,2021/04/13 23:00:00+00,Wed 14 Apr 2021,20180,6502,1,818734,350812,14,818748,350826,19.3648365402764,8.29765464352767,2
-7.6926,53.28823,2021/04/14 23:00:00+00,Thu 15 Apr 2021,26941,10690,0,845675,361502,14,845689,361516,20.0020387822746,8.55049202769906,3
-7.6926,53.28823,2021/04/15 23:00:00+00,Fri 16 Apr 2021,27794,9739,1,873469,371241,15,873484,371256,20.6594396328867,8.78086023366999,4
-7.6926,53.28823,2021/04/16 23:00:00+00,Sat 17 Apr 2021,15689,4468,0,889158,375709,15,889173,375724,21.0305121979256,8.88653632651169,5
-7.6926,53.28823,2021/04/17 23:00:00+00,Sun 18 Apr 2021,978,427,0,890136,376136,15,890151,376151,21.0536436255888,8.89663563081863,6
-7.6926,53.28823,2021/04/18 23:00:00+00,Mon 19 Apr 2021,6610,2165,0,896746,378301,15,896761,378316,21.2099818023308,8.94784170534913,7
-7.6926,53.28823,2021/04/19 23:00:00+00,Tue 20 Apr 2021,14908,7214,0,911654,385515,15,911669,385530,21.5625823377122,9.11846554907339,8
-7.6926,53.28823,2021/04/20 23:00:00+00,Wed 21 Apr 2021,26508,9753,0,938162,395268,15,938177,395283,22.1895433648044,9.34914122800918,9
-7.6926,53.28823,2021/04/21 23:00:00+00,Thu 22 Apr 2021,31432,12065,0,969594,407333,15,969609,407348,22.9329656902744,9.6344997911549,10
-7.6926,53.28823,2021/04/22 23:00:00+00,Fri 23 Apr 2021,33391,12284,0,1002985,419617,15,1003000,419632,23.7227218263705,9.92503809116999,11
-7.6926,53.28823,2021/04/23 23:00:00+00,Sat 24 Apr 2021,23517,6918,0,1026502,426535,15,1026517,426550,24.278940419781,10.0886610120023,12
-7.6926,53.28823,2021/04/24 23:00:00+00,Sun 25 Apr 2021,9646,240,0,1036148,426775,15,1036163,426790,24.5070853596984,10.0943374359688,13
-7.6926,53.28823,2021/04/25 23:00:00+00,Mon 26 Apr 2021,15429,2934,0,1051577,429709,15,1051592,429724,24.8720084654403,10.1637317189584,14
-7.6926,53.28823,2021/04/26 23:00:00+00,Tue 27 Apr 2021,25733,7697,0,1077310,437406,15,1077325,437421,25.4806393734742,10.3457793659151,15
-7.6926,53.28823,2021/04/27 23:00:00+00,Wed 28 Apr 2021,25868,8479,0,1103178,445885,15,1103193,445900,26.0924632699892,10.5463226942957,16
-7.6926,53.28823,2021/04/28 23:00:00+00,Thu 29 Apr 2021,31523,11218,0,1134701,457103,15,1134716,457118,26.8380379062132,10.8116482111932,17
-7.6926,53.28823,2021/04/29 23:00:00+00,Fri 30 Apr 2021,35910,13430,0,1170611,470533,15,1170626,470548,27.6873728421902,11.129291435648,18
-7.6926,53.28823,2021/04/30 23:00:00+00,Sat 01 May 2021,16376,6578,0,1186987,477111,15,1187002,477126,28.0746941708329,11.2848727558613,19
-7.6926,53.28823,2021/05/01 23:00:00+00,Sun 02 May 2021,12308,856,0,1199295,477967,15,1199310,477982,28.3658001132447,11.3051186680082,20
-7.6926,53.28823,2021/05/02 23:00:00+00,Mon 03 May 2021,14095,837,0,1213390,478804,15,1213405,478819,28.6991717624398,11.3249151965911,21
-7.6926,53.28823,2021/05/03 23:00:00+00,Tue 04 May 2021,26435,6679,0,1239825,485483,15,1239840,485498,29.3244062105755,11.4828853452235,22
-7.6926,53.28823,2021/05/04 23:00:00+00,Wed 05 May 2021,31847,13309,61,1271672,498792,76,1271748,498868,30.0790867769123,11.7991094636867,23
-7.6926,53.28823,2021/05/05 23:00:00+00,Thu 06 May 2021,37048,14230,119,1308720,513022,195,1308915,513217,30.9581519834135,12.1384886615796,24
-7.6926,53.28823,2021/05/06 23:00:00+00,Fri 07 May 2021,40318,14936,81,1349038,527958,276,1349314,528234,31.9136596993293,12.4936672395125,25
-7.6926,53.28823,2021/05/07 23:00:00+00,Sat 08 May 2021,25379,6943,2,1374417,534901,278,1374695,535179,32.5139651855457,12.657928758041,26
-7.6926,53.28823,2021/05/08 23:00:00+00,Sun 09 May 2021,19537,856,0,1393954,535757,278,1394232,536035,32.9760497481796,12.6781746701879,27
-7.6926,53.28823,2021/05/09 23:00:00+00,Mon 10 May 2021,28588,4520,154,1422542,540277,432,1422974,540709,33.6558488216926,12.7887230269342,28
-7.6926,53.28823,2021/05/10 23:00:00+00,Tue 11 May 2021,34100,14697,141,1456642,554974,573,1457215,555547,34.4657089593365,13.1396679386587,29
-7.6926,53.28823,2021/05/11 23:00:00+00,Wed 12 May 2021,31021,20788,139,1487663,575762,712,1488375,576474,35.2026980043112,13.6346284567648,30
-7.6926,53.28823,2021/05/12 23:00:00+00,Thu 13 May 2021,35753,25349,131,1523416,601111,843,1524259,601954,36.0514179943586,14.2372754678674,31
-7.6926,53.28823,2021/05/13 23:00:00+00,Fri 14 May 2021,37959,27839,220,1561375,628950,1063,1562438,630013,36.9544187885849,14.9009203848426,32
-7.6926,53.28823,2021/05/14 23:00:00+00,Sat 15 May 2021,28604,12327,0,1589979,641277,1063,1591042,642340,37.6309539183172,15.1924757108184,33
-7.6926,53.28823,2021/05/15 23:00:00+00,Sun 16 May 2021,23004,1104,0,1612983,642381,1063,1614046,643444,38.1750391554995,15.2185872610639,34
-7.6926,53.28823,2021/05/16 23:00:00+00,Mon 17 May 2021,35165,3845,100,1648148,646226,1163,1649311,647389,39.0091187020667,15.3118934800121,35
-7.6926,53.28823,2021/05/17 23:00:00+00,Tue 18 May 2021,38770,12340,108,1686918,658566,1271,1688189,659837,39.9286520810953,15.6063106697376,36
-7.6926,53.28823,2021/05/18 23:00:00+00,Wed 19 May 2021,36754,17452,193,1723672,676018,1464,1725136,677482,40.8025138989606,16.0236460901028,37
-7.6926,53.28823,2021/05/19 23:00:00+00,Thu 20 May 2021,38794,19491,107,1762466,695509,1571,1764037,697080,41.7225912686193,16.4871734104949,38
-7.6926,53.28823,2021/05/20 23:00:00+00,Fri 21 May 2021,25566,23055,14908,1788032,718564,16479,1804511,735043,42.6798728670246,17.3850654231514,39
-7.6926,53.28823,2021/05/21 23:00:00+00,Sat 22 May 2021,16367,10125,13488,1804399,728689,29967,1834366,758656,43.3859963566819,17.9435545861485,40
-7.6926,53.28823,2021/05/22 23:00:00+00,Sun 23 May 2021,8058,5458,10188,1812457,734147,40155,1852612,774302,43.8175464887297,18.3136101252266,41
-7.6926,53.28823,2021/05/23 23:00:00+00,Mon 24 May 2021,22293,8079,8425,1834750,742226,48580,1883330,790806,44.5440814528996,18.7039588799848,42
-7.6926,53.28823,2021/05/24 23:00:00+00,Tue 25 May 2021,30044,16330,3205,1864794,758556,51785,1916579,810341,45.3304790381489,19.1659961390856,43
-7.6926,53.28823,2021/05/25 23:00:00+00,Wed 26 May 2021,19655,25250,3025,1884449,783806,54810,1939259,838616,45.8669011029765,19.8347498376306,44
-7.6926,53.28823,2021/05/26 23:00:00+00,Thu 27 May 2021,16710,35807,539,1901159,819613,55349,1956508,874962,46.2748704237971,20.6943969438133,45
-7.6926,53.28823,2021/05/27 23:00:00+00,Fri 28 May 2021,26737,31680,1513,1927896,851293,56862,1984758,908155,46.9430328281789,21.4794700301371,46
-7.6926,53.28823,2021/05/28 23:00:00+00,Sat 29 May 2021,24240,7280,493,1952136,858573,57355,2009491,915928,47.528011969686,21.6633152113498,47
-7.6926,53.28823,2021/05/29 23:00:00+00,Sun 30 May 2021,24071,1593,181,1976207,860166,57536,2033743,917702,48.1016146114937,21.7052734451683,48
-7.6926,53.28823,2021/05/30 23:00:00+00,Mon 31 May 2021,22265,7178,3409,1998472,867344,60945,2059417,928289,48.7088500653025,21.9556746973875,49
-7.6926,53.28823,2021/05/31 23:00:00+00,Tue 01 Jun 2021,27151,11320,3615,2025623,878664,64560,2090183,943224,49.4365203142657,22.3089138304651,50
-7.6926,53.28823,2021/06/01 23:00:00+00,Wed 02 Jun 2021,18354,20719,3968,2043977,899383,68528,2112505,967911,49.9644750466768,22.892804990712,51
-7.6926,53.28823,2021/06/02 23:00:00+00,Thu 03 Jun 2021,16411,30514,1951,2060388,929897,70479,2130867,1000376,50.3987687836417,23.6606595910042,52
-7.6926,53.28823,2021/06/03 23:00:00+00,Fri 04 Jun 2021,28706,23136,111,2089094,953033,70590,2159684,1023623,51.0803417396442,24.2104922074525,53
-7.6926,53.28823,2021/06/04 23:00:00+00,Sat 05 Jun 2021,20678,11332,1,2109772,964365,70591,2180363,1034956,51.5694366196517,24.4785376775006,54
-7.6926,53.28823,2021/06/05 23:00:00+00,Sun 06 Jun 2021,19731,3785,7,2129503,968150,70598,2200101,1038748,52.0362751873575,24.5682251761702,55
-7.6926,53.28823,2021/06/06 23:00:00+00,Mon 07 Jun 2021,19522,4372,0,2149025,972522,70598,2219623,1043120,52.4980049734935,24.6716306994253,56
-7.6926,53.28823,2021/06/07 23:00:00+00,Tue 08 Jun 2021,26250,18307,10,2175275,990829,70608,2245883,1061437,53.119100362487,25.1048601068965,57
-7.6926,53.28823,2021/06/08 23:00:00+00,Wed 09 Jun 2021,32571,19883,141,2207846,1010712,70749,2278595,1081461,53.8927969491113,25.578463079829,58
-7.6926,53.28823,2021/06/09 23:00:00+00,Thu 10 Jun 2021,27400,27271,234,2235246,1037983,70983,2306229,1108966,54.5463898653126,26.2290049181483,59
-7.6926,53.28823,2021/06/10 23:00:00+00,Fri 11 Jun 2021,26178,32684,0,2261424,1070667,70983,2332407,1141650,55.165545809451,27.0020392553099,60
-7.6926,53.28823,2021/06/11 23:00:00+00,Sat 12 Jun 2021,11940,19505,75,2273364,1090172,71058,2344422,1161230,55.4497217842703,27.4651408439045,61
-7.6926,53.28823,2021/06/12 23:00:00+00,Sun 13 Jun 2021,8395,18042,807,2281759,1108214,71865,2353624,1180079,55.6673653398499,27.910952991168,62
-7.6926,53.28823,2021/06/13 23:00:00+00,Mon 14 Jun 2021,15768,31053,9,2297527,1139267,71874,2369401,1211141,56.040519260343,28.6456241630231,63
-7.6926,53.28823,2021/06/14 23:00:00+00,Tue 15 Jun 2021,14411,41245,175,2311938,1180512,72049,2383987,1252561,56.3855039269028,29.6252803325628,64
-7.6926,53.28823,2021/06/15 23:00:00+00,Wed 16 Jun 2021,13147,48059,190,2325085,1228571,72239,2397324,1300810,56.7009475370706,30.7664544157139,65
-7.6926,53.28823,2021/06/16 23:00:00+00,Thu 17 Jun 2021,21264,42355,497,2346349,1270926,72736,2419085,1343662,57.2156336284601,31.7799799149199,66
-7.6926,53.28823,2021/06/17 23:00:00+00,Fri 18 Jun 2021,11789,49765,521,2358138,1320691,73257,2431395,1393948,57.5067868744049,32.969332646486,67
-7.6926,53.28823,2021/06/18 23:00:00+00,Sat 19 Jun 2021,6061,32577,400,2364199,1353268,73657,2437856,1426925,57.6596009379344,33.74929695124,68
-7.6926,53.28823,2021/06/19 23:00:00+00,Sun 20 Jun 2021,8339,25990,158,2372538,1379258,73815,2446353,1453073,57.8605699981126,34.3677433423825,69
-7.6926,53.28823,2021/06/20 23:00:00+00,Mon 21 Jun 2021,15210,32076,532,2387748,1411334,74347,2462095,1485681,58.2328961067773,35.1389801452881,70
-7.6926,53.28823,2021/06/21 23:00:00+00,Tue 22 Jun 2021,14875,43279,685,2402623,1454613,75032,2477655,1529645,58.6009175939342,36.1788064088719,71
-7.6926,53.28823,2021/06/22 23:00:00+00,Wed 23 Jun 2021,19792,39078,846,2422415,1493691,75878,2498293,1569569,59.0890427515141,37.1230795356874,72
-7.6926,53.28823,2021/06/23 23:00:00+00,Thu 24 Jun 2021,18779,43970,998,2441194,1537661,76876,2518070,1614537,59.5568037381144,38.1866521728641,73
-7.6926,53.28823,2021/06/24 23:00:00+00,Fri 25 Jun 2021,14923,49841,782,2456117,1587502,77658,2533775,1665160,59.9282547314176,39.3839755497498,74
-7.6926,53.28823,2021/06/25 23:00:00+00,Sat 26 Jun 2021,8792,30286,450,2464909,1617788,78108,2543017,1695896,60.1468443576582,40.1109362457173,75
-7.6926,53.28823,2021/06/26 23:00:00+00,Sun 27 Jun 2021,8563,30267,31,2473472,1648055,78139,2551611,1726194,60.3501076391895,40.8275374679459,76
-7.6926,53.28823,2021/06/27 23:00:00+00,Mon 28 Jun 2021,23987,24357,448,2497459,1672412,78587,2576046,1750999,60.9280385542716,41.414219536643,77
-7.6926,53.28823,2021/06/28 23:00:00+00,Tue 29 Jun 2021,27851,30681,752,2525310,1703093,79339,2604649,1782432,61.6045500322374,42.1576655138796,78
-7.6926,53.28823,2021/06/29 23:00:00+00,Wed 30 Jun 2021,22245,36486,528,2547555,1739579,79867,2627422,1819446,62.143171711352,43.0331120001022,79
-7.6926,53.28823,2021/06/30 23:00:00+00,Thu 01 Jul 2021,14580,48027,580,2562135,1787606,80447,2642582,1868053,62.5017324918981,44.1827534156699,80
-7.6926,53.28823,2021/07/01 23:00:00+00,Fri 02 Jul 2021,13337,46928,766,2575472,1834534,81213,2656685,1915747,62.8352933552254,45.3108007683986,81
-7.6926,53.28823,2021/07/02 23:00:00+00,Sat 03 Jul 2021,9091,30150,455,2584563,1864684,81668,2666231,1946352,63.0610731184901,46.034663082951,82
-7.6926,53.28823,2021/07/03 23:00:00+00,Sun 04 Jul 2021,6276,27622,195,2590839,1892306,81863,2672702,1974169,63.214123699685,46.6925842724267,83
-7.6926,53.28823,2021/07/04 23:00:00+00,Mon 05 Jul 2021,15229,33044,5302,2606068,1925350,87165,2693233,2012515,63.6997181182465,47.599534911663,84
-7.6926,53.28823,2021/07/05 23:00:00+00,Tue 06 Jul 2021,12110,48056,5432,2618178,1973406,92597,2710775,2066003,64.1146174066595,48.864620599648,85
-7.6926,53.28823,2021/07/06 23:00:00+00,Wed 07 Jul 2021,19411,43389,4985,2637589,2016795,97582,2735171,2114377,64.6916259028471,50.0087511536149,86
-7.6926,53.28823,2021/07/07 23:00:00+00,Thu 08 Jul 2021,17522,45276,5941,2655111,2062071,103523,2758634,2165594,65.2465673008651,51.2201236798175,87
-7.6926,53.28823,2021/07/08 23:00:00+00,Fri 09 Jul 2021,13277,44767,6492,2668388,2106838,110015,2778403,2216853,65.7141390733332,52.4324895802143,88
-7.6926,53.28823,2021/07/09 23:00:00+00,Sat 10 Jul 2021,8414,23564,4315,2676802,2130402,114330,2791132,2244732,66.0152024094528,53.0918771792146,89
-7.6926,53.28823,2021/07/10 23:00:00+00,Sun 11 Jul 2021,15092,15934,2128,2691894,2146336,116458,2808352,2262794,66.4224858290441,53.5190753862215,90
-7.6926,53.28823,2021/07/11 23:00:00+00,Mon 12 Jul 2021,16911,31405,6033,2708805,2177741,122491,2831296,2300232,66.9651519602348,54.4045502214515,91
-7.6926,53.28823,2021/07/12 23:00:00+00,Tue 13 Jul 2021,19881,36191,8442,2728686,2213932,130933,2859619,2344865,67.635040943573,55.4601995168417,92
-7.6926,53.28823,2021/07/13 23:00:00+00,Wed 14 Jul 2021,20578,35304,9276,2749264,2249236,140209,2889473,2389445,68.3411407814638,56.514595268606,93
-7.6926,53.28823,2021/07/14 23:00:00+00,Thu 15 Jul 2021,23379,28442,9519,2772643,2277678,149728,2922371,2427406,69.1192365966622,57.4124399777295,94
-7.6926,53.28823,2021/07/15 23:00:00+00,Fri 16 Jul 2021,23327,27011,9110,2795970,2304689,158838,2954808,2463527,69.8864289474917,58.2667654364437,95
-7.6926,53.28823,2021/07/16 23:00:00+00,Sat 17 Jul 2021,11354,19114,4629,2807324,2323803,163467,2970791,2487270,70.2644551318893,58.8283293290893,96
-7.6926,53.28823,2021/07/17 23:00:00+00,Sun 18 Jul 2021,16737,15593,1907,2824061,2339396,165374,2989435,2504770,70.7054186670148,59.2422352433081,97
-7.6926,53.28823,2021/07/18 23:00:00+00,Mon 19 Jul 2021,24657,18056,6188,2848718,2357452,171562,3020280,2529014,71.4349574055337,59.8156486709836,98
-7.6926,53.28823,2021/07/19 23:00:00+00,Tue 20 Jul 2021,30368,17752,7646,2879086,2375204,179208,3058294,2554412,72.3340556582831,60.416356237231,99
-7.6926,53.28823,2021/07/20 23:00:00+00,Wed 21 Jul 2021,30090,19457,6826,2909176,2394661,186034,3095210,2580695,73.2071842713861,61.0379956168546,100
-7.6926,53.28823,2021/07/21 23:00:00+00,Thu 22 Jul 2021,33321,15549,6872,2942497,2410210,192906,3135403,2603116,74.1578197233973,61.5682918741518,101
-7.6926,53.28823,2021/07/22 23:00:00+00,Fri 23 Jul 2021,26903,20441,5543,2969400,2430651,198449,3167849,2629100,74.9252249401256,62.1828593755839,102
-7.6926,53.28823,2021/07/23 23:00:00+00,Sat 24 Jul 2021,15304,14490,2203,2984704,2445141,200652,3185356,2645793,75.3392964167101,62.5776783142156,103
-7.6926,53.28823,2021/07/24 23:00:00+00,Sun 25 Jul 2021,14625,13452,1016,2999329,2458593,201668,3200997,2660261,75.7092336969556,62.9198720723252,104
-7.6926,53.28823,2021/07/25 23:00:00+00,Mon 26 Jul 2021,23664,17809,3398,3022993,2476402,205066,3228059,2681468,76.3492978027036,63.4214550850589,105
-7.6926,53.28823,2021/07/26 23:00:00+00,Tue 27 Jul 2021,25289,23437,3605,3048282,2499839,208671,3256953,2708510,77.0326919447287,64.0610461554763,106
-7.6926,53.28823,2021/07/27 23:00:00+00,Wed 28 Jul 2021,23256,24907,3225,3071538,2524746,211896,3283434,2736642,77.6590143741246,64.726417651408,107
-7.6926,53.28823,2021/07/28 23:00:00+00,Thu 29 Jul 2021,19113,27494,2920,3090651,2552240,214816,3305467,2767056,78.1801337460093,65.4457624785538,108
-7.6926,53.28823,2021/07/29 23:00:00+00,Fri 30 Jul 2021,21762,22542,2079,3112413,2574782,216895,3329308,2791677,78.7440155117746,66.0280926222099,109
-7.6926,53.28823,2021/07/30 23:00:00+00,Sat 31 Jul 2021,13621,12183,883,3126034,2586965,217778,3343812,2804743,79.0870607334791,66.3371266036489,110
-7.6926,53.28823,2021/07/31 23:00:00+00,Sun 01 Aug 2021,10978,9134,355,3137012,2596099,218133,3355145,2814232,79.3551062035272,66.5615582162216,111
-7.6926,53.28823,2021/08/01 23:00:00+00,Mon 02 Aug 2021,14871,15625,393,3151883,2611724,218526,3370409,2830250,79.7161267677922,66.9404122124477,112
-7.6926,53.28823,2021/08/02 23:00:00+00,Tue 03 Aug 2021,17184,25085,1085,3169067,2636809,219611,3388678,2856420,80.1482208904701,67.5593789424538,113
-7.6926,53.28823,2021/08/03 23:00:00+00,Wed 04 Aug 2021,21934,16927,1554,3191001,2653736,221165,3412166,2874901,80.7037535826513,67.9964872396354,114
-7.6926,53.28823,2021/08/04 23:00:00+00,Thu 05 Aug 2021,13362,29703,1401,3204363,2683439,222566,3426929,2906005,81.0529246118863,68.7321517856847,115
-7.6926,53.28823,2021/08/05 23:00:00+00,Fri 06 Aug 2021,12025,24415,922,3216388,2707854,223488,3439876,2931342,81.3591440331087,69.331416594174,116
-7.6926,53.28823,2021/08/06 23:00:00+00,Sat 07 Aug 2021,6250,8196,558,3222638,2716050,224046,3446684,2940096,81.5201652596231,69.5384641583495,117
-7.6926,53.28823,2021/08/07 23:00:00+00,Sun 08 Aug 2021,8545,11783,139,3231183,2727833,224185,3455368,2952018,81.7255572001417,69.8204405188819,118
-7.6926,53.28823,2021/08/08 23:00:00+00,Mon 09 Aug 2021,5438,22698,583,3236621,2750531,224768,3461389,2975299,81.8679644863995,70.3710772953921,119
-7.6926,53.28823,2021/08/09 23:00:00+00,Tue 10 Aug 2021,9198,25664,685,3245819,2776195,225453,3471272,3001648,82.1017148949838,70.9942776916065,120
-7.6926,53.28823,2021/08/10 23:00:00+00,Wed 11 Aug 2021,6896,30898,633,3252715,2807093,226086,3478801,3033179,82.279789045164,71.7400415419627,121
-7.6926,53.28823,2021/08/11 23:00:00+00,Thu 12 Aug 2021,6634,37973,850,3259349,2845066,226936,3486285,3072002,82.4567988658505,72.6582740738323,122
-7.6926,53.28823,2021/08/12 23:00:00+00,Fri 13 Aug 2021,10802,27910,843,3270151,2872976,227779,3497930,3100755,82.732223687055,73.3383333167771,123
-7.6926,53.28823,2021/08/13 23:00:00+00,Sat 14 Aug 2021,18041,5641,266,3288192,2878617,228045,3516237,3106662,83.1652165768609,73.4780443016508,124
-7.6926,53.28823,2021/08/14 23:00:00+00,Sun 15 Aug 2021,16955,3604,39,3305147,2882221,228084,3533231,3110305,83.5671546972172,73.5642076871079,125
-7.6926,53.28823,2021/08/15 23:00:00+00,Mon 16 Aug 2021,10099,22871,348,3315246,2905092,228432,3543678,3133524,83.8142447021226,74.1133780540935,126
-7.6926,53.28823,2021/08/16 23:00:00+00,Tue 17 Aug 2021,12766,26612,511,3328012,2931704,228943,3556955,3160647,84.1282692062987,74.7548849175996,127
-7.6926,53.28823,2021/08/17 23:00:00+00,Wed 18 Aug 2021,15138,25513,645,3343150,2957217,229588,3572738,3186805,84.5015650373911,75.3735678264074,128
-7.6926,53.28823,2021/08/18 23:00:00+00,Thu 19 Aug 2021,11288,25452,522,3354438,2982669,230110,3584548,3212779,84.7808924000725,75.9878988101742,129
-7.6926,53.28823,2021/08/19 23:00:00+00,Fri 20 Aug 2021,14737,22017,664,3369175,3004686,230774,3599949,3235460,85.1451532563516,76.5243445267684,130
-7.6926,53.28823,2021/08/20 23:00:00+00,Sat 21 Aug 2021,11802,7813,224,3380977,3012499,230998,3611975,3243497,85.4295894006028,76.7144337743442,131
-7.6926,53.28823,2021/08/21 23:00:00+00,Sun 22 Aug 2021,7984,12159,156,3388961,3024658,231154,3620115,3255812,85.6221147801308,77.0057052791216,132
-7.6926,53.28823,2021/08/22 23:00:00+00,Mon 23 Aug 2021,10793,15145,271,3399754,3039803,231425,3631179,3271228,85.8837979249832,77.3703209118986,133
-7.6926,53.28823,2021/08/23 23:00:00+00,Tue 24 Aug 2021,9638,22705,368,3409392,3062508,231793,3641185,3294301,86.1204575008503,77.9160381209712,134
-7.6926,53.28823,2021/08/24 23:00:00+00,Wed 25 Aug 2021,9338,19267,305,3418730,3081775,232098,3650828,3313873,86.3485314854681,78.3789504954336,135
-7.6926,53.28823,2021/08/25 23:00:00+00,Thu 26 Aug 2021,8506,19215,358,3427236,3100990,232456,3659692,3333446,86.5581807439616,78.8418865216624,136
-7.6926,53.28823,2021/08/26 23:00:00+00,Fri 27 Aug 2021,9650,19015,423,3436886,3120005,232879,3669765,3352884,86.7964249881859,79.3016295594102,137
-7.6926,53.28823,2021/08/27 23:00:00+00,Sat 28 Aug 2021,9875,7764,145,3446761,3127769,233024,3679785,3360793,87.0334156887844,79.4886913808705,138
-7.6926,53.28823,2021/08/28 23:00:00+00,Sun 29 Aug 2021,8778,9121,23,3455539,3136890,233047,3688586,3369937,87.2415748859867,79.7049631339915,139
-7.6926,53.28823,2021/08/29 23:00:00+00,Mon 30 Aug 2021,5009,10950,77,3460548,3147840,233124,3693672,3380964,87.3618677705419,79.9657711634824,140
-7.6926,53.28823,2021/08/30 23:00:00+00,Tue 31 Aug 2021,3997,12660,134,3464545,3160500,233258,3697803,3393758,87.4595732180641,80.2683718644262,141
-7.6926,53.28823,2021/08/31 23:00:00+00,Wed 01 Sep 2021,4890,12361,171,3469435,3172861,233429,3702864,3406290,87.5792748084562,80.5647758025399,142
-7.6926,53.28823,2021/09/01 23:00:00+00,Thu 02 Sep 2021,4957,12226,242,3474392,3185087,233671,3708063,3418758,87.7022403426289,80.8596660275959,143
-7.6926,53.28823,2021/09/02 23:00:00+00,Fri 03 Sep 2021,4715,15877,159,3479107,3200964,233830,3712937,3434794,87.8175190526805,81.2389457556195,144
-7.6926,53.28823,2021/09/03 23:00:00+00,Sat 04 Sep 2021,4598,10497,128,3483705,3211461,233958,3717663,3445419,87.9292973012861,81.4902457749667,145
-7.6926,53.28823,2021/09/04 23:00:00+00,Sun 05 Sep 2021,5290,11832,0,3488995,3223293,233958,3722953,3457251,88.0544151462129,81.7700934765117,146
-7.6926,53.28823,2021/09/05 23:00:00+00,Mon 06 Sep 2021,2101,9560,68,3491096,3232853,234026,3725122,3466879,88.1057158278095,81.9978126846316,147
-7.6926,53.28823,2021/09/06 23:00:00+00,Tue 07 Sep 2021,2992,9883,134,3494088,3242736,234160,3728248,3476896,88.1796512499722,82.2347324299305,148
-7.6926,53.28823,2021/09/07 23:00:00+00,Wed 08 Sep 2021,2557,14675,178,3496645,3257411,234338,3730983,3491749,88.244338831423,82.5860321181529,149
-7.6926,53.28823,2021/09/08 23:00:00+00,Thu 09 Sep 2021,3072,14675,132,3499717,3272086,234470,3734187,3506556,88.3201190913748,82.9362438251151,150
-7.6926,53.28823,2021/09/09 23:00:00+00,Fri 10 Sep 2021,3350,13836,107,3503067,3285922,234577,3737644,3520499,88.4018832482579,83.2660204057981,151
-7.6926,53.28823,2021/09/10 23:00:00+00,Sat 11 Sep 2021,2536,11227,57,3505603,3297149,234634,3740237,3531783,88.4632122788619,83.5329069392864,152
-7.6926,53.28823,2021/09/11 23:00:00+00,Sun 12 Sep 2021,2020,12842,0,3507623,3309991,234634,3742257,3544625,88.510988847246,83.8366429250234,153
-7.6926,53.28823,2021/09/12 23:00:00+00,Mon 13 Sep 2021,1570,7636,46,3509193,3317627,234680,3743873,3552307,88.5492101019533,84.0183357954822,154
-7.6926,53.28823,2021/09/13 23:00:00+00,Tue 14 Sep 2021,1515,10667,79,3510708,3328294,234759,3745467,3563053,88.586911017797,84.2724976785791,155
-7.6926,53.28823,2021/09/14 23:00:00+00,Wed 15 Sep 2021,3239,12300,130,3513947,3340594,234889,3748836,3575483,88.6665938192258,84.5664891365071,156
-7.6926,53.28823,2021/09/15 23:00:00+00,Thu 16 Sep 2021,1879,10497,109,3515826,3351091,234998,3750824,3586089,88.713613531081,84.8173397722903,157
-7.6926,53.28823,2021/09/16 23:00:00+00,Fri 17 Sep 2021,2525,14512,89,3518351,3365603,235087,3753438,3600690,88.775439248782,85.1626792153479,158
-7.6926,53.28823,2021/09/17 23:00:00+00,Sat 18 Sep 2021,2268,11161,40,3520619,3376764,235127,3755746,3611891,88.8300275259259,85.4276026522145,159
-7.6926,53.28823,2021/09/18 23:00:00+00,Sun 19 Sep 2021,1850,8455,11,3522469,3385219,235138,3757607,3620357,88.8740434634322,85.6278385076303,160
-7.6926,53.28823,2021/09/19 23:00:00+00,Mon 20 Sep 2021,946,5547,28,3523415,3390766,235166,3758581,3625932,88.8970802840293,85.7596971060172,161
-7.6926,53.28823,2021/09/20 23:00:00+00,Tue 21 Sep 2021,1434,6585,89,3524849,3397351,235255,3760104,3632606,88.9331019244496,85.9175489958169,162
-7.6926,53.28823,2021/09/21 23:00:00+00,Wed 22 Sep 2021,1877,8061,93,3526726,3405412,235348,3762074,3640760,88.9796959045074,86.1104055000764,163
-7.6926,53.28823,2021/09/22 23:00:00+00,Thu 23 Sep 2021,1675,8680,85,3528401,3414092,235433,3763834,3649525,89.0213230135946,86.3177132336837,164
-7.6926,53.28823,2021/09/23 23:00:00+00,Fri 24 Sep 2021,1888,7293,79,3530289,3421385,235512,3765801,3656897,89.0678460383528,86.4920740565192,165
-7.6926,53.28823,2021/09/24 23:00:00+00,Sat 25 Sep 2021,2397,6530,50,3532686,3427915,235562,3768248,3663477,89.1257219110438,86.6477026802655,166
-7.6926,53.28823,2021/09/25 23:00:00+00,Sun 26 Sep 2021,1533,7077,0,3534219,3434992,235562,3769781,3670554,89.1619800691294,86.8150862319756,167
-7.6926,53.28823,2021/09/26 23:00:00+00,Mon 27 Sep 2021,1162,3694,45,3535381,3438686,235607,3770988,3674293,89.1905277513272,86.9035201870192,168
-7.6926,53.28823,2021/09/27 23:00:00+00,Tue 28 Sep 2021,1434,5036,89,3536815,3443722,235696,3772511,3679418,89.2265493917475,87.0247354904691,169
-7.6926,53.28823,2021/09/28 23:00:00+00,Wed 29 Sep 2021,1622,3531,72,3538437,3447253,235768,3774205,3683021,89.2666154842439,87.1099528052651,170
-7.6926,53.28823,2021/09/29 23:00:00+00,Thu 30 Sep 2021,1265,3874,77,3539702,3451127,235845,3775547,3686972,89.2983561549229,87.2034009348124,171
-7.6926,53.28823,2021/09/30 23:00:00+00,Fri 01 Oct 2021,1825,5082,37,3541527,3456209,235882,3777409,3692091,89.3423957441957,87.3244743276631,172
-7.6926,53.28823,2021/10/01 23:00:00+00,Sat 02 Oct 2021,1703,4034,38,3543230,3460243,235920,3779150,3696163,89.3835734697189,87.4207843209601,173
-7.6926,53.28823,2021/10/02 23:00:00+00,Sun 03 Oct 2021,1200,2989,8,3544430,3463232,235928,3780358,3699160,89.4121448036832,87.4916686652409,174
-7.6926,53.28823,2021/10/03 23:00:00+00,Mon 04 Oct 2021,324,1156,16,3544754,3464388,235944,3780698,3700332,89.4201864043023,87.5193885356103,175
-7.6926,53.28823,2021/10/04 23:00:00+00,Tue 05 Oct 2021,972,2747,67,3545726,3467135,236011,3781737,3703146,89.4447605897237,87.5859446066167,176
-7.6926,53.28823,2021/10/05 23:00:00+00,Wed 06 Oct 2021,954,2485,34,3546680,3469620,236045,3782725,3705665,89.4681285350521,87.6455234064977,177
-7.6926,53.28823,2021/10/06 23:00:00+00,Thu 07 Oct 2021,1192,2623,41,3547872,3472243,236086,3783958,3708329,89.4972911631797,87.7085317125251,178
-7.6926,53.28823,2021/10/07 23:00:00+00,Fri 08 Oct 2021,973,2677,42,3548845,3474920,236128,3784973,3711048,89.5212977062044,87.7728408657114,179
-7.6926,53.28823,2021/10/08 23:00:00+00,Sat 09 Oct 2021,728,2316,18,3549573,3477236,236146,3785719,3713382,89.5389419240334,87.8280440887849,180
-7.6926,53.28823,2021/10/09 23:00:00+00,Sun 10 Oct 2021,1526,3888,0,3551099,3481124,236146,3787245,3717270,89.5750345197532,87.9200021570411,181
-7.6926,53.28823,2021/10/10 23:00:00+00,Mon 11 Oct 2021,321,1054,12,3551420,3482178,236158,3787578,3718336,89.5829105580067,87.9452149401587,182
-7.6926,53.28823,2021/10/11 23:00:00+00,Tue 12 Oct 2021,543,1563,20,3551963,3483741,236178,3788141,3719919,89.5962265025613,87.9826556865706,183
-7.6926,53.28823,2021/10/12 23:00:00+00,Wed 13 Oct 2021,977,1972,9,3552940,3485713,236187,3789127,3721900,89.6195471443567,88.0295098360601,184
-7.6926,53.28823,2021/10/13 23:00:00+00,Thu 14 Oct 2021,697,1510,7,3553637,3487223,236194,3789831,3723417,89.6361979879915,88.0653895658813,185
-7.6926,53.28823,2021/10/14 23:00:00+00,Fri 15 Oct 2021,943,1993,5,3554580,3489216,236199,3790779,3725415,89.6586198626589,88.1126457954018,186
-7.6926,53.28823,2021/10/15 23:00:00+00,Sat 16 Oct 2021,1373,2590,11,3555953,3491806,236210,3792163,3728016,89.691353907532,88.174164040138,187
-7.6926,53.28823,2021/10/16 23:00:00+00,Sun 17 Oct 2021,1704,2868,1,3557657,3494674,236211,3793868,3730885,89.7316801694602,88.2420209583034,188
-7.6926,53.28823,2021/10/17 23:00:00+00,Mon 18 Oct 2021,658,1169,3,3558315,3495843,236214,3794529,3732057,89.7473139871344,88.2697408286728,189
-7.6926,53.28823,2021/10/18 23:00:00+00,Tue 19 Oct 2021,1316,1724,10,3559631,3497567,236224,3795855,3733791,89.7786762295489,88.3107529918302,190
-7.6926,53.28823,2021/10/19 23:00:00+00,Wed 20 Oct 2021,2214,2233,0,3561845,3499800,236224,3798069,3736024,89.8310412406392,88.3635673864845,191
-7.6926,53.28823,2021/10/20 23:00:00+00,Thu 21 Oct 2021,1719,1756,8,3563564,3501556,236232,3799796,3737788,89.871887841431,88.4052891026378,192
-7.6926,53.28823,2021/10/21 23:00:00+00,Fri 22 Oct 2021,1456,1876,0,3565020,3503432,236232,3801252,3739664,89.906324813494,88.449659816642,193
-7.6926,53.28823,2021/10/22 23:00:00+00,Sat 23 Oct 2021,1992,1656,0,3567012,3505088,236232,3803244,3741320,89.9534391324154,88.4888271420104,194
-7.6926,53.28823,2021/10/23 23:00:00+00,Sun 24 Oct 2021,1940,2170,0,3568952,3507258,236232,3805184,3743490,89.9993235594773,88.5401514753735,195
-7.6926,53.28823,2021/10/24 23:00:00+00,Mon 25 Oct 2021,1201,799,0,3570153,3508057,236232,3806385,3744289,90.027729331076,88.5590492368284,196
-7.6926,53.28823,2021/10/25 23:00:00+00,Tue 26 Oct 2021,1222,1149,5,3571375,3509206,236237,3807612,3745443,90.0567500486044,88.5863433754004,197
-7.6926,53.28823,2021/10/26 23:00:00+00,Wed 27 Oct 2021,1538,1375,4,3572913,3510581,236241,3809154,3746822,90.0932210725887,88.6189591614408,198
-7.6926,53.28823,2021/10/27 23:00:00+00,Thu 28 Oct 2021,2099,1633,2,3575012,3512214,236243,3811255,3748457,90.1429134340615,88.6576297997121,199
-7.6926,53.28823,2021/10/28 23:00:00+00,Fri 29 Oct 2021,2070,1298,0,3577082,3513512,236243,3813325,3749755,90.1918725907719,88.6883297926639,200
-7.6926,53.28823,2021/10/29 23:00:00+00,Sat 30 Oct 2021,1978,1414,0,3579060,3514926,236243,3815303,3751169,90.2386557849619,88.7217733905328,201
-7.6926,53.28823,2021/10/30 23:00:00+00,Sun 31 Oct 2021,1581,1310,0,3580641,3516236,236243,3816884,3752479,90.2760492278408,88.7527572046829,202
-7.6926,53.28823,2021/11/01 00:00:00+00,Mon 01 Nov 2021,229,218,0,3580870,3516454,236243,3817113,3752697,90.2814654823754,88.7579132897857,203
-7.6926,53.28823,2021/11/02 00:00:00+00,Tue 02 Nov 2021,1072,1031,9,3581942,3517485,236252,3818194,3753737,90.3070330419909,88.7825111269736,204
-7.6926,53.28823,2021/11/03 00:00:00+00,Wed 03 Nov 2021,2465,1726,5,3584407,3519211,236257,3820664,3755468,90.3654529053121,88.8234523348314,205
-7.6926,53.28823,2021/11/04 00:00:00+00,Thu 04 Nov 2021,1526,1174,0,3585933,3520385,236257,3822190,3756642,90.4015455010319,88.8512195087339,206
-7.6926,53.28823,2021/11/05 00:00:00+00,Fri 05 Nov 2021,1545,942,0,3587478,3521327,236257,3823735,3757584,90.4380874803158,88.8734994728021,207
-7.6926,53.28823,2021/11/06 00:00:00+00,Sat 06 Nov 2021,1809,1294,5,3589287,3522621,236262,3825549,3758883,90.4809917847954,88.9042231175204,208
-7.6926,53.28823,2021/11/07 00:00:00+00,Sun 07 Nov 2021,690,762,0,3589977,3523383,236262,3826239,3759645,90.4973115036989,88.9222457636138,209
-7.6926,53.28823,2021/11/08 00:00:00+00,Mon 08 Nov 2021,463,429,0,3590440,3523812,236262,3826702,3760074,90.5082622716008,88.9323923714538,210
-7.6926,53.28823,2021/11/09 00:00:00+00,Tue 09 Nov 2021,1330,933,0,3591770,3524745,236262,3828032,3761007,90.5397191210814,88.9544594696233,211
-7.6926,53.28823,2021/11/10 00:00:00+00,Wed 10 Nov 2021,1442,1171,0,3593212,3525916,236262,3829474,3762178,90.5738249684131,88.9821556882262,212
-7.6926,53.28823,2020/12/28 00:00:00+00,Mon 28 Dec 2020,86,5,5,86,5,5,91,10,0.0021523107539379,0.000236517665267901,213
-7.6926,53.28823,2020/12/29 00:00:00+00,Tue 29 Dec 2020,62,1,0,148,6,5,153,11,0.00361872027859889,0.000260169431794691,214
-7.6926,53.28823,2020/12/30 00:00:00+00,Wed 30 Dec 2020,1038,0,0,1186,6,5,1191,11,0.028169253933407,0.000260169431794691,215
-7.6926,53.28823,2020/12/31 00:00:00+00,Thu 31 Dec 2020,1015,1,0,2201,7,5,2206,12,0.052175796958099,0.000283821198321481,216
-7.6926,53.28823,2021/01/01 00:00:00+00,Fri 01 Jan 2021,781,0,0,2982,7,5,2987,12,0.0706478266155221,0.000283821198321481,217
-7.6926,53.28823,2021/01/02 00:00:00+00,Sat 02 Jan 2021,1002,0,0,3984,7,5,3989,12,0.0943468966753658,0.000283821198321481,218
-7.6926,53.28823,2021/01/03 00:00:00+00,Sun 03 Jan 2021,7,0,0,3991,7,5,3996,12,0.0945124590410533,0.000283821198321481,219
-7.6926,53.28823,2021/01/04 00:00:00+00,Mon 04 Jan 2021,1158,1,0,5149,8,5,5154,13,0.121901204679076,0.000307472964848272,220
-7.6926,53.28823,2021/01/05 00:00:00+00,Tue 05 Jan 2021,3481,3,0,8630,11,5,8635,16,0.204233003958833,0.000378428264428642,221
-7.6926,53.28823,2021/01/06 00:00:00+00,Wed 06 Jan 2021,6726,2,0,15356,13,5,15361,18,0.363314785618023,0.000425731797482222,222
-7.6926,53.28823,2021/01/07 00:00:00+00,Thu 07 Jan 2021,11682,0,0,27038,13,5,27043,18,0.639614722183985,0.000425731797482222,223
-7.6926,53.28823,2021/01/08 00:00:00+00,Fri 08 Jan 2021,12641,0,0,39679,13,5,39684,18,0.938596702849139,0.000425731797482222,224
-7.6926,53.28823,2021/01/09 00:00:00+00,Sat 09 Jan 2021,8042,0,0,47721,13,5,47726,18,1.12880420925759,0.000425731797482222,225
-7.6926,53.28823,2021/01/10 00:00:00+00,Sun 10 Jan 2021,4748,0,1,52469,13,6,52475,19,1.24112644849331,0.000449383564009012,226
-7.6926,53.28823,2021/01/11 00:00:00+00,Mon 11 Jan 2021,8306,3,0,60775,16,6,60781,22,1.43757802126483,0.000520338863589383,227
-7.6926,53.28823,2021/01/12 00:00:00+00,Tue 12 Jan 2021,8822,0,0,69597,16,6,69603,22,1.64623390556417,0.000520338863589383,228
-7.6926,53.28823,2021/01/13 00:00:00+00,Wed 13 Jan 2021,9818,2,0,79415,18,6,79421,24,1.8784469493242,0.000567642396642963,229
-7.6926,53.28823,2021/01/14 00:00:00+00,Thu 14 Jan 2021,8017,0,0,87432,18,6,87438,24,2.06806316156947,0.000567642396642963,230
-7.6926,53.28823,2021/01/15 00:00:00+00,Fri 15 Jan 2021,7620,1,0,95052,19,6,95058,25,2.24828962250362,0.000591294163169753,231
-7.6926,53.28823,2021/01/16 00:00:00+00,Sat 16 Jan 2021,5192,1,0,100244,20,6,100250,26,2.37108959431071,0.000614945929696543,232
-7.6926,53.28823,2021/01/17 00:00:00+00,Sun 17 Jan 2021,1090,1,0,101334,21,6,101340,27,2.39687001982491,0.000638597696223333,233
-7.6926,53.28823,2021/01/18 00:00:00+00,Mon 18 Jan 2021,8645,1,0,109979,22,6,109985,28,2.60133954144901,0.000662249462750123,234
-7.6926,53.28823,2021/01/19 00:00:00+00,Tue 19 Jan 2021,8328,11,0,118307,33,6,118313,39,2.79831145308412,0.000922418894544815,235
-7.6926,53.28823,2021/01/20 00:00:00+00,Wed 20 Jan 2021,8391,951,0,126698,984,6,126704,990,2.99677342601042,0.0234152488615222,236
-7.6926,53.28823,2021/01/21 00:00:00+00,Thu 21 Jan 2021,8915,953,0,135613,1937,6,135619,1943,3.20762892459675,0.0459553823615532,237
-7.6926,53.28823,2021/01/22 00:00:00+00,Fri 22 Jan 2021,6706,959,0,142319,2896,6,142325,2902,3.3662376709254,0.0686374264607449,238
-7.6926,53.28823,2021/01/23 00:00:00+00,Sat 23 Jan 2021,4135,456,0,146454,3352,6,146460,3358,3.46403772551368,0.0794226319969612,239
-7.6926,53.28823,2021/01/24 00:00:00+00,Sun 24 Jan 2021,1155,391,0,147609,3743,6,147615,3749,3.49135551585212,0.0886704727089362,240
-7.6926,53.28823,2021/01/25 00:00:00+00,Mon 25 Jan 2021,1310,1278,0,148919,5021,6,148925,5027,3.52233933000222,0.118897430330174,241
-7.6926,53.28823,2021/01/26 00:00:00+00,Tue 26 Jan 2021,963,3489,0,149882,8510,6,149888,8516,3.54511598116752,0.201418443742145,242
-7.6926,53.28823,2021/01/27 00:00:00+00,Wed 27 Jan 2021,2116,6685,0,151998,15195,6,152004,15201,3.59516311913821,0.359530502973737,243
-7.6926,53.28823,2021/01/28 00:00:00+00,Thu 28 Jan 2021,933,11528,0,152931,26723,6,152937,26729,3.6172302173077,0.632188067494573,244
-7.6926,53.28823,2021/01/29 00:00:00+00,Fri 29 Jan 2021,1518,11513,0,154449,38236,6,154455,38242,3.65313359889537,0.904490855517508,245
-7.6926,53.28823,2021/01/30 00:00:00+00,Sat 30 Jan 2021,587,7785,0,155036,46021,6,155042,46027,3.66701718584659,1.08861985792857,246
-7.6926,53.28823,2021/01/31 00:00:00+00,Sun 31 Jan 2021,189,4077,0,155225,50098,6,155231,50104,3.67148736972016,1.18504811005829,247
-7.6926,53.28823,2021/02/01 00:00:00+00,Mon 01 Feb 2021,957,8316,0,156182,58414,6,156188,58420,3.69412211028629,1.38173620049508,248
-7.6926,53.28823,2021/02/02 00:00:00+00,Tue 02 Feb 2021,768,5079,0,156950,63493,6,156956,63499,3.71228666697887,1.50186352268465,249
-7.6926,53.28823,2021/02/03 00:00:00+00,Wed 03 Feb 2021,1344,6842,0,158294,70335,6,158300,70341,3.74407464119088,1.66368890926094,250
-7.6926,53.28823,2021/02/04 00:00:00+00,Thu 04 Feb 2021,1370,10517,0,159664,80852,6,159670,80858,3.77647756133258,1.9124345378232,251
-7.6926,53.28823,2021/02/05 00:00:00+00,Fri 05 Feb 2021,3337,8585,0,163001,89437,6,163007,89443,3.85540350623248,2.11548495345569,252
-7.6926,53.28823,2021/02/06 00:00:00+00,Sat 06 Feb 2021,858,3853,0,163859,93290,6,163865,93296,3.87569672191246,2.20661520988341,253
-7.6926,53.28823,2021/02/07 00:00:00+00,Sun 07 Feb 2021,294,1288,0,164153,94578,6,164159,94584,3.88265034127134,2.23707868516992,254
-7.6926,53.28823,2021/02/08 00:00:00+00,Mon 08 Feb 2021,1104,865,0,165257,95443,6,165263,95449,3.90876189151692,2.25753746321559,255
-7.6926,53.28823,2021/02/09 00:00:00+00,Tue 09 Feb 2021,4172,515,0,169429,95958,6,169435,95964,4.00743706146668,2.26971812297689,256
-7.6926,53.28823,2021/02/10 00:00:00+00,Wed 10 Feb 2021,8770,567,0,178199,96525,6,178205,96531,4.21486305390663,2.28312867459758,257
-7.6926,53.28823,2021/02/11 00:00:00+00,Thu 11 Feb 2021,6103,420,0,184302,96945,6,184308,96951,4.35920978501963,2.29306241653883,258
-7.6926,53.28823,2021/02/12 00:00:00+00,Fri 12 Feb 2021,4344,508,0,188646,97453,6,188652,97459,4.46195305881201,2.30507751393444,259
-7.6926,53.28823,2021/02/13 00:00:00+00,Sat 13 Feb 2021,1164,1906,0,189810,99359,6,189816,99365,4.48948371504919,2.3501577809345,260
-7.6926,53.28823,2021/02/14 00:00:00+00,Sun 14 Feb 2021,2659,15,0,192469,99374,6,192475,99380,4.55237376224393,2.3505125574324,261
-7.6926,53.28823,2021/02/15 00:00:00+00,Mon 15 Feb 2021,1901,7855,0,194370,107229,6,194376,107235,4.59733577041136,2.53629718350034,262
-7.6926,53.28823,2021/02/16 00:00:00+00,Tue 16 Feb 2021,5584,8126,0,199954,115355,6,199960,115361,4.72940723469695,2.72849143829704,263
-7.6926,53.28823,2021/02/17 00:00:00+00,Wed 17 Feb 2021,9674,8440,0,209628,123795,6,209634,123801,4.95821442407712,2.92811234778314,264
-7.6926,53.28823,2021/02/18 00:00:00+00,Thu 18 Feb 2021,8403,8302,0,218031,132097,6,218037,132103,5.15696021820174,3.12446931348856,265
-7.6926,53.28823,2021/02/19 00:00:00+00,Fri 19 Feb 2021,9335,6551,0,227366,138648,6,227372,138654,5.37774945872932,3.27941203600556,266
-7.6926,53.28823,2021/02/20 00:00:00+00,Sat 20 Feb 2021,5834,3551,0,233200,142199,6,233206,142205,5.51573386464662,3.36339945894219,267
-7.6926,53.28823,2021/02/21 00:00:00+00,Sun 21 Feb 2021,1069,1013,1,234269,143212,7,234276,143219,5.54104125483028,3.38738235020035,268
-7.6926,53.28823,2021/02/22 00:00:00+00,Mon 22 Feb 2021,3890,1088,0,238159,144300,7,238166,144307,5.6330466266195,3.4131154721815,269
-7.6926,53.28823,2021/02/23 00:00:00+00,Tue 23 Feb 2021,13301,1043,0,251460,145343,7,251467,145350,5.94763877319233,3.43778426466894,270
-7.6926,53.28823,2021/02/24 00:00:00+00,Wed 24 Feb 2021,16853,2068,1,268313,147411,8,268321,147419,6.34626564623485,3.48671976961287,271
-7.6926,53.28823,2021/02/25 00:00:00+00,Thu 25 Feb 2021,17980,1721,0,286293,149132,8,286301,149140,6.77152440838654,3.52742445980548,272
-7.6926,53.28823,2021/02/26 00:00:00+00,Fri 26 Feb 2021,15992,2727,0,302285,151859,8,302293,151867,7.14976345868297,3.59192282712404,273
-7.6926,53.28823,2021/02/27 00:00:00+00,Sat 27 Feb 2021,8920,695,0,311205,152554,8,311213,152562,7.36073721610193,3.60836080486015,274
-7.6926,53.28823,2021/02/28 00:00:00+00,Sun 28 Feb 2021,2406,44,0,313611,152598,8,313619,152606,7.41764336636539,3.60940148258733,275
-7.6926,53.28823,2021/03/01 00:00:00+00,Mon 01 Mar 2021,5509,769,0,319120,153367,8,319128,153375,7.54794094816148,3.62758969104643,276
-7.6926,53.28823,2021/03/02 00:00:00+00,Tue 02 Mar 2021,12092,1576,0,331212,154943,8,331220,154951,7.83393810900342,3.66486487509266,277
-7.6926,53.28823,2021/03/03 00:00:00+00,Wed 03 Mar 2021,12741,1464,0,343953,156407,8,343961,156415,8.13528526632126,3.69949106128788,278
-7.6926,53.28823,2021/03/04 00:00:00+00,Thu 04 Mar 2021,18609,1661,0,362562,158068,8,362570,158076,8.57542098961829,3.73877664548887,279
-7.6926,53.28823,2021/03/05 00:00:00+00,Fri 05 Mar 2021,18332,2371,0,380894,160439,8,380902,160447,9.00900517358741,3.79485498392389,280
-7.6926,53.28823,2021/03/06 00:00:00+00,Sat 06 Mar 2021,10292,116,0,391186,160555,8,391194,160563,9.25242915468113,3.797598588841,281
-7.6926,53.28823,2021/03/07 00:00:00+00,Sun 07 Mar 2021,1466,3,0,392652,160558,8,392660,160566,9.28710264440941,3.79766954414058,282
-7.6926,53.28823,2021/03/08 00:00:00+00,Mon 08 Mar 2021,6554,1459,0,399206,162017,8,399214,162025,9.44211632222599,3.83217747150317,283
-7.6926,53.28823,2021/03/09 00:00:00+00,Tue 09 Mar 2021,13677,3066,0,412883,165083,8,412891,165091,9.7656015330129,3.90469378767431,284
-7.6926,53.28823,2021/03/10 00:00:00+00,Wed 10 Mar 2021,13588,3943,0,426471,169026,8,426479,169034,10.0869817365789,3.99795270308944,285
-7.6926,53.28823,2021/03/11 00:00:00+00,Thu 11 Mar 2021,18314,2062,0,444785,171088,8,444793,171096,10.5201401887506,4.04672264566768,286
-7.6926,53.28823,2021/03/12 00:00:00+00,Fri 12 Mar 2021,17182,1304,0,461967,172392,8,461975,172400,10.9265248412139,4.07756454921862,287
-7.6926,53.28823,2021/03/13 00:00:00+00,Sat 13 Mar 2021,8184,147,0,470151,172539,8,470159,172547,11.1200908984691,4.08104135889806,288
-7.6926,53.28823,2021/03/14 00:00:00+00,Sun 14 Mar 2021,315,3,0,470466,172542,8,470474,172550,11.1275412049251,4.08111231419764,289
-7.6926,53.28823,2021/03/15 00:00:00+00,Mon 15 Mar 2021,2509,955,0,472975,173497,8,472983,173505,11.1868834871408,4.10369975123072,290
-7.6926,53.28823,2021/03/16 00:00:00+00,Tue 16 Mar 2021,8810,3773,0,481785,177270,8,481793,177278,11.3952555502418,4.1929378663363,291
-7.6926,53.28823,2021/03/17 00:00:00+00,Wed 17 Mar 2021,4783,2378,0,486568,179648,8,486576,179656,11.5083819495394,4.24918176713701,292
-7.6926,53.28823,2021/03/18 00:00:00+00,Thu 18 Mar 2021,11560,4637,0,498128,184285,8,498136,184293,11.7817963705891,4.35885500852173,293
-7.6926,53.28823,2021/03/19 00:00:00+00,Fri 19 Mar 2021,10189,6073,1,508317,190358,9,508326,190367,12.0228078714971,4.50251583840546,294
-7.6926,53.28823,2021/03/20 00:00:00+00,Sat 20 Mar 2021,5089,3080,0,513406,193438,9,513415,193447,12.1431717113519,4.57536327930797,295
-7.6926,53.28823,2021/03/21 00:00:00+00,Sun 21 Mar 2021,3523,35,0,516929,193473,9,516938,193482,12.2264968848258,4.57619109113641,296
-7.6926,53.28823,2021/03/22 00:00:00+00,Mon 22 Mar 2021,7272,2357,0,524201,195830,9,524210,195839,12.3984925310086,4.63193830484005,297
-7.6926,53.28823,2021/03/23 00:00:00+00,Tue 23 Mar 2021,12386,7335,0,536587,203165,9,536596,203174,12.6914433112095,4.80542401231406,298
-7.6926,53.28823,2021/03/24 00:00:00+00,Wed 24 Mar 2021,13469,9721,0,550056,212886,9,550065,212895,13.0100089545588,5.03534283472098,299
-7.6926,53.28823,2021/03/25 00:00:00+00,Thu 25 Mar 2021,20696,10168,0,570752,223054,9,570761,223063,13.4995059145973,5.27583399676538,300
-7.6926,53.28823,2021/03/26 00:00:00+00,Fri 26 Mar 2021,19526,9407,0,590278,232461,9,590287,232470,13.9613303077994,5.4983261644829,301
-7.6926,53.28823,2021/03/27 00:00:00+00,Sat 27 Mar 2021,11582,5283,1,601860,237744,10,601870,237754,14.2352887194792,5.62330209881046,302
-7.6926,53.28823,2021/03/28 00:00:00+00,Sun 28 Mar 2021,2399,458,0,604259,238202,10,604269,238212,14.2920293073769,5.63413460787973,303
-7.6926,53.28823,2021/03/28 23:00:00+00,Mon 29 Mar 2021,9117,3051,0,613376,241253,10,613386,241263,14.5076624628017,5.70629614755296,304
-7.6926,53.28823,2021/03/29 23:00:00+00,Tue 30 Mar 2021,13171,8591,1,626547,249844,11,626558,249855,14.8192035314926,5.90951212555114,305
-7.6926,53.28823,2021/03/30 23:00:00+00,Wed 31 Mar 2021,15608,10402,0,642155,260246,11,642166,260257,15.1883603034427,6.15553780096282,306
-7.6926,53.28823,2021/03/31 23:00:00+00,Thu 01 Apr 2021,19518,11515,0,661673,271761,11,661684,271772,15.6499954825126,6.4278878925188,307
-7.6926,53.28823,2021/04/01 23:00:00+00,Fri 02 Apr 2021,19984,13662,0,681657,285423,11,681668,285434,16.122652384784,6.75101832680781,308
-7.6926,53.28823,2021/04/02 23:00:00+00,Sat 03 Apr 2021,7401,4575,0,689058,289998,11,689069,290009,16.2976991088487,6.85922515866788,309
-7.6926,53.28823,2021/04/03 23:00:00+00,Sun 04 Apr 2021,2924,143,0,691982,290141,11,691993,290152,16.3668568741731,6.86260736128121,310
-7.6926,53.28823,2021/04/04 23:00:00+00,Mon 05 Apr 2021,3312,560,0,695294,290701,11,695305,290712,16.4451915249098,6.87585235053621,311
-7.6926,53.28823,2021/04/05 23:00:00+00,Tue 06 Apr 2021,11814,8090,0,707108,298791,11,707119,298802,16.7246134946573,7.06719514173794,312
-7.6926,53.28823,2021/04/06 23:00:00+00,Wed 07 Apr 2021,18156,10390,0,725264,309181,11,725275,309192,17.1540349677177,7.31293699595129,313
-7.6926,53.28823,2021/04/07 23:00:00+00,Thu 08 Apr 2021,19990,10467,0,745254,319648,11,745265,319659,17.6268337805882,7.5605000361872,314
-7.6926,53.28823,2021/04/08 23:00:00+00,Fri 09 Apr 2021,20527,9068,0,765781,328716,11,765792,328727,18.1123335920837,7.77497425505214,315
-7.6926,53.28823,2021/04/09 23:00:00+00,Sat 10 Apr 2021,10998,4111,1,776779,332827,12,776791,332839,18.3724793721118,7.8722303190103,316
-7.6926,53.28823,2021/04/10 23:00:00+00,Sun 11 Apr 2021,2768,299,0,779547,333126,12,779559,333138,18.437947461858,7.87930219720181,317
-7.6926,53.28823,2021/04/11 23:00:00+00,Mon 12 Apr 2021,7639,2700,1,787186,335826,13,787199,335839,18.6186469581227,7.94318561859067,318
