X,Y,VaccinationDate,VaccineText,Dose1,Dose2,SingleDose,Dose1Cum,Dose2Cum,SingleDoseCum,PartiallyVacc,FullyVacc,PartialPercent,FullyPercent,ObjectId
-7.6926,53.28823,2021/04/12 23:00:00+00,Tue 13 Apr 2021,11368,8482,0,798449,344246,12,798461,344258,18.8850131527474,8.14230984097971,1
-7.6926,53.28823,2021/04/13 23:00:00+00,Wed 14 Apr 2021,20176,6501,1,818625,350747,13,818638,350760,19.3622348459584,8.2960936269369,2
-7.6926,53.28823,2021/04/14 23:00:00+00,Thu 15 Apr 2021,26937,10689,0,845562,361436,13,845575,361449,19.9993424808906,8.54890735934176,3
-7.6926,53.28823,2021/04/15 23:00:00+00,Fri 16 Apr 2021,27793,9737,1,873355,371173,14,873369,371187,20.6567196797362,8.77922826177964,4
-7.6926,53.28823,2021/04/16 23:00:00+00,Sat 17 Apr 2021,15685,4467,0,889040,375640,14,889054,375654,21.0276976377089,8.88488070285482,5
-7.6926,53.28823,2021/04/17 23:00:00+00,Sun 18 Apr 2021,978,427,0,890018,376067,14,890032,376081,21.0508290653721,8.89498000716176,6
-7.6926,53.28823,2021/04/18 23:00:00+00,Mon 19 Apr 2021,6610,2164,0,896628,378231,14,896642,378245,21.2071672421141,8.94616242992573,7
-7.6926,53.28823,2021/04/19 23:00:00+00,Tue 20 Apr 2021,14909,7213,0,911537,385444,14,911551,385458,21.5597914292621,9.11676262188347,8
-7.6926,53.28823,2021/04/20 23:00:00+00,Wed 21 Apr 2021,26507,9752,0,938044,395196,14,938058,395210,22.1867288045877,9.34741464905272,9
-7.6926,53.28823,2021/04/21 23:00:00+00,Thu 22 Apr 2021,31432,12063,0,969476,407259,14,969490,407273,22.9301511300578,9.63272590866539,10
-7.6926,53.28823,2021/04/22 23:00:00+00,Fri 23 Apr 2021,33390,12283,0,1002866,419542,14,1002880,419556,23.7198836143873,9.92324055691395,11
-7.6926,53.28823,2021/04/23 23:00:00+00,Sat 24 Apr 2021,23517,6917,0,1026383,426459,14,1026397,426473,24.2761022077978,10.0868398259798,12
-7.6926,53.28823,2021/04/24 23:00:00+00,Sun 25 Apr 2021,9646,238,0,1036029,426697,14,1036043,426711,24.5042471477152,10.0924689464131,13
-7.6926,53.28823,2021/04/25 23:00:00+00,Mon 26 Apr 2021,15429,2934,0,1051458,429631,14,1051472,429645,24.8691702534571,10.1618632294027,14
-7.6926,53.28823,2021/04/26 23:00:00+00,Tue 27 Apr 2021,25733,7696,0,1077191,437327,14,1077205,437341,25.4778011614909,10.3438872245929,15
-7.6926,53.28823,2021/04/27 23:00:00+00,Wed 28 Apr 2021,25868,8478,0,1103059,445805,14,1103073,445819,26.089625058006,10.544406901207,16
-7.6926,53.28823,2021/04/28 23:00:00+00,Thu 29 Apr 2021,31521,11216,0,1134580,457021,14,1134594,457035,26.8351523906969,10.8096851145715,17
-7.6926,53.28823,2021/04/29 23:00:00+00,Fri 30 Apr 2021,35909,13429,0,1170489,470450,14,1170503,470464,27.6844636749074,11.1273046872598,18
-7.6926,53.28823,2021/04/30 23:00:00+00,Sat 01 May 2021,16376,6577,0,1186865,477027,14,1186879,477041,28.0717850035501,11.2828623557065,19
-7.6926,53.28823,2021/05/01 23:00:00+00,Sun 02 May 2021,12308,856,0,1199173,477883,14,1199187,477897,28.3628909459619,11.3031082678534,20
-7.6926,53.28823,2021/05/02 23:00:00+00,Mon 03 May 2021,14095,834,0,1213268,478717,14,1213282,478731,28.696262595157,11.3228338411368,21
-7.6926,53.28823,2021/05/03 23:00:00+00,Tue 04 May 2021,26433,6679,0,1239701,485396,14,1239715,485410,29.3214497397596,11.4808039897692,22
-7.6926,53.28823,2021/05/04 23:00:00+00,Wed 05 May 2021,31846,13308,61,1271547,498704,75,1271622,498779,30.0761066543299,11.7970044564658,23
-7.6926,53.28823,2021/05/05 23:00:00+00,Thu 06 May 2021,37046,14230,118,1308593,512934,193,1308786,513127,30.9551009055315,12.1363600025922,24
-7.6926,53.28823,2021/05/06 23:00:00+00,Fri 07 May 2021,40318,14933,81,1348911,527867,274,1349185,528141,31.9106086214473,12.4914676252255,25
-7.6926,53.28823,2021/05/07 23:00:00+00,Sat 08 May 2021,25377,6943,2,1374288,534810,276,1374564,535086,32.5108668041307,12.655729143754,26
-7.6926,53.28823,2021/05/08 23:00:00+00,Sun 09 May 2021,19537,856,0,1393825,535666,276,1394101,535942,32.9729513667646,12.675975055901,27
-7.6926,53.28823,2021/05/09 23:00:00+00,Mon 10 May 2021,28588,4518,154,1422413,540184,430,1422843,540614,33.6527504402776,12.7864761091141,28
-7.6926,53.28823,2021/05/10 23:00:00+00,Tue 11 May 2021,34101,14694,141,1456514,554878,571,1457085,555449,34.462634229688,13.137350065539,29
-7.6926,53.28823,2021/05/11 23:00:00+00,Wed 12 May 2021,31020,20788,139,1487534,575666,710,1488244,576376,35.1995996228962,13.6323105836452,30
-7.6926,53.28823,2021/05/12 23:00:00+00,Thu 13 May 2021,35752,25346,131,1523286,601012,841,1524127,601853,36.048295961177,14.2348866394482,31
-7.6926,53.28823,2021/05/13 23:00:00+00,Fri 14 May 2021,37957,27838,220,1561243,628850,1061,1562304,629911,36.9512494518703,14.8985079046569,32
-7.6926,53.28823,2021/05/14 23:00:00+00,Sat 15 May 2021,28601,12326,0,1589844,641176,1061,1590905,642237,37.627713626303,15.1900395788661,33
-7.6926,53.28823,2021/05/15 23:00:00+00,Sun 16 May 2021,23004,1104,0,1612848,642280,1061,1613909,643341,38.1717988634853,15.2161511291117,34
-7.6926,53.28823,2021/05/16 23:00:00+00,Mon 17 May 2021,35164,3844,100,1648012,646124,1161,1649173,647285,39.005854758286,15.3094336962933,35
-7.6926,53.28823,2021/05/17 23:00:00+00,Tue 18 May 2021,38769,12340,108,1686781,658464,1269,1688050,659733,39.9253644855481,15.6038508860188,36
-7.6926,53.28823,2021/05/18 23:00:00+00,Wed 19 May 2021,36753,17451,193,1723534,675915,1462,1724996,677377,40.7992026516469,16.0211626546175,37
-7.6926,53.28823,2021/05/19 23:00:00+00,Thu 20 May 2021,38793,19490,107,1762327,695405,1569,1763896,696974,41.719256369539,16.484666323243,38
-7.6926,53.28823,2021/05/20 23:00:00+00,Fri 21 May 2021,25565,23054,14908,1787892,718459,16477,1804369,734936,42.6765143161778,17.382534684133,39
-7.6926,53.28823,2021/05/21 23:00:00+00,Sat 22 May 2021,16367,10124,13488,1804259,728583,29965,1834224,758548,43.3826378058351,17.9410001953636,40
-7.6926,53.28823,2021/05/22 23:00:00+00,Sun 23 May 2021,8058,5458,10188,1812317,734041,40153,1852470,774194,43.8141879378829,18.3110557344418,41
-7.6926,53.28823,2021/05/23 23:00:00+00,Mon 24 May 2021,22293,8078,8424,1834610,742119,48577,1883187,790696,44.5406992502863,18.7013571856668,42
-7.6926,53.28823,2021/05/24 23:00:00+00,Tue 25 May 2021,30043,16328,3205,1864653,758447,51782,1916435,810229,45.327073183769,19.1633471412346,43
-7.6926,53.28823,2021/05/25 23:00:00+00,Wed 26 May 2021,19655,25250,3025,1884308,783697,54807,1939115,838504,45.8634952485966,19.8321008397796,44
-7.6926,53.28823,2021/05/26 23:00:00+00,Thu 27 May 2021,16711,35806,539,1901019,819503,55346,1956365,874849,46.2714882211838,20.6917242941958,45
-7.6926,53.28823,2021/05/27 23:00:00+00,Fri 28 May 2021,26737,31678,1513,1927756,851181,56859,1984615,908040,46.9396506255656,21.4767500769865,46
-7.6926,53.28823,2021/05/28 23:00:00+00,Sat 29 May 2021,24240,7280,493,1951996,858461,57352,2009348,915813,47.5246297670727,21.6605952581992,47
-7.6926,53.28823,2021/05/29 23:00:00+00,Sun 30 May 2021,24071,1592,181,1976067,860053,57533,2033600,917586,48.0982324088804,21.7025298402512,48
-7.6926,53.28823,2021/05/30 23:00:00+00,Mon 31 May 2021,22265,7176,3409,1998332,867229,60942,2059274,928171,48.7054678626892,21.9528837889373,49
-7.6926,53.28823,2021/05/31 23:00:00+00,Tue 01 Jun 2021,27151,11319,3615,2025483,878548,64557,2090040,943105,49.4331381116524,22.3060992702484,50
-7.6926,53.28823,2021/06/01 23:00:00+00,Wed 02 Jun 2021,18354,20716,3968,2043837,899264,68525,2112362,967789,49.9610928440634,22.8899194751957,51
-7.6926,53.28823,2021/06/02 23:00:00+00,Thu 03 Jun 2021,16410,30513,1951,2060247,929777,70476,2130723,1000253,50.3953629292618,23.6577504237214,52
-7.6926,53.28823,2021/06/03 23:00:00+00,Fri 04 Jun 2021,28705,23135,111,2088952,952912,70587,2159539,1023499,51.0769122334978,24.2075593884032,53
-7.6926,53.28823,2021/06/04 23:00:00+00,Sat 05 Jun 2021,20678,11331,1,2109630,964243,70588,2180218,1034831,51.5660071135053,24.4755812066847,54
-7.6926,53.28823,2021/06/05 23:00:00+00,Sun 06 Jun 2021,19731,3779,7,2129361,968022,70595,2199956,1038617,52.0328456812111,24.5651267947552,55
-7.6926,53.28823,2021/06/06 23:00:00+00,Mon 07 Jun 2021,19522,4371,0,2148883,972393,70595,2219478,1042988,52.4945754673471,24.6685086662438,56
-7.6926,53.28823,2021/06/07 23:00:00+00,Tue 08 Jun 2021,26250,18308,10,2175133,990701,70605,2245738,1061306,53.1156708563406,25.1017617254815,57
-7.6926,53.28823,2021/06/08 23:00:00+00,Wed 09 Jun 2021,32571,19883,141,2207704,1010584,70746,2278450,1081330,53.889367442965,25.575364698414,58
-7.6926,53.28823,2021/06/09 23:00:00+00,Thu 10 Jun 2021,27399,27271,234,2235103,1037855,70980,2306083,1108835,54.5429367073997,26.2259065367333,59
-7.6926,53.28823,2021/06/10 23:00:00+00,Fri 11 Jun 2021,26180,32681,0,2261283,1070536,70980,2332263,1141516,55.1621399550711,26.9988699185953,60
-7.6926,53.28823,2021/06/11 23:00:00+00,Sat 12 Jun 2021,11940,19505,75,2273223,1090041,71055,2344278,1161096,55.4463159298905,27.4619715071899,61
-7.6926,53.28823,2021/06/12 23:00:00+00,Sun 13 Jun 2021,8394,18037,807,2281617,1108078,71862,2353479,1179940,55.6639358337035,27.9076653956207,62
-7.6926,53.28823,2021/06/13 23:00:00+00,Mon 14 Jun 2021,15768,31052,9,2297385,1139130,71871,2369256,1211001,56.0370897541967,28.6423129157094,63
-7.6926,53.28823,2021/06/14 23:00:00+00,Tue 15 Jun 2021,14411,41244,175,2311796,1180374,72046,2383842,1252420,56.3820744207564,29.6219454334825,64
-7.6926,53.28823,2021/06/15 23:00:00+00,Wed 16 Jun 2021,13148,48057,190,2324944,1228431,72236,2397180,1300667,56.6975416826907,30.7630722131005,65
-7.6926,53.28823,2021/06/16 23:00:00+00,Thu 17 Jun 2021,21264,42354,497,2346208,1270785,72733,2418941,1343518,57.2122277740802,31.77657406054,66
-7.6926,53.28823,2021/06/17 23:00:00+00,Fri 18 Jun 2021,11788,49762,521,2357996,1320547,73254,2431250,1393801,57.5033573682585,32.9658558368066,67
-7.6926,53.28823,2021/06/18 23:00:00+00,Sat 19 Jun 2021,6061,32577,400,2364057,1353124,73654,2437711,1426778,57.6561714317881,33.7458201415606,68
-7.6926,53.28823,2021/06/19 23:00:00+00,Sun 20 Jun 2021,8339,25990,158,2372396,1379114,73812,2446208,1452926,57.8571404919662,34.3642665327031,69
-7.6926,53.28823,2021/06/20 23:00:00+00,Mon 21 Jun 2021,15209,32076,532,2387605,1411190,74344,2461949,1485534,58.2294429488644,35.1355033356086,70
-7.6926,53.28823,2021/06/21 23:00:00+00,Tue 22 Jun 2021,14875,43279,685,2402480,1454469,75029,2477509,1529498,58.5974644360213,36.1753295991924,71
-7.6926,53.28823,2021/06/22 23:00:00+00,Wed 23 Jun 2021,19792,39077,846,2422272,1493546,75875,2498147,1569421,59.0855895936011,37.1195790742415,72
-7.6926,53.28823,2021/06/23 23:00:00+00,Thu 24 Jun 2021,18777,43970,998,2441049,1537516,76873,2517922,1614389,59.5533032766684,38.1831517114182,73
-7.6926,53.28823,2021/06/24 23:00:00+00,Fri 25 Jun 2021,14924,49841,782,2455973,1587357,77655,2533628,1665012,59.9247779217382,39.3804750883039,74
-7.6926,53.28823,2021/06/25 23:00:00+00,Sat 26 Jun 2021,8791,30286,450,2464764,1617643,78105,2542869,1695748,60.1433438962123,40.1074357842713,75
-7.6926,53.28823,2021/06/26 23:00:00+00,Sun 27 Jun 2021,8563,30267,31,2473327,1647910,78136,2551463,1726046,60.3466071777435,40.8240370065,76
-7.6926,53.28823,2021/06/27 23:00:00+00,Mon 28 Jun 2021,23986,24357,448,2497313,1672267,78584,2575897,1750851,60.9245144410591,41.410719075197,77
-7.6926,53.28823,2021/06/28 23:00:00+00,Tue 29 Jun 2021,27850,30681,752,2525163,1702948,79336,2604499,1782284,61.6010022672583,42.1541650524336,78
-7.6926,53.28823,2021/06/29 23:00:00+00,Wed 30 Jun 2021,22245,36485,528,2547408,1739433,79864,2627272,1819297,62.1396239463729,43.0295878868897,79
-7.6926,53.28823,2021/06/30 23:00:00+00,Thu 01 Jul 2021,14579,48026,581,2561987,1787459,80445,2642432,1867904,62.4981847269191,44.1792293024574,80
-7.6926,53.28823,2021/07/01 23:00:00+00,Fri 02 Jul 2021,13338,46928,765,2575325,1834387,81210,2656535,1915597,62.8317455902464,45.3072530034196,81
-7.6926,53.28823,2021/07/02 23:00:00+00,Sat 03 Jul 2021,9091,30150,455,2584416,1864537,81665,2666081,1946202,63.0575253535111,46.031115317972,82
-7.6926,53.28823,2021/07/03 23:00:00+00,Sun 04 Jul 2021,6276,27622,195,2590692,1892159,81860,2672552,1974019,63.210575934706,46.6890365074477,83
-7.6926,53.28823,2021/07/04 23:00:00+00,Mon 05 Jul 2021,15227,33044,5302,2605919,1925203,87162,2693081,2012365,63.6961230497345,47.595987146684,84
-7.6926,53.28823,2021/07/05 23:00:00+00,Tue 06 Jul 2021,12111,48055,5432,2618030,1973258,92594,2710624,2065852,64.1110459899139,48.8610491829024,85
-7.6926,53.28823,2021/07/06 23:00:00+00,Wed 07 Jul 2021,19411,43389,4985,2637441,2016647,97579,2735020,2114226,64.6880544861015,50.0051797368694,86
-7.6926,53.28823,2021/07/07 23:00:00+00,Thu 08 Jul 2021,17522,45276,5939,2654963,2061923,103518,2758481,2165441,65.2429485805865,51.2165049595389,87
-7.6926,53.28823,2021/07/08 23:00:00+00,Fri 09 Jul 2021,13273,44766,6492,2668236,2106689,110010,2778246,2216699,65.7104257459885,52.4288472081691,88
-7.6926,53.28823,2021/07/09 23:00:00+00,Sat 10 Jul 2021,8414,23563,4315,2676650,2130252,114325,2790975,2244577,66.0114890821081,53.088211155403,89
-7.6926,53.28823,2021/07/10 23:00:00+00,Sun 11 Jul 2021,15092,15934,2128,2691742,2146186,116453,2808195,2262639,66.4187725016994,53.5154093624099,90
-7.6926,53.28823,2021/07/11 23:00:00+00,Mon 12 Jul 2021,16911,31404,6033,2708653,2177590,122486,2831139,2300076,66.9614386328901,54.4008605458733,91
-7.6926,53.28823,2021/07/12 23:00:00+00,Tue 13 Jul 2021,19880,36192,8441,2728533,2213782,130927,2859460,2344709,67.6312803126953,55.4565098412635,92
-7.6926,53.28823,2021/07/13 23:00:00+00,Wed 14 Jul 2021,20576,35305,9276,2749109,2249087,140203,2889312,2389290,68.337332847053,56.5109292447944,93
-7.6926,53.28823,2021/07/14 23:00:00+00,Thu 15 Jul 2021,23379,28442,9516,2772488,2277529,149719,2922207,2427248,69.1153577069518,57.4087029986183,94
-7.6926,53.28823,2021/07/15 23:00:00+00,Fri 16 Jul 2021,23327,27010,9110,2795815,2304539,158829,2954644,2463368,69.8825500577813,58.2630048055659,95
-7.6926,53.28823,2021/07/16 23:00:00+00,Sat 17 Jul 2021,11354,19114,4629,2807169,2323653,163458,2970627,2487111,70.260576242179,58.8245686982115,96
-7.6926,53.28823,2021/07/17 23:00:00+00,Sun 18 Jul 2021,16737,15593,1907,2823906,2339246,165365,2989271,2504611,70.7015397773044,59.2384746124303,97
-7.6926,53.28823,2021/07/18 23:00:00+00,Mon 19 Jul 2021,24657,18056,6187,2848563,2357302,171552,3020115,2528854,71.4310548640567,59.8118643883393,98
-7.6926,53.28823,2021/07/19 23:00:00+00,Tue 20 Jul 2021,30367,17752,7646,2878930,2375054,179198,3058128,2554252,72.3301294650396,60.4125719545867,99
-7.6926,53.28823,2021/07/20 23:00:00+00,Wed 21 Jul 2021,30089,19456,6826,2909019,2394510,186024,3095043,2580534,73.2032344263761,61.0341876824438,100
-7.6926,53.28823,2021/07/21 23:00:00+00,Thu 22 Jul 2021,33321,15548,6871,2942340,2410058,192895,3135235,2602953,74.1538462266208,61.5644366362079,101
-7.6926,53.28823,2021/07/22 23:00:00+00,Fri 23 Jul 2021,26902,20442,5543,2969242,2430500,198438,3167680,2628938,74.9212277915825,62.1790277894066,102
-7.6926,53.28823,2021/07/23 23:00:00+00,Sat 24 Jul 2021,15304,14490,2203,2984546,2444990,200641,3185187,2645631,75.335299268167,62.5738467280383,103
-7.6926,53.28823,2021/07/24 23:00:00+00,Sun 25 Jul 2021,14625,13452,1015,2999171,2458442,201656,3200827,2660098,75.705212896646,62.9160168343813,104
-7.6926,53.28823,2021/07/25 23:00:00+00,Mon 26 Jul 2021,23664,17809,3397,3022835,2476251,205053,3227888,2681304,76.3452533506275,63.4175761953485,105
-7.6926,53.28823,2021/07/26 23:00:00+00,Tue 27 Jul 2021,25289,23437,3603,3048124,2499688,208656,3256780,2708344,77.0286001891195,64.0571199622329,106
-7.6926,53.28823,2021/07/27 23:00:00+00,Wed 28 Jul 2021,23256,24907,3225,3071380,2524595,211881,3283261,2736476,77.6549226185155,64.7224914581645,107
-7.6926,53.28823,2021/07/28 23:00:00+00,Thu 29 Jul 2021,19113,27493,2920,3090493,2552088,214801,3305294,2766889,78.1760419904002,65.4418126335438,108
-7.6926,53.28823,2021/07/29 23:00:00+00,Fri 30 Jul 2021,21761,22541,2079,3112254,2574629,216880,3329134,2791509,78.7399001043989,66.0241191254334,109
-7.6926,53.28823,2021/07/30 23:00:00+00,Sat 31 Jul 2021,13621,12182,883,3125875,2586811,217763,3343638,2804574,79.0829453261035,66.3331294551059,110
-7.6926,53.28823,2021/07/31 23:00:00+00,Sun 01 Aug 2021,10978,9134,355,3136853,2595945,218118,3354971,2814063,79.3509907961516,66.5575610676786,111
-7.6926,53.28823,2021/08/01 23:00:00+00,Mon 02 Aug 2021,14871,15625,393,3151724,2611570,218511,3370235,2830081,79.7120113604165,66.9364150639047,112
-7.6926,53.28823,2021/08/02 23:00:00+00,Tue 03 Aug 2021,17184,25084,1085,3168908,2636654,219596,3388504,2856250,80.1441054830944,67.5553581421443,113
-7.6926,53.28823,2021/08/03 23:00:00+00,Wed 04 Aug 2021,21934,16925,1554,3190842,2653579,221150,3411992,2874729,80.6996381752757,67.9924191357928,114
-7.6926,53.28823,2021/08/04 23:00:00+00,Thu 05 Aug 2021,13362,29703,1401,3204204,2683282,222551,3426755,2905833,81.0488092045107,68.7280836818421,115
-7.6926,53.28823,2021/08/05 23:00:00+00,Fri 06 Aug 2021,12025,24414,922,3216229,2707696,223473,3439702,2931169,81.355028625733,69.3273248385649,116
-7.6926,53.28823,2021/08/06 23:00:00+00,Sat 07 Aug 2021,6250,8196,558,3222479,2715892,224031,3446510,2939923,81.5160498522474,69.5343724027404,117
-7.6926,53.28823,2021/08/07 23:00:00+00,Sun 08 Aug 2021,8545,11783,139,3231024,2727675,224170,3455194,2951845,81.7214417927661,69.8163487632728,118
-7.6926,53.28823,2021/08/08 23:00:00+00,Mon 09 Aug 2021,5437,22696,583,3236461,2750371,224753,3461214,2975124,81.8638254272573,70.3669382362499,119
-7.6926,53.28823,2021/08/09 23:00:00+00,Tue 10 Aug 2021,9197,25663,685,3245658,2776034,225438,3471096,3001472,82.0975521840751,70.9901149806978,120
-7.6926,53.28823,2021/08/10 23:00:00+00,Wed 11 Aug 2021,6896,30896,633,3252554,2806930,226071,3478625,3033001,82.2756263342553,71.735831527521,121
-7.6926,53.28823,2021/08/11 23:00:00+00,Thu 12 Aug 2021,6633,37973,850,3259187,2844903,226921,3486108,3071824,82.4526125031752,72.6540640593905,122
-7.6926,53.28823,2021/08/12 23:00:00+00,Fri 13 Aug 2021,10803,27909,843,3269990,2872812,227764,3497754,3100576,82.7280609761462,73.3340996505688,123
-7.6926,53.28823,2021/08/13 23:00:00+00,Sat 14 Aug 2021,18040,5641,266,3288030,2878453,228030,3516060,3106483,83.1610302141857,73.4738106354425,124
-7.6926,53.28823,2021/08/14 23:00:00+00,Sun 15 Aug 2021,16955,3604,39,3304985,2882057,228069,3533054,3110126,83.5629683345419,73.5599740208996,125
-7.6926,53.28823,2021/08/15 23:00:00+00,Mon 16 Aug 2021,10098,22871,348,3315083,2904928,228417,3543500,3133345,83.8100346876808,74.1091443878852,126
-7.6926,53.28823,2021/08/16 23:00:00+00,Tue 17 Aug 2021,12763,26613,511,3327846,2931541,228928,3556774,3160469,84.1239882365574,74.7506749031578,127
-7.6926,53.28823,2021/08/17 23:00:00+00,Wed 18 Aug 2021,15135,25512,646,3342981,2957053,229574,3572555,3186627,84.4972367641167,75.3693578119656,128
-7.6926,53.28823,2021/08/18 23:00:00+00,Thu 19 Aug 2021,11287,25452,522,3354268,2982505,230096,3584364,3212601,84.7765404750315,75.9836887957325,129
-7.6926,53.28823,2021/08/19 23:00:00+00,Fri 20 Aug 2021,14738,22016,664,3369006,3004521,230760,3599766,3235281,85.1408249830772,76.5201108605601,130
-7.6926,53.28823,2021/08/20 23:00:00+00,Sat 21 Aug 2021,11802,7813,224,3380808,3012334,230984,3611792,3243318,85.4252611273283,76.7102001081359,131
-7.6926,53.28823,2021/08/21 23:00:00+00,Sun 22 Aug 2021,7984,12159,156,3388792,3024493,231140,3619932,3255633,85.6177865068564,77.0014716129133,132
-7.6926,53.28823,2021/08/22 23:00:00+00,Mon 23 Aug 2021,10792,15145,271,3399584,3039638,231411,3630995,3271049,85.8794459999423,77.3660872456903,133
-7.6926,53.28823,2021/08/23 23:00:00+00,Tue 24 Aug 2021,9637,22704,368,3409221,3062342,231779,3641000,3294121,86.1160819240428,77.9117808029964,134
-7.6926,53.28823,2021/08/24 23:00:00+00,Wed 25 Aug 2021,9337,19267,305,3418558,3081609,232084,3650642,3313693,86.3441322568941,78.3746931774587,135
-7.6926,53.28823,2021/08/25 23:00:00+00,Thu 26 Aug 2021,8504,19214,358,3427062,3100823,232442,3659504,3333265,86.5537342118545,78.8376055519211,136
-7.6926,53.28823,2021/08/26 23:00:00+00,Fri 27 Aug 2021,9650,19013,423,3436712,3119836,232865,3669577,3352701,86.7919784560789,79.2973012861358,137
-7.6926,53.28823,2021/08/27 23:00:00+00,Sat 28 Aug 2021,9870,7763,145,3446582,3127599,233010,3679592,3360609,87.0288508978447,79.4843394558296,138
-7.6926,53.28823,2021/08/28 23:00:00+00,Sun 29 Aug 2021,8778,9121,23,3455360,3136720,233033,3688393,3369753,87.237010095047,79.7006112089506,139
-7.6926,53.28823,2021/08/29 23:00:00+00,Mon 30 Aug 2021,5009,10950,77,3460369,3147670,233110,3693479,3380780,87.3573029796023,79.9614192384415,140
-7.6926,53.28823,2021/08/30 23:00:00+00,Tue 31 Aug 2021,3995,12658,134,3464364,3160328,233244,3697608,3393572,87.4549611235914,80.2639726358522,141
-7.6926,53.28823,2021/08/31 23:00:00+00,Wed 01 Sep 2021,4891,12361,171,3469255,3172689,233415,3702670,3406104,87.57468636575,80.5603765739659,142
-7.6926,53.28823,2021/09/01 23:00:00+00,Thu 02 Sep 2021,4956,12226,242,3474211,3184915,233657,3707868,3418572,87.6976282481562,80.8552667990219,143
-7.6926,53.28823,2021/09/02 23:00:00+00,Fri 03 Sep 2021,4710,15878,159,3478921,3200793,233816,3712737,3434609,87.8127886993752,81.2345701788121,144
-7.6926,53.28823,2021/09/03 23:00:00+00,Sat 04 Sep 2021,4598,10497,128,3483519,3211290,233944,3717463,3445234,87.9245669479808,81.4858701981592,145
-7.6926,53.28823,2021/09/04 23:00:00+00,Sun 05 Sep 2021,5289,11832,0,3488808,3223122,233944,3722752,3457066,88.049661141141,81.7657178997042,146
-7.6926,53.28823,2021/09/05 23:00:00+00,Mon 06 Sep 2021,2099,9559,68,3490907,3232681,234012,3724919,3466693,88.1009145192045,81.9934134560576,147
-7.6926,53.28823,2021/09/06 23:00:00+00,Tue 07 Sep 2021,2992,9883,134,3493899,3242564,234146,3728045,3476710,88.1748499413673,82.2303332013565,148
-7.6926,53.28823,2021/09/07 23:00:00+00,Wed 08 Sep 2021,2556,14675,176,3496455,3257239,234322,3730777,3491561,88.2394665675185,82.5815855860458,149
-7.6926,53.28823,2021/09/08 23:00:00+00,Thu 09 Sep 2021,3071,14676,132,3499526,3271915,234454,3733980,3506369,88.3152231757038,82.9318209447745,150
-7.6926,53.28823,2021/09/09 23:00:00+00,Fri 10 Sep 2021,3350,13836,107,3502876,3285751,234561,3737437,3520312,88.3969873325869,83.2615975254576,151
-7.6926,53.28823,2021/09/10 23:00:00+00,Sat 11 Sep 2021,2536,11227,57,3505412,3296978,234618,3740030,3531596,88.4583163631908,83.5284840589459,152
-7.6926,53.28823,2021/09/11 23:00:00+00,Sun 12 Sep 2021,2019,12842,0,3507431,3309820,234618,3742049,3544438,88.5060692798084,83.8322200446829,153
-7.6926,53.28823,2021/09/12 23:00:00+00,Mon 13 Sep 2021,1568,7636,46,3508999,3317456,234664,3743663,3552120,88.5442432309827,84.0139129151417,154
-7.6926,53.28823,2021/09/13 23:00:00+00,Tue 14 Sep 2021,1516,10664,79,3510515,3328120,234743,3745258,3562863,88.5819677985929,84.268003842939,155
-7.6926,53.28823,2021/09/14 23:00:00+00,Wed 15 Sep 2021,3236,12299,130,3513751,3340419,234873,3748624,3575292,88.6615796447221,84.5619716491005,156
-7.6926,53.28823,2021/09/15 23:00:00+00,Thu 16 Sep 2021,1879,10497,109,3515630,3350916,234982,3750612,3585898,88.7085993565773,84.8128222848836,157
-7.6926,53.28823,2021/09/16 23:00:00+00,Fri 17 Sep 2021,2524,14511,89,3518154,3365427,235071,3753225,3600498,88.7704014225119,85.1581380761748,158
-7.6926,53.28823,2021/09/17 23:00:00+00,Sat 18 Sep 2021,2268,11161,40,3520422,3376588,235111,3755533,3611699,88.8249896996557,85.4230615130413,159
-7.6926,53.28823,2021/09/18 23:00:00+00,Sun 19 Sep 2021,1850,8455,11,3522272,3385043,235122,3757394,3620165,88.869005637162,85.6232973684571,160
-7.6926,53.28823,2021/09/19 23:00:00+00,Mon 20 Sep 2021,944,5547,28,3523216,3390590,235150,3758366,3625740,88.8919951542261,85.755155966844,161
-7.6926,53.28823,2021/09/20 23:00:00+00,Tue 21 Sep 2021,1432,6585,89,3524648,3397175,235239,3759887,3632414,88.9279694911133,85.9130078566438,162
-7.6926,53.28823,2021/09/21 23:00:00+00,Wed 22 Sep 2021,1876,8059,93,3526524,3405234,235332,3761856,3640566,88.9745398194046,86.1058170573702,163
-7.6926,53.28823,2021/09/22 23:00:00+00,Thu 23 Sep 2021,1674,8680,85,3528198,3413914,235417,3763615,3649331,89.0161432767252,86.3131247909775,164
-7.6926,53.28823,2021/09/23 23:00:00+00,Fri 24 Sep 2021,1889,7292,79,3530087,3421206,235496,3765583,3656702,89.0626899532499,86.4874619620465,165
-7.6926,53.28823,2021/09/24 23:00:00+00,Sat 25 Sep 2021,2396,6531,50,3532483,3427737,235546,3768029,3663283,89.1205421741744,86.6431142375593,166
-7.6926,53.28823,2021/09/25 23:00:00+00,Sun 26 Sep 2021,1533,7076,0,3534016,3434813,235546,3769562,3670359,89.15680033226,86.8104741375029,167
-7.6926,53.28823,2021/09/26 23:00:00+00,Mon 27 Sep 2021,1162,3694,45,3535178,3438507,235591,3770769,3674098,89.1853480144579,86.8989080925465,168
-7.6926,53.28823,2021/09/27 23:00:00+00,Tue 28 Sep 2021,1433,5033,89,3536611,3443540,235680,3772291,3679220,89.2213460031116,87.0200524406967,169
-7.6926,53.28823,2021/09/28 23:00:00+00,Wed 29 Sep 2021,1621,3530,71,3538232,3447070,235751,3773983,3682821,89.261364792075,87.1052224519597,170
-7.6926,53.28823,2021/09/29 23:00:00+00,Thu 30 Sep 2021,1262,3872,77,3539494,3450942,235828,3775322,3686770,89.2930345074543,87.198623277974,171
-7.6926,53.28823,2021/09/30 23:00:00+00,Fri 01 Oct 2021,1824,5079,37,3541318,3456021,235865,3777183,3691886,89.3370504449607,87.3196257155251,172
-7.6926,53.28823,2021/10/01 23:00:00+00,Sat 02 Oct 2021,1703,4034,38,3543021,3460055,235903,3778924,3695958,89.3782281704838,87.4159357088222,173
-7.6926,53.28823,2021/10/02 23:00:00+00,Sun 03 Oct 2021,1200,2989,8,3544221,3463044,235911,3780132,3698955,89.4067995044482,87.4868200531029,174
-7.6926,53.28823,2021/10/03 23:00:00+00,Mon 04 Oct 2021,324,1155,16,3544545,3464199,235927,3780472,3700126,89.4148411050673,87.5145162717058,175
-7.6926,53.28823,2021/10/04 23:00:00+00,Tue 05 Oct 2021,970,2746,67,3545515,3466945,235994,3781509,3702939,89.4393679869556,87.5810486909457,176
-7.6926,53.28823,2021/10/05 23:00:00+00,Wed 06 Oct 2021,950,2485,34,3546465,3469430,236028,3782493,3705458,89.4626413252179,87.6406274908267,177
-7.6926,53.28823,2021/10/06 23:00:00+00,Thu 07 Oct 2021,1191,2620,41,3547656,3472050,236069,3783725,3708119,89.491780301579,87.7035648415545,178
-7.6926,53.28823,2021/10/07 23:00:00+00,Fri 08 Oct 2021,972,2675,42,3548628,3474725,236111,3784739,3710836,89.5157631928371,87.7678266912077,179
-7.6926,53.28823,2021/10/08 23:00:00+00,Sat 09 Oct 2021,729,2316,18,3549357,3477041,236129,3785486,3713170,89.5334310624326,87.8230299142813,180
-7.6926,53.28823,2021/10/09 23:00:00+00,Sun 10 Oct 2021,1525,3888,0,3550882,3480929,236129,3787011,3717058,89.569500006386,87.9149879825374,181
-7.6926,53.28823,2021/10/10 23:00:00+00,Mon 11 Oct 2021,317,1053,12,3551199,3481982,236141,3787340,3718123,89.5772814375733,87.9401771138885,182
-7.6926,53.28823,2021/10/11 23:00:00+00,Tue 12 Oct 2021,537,1563,20,3551736,3483545,236161,3787897,3719706,89.5904554715287,87.9776178603004,183
-7.6926,53.28823,2021/10/12 23:00:00+00,Wed 13 Oct 2021,972,1971,9,3552708,3485516,236170,3788878,3721686,89.6136578544915,88.0244483580234,184
-7.6926,53.28823,2021/10/13 23:00:00+00,Thu 14 Oct 2021,695,1509,7,3553403,3487025,236177,3789580,3723202,89.6302613945933,88.060304436078,185
-7.6926,53.28823,2021/10/14 23:00:00+00,Fri 15 Oct 2021,943,1992,5,3554346,3489017,236182,3790528,3725199,89.6526832692607,88.107537013832,186
-7.6926,53.28823,2021/10/15 23:00:00+00,Sat 16 Oct 2021,1371,2590,11,3555717,3491607,236193,3791910,3727800,89.6853700106007,88.1690552585682,187
-7.6926,53.28823,2021/10/16 23:00:00+00,Sun 17 Oct 2021,1703,2868,1,3557420,3494475,236194,3793614,3730669,89.7256726207624,88.2369121767336,188
-7.6926,53.28823,2021/10/17 23:00:00+00,Mon 18 Oct 2021,656,1167,3,3558076,3495642,236197,3794273,3731839,89.7412591349035,88.2645847435699,189
-7.6926,53.28823,2021/10/18 23:00:00+00,Tue 19 Oct 2021,1313,1720,10,3559389,3497362,236207,3795596,3733569,89.7725504220185,88.3055022996613,190
-7.6926,53.28823,2021/10/19 23:00:00+00,Wed 20 Oct 2021,2213,2228,0,3561602,3499590,236207,3797809,3735797,89.8248917813423,88.3581984354829,191
-7.6926,53.28823,2021/10/20 23:00:00+00,Thu 21 Oct 2021,1716,1754,8,3563318,3501344,236215,3799533,3737559,89.8656674268344,88.3998728481032,192
-7.6926,53.28823,2021/10/21 23:00:00+00,Fri 22 Oct 2021,1455,1875,0,3564773,3503219,236215,3800988,3739434,89.9000807471309,88.4442199103409,193
-7.6926,53.28823,2021/10/22 23:00:00+00,Sat 23 Oct 2021,1992,1655,0,3566765,3504874,236215,3802980,3741089,89.9471950660523,88.4833635839427,194
-7.6926,53.28823,2021/10/23 23:00:00+00,Sun 24 Oct 2021,1940,2169,0,3568705,3507043,236215,3804920,3743258,89.9930794931143,88.5346642655393,195
-7.6926,53.28823,2021/10/24 23:00:00+00,Mon 25 Oct 2021,1201,799,0,3569906,3507842,236215,3806121,3744057,90.0214852647129,88.5535620269942,196
-7.6926,53.28823,2021/10/25 23:00:00+00,Tue 26 Oct 2021,1220,1149,5,3571126,3508991,236220,3807346,3745211,90.0504586787083,88.5808561655661,197
-7.6926,53.28823,2021/10/26 23:00:00+00,Wed 27 Oct 2021,1535,1373,4,3572661,3510364,236224,3808885,3746588,90.086858747393,88.6134246480735,198
-7.6926,53.28823,2021/10/27 23:00:00+00,Thu 28 Oct 2021,2100,1631,2,3574761,3511995,236226,3810987,3748221,90.1365747606323,88.6520479828118,199
-7.6926,53.28823,2021/10/28 23:00:00+00,Fri 29 Oct 2021,2070,1292,0,3576831,3513287,236226,3813057,3749513,90.1855339173428,88.6826060651644,200
-7.6926,53.28823,2021/10/29 23:00:00+00,Sat 30 Oct 2021,1975,1414,0,3578806,3514701,236226,3815032,3750927,90.2322461562332,88.7160496630333,201
-7.6926,53.28823,2021/10/30 23:00:00+00,Sun 31 Oct 2021,1582,1309,0,3580388,3516010,236226,3816614,3752236,90.2696632508785,88.7470098254169,202
-7.6926,53.28823,2021/11/01 00:00:00+00,Mon 01 Nov 2021,226,216,0,3580614,3516226,236226,3816840,3752452,90.2750085501136,88.7521186069866,203
-7.6926,53.28823,2021/11/02 00:00:00+00,Tue 02 Nov 2021,1072,1028,9,3581686,3517254,236235,3817921,3753489,90.3005761097291,88.7766454888749,204
-7.6926,53.28823,2021/11/03 00:00:00+00,Wed 03 Nov 2021,2442,1720,5,3584128,3518974,236240,3820368,3755214,90.3584519824201,88.8174447861336,205
-7.6926,53.28823,2021/11/04 00:00:00+00,Thu 04 Nov 2021,1503,1162,0,3585631,3520136,236240,3821871,3756376,90.3940005875099,88.8449281388378,206
-7.6926,53.28823,2021/11/05 00:00:00+00,Fri 05 Nov 2021,1485,918,0,3587116,3521054,236240,3823356,3757294,90.4291234608022,88.8666404605093,207
-7.6926,53.28823,2021/11/06 00:00:00+00,Sat 06 Nov 2021,1803,1284,5,3588919,3522338,236245,3825164,3758583,90.4718858546826,88.8971275875624,208
-7.6926,53.28823,2021/11/07 00:00:00+00,Sun 07 Nov 2021,690,759,0,3589609,3523097,236245,3825854,3759342,90.4882055735861,88.9150792783562,209
-7.6926,53.28823,2021/11/08 00:00:00+00,Mon 08 Nov 2021,431,391,0,3590040,3523488,236245,3826285,3759733,90.4983994849591,88.9243271190682,210
-7.6926,53.28823,2020/12/28 00:00:00+00,Mon 28 Dec 2020,81,5,5,81,5,5,86,10,0.00203405192130395,0.000236517665267901,211
-7.6926,53.28823,2020/12/29 00:00:00+00,Tue 29 Dec 2020,58,1,0,139,6,5,144,11,0.00340585437985778,0.000260169431794691,212
-7.6926,53.28823,2020/12/30 00:00:00+00,Wed 30 Dec 2020,1038,0,0,1177,6,5,1182,11,0.0279563880346659,0.000260169431794691,213
-7.6926,53.28823,2020/12/31 00:00:00+00,Thu 31 Dec 2020,1013,0,0,2190,6,5,2195,11,0.0519156275263043,0.000260169431794691,214
-7.6926,53.28823,2021/01/01 00:00:00+00,Fri 01 Jan 2021,781,0,0,2971,6,5,2976,11,0.0703876571837274,0.000260169431794691,215
-7.6926,53.28823,2021/01/02 00:00:00+00,Sat 02 Jan 2021,1001,0,0,3972,6,5,3977,11,0.0940630754770443,0.000260169431794691,216
-7.6926,53.28823,2021/01/03 00:00:00+00,Sun 03 Jan 2021,7,0,0,3979,6,5,3984,11,0.0942286378427318,0.000260169431794691,217
-7.6926,53.28823,2021/01/04 00:00:00+00,Mon 04 Jan 2021,1157,1,0,5136,7,5,5141,12,0.121593731714228,0.000283821198321481,218
-7.6926,53.28823,2021/01/05 00:00:00+00,Tue 05 Jan 2021,3479,3,0,8615,10,5,8620,15,0.203878227460931,0.000354776497901852,219
-7.6926,53.28823,2021/01/06 00:00:00+00,Wed 06 Jan 2021,6722,2,0,15337,12,5,15342,17,0.362865402054014,0.000402080030955432,220
-7.6926,53.28823,2021/01/07 00:00:00+00,Thu 07 Jan 2021,11682,0,0,27019,12,5,27024,17,0.639165338619976,0.000402080030955432,221
-7.6926,53.28823,2021/01/08 00:00:00+00,Fri 08 Jan 2021,12640,0,0,39659,12,5,39664,17,0.938123667518603,0.000402080030955432,222
-7.6926,53.28823,2021/01/09 00:00:00+00,Sat 09 Jan 2021,8041,0,0,47700,12,5,47705,17,1.12830752216052,0.000402080030955432,223
-7.6926,53.28823,2021/01/10 00:00:00+00,Sun 10 Jan 2021,4747,0,1,52447,12,6,52453,18,1.24060610962972,0.000425731797482222,224
-7.6926,53.28823,2021/01/11 00:00:00+00,Mon 11 Jan 2021,8297,3,0,60744,15,6,60750,21,1.4368448165025,0.000496687097062593,225
-7.6926,53.28823,2021/01/12 00:00:00+00,Tue 12 Jan 2021,8821,0,0,69565,15,6,69571,21,1.64547704903532,0.000496687097062593,226
-7.6926,53.28823,2021/01/13 00:00:00+00,Wed 13 Jan 2021,9814,1,0,79379,16,6,79385,22,1.87759548572923,0.000520338863589383,227
-7.6926,53.28823,2021/01/14 00:00:00+00,Thu 14 Jan 2021,8015,0,0,87394,16,6,87400,22,2.06716439444146,0.000520338863589383,228
-7.6926,53.28823,2021/01/15 00:00:00+00,Fri 15 Jan 2021,7619,1,0,95013,17,6,95019,23,2.24736720360907,0.000543990630116173,229
-7.6926,53.28823,2021/01/16 00:00:00+00,Sat 16 Jan 2021,5190,1,0,100203,18,6,100209,24,2.37011987188311,0.000567642396642963,230
-7.6926,53.28823,2021/01/17 00:00:00+00,Sun 17 Jan 2021,1089,1,0,101292,19,6,101298,25,2.39587664563079,0.000591294163169753,231
-7.6926,53.28823,2021/01/18 00:00:00+00,Mon 18 Jan 2021,8643,0,0,109935,19,6,109941,25,2.60029886372183,0.000591294163169753,232
-7.6926,53.28823,2021/01/19 00:00:00+00,Tue 19 Jan 2021,8326,9,0,118261,28,6,118267,34,2.79722347182389,0.000804160061910864,233
-7.6926,53.28823,2021/01/20 00:00:00+00,Wed 20 Jan 2021,8389,950,0,126650,978,6,126656,984,2.99563814121713,0.0232733382623615,234
-7.6926,53.28823,2021/01/21 00:00:00+00,Thu 21 Jan 2021,8912,952,0,135562,1930,6,135568,1936,3.20642268450388,0.0457898199958657,235
-7.6926,53.28823,2021/01/22 00:00:00+00,Fri 22 Jan 2021,6705,958,0,142267,2888,6,142273,2894,3.36500777906601,0.0684482123285306,236
-7.6926,53.28823,2021/01/23 00:00:00+00,Sat 23 Jan 2021,4135,455,0,146402,3343,6,146408,3349,3.46280783365429,0.0792097660982201,237
-7.6926,53.28823,2021/01/24 00:00:00+00,Sun 24 Jan 2021,1155,391,0,147557,3734,6,147563,3740,3.49012562399273,0.088457606810195,238
-7.6926,53.28823,2021/01/25 00:00:00+00,Mon 25 Jan 2021,1308,1278,0,148865,5012,6,148871,5018,3.52106213460977,0.118684564431433,239
-7.6926,53.28823,2021/01/26 00:00:00+00,Tue 26 Jan 2021,963,3488,0,149828,8500,6,149834,8506,3.54383878577507,0.201181926076877,240
-7.6926,53.28823,2021/01/27 00:00:00+00,Wed 27 Jan 2021,2116,6684,0,151944,15184,6,151950,15190,3.59388592374576,0.359270333541942,241
-7.6926,53.28823,2021/01/28 00:00:00+00,Thu 28 Jan 2021,933,11529,0,152877,26713,6,152883,26719,3.61595302191525,0.631951549829305,242
-7.6926,53.28823,2021/01/29 00:00:00+00,Fri 29 Jan 2021,1516,11513,0,154393,38226,6,154399,38232,3.65180909996987,0.90425433785224,243
-7.6926,53.28823,2021/01/30 00:00:00+00,Sat 30 Jan 2021,587,7784,0,154980,46010,6,154986,46016,3.66569268692109,1.08835968849677,244
-7.6926,53.28823,2021/01/31 00:00:00+00,Sun 31 Jan 2021,188,4077,0,155168,50087,6,155174,50093,3.67013921902813,1.1847879406265,245
-7.6926,53.28823,2021/02/01 00:00:00+00,Mon 01 Feb 2021,956,8314,0,156124,58401,6,156130,58407,3.69275030782774,1.38142872753023,246
-7.6926,53.28823,2021/02/02 00:00:00+00,Tue 02 Feb 2021,766,5079,0,156890,63480,6,156896,63486,3.71086756098726,1.5015560497198,247
-7.6926,53.28823,2021/02/03 00:00:00+00,Wed 03 Feb 2021,1343,6839,0,158233,70319,6,158239,70325,3.74263188343274,1.66331048099651,248
-7.6926,53.28823,2021/02/04 00:00:00+00,Thu 04 Feb 2021,1369,10516,0,159602,80835,6,159608,80841,3.77501115180792,1.91203245779224,249
-7.6926,53.28823,2021/02/05 00:00:00+00,Fri 05 Feb 2021,3336,8585,0,162938,89420,6,162944,89426,3.85391344494129,2.11508287342473,250
-7.6926,53.28823,2021/02/06 00:00:00+00,Sat 06 Feb 2021,858,3853,0,163796,93273,6,163802,93279,3.87420666062128,2.20621312985246,251
-7.6926,53.28823,2021/02/07 00:00:00+00,Sun 07 Feb 2021,294,1293,0,164090,94566,6,164096,94572,3.88116027998015,2.2367948639716,252
-7.6926,53.28823,2021/02/08 00:00:00+00,Mon 08 Feb 2021,1104,865,0,165194,95431,6,165200,95437,3.90727183022573,2.25725364201727,253
-7.6926,53.28823,2021/02/09 00:00:00+00,Tue 09 Feb 2021,4171,514,0,169365,95945,6,169371,95951,4.00592334840897,2.26941065001204,254
-7.6926,53.28823,2021/02/10 00:00:00+00,Wed 10 Feb 2021,8770,567,0,178135,96512,6,178141,96518,4.21334934084892,2.28282120163273,255
-7.6926,53.28823,2021/02/11 00:00:00+00,Thu 11 Feb 2021,6103,419,0,184238,96931,6,184244,96937,4.35769607196192,2.29273129180745,256
-7.6926,53.28823,2021/02/12 00:00:00+00,Fri 12 Feb 2021,4343,508,0,188581,97439,6,188587,97445,4.46041569398777,2.30474638920306,257
-7.6926,53.28823,2021/02/13 00:00:00+00,Sat 13 Feb 2021,1163,1906,0,189744,99345,6,189750,99351,4.48792269845842,2.34982665620313,258
-7.6926,53.28823,2021/02/14 00:00:00+00,Sun 14 Feb 2021,2659,15,0,192403,99360,6,192409,99366,4.55081274565316,2.35018143270103,259
-7.6926,53.28823,2021/02/15 00:00:00+00,Mon 15 Feb 2021,1901,7849,0,194304,107209,6,194310,107215,4.59577475382059,2.5358241481698,260
-7.6926,53.28823,2021/02/16 00:00:00+00,Tue 16 Feb 2021,5584,8126,0,199888,115335,6,199894,115341,4.72784621810618,2.7280184029665,261
-7.6926,53.28823,2021/02/17 00:00:00+00,Wed 17 Feb 2021,9676,8436,0,209564,123771,6,209570,123777,4.9567007110194,2.9275447053865,262
-7.6926,53.28823,2021/02/18 00:00:00+00,Thu 18 Feb 2021,8403,8302,0,217967,132073,6,217973,132079,5.15544650514402,3.12390167109191,263
-7.6926,53.28823,2021/02/19 00:00:00+00,Fri 19 Feb 2021,9334,6548,0,227301,138621,6,227307,138627,5.37621209390508,3.27877343830933,264
-7.6926,53.28823,2021/02/20 00:00:00+00,Sat 20 Feb 2021,5833,3551,0,233134,142172,6,233140,142178,5.51417284805585,3.36276086124597,265
-7.6926,53.28823,2021/02/21 00:00:00+00,Sun 21 Feb 2021,1069,1013,1,234203,143185,7,234210,143192,5.53948023823951,3.38674375250413,266
-7.6926,53.28823,2021/02/22 00:00:00+00,Mon 22 Feb 2021,3888,1088,0,238091,144273,7,238098,144280,5.63143830649567,3.41247687448528,267
-7.6926,53.28823,2021/02/23 00:00:00+00,Tue 23 Feb 2021,13301,1042,0,251392,145315,7,251399,145322,5.94603045306851,3.43712201520619,268
-7.6926,53.28823,2021/02/24 00:00:00+00,Wed 24 Feb 2021,16853,2068,1,268245,147383,8,268253,147391,6.34465732611103,3.48605752015012,269
-7.6926,53.28823,2021/02/25 00:00:00+00,Thu 25 Feb 2021,17980,1721,0,286225,149104,8,286233,149112,6.76991608826272,3.52676221034273,270
-7.6926,53.28823,2021/02/26 00:00:00+00,Fri 26 Feb 2021,15992,2725,0,302217,151829,8,302225,151837,7.14815513855914,3.59121327412823,271
-7.6926,53.28823,2021/02/27 00:00:00+00,Sat 27 Feb 2021,8920,694,0,311137,152523,8,311145,152531,7.35912889597811,3.60762760009782,272
-7.6926,53.28823,2021/02/28 00:00:00+00,Sun 28 Feb 2021,2406,44,0,313543,152567,8,313551,152575,7.41603504624157,3.608668277825,273
-7.6926,53.28823,2021/03/01 00:00:00+00,Mon 01 Mar 2021,5508,769,0,319051,153336,8,319059,153344,7.54630897627113,3.6268564862841,274
-7.6926,53.28823,2021/03/02 00:00:00+00,Tue 02 Mar 2021,12090,1575,0,331141,154911,8,331149,154919,7.83225883358002,3.6641080185638,275
-7.6926,53.28823,2021/03/03 00:00:00+00,Wed 03 Mar 2021,12740,1463,0,343881,156374,8,343889,156382,8.13358233913133,3.69871055299249,276
-7.6926,53.28823,2021/03/04 00:00:00+00,Thu 04 Mar 2021,18606,1661,0,362487,158035,8,362495,158043,8.57364710712879,3.73799613719349,277
-7.6926,53.28823,2021/03/05 00:00:00+00,Fri 05 Mar 2021,18329,2370,0,380816,160405,8,380824,160413,9.00716033579832,3.79405082386198,278
-7.6926,53.28823,2021/03/06 00:00:00+00,Sat 06 Mar 2021,10292,115,0,391108,160520,8,391116,160528,9.25058431689204,3.79677077701256,279
-7.6926,53.28823,2021/03/07 00:00:00+00,Sun 07 Mar 2021,1466,3,0,392574,160523,8,392582,160531,9.28525780662032,3.79684173231214,280
-7.6926,53.28823,2021/03/08 00:00:00+00,Mon 08 Mar 2021,6554,1457,0,399128,161980,8,399136,161988,9.4402714844369,3.83130235614168,281
-7.6926,53.28823,2021/03/09 00:00:00+00,Tue 09 Mar 2021,13677,3066,0,412805,165046,8,412813,165054,9.76375669522381,3.90381867231282,282
-7.6926,53.28823,2021/03/10 00:00:00+00,Wed 10 Mar 2021,13588,3942,0,426393,168988,8,426401,168996,10.0851368987898,3.99705393596142,283
-7.6926,53.28823,2021/03/11 00:00:00+00,Thu 11 Mar 2021,18315,2060,0,444708,171048,8,444716,171056,10.518319002728,4.04577657500661,284
-7.6926,53.28823,2021/03/12 00:00:00+00,Fri 12 Mar 2021,17180,1304,0,461888,172352,8,461896,172360,10.9246563516582,4.07661847855754,285
-7.6926,53.28823,2021/03/13 00:00:00+00,Sat 13 Mar 2021,8183,146,0,470071,172498,8,470079,172506,11.118198757147,4.08007163647046,286
-7.6926,53.28823,2021/03/14 00:00:00+00,Sun 14 Mar 2021,314,3,0,470385,172501,8,470393,172509,11.1256254118364,4.08014259177004,287
-7.6926,53.28823,2021/03/15 00:00:00+00,Mon 15 Mar 2021,2508,954,0,472893,173455,8,472901,173463,11.1849440422856,4.10270637703659,288
-7.6926,53.28823,2021/03/16 00:00:00+00,Tue 16 Mar 2021,8808,3769,0,481701,177224,8,481709,177232,11.3932688018535,4.19184988507607,289
-7.6926,53.28823,2021/03/17 00:00:00+00,Wed 17 Mar 2021,4782,2377,0,486483,179601,8,486491,179609,11.5063715493847,4.24807013411025,290
-7.6926,53.28823,2021/03/18 00:00:00+00,Thu 18 Mar 2021,11560,4637,0,498043,184238,8,498051,184246,11.7797859704343,4.35774337549497,291
-7.6926,53.28823,2021/03/19 00:00:00+00,Fri 19 Mar 2021,10186,6072,1,508229,190310,9,508238,190319,12.0207265160428,4.50138055361217,292
-7.6926,53.28823,2021/03/20 00:00:00+00,Sat 20 Mar 2021,5089,3080,0,513318,193390,9,513327,193399,12.1410903558976,4.57422799451468,293
-7.6926,53.28823,2021/03/21 00:00:00+00,Sun 21 Mar 2021,3523,34,0,516841,193424,9,516850,193433,12.2244155293715,4.57503215457659,294
-7.6926,53.28823,2021/03/22 00:00:00+00,Mon 22 Mar 2021,7271,2357,0,524112,195781,9,524121,195790,12.3963875237878,4.63077936828024,295
-7.6926,53.28823,2021/03/23 00:00:00+00,Tue 23 Mar 2021,12386,7335,0,536498,203116,9,536507,203125,12.6893383039886,4.80426507575424,296
-7.6926,53.28823,2021/03/24 00:00:00+00,Wed 24 Mar 2021,13467,9720,0,549965,212836,9,549974,212845,13.0078566438049,5.03416024639464,297
-7.6926,53.28823,2021/03/25 00:00:00+00,Thu 25 Mar 2021,20695,10166,0,570660,223002,9,570669,223011,13.4973299520768,5.27460410490599,298
-7.6926,53.28823,2021/03/26 00:00:00+00,Fri 26 Mar 2021,19525,9405,0,590185,232407,9,590194,232416,13.9591306935124,5.49704896909045,299
-7.6926,53.28823,2021/03/27 00:00:00+00,Sat 27 Mar 2021,11582,5283,1,601767,237690,10,601777,237700,14.2330891051922,5.62202490341801,300
-7.6926,53.28823,2021/03/28 00:00:00+00,Sun 28 Mar 2021,2399,458,0,604166,238148,10,604176,238158,14.2898296930899,5.63285741248728,301
-7.6926,53.28823,2021/03/28 23:00:00+00,Mon 29 Mar 2021,9117,3049,0,613283,241197,10,613293,241207,14.5054628485147,5.70497164862746,302
-7.6926,53.28823,2021/03/29 23:00:00+00,Tue 30 Mar 2021,13171,8591,0,626454,249788,10,626464,249798,14.816980265439,5.90816397485912,303
-7.6926,53.28823,2021/03/30 23:00:00+00,Wed 31 Mar 2021,15606,10403,0,642060,260191,10,642070,260201,15.1860897338561,6.15421330203732,304
-7.6926,53.28823,2021/03/31 23:00:00+00,Thu 01 Apr 2021,19517,11513,0,661577,271704,10,661587,271714,15.6477012611595,6.42651609006025,305
-7.6926,53.28823,2021/04/01 23:00:00+00,Fri 02 Apr 2021,19982,13662,0,681559,285366,10,681569,285376,16.1203108598978,6.74964652434926,306
-7.6926,53.28823,2021/04/02 23:00:00+00,Sat 03 Apr 2021,7401,4575,0,688960,289941,10,688970,289951,16.2953575839626,6.85785335620932,307
-7.6926,53.28823,2021/04/03 23:00:00+00,Sun 04 Apr 2021,2922,143,0,691882,290084,10,691892,290094,16.3644680457539,6.86123555882265,308
-7.6926,53.28823,2021/04/04 23:00:00+00,Mon 05 Apr 2021,3312,559,0,695194,290643,10,695204,290653,16.4428026964906,6.87445689631113,309
-7.6926,53.28823,2021/04/05 23:00:00+00,Tue 06 Apr 2021,11814,8089,0,707008,298732,10,707018,298742,16.7222246662381,7.06577603574633,310
-7.6926,53.28823,2021/04/06 23:00:00+00,Wed 07 Apr 2021,18155,10389,0,725163,309121,10,725173,309131,17.151622487532,7.31149423819316,311
-7.6926,53.28823,2021/04/07 23:00:00+00,Thu 08 Apr 2021,19990,10467,0,745153,319588,10,745163,319598,17.6244213004025,7.55905727842907,312
-7.6926,53.28823,2021/04/08 23:00:00+00,Fri 09 Apr 2021,20527,9067,0,765680,328655,10,765690,328665,18.1099211118979,7.77350784552748,313
-7.6926,53.28823,2021/04/09 23:00:00+00,Sat 10 Apr 2021,10997,4111,1,776677,332766,11,776688,332777,18.3700432401596,7.87076390948564,314
-7.6926,53.28823,2021/04/10 23:00:00+00,Sun 11 Apr 2021,2767,299,0,779444,333065,11,779455,333076,18.4354876781392,7.87783578767715,315
-7.6926,53.28823,2021/04/11 23:00:00+00,Mon 12 Apr 2021,7637,2699,1,787081,335764,12,787093,335776,18.6161398708708,7.94169555729948,316
