X,Y,VaccinationDate,VaccineText,Dose1,Dose2,SingleDose,Dose1Cum,Dose2Cum,SingleDoseCum,PartiallyVacc,FullyVacc,PartialPercent,FullyPercent,ObjectId
-7.6926,53.28823,2021/07/23 23:00:00+00,Sat 24 Jul 2021,15423,14804,2271,3016572,2468078,203894,3220466,2671972,68.3909450749399,56.7429341883371,1
-7.6926,53.28823,2021/07/24 23:00:00+00,Sun 25 Jul 2021,14711,13638,1042,3031283,2481716,204936,3236219,2686652,68.7254813059591,57.0546838151614,2
-7.6926,53.28823,2021/07/25 23:00:00+00,Mon 26 Jul 2021,23813,18270,3418,3055096,2499986,208354,3263450,2708340,69.3037683691778,57.5152577869981,3
-7.6926,53.28823,2021/07/26 23:00:00+00,Tue 27 Jul 2021,25492,23880,3669,3080588,2523866,212023,3292611,2735889,69.9230415890567,58.100298009708,4
-7.6926,53.28823,2021/07/27 23:00:00+00,Wed 28 Jul 2021,23421,25268,3259,3104009,2549134,215282,3319291,2764416,70.4896274230941,58.7061073833057,5
-7.6926,53.28823,2021/07/28 23:00:00+00,Thu 29 Jul 2021,19251,27844,2957,3123260,2576978,218239,3341499,2795217,70.9612442972435,59.3602082181704,6
-7.6926,53.28823,2021/07/29 23:00:00+00,Fri 30 Jul 2021,21939,22923,2115,3145199,2599901,220354,3365553,2820255,71.4720634746025,59.8919239645209,7
-7.6926,53.28823,2021/07/30 23:00:00+00,Sat 31 Jul 2021,13729,12457,906,3158928,2612358,221260,3380188,2833618,71.7828574656497,60.1757053176034,8
-7.6926,53.28823,2021/07/31 23:00:00+00,Sun 01 Aug 2021,11090,9310,368,3170018,2621668,221628,3391646,2843296,72.0261835708371,60.3812307187209,9
-7.6926,53.28823,2021/08/01 23:00:00+00,Mon 02 Aug 2021,15004,15990,428,3185022,2637658,222056,3407078,2859714,72.3539029333134,60.7298891228899,10
-7.6926,53.28823,2021/08/02 23:00:00+00,Tue 03 Aug 2021,17323,25430,1108,3202345,2663088,223164,3425509,2886252,72.7453101112424,61.293459395142,11
-7.6926,53.28823,2021/08/03 23:00:00+00,Wed 04 Aug 2021,22088,17278,1573,3224433,2680366,224737,3449170,2905103,73.2477834028151,61.6937858403235,12
-7.6926,53.28823,2021/08/04 23:00:00+00,Thu 05 Aug 2021,13508,30020,1420,3237941,2710386,226157,3464098,2936543,73.5647996445884,62.3614567032222,13
-7.6926,53.28823,2021/08/05 23:00:00+00,Fri 06 Aug 2021,12188,24729,947,3250129,2735115,227104,3477233,2962219,73.8437391097339,62.9067212412562,14
-7.6926,53.28823,2021/08/06 23:00:00+00,Sat 07 Aug 2021,6323,8441,583,3256452,2743556,227687,3484139,2971243,73.9903973469852,63.0983580690806,15
-7.6926,53.28823,2021/08/07 23:00:00+00,Sun 08 Aug 2021,8615,11960,153,3265067,2755516,227840,3492907,2983356,74.1765976690557,63.3555939839118,16
-7.6926,53.28823,2021/08/08 23:00:00+00,Mon 09 Aug 2021,5523,23018,598,3270590,2778534,228438,3499028,3006972,74.306585371085,63.8571116397075,17
-7.6926,53.28823,2021/08/09 23:00:00+00,Tue 10 Aug 2021,9338,25979,713,3279928,2804513,229151,3509079,3033664,74.5200319309768,64.4239523099522,18
-7.6926,53.28823,2021/08/10 23:00:00+00,Wed 11 Aug 2021,6998,31218,662,3286926,2835731,229813,3516739,3065544,74.6827023765812,65.1009671671154,19
-7.6926,53.28823,2021/08/11 23:00:00+00,Thu 12 Aug 2021,6752,38273,861,3293678,2874004,230674,3524352,3104678,74.8443747137075,65.9320305115391,20
-7.6926,53.28823,2021/08/12 23:00:00+00,Fri 13 Aug 2021,10912,28224,869,3304590,2902228,231543,3536133,3133771,75.0945601601391,66.5498596595771,21
-7.6926,53.28823,2021/08/13 23:00:00+00,Sat 14 Aug 2021,18121,5825,279,3322711,2908053,231822,3554533,3139875,75.4853090111994,66.6794863436462,22
-7.6926,53.28823,2021/08/14 23:00:00+00,Sun 15 Aug 2021,16995,3717,49,3339706,2911770,231871,3571577,3143641,75.8472613708446,66.75946244001,23
-7.6926,53.28823,2021/08/15 23:00:00+00,Mon 16 Aug 2021,10174,23132,384,3349880,2934902,232255,3582135,3167157,76.0714747604911,67.2588564607456,24
-7.6926,53.28823,2021/08/16 23:00:00+00,Tue 17 Aug 2021,12854,26843,528,3362734,2961745,232783,3595517,3194528,76.3556596042351,67.8401166130484,25
-7.6926,53.28823,2021/08/17 23:00:00+00,Wed 18 Aug 2021,15222,25760,657,3377956,2987505,233440,3611396,3220945,76.6928716154301,68.4011172868778,26
-7.6926,53.28823,2021/08/18 23:00:00+00,Thu 19 Aug 2021,11353,25687,542,3389309,3013192,233982,3623291,3247174,76.9454780058302,68.9581255267942,27
-7.6926,53.28823,2021/08/19 23:00:00+00,Fri 20 Aug 2021,14836,22239,685,3404145,3035431,234667,3638812,3270098,77.27508740351,69.444947627974,28
-7.6926,53.28823,2021/08/20 23:00:00+00,Sat 21 Aug 2021,11874,7958,245,3416019,3043389,234912,3650931,3278301,77.5324507364448,69.6191494119548,29
-7.6926,53.28823,2021/08/21 23:00:00+00,Sun 22 Aug 2021,8002,12245,161,3424021,3055634,235073,3659094,3290707,77.7058030664016,69.8826075775121,30
-7.6926,53.28823,2021/08/22 23:00:00+00,Mon 23 Aug 2021,10857,15356,289,3434878,3070990,235362,3670240,3306352,77.9425034302015,70.2148502826664,31
-7.6926,53.28823,2021/08/23 23:00:00+00,Tue 24 Aug 2021,9705,22905,383,3444583,3093895,235745,3680328,3329640,78.1567357350655,70.709402415465,32
-7.6926,53.28823,2021/08/24 23:00:00+00,Wed 25 Aug 2021,9411,19503,313,3453994,3113398,236058,3690052,3349456,78.3632380083106,71.1302219389765,33
-7.6926,53.28823,2021/08/25 23:00:00+00,Thu 26 Aug 2021,8571,19419,367,3462565,3132817,236425,3698990,3369242,78.5530485099833,71.55040437197,34
-7.6926,53.28823,2021/08/26 23:00:00+00,Fri 27 Aug 2021,9710,19186,430,3472275,3152003,236855,3709130,3388858,78.7683851050785,71.9669766253613,35
-7.6926,53.28823,2021/08/27 23:00:00+00,Sat 28 Aug 2021,9914,7901,153,3482189,3159904,237008,3719197,3396912,78.9821714465799,72.1380141931026,36
-7.6926,53.28823,2021/08/28 23:00:00+00,Sun 29 Aug 2021,8793,9181,29,3490982,3169085,237037,3728019,3406122,79.1695185315828,72.3336009821387,37
-7.6926,53.28823,2021/08/29 23:00:00+00,Mon 30 Aug 2021,5054,11108,84,3496036,3180193,237121,3733157,3417314,79.2786309009713,72.5712782180663,38
-7.6926,53.28823,2021/08/30 23:00:00+00,Tue 31 Aug 2021,4057,12877,142,3500093,3193070,237263,3737356,3430333,79.3678023371453,72.8477542665421,39
-7.6926,53.28823,2021/08/31 23:00:00+00,Wed 01 Sep 2021,4954,12515,180,3505047,3205585,237443,3742490,3443028,79.4768297611314,73.1173497374231,40
-7.6926,53.28823,2021/09/01 23:00:00+00,Thu 02 Sep 2021,5005,12344,247,3510052,3217929,237690,3747742,3455619,79.5883630744884,73.3847366278417,41
-7.6926,53.28823,2021/09/02 23:00:00+00,Fri 03 Sep 2021,4769,16053,165,3514821,3233982,237855,3752676,3471837,79.6931432283543,73.7291477618904,42
-7.6926,53.28823,2021/09/03 23:00:00+00,Sat 04 Sep 2021,4626,10569,133,3519447,3244551,237988,3757435,3482539,79.7942070208649,73.9564191860234,43
-7.6926,53.28823,2021/09/04 23:00:00+00,Sun 05 Sep 2021,5304,11894,1,3524751,3256445,237989,3762740,3494434,79.9068658608038,74.2090255764236,44
-7.6926,53.28823,2021/09/05 23:00:00+00,Mon 06 Sep 2021,2151,9662,75,3526902,3266107,238064,3764966,3504171,79.9541379772419,74.4158039222265,45
-7.6926,53.28823,2021/09/06 23:00:00+00,Tue 07 Sep 2021,3025,10001,158,3529927,3276108,238222,3768149,3514330,80.0217332812052,74.6315440079832,46
-7.6926,53.28823,2021/09/07 23:00:00+00,Wed 08 Sep 2021,2606,14809,186,3532533,3290917,238408,3770941,3529325,80.0810251720835,74.9499830852467,47
-7.6926,53.28823,2021/09/08 23:00:00+00,Thu 09 Sep 2021,3112,14801,138,3535645,3305718,238546,3774191,3544264,80.1500433115371,75.2672329268767,48
-7.6926,53.28823,2021/09/09 23:00:00+00,Fri 10 Sep 2021,3372,13941,115,3539017,3319659,238661,3777678,3558320,80.2240944660831,75.5657310709258,49
-7.6926,53.28823,2021/09/10 23:00:00+00,Sat 11 Sep 2021,2557,11322,62,3541574,3330981,238723,3780297,3569704,80.2797124683074,75.8074856861688,50
-7.6926,53.28823,2021/09/11 23:00:00+00,Sun 12 Sep 2021,2040,12879,1,3543614,3343860,238724,3782338,3582584,80.3230558598843,76.081009881911,51
-7.6926,53.28823,2021/09/12 23:00:00+00,Mon 13 Sep 2021,1610,7727,52,3545224,3351587,238776,3784000,3590363,80.3583506745833,76.246207453237,52
-7.6926,53.28823,2021/09/13 23:00:00+00,Tue 14 Sep 2021,1544,10777,82,3546768,3362364,238858,3785626,3601222,80.3928809806607,76.4768129844144,53
-7.6926,53.28823,2021/09/14 23:00:00+00,Wed 15 Sep 2021,3274,12395,137,3550042,3374759,238995,3789037,3613754,80.4653181725611,76.7429469301475,54
-7.6926,53.28823,2021/09/15 23:00:00+00,Thu 16 Sep 2021,1906,10590,115,3551948,3385349,239110,3791058,3624459,80.5082368371259,76.9702820633323,55
-7.6926,53.28823,2021/09/16 23:00:00+00,Fri 17 Sep 2021,2556,14608,94,3554504,3399957,239204,3793708,3639161,80.5645131662188,77.2824988898698,56
-7.6926,53.28823,2021/09/17 23:00:00+00,Sat 18 Sep 2021,2284,11228,47,3556788,3411185,239251,3796039,3650436,80.61401509947,77.5219387428972,57
-7.6926,53.28823,2021/09/18 23:00:00+00,Sun 19 Sep 2021,1860,8488,15,3558648,3419673,239266,3797914,3658939,80.6538332568471,77.7025114320584,58
-7.6926,53.28823,2021/09/19 23:00:00+00,Mon 20 Sep 2021,952,5607,34,3559600,3425280,239300,3798900,3664580,80.6747722985398,77.8223056857993,59
-7.6926,53.28823,2021/09/20 23:00:00+00,Tue 21 Sep 2021,1461,6663,90,3561061,3431943,239390,3800451,3671333,80.7077098783221,77.9657147614085,60
-7.6926,53.28823,2021/09/21 23:00:00+00,Wed 22 Sep 2021,1893,8142,97,3562954,3440085,239487,3802441,3679572,80.7499702160183,78.1406810540111,61
-7.6926,53.28823,2021/09/22 23:00:00+00,Thu 23 Sep 2021,1698,8738,89,3564652,3448823,239576,3804228,3688399,80.7879195745425,78.328134320767,62
-7.6926,53.28823,2021/09/23 23:00:00+00,Fri 24 Sep 2021,1908,7392,79,3566560,3456215,239655,3806215,3695870,80.8301162031868,78.4867910961079,63
-7.6926,53.28823,2021/09/24 23:00:00+00,Sat 25 Sep 2021,2414,6588,52,3568974,3462803,239707,3808681,3702510,80.8824850437692,78.6278004640992,64
-7.6926,53.28823,2021/09/25 23:00:00+00,Sun 26 Sep 2021,1548,7097,0,3570522,3469900,239707,3810229,3709607,80.9153589144997,78.7785148443153,65
-7.6926,53.28823,2021/09/26 23:00:00+00,Mon 27 Sep 2021,1176,3813,45,3571698,3473713,239752,3811450,3713465,80.9412884985836,78.8604446849343,66
-7.6926,53.28823,2021/09/27 23:00:00+00,Tue 28 Sep 2021,1447,5124,93,3573145,3478837,239845,3812990,3718682,80.9739924785093,78.9712347260203,67
-7.6926,53.28823,2021/09/28 23:00:00+00,Wed 29 Sep 2021,1651,3613,79,3574796,3482450,239924,3814720,3722374,81.0107313650493,79.0496393324396,68
-7.6926,53.28823,2021/09/29 23:00:00+00,Thu 30 Sep 2021,1281,3962,78,3576077,3486412,240002,3816079,3726414,81.0395915655162,79.135434188868,69
-7.6926,53.28823,2021/09/30 23:00:00+00,Fri 01 Oct 2021,1845,5173,41,3577922,3491585,240043,3817965,3731628,81.0796433227498,79.2461605209022,70
-7.6926,53.28823,2021/10/01 23:00:00+00,Sat 02 Oct 2021,1712,4082,40,3579634,3495667,240083,3819717,3735750,81.116849409003,79.33369675808,71
-7.6926,53.28823,2021/10/02 23:00:00+00,Sun 03 Oct 2021,1195,3015,9,3580829,3498682,240092,3820921,3738774,81.1424179751267,79.3979154822977,72
-7.6926,53.28823,2021/10/03 23:00:00+00,Mon 04 Oct 2021,335,1232,18,3581164,3499914,240110,3821274,3740024,81.1499144068889,79.4244609205491,73
-7.6926,53.28823,2021/10/04 23:00:00+00,Tue 05 Oct 2021,964,2818,70,3582128,3502732,240180,3822308,3742912,81.1718727934104,79.4857915010851,74
-7.6926,53.28823,2021/10/05 23:00:00+00,Wed 06 Oct 2021,973,2566,38,3583101,3505298,240218,3823319,3745516,81.1933427438682,79.5410909580503,75
-7.6926,53.28823,2021/10/06 23:00:00+00,Thu 07 Oct 2021,1211,2691,44,3584312,3507989,240262,3824574,3748251,81.2199943638725,79.5991723769444,76
-7.6926,53.28823,2021/10/07 23:00:00+00,Fri 08 Oct 2021,963,2778,48,3585275,3510767,240310,3825585,3751077,81.2414643143303,79.6591863037431,77
-7.6926,53.28823,2021/10/08 23:00:00+00,Sat 09 Oct 2021,732,2375,23,3586007,3513142,240333,3826340,3753475,81.2574977590341,79.7101110724846,78
-7.6926,53.28823,2021/10/09 23:00:00+00,Sun 10 Oct 2021,1501,3914,1,3587508,3517056,240334,3827842,3757390,81.289394757637,79.7932513850879,79
-7.6926,53.28823,2021/10/10 23:00:00+00,Mon 11 Oct 2021,331,1121,19,3587839,3518177,240353,3828192,3758530,81.2968274803474,79.8174608247731,80
-7.6926,53.28823,2021/10/11 23:00:00+00,Tue 12 Oct 2021,558,1605,20,3588397,3519782,240373,3828770,3760155,81.3091020909948,79.8519698944999,81
-7.6926,53.28823,2021/10/12 23:00:00+00,Wed 13 Oct 2021,997,2068,11,3589394,3521850,240384,3829778,3762234,81.3305083324007,79.8961202673996,82
-7.6926,53.28823,2021/10/13 23:00:00+00,Thu 14 Oct 2021,681,1589,8,3590075,3523439,240392,3830467,3763831,81.3451401779649,79.9300347193096,83
-7.6926,53.28823,2021/10/14 23:00:00+00,Fri 15 Oct 2021,949,2064,8,3591024,3525503,240400,3831424,3765903,81.3654633654901,79.9740364377551,84
-7.6926,53.28823,2021/10/15 23:00:00+00,Sat 16 Oct 2021,1368,2636,14,3592392,3528139,240414,3832806,3768553,81.3948120020209,80.030312766848,85
-7.6926,53.28823,2021/10/16 23:00:00+00,Sun 17 Oct 2021,1699,2886,2,3594091,3531025,240416,3834507,3771441,81.4309350343933,80.091643347384,86
-7.6926,53.28823,2021/10/17 23:00:00+00,Mon 18 Oct 2021,670,1238,4,3594761,3532263,240420,3835181,3772683,81.4452483346985,80.1180188948306,87
-7.6926,53.28823,2021/10/18 23:00:00+00,Tue 19 Oct 2021,1333,1790,13,3596094,3534053,240433,3836527,3774486,81.4738324626076,80.1563080349644,88
-7.6926,53.28823,2021/10/19 23:00:00+00,Wed 20 Oct 2021,2251,2315,0,3598345,3536368,240433,3838778,3776801,81.5216354878107,80.2054701866059,89
-7.6926,53.28823,2021/10/20 23:00:00+00,Thu 21 Oct 2021,1739,1821,11,3600084,3538189,240444,3840528,3778633,81.5587991013626,80.2443751809072,90
-7.6926,53.28823,2021/10/21 23:00:00+00,Fri 22 Oct 2021,1497,1919,3,3601581,3540108,240447,3842028,3780555,81.5906536272642,80.2851914467625,91
-7.6926,53.28823,2021/10/22 23:00:00+00,Sat 23 Oct 2021,2005,1692,1,3603586,3541800,240448,3844034,3782248,81.6332537465701,80.3211445883302,92
-7.6926,53.28823,2021/10/23 23:00:00+00,Sun 24 Oct 2021,1948,2184,2,3605534,3543984,240450,3845984,3784434,81.6746646302422,80.3675672507442,93
-7.6926,53.28823,2021/10/24 23:00:00+00,Mon 25 Oct 2021,1217,840,2,3606751,3544824,240452,3847203,3785276,81.700551741625,80.3854482579503,94
-7.6926,53.28823,2021/10/25 23:00:00+00,Tue 26 Oct 2021,1237,1212,6,3607988,3546036,240458,3848446,3786494,81.7269485254221,80.4113141329825,95
-7.6926,53.28823,2021/10/26 23:00:00+00,Wed 27 Oct 2021,1554,1413,5,3609542,3547449,240463,3850005,3787912,81.7600559960093,80.4414272781348,96
-7.6926,53.28823,2021/10/27 23:00:00+00,Thu 28 Oct 2021,2149,1683,4,3611691,3549132,240467,3852158,3789599,81.8057778588534,80.4772530015989,97
-7.6926,53.28823,2021/10/28 23:00:00+00,Fri 29 Oct 2021,2131,1354,1,3613822,3550486,240468,3854290,3790954,81.851053758335,80.5060282566634,98
-7.6926,53.28823,2021/10/29 23:00:00+00,Sat 30 Oct 2021,2011,1443,0,3615833,3551929,240468,3856301,3792397,81.8937600593938,80.5366723105808,99
-7.6926,53.28823,2021/10/30 23:00:00+00,Sun 31 Oct 2021,1594,1317,0,3617427,3553246,240468,3857895,3793714,81.927610802252,80.5646405843224,100
-7.6926,53.28823,2021/11/01 00:00:00+00,Mon 01 Nov 2021,265,270,3,3617692,3553516,240471,3858163,3793987,81.9333021442131,80.5704381080365,101
-7.6926,53.28823,2021/11/02 00:00:00+00,Tue 02 Nov 2021,1090,1081,9,3618782,3554597,240480,3859262,3795077,81.9566408935237,80.5935857301917,102
-7.6926,53.28823,2021/11/03 00:00:00+00,Wed 03 Nov 2021,2530,1856,6,3621312,3556453,240486,3861798,3796939,82.0104962786481,80.633127815011,103
-7.6926,53.28823,2021/11/04 00:00:00+00,Thu 04 Nov 2021,1538,1263,1,3622850,3557716,240487,3863337,3798203,82.0431790222232,80.6599705621708,104
-7.6926,53.28823,2022/02/17 00:00:00+00,Thu 17 Feb 2022,795,1187,2,3817680,3724869,240617,4058297,3965486,86.1834179354147,84.2124509997755,105
-7.6926,53.28823,2022/02/18 00:00:00+00,Fri 18 Feb 2022,796,3290,0,3818476,3728159,240617,4059093,3968776,86.2003220704932,84.2823185932532,106
-7.6926,53.28823,2022/02/19 00:00:00+00,Sat 19 Feb 2022,979,3553,0,3819455,3731712,240617,4060072,3972329,86.2211124577317,84.3577713469389,107
-7.6926,53.28823,2022/02/20 00:00:00+00,Sun 20 Feb 2022,1366,3587,0,3820821,3735299,240617,4061438,3975916,86.2501213126528,84.4339461365451,108
-7.6926,53.28823,2022/02/21 00:00:00+00,Mon 21 Feb 2022,252,989,2,3821073,3736288,240619,4061692,3976907,86.2555153457055,84.4549913599908,109
-7.6926,53.28823,2022/02/22 00:00:00+00,Tue 22 Feb 2022,474,973,0,3821547,3737261,240619,4062166,3977880,86.2655813758904,84.4756543291256,110
-7.6926,53.28823,2022/02/23 00:00:00+00,Wed 23 Feb 2022,828,1270,1,3822375,3738531,240620,4062995,3979151,86.2831863105387,84.5026457307396,111
-7.6926,53.28823,2022/02/24 00:00:00+00,Thu 24 Feb 2022,660,1231,0,3823035,3739762,240620,4063655,3980382,86.2972023019355,84.5287876783296,112
-7.6926,53.28823,2022/02/25 00:00:00+00,Fri 25 Feb 2022,691,1221,0,3823726,3740983,240620,4064346,3981603,86.3118766202008,84.5547172624135,113
-7.6926,53.28823,2022/02/26 00:00:00+00,Sat 26 Feb 2022,960,2087,0,3824686,3743070,240620,4065306,3983690,86.3322635167779,84.5990375261181,114
-7.6926,53.28823,2022/02/27 00:00:00+00,Sun 27 Feb 2022,671,1782,0,3825357,3744852,240620,4065977,3985472,86.3465131080312,84.6368807028892,115
-7.6926,53.28823,2022/02/28 00:00:00+00,Mon 28 Feb 2022,84,426,0,3825441,3745278,240620,4066061,3985898,86.3482969614817,84.6459273882453,116
-7.6926,53.28823,2022/03/01 00:00:00+00,Tue 01 Mar 2022,131,939,0,3825572,3746217,240620,4066192,3986837,86.3510789234105,84.6658683214597,117
-7.6926,53.28823,2022/03/02 00:00:00+00,Wed 02 Mar 2022,206,993,2,3825778,3747210,240622,4066400,3987832,86.3554960843355,84.6869984903078,118
-7.6926,53.28823,2022/03/03 00:00:00+00,Thu 03 Mar 2022,278,1272,0,3826056,3748482,240622,4066678,3989104,86.3613997898026,84.7140111282724,119
-7.6926,53.28823,2022/03/04 00:00:00+00,Fri 04 Mar 2022,733,1505,2,3826789,3749987,240624,4067413,3990611,86.3770085074944,84.7460143086283,120
-7.6926,53.28823,2022/03/05 00:00:00+00,Sat 05 Mar 2022,963,3341,0,3827752,3753328,240624,4068376,3993952,86.3974591131233,84.8169649559866,121
-7.6926,53.28823,2022/03/06 00:00:00+00,Sun 06 Mar 2022,456,1915,0,3828208,3755243,240624,4068832,3995867,86.4071428889974,84.8576325673877,122
-7.6926,53.28823,2022/03/07 00:00:00+00,Mon 07 Mar 2022,112,121,0,3828320,3755364,240624,4068944,3995988,86.4095213602647,84.8602021658104,123
-7.6926,53.28823,2022/03/08 00:00:00+00,Tue 08 Mar 2022,119,492,0,3828439,3755856,240624,4069063,3996480,86.4120484859862,84.8706504503062,124
-7.6926,53.28823,2022/03/09 00:00:00+00,Wed 09 Mar 2022,125,343,0,3828564,3756199,240624,4069188,3996823,86.4147030298114,84.8779345185624,125
-7.6926,53.28823,2022/03/10 00:00:00+00,Thu 10 Mar 2022,257,507,0,3828821,3756706,240624,4069445,3997330,86.4201607719159,84.8887013483171,126
-7.6926,53.28823,2022/03/11 00:00:00+00,Fri 11 Mar 2022,494,2181,0,3829315,3758887,240624,4069939,3999511,86.4306515291128,84.9350178289781,127
-7.6926,53.28823,2022/03/12 00:00:00+00,Sat 12 Mar 2022,473,2387,2,3829788,3761274,240626,4070414,4001900,86.4407387956483,84.9857514705642,128
-7.6926,53.28823,2022/03/13 00:00:00+00,Sun 13 Mar 2022,359,1082,0,3830147,3762356,240626,4070773,4002982,86.4483626455141,85.0087292019146,129
-7.6926,53.28823,2022/03/14 00:00:00+00,Mon 14 Mar 2022,109,120,0,3830256,3762476,240626,4070882,4003102,86.4506774077296,85.0112775639867,130
-7.6926,53.28823,2022/03/15 00:00:00+00,Tue 15 Mar 2022,221,757,0,3830477,3763233,240626,4071103,4003859,86.4553706412125,85.0273534813918,131
-7.6926,53.28823,2022/03/16 00:00:00+00,Wed 16 Mar 2022,196,798,0,3830673,3764031,240626,4071299,4004657,86.4595329659303,85.0443000891714,132
-7.6926,53.28823,2022/03/18 00:00:00+00,Fri 18 Mar 2022,2,6,0,3830675,3764037,240626,4071301,4004663,86.4595754386315,85.044427507275,133
-7.6926,53.28823,2022/03/19 00:00:00+00,Sat 19 Mar 2022,743,2779,0,3831418,3766816,240626,4072044,4007442,86.4753540471281,85.1034433255955,134
-7.6926,53.28823,2022/03/20 00:00:00+00,Sun 20 Mar 2022,394,1401,0,3831812,3768217,240626,4072438,4008843,86.483721169265,85.1331954527877,135
-7.6926,53.28823,2022/03/21 00:00:00+00,Mon 21 Mar 2022,54,111,0,3831866,3768328,240626,4072492,4008954,86.4848679321974,85.1355526877044,136
-7.6926,53.28823,2022/03/22 00:00:00+00,Tue 22 Mar 2022,138,573,0,3832004,3768901,240626,4072630,4009527,86.4877985485804,85.1477211165988,137
-7.6926,53.28823,2022/03/23 00:00:00+00,Wed 23 Mar 2022,98,220,0,3832102,3769121,240626,4072728,4009747,86.4898797109393,85.1523931137311,138
-7.6926,53.28823,2022/03/24 00:00:00+00,Thu 24 Mar 2022,148,239,0,3832250,3769360,240626,4072876,4009986,86.4930226908283,85.1574686015247,139
-7.6926,53.28823,2022/03/25 00:00:00+00,Fri 25 Mar 2022,435,1622,0,3832685,3770982,240626,4073311,4011608,86.5022605033397,85.1919139621997,140
-7.6926,53.28823,2022/03/26 00:00:00+00,Sat 26 Mar 2022,874,1847,0,3833559,3772829,240626,4074185,4013455,86.5208210737651,85.23113750176,141
-7.6926,53.28823,2022/03/27 00:00:00+00,Sun 27 Mar 2022,380,802,0,3833939,3773631,240626,4074565,4014257,86.5288908869935,85.2481690549421,142
-7.6926,53.28823,2022/03/27 23:00:00+00,Mon 28 Mar 2022,40,51,0,3833979,3773682,240626,4074605,4014308,86.5297403410176,85.2492521088227,143
-7.6926,53.28823,2022/03/28 23:00:00+00,Tue 29 Mar 2022,138,192,3,3834117,3773874,240629,4074746,4014503,86.5327346664523,85.2533931971899,144
-7.6926,53.28823,2022/03/29 23:00:00+00,Wed 30 Mar 2022,110,134,0,3834227,3774008,240629,4074856,4014637,86.5350706650184,85.2562388681705,145
-7.6926,53.28823,2022/03/30 23:00:00+00,Thu 31 Mar 2022,228,355,0,3834455,3774363,240629,4075084,4014992,86.5399125529555,85.2637777726339,146
-7.6926,53.28823,2022/03/31 23:00:00+00,Fri 01 Apr 2022,310,903,0,3834765,3775266,240629,4075394,4015895,86.5464958216418,85.2829541972267,147
-7.6926,53.28823,2022/04/01 23:00:00+00,Sat 02 Apr 2022,726,1538,0,3835491,3776804,240629,4076120,4017433,86.5619134121782,85.3156157044512,148
-7.6926,53.28823,2022/04/02 23:00:00+00,Sun 03 Apr 2022,536,816,0,3836027,3777620,240629,4076656,4018249,86.5732960961004,85.3329445665417,149
-7.6926,53.28823,2022/04/03 23:00:00+00,Mon 04 Apr 2022,47,50,0,3836074,3777670,240629,4076703,4018299,86.5742942045787,85.3340063840717,150
-7.6926,53.28823,2022/04/04 23:00:00+00,Tue 05 Apr 2022,130,166,0,3836204,3777836,240629,4076833,4018465,86.5770549301568,85.3375316182715,151
-7.6926,53.28823,2022/04/05 23:00:00+00,Wed 06 Apr 2022,159,209,0,3836363,3778045,240629,4076992,4018674,86.5804315099024,85.3419700155471,152
-7.6926,53.28823,2022/04/06 23:00:00+00,Thu 07 Apr 2022,119,173,0,3836482,3778218,240629,4077111,4018847,86.5829586356239,85.3456439042011,153
-7.6926,53.28823,2022/04/07 23:00:00+00,Fri 08 Apr 2022,267,417,0,3836749,3778635,240629,4077378,4019264,86.5886287412344,85.3544994624018,154
-7.6926,53.28823,2022/04/08 23:00:00+00,Sat 09 Apr 2022,561,1018,0,3837310,3779653,240629,4077939,4020282,86.6005423339217,85.3761180673137,155
-7.6926,53.28823,2022/04/09 23:00:00+00,Sun 10 Apr 2022,412,719,0,3837722,3780372,240629,4078351,4021001,86.6092917103693,85.3913870033959,156
-7.6926,53.28823,2022/04/10 23:00:00+00,Mon 11 Apr 2022,71,92,0,3837793,3780464,240629,4078422,4021093,86.610799491262,85.3933407476512,157
-7.6926,53.28823,2022/04/11 23:00:00+00,Tue 12 Apr 2022,192,175,0,3837985,3780639,240629,4078614,4021268,86.6148768705774,85.3970571090064,158
-7.6926,53.28823,2022/04/12 23:00:00+00,Wed 13 Apr 2022,145,231,0,3838130,3780870,240629,4078759,4021499,86.6179561414146,85.4019627059953,159
-7.6926,53.28823,2022/04/13 23:00:00+00,Thu 14 Apr 2022,357,426,0,3838487,3781296,240629,4079116,4021925,86.6255375185792,85.4110093913513,160
-7.6926,53.28823,2022/04/14 23:00:00+00,Fri 15 Apr 2022,446,989,0,3838933,3782285,240629,4079562,4022914,86.6350089309472,85.4320121420958,161
-7.6926,53.28823,2022/04/15 23:00:00+00,Sat 16 Apr 2022,42,88,0,3838975,3782373,240629,4079604,4023002,86.6359008576725,85.4338809409487,162
-7.6926,53.28823,2022/04/17 23:00:00+00,Mon 18 Apr 2022,35,61,0,3839010,3782434,240629,4079639,4023063,86.6366441299435,85.4351763583354,163
-7.6926,53.28823,2022/04/18 23:00:00+00,Tue 19 Apr 2022,218,268,1,3839228,3782702,240630,4079858,4023332,86.6412948907252,85.4408889366471,164
-7.6926,53.28823,2022/04/19 23:00:00+00,Wed 20 Apr 2022,247,606,0,3839475,3783308,240630,4080105,4023938,86.6465402693237,85.4537581651114,165
-7.6926,53.28823,2022/04/20 23:00:00+00,Thu 21 Apr 2022,169,238,0,3839644,3783546,240630,4080274,4024176,86.6501292125752,85.4588124165544,166
-7.6926,53.28823,2022/04/21 23:00:00+00,Fri 22 Apr 2022,196,250,0,3839840,3783796,240630,4080470,4024426,86.654291537293,85.4641215042047,167
-7.6926,53.28823,2022/04/22 23:00:00+00,Sat 23 Apr 2022,322,1010,0,3840162,3784806,240630,4080792,4025436,86.6611296421866,85.4855702183118,168
-7.6926,53.28823,2022/04/23 23:00:00+00,Sun 24 Apr 2022,182,253,0,3840344,3785059,240630,4080974,4025689,86.664994657996,85.4909430150139,169
-7.6926,53.28823,2022/04/24 23:00:00+00,Mon 25 Apr 2022,41,56,0,3840385,3785115,240630,4081015,4025745,86.6658653483707,85.4921322506475,170
-7.6926,53.28823,2022/04/25 23:00:00+00,Tue 26 Apr 2022,144,237,0,3840529,3785352,240630,4081159,4025982,86.6689233828572,85.49716526574,171
-7.6926,53.28823,2022/04/26 23:00:00+00,Wed 27 Apr 2022,121,208,0,3840650,3785560,240630,4081280,4026190,86.6714929812799,85.5015824266651,172
-7.6926,53.28823,2022/04/27 23:00:00+00,Thu 28 Apr 2022,106,128,0,3840756,3785688,240630,4081386,4026318,86.6737440344437,85.504300679542,173
-7.6926,53.28823,2022/04/28 23:00:00+00,Fri 29 Apr 2022,171,222,0,3840927,3785910,240630,4081557,4026540,86.6773754503965,85.5090151493754,174
-7.6926,53.28823,2022/04/29 23:00:00+00,Sat 30 Apr 2022,280,722,0,3841207,3786632,240630,4081837,4027262,86.6833216285648,85.5243477945094,175
-7.6926,53.28823,2022/04/30 23:00:00+00,Sun 01 May 2022,186,746,0,3841393,3787378,240630,4082023,4028008,86.6872715897766,85.5401901120579,176
-7.6926,53.28823,2022/05/01 23:00:00+00,Mon 02 May 2022,11,26,0,3841404,3787404,240630,4082034,4028034,86.6875051896332,85.5407422571735,177
-7.6926,53.28823,2022/05/02 23:00:00+00,Tue 03 May 2022,90,117,0,3841494,3787521,240630,4082124,4028151,86.6894164611873,85.5432269101938,178
-7.6926,53.28823,2022/05/03 23:00:00+00,Wed 04 May 2022,119,128,0,3841613,3787649,240630,4082243,4028279,86.6919435869088,85.5459451630707,179
-7.6926,53.28823,2022/05/04 23:00:00+00,Thu 05 May 2022,121,158,0,3841734,3787807,240630,4082364,4028437,86.6945131853315,85.5493005064657,180
-7.6926,53.28823,2022/05/05 23:00:00+00,Fri 06 May 2022,141,257,0,3841875,3788064,240630,4082505,4028694,86.6975075107663,85.5547582485702,181
-7.6926,53.28823,2022/05/06 23:00:00+00,Sat 07 May 2022,442,1081,0,3842317,3789145,240630,4082947,4029775,86.706893977732,85.57771474357,182
-7.6926,53.28823,2022/05/07 23:00:00+00,Sun 08 May 2022,273,436,0,3842590,3789581,240630,4083220,4030211,86.7126915014461,85.5869737924321,183
-7.6926,53.28823,2022/05/08 23:00:00+00,Mon 09 May 2022,26,31,0,3842616,3789612,240630,4083246,4030242,86.7132436465617,85.5876321193007,184
-7.6926,53.28823,2022/05/09 23:00:00+00,Tue 10 May 2022,93,102,1,3842709,3789714,240631,4083340,4030345,86.7152398635182,85.5898194634126,185
-7.6926,53.28823,2022/05/10 23:00:00+00,Wed 11 May 2022,127,131,0,3842836,3789845,240631,4083467,4030476,86.7179368800446,85.5926014253414,186
-7.6926,53.28823,2022/05/11 23:00:00+00,Thu 12 May 2022,236,392,0,3843072,3790237,240631,4083703,4030868,86.7229486587864,85.600926074777,187
-7.6926,53.28823,2022/05/12 23:00:00+00,Fri 13 May 2022,176,322,0,3843248,3790559,240631,4083879,4031190,86.7266862564922,85.6077641796706,188
-7.6926,53.28823,2022/05/13 23:00:00+00,Sat 14 May 2022,331,629,0,3843579,3791188,240631,4084210,4031819,86.7337154885412,85.6211218441987,189
-7.6926,53.28823,2022/05/14 23:00:00+00,Sun 15 May 2022,169,254,0,3843748,3791442,240631,4084379,4032073,86.7373044317928,85.6265158772513,190
-7.6926,53.28823,2022/05/15 23:00:00+00,Mon 16 May 2022,27,31,0,3843775,3791473,240631,4084406,4032104,86.737877813259,85.62717420412,191
-7.6926,53.28823,2022/05/16 23:00:00+00,Tue 17 May 2022,104,91,0,3843879,3791564,240631,4084510,4032195,86.7400863937215,85.6291067120247,192
-7.6926,53.28823,2022/05/17 23:00:00+00,Wed 18 May 2022,93,112,0,3843972,3791676,240631,4084603,4032307,86.7420613743274,85.631485183292,193
-7.6926,53.28823,2022/05/18 23:00:00+00,Thu 19 May 2022,76,94,0,3844048,3791770,240631,4084679,4032401,86.7436753369731,85.6334814002485,194
-7.6926,53.28823,2022/05/19 23:00:00+00,Fri 20 May 2022,123,190,0,3844171,3791960,240631,4084802,4032591,86.746287408097,85.6375163068627,195
-7.6926,53.28823,2022/05/20 23:00:00+00,Sat 21 May 2022,392,757,0,3844563,3792717,240631,4085194,4033348,86.7546120575327,85.6535922242678,196
-7.6926,53.28823,2022/05/21 23:00:00+00,Sun 22 May 2022,232,409,0,3844795,3793126,240631,4085426,4033757,86.7595388908721,85.6622778916636,197
-7.6926,53.28823,2022/05/22 23:00:00+00,Mon 23 May 2022,28,31,0,3844823,3793157,240631,4085454,4033788,86.760133508689,85.6629362185322,198
-7.6926,53.28823,2022/05/23 23:00:00+00,Tue 24 May 2022,68,75,0,3844891,3793232,240631,4085522,4033863,86.7615775805298,85.6645289448273,199
-7.6926,53.28823,2022/05/24 23:00:00+00,Wed 25 May 2022,86,116,0,3844977,3793348,240631,4085608,4033979,86.7634039066815,85.6669923614971,200
-7.6926,53.28823,2022/05/25 23:00:00+00,Thu 26 May 2022,85,139,0,3845062,3793487,240631,4085693,4034118,86.7652089964826,85.6699442142306,201
-7.6926,53.28823,2022/05/26 23:00:00+00,Fri 27 May 2022,94,146,0,3845156,3793633,240631,4085787,4034264,86.7672052134391,85.6730447214184,202
-7.6926,53.28823,2022/05/27 23:00:00+00,Sat 28 May 2022,334,569,0,3845490,3794202,240631,4086121,4034833,86.7742981545399,85.6851282049104,203
-7.6926,53.28823,2022/05/28 23:00:00+00,Sun 29 May 2022,182,347,0,3845672,3794549,240631,4086303,4035180,86.7781631703493,85.692497218569,204
-7.6926,53.28823,2022/05/29 23:00:00+00,Mon 30 May 2022,14,13,0,3845686,3794562,240631,4086317,4035193,86.7784604792577,85.6927732911268,205
-7.6926,53.28823,2022/05/30 23:00:00+00,Tue 31 May 2022,56,60,1,3845742,3794622,240632,4086374,4035254,86.779670951242,85.6940687085135,206
-7.6926,53.28823,2021/04/10 23:00:00+00,Sun 11 Apr 2021,2859,362,8,788586,335972,217,788803,336189,16.7512970632038,7.13942747223506,207
-7.6926,53.28823,2021/04/11 23:00:00+00,Mon 12 Apr 2021,7773,2796,13,796359,338768,230,796589,338998,16.916643288984,7.19908038107357,208
-7.6926,53.28823,2021/04/12 23:00:00+00,Tue 13 Apr 2021,11508,8592,1,807867,347360,231,808098,347591,17.1610524480522,7.38156434178887,209
-7.6926,53.28823,2021/04/13 23:00:00+00,Wed 14 Apr 2021,20347,6595,2,828214,353955,233,828447,354188,17.5931909464341,7.52166054670436,210
-7.6926,53.28823,2021/04/14 23:00:00+00,Thu 15 Apr 2021,27125,10798,1,855339,364753,234,855573,364987,18.1692481928397,7.7509918968457,211
-7.6926,53.28823,2021/04/15 23:00:00+00,Fri 16 Apr 2021,27968,9831,1,883307,374584,235,883542,374819,18.763207682802,7.95978769595577,212
-7.6926,53.28823,2021/04/16 23:00:00+00,Sat 17 Apr 2021,15847,4550,3,899154,379134,238,899392,379372,19.0998038398295,8.0564768002426,213
-7.6926,53.28823,2021/04/17 23:00:00+00,Sun 18 Apr 2021,1070,485,0,900224,379619,238,900462,379857,19.1225267349727,8.06677643028414,214
-7.6926,53.28823,2021/04/18 23:00:00+00,Mon 19 Apr 2021,6738,2254,0,906962,381873,238,907200,382111,19.2656172653229,8.11464316453903,215
-7.6926,53.28823,2021/04/19 23:00:00+00,Tue 20 Apr 2021,15088,7310,1,922050,389183,239,922289,389422,19.586052559543,8.26990212378372,216
-7.6926,53.28823,2021/04/20 23:00:00+00,Wed 21 Apr 2021,26713,9876,4,948763,399059,243,949006,399302,20.1534241385527,8.47971726772264,217
-7.6926,53.28823,2021/04/21 23:00:00+00,Thu 22 Apr 2021,31620,12183,1,980383,411242,244,980627,411486,20.8249387809103,8.73846096344651,218
-7.6926,53.28823,2021/04/22 23:00:00+00,Fri 23 Apr 2021,33612,12350,3,1013995,423592,247,1014242,423839,21.5387987063665,9.00079360242196,219
-7.6926,53.28823,2021/04/23 23:00:00+00,Sat 24 Apr 2021,23700,6988,2,1037695,430580,249,1037944,430829,22.0421426883139,9.14923569312369,220
-7.6926,53.28823,2021/04/24 23:00:00+00,Sun 25 Apr 2021,9747,298,2,1047442,430878,251,1047693,431129,22.249175870324,9.15560659830402,221
-7.6926,53.28823,2021/04/25 23:00:00+00,Mon 26 Apr 2021,15579,3050,3,1063021,433928,254,1063275,434182,22.5800806853905,9.2204411766892,222
-7.6926,53.28823,2021/04/26 23:00:00+00,Tue 27 Apr 2021,25913,7808,9,1088934,441736,263,1089197,441999,23.1305693656723,9.38644572933804,223
-7.6926,53.28823,2021/04/27 23:00:00+00,Wed 28 Apr 2021,26028,8593,5,1114962,450329,268,1115230,450597,23.6834152808709,9.56903587180634,224
-7.6926,53.28823,2021/04/28 23:00:00+00,Thu 29 Apr 2021,31687,11331,6,1146649,461660,274,1146923,461934,24.3564589404717,9.80979237857108,225
-7.6926,53.28823,2021/04/29 23:00:00+00,Fri 30 Apr 2021,36121,13522,8,1182770,475182,282,1183052,475464,25.1237070513391,10.097120202204,226
-7.6926,53.28823,2021/04/30 23:00:00+00,Sat 01 May 2021,16576,6682,18,1199346,481864,300,1199646,482164,25.4761030532138,10.2394037512314,227
-7.6926,53.28823,2021/05/01 23:00:00+00,Sun 02 May 2021,12451,909,14,1211797,482773,314,1212111,483087,25.7408141634566,10.2590049028363,228
-7.6926,53.28823,2021/05/02 23:00:00+00,Mon 03 May 2021,14254,920,21,1226051,483693,335,1226386,484028,26.0439630682874,10.2789883087519,229
-7.6926,53.28823,2021/05/03 23:00:00+00,Tue 04 May 2021,26655,6785,10,1252706,490478,345,1253051,490823,26.6102303570659,10.4232893110864,230
-7.6926,53.28823,2021/05/04 23:00:00+00,Wed 05 May 2021,32098,13457,69,1284804,503935,414,1285218,504349,27.2933400468516,10.710532189317,231
-7.6926,53.28823,2021/05/05 23:00:00+00,Thu 06 May 2021,37274,14377,132,1322078,518312,546,1322624,518858,28.0877069774366,11.0186504001884,232
-7.6926,53.28823,2021/05/06 23:00:00+00,Fri 07 May 2021,40596,15065,97,1362674,533377,643,1363317,534020,28.9518777924474,11.3406359480024,233
-7.6926,53.28823,2021/05/07 23:00:00+00,Sat 08 May 2021,25610,7038,10,1388284,540415,653,1388937,541068,29.4959530948477,11.490309747039,234
-7.6926,53.28823,2021/05/08 23:00:00+00,Sun 09 May 2021,19667,921,5,1407951,541336,658,1408609,541994,29.9137145838726,11.5099746076956,235
-7.6926,53.28823,2021/05/09 23:00:00+00,Mon 10 May 2021,28841,4640,173,1436792,545976,831,1437623,546807,30.5298660602131,11.6121851631387,236
-7.6926,53.28823,2021/05/10 23:00:00+00,Tue 11 May 2021,33919,14812,153,1470711,560788,984,1471695,561772,31.253430997894,11.9299871498843,237
-7.6926,53.28823,2021/05/11 23:00:00+00,Wed 12 May 2021,31291,20925,171,1502002,581713,1155,1503157,582868,31.921569060506,12.3779892021652,238
-7.6926,53.28823,2021/05/12 23:00:00+00,Thu 13 May 2021,35998,25474,152,1538000,607187,1307,1539307,608494,32.6892631347359,12.9221919226691,239
-7.6926,53.28823,2021/05/13 23:00:00+00,Fri 14 May 2021,38212,27944,236,1576212,635131,1543,1577755,636674,33.5057583426472,13.5206322826083,240
-7.6926,53.28823,2021/05/14 23:00:00+00,Sat 15 May 2021,28853,12443,22,1605065,647574,1565,1606630,649139,34.1189579662542,13.785343392851,241
-7.6926,53.28823,2021/05/15 23:00:00+00,Sun 16 May 2021,23169,1170,9,1628234,648744,1574,1629808,650318,34.6111741004866,13.8103810502097,242
-7.6926,53.28823,2021/05/16 23:00:00+00,Mon 17 May 2021,35389,3942,115,1663623,652686,1689,1665312,654375,35.3651494922282,13.8965369245984,243
-7.6926,53.28823,2021/05/17 23:00:00+00,Tue 18 May 2021,39004,12488,125,1702627,665174,1814,1704441,666988,36.1961066548989,14.1643910147302,244
-7.6926,53.28823,2021/05/18 23:00:00+00,Wed 19 May 2021,37021,17584,207,1739648,682758,2021,1741669,684779,36.9866935150769,14.5422069282744,245
-7.6926,53.28823,2021/05/19 23:00:00+00,Thu 20 May 2021,39074,19639,136,1778722,702397,2157,1780879,704554,37.8193708221462,14.9621557614113,246
-7.6926,53.28823,2021/05/20 23:00:00+00,Fri 21 May 2021,25844,23242,14933,1804566,725639,17090,1821656,742729,38.6853254906075,15.7728534456085,247
-7.6926,53.28823,2021/05/21 23:00:00+00,Sat 22 May 2021,16589,10241,13522,1821155,735880,30612,1851767,766492,39.3247732435574,16.2774928449426,248
-7.6926,53.28823,2021/05/22 23:00:00+00,Sun 23 May 2021,8210,5523,10204,1829365,741403,40816,1870181,782219,39.7158194035261,16.6114769308462,249
-7.6926,53.28823,2021/05/23 23:00:00+00,Mon 24 May 2021,22545,8211,8450,1851910,749614,49266,1901176,798880,40.3740400904074,16.9652957682112,250
-7.6926,53.28823,2021/05/24 23:00:00+00,Tue 25 May 2021,30329,16478,3222,1882239,766092,52488,1934727,818580,41.0865408894251,17.383651875053,251
-7.6926,53.28823,2021/05/25 23:00:00+00,Wed 26 May 2021,19964,25386,3049,1902203,791478,55537,1957740,847015,41.5752530258083,17.9875075043954,252
-7.6926,53.28823,2021/05/26 23:00:00+00,Thu 27 May 2021,17004,36023,551,1919207,827501,56088,1975295,883589,41.9480571606107,18.7642057912802,253
-7.6926,53.28823,2021/05/27 23:00:00+00,Fri 28 May 2021,27028,31815,1558,1946235,859316,57646,2003881,916962,42.5551194788939,19.4729265198909,254
-7.6926,53.28823,2021/05/28 23:00:00+00,Sat 29 May 2021,24464,7383,534,1970699,866699,58180,2028879,924879,43.0859857712204,19.6410547075999,255
-7.6926,53.28823,2021/05/29 23:00:00+00,Sun 30 May 2021,24239,1675,209,1994938,868374,58389,2053327,926763,43.6051720707162,19.6810639921324,256
-7.6926,53.28823,2021/05/30 23:00:00+00,Mon 31 May 2021,22576,7322,3443,2017514,875696,61832,2079346,937528,44.1577206770064,19.9096733063533,257
-7.6926,53.28823,2021/05/31 23:00:00+00,Tue 01 Jun 2021,27541,11508,3653,2045055,887204,65485,2110540,952689,44.8201673976572,20.2316376178166,258
-7.6926,53.28823,2021/06/01 23:00:00+00,Wed 02 Jun 2021,18685,20889,4007,2063740,908093,69492,2133232,977585,45.3020626654975,20.7603378023817,259
-7.6926,53.28823,2021/06/02 23:00:00+00,Thu 03 Jun 2021,16670,30704,1976,2080410,938797,71468,2151878,1010265,45.6980356588058,21.4543417400259,260
-7.6926,53.28823,2021/06/03 23:00:00+00,Fri 04 Jun 2021,28998,23339,151,2109408,962136,71619,2181027,1033755,46.3170540424774,21.9531836156458,261
-7.6926,53.28823,2021/06/04 23:00:00+00,Sat 05 Jun 2021,20945,11485,33,2130353,973621,71652,2202005,1045273,46.7625502053874,22.1977839018694,262
-7.6926,53.28823,2021/06/05 23:00:00+00,Sun 06 Jun 2021,19929,3898,44,2150282,977519,71696,2221978,1049215,47.1867038359432,22.2814975959389,263
-7.6926,53.28823,2021/06/06 23:00:00+00,Mon 07 Jun 2021,19799,4579,45,2170081,982098,71741,2241822,1053839,47.6081179772716,22.3796944811184,264
-7.6926,53.28823,2021/06/07 23:00:00+00,Tue 08 Jun 2021,26390,18351,44,2196471,1000449,71785,2268256,1072234,48.1694796690612,22.7703371504258,265
-7.6926,53.28823,2021/06/08 23:00:00+00,Wed 09 Jun 2021,32783,20105,173,2229254,1020554,71958,2301212,1092512,48.8693448394712,23.200967867915,266
-7.6926,53.28823,2021/06/09 23:00:00+00,Thu 10 Jun 2021,27674,27485,270,2256928,1048039,72228,2329156,1120267,49.4627734206685,23.7903827788487,267
-7.6926,53.28823,2021/06/10 23:00:00+00,Fri 11 Jun 2021,26420,32891,40,2283348,1080930,72268,2355616,1153198,50.0246872575738,24.4897170404937,268
-7.6926,53.28823,2021/06/11 23:00:00+00,Sat 12 Jun 2021,12198,19716,103,2295546,1100646,72371,2367917,1173017,50.285915606318,24.910600273057,269
-7.6926,53.28823,2021/06/12 23:00:00+00,Sun 13 Jun 2021,8540,18165,831,2304086,1118811,73202,2377288,1192013,50.4849214478009,25.3140059890756,270
-7.6926,53.28823,2021/06/13 23:00:00+00,Mon 14 Jun 2021,16008,31298,48,2320094,1150109,73250,2393344,1223359,50.8258922930523,25.9796806350178,271
-7.6926,53.28823,2021/06/14 23:00:00+00,Tue 15 Jun 2021,14683,41577,205,2334777,1191686,73455,2408232,1265141,51.1420590808016,26.8669778358332,272
-7.6926,53.28823,2021/06/15 23:00:00+00,Wed 16 Jun 2021,13457,48385,215,2348234,1240071,73670,2421904,1313741,51.4324024662199,27.899064475047,273
-7.6926,53.28823,2021/06/16 23:00:00+00,Thu 17 Jun 2021,21561,42672,535,2369795,1282743,74205,2444000,1356948,51.9016408691019,28.8166234754689,274
-7.6926,53.28823,2021/06/17 23:00:00+00,Fri 18 Jun 2021,12007,50035,553,2381802,1332778,74758,2456560,1407536,52.1683694326518,29.8909279796777,275
-7.6926,53.28823,2021/06/18 23:00:00+00,Sat 19 Jun 2021,6304,32794,432,2388106,1365572,75190,2463296,1440762,52.3114174903008,30.59652696475,276
-7.6926,53.28823,2021/06/19 23:00:00+00,Sun 20 Jun 2021,8507,26136,177,2396613,1391708,75367,2471980,1467075,52.4958339589208,31.1553190581169,277
-7.6926,53.28823,2021/06/20 23:00:00+00,Mon 21 Jun 2021,15460,32331,572,2412073,1424039,75939,2488012,1499978,52.8362951317578,31.8540587019451,278
-7.6926,53.28823,2021/06/21 23:00:00+00,Tue 22 Jun 2021,15126,43534,722,2427199,1467573,76661,2503860,1544234,53.1728488160841,32.7938946341476,279
-7.6926,53.28823,2021/06/22 23:00:00+00,Wed 23 Jun 2021,20074,39377,882,2447273,1506950,77543,2524816,1584493,53.6178777792808,33.6488488729975,280
-7.6926,53.28823,2021/06/23 23:00:00+00,Thu 24 Jun 2021,19009,44262,1031,2466282,1551212,78574,2544856,1629786,54.043454245327,34.6107069007734,281
-7.6926,53.28823,2021/06/24 23:00:00+00,Fri 25 Jun 2021,15200,50115,842,2481482,1601327,79416,2560898,1680743,54.3841277816699,35.6928476183539,282
-7.6926,53.28823,2021/06/25 23:00:00+00,Sat 26 Jun 2021,9051,30542,509,2490533,1631869,79925,2570458,1711794,54.5871472934165,36.3522575408688,283
-7.6926,53.28823,2021/06/26 23:00:00+00,Sun 27 Jun 2021,8718,30470,56,2499251,1662339,79981,2579232,1742320,54.7734750335906,37.0005183793182,284
-7.6926,53.28823,2021/06/27 23:00:00+00,Mon 28 Jun 2021,24218,24628,520,2523469,1686967,80501,2603970,1767468,55.2988198747607,37.5345701242348,285
-7.6926,53.28823,2021/06/28 23:00:00+00,Tue 29 Jun 2021,28143,31015,808,2551612,1717982,81309,2632921,1799291,55.9136334610134,38.2103745094138,286
-7.6926,53.28823,2021/06/29 23:00:00+00,Wed 30 Jun 2021,22553,36855,588,2574165,1754837,81897,2656062,1836734,56.4050638502735,39.005527184971,287
-7.6926,53.28823,2021/06/30 23:00:00+00,Thu 01 Jul 2021,14991,48309,639,2589156,1803146,82536,2671692,1885682,56.7369880101688,40.0450040741939,288
-7.6926,53.28823,2021/07/01 23:00:00+00,Fri 02 Jul 2021,13649,47253,815,2602805,1850399,83351,2686156,1933750,57.0441505852632,41.0657929748878,289
-7.6926,53.28823,2021/07/02 23:00:00+00,Sat 03 Jul 2021,9301,30462,505,2612106,1880861,83856,2695962,1964717,57.2523942392576,41.7234190439522,290
-7.6926,53.28823,2021/07/03 23:00:00+00,Sun 04 Jul 2021,6444,27772,232,2618550,1908633,84088,2702638,1992721,57.3941681158706,42.3181218061856,291
-7.6926,53.28823,2021/07/04 23:00:00+00,Mon 05 Jul 2021,15589,33441,5338,2634139,1942074,89426,2723565,2031500,57.8385812249,43.1416462461459,292
-7.6926,53.28823,2021/07/05 23:00:00+00,Tue 06 Jul 2021,12401,48286,5483,2646540,1990360,94909,2741449,2085269,58.2183721190501,44.2835035816167,293
-7.6926,53.28823,2021/07/06 23:00:00+00,Wed 07 Jul 2021,19694,43747,5054,2666234,2034107,99963,2766197,2134070,58.7439293237263,45.3198587273013,294
-7.6926,53.28823,2021/07/07 23:00:00+00,Thu 08 Jul 2021,17753,45575,5993,2683987,2079682,105956,2789943,2185638,59.2482077051001,46.4149748550991,295
-7.6926,53.28823,2021/07/08 23:00:00+00,Fri 09 Jul 2021,13509,45082,6528,2697496,2124764,112484,2809980,2237248,59.6737204620945,47.5109829096221,296
-7.6926,53.28823,2021/07/09 23:00:00+00,Sat 10 Jul 2021,8621,23859,4362,2706117,2148623,116846,2822963,2265469,59.9494320019486,48.1102939599359,297
-7.6926,53.28823,2021/07/10 23:00:00+00,Sun 11 Jul 2021,15223,16104,2153,2721340,2164727,118999,2840339,2283726,60.3184348299935,48.4980060128603,298
-7.6926,53.28823,2021/07/11 23:00:00+00,Mon 12 Jul 2021,17097,31739,6090,2738437,2196466,125089,2863526,2321555,60.8108420913813,49.3013559197495,299
-7.6926,53.28823,2021/07/12 23:00:00+00,Tue 13 Jul 2021,20093,36553,8485,2758530,2233019,133574,2892104,2366593,61.4177345188597,50.2577986781221,300
-7.6926,53.28823,2021/07/13 23:00:00+00,Wed 14 Jul 2021,20784,35686,9331,2779314,2268705,142905,2922219,2411610,62.057267217212,51.2137954731321,301
-7.6926,53.28823,2021/07/14 23:00:00+00,Thu 15 Jul 2021,23615,28817,9581,2802929,2297522,152486,2955415,2450008,62.7622291117663,52.0292288635133,302
-7.6926,53.28823,2021/07/15 23:00:00+00,Fri 16 Jul 2021,23522,27406,9162,2826451,2324928,161648,2988099,2486576,63.4563179948128,52.8057997322946,303
-7.6926,53.28823,2021/07/16 23:00:00+00,Sat 17 Jul 2021,11487,19415,4676,2837938,2344343,166324,3004262,2510667,63.7995611295785,53.3174046546258,304
-7.6926,53.28823,2021/07/17 23:00:00+00,Sun 18 Jul 2021,16849,15805,1929,2854787,2360148,168253,3023040,2528401,64.198337321166,53.6940100961858,305
-7.6926,53.28823,2021/07/18 23:00:00+00,Mon 19 Jul 2021,24870,18410,6248,2879657,2378558,174501,3054158,2553059,64.8591700791712,54.2176560293079,306
-7.6926,53.28823,2021/07/19 23:00:00+00,Tue 20 Jul 2021,30560,18161,7693,2910217,2396719,182194,3092411,2578913,65.6715241987153,54.7667006377488,307
-7.6926,53.28823,2021/07/20 23:00:00+00,Wed 21 Jul 2021,30338,19825,6886,2940555,2416544,189080,3129635,2605624,66.4620261134909,55.333944798655,308
-7.6926,53.28823,2021/07/21 23:00:00+00,Thu 22 Jul 2021,33519,15916,6932,2974074,2432460,196012,3170086,2628472,67.3210577316562,55.819152937189,309
-7.6926,53.28823,2021/07/22 23:00:00+00,Fri 23 Jul 2021,27075,20814,5611,3001149,2453274,201623,3202772,2654897,68.0151890874039,56.3803235018232,310
-7.6926,53.28823,2020/12/28 00:00:00+00,Mon 28 Dec 2020,218,18,0,218,18,0,218,18,0.004629524431041,0.000382254310819899,311
-7.6926,53.28823,2020/12/29 00:00:00+00,Tue 29 Dec 2020,75,2,0,293,20,0,293,20,0.00622225072612392,0.00042472701202211,312
-7.6926,53.28823,2020/12/30 00:00:00+00,Wed 30 Dec 2020,1057,1,0,1350,21,0,1350,21,0.0286690733114925,0.000445963362623216,313
-7.6926,53.28823,2020/12/31 00:00:00+00,Thu 31 Dec 2020,1033,1,0,2383,22,0,2383,22,0.0506062234824345,0.000467199713224322,314
-7.6926,53.28823,2021/01/01 00:00:00+00,Fri 01 Jan 2021,815,0,2,3198,22,2,3200,24,0.0679563219235377,0.000509672414426533,315
-7.6926,53.28823,2021/01/02 00:00:00+00,Sat 02 Jan 2021,1016,0,0,4214,22,2,4216,24,0.0895324541342609,0.000509672414426533,316
-7.6926,53.28823,2021/01/03 00:00:00+00,Sun 03 Jan 2021,20,2,1,4234,24,3,4237,27,0.0899784174968841,0.000573381466229849,317
-7.6926,53.28823,2021/01/04 00:00:00+00,Mon 04 Jan 2021,1186,3,0,5420,27,3,5423,30,0.115164729309795,0.000637090518033166,318
-7.6926,53.28823,2021/01/05 00:00:00+00,Tue 05 Jan 2021,3527,11,0,8947,38,3,8950,41,0.190065337879894,0.000870690374645326,319
-7.6926,53.28823,2021/01/06 00:00:00+00,Wed 06 Jan 2021,6776,9,0,15723,47,3,15726,50,0.333962849552985,0.00106181753005528,320
-7.6926,53.28823,2021/01/07 00:00:00+00,Thu 07 Jan 2021,11723,8,0,27446,55,3,27449,58,0.582916587649745,0.00123170833486412,321
-7.6926,53.28823,2021/01/08 00:00:00+00,Fri 08 Jan 2021,12676,5,0,40122,60,3,40125,63,0.852108567869359,0.00133789008786965,322
-7.6926,53.28823,2021/01/09 00:00:00+00,Sat 09 Jan 2021,8074,7,0,48196,67,3,48199,70,1.02357086262269,0.00148654454207739,323
-7.6926,53.28823,2021/01/10 00:00:00+00,Sun 10 Jan 2021,4779,4,1,52975,71,4,52979,75,1.12508061849597,0.00159272629508291,324
-7.6926,53.28823,2021/01/11 00:00:00+00,Mon 11 Jan 2021,8339,6,0,61314,77,4,61318,81,1.30217054615859,0.00172014439868955,325
-7.6926,53.28823,2021/01/12 00:00:00+00,Tue 12 Jan 2021,8879,10,0,70193,87,4,70197,91,1.4907281031458,0.0019325079047006,326
-7.6926,53.28823,2021/01/13 00:00:00+00,Wed 13 Jan 2021,9878,5,0,80071,92,4,80075,96,1.70050077438352,0.00203868965770613,327
-7.6926,53.28823,2021/01/14 00:00:00+00,Thu 14 Jan 2021,8081,4,0,88152,96,4,88156,100,1.87211172359106,0.00212363506011055,328
-7.6926,53.28823,2021/01/15 00:00:00+00,Fri 15 Jan 2021,7690,2,0,95842,98,4,95846,102,2.03541925971356,0.00216610776131276,329
-7.6926,53.28823,2021/01/16 00:00:00+00,Sat 16 Jan 2021,5231,3,0,101073,101,4,101077,105,2.14650660970794,0.00222981681311608,330
-7.6926,53.28823,2021/01/17 00:00:00+00,Sun 17 Jan 2021,1111,4,0,102184,105,4,102188,109,2.17010019522577,0.0023147622155205,331
-7.6926,53.28823,2021/01/18 00:00:00+00,Mon 18 Jan 2021,8712,8,1,110896,113,5,110901,118,2.3551325180132,0.00250588937093045,332
-7.6926,53.28823,2021/01/19 00:00:00+00,Tue 19 Jan 2021,8376,19,0,119272,132,5,119277,137,2.53300819064806,0.00290938003235146,333
-7.6926,53.28823,2021/01/20 00:00:00+00,Wed 20 Jan 2021,8444,962,1,127716,1094,6,127722,1100,2.7123491714744,0.0233599856612161,334
-7.6926,53.28823,2021/01/21 00:00:00+00,Thu 21 Jan 2021,9002,962,0,136718,2056,6,136724,2062,2.90351879958555,0.0437893549394796,335
-7.6926,53.28823,2021/01/22 00:00:00+00,Fri 22 Jan 2021,6778,967,0,143496,3023,6,143502,3029,3.04745878395984,0.0643249059707486,336
-7.6926,53.28823,2021/01/23 00:00:00+00,Sat 23 Jan 2021,4185,460,0,147681,3483,6,147687,3489,3.13633291122547,0.0740936272472572,337
-7.6926,53.28823,2021/01/24 00:00:00+00,Sun 24 Jan 2021,1181,398,0,148862,3881,6,148868,3887,3.16141304128538,0.0825456947864972,338
-7.6926,53.28823,2021/01/25 00:00:00+00,Mon 25 Jan 2021,1355,1286,0,150217,5167,6,150223,5173,3.19018829634987,0.109855641659519,339
-7.6926,53.28823,2021/01/26 00:00:00+00,Tue 26 Jan 2021,1001,3499,0,151218,8666,6,151224,8672,3.21144588330158,0.184161632412787,340
-7.6926,53.28823,2021/01/27 00:00:00+00,Wed 27 Jan 2021,2167,6699,0,153385,15365,6,153391,15371,3.25746505505418,0.326423945089593,341
-7.6926,53.28823,2021/01/28 00:00:00+00,Thu 28 Jan 2021,1003,11538,0,154388,26903,6,154394,26909,3.27876511470709,0.571448958325149,342
-7.6926,53.28823,2021/01/29 00:00:00+00,Fri 29 Jan 2021,1574,11526,0,155962,38429,6,155968,38435,3.31219113055323,0.816219135353491,343
-7.6926,53.28823,2021/01/30 00:00:00+00,Sat 30 Jan 2021,631,7793,0,156593,46222,6,156599,46228,3.32559126778252,0.981714015587906,344
-7.6926,53.28823,2021/01/31 00:00:00+00,Sun 31 Jan 2021,225,4086,0,156818,50308,6,156824,50314,3.33036944666777,1.06848574414402,345
-7.6926,53.28823,2021/02/01 00:00:00+00,Mon 01 Feb 2021,1023,8335,0,157841,58643,6,157847,58649,3.3520942333327,1.24549072640424,346
-7.6926,53.28823,2021/02/02 00:00:00+00,Tue 02 Feb 2021,825,5108,0,158666,63751,6,158672,63757,3.36961422257862,1.35396600527468,347
-7.6926,53.28823,2021/02/03 00:00:00+00,Wed 03 Feb 2021,1396,6864,0,160062,70615,6,160068,70621,3.39926016801776,1.49973231580067,348
-7.6926,53.28823,2021/02/04 00:00:00+00,Thu 04 Feb 2021,1426,10541,1,161488,81156,7,161495,81163,3.42956444032554,1.72360592383753,349
-7.6926,53.28823,2021/02/05 00:00:00+00,Fri 05 Feb 2021,3387,8613,0,164875,89769,7,164882,89776,3.50149195981148,1.90651461156485,350
-7.6926,53.28823,2021/02/06 00:00:00+00,Sat 06 Feb 2021,893,3867,0,165768,93636,7,165775,93643,3.52045602089827,1.98863557933932,351
-7.6926,53.28823,2021/02/07 00:00:00+00,Sun 07 Feb 2021,328,1300,2,166096,94936,9,166105,94945,3.52746401659663,2.01628530782196,352
-7.6926,53.28823,2021/02/08 00:00:00+00,Mon 08 Feb 2021,1172,878,0,167268,95814,9,167277,95823,3.55235301950113,2.03493082364973,353
-7.6926,53.28823,2021/02/09 00:00:00+00,Tue 09 Feb 2021,4258,543,2,171526,96357,11,171537,96368,3.64281987306184,2.04650463472734,354
-7.6926,53.28823,2021/02/10 00:00:00+00,Wed 10 Feb 2021,8823,580,0,180349,96937,11,180360,96948,3.83018819441539,2.05882171807598,355
-7.6926,53.28823,2021/02/11 00:00:00+00,Thu 11 Feb 2021,6176,445,0,186525,97382,11,186536,97393,3.96134389572782,2.06827189409347,356
-7.6926,53.28823,2021/02/12 00:00:00+00,Fri 12 Feb 2021,4391,522,0,190916,97904,11,190927,97915,4.05459271121727,2.07935726910725,357
-7.6926,53.28823,2021/02/13 00:00:00+00,Sat 13 Feb 2021,1207,1914,0,192123,99818,11,192134,99829,4.08022498639281,2.12000364415776,358
-7.6926,53.28823,2021/02/14 00:00:00+00,Sun 14 Feb 2021,2695,27,0,194818,99845,11,194829,99856,4.13745695126279,2.12057702562399,359
-7.6926,53.28823,2021/02/15 00:00:00+00,Mon 15 Feb 2021,1961,7887,0,196779,107732,11,196790,107743,4.17910143479156,2.28806812281491,360
-7.6926,53.28823,2021/02/16 00:00:00+00,Tue 16 Feb 2021,5646,8158,0,202425,115890,11,202436,115901,4.2990018702854,2.46131427101873,361
-7.6926,53.28823,2021/02/17 00:00:00+00,Wed 17 Feb 2021,9742,8463,0,212167,124353,11,212178,124364,4.50588639784137,2.64103750615589,362
-7.6926,53.28823,2021/02/18 00:00:00+00,Thu 18 Feb 2021,8458,8350,1,220625,132703,12,220637,132715,4.68552468757612,2.81838227002572,363
-7.6926,53.28823,2021/02/19 00:00:00+00,Fri 19 Feb 2021,9384,6581,0,230009,139284,12,230021,139296,4.88480660161689,2.95813869333159,364
-7.6926,53.28823,2021/02/20 00:00:00+00,Sat 20 Feb 2021,5885,3568,2,235894,142852,14,235908,142866,5.0098249976056,3.03395246497754,365
-7.6926,53.28823,2021/02/21 00:00:00+00,Sun 21 Feb 2021,1108,1023,5,237002,143875,19,237021,143894,5.03346105582463,3.05578343339548,366
-7.6926,53.28823,2021/02/22 00:00:00+00,Mon 22 Feb 2021,3940,1123,1,240942,144998,20,240962,145018,5.11715351354359,3.07965309147112,367
-7.6926,53.28823,2021/02/23 00:00:00+00,Tue 23 Feb 2021,13358,1063,1,254300,146061,21,254321,146082,5.40084992122376,3.1022485685107,368
-7.6926,53.28823,2021/02/24 00:00:00+00,Wed 24 Feb 2021,16936,2102,3,271236,148163,24,271260,148187,5.76057246405588,3.14695108652602,369
-7.6926,53.28823,2021/02/25 00:00:00+00,Thu 25 Feb 2021,18085,1755,2,289321,149918,26,289347,149944,6.14467433737808,3.18426335453217,370
-7.6926,53.28823,2021/02/26 00:00:00+00,Fri 26 Feb 2021,16074,2766,0,305395,152684,26,305421,152710,6.48602743694025,3.24300310029482,371
-7.6926,53.28823,2021/02/27 00:00:00+00,Sat 27 Feb 2021,8991,704,1,314386,153388,27,314413,153415,6.67698470154539,3.2579747274686,372
-7.6926,53.28823,2021/02/28 00:00:00+00,Sun 28 Feb 2021,2442,57,2,316828,153445,29,316857,153474,6.72888634241449,3.25922767215407,373
-7.6926,53.28823,2021/03/01 00:00:00+00,Mon 01 Mar 2021,5591,789,0,322419,154234,29,322448,154263,6.84761877862527,3.27598315277834,374
-7.6926,53.28823,2021/03/02 00:00:00+00,Tue 02 Mar 2021,12179,1608,0,334598,155842,29,334627,155871,7.10625629259614,3.31013120454492,375
-7.6926,53.28823,2021/03/03 00:00:00+00,Wed 03 Mar 2021,12894,1502,1,347492,157344,30,347522,157374,7.38009903359739,3.34204943949838,376
-7.6926,53.28823,2021/03/04 00:00:00+00,Thu 04 Mar 2021,18736,1687,4,366228,159031,34,366262,159065,7.77806824386211,3.37796010836485,377
-7.6926,53.28823,2021/03/05 00:00:00+00,Fri 05 Mar 2021,18441,2395,6,384669,161426,40,384709,161466,8.1698152034007,3.4289485861581,378
-7.6926,53.28823,2021/03/06 00:00:00+00,Sat 06 Mar 2021,10392,139,4,395061,161565,44,395105,161609,8.3905883042498,3.43198538429406,379
-7.6926,53.28823,2021/03/07 00:00:00+00,Sun 07 Mar 2021,1519,11,3,396580,161576,47,396627,161623,8.42291002986468,3.43228269320248,380
-7.6926,53.28823,2021/03/08 00:00:00+00,Mon 08 Mar 2021,6667,1495,5,403247,163071,52,403299,163123,8.56459896107526,3.46413721910414,381
-7.6926,53.28823,2021/03/09 00:00:00+00,Tue 09 Mar 2021,13822,3103,5,417069,166174,57,417126,166231,8.85823398083674,3.53013979677237,382
-7.6926,53.28823,2021/03/10 00:00:00+00,Wed 10 Mar 2021,13730,3987,3,430799,170161,60,430859,170221,9.14987278364172,3.61487283567078,383
-7.6926,53.28823,2021/03/11 00:00:00+00,Thu 11 Mar 2021,18475,2097,3,449274,172258,63,449337,172321,9.54227807004895,3.6594691719331,384
-7.6926,53.28823,2021/03/12 00:00:00+00,Fri 12 Mar 2021,17322,1337,4,466596,173595,67,466663,173662,9.91021908056371,3.68794711808919,385
-7.6926,53.28823,2021/03/13 00:00:00+00,Sat 13 Mar 2021,8300,174,0,474896,173769,67,474963,173836,10.0864807905529,3.69164224309378,386
-7.6926,53.28823,2021/03/14 00:00:00+00,Sun 14 Mar 2021,381,19,2,475277,173788,69,475346,173857,10.0946143128331,3.6920882064564,387
-7.6926,53.28823,2021/03/15 00:00:00+00,Mon 15 Mar 2021,2653,992,0,477930,174780,69,477999,174849,10.1509543509778,3.7131546662527,388
-7.6926,53.28823,2021/03/16 00:00:00+00,Tue 16 Mar 2021,8932,3819,2,486862,178599,71,486933,178670,10.3406799072481,3.79429876189952,389
-7.6926,53.28823,2021/03/17 00:00:00+00,Wed 17 Mar 2021,4898,2415,6,491760,181014,77,491837,181091,10.4448229705959,3.8457119667048,390
-7.6926,53.28823,2021/03/18 00:00:00+00,Thu 18 Mar 2021,11720,4679,5,503480,185693,82,503562,185775,10.6938191813939,3.94518303292038,391
-7.6926,53.28823,2021/03/19 00:00:00+00,Fri 19 Mar 2021,10366,6127,2,513846,191820,84,513930,191904,10.9139976644262,4.07534062575455,392
-7.6926,53.28823,2021/03/20 00:00:00+00,Sat 20 Mar 2021,5239,3117,4,519085,194937,88,519173,195025,11.0253398506278,4.1416192759806,393
-7.6926,53.28823,2021/03/21 00:00:00+00,Sun 21 Mar 2021,3636,54,3,522721,194991,91,522812,195082,11.1026189304652,4.14282974796487,394
-7.6926,53.28823,2021/03/22 00:00:00+00,Mon 22 Mar 2021,7412,2403,1,530133,197394,92,530225,197486,11.2600439974712,4.19388193480993,395
-7.6926,53.28823,2021/03/23 00:00:00+00,Tue 23 Mar 2021,12561,7385,4,542694,204779,96,542790,204875,11.5268787427741,4.35079732940149,396
-7.6926,53.28823,2021/03/24 00:00:00+00,Wed 24 Mar 2021,13620,9779,2,556314,214558,98,556412,214656,11.8161603106623,4.55851007463091,397
-7.6926,53.28823,2021/03/25 00:00:00+00,Thu 25 Mar 2021,20865,10224,3,577179,224782,101,577280,224883,12.2593204750062,4.77569423222841,398
-7.6926,53.28823,2021/03/26 00:00:00+00,Fri 26 Mar 2021,19694,9493,1,596873,234275,102,596975,234377,12.677570400095,4.97731214483531,399
-7.6926,53.28823,2021/03/27 00:00:00+00,Sat 27 Mar 2021,11745,5349,3,608618,239624,105,608723,239729,12.9270550469568,5.09096909325243,400
-7.6926,53.28823,2021/03/28 00:00:00+00,Sun 28 Mar 2021,2488,482,0,611106,240106,105,611211,240211,12.9798910872523,5.10120501424216,401
-7.6926,53.28823,2021/03/28 23:00:00+00,Mon 29 Mar 2021,9265,3119,3,620371,243225,108,620479,243333,13.1767095846234,5.16750490081881,402
-7.6926,53.28823,2021/03/29 23:00:00+00,Tue 30 Mar 2021,13321,8663,4,633692,251888,112,633804,252000,13.4596839563831,5.35156035147859,403
-7.6926,53.28823,2021/03/30 23:00:00+00,Wed 31 Mar 2021,15831,10502,4,649523,262390,116,649639,262506,13.7959615681516,5.57466945089381,404
-7.6926,53.28823,2021/03/31 23:00:00+00,Thu 01 Apr 2021,19692,11572,8,669215,273962,124,669339,274086,14.2143176749934,5.82058639085461,405
-7.6926,53.28823,2021/04/01 23:00:00+00,Fri 02 Apr 2021,20134,13719,8,689349,287681,132,689481,287813,14.6420602488008,6.11209777555598,406
-7.6926,53.28823,2021/04/02 23:00:00+00,Sat 03 Apr 2021,7547,4635,6,696896,292316,138,697034,292454,14.802458404891,6.21065567869571,407
-7.6926,53.28823,2021/04/03 23:00:00+00,Sun 04 Apr 2021,3030,169,3,699926,292485,141,700067,292626,14.8668682562641,6.2143083309991,408
-7.6926,53.28823,2021/04/04 23:00:00+00,Mon 05 Apr 2021,3428,605,4,703354,293090,145,703499,293235,14.9397514115271,6.22724126851518,409
-7.6926,53.28823,2021/04/05 23:00:00+00,Tue 06 Apr 2021,11989,8156,11,715343,301246,156,715499,301402,15.1945876187404,6.40067854387441,410
-7.6926,53.28823,2021/04/06 23:00:00+00,Wed 07 Apr 2021,18357,10467,10,733700,311713,166,733866,311879,15.5846356702309,6.62317178912219,411
-7.6926,53.28823,2021/04/07 23:00:00+00,Thu 08 Apr 2021,20183,10575,15,753883,322288,181,754064,322469,16.013567479672,6.8480647419879,412
-7.6926,53.28823,2021/04/08 23:00:00+00,Fri 09 Apr 2021,20677,9156,16,774560,331444,197,774757,331641,16.4530112826607,7.04284454970124,413
-7.6926,53.28823,2021/04/09 23:00:00+00,Sat 10 Apr 2021,11167,4166,12,785727,335610,209,785936,335819,16.6904124460305,7.13157002251265,414
-7.6926,53.28823,2021/11/05 00:00:00+00,Fri 05 Nov 2021,1633,1078,3,3624483,3558794,240490,3864973,3799284,82.0779216918066,80.6829270571706,415
-7.6926,53.28823,2021/11/06 00:00:00+00,Sat 06 Nov 2021,1815,1343,5,3626298,3560137,240495,3866793,3800632,82.1165718499006,80.7115536577809,416
-7.6926,53.28823,2021/11/07 00:00:00+00,Sun 07 Nov 2021,693,770,0,3626991,3560907,240495,3867486,3801402,82.1312886408672,80.7279056477437,417
-7.6926,53.28823,2021/11/08 00:00:00+00,Mon 08 Nov 2021,515,523,3,3627506,3561430,240498,3868004,3801928,82.1422890704786,80.7390759681599,418
-7.6926,53.28823,2021/11/09 00:00:00+00,Tue 09 Nov 2021,1368,1048,1,3628874,3562478,240499,3869373,3802977,82.1713616344515,80.7613528999405,419
-7.6926,53.28823,2021/11/10 00:00:00+00,Wed 10 Nov 2021,1616,1347,1,3630490,3563825,240500,3870990,3804325,82.2057008133735,80.7899795005508,420
-7.6926,53.28823,2021/11/11 00:00:00+00,Thu 11 Nov 2021,1386,1098,2,3631876,3564923,240502,3872378,3805425,82.2351768680078,80.813339486212,421
-7.6926,53.28823,2021/11/12 00:00:00+00,Fri 12 Nov 2021,1147,1133,6,3633023,3566056,240508,3873531,3806564,82.2596623802509,80.8375276895466,422
-7.6926,53.28823,2021/11/13 00:00:00+00,Sat 13 Nov 2021,1399,1362,0,3634422,3567418,240508,3874930,3807926,82.2893720347418,80.8664515990653,423
-7.6926,53.28823,2021/11/14 00:00:00+00,Sun 14 Nov 2021,1646,1801,0,3636068,3569219,240508,3876576,3809727,82.3243270678312,80.9046982664979,424
-7.6926,53.28823,2021/11/15 00:00:00+00,Mon 15 Nov 2021,1245,578,1,3637313,3569797,240509,3877822,3810306,82.3507875606802,80.916994113496,425
-7.6926,53.28823,2021/11/16 00:00:00+00,Tue 16 Nov 2021,1318,1059,5,3638631,3570856,240514,3879145,3811370,82.3788832525255,80.9395895905355,426
-7.6926,53.28823,2021/11/17 00:00:00+00,Wed 17 Nov 2021,1507,1096,0,3640138,3571952,240514,3880652,3812466,82.4108864328813,80.9628646307944,427
-7.6926,53.28823,2021/11/18 00:00:00+00,Thu 18 Nov 2021,1655,2489,5,3641793,3574441,240519,3882312,3814960,82.4461387748792,81.0158280891935,428
-7.6926,53.28823,2021/11/19 00:00:00+00,Fri 19 Nov 2021,1166,1534,0,3642959,3575975,240519,3883478,3816494,82.4709003596801,81.0484046510156,429
-7.6926,53.28823,2021/11/20 00:00:00+00,Sat 20 Nov 2021,1543,2927,12,3644502,3578902,240531,3885033,3819433,82.5039228848648,81.1108182854323,430
-7.6926,53.28823,2021/11/21 00:00:00+00,Sun 21 Nov 2021,1784,2758,0,3646286,3581660,240531,3886817,3822191,82.5418085343372,81.1693881403901,431
-7.6926,53.28823,2021/11/22 00:00:00+00,Mon 22 Nov 2021,712,501,2,3646998,3582161,240533,3887531,3822694,82.5569712886663,81.1800700247425,432
-7.6926,53.28823,2021/11/23 00:00:00+00,Tue 23 Nov 2021,2155,1573,7,3649153,3583734,240540,3889693,3824274,82.6028842786659,81.2136234586922,433
-7.6926,53.28823,2021/11/24 00:00:00+00,Wed 24 Nov 2021,1621,3126,2,3650774,3586860,240542,3891316,3827402,82.6373508756915,81.2800507633725,434
-7.6926,53.28823,2021/11/25 00:00:00+00,Thu 25 Nov 2021,988,1166,1,3651762,3588026,240543,3892305,3828569,82.658353626436,81.304833584524,435
-7.6926,53.28823,2021/11/26 00:00:00+00,Fri 26 Nov 2021,1288,1089,12,3653050,3589115,240555,3893605,3829670,82.6859608822175,81.3282148065358,436
-7.6926,53.28823,2021/11/27 00:00:00+00,Sat 27 Nov 2021,1201,1553,6,3654251,3590668,240561,3894812,3831229,82.711593157393,81.3613222771229,437
-7.6926,53.28823,2021/11/28 00:00:00+00,Sun 28 Nov 2021,1962,2253,0,3656213,3592921,240561,3896774,3833482,82.7532588772724,81.4091677750272,438
-7.6926,53.28823,2021/11/29 00:00:00+00,Mon 29 Nov 2021,541,984,2,3656754,3593905,240563,3897317,3834468,82.7647902156488,81.4301068167199,439
-7.6926,53.28823,2021/11/30 00:00:00+00,Tue 30 Nov 2021,1950,1628,6,3658704,3595533,240569,3899273,3836102,82.8063285174245,81.4648070136021,440
-7.6926,53.28823,2021/12/01 00:00:00+00,Wed 01 Dec 2021,1078,1358,2,3659782,3596891,240571,3900353,3837462,82.8292637760737,81.4936884504196,441
-7.6926,53.28823,2021/12/02 00:00:00+00,Thu 02 Dec 2021,1774,1396,0,3661556,3598287,240571,3902127,3838858,82.8669370620401,81.5233343958587,442
-7.6926,53.28823,2021/12/03 00:00:00+00,Fri 03 Dec 2021,1045,1166,3,3662601,3599453,240574,3903175,3840027,82.88919275747,81.5481596897114,443
-7.6926,53.28823,2021/12/04 00:00:00+00,Sat 04 Dec 2021,1203,1696,1,3663804,3601149,240575,3904379,3841724,82.9147613235938,81.5841977766815,444
-7.6926,53.28823,2021/12/05 00:00:00+00,Sun 05 Dec 2021,1345,1772,1,3665149,3602921,240576,3905725,3843497,82.9433454515029,81.6218498262973,445
-7.6926,53.28823,2021/12/06 00:00:00+00,Mon 06 Dec 2021,933,1283,0,3666082,3604204,240576,3906658,3844780,82.9631589666137,81.6490960641185,446
-7.6926,53.28823,2021/12/07 00:00:00+00,Tue 07 Dec 2021,482,737,2,3666564,3604941,240578,3907142,3845519,82.9734373603046,81.6647897272127,447
-7.6926,53.28823,2021/12/08 00:00:00+00,Wed 08 Dec 2021,802,1502,1,3667366,3606443,240579,3907945,3847022,82.9904901498373,81.6967079621662,448
-7.6926,53.28823,2021/12/09 00:00:00+00,Thu 09 Dec 2021,799,1197,0,3668165,3607640,240579,3908744,3848219,83.0074579939676,81.7221278738357,449
-7.6926,53.28823,2021/12/10 00:00:00+00,Fri 10 Dec 2021,893,1598,1,3669058,3609238,240580,3909638,3849818,83.026443291405,81.7560847984469,450
-7.6926,53.28823,2021/12/11 00:00:00+00,Sat 11 Dec 2021,639,836,1,3669697,3610074,240581,3910278,3850655,83.0400345557897,81.7738596239,451
-7.6926,53.28823,2021/12/12 00:00:00+00,Sun 12 Dec 2021,689,1190,0,3670386,3611264,240581,3910967,3851845,83.0546664013539,81.7991308811153,452
-7.6926,53.28823,2021/12/13 00:00:00+00,Mon 13 Dec 2021,726,1053,1,3671112,3612317,240582,3911694,3852899,83.0701052282409,81.8215139946489,453
-7.6926,53.28823,2021/12/14 00:00:00+00,Tue 14 Dec 2021,628,1191,1,3671740,3613508,240583,3912323,3854091,83.0834628927689,81.8468277245654,454
-7.6926,53.28823,2021/12/15 00:00:00+00,Wed 15 Dec 2021,797,1232,1,3672537,3614740,240584,3913121,3855324,83.1004095005487,81.8730121448565,455
-7.6926,53.28823,2021/12/16 00:00:00+00,Thu 16 Dec 2021,1056,1524,7,3673593,3616264,240591,3914184,3856855,83.1229837412376,81.9055249976268,456
-7.6926,53.28823,2021/12/17 00:00:00+00,Fri 17 Dec 2021,1211,2436,1,3674804,3618700,240592,3915396,3859292,83.1487221981662,81.9572779840417,457
-7.6926,53.28823,2021/12/18 00:00:00+00,Sat 18 Dec 2021,1258,1179,0,3676062,3619879,240592,3916654,3860471,83.1754375272224,81.9823156414004,458
-7.6926,53.28823,2021/12/19 00:00:00+00,Sun 19 Dec 2021,553,881,1,3676615,3620760,240593,3917208,3861353,83.1872024654554,82.0010461026306,459
-7.6926,53.28823,2021/12/20 00:00:00+00,Mon 20 Dec 2021,525,600,0,3677140,3621360,240593,3917733,3861953,83.198351549521,82.0137879129913,460
-7.6926,53.28823,2021/12/21 00:00:00+00,Tue 21 Dec 2021,1445,1795,4,3678585,3623155,240597,3919182,3863752,83.2291230215419,82.0519921077227,461
-7.6926,53.28823,2021/12/22 00:00:00+00,Wed 22 Dec 2021,1207,1569,2,3679792,3624724,240599,3920391,3865323,83.2547977694187,82.085354414517,462
-7.6926,53.28823,2021/12/23 00:00:00+00,Thu 23 Dec 2021,950,1353,0,3680742,3626077,240599,3921341,3866676,83.2749723024897,82.1140871968803,463
-7.6926,53.28823,2021/12/24 00:00:00+00,Fri 24 Dec 2021,105,143,0,3680847,3626220,240599,3921446,3866819,83.2772021193028,82.1171239950162,464
-7.6926,53.28823,2021/12/25 00:00:00+00,Sat 25 Dec 2021,2,22,0,3680849,3626242,240599,3921448,3866841,83.2772445920041,82.1175911947295,465
-7.6926,53.28823,2021/12/26 00:00:00+00,Sun 26 Dec 2021,11,8,0,3680860,3626250,240599,3921459,3866849,83.2774781918607,82.1177610855343,466
-7.6926,53.28823,2021/12/27 00:00:00+00,Mon 27 Dec 2021,390,585,0,3681250,3626835,240599,3921849,3867434,83.2857603685951,82.1301843506359,467
-7.6926,53.28823,2021/12/28 00:00:00+00,Tue 28 Dec 2021,470,740,1,3681720,3627575,240600,3922320,3868175,83.2957626897282,82.1459204864314,468
-7.6926,53.28823,2021/12/29 00:00:00+00,Wed 29 Dec 2021,1075,1294,0,3682795,3628869,240600,3923395,3869469,83.3185917666244,82.1734003241092,469
-7.6926,53.28823,2021/12/30 00:00:00+00,Thu 30 Dec 2021,1069,1182,1,3683864,3630051,240601,3924465,3870652,83.3413146617676,82.1985229268703,470
-7.6926,53.28823,2021/12/31 00:00:00+00,Fri 31 Dec 2021,720,1669,0,3684584,3631720,240601,3925185,3872321,83.3566048342004,82.2339663960235,471
-7.6926,53.28823,2022/01/01 00:00:00+00,Sat 01 Jan 2022,68,96,0,3684652,3631816,240601,3925253,3872417,83.3580489060412,82.2360050856812,472
-7.6926,53.28823,2022/01/02 00:00:00+00,Sun 02 Jan 2022,272,624,0,3684924,3632440,240601,3925525,3873041,83.3638251934048,82.2492565684563,473
-7.6926,53.28823,2022/01/03 00:00:00+00,Mon 03 Jan 2022,3631,718,1,3688555,3633158,240602,3929157,3873760,83.440955618788,82.2645255045385,474
-7.6926,53.28823,2022/01/04 00:00:00+00,Tue 04 Jan 2022,1191,771,0,3689746,3633929,240602,3930348,3874531,83.4662481123539,82.280898730852,475
-7.6926,53.28823,2022/01/05 00:00:00+00,Wed 05 Jan 2022,2144,888,0,3691890,3634817,240602,3932492,3875419,83.5117788480427,82.2997566101858,476
-7.6926,53.28823,2022/01/06 00:00:00+00,Thu 06 Jan 2022,2465,1681,1,3694355,3636498,240603,3934958,3877101,83.564147688625,82.3354761518968,477
-7.6926,53.28823,2022/01/07 00:00:00+00,Fri 07 Jan 2022,4855,769,0,3699210,3637267,240603,3939813,3877870,83.6672501707934,82.3518069055091,478
-7.6926,53.28823,2022/01/08 00:00:00+00,Sat 08 Jan 2022,9792,733,1,3709002,3638000,240604,3949606,3878604,83.87521775223,82.3673943868503,479
-7.6926,53.28823,2022/01/09 00:00:00+00,Sun 09 Jan 2022,7115,663,0,3716117,3638663,240604,3956721,3879267,84.0263143867568,82.3814740872988,480
-7.6926,53.28823,2022/01/10 00:00:00+00,Mon 10 Jan 2022,6658,498,0,3722775,3639161,240604,3963379,3879765,84.167706009059,82.3920497898982,481
-7.6926,53.28823,2022/01/11 00:00:00+00,Tue 11 Jan 2022,4777,1349,1,3727552,3640510,240605,3968157,3881115,84.2691732922311,82.4207188632097,482
-7.6926,53.28823,2022/01/12 00:00:00+00,Wed 12 Jan 2022,7564,898,1,3735116,3641408,240606,3975722,3882014,84.4298262845285,82.4398103424001,483
-7.6926,53.28823,2022/01/13 00:00:00+00,Thu 13 Jan 2022,7327,797,0,3742443,3642205,240606,3983049,3882811,84.5854250253827,82.4567357138291,484
-7.6926,53.28823,2022/01/14 00:00:00+00,Fri 14 Jan 2022,10727,820,0,3753170,3643025,240606,3993776,3883631,84.8132273582808,82.474149521322,485
-7.6926,53.28823,2022/01/15 00:00:00+00,Sat 15 Jan 2022,8355,643,0,3761525,3643668,240606,4002131,3884274,84.990657067553,82.4878044947585,486
-7.6926,53.28823,2022/01/16 00:00:00+00,Sun 16 Jan 2022,6966,1214,1,3768491,3644882,240607,4009098,3885489,85.1386107221909,82.5136066607389,487
-7.6926,53.28823,2022/01/17 00:00:00+00,Mon 17 Jan 2022,2567,548,0,3771058,3645430,240607,4011665,3886037,85.193124434184,82.5252441808683,488
-7.6926,53.28823,2022/01/18 00:00:00+00,Tue 18 Jan 2022,4062,434,3,3775120,3645864,240610,4015730,3886474,85.2794501993775,82.534524466081,489
-7.6926,53.28823,2022/01/19 00:00:00+00,Wed 19 Jan 2022,3489,614,0,3778609,3646478,240610,4019219,3887088,85.3535438266247,82.5475635853501,490
-7.6926,53.28823,2022/01/20 00:00:00+00,Thu 20 Jan 2022,3698,929,1,3782307,3647407,240611,4022918,3888018,85.4320970874982,82.5673133914091,491
-7.6926,53.28823,2022/01/21 00:00:00+00,Fri 21 Jan 2022,3254,968,0,3785561,3648375,240611,4026172,3888986,85.5012001723542,82.587870178791,492
-7.6926,53.28823,2022/01/22 00:00:00+00,Sat 22 Jan 2022,4271,639,0,3789832,3649014,240611,4030443,3889625,85.5919006257715,82.6014402068251,493
-7.6926,53.28823,2022/01/23 00:00:00+00,Sun 23 Jan 2022,3091,677,0,3792923,3649691,240611,4033534,3890302,85.6575421854796,82.615817216182,494
-7.6926,53.28823,2022/01/24 00:00:00+00,Mon 24 Jan 2022,646,457,0,3793569,3650148,240611,4034180,3890759,85.6712608679679,82.6255222284067,495
-7.6926,53.28823,2022/01/25 00:00:00+00,Tue 25 Jan 2022,699,1829,0,3794268,3651977,240611,4034879,3892588,85.6861050770381,82.6643635136561,496
-7.6926,53.28823,2022/01/26 00:00:00+00,Wed 26 Jan 2022,701,887,0,3794969,3652864,240611,4035580,3893475,85.7009917588094,82.6832001566393,497
-7.6926,53.28823,2022/01/27 00:00:00+00,Thu 27 Jan 2022,1274,1165,0,3796243,3654029,240611,4036854,3894640,85.7280468694752,82.7079405050896,498
-7.6926,53.28823,2022/01/28 00:00:00+00,Fri 28 Jan 2022,1032,3091,0,3797275,3657120,240611,4037886,3897731,85.7499627832956,82.7735820647976,499
-7.6926,53.28823,2022/01/29 00:00:00+00,Sat 29 Jan 2022,2328,3442,0,3799603,3660562,240611,4040214,3901173,85.799401007495,82.8466775835666,500
-7.6926,53.28823,2022/01/30 00:00:00+00,Sun 30 Jan 2022,1634,7538,0,3801237,3668100,240611,4041848,3908711,85.8341012043772,83.0067571943978,501
-7.6926,53.28823,2022/01/31 00:00:00+00,Mon 31 Jan 2022,480,1388,0,3801717,3669488,240611,4042328,3910099,85.8442946526657,83.0362332490321,502
-7.6926,53.28823,2022/02/01 00:00:00+00,Tue 01 Feb 2022,753,3413,1,3802470,3672901,240612,4043082,3913513,85.8603068610189,83.1087341499843,503
-7.6926,53.28823,2022/02/02 00:00:00+00,Wed 02 Feb 2022,646,2994,0,3803116,3675895,240612,4043728,3916507,85.8740255435072,83.172315783684,504
-7.6926,53.28823,2022/02/03 00:00:00+00,Thu 03 Feb 2022,910,2428,1,3804026,3678323,240613,4044639,3918936,85.8933718589048,83.2238988792941,505
-7.6926,53.28823,2022/02/04 00:00:00+00,Fri 04 Feb 2022,1174,6519,0,3805200,3684842,240613,4045813,3925455,85.9183033345105,83.3623386488627,506
-7.6926,53.28823,2022/02/05 00:00:00+00,Sat 05 Feb 2022,1777,5748,0,3806977,3690590,240613,4047590,3931203,85.9560403295287,83.4844051921178,507
-7.6926,53.28823,2022/02/06 00:00:00+00,Sun 06 Feb 2022,1408,7555,0,3808385,3698145,240613,4048998,3938758,85.9859411111751,83.6448458209092,508
-7.6926,53.28823,2022/02/07 00:00:00+00,Mon 07 Feb 2022,439,1348,0,3808824,3699493,240613,4049437,3940106,85.9952638690889,83.6734724215195,509
-7.6926,53.28823,2022/02/08 00:00:00+00,Tue 08 Feb 2022,900,1234,0,3809724,3700727,240613,4050337,3941340,86.0143765846299,83.6996780781612,510
-7.6926,53.28823,2022/02/09 00:00:00+00,Wed 09 Feb 2022,1332,1781,0,3811056,3702508,240613,4051669,3943121,86.0426634036306,83.7375000185818,511
-7.6926,53.28823,2022/02/10 00:00:00+00,Thu 10 Feb 2022,687,2544,0,3811743,3705052,240613,4052356,3945665,86.0572527764936,83.791525294511,512
-7.6926,53.28823,2022/02/11 00:00:00+00,Fri 11 Feb 2022,552,4915,0,3812295,3709967,240613,4052908,3950580,86.0689752420254,83.8959019577155,513
-7.6926,53.28823,2022/02/12 00:00:00+00,Sat 12 Feb 2022,1398,5459,0,3813693,3715426,240613,4054306,3956039,86.0986636601657,84.0118311956469,514
-7.6926,53.28823,2022/02/13 00:00:00+00,Sun 13 Feb 2022,1568,4705,0,3815261,3720131,240613,4055874,3960744,86.1319622579083,84.1117482252251,515
-7.6926,53.28823,2022/02/14 00:00:00+00,Mon 14 Feb 2022,174,951,1,3815435,3721082,240614,4056049,3961696,86.1356786192635,84.1319652309973,516
-7.6926,53.28823,2022/02/15 00:00:00+00,Tue 15 Feb 2022,649,815,1,3816084,3721897,240615,4056699,3962512,86.1494822471542,84.1492940930878,517
-7.6926,53.28823,2022/02/16 00:00:00+00,Wed 16 Feb 2022,801,1785,0,3816885,3723682,240615,4057500,3964297,86.1664925639857,84.1872009789108,518
